7742,97,4879,987.379638671875,1.268836249205794
7738,59,2972,1338.57421875,0.6890327091267121
7738,50,2533,2000.4102783203125,0.6789893886246532
7715,21,1062,566.5439453125,1.0
7695,38,1919,1609.912841796875,1.0
7675,34,1712,1238.43408203125,1.3810841394983704
7671,43,2177,653.5360717773438,1.0403231943044426
7668,24,1247,1133.5484619140625,1.0101087496882044
7652,3,193,3406.22802734375,0.8311622952402274
7565,270,13509,1659.093017578125,1.0952001755077798
7562,136,6841,1253.8741455078125,1.0404232097251014
7557,7,372,369.52764892578125,1.0
7546,31,1560,1619.6634521484375,1.0
7513,191,9566,1486.1842041015625,1.0
7504,62,3145,1509.817138671875,1.0
7491,42,2113,3465.005126953125,1.0
7478,66,3337,965.0023193359375,1.0
7437,9,468,1252.55712890625,0.7026595648129008
7437,5,287,563.2556762695312,1.0
7434,23,1189,1916.80419921875,1.0
7432,8,404,1233.435791015625,1.0
7426,3,166,1404.3521728515625,1.025300360798679
7420,39,1968,619.6326293945312,1.0
7409,66,3340,1281.7135009765625,1.3681829569920319
7408,171,8576,1596.397216796875,0.2727803127610142
7391,206,10321,1320.2738037109375,1.0
7375,19,977,1503.2298583984375,1.0
7372,10,521,1472.3568115234375,1.0
7365,1,84,1956.1580810546875,0.6739094284498284
7341,7,382,1709.61279296875,0.34204704449891987
7326,44,2244,864.4588012695312,1.0
7305,22,1150,1885.7625732421875,0.8495440167786477
7146,23,1161,1354.4107666015625,1.0388403791405596
7145,3,157,343.7301940917969,1.0
7139,18,935,1689.6636962890625,0.18108306516834527
7136,2,108,1616.46142578125,1.2422671796912197
7134,28,1423,806.5152587890625,1.0
7128,55,2767,1228.8087158203125,1.0
7128,39,1958,663.1806030273438,1.0
7125,8,443,1233.38671875,0.7770000847792138
7124,3,184,1191.9046630859375,1.0
7113,57,2854,873.9021606445312,0.9154341244351856
7112,53,2698,1096.89013671875,0.816913083145892
7110,5,283,1665.9134521484375,1.0
7086,48,2445,1088.5867919921875,0.9978858370665225
7058,36,1812,752.7443237304688,1.0
7055,800,40006,988.6403198242188,1.0122260542316093
7055,771,38588,2103.4482421875,1.3723488541403897
7055,747,37388,1869.86767578125,0.810077653559868
7055,743,37155,5292.49072265625,1.1512880337177231
7055,741,37078,873.0614624023438,1.0
7055,738,36935,2402.653076171875,0.679616167898643
7055,737,36878,1772.3057861328125,1.0
7055,731,36590,1238.377197265625,1.3996524708127416
7055,708,35439,1174.4215087890625,1.0
7055,647,32366,3624.97412109375,0.8994822273662917
7055,640,32030,622.392822265625,1.0391503227333219
7055,619,30986,1355.8133544921875,1.0
7055,609,30500,644.30322265625,1.0
7055,548,27444,1008.0216064453125,0.9908222155863301
7055,519,25993,961.8361206054688,1.0977090161165113
7055,466,23336,1209.8507080078125,1.0
7055,466,23316,4161.88330078125,1.3625098803500983
7055,446,22304,708.0298461914062,1.1258960017614554
7055,422,21133,1128.6065673828125,0.8851152819461607
7055,398,19946,1227.119140625,1.0
7055,398,19917,2545.789794921875,1.0
7055,358,17946,1378.1265869140625,0.8672660243139523
7055,343,17174,1909.653076171875,1.0
7055,334,16705,1057.4405517578125,1.2040010542091775
7055,295,14786,1057.7779541015625,1.0
7055,293,14674,1299.3193359375,1.0
7055,285,14263,661.4392700195312,1.2871753140033177
7055,275,13780,947.231689453125,0.9816322461324205
7055,255,12766,725.4015502929688,0.9416984133163463
7055,242,12141,1450.1522216796875,1.0
7055,226,11316,1450.2650146484375,1.0
7055,222,11149,2041.6429443359375,1.0
7055,212,10633,1018.7191772460938,1.0
7055,193,9657,533.896728515625,1.0
7055,168,8447,791.4190673828125,1.0
7055,168,8416,839.5565795898438,0.8179777600070399
7055,166,8326,1614.8485107421875,0.7820398807990949
7055,153,7682,626.3126220703125,1.0
7055,147,7357,841.1806640625,0.5916388741312046
7055,84,4242,1127.6810302734375,0.4317910891688297
7055,77,3898,1997.875732421875,0.7553205437523511
7055,20,1013,1413.7998046875,1.0346033212159265
7055,12,622,717.9221801757812,1.311170631050928
7054,2014,100729,732.1477661132812,1.172524952346711
7054,2006,100346,472.0795593261719,1.2535098474474786
7054,1990,99545,1324.6943359375,1.0742594704802468
7054,1985,99268,1034.197509765625,0.4610154719240287
7054,1983,99167,1303.9752197265625,0.885019508011355
7054,1981,99082,1393.8505859375,1.0
7054,1976,98801,1010.2808227539062,1.0
7054,1974,98704,2438.501953125,0.6765443261703228
7054,1934,96744,801.191650390625,0.8557357132512258
7054,1884,94211,1338.41455078125,0.6950658150525983
7054,1854,92710,1083.9580078125,0.8592610773777061
7054,1849,92460,3428.522216796875,1.0
7054,1840,92045,1767.3336181640625,1.2802848192637577
7054,1819,90960,496.6443176269531,0.9777146153835237
7054,1803,90194,1225.0511474609375,1.2869054768805532
7054,1789,89467,1072.720703125,1.0
7054,1751,87569,1174.6112060546875,1.0
7054,1741,87076,528.302978515625,1.0
7054,1690,84524,764.6377563476562,1.0
7054,1678,83923,3725.281494140625,1.1423553965309658
7054,1669,83464,1560.6748046875,1.0
7054,1640,82022,1100.17626953125,0.7524854163633403
7054,1636,81804,2168.853759765625,0.8747589630754079
7054,1634,81706,1157.412109375,0.7426927641222216
7054,1609,80473,1495.2947998046875,1.0
7054,1608,80440,639.9420166015625,1.1868836261689486
7054,1559,78000,657.657958984375,1.2042806466293094
7054,1558,77923,1526.812255859375,0.8471666539209588
7054,1549,77486,2801.66748046875,1.0
7054,1531,76575,1838.7371826171875,1.0
7054,1528,76425,1042.750244140625,0.972302913659755
7054,1526,76311,799.5562133789062,0.9158927787365774
7054,1486,74330,836.2640991210938,1.0
7054,1464,73223,825.072265625,1.0
7054,1417,70896,905.1376953125,0.32273988298571976
7054,1406,70316,1207.4610595703125,0.7595196583023023
7054,1404,70219,1055.7142333984375,1.0
7054,1366,68349,1630.524658203125,0.7636369630862958
7054,1322,66116,939.0330810546875,1.0
7054,1307,65363,2012.868408203125,0.7129566942800236
7054,1304,65201,258.5032653808594,1.0
7054,1277,63887,891.2286987304688,0.9803801768240799
7054,1234,61718,989.1639404296875,1.0857545154240456
7054,1192,59605,1307.834228515625,0.8919987810710065
7054,1178,58927,931.0870361328125,0.7025406676051773
7054,1175,58773,2661.543701171875,1.0
7054,1175,58763,1216.3585205078125,1.2630280907606362
7054,1059,52958,1543.3714599609375,1.139810481833476
7054,1050,52533,739.3156127929688,0.9762261896926776
7054,1003,50153,678.3065185546875,1.0
7054,997,49869,1926.46337890625,1.0
7054,992,49606,975.6424560546875,1.0400389937058905
7054,886,44336,2952.945556640625,0.6770910732756226
7054,876,43830,2704.813232421875,0.8617780889196569
7054,839,41967,1695.859375,0.8662525271124686
7054,787,39353,1724.753173828125,1.312921557162078
7054,784,39213,1162.8038330078125,1.0
7054,774,38749,855.0227661132812,1.0
7054,774,38735,1613.07861328125,1.0565012573001153
7054,758,37937,1121.6839599609375,1.0
7054,752,37649,1521.0462646484375,0.6809597956934892
7054,742,37137,1269.9832763671875,0.745540563492129
7054,738,36904,1053.663818359375,0.40981725282743975
7054,732,36604,1447.833251953125,1.0
7054,710,35547,1457.9674072265625,1.2381815988731009
7054,707,35380,708.8954467773438,1.0901591817409648
7054,687,34375,1773.1524658203125,0.8813125752355988
7054,679,33962,449.75286865234375,1.0
7054,672,33624,505.56976318359375,1.0
7054,612,30611,953.0966796875,0.4622254556099741
7054,575,28786,1296.36767578125,0.8273355262897826
7054,557,27860,557.7183837890625,1.0
7054,543,27151,990.041259765625,1.0
7054,517,25884,728.8905639648438,1.0
7054,517,25881,2016.91552734375,1.0
7054,290,14519,728.1532592773438,0.7837717904235448
7054,265,13289,2775.169921875,0.7242879786641037
7054,188,9436,1341.8712158203125,1.0
7054,173,8677,1427.93310546875,0.6738328483619458
7054,158,7915,462.24822998046875,1.0
7054,145,7260,1252.4825439453125,1.022765032994361
7054,76,3848,4061.82861328125,1.0
7054,71,3584,1663.255126953125,1.4895989112552346
7054,29,1485,602.1640014648438,1.0
7053,56,2804,2305.25537109375,0.5202365083283167
7053,51,2568,5143.15625,3.9200509689092
7053,35,1785,742.9939575195312,1.0
7053,28,1425,1896.6251220703125,0.7822089418321618
7053,13,674,1370.51513671875,0.8595308472793053
7053,9,498,355.6130676269531,1.0
7051,44,2223,1735.4066162109375,0.7740016472569722
7051,39,1962,1016.3533935546875,1.0
7051,30,1510,744.3781127929688,0.6196339100917656
7051,28,1418,1580.9283447265625,1.4655072109762333
7051,24,1225,1200.500244140625,0.678908189725336
7049,1982,99106,1023.2177734375,1.0
7049,1941,97085,1677.5836181640625,0.850269408157594
7049,1935,96757,1127.0745849609375,0.7190048908320137
7049,1930,96539,1286.5057373046875,1.0
7049,1909,95483,1231.6600341796875,1.0
7049,1909,95461,1700.042724609375,1.0
7049,1900,95026,498.1937255859375,1.0
7049,1887,94366,2272.621826171875,1.0
7049,1882,94150,1769.3275146484375,1.0541236353351793
7049,1867,93372,883.7175903320312,1.2370443282290842
7049,1799,89963,1104.6451416015625,0.19253736518880538
7049,1773,88698,824.610107421875,1.0
7049,1739,86970,958.4376831054688,0.8728824005216549
7049,1705,85262,1539.3336181640625,0.3895459891980477
7049,1679,84000,1729.681884765625,1.0
7049,1664,83206,1026.548828125,1.0
7049,1653,82674,946.7464599609375,1.0
7049,1535,76781,1961.9471435546875,1.0
7049,1531,76580,741.7623291015625,1.0
7049,1531,76578,2327.40771484375,0.8081460044670364
7049,1528,76415,3585.5439453125,0.7583870342634724
7049,1507,75386,1483.4434814453125,1.093617371441373
7049,1503,75195,1570.126220703125,1.0
7049,1492,74603,728.7786254882812,1.0
7049,1360,68038,1141.1595458984375,1.0
7049,1338,66908,945.8338012695312,1.0
7049,1291,64584,723.920166015625,1.0
7049,1289,64466,1716.829833984375,0.8720389552628272
7049,1266,63321,1169.8604736328125,0.967183566387667
7049,1262,63147,1300.375244140625,1.0
7049,1220,61024,1475.5445556640625,1.0
7049,1213,60670,1603.2274169921875,0.8119798331866921
7049,1211,60555,952.037109375,0.8868348086009034
7049,1204,60246,1876.4317626953125,1.3081324084496218
7049,1188,59426,861.4130859375,1.0
7049,1183,59181,1230.43701171875,0.944795088308491
7049,1179,58966,947.6737060546875,0.7028392377935284
7049,1167,58361,995.728515625,1.0653628559605623
7049,1160,58024,1107.45458984375,1.0
7049,1157,57874,750.5844116210938,1.0
7049,1156,57842,549.2981567382812,1.5903431786150946
7049,1143,57151,1760.565185546875,1.117846333115125
7049,1141,57072,3373.98779296875,0.8102074377622654
7049,1135,56778,1467.7755126953125,1.2496198234729237
7049,1080,54009,787.1871948242188,1.03963394546091
7049,1044,52247,1450.995361328125,1.2901224121217656
7049,1011,50564,773.2383422851562,1.1252333108023567
7049,1000,50005,1468.6605224609375,1.0
7049,998,49930,1299.6212158203125,1.2584111441724364
7049,991,49582,1239.0819091796875,0.6752091124157029
7049,969,48457,2284.96435546875,1.1680846788969308
7049,950,47532,1174.8448486328125,0.8908384420729583
7049,906,45307,986.8012084960938,0.9856663729211352
7049,870,43547,1561.579345703125,0.8519147970119265
7049,865,43299,906.370849609375,0.882717201757762
7049,769,38493,780.2192993164062,1.0
7049,762,38128,1475.9864501953125,1.4516411508830374
7049,721,36061,1451.1651611328125,1.0
7049,714,35730,1124.4119873046875,1.0
7049,705,35296,1672.1861572265625,1.0
7049,701,35088,903.7431640625,1.0
7049,701,35059,2030.36279296875,1.0
7049,693,34670,394.6549987792969,1.0
7049,680,34030,474.6977233886719,1.0
7049,664,33241,1843.1080322265625,0.8074351335743011
7049,612,30650,1410.7760009765625,1.3768758386430429
7049,594,29706,605.1965942382812,1.0
7049,589,29451,1263.5003662109375,0.6350410870121561
7049,569,28488,2876.441650390625,1.0
7049,551,27574,1801.17041015625,0.7900997453129286
7049,535,26764,1259.876220703125,0.9678521602595769
7049,514,25717,934.2711181640625,0.6830356587431874
7049,475,23788,1475.9703369140625,1.0053539795464292
7049,435,21753,1739.724609375,0.7406249839739358
7049,390,19510,1356.583251953125,1.0
7049,388,19421,1227.8428955078125,0.6754196840008688
7049,349,17461,1195.6500244140625,1.1506003458051657
7049,336,16845,1799.0616455078125,0.7481654775082005
7049,333,16653,778.5044555664062,1.047956656084102
7049,324,16237,897.5810546875,1.0
7049,324,16222,1224.0450439453125,1.0
7049,306,15308,1220.47412109375,0.9683359205037738
7049,304,15210,698.6438598632812,1.0
7049,302,15121,947.7911987304688,1.0
7049,299,14984,997.0957641601562,0.7630024295860409
7049,282,14145,1217.0040283203125,1.0
7049,208,10434,973.7915649414062,1.1857374266836223
7049,196,9825,914.610595703125,0.3532491238085316
7049,196,9824,1205.841552734375,0.964278960577849
7049,169,8475,1323.247314453125,0.8279447014520402
7049,142,7135,766.5665283203125,1.0
7049,137,6881,1181.651123046875,0.2536160460753767
7049,73,3666,1439.8621826171875,0.8222057634467514
7049,22,1107,1089.0404052734375,0.8771839369713841
7049,20,1016,3536.641357421875,1.0
7049,4,220,4591.59716796875,1.0
7048,202,10118,3012.195068359375,0.7080327958941819
7048,174,8708,4369.73583984375,0.7007382771143364
7048,135,6758,5240.18408203125,1.0
7048,133,6666,1082.526611328125,1.0
7048,87,4395,1415.7506103515625,0.7430764863509252
7048,68,3422,786.9080200195312,1.0
7048,45,2266,3531.402099609375,0.8436736975043486
7048,44,2250,1289.8922119140625,1.2354973984486164
7048,39,1954,1189.8963623046875,1.0
7048,3,185,1097.9666748046875,1.0
7047,103,5187,1772.9510498046875,0.802810195096961
7047,21,1098,1513.1077880859375,0.8852916813923365
7047,19,998,363.62811279296875,1.0
7046,82,4131,1054.375,0.7176927832273237
7046,62,3141,772.5530395507812,0.9889960633751335
7046,61,3092,1690.2572021484375,0.7222843520356939
7046,43,2168,1463.7974853515625,1.0
7026,872,43645,734.9086303710938,1.2736452297678245
7026,862,43108,1130.32666015625,0.6386117075859717
7026,851,42591,995.99951171875,1.0
7026,831,41586,4175.71630859375,0.9731201624649524
7026,804,40206,2814.24560546875,0.6844162058595349
7026,765,38258,1222.333984375,1.0
7026,757,37886,1192.1326904296875,0.7932705405006296
7026,709,35470,1265.0723876953125,1.0
7026,696,34802,1616.96044921875,0.6770902054792904
7026,675,33762,1056.910400390625,1.0
7026,672,33648,1060.39111328125,1.0
7026,625,31264,1367.2906494140625,1.0
7026,576,28801,872.7430419921875,1.0
7026,568,28435,662.3758544921875,1.0
7026,479,23980,935.876220703125,1.2007373028216803
7026,472,23630,994.9652099609375,1.214278663289258
7026,410,20528,1691.2889404296875,0.9340910424661624
7026,371,18582,1400.7161865234375,1.0
7026,366,18310,810.1680908203125,1.3312067278490178
7026,360,18037,759.1062622070312,0.8539848565342513
7026,337,16875,817.6273803710938,1.367858096425927
7026,303,15187,953.2027587890625,1.1324531569675216
7026,287,14394,856.417236328125,1.0
7026,281,14095,944.447998046875,1.2732405352014415
7026,259,12960,847.3505859375,1.0
7026,235,11796,1044.612548828125,1.0
7026,190,9547,1107.339599609375,1.0
7026,160,8042,883.8804931640625,1.02268451752591
7026,141,7073,1617.0469970703125,1.0
7026,141,7059,1589.4970703125,1.1799699240655688
7026,35,1776,1574.8074951171875,0.8513921640434503
7026,35,1756,750.9403686523438,1.0
7026,34,1745,1642.7442626953125,1.0919878441406319
7025,587,29372,1042.9229736328125,0.9130080625854254
7025,575,28761,1653.446533203125,1.0
7025,535,26799,1257.4168701171875,0.8814635302118212
7025,519,26000,1151.0867919921875,1.0
7025,472,23617,2677.235595703125,1.0
7025,438,21918,1152.2965087890625,1.0
7025,388,19447,1503.9639892578125,1.0
7025,361,18086,966.7296142578125,0.7295554710941818
7025,358,17938,1337.06298828125,0.40240280644837223
7025,356,17844,1363.0653076171875,1.0
7025,338,16921,759.91796875,0.8483633066721701
7025,332,16615,621.8798828125,1.1832960811244093
7025,319,15975,904.5015869140625,0.9715717356001193
7025,313,15653,1069.6734619140625,1.0
7025,286,14301,4191.27880859375,1.3365968669637804
7025,273,13700,1190.3721923828125,1.0
7025,269,13482,459.1790771484375,1.0
7025,267,13365,1579.91162109375,1.0
7025,253,12673,420.3275451660156,1.0
7025,225,11258,1032.922119140625,1.3321744366354105
7025,205,10287,3329.2578125,1.0667476748744338
7025,194,9710,987.2347412109375,1.0
7025,189,9456,1584.1522216796875,0.8510107515768723
7025,129,6455,838.9901123046875,0.8302999406193312
7025,116,5829,1429.1016845703125,0.7831784657256822
7025,85,4260,984.1669921875,1.240438073470348
7025,57,2851,996.828857421875,1.0
7025,43,2200,1197.59375,0.8174775401467622
7025,43,2188,4421.3388671875,0.7079161674578915
7023,1912,95632,1679.7718505859375,0.43480331629088265
7023,1901,95085,1035.0079345703125,0.9595593547546182
7023,1889,94453,1314.188720703125,1.4256702978926812
7023,1849,92491,852.0004272460938,0.7254651438596287
7023,1849,92479,1461.9033203125,1.0
7023,1834,91704,575.6658325195312,1.0
7023,1829,91457,1028.09033203125,0.8470728360985984
7023,1826,91333,692.875732421875,1.0
7023,1807,90387,1257.64501953125,1.0
7023,1739,86990,4417.35498046875,1.382357320431199
7023,1727,86397,1423.57568359375,1.322238652480243
7023,1715,85800,1092.4786376953125,1.0
7023,1674,83732,986.495361328125,1.3306878988761186
7023,1674,83704,823.1670532226562,1.0
7023,1661,83097,875.6064453125,0.7248592091236359
7023,1641,82068,1247.36962890625,1.0
7023,1538,76904,944.4517822265625,0.8250618132746717
7023,1526,76333,889.33154296875,1.179104726515951
7023,1424,71225,634.7224731445312,1.0
7023,1419,70968,1358.064453125,1.0
7023,1381,69061,1099.0111083984375,1.1911289031932855
7023,1374,68736,509.714599609375,1.0
7023,1348,67410,2300.861328125,1.0
7023,1333,66668,859.78564453125,1.201159048538066
7023,1318,65907,1073.7117919921875,0.698872861474064
7023,1270,63537,1216.4305419921875,0.3098909155895295
7023,1267,63382,1696.3773193359375,1.2798170758308978
7023,1267,63362,1304.2589111328125,1.3537302503232185
7023,1255,62764,1061.3135986328125,0.7186425503043905
7023,1210,60501,1923.0394287109375,0.7762524958835777
7023,1198,59949,690.8926391601562,1.0
7023,1197,59890,1261.6634521484375,1.1224892263677198
7023,1146,57327,603.9959106445312,1.2677293508137053
7023,1129,56463,2416.049072265625,0.8241253115794535
7023,1090,54536,1543.9964599609375,1.0
7023,1084,54201,1452.86865234375,0.2943476834130021
7023,1078,53905,956.5477294921875,1.0
7023,1016,50823,3394.979736328125,1.0
7023,1008,50436,823.8416748046875,0.9864907824384178
7023,999,50000,1119.653076171875,0.70803115714558
7023,988,49401,577.3150024414062,1.0
7023,966,48309,1833.235107421875,1.0
7023,944,47215,783.9186401367188,1.1982360683272621
7023,902,45146,1442.470458984375,0.7886831924595047
7023,867,43367,1820.156005859375,0.7534365664562228
7023,857,42864,336.3425598144531,1.0
7023,791,39595,1348.2391357421875,1.0
7023,732,36632,1633.1932373046875,1.2605564107550156
7023,719,35957,1052.48828125,1.0
7023,659,32968,2644.329833984375,0.48153138052641986
7023,627,31365,1487.7532958984375,0.639404102806281
7023,599,29953,778.1649169921875,1.3769392853227014
7023,550,27516,700.2655029296875,1.4814562258360116
7023,532,26618,2505.323486328125,1.0
7023,514,25734,1055.49365234375,1.0
7023,494,24716,3245.241943359375,3.0112272862184577
7023,457,22867,5088.78857421875,0.8838014132354439
7023,440,22013,1588.9403076171875,1.1504846610483228
7023,430,21546,1083.789306640625,0.7111549995719513
7023,364,18231,1246.81494140625,1.0
7023,353,17657,829.2512817382812,1.3854218384210797
7023,341,17088,1009.2359619140625,1.1918145458507499
7023,335,16789,618.2766723632812,1.0
7023,321,16098,1481.637939453125,1.0
7023,267,13356,1696.904296875,1.0
7023,265,13293,1148.0916748046875,1.0
7023,255,12785,1450.4337158203125,0.6496462644933895
7023,244,12205,1602.2908935546875,1.1118114544068045
7023,151,7558,1354.8824462890625,0.9917848497643085
7023,146,7349,790.35205078125,1.0983512564191198
7023,126,6307,2164.97802734375,1.0
7023,124,6231,1226.301025390625,0.8431280801579851
7023,115,5766,910.1473388671875,0.9383630476692036
7023,112,5638,1374.8551025390625,0.6801181090242021
7023,112,5623,770.2722778320312,1.0303863438392238
7023,40,2044,1314.561767578125,1.0
7023,3,186,1795.095947265625,1.0225100494795498
7023,3,170,1158.992919921875,1.0
7022,263,13184,676.0707397460938,1.2137298405751025
7022,257,12870,1410.658203125,1.0378464133768546
7022,224,11206,954.9986572265625,0.8271206859199176
7022,211,10595,1671.2777099609375,0.7837005532114245
7022,211,10554,998.1819458007812,0.7281795317588744
7022,182,9105,706.1079711914062,1.0
7022,178,8920,1232.5740966796875,0.6745815799465482
7022,170,8537,953.8263549804688,0.8756829292918251
7022,162,8111,1130.5162353515625,1.0172414615157621
7022,94,4707,1205.572998046875,0.9641667289724682
7022,88,4442,1627.4425048828125,0.5552256688061237
7022,74,3710,1603.8441162109375,0.7122725949195456
7022,68,3408,1400.8043212890625,0.709754304653125
7022,33,1657,784.45263671875,1.0
7022,28,1413,1244.5167236328125,0.6788065989515706
7022,17,883,1766.3463134765625,0.8712608690691155
7021,811,40566,1395.0489501953125,0.6488575255802926
7021,809,40462,1336.802978515625,1.586268375697483
7021,790,39534,577.2408447265625,1.0
7021,775,38757,1255.970703125,1.0
7021,759,37954,1000.1244506835938,0.923833842052938
7021,757,37861,1100.0430908203125,1.275181232218082
7021,721,36059,1039.584716796875,1.0
7021,696,34845,753.5906982421875,1.6358904680208668
7021,693,34697,1601.7672119140625,1.0
7021,676,33808,3432.274169921875,0.3801868238052186
7021,644,32247,1665.7490234375,0.6972693218717503
7021,624,31232,1683.0484619140625,1.0
7021,546,27332,4835.15625,1.3962167013006983
7021,530,26512,1906.163330078125,1.566345105051763
7021,529,26453,841.6435546875,1.0
7021,464,23240,1525.350341796875,1.0
7021,460,23040,1005.91064453125,1.188973277769485
7021,455,22795,1014.8602905273438,1.0
7021,452,22621,2076.01953125,1.2141500229078368
7021,447,22370,1587.5836181640625,1.0
7021,414,20746,2375.391845703125,1.0
7021,410,20511,583.3404541015625,1.0
7021,375,18760,873.8443603515625,0.8634638750150001
7021,370,18530,1761.5316162109375,1.1813280192120608
7021,364,18235,1105.7078857421875,0.768518155349571
7021,340,17031,1035.5968017578125,0.750510598217591
7021,324,16249,4193.9345703125,1.0
7021,323,16153,918.2220458984375,0.9045719264198054
7021,299,14970,1095.4913330078125,1.3755857506731206
7021,133,6695,494.5304260253906,1.0676906651503022
7021,126,6348,1138.0667724609375,1.0760990252567249
7021,110,5547,3601.119873046875,0.6965151336404081
7021,61,3089,1575.7830810546875,1.0
7021,41,2063,1308.442626953125,0.7088495657802232
7021,2,113,2112.594970703125,0.6888324563227319
7020,1948,97447,3554.566650390625,0.7902342954094018
7020,1940,97024,1200.9647216796875,1.0
7020,1912,95622,1761.445556640625,1.0764189271844058
7020,1910,95531,697.816162109375,1.1987303819636619
7020,1880,94018,3729.205322265625,1.0
7020,1857,92872,1396.285400390625,1.0
7020,1839,91990,1143.2872314453125,1.0
7020,1748,87426,457.914306640625,1.0
7020,1735,86766,707.4104614257812,1.0
7020,1711,85581,927.5255737304688,1.0
7020,1655,82797,535.4278564453125,1.0
7020,1648,82403,4141.232421875,1.0480940397414162
7020,1630,81542,1044.94873046875,0.3592059923774633
7020,1618,80936,1541.3297119140625,0.1616997122507633
7020,1559,77969,1557.846435546875,1.0845277446188433
7020,1507,75392,606.71728515625,1.0
7020,1504,75248,4116.14599609375,0.11956442044653248
7020,1497,74856,1838.81982421875,1.0
7020,1487,74367,989.146484375,1.0
7020,1474,73705,1192.2889404296875,0.9771008719495973
7020,1465,73267,1161.4495849609375,1.2920044842855665
7020,1440,72035,587.4071655273438,1.0
7020,1437,71888,1290.0830078125,1.0
7020,1425,71258,610.9175415039062,1.0156960514220181
7020,1409,70474,983.1835327148438,1.3377937843912486
7020,1375,68783,1293.5860595703125,1.0
7020,1339,66995,1330.031494140625,1.3018574137606167
7020,1309,65484,406.6595764160156,1.0
7020,1290,64511,1242.1737060546875,1.0
7020,1266,63317,4517.53466796875,0.8062423986190304
7020,1242,62139,668.9304809570312,1.3763640853074068
7020,1241,62078,772.3148803710938,1.0
7020,1235,61794,956.30517578125,0.7819407480786571
7020,1223,61176,570.3154907226562,1.0
7020,1218,60944,876.4075927734375,0.1626236751516299
7020,1207,60367,1556.8544921875,0.9860757366359605
7020,1171,58590,1464.3975830078125,0.3992721068101641
7020,1125,56261,1448.6588134765625,1.0
7020,1101,55085,1888.0096435546875,1.0
7020,1076,53834,1628.992431640625,0.8842843003103149
7020,1048,52403,1297.9425048828125,0.7296838684186806
7020,1044,52234,585.5444946289062,1.0
7020,1034,51720,1761.7398681640625,0.7434941843094987
7020,976,48839,3907.350830078125,1.0
7020,975,48757,1694.138671875,0.7950324927642495
7020,948,47447,865.5599365234375,1.0
7020,932,46650,2599.903076171875,1.0
7020,930,46507,704.25048828125,1.6067621539826213
7020,909,45485,457.3775329589844,1.0
7020,909,45476,1788.887939453125,0.6846633686000863
7020,884,44249,815.7540283203125,1.105145711963139
7020,814,40740,1367.876220703125,0.7105547972882345
7020,793,39677,812.5957641601562,1.4966613558096442
7020,763,38173,1103.343505859375,0.6810682253976568
7020,750,37529,1557.107177734375,0.9512018521724097
7020,726,36327,1336.508056640625,1.0
7020,718,35909,752.269775390625,1.0
7020,717,35879,905.2671508789062,1.2568657539921724
7020,659,32997,1593.0985107421875,0.9783524055291237
7020,656,32831,1321.247802734375,1.0
7020,627,31389,1351.4288330078125,1.0
7020,621,31066,1329.20458984375,1.0
7020,606,30345,1333.056884765625,0.8089699023382815
7020,588,29450,1480.32568359375,1.0
7020,544,27221,915.2036743164062,1.2618152267850764
7020,480,24045,1784.556884765625,0.7861060154724578
7020,480,24044,1161.161376953125,0.6294507299253214
7020,474,23735,1498.836181640625,1.0
7020,448,22403,1368.3099365234375,0.7225657744893721
7020,446,22321,1053.50537109375,1.0
7020,380,19046,1073.61962890625,0.6738072865989984
7020,353,17691,3771.19775390625,0.6769613035412589
7020,352,17611,959.9224853515625,1.0
7020,324,16226,737.0939331054688,1.0
7020,244,12236,916.5134887695312,0.7831107077761723
7020,241,12072,1050.490234375,0.9060583689567566
7020,220,11019,1031.52978515625,1.54368440394632
7020,220,11018,1329.731689453125,1.0
7020,215,10784,1452.0654296875,1.0
7020,211,10596,824.3046264648438,0.7694052641546019
7020,208,10442,273.8576965332031,1.0
7020,151,7593,2415.628173828125,1.1304070735676173
7020,120,6028,1474.2447509765625,0.8854236444244339
7020,81,4062,1486.4447021484375,1.0561840535124336
7020,24,1210,1416.4193115234375,0.20192801467177146
7019,540,27048,1644.5626220703125,0.6851897409163585
7019,518,25903,1327.32861328125,1.0
7019,517,25885,1286.2860107421875,1.5113989018161422
7019,500,25020,1195.4676513671875,0.9907514985591247
7019,483,24151,1382.461669921875,1.5805552166786496
7019,475,23770,1080.626953125,1.0
7019,464,23224,1282.27490234375,1.0
7019,422,21103,1795.51220703125,1.0
7019,416,20834,1568.08203125,0.8514794080903487
7019,396,19838,465.27301025390625,1.0
7019,372,18621,1306.43505859375,0.9275728309612752
7019,348,17402,1441.5723876953125,1.0
7019,337,16877,991.2348022460938,1.0
7019,330,16507,983.927001953125,1.0
7019,324,16216,851.0499877929688,1.0
7019,318,15932,1622.421630859375,0.9757254835182758
7019,297,14890,1679.797119140625,1.355345510410211
7019,258,12907,1404.11279296875,0.11837450825010332
7019,233,11653,1086.0679931640625,0.9325909672684116
7019,226,11329,1052.84912109375,1.1451042498182247
7019,187,9374,1555.18017578125,1.0
7019,173,8678,2084.92138671875,0.2125400716317467
7019,123,6185,1464.9415283203125,0.9835201429289943
7019,122,6117,1468.46923828125,0.758914092439773
7019,106,5321,1562.8233642578125,0.8009646448373752
7019,19,975,697.580322265625,1.0
7019,3,167,986.3394165039062,0.676971787084317
7018,973,48653,1842.2215576171875,0.6837701276543038
7018,972,48605,1240.1761474609375,1.0
7018,926,46331,1283.9805908203125,0.9765352513142374
7018,902,45133,1196.112548828125,0.9388250457995455
7018,856,42831,1884.296142578125,0.31718474480643355
7018,846,42304,1486.9000244140625,0.8060555357171073
7018,760,38041,1288.0030517578125,1.0
7018,708,35436,721.6632080078125,0.8475941175878949
7018,695,34778,1065.25244140625,1.4324661216007453
7018,691,34586,1611.7586669921875,1.0112116369633095
7018,683,34191,1775.0096435546875,1.4062356066028114
7018,672,33625,1574.1448974609375,1.0
7018,656,32828,635.8045043945312,1.0
7018,646,32332,2025.134521484375,0.8973068027125706
7018,612,30627,1427.88037109375,1.0
7018,605,30286,1380.82373046875,1.0
7018,595,29755,725.711181640625,1.0
7018,590,29509,1525.0653076171875,1.0
7018,584,29246,996.5615844726562,1.0
7018,571,28551,945.3416137695312,0.6777731204499508
7018,559,27993,3225.193115234375,1.0
7018,556,27841,1790.3310546875,0.1867596024445921
7018,539,26993,3559.99462890625,0.3021033828928814
7018,523,26192,713.3975219726562,0.8414346701496116
7018,495,24763,2633.348388671875,1.0
7018,442,22120,720.9309692382812,0.9158272007684577
7018,433,21659,1541.1304931640625,1.0
7018,425,21266,3613.312744140625,0.24932841080862866
7018,422,21137,1502.9422607421875,1.0
7018,420,21035,520.4652709960938,1.0
7018,388,19427,989.6947021484375,1.502160648302059
7018,377,18892,1110.223388671875,1.0
7018,352,17645,1547.8697509765625,1.052241078936454
7018,342,17102,1167.2601318359375,0.695206400069643
7018,338,16937,1115.1690673828125,1.0
7018,317,15886,1194.2061767578125,1.0
7018,226,11331,1216.590087890625,0.9903803398591
7018,213,10665,1223.58056640625,1.0
7018,211,10591,1309.1512451171875,1.077528373714643
7018,193,9698,858.714599609375,0.9578093658918918
7018,190,9515,1164.284912109375,0.77297467205291
7018,180,9042,1183.099609375,0.7953992123286859
7018,158,7908,2766.656982421875,1.2242387802944534
7018,62,3127,3123.76611328125,1.0
7018,59,2993,1558.2293701171875,0.8708752184541027
7018,12,626,1732.6998291015625,0.810728552988792
7017,1715,85797,806.8287353515625,1.0
7017,1714,85704,3122.1162109375,1.0083844611205235
7017,1694,84714,1824.3121337890625,1.0
7017,1618,80903,1583.8248291015625,0.6765001404619075
7017,1524,76205,1893.2998046875,0.9910717946597075
7017,1508,75450,543.9411010742188,1.0
7017,1508,75417,1217.895263671875,0.8862275033320925
7017,1502,75106,1021.5176391601562,1.0
7017,1427,71381,955.5025634765625,1.0
7017,1427,71353,1620.143310546875,0.21351782366325267
7017,1407,70361,1095.3297119140625,1.4809905570784183
7017,1368,68431,3949.891357421875,0.6741481761078678
7017,1357,67867,683.1735229492188,1.0
7017,1349,67464,489.78521728515625,1.0
7017,1346,67323,772.5673217773438,1.0488129429233073
7017,1322,66119,657.6638793945312,1.1242656135033473
7017,1303,65153,1845.2757568359375,1.0
7017,1288,64434,1629.035888671875,0.6862109135249643
7017,1255,62794,1540.3319091796875,0.25585341681149987
7017,1241,62067,1551.093994140625,1.621905951867508
7017,1219,60958,1335.3902587890625,0.9856265881157051
7017,1167,58392,689.7505493164062,1.0
7017,1129,56461,602.9073486328125,1.0
7017,1088,54445,335.09686279296875,1.0
7017,1082,54123,1726.958984375,0.7064217739593952
7017,1043,52163,1202.5423583984375,1.0
7017,995,49787,1696.2979736328125,0.8496971894093948
7017,993,49700,2375.1328125,1.0
7017,938,46941,1043.6650390625,1.1196767991364873
7017,881,44078,409.8995056152344,1.0
7017,856,42819,878.0204467773438,1.0
7017,854,42722,259.0665588378906,1.0
7017,771,38570,645.4285278320312,1.0
7017,759,37953,1626.1932373046875,1.0
7017,723,36169,906.026611328125,1.0162629542382278
7017,719,35992,2257.529296875,1.0892635287374417
7017,672,33618,998.0661010742188,0.1730279416876257
7017,672,33604,2022.736328125,1.2053625689307736
7017,645,32267,507.2960205078125,1.0
7017,634,31707,1264.4658203125,0.7505681212910413
7017,611,30571,2856.11767578125,0.8713656989382843
7017,604,30233,1286.496337890625,1.0
7017,599,29951,1524.8837890625,1.0
7017,588,29407,1103.77392578125,1.220986735899996
7017,570,28525,1303.6380615234375,1.0
7017,497,24857,690.9509887695312,1.3168499295932348
7017,458,22915,843.2998046875,1.1000301663413765
7017,439,21980,1515.83154296875,0.11767179495615321
7017,436,21810,2700.86083984375,0.6763996122364329
7017,377,18872,3212.8876953125,0.9786999959946547
7017,374,18739,1285.3076171875,1.0
7017,372,18602,2145.513671875,1.0
7017,360,18009,1010.5545654296875,1.0
7017,356,17802,1166.5732421875,1.0
7017,335,16759,1391.263916015625,1.0
7017,316,15802,812.606689453125,0.9978164290648124
7017,313,15688,984.2669067382812,1.0
7017,305,15257,1328.5174560546875,1.0
7017,295,14795,1493.74853515625,0.21978866762323723
7017,288,14401,576.76904296875,1.0
7017,241,12086,1849.640869140625,0.8802169780884622
7017,187,9357,1800.666748046875,1.0
7017,184,9203,640.2316284179688,1.0
7017,171,8595,1424.4949951171875,1.1106997064826725
7017,132,6601,1186.8560791015625,0.9758353824737185
7017,90,4525,1153.292724609375,1.0
7017,75,3758,1944.42529296875,0.16150918044627338
7017,51,2587,3318.440673828125,0.12101080497252692
7017,50,2540,1467.8443603515625,1.0
7017,34,1708,565.746337890625,1.2949967971278808
7017,33,1684,1701.7337646484375,1.0
7016,380,19037,768.3102416992188,1.0
7016,294,14703,1896.8414306640625,0.9283621137650618
7016,284,14250,913.7646484375,0.7775882580310213
7016,243,12159,1436.1114501953125,1.0
7016,239,11977,708.4786376953125,1.0
7016,213,10668,1820.7403564453125,0.7484034458834248
7016,212,10630,1485.8245849609375,1.0
7016,199,9959,1640.260498046875,1.0
7016,179,8990,588.4202270507812,1.0
7016,168,8440,819.0470581054688,0.9647956746693376
7016,160,8049,812.6983642578125,1.0075103016181566
7016,145,7281,1242.0867919921875,0.6885440206737425
7016,145,7269,3983.314453125,1.0
7016,118,5905,1309.3916015625,0.3455174825207221
7016,107,5379,1055.8170166015625,1.0
7016,13,653,1771.712646484375,0.16893325332036313
7014,1738,86917,1687.2939453125,0.6780565932751321
7014,1720,86024,1318.399169921875,0.5767678484584254
7014,1685,84265,2785.01123046875,0.788624915198293
7014,1679,83975,916.5402221679688,1.0
7014,1678,83913,864.3982543945312,0.8648728816362441
7014,1644,82218,749.4142456054688,1.2487764248608277
7014,1583,79192,639.7688598632812,1.0
7014,1571,78561,1579.9818115234375,0.7143853582905002
7014,1571,78554,1647.92919921875,0.6998738517799288
7014,1547,77385,657.0372924804688,0.6027980131422699
7014,1491,74555,990.4810180664062,0.9564621545550818
7014,1451,72588,584.7163696289062,1.0
7014,1430,71535,1495.5626220703125,0.7160086765689309
7014,1405,70253,1661.5445556640625,0.673946698825473
7014,1377,68878,575.672119140625,1.0
7014,1376,68815,1455.6644287109375,0.5449955813556611
7014,1358,67916,1050.3321533203125,1.0
7014,1348,67433,652.3667602539062,1.4474053856085976
7014,1336,66846,670.8989868164062,1.0
7014,1333,66665,1069.514892578125,1.0
7014,1328,66444,1043.930419921875,0.9185948102668238
7014,1307,65392,1290.522216796875,0.8667056999453207
7014,1302,65130,663.6343383789062,1.0
7014,1299,64968,1460.507080078125,1.0
7014,1286,64349,708.686279296875,1.0
7014,1261,63088,773.9137573242188,1.0
7014,1188,59407,931.7425537109375,1.0
7014,1182,59141,3317.12548828125,1.0
7014,1175,58772,659.6045532226562,1.0
7014,1158,57929,1618.048095703125,1.0393231218312002
7014,1144,57231,316.5011901855469,1.0
7014,1141,57076,1625.7197265625,0.716376212482581
7014,1130,56549,392.06134033203125,1.0
7014,1070,53531,1660.7772216796875,1.0
7014,983,49175,1345.550048828125,1.171821617572222
7014,974,48741,951.19482421875,1.0
7014,943,47160,5152.556640625,1.1255768916725566
7014,897,44857,1130.13232421875,1.4547435659595016
7014,881,44053,1195.449462890625,1.4295552445485802
7014,878,43909,752.6083984375,1.0
7014,815,40777,1778.228759765625,0.7464671754734867
7014,764,38213,2933.766845703125,0.6978567583358082
7014,752,37648,1452.8394775390625,0.26467495146857734
7014,718,35949,658.96728515625,1.0
7014,715,35758,3392.37841796875,1.2641132858936273
7014,676,33826,1203.370361328125,0.9279947729225635
7014,663,33169,1305.25390625,0.6766610212404167
7014,641,32062,1607.4339599609375,1.0
7014,625,31263,1938.2210693359375,2.0864764200331596
7014,536,26839,1198.90625,1.0
7014,517,25871,2296.65869140625,0.3107474193665938
7014,509,25494,1637.232421875,1.0
7014,504,25209,1718.3997802734375,0.1308260330393336
7014,500,25012,1791.5828857421875,1.0
7014,496,24828,1389.63671875,0.7524103711274543
7014,482,24129,2350.18212890625,1.0
7014,472,23628,709.4762573242188,1.0
7014,467,23353,1538.653076171875,1.0
7014,458,22911,3269.701416015625,1.0
7014,430,21547,577.3085327148438,1.345200398618647
7014,368,18409,1138.7158203125,1.0
7014,359,17980,1745.7679443359375,0.6882050244898525
7014,354,17734,1376.067626953125,0.830791519982683
7014,335,16786,2923.820556640625,1.0
7014,284,14225,1156.5606689453125,0.7627475662406238
7014,279,13965,1256.2647705078125,0.6903587800881292
7014,272,13626,1514.91357421875,1.0
7014,271,13595,1283.156982421875,1.0
7014,258,12906,2104.2783203125,0.4137640224977679
7014,203,10186,855.7537231445312,0.975881066034211
7014,174,8721,1172.4796142578125,0.7865969695076451
7014,84,4229,1169.3140869140625,1.0
7014,66,3320,1477.55078125,1.0
7014,45,2256,712.1796875,1.0137311928616524
7013,159,7961,1594.6201171875,0.3007643370467823
7013,95,4798,1149.3321533203125,1.3637825729192166
7013,92,4641,1189.557373046875,0.7923973276381722
7013,46,2328,1140.3819580078125,0.5819506311844583
7013,43,2183,1917.431640625,1.011724586105688
7013,33,1673,749.7151489257812,1.0
7012,1699,84951,3136.086669921875,1.0
7012,1686,84337,726.5115966796875,1.016916395371572
7012,1683,84163,1019.8444213867188,1.0926577929825831
7012,1682,84103,1332.41845703125,0.9764050232239945
7012,1664,83237,499.6828918457031,1.0
7012,1644,82233,684.91748046875,1.210352994113981
7012,1644,82207,1562.5836181640625,1.1006705767947214
7012,1611,80600,996.218505859375,0.8954772675020665
7012,1608,80413,1851.1614990234375,0.7914679532401339
7012,1591,79584,914.9112548828125,1.0
7012,1522,76115,1460.0458984375,1.0
7012,1492,74648,580.7630004882812,1.0
7012,1477,73868,5524.69287109375,1.2838251594684018
7012,1454,72727,1847.123046875,1.0
7012,1438,71930,831.9349365234375,1.311809837032593
7012,1387,69372,1085.8499755859375,0.7078582978857486
7012,1227,61392,1542.27294921875,0.7927508915783129
7012,1184,59247,1160.29736328125,1.0
7012,1087,54351,1725.0654296875,0.7430427802922239
7012,1062,53133,879.4130249023438,1.0
7012,978,48942,754.4212646484375,1.0
7012,965,48278,1354.484130859375,0.7706109030254911
7012,947,47367,756.0814819335938,0.9423858903146762
7012,852,42601,1587.5343017578125,1.0
7012,846,42333,1126.05029296875,1.0966302691142875
7012,823,41172,1336.0614013671875,0.673781452407701
7012,823,41160,971.0065307617188,1.0774097616928082
7012,768,38446,1137.455810546875,1.0
7012,694,34742,750.18359375,0.7934100424765959
7012,678,33903,1293.2718505859375,0.8382000605037456
7012,668,33431,803.917236328125,1.5060912647836169
7012,625,31265,1237.70849609375,1.0
7012,520,26019,1793.093017578125,0.3022540640171816
7012,505,25293,854.696044921875,1.0
7012,463,23181,268.10601806640625,1.0
7012,461,23058,1654.229248046875,1.0
7012,390,19549,913.6104736328125,1.0
7012,389,19469,430.54510498046875,1.0
7012,371,18573,1458.773681640625,1.1963963375607156
7012,325,16257,1287.1134033203125,0.9130442195882812
7012,318,15938,1136.802001953125,0.6801043804148288
7012,318,15916,2592.119384765625,1.0
7012,141,7053,1743.6983642578125,1.0
7012,138,6907,1028.5025634765625,1.073235595721788
7012,126,6348,1313.772705078125,0.817137170189669
7012,107,5396,621.7811279296875,1.0
7012,60,3024,1766.6414794921875,0.7425354035295337
7012,17,859,4290.2900390625,1.0
7012,12,616,1805.8768310546875,0.7094482456062159
7011,293,14700,1437.995849609375,0.8947702742164688
7011,271,13593,582.2423095703125,0.7521242152243435
7011,266,13340,1218.549560546875,1.0226724642982647
7011,237,11887,1016.9505004882812,1.0
7011,235,11799,1461.8995361328125,1.0
7011,217,10868,1631.7421875,1.0
7011,192,9619,1286.4259033203125,0.6739156687742955
7011,174,8715,1450.3031005859375,1.0
7011,164,8226,672.7107543945312,1.0
7011,137,6870,1126.283447265625,0.7157721987751084
7011,70,3543,1444.889404296875,0.8934144953117277
7011,69,3490,1020.9474487304688,1.2459609464230494
7011,50,2528,828.7882690429688,0.8495056756797937
7010,1734,86723,1766.3896484375,0.9812789860593426
7010,1679,83951,1318.187744140625,0.8303247551857018
7010,1663,83180,1051.4793701171875,1.0312882003312158
7010,1643,82179,1023.6493530273438,1.0
7010,1640,82043,986.441650390625,1.0
7010,1600,80018,1357.97119140625,1.0
7010,1582,79123,1600.0380859375,1.3681128481387412
7010,1575,78753,1075.7213134765625,1.30425575398143
7010,1553,77660,987.2887573242188,1.0250709250548344
7010,1552,77605,1017.9568481445312,1.0
7010,1541,77083,1249.047119140625,1.0
7010,1525,76284,1265.094482421875,1.0
7010,1461,73072,1129.5869140625,1.2267344721211533
7010,1449,72481,1989.9429931640625,0.4335919292148651
7010,1442,72147,3587.891845703125,0.7587398306200751
7010,1426,71319,1631.78955078125,0.8078644613685226
7010,1411,70569,5486.41748046875,1.0
7010,1410,70509,1770.80810546875,0.1339324401391524
7010,1408,70405,809.7880859375,1.0
7010,1348,67405,2023.5931396484375,1.0
7010,1316,65801,709.9443969726562,1.351692736745509
7010,1313,65677,2190.62890625,1.0
7010,1302,65107,714.4862670898438,1.0
7010,1297,64888,1294.219482421875,0.7214583721423091
7010,1296,64818,1401.165283203125,1.0
7010,1256,62835,3031.19482421875,1.0
7010,1252,62625,1163.853271484375,1.345525973330909
7010,1227,61365,1236.0478515625,1.0
7010,1225,61265,999.4650268554688,1.2709978045945571
7010,1224,61230,791.9667358398438,1.081353466505179
7010,1198,59937,1421.033203125,1.0
7010,1192,59617,1335.6993408203125,1.0
7010,1120,56027,1570.9130859375,0.773635216624438
7010,1016,50833,779.7686157226562,1.0
7010,1014,50736,4436.2724609375,3.806700942871201
7010,992,49617,3141.431396484375,1.0
7010,989,49469,1023.3612060546875,1.0
7010,984,49209,3296.2353515625,0.5841857343486421
7010,966,48350,1665.33056640625,0.8574432543448298
7010,948,47437,1604.06298828125,1.5207705431771847
7010,932,46648,2141.216064453125,0.7327183325746973
7010,922,46126,632.3326416015625,1.0
7010,922,46108,3578.071533203125,1.0
7010,908,45433,1261.3734130859375,0.38969638664101813
7010,907,45389,830.6642456054688,0.9868437695674922
7010,893,44679,1180.6429443359375,0.9926244681534628
7010,827,41384,1285.610107421875,0.6627281037616493
7010,814,40720,2045.836669921875,1.0
7010,811,40560,757.7803344726562,1.0
7010,772,38645,1311.775634765625,1.0
7010,772,38613,1640.459716796875,0.6740920036633826
7010,765,38299,1158.7593994140625,0.6795716563397465
7010,740,37018,1222.525146484375,0.7222811962054669
7010,690,34542,964.015625,1.3537571917518312
7010,613,30689,1809.6600341796875,0.9670611408314024
7010,613,30653,1053.8961181640625,1.0
7010,588,29407,1158.1529541015625,0.8988592240578885
7010,575,28800,1026.7449951171875,1.0
7010,564,28241,1395.4517822265625,1.0
7010,559,27984,970.812255859375,1.0
7010,536,26826,1730.210693359375,1.0
7010,518,25913,1873.5635986328125,0.6750424258153285
7010,505,25273,756.9595336914062,1.0
7010,491,24588,1080.7540283203125,1.0
7010,491,24560,682.0685424804688,1.0
7010,473,23678,1093.91357421875,1.0
7010,402,20149,2060.673095703125,0.9337901309450136
7010,400,20035,675.9237670898438,1.3477722705751884
7010,392,19617,634.1712036132812,1.0
7010,363,18168,1535.7265625,0.8770960672998118
7010,346,17343,1068.8792724609375,1.0
7010,305,15263,1529.57666015625,0.7033366936808365
7010,298,14914,1167.0240478515625,1.0
7010,181,9058,1340.783203125,1.4610517556140292
7010,129,6461,624.273681640625,1.0
7010,51,2574,1351.3192138671875,0.9927675869993668
7010,41,2056,1579.88720703125,0.7787876970863563
7010,32,1609,980.0026245117188,1.0
7010,24,1234,3675.965087890625,1.0
7010,14,709,2198.64208984375,1.1335586227819632
7010,13,696,1675.0244140625,1.0
7008,1410,70509,1637.63134765625,0.7372845410389182
7008,1369,68484,1221.02587890625,0.7055944524632525
7008,1364,68244,1002.5408325195312,1.0
7008,1324,66217,3205.74560546875,1.0
7008,1318,65929,461.2785949707031,1.0
7008,1296,64841,1006.2634887695312,1.0
7008,1295,64788,1768.2596435546875,0.9590101936297522
7008,1291,64565,1212.012451171875,1.0
7008,1283,64173,1977.5137939453125,0.825783130336594
7008,1279,63990,608.5369262695312,1.0
7008,1256,62803,866.3096313476562,1.0
7008,1204,60209,1390.9840087890625,0.995863562494799
7008,1197,59853,4528.36865234375,1.0612357449860985
7008,1113,55667,1259.4210205078125,1.3348510299814138
7008,1075,53774,1068.7529296875,1.4253186767071482
7008,1066,53339,2042.30859375,0.884733839210347
7008,1036,51847,620.3798828125,1.0
7008,1035,51755,752.307861328125,1.0
7008,1024,51231,1568.13232421875,1.2043297615690112
7008,989,49489,1846.2669677734375,1.0
7008,958,47931,1536.2218017578125,1.3772590437468035
7008,952,47628,1432.1710205078125,1.1043890763594328
7008,933,46685,1007.0719604492188,1.0
7008,928,46432,1455.322998046875,1.0
7008,891,44575,621.353759765625,1.2685065906233575
7008,860,43004,1377.0064697265625,1.3531703999766034
7008,773,38676,1175.86669921875,0.6991481859441078
7008,758,37948,1013.174072265625,1.0
7008,745,37264,629.2109985351562,1.0
7008,711,35587,1039.7100830078125,1.0
7008,689,34493,1229.947998046875,1.0
7008,662,33145,1760.832763671875,0.8709795490669394
7008,649,32468,1409.6329345703125,1.0
7008,631,31577,1130.771484375,0.8906426175556226
7008,630,31548,1296.900390625,0.9833624981197401
7008,614,30736,1931.0596923828125,1.0
7008,607,30351,1069.73046875,1.0
7008,600,30025,1141.547607421875,0.30573193839982893
7008,577,28860,3030.605712890625,1.495036968071548
7008,555,27800,1812.9847412109375,1.192840386137554
7008,542,27105,2958.329345703125,1.0
7008,535,26793,1837.5042724609375,1.2046270888394266
7008,527,26382,1239.1861572265625,1.0
7008,523,26158,932.8828735351562,1.1368431463486584
7008,515,25757,1259.5496826171875,1.0
7008,506,25332,1099.00341796875,1.1462627981104587
7008,500,25024,1163.3619384765625,0.6761678667051614
7008,499,24970,777.1730346679688,1.0
7008,496,24808,737.7505493164062,1.0
7008,470,23525,791.1887817382812,1.3062410875747834
7008,469,23472,3916.48193359375,1.0
7008,431,21588,1214.5206298828125,1.0
7008,424,21227,1311.7318115234375,1.3854988663724397
7008,386,19348,960.7864379882812,1.0
7008,355,17785,1409.913818359375,1.0
7008,318,15938,500.1797180175781,1.0
7008,318,15905,949.1948852539062,0.7596681469101771
7008,274,13748,1605.251708984375,1.0
7008,273,13683,794.7721557617188,0.7591291636688313
7008,212,10637,1132.027099609375,0.5606079465328266
7008,211,10588,1449.194580078125,0.32755663704109805
7008,179,8969,1728.1873779296875,1.0
7008,96,4833,1210.56591796875,0.7125125316701001
7008,95,4776,1246.6746826171875,1.0975990905824349
7008,95,4769,1383.379638671875,1.0
7008,86,4333,1304.56494140625,0.5546547386162476
7008,56,2807,1595.468505859375,1.0
7008,53,2659,1542.7723388671875,0.7075482244364923
7008,20,1012,851.7096557617188,1.0
7008,13,672,1418.4630126953125,0.8972232860525321
7007,152,7647,558.3817138671875,1.0
7007,148,7407,1198.87646484375,1.154282891939141
7007,136,6823,1266.57861328125,1.0
7007,135,6778,3262.7548828125,0.7192321804988635
7007,134,6713,1515.1590576171875,1.1173676541987259
7007,115,5789,757.3662719726562,1.0
7007,95,4762,1047.511962890625,1.0
7007,51,2581,386.7189636230469,1.0
7007,15,793,1356.033935546875,0.3465406333976202
7006,594,29706,832.7657470703125,1.1435900050640262
7006,576,28824,1389.790283203125,0.6684794947101419
7006,572,28631,826.6705322265625,1.0
7006,545,27287,924.3963012695312,1.0
7006,441,22073,1244.995849609375,1.0
7006,418,20915,1239.6005859375,1.0
7006,414,20705,507.0048522949219,1.0
7006,410,20509,1450.618408203125,1.0
7006,376,18842,773.3826904296875,0.9156000772638657
7006,372,18649,3512.256103515625,1.3122878141199859
7006,336,16819,468.7632141113281,1.0
7006,332,16631,1061.9908447265625,1.299656809534764
7006,330,16530,1291.0777587890625,0.804443867240216
7006,322,16124,406.4245300292969,1.0
7006,288,14434,631.0029296875,1.0
7006,265,13269,1610.220703125,1.0
7006,255,12761,1580.3267822265625,1.0
7006,239,12000,905.120849609375,1.3162267316169216
7006,225,11272,2514.017822265625,0.6812574796744104
7006,218,10945,1917.070068359375,1.0
7006,191,9595,4523.12841796875,0.9247195333138358
7006,155,7797,3099.605224609375,1.0
7006,132,6643,943.7257690429688,1.655976294362329
7006,93,4679,1734.2763671875,0.7545382089515995
7006,84,4248,1500.867431640625,1.2004632226715972
7006,47,2360,752.3893432617188,1.0
7006,36,1832,617.0435180664062,1.0
7006,21,1073,1556.947265625,0.6801384520005738
7004,1703,85187,382.01458740234375,1.0
7004,1685,84276,632.5526733398438,1.0
7004,1672,83625,1245.9644775390625,0.9371375237046771
7004,1664,83213,3437.94384765625,0.9108180227108067
7004,1657,82860,602.6513061523438,0.9674520749120717
7004,1651,82596,1012.817626953125,1.0
7004,1634,81727,844.8751220703125,1.107460296249616
7004,1570,78532,1423.813232421875,1.186935672091153
7004,1566,78331,612.6808471679688,1.0
7004,1541,77095,1334.960205078125,1.0
7004,1541,77052,1532.486083984375,0.8287062741197632
7004,1523,76169,1691.2103271484375,0.905360825321836
7004,1487,74398,1155.2359619140625,1.5379912857297136
7004,1481,74054,853.194091796875,0.8809237593334676
7004,1436,71817,580.9429931640625,1.2257992117359822
7004,1428,71447,900.8703002929688,0.8759496057350662
7004,1412,70631,1698.0302734375,0.7040944339964723
7004,1409,70489,913.7998046875,1.0192799618795543
7004,1391,69593,1101.909912109375,1.0
7004,1371,68565,1756.7576904296875,0.7312223121346797
7004,1362,68113,839.5009765625,1.0977662080162773
7004,1331,66593,736.2158203125,1.0
7004,1325,66263,534.5150756835938,1.0
7004,1303,65169,2915.1630859375,0.5135477486094985
7004,1283,64186,684.213623046875,1.0
7004,1270,63521,1133.6304931640625,1.0
7004,1219,60969,1379.9229736328125,1.0
7004,1216,60834,896.364013671875,1.281751838391214
7004,1193,59683,1064.9599609375,1.0
7004,1188,59408,1078.763427734375,1.0
7004,1165,58259,1178.223388671875,1.0
7004,1163,58191,849.8446044921875,1.0
7004,1130,56536,1324.431396484375,1.0
7004,1087,54358,1604.4971923828125,1.0
7004,1033,51662,1216.47314453125,1.0
7004,994,49738,329.2215881347656,1.0
7004,994,49702,1435.8896484375,1.0
7004,973,48679,1353.429931640625,0.6757474669089079
7004,962,48110,1483.81787109375,1.0
7004,931,46595,1734.1138916015625,1.0
7004,931,46576,1442.7049560546875,0.6487867079709669
7004,922,46137,1485.8365478515625,1.0
7004,908,45448,1001.6404418945312,1.6359095503648864
7004,877,43879,1303.219482421875,1.0
7004,859,42998,1253.0286865234375,0.5457190819114928
7004,845,42295,1040.75927734375,0.8840488419379501
7004,845,42261,4645.73583984375,3.305862368383959
7004,835,41777,851.9356689453125,1.1473575738765585
7004,802,40112,873.29931640625,1.1969009250787872
7004,790,39543,1069.50341796875,1.0
7004,784,39216,701.37646484375,1.0
7004,781,39079,619.9629516601562,1.0
7004,724,36229,1524.1748046875,0.5347034304164613
7004,701,35059,676.677490234375,0.8147525147900341
7004,694,34746,1729.2421875,1.0
7004,691,34589,1764.5010986328125,1.0
7004,684,34203,1009.2288208007812,1.1279918737186834
7004,669,33460,1327.59326171875,1.0
7004,666,33332,950.2704467773438,1.0
7004,652,32634,2263.026611328125,0.8913353979141163
7004,623,31160,1410.8656005859375,0.673902241244839
7004,609,30456,1553.048095703125,0.891087434155202
7004,561,28097,1809.372314453125,1.0
7004,548,27428,1261.683837890625,1.3243229764404916
7004,515,25772,2000.7705078125,0.8002267799455924
7004,426,21315,1356.1300048828125,1.2516093105728983
7004,381,19059,1387.265625,0.925761541265253
7004,354,17705,1946.851318359375,0.6741253522067496
7004,343,17162,755.1759033203125,1.0
7004,337,16893,612.1947631835938,1.0
7004,334,16706,710.7744140625,1.0
7004,333,16666,2921.894775390625,1.0
7004,320,16030,1900.440185546875,1.0
7004,302,15107,1293.948974609375,0.7470613965327884
7004,255,12778,977.9114379882812,1.0
7004,231,11551,476.4335632324219,1.0
7004,220,11011,1585.1324462890625,0.23703016298423063
7004,211,10576,4359.572265625,0.6794826384175068
7004,153,7690,2001.30078125,1.0
7004,138,6947,1240.3043212890625,1.0
7004,134,6712,1704.095947265625,1.0973135831514829
7004,120,6008,1563.002685546875,1.1263220018246625
7004,76,3839,628.1881713867188,1.0
7004,74,3722,1174.7904052734375,1.0
7004,59,2979,1151.362548828125,1.0
7004,40,2050,690.0941772460938,1.0
7004,38,1928,1168.9052734375,0.9686531919749648
7003,1709,85459,1679.3599853515625,1.0185291036027864
7003,1696,84815,1229.9888916015625,1.0
7003,1663,83180,708.2957763671875,1.5122292882947685
7003,1649,82461,922.3240966796875,1.0311172364507235
7003,1615,80752,1468.737548828125,0.36714927329906866
7003,1600,80018,1204.0443115234375,1.0
7003,1584,79219,764.466064453125,1.0
7003,1570,78518,776.5402221679688,1.5733364824676368
7003,1562,78150,1375.3912353515625,0.715041689843366
7003,1517,75871,1594.2410888671875,0.6857971497118596
7003,1454,72732,741.04541015625,0.7729383158669896
7003,1435,71781,839.2706298828125,1.044806323935635
7003,1397,69864,1786.2548828125,0.7113737419077397
7003,1368,68429,2312.11181640625,0.7016990233007581
7003,1345,67251,869.1474609375,1.0
7003,1337,66877,2352.563232421875,1.0
7003,1319,65953,904.5177001953125,1.0
7003,1310,65505,1077.09228515625,0.7451611570929935
7003,1274,63747,1304.9151611328125,0.6819145305053127
7003,1259,62978,2265.96044921875,0.7507447008051795
7003,1218,60929,2480.702392578125,1.235919517374255
7003,1206,60306,710.2007446289062,1.0
7003,1142,57123,674.4114379882812,1.0
7003,1140,57006,4979.8173828125,0.8162028313155352
7003,1139,56998,1123.925048828125,0.7265259326304656
7003,1134,56743,836.3936767578125,1.3992027303026504
7003,1133,56665,1537.648193359375,0.7275384663710025
7003,1085,54274,721.2508544921875,1.1245280001002427
7003,1055,52800,1270.7957763671875,1.0412464902954803
7003,1026,51331,1281.1632080078125,0.9116909604707601
7003,1018,50904,1276.51025390625,1.2549076245430104
7003,1000,50022,1270.2686767578125,1.3110501407619954
7003,999,49958,870.3279418945312,1.0
7003,995,49791,1867.12744140625,0.8755550427241963
7003,938,46937,880.2256469726562,1.0
7003,930,46539,1311.4439697265625,1.0
7003,911,45593,1358.1927490234375,0.6793921648706152
7003,906,45303,1021.0857543945312,1.0
7003,853,42665,716.6841430664062,0.8147046119774586
7003,833,41655,978.592041015625,1.0
7003,806,40340,1423.7161865234375,1.3069828174917502
7003,795,39764,580.5994262695312,0.8799350917885003
7003,785,39299,1372.94384765625,1.0544176914107184
7003,782,39115,571.64306640625,1.0
7003,734,36739,801.5018920898438,1.0
7003,719,35990,1170.688720703125,1.2199599499628335
7003,705,35287,1699.4765625,1.4294308605503
7003,702,35126,2232.85205078125,1.0
7003,688,34445,508.4955139160156,1.105509340502179
7003,674,33709,960.8013916015625,1.0
7003,656,32827,3675.982421875,0.7076558321674498
7003,609,30481,936.04296875,1.3529414040942942
7003,608,30449,790.7827758789062,1.0393976546934094
7003,607,30393,1270.6104736328125,1.1576127611693958
7003,599,29984,1620.2431640625,1.2541856399957525
7003,533,26698,840.8131103515625,1.0
7003,528,26417,1017.120361328125,0.704090854663393
7003,464,23203,824.989990234375,1.0
7003,418,20924,1011.85205078125,1.2025292429659902
7003,401,20099,2903.061767578125,1.0
7003,373,18671,1586.3046875,1.0
7003,366,18304,1013.4669799804688,0.695798449082613
7003,362,18108,754.5912475585938,1.2413674765858542
7003,299,14978,892.3555908203125,1.3242433761696848
7003,290,14544,1755.7486572265625,0.6787624932882197
7003,278,13902,1765.4622802734375,1.1436504575874804
7003,264,13201,1170.593994140625,1.0
7003,246,12336,214.1661834716797,1.0
7003,239,11962,1627.861083984375,0.7226839125224205
7003,187,9390,1171.4127197265625,0.8079477483621385
7003,183,9176,4012.109375,1.0
7003,180,9009,1741.5302734375,0.860952236175042
7003,170,8548,1378.7825927734375,1.0
7003,160,8028,985.1456298828125,0.31791431637905565
7003,49,2459,535.3114624023438,1.1165432248168943
7003,47,2396,1386.908447265625,1.2446396873144687
7003,40,2050,1087.7679443359375,1.0
7003,0,50,555.7586669921875,1.0
7001,1176,58850,1604.533447265625,0.674151843162593
7001,1142,57148,1477.0692138671875,0.2988470911440986
7001,1136,56817,1091.51513671875,0.4465671230142668
7001,1128,56409,1404.464111328125,1.0
7001,1123,56167,497.453125,1.0
7001,1112,55637,758.3148803710938,0.8002863953617265
7001,1030,51502,627.5615844726562,1.0
7001,936,46847,912.5388793945312,1.0
7001,924,46215,1213.3194580078125,1.2586020923369303
7001,913,45665,819.6121215820312,1.0
7001,886,44317,1399.401123046875,0.7033466385812326
7001,720,36049,1093.6024169921875,1.2773263113025222
7001,712,35604,3026.05517578125,0.7207405810846563
7001,668,33423,1206.928466796875,0.37077286663893494
7001,668,33414,866.2926635742188,0.6249028414236009
7001,548,27429,977.9854736328125,0.7292130072695788
7001,518,25909,4229.8056640625,1.0
7001,515,25792,1897.7591552734375,1.0
7001,466,23334,1005.6339721679688,1.1414593947500484
7001,432,21644,1005.1478271484375,0.6737854006214961
7001,390,19536,1401.1236572265625,1.0565025536483197
7001,365,18261,1664.744140625,0.9692190401000362
7001,352,17618,1251.3006591796875,0.5249402919931522
7001,346,17312,1624.718505859375,0.8485906704088906
7001,345,17288,523.4071044921875,1.0
7001,230,11541,812.9093627929688,1.0
7001,230,11530,665.0642700195312,1.0
7001,97,4867,1768.577880859375,0.3791539210148136
7001,79,3981,602.4718627929688,1.0
7001,72,3626,1017.8680419921875,0.7251849620583717
7001,63,3158,1575.5245361328125,1.317232581646142
7001,17,887,869.2355346679688,1.0
7001,14,706,1521.0338134765625,1.0
6999,45,2264,1530.9951171875,0.8230026263725184
6999,23,1151,1319.6102294921875,1.0
6997,50,2520,2021.1451416015625,1.0
6991,208,10443,1369.0477294921875,0.13113610653653174
6989,71,3566,4682.205078125,1.0
6989,48,2426,1313.126708984375,0.6135683489802185
6985,67,3358,964.8945922851562,1.0
6985,7,394,2045.4794921875,0.7722904618685613
6985,2,148,1010.472412109375,0.8956902767315775
6984,31,1599,887.9103393554688,1.0
6983,34,1708,799.4329833984375,0.9116979829374028
6981,120,6022,1014.423583984375,1.0
6980,176,8839,1007.2642822265625,1.2178603086309412
6978,218,10921,922.372802734375,0.8069338639556936
6978,45,2291,1024.2545166015625,0.8632614245098406
6976,12,609,1652.1156005859375,1.023730917841881
6974,55,2761,601.34130859375,1.2316931898795032
6973,177,8851,4189.2958984375,0.68165592643191
6973,156,7840,2394.9765625,0.7258499031187251
6972,38,1948,1469.4044189453125,1.0
6972,28,1436,5933.9462890625,1.472156188121746
6971,9,472,1142.5679931640625,1.0
6969,17,859,1758.264404296875,1.0
6964,84,4207,449.2345886230469,1.0
6964,83,4178,506.3004455566406,1.0
6963,31,1562,1620.458984375,1.0
6958,163,8168,1259.519287109375,1.2357855942225626
6958,118,5909,1558.543701171875,0.7093207270293416
6955,128,6403,863.7929077148438,1.0
6953,15,764,1050.6334228515625,1.0
6952,73,3686,1545.200439453125,1.0
6950,50,2540,1399.243408203125,1.0
6947,60,3047,1431.4012451171875,1.0
6945,167,8359,1664.802490234375,0.13924025904480053
6945,106,5333,1000.9190063476562,1.008768367711924
6944,5,295,729.8391723632812,1.0
6940,0,2,913.535888671875,1.0
6936,161,8060,1030.661865234375,1.0
6936,17,868,635.057373046875,1.0
6935,29,1479,315.3088684082031,1.0
6934,232,11626,692.6815185546875,1.0
6934,226,11345,1083.5555419921875,0.6902283946611152
6934,3,159,1465.214111328125,0.7592164521510365
6932,177,8885,1620.6187744140625,0.7942152017440385
6932,169,8478,1429.50048828125,1.0
6932,152,7642,1788.0518798828125,1.0
6932,66,3342,1735.9593505859375,1.0
6925,7,367,2214.072509765625,1.2160210569409597
6922,63,3182,1922.873291015625,0.7903130605669312
6921,161,8074,1399.59033203125,1.0
6919,208,10434,712.0714721679688,1.0
6919,109,5496,1524.7471923828125,0.6998190201659571
6919,36,1840,1243.620849609375,1.0522114193669532
6918,96,4830,927.302978515625,0.7258976959576544
6917,154,7742,749.1306762695312,1.0
6916,42,2148,1385.6734619140625,0.6764681790564422
6915,84,4229,2027.69189453125,1.0185344997535004
6913,31,1555,738.3771362304688,1.0
6912,158,7908,1409.288818359375,0.36043983748875297
6908,18,901,1091.464111328125,1.0980088073176115
6907,218,10904,662.5149536132812,1.0
6907,154,7728,795.5050659179688,0.7192527668340972
6907,39,1997,1213.4630126953125,0.8337377439426674
6905,121,6089,797.4949951171875,1.0950336352227144
6903,0,48,1774.6900634765625,1.0
6901,205,10259,1303.9246826171875,1.0
6901,160,8038,1264.6611328125,0.6847688714680604
6901,39,1978,1123.9937744140625,0.6750382469652176
6901,25,1260,484.33905029296875,1.0
6896,50,2540,552.4927978515625,1.0
6893,233,11659,3055.65087890625,1.155752661010483
6893,10,545,651.060302734375,0.6094759369461843
6888,111,5593,2567.24169921875,0.12185277510753711
6888,47,2396,709.4526977539062,1.2459448698061948
6888,37,1884,4124.78125,0.41325355025575705
6883,13,700,1581.190185546875,0.7698163960186222
6881,8,407,787.988037109375,1.0963635340585234
6879,214,10733,1050.896484375,0.5369133064427901
6879,167,8355,1258.0198974609375,1.0
6874,166,8333,948.2447509765625,1.0
6871,126,6347,1383.751708984375,1.0
6861,236,11814,1457.31884765625,1.1436433255831737
6861,228,11420,824.552978515625,0.8332404318520287
6861,68,3444,1110.334228515625,1.0
6859,193,9663,1469.61083984375,1.0125928008707465
6859,184,9228,1810.5750732421875,0.5744140167524506
6859,176,8843,998.6012573242188,1.0
6859,111,5555,518.6719360351562,1.0
6859,67,3368,1194.0897216796875,1.0
6856,26,1319,936.433837890625,1.1192093601997137
6855,77,3858,1585.563720703125,0.9147224696233962
6855,32,1641,849.4160766601562,1.0437274301405042
6854,64,3204,1363.1180419921875,1.205730072369652
6854,10,548,4231.73388671875,1.0
6853,161,8094,1014.2200927734375,1.0
6840,30,1523,1102.8310546875,1.0
6832,6,305,1919.9620361328125,1.0
6831,10,543,807.7424926757812,0.9663599037973836
6830,232,11628,865.5221557617188,1.0
6829,72,3613,833.0845336914062,1.0317400888978083
6829,40,2037,329.0804138183594,1.0
6828,173,8658,4269.859375,1.0
6828,101,5058,1213.3365478515625,1.5131812198569299
6828,19,980,1470.24072265625,0.11832285222026195
6827,52,2623,703.94775390625,1.0
6824,88,4417,1439.6707763671875,1.0
6822,97,4898,902.0392456054688,1.0
6822,97,4854,1511.6995849609375,0.3595172702464733
6822,90,4534,1597.112548828125,1.2066831109959164
6812,56,2816,1161.9385986328125,1.1654703183349484
6812,52,2650,2111.247314453125,1.0
6810,60,3024,866.5254516601562,1.0825138957282991
6806,51,2591,1599.4432373046875,1.0
6805,233,11680,786.1434936523438,1.145794438190347
6805,203,10200,4915.611328125,1.2963291740795546
6805,203,10167,1297.3511962890625,1.0538114958396574
6805,12,632,1753.1253662109375,1.0079119282527043
6803,121,6060,809.5259399414062,1.2883296766737373
6801,185,9286,1023.6959228515625,1.3132524148370082
6801,106,5324,1634.5347900390625,1.3637556712342391
6801,95,4755,1052.2958984375,1.0
6792,53,2677,872.2332763671875,1.0
6790,12,607,2051.236328125,1.0
6789,122,6146,1082.2781982421875,1.0488209419186083
6787,188,9450,1108.147705078125,1.0
6787,169,8460,2102.1865234375,0.7339134454478844
6787,124,6242,1914.2174072265625,0.3225691276292204
6786,163,8174,1300.482421875,0.6900317647757646
6786,73,3660,1088.6826171875,0.9719207608077641
6785,215,10798,640.2628173828125,1.07979989372983
6785,189,9455,587.0409545898438,1.0
6785,125,6274,1597.332275390625,0.6905162474978317
6785,66,3306,1724.762939453125,0.6126196236729644
6785,55,2764,336.2781066894531,1.0
6784,15,789,1645.422607421875,0.6192958135337518
6783,219,10989,538.8065185546875,1.0
6782,32,1630,697.644775390625,1.0
6780,228,11402,2043.71142578125,0.38881673441598186
6780,200,10006,1764.154296875,0.95214475498293
6780,7,374,2098.21337890625,0.9311113879626665
6780,2,120,2565.342041015625,1.215988633574445
6779,93,4687,4416.1982421875,1.0
6779,22,1114,540.6024780273438,1.0
6778,19,985,524.3424682617188,1.0
6775,12,633,1232.4534912109375,1.0
6773,192,9608,1100.8441162109375,1.0
6773,161,8071,488.442626953125,1.0
6773,21,1074,1038.2564697265625,0.944739636158666
6772,15,778,2038.4073486328125,1.3588846125714982
6769,216,10837,1903.8878173828125,0.6832592725870996
6769,47,2395,1703.8447265625,1.5672771367524108
6766,193,9657,1945.235595703125,1.0
6766,101,5097,1875.933349609375,0.5200824666207641
6765,72,3621,564.3970947265625,1.0
6756,75,3772,1456.153564453125,0.6762640970986205
6756,20,1038,663.4263916015625,1.0
6756,18,940,919.2337646484375,1.0
6756,14,724,1559.727294921875,0.8922770287642088
6752,155,7774,1317.2828369140625,0.31152304819298293
6749,194,9721,1326.9854736328125,0.6741559198926053
6749,41,2074,675.4483032226562,1.0367513912148054
6749,29,1488,3595.421630859375,0.7350923279498296
6748,69,3487,1419.219970703125,1.211163460125222
6722,5,287,1190.4754638671875,1.4570508033530065
6698,93,4667,1355.5255126953125,0.7678482312531092
6694,10,503,919.085693359375,1.04264598244163
6694,6,350,764.6895141601562,0.9487813289322242
6694,0,32,1459.297119140625,0.6739400518476695
6692,141,7100,730.4779663085938,1.3874731323723326
6690,73,3680,1082.4337158203125,1.0
6688,27,1396,1173.6533203125,0.4809029890112344
6687,239,11960,1630.440185546875,0.12196517637152882
6687,225,11299,803.7269287109375,0.7665574882825337
6686,51,2566,1866.4049072265625,1.0
6686,18,906,1063.3707275390625,1.0
6683,98,4935,1580.8077392578125,1.0
6683,4,230,840.3303833007812,1.0
6680,45,2257,792.4464721679688,0.9747285543609072
6676,134,6745,1208.0400390625,1.000586543890435
6676,101,5064,1305.4296875,1.0
6670,15,783,1006.02685546875,1.3356247069976086
6666,149,7457,1084.341796875,1.0
6664,238,11948,839.4916381835938,1.4352760013645947
6664,216,10813,809.07568359375,0.8040305552769809
6664,21,1097,639.6915283203125,1.328823137911658
6663,143,7158,937.6419677734375,1.1740503561249307
6663,111,5595,1615.3656005859375,1.0
6658,23,1161,1058.57763671875,1.0
6656,51,2574,4958.75634765625,0.9498387451934638
6653,46,2313,1328.9146728515625,1.6103201203621478
6640,37,1856,888.7423706054688,0.5384120632697225
6634,55,2799,2248.875732421875,0.7993069868548883
6633,5,262,2250.5263671875,0.6860554700636989
6632,67,3359,891.76025390625,1.0
6632,61,3076,834.1079711914062,1.31961897370159
6630,139,6986,835.8238525390625,1.406033590687778
6630,113,5697,1222.7423095703125,0.8631060708104079
6628,11,582,771.4702758789062,1.0
6623,40,2042,1322.2354736328125,0.9329906013262518
6621,9,470,1574.65966796875,0.27715109799269944
6621,6,321,881.282470703125,0.9993802299226221
6620,156,7849,1590.209716796875,0.8782708722828534
6620,13,674,1154.135498046875,1.1948894447558285
6619,58,2920,2585.093994140625,1.0
6616,175,8775,1623.4915771484375,1.0
6616,158,7939,755.5722045898438,1.0
6616,143,7163,1265.399169921875,0.276427213367032
6615,117,5865,817.525390625,0.7327162131921399
6614,104,5247,1146.873779296875,1.0
6614,7,385,1320.1865234375,0.610736697654355
6611,126,6324,1605.923828125,1.3974442383495955
6605,127,6385,2283.669189453125,1.0
6603,61,3083,1040.110595703125,1.5281166378235558
6603,1,63,1250.5986328125,1.1024318555950077
6600,118,5911,1863.848876953125,1.0
6599,21,1094,1410.496826171875,1.4722491275299157
6594,86,4318,1329.4595947265625,0.7271108250201408
6594,81,4067,1660.8551025390625,0.6759159011251823
6594,60,3046,1760.875,1.0
6592,93,4664,1044.8043212890625,0.6918335167838412
6592,91,4576,1299.606201171875,1.5041893106985493
6591,99,4963,1657.4427490234375,1.2905003591979038
6591,55,2800,889.0466918945312,1.0
6589,129,6457,674.8606567382812,0.8282993644688001
6589,44,2239,1391.6165771484375,1.002179106297202
6588,42,2102,1346.52294921875,1.0
6583,47,2361,1922.17236328125,0.7398616256172057
6577,106,5302,851.8355712890625,0.8252689015851381
6575,24,1208,1634.47265625,0.7618373674494605
6573,36,1805,1438.253662109375,0.9705663803912947
6572,72,3607,1433.1251220703125,0.27184403239762944
6571,195,9799,1884.73486328125,1.0
6568,18,911,1061.45703125,0.8336200300887171
6565,20,1035,1288.338623046875,1.0
6562,27,1352,1681.5499267578125,0.8049294171110442
6559,62,3139,1262.9227294921875,0.781180255009496
6559,43,2175,564.235595703125,1.0
6552,18,922,1271.654052734375,0.7287070135364128
6551,107,5365,896.7991943359375,1.0
6551,60,3012,1101.602294921875,1.0
6551,28,1401,712.2784423828125,0.8557293249560427
6548,98,4938,1111.022705078125,1.1427196316310915
6544,194,9710,3303.59375,1.0
6544,107,5397,1243.95947265625,1.0958293002757262
6535,166,8315,1390.75244140625,0.7276029065983893
6535,127,6366,1283.5218505859375,1.0
6530,43,2179,1470.2506103515625,0.6342445373634585
6530,36,1836,1325.0177001953125,1.0
6530,18,940,1074.9747314453125,1.044590500299804
6529,5,287,2287.343017578125,0.7567616691111376
6527,164,8205,1245.4959716796875,0.9665913077683116
6527,159,7959,383.26171875,1.0
6525,40,2028,1667.1318359375,0.18837520080812964
6525,36,1806,1022.4610595703125,1.0
6521,135,6759,1279.094970703125,0.5758254430720217
6521,109,5472,634.726318359375,1.0
6521,83,4179,1215.11279296875,0.7110780015771826
6521,82,4125,861.6342163085938,1.0
6517,42,2122,975.3150634765625,1.3109663815421289
6517,29,1484,859.5563354492188,1.0
6507,182,9145,1337.47216796875,1.0
6506,182,9130,1754.88037109375,1.0
6503,51,2572,1907.6087646484375,1.0
6497,103,5187,3081.358154296875,0.6793327003967553
6497,10,539,684.4790649414062,0.8038787451794756
6487,159,7960,1829.9696044921875,0.9057770509147945
6487,105,5265,3119.26513671875,1.3123174506516198
6487,94,4713,1506.1217041015625,0.7853138794072669
6487,32,1607,1171.4788818359375,0.8044177224066513
6483,45,2280,4215.35546875,0.6781687852439242
6478,89,4491,1702.6287841796875,0.7365339068325925
6468,93,4683,1164.14453125,1.0
6468,90,4545,4191.9638671875,0.9606650940478793
6468,69,3499,858.1160888671875,1.0
6462,3,175,1969.1939697265625,1.5098830417208207
6461,6,333,826.8634643554688,0.7921347553032205
6457,197,9875,1585.775390625,1.0
6457,190,9535,1586.4425048828125,0.9352150309486301
6453,92,4619,1210.09375,1.1218833891695092
6446,183,9191,716.879638671875,1.0
6446,164,8237,1043.452880859375,1.316018902795181
6440,48,2439,834.7741088867188,0.7912583481277436
6433,11,558,1471.853759765625,0.6810956289934518
6431,8,411,449.0949401855469,1.0
6429,127,6361,1424.6768798828125,1.0
6427,137,6882,1382.0577392578125,1.0
6427,94,4743,870.8901977539062,1.0
6426,182,9149,1433.1109619140625,1.2084248230280448
6417,159,7993,3312.59375,1.0
6407,143,7188,861.6316528320312,1.0
6402,22,1103,979.47021484375,1.0
6402,0,28,3750.95654296875,0.7283906682396247
6387,206,10309,1667.663330078125,0.6941732707494757
6387,116,5833,1693.147705078125,1.0221059548726361
6381,11,599,1276.2493896484375,0.7456971380152655
6375,63,3177,1207.304443359375,1.0
6366,73,3670,1484.68603515625,0.642370549078037
6366,5,251,686.5760498046875,0.9730079022897191
6361,18,911,1203.7535400390625,0.5351105658575632
6359,75,3752,852.4523315429688,1.0
6358,62,3140,3719.562255859375,1.0
6356,19,967,1236.7196044921875,0.21937497670207096
6354,6,325,1749.90087890625,0.947416918683779
6353,61,3075,1695.0579833984375,0.40309577848882694
6353,17,899,678.9403076171875,0.8365032515938642
6350,25,1291,1010.5968627929688,1.0
6348,111,5570,1100.5528564453125,1.0
6348,15,777,647.2792358398438,1.0
6341,89,4497,1095.222412109375,1.0
6341,57,2881,760.5877685546875,1.0
6336,173,8655,933.3197631835938,1.0
6336,144,7243,2318.112548828125,1.370528536875146
6334,78,3911,3940.905029296875,1.390403720906793
6324,85,4292,1012.756103515625,0.9486458642258073
6323,62,3116,1095.751708984375,1.0
6321,16,801,1434.9085693359375,1.0
6319,94,4734,699.2581176757812,1.0
6303,153,7664,1355.197265625,0.48555032430752365
6300,26,1332,5647.15283203125,0.9575668812077126
6300,11,561,713.34521484375,1.025726077553677
6300,3,154,818.2821655273438,1.0
6298,145,7289,1485.5546875,0.7793444708903936
6297,16,806,1525.928955078125,1.0618808480526736
6295,4,225,1296.3653564453125,1.0
6285,113,5654,1567.439697265625,1.1216322276464692
6284,52,2623,1815.5584716796875,1.0
6235,85,4275,4322.65625,0.9551836100200546
6227,12,641,1467.571533203125,1.0
6224,109,5487,935.694580078125,0.7502287498092335
6224,54,2747,3516.634033203125,0.7503725060732631
6224,44,2220,1534.926513671875,0.4473611602117382
6223,46,2337,538.9714965820312,1.0
6221,57,2872,863.5191040039062,1.021089667907526
6216,6,349,791.13916015625,1.0
6206,49,2499,1290.5294189453125,0.7824390933022529
6199,139,6995,1377.39453125,0.8480895620559
6198,201,10094,585.1328125,1.0
6198,99,4965,1129.6937255859375,1.0135187824181269
6195,25,1269,1856.030517578125,0.6743406648139119
6192,157,7888,1263.3154296875,0.6051360563462759
6190,7,358,716.4673461914062,1.0
6182,34,1736,590.4578247070312,1.0
6178,8,402,1319.1348876953125,0.5308099269490276
6176,226,11344,1145.6702880859375,1.0400236302031267
6176,37,1899,1755.0885009765625,0.5552301671200731
6176,0,50,1784.7825927734375,1.0
6168,45,2264,921.1402587890625,1.0
6168,19,989,1338.161376953125,1.005270694071175
6162,168,8436,747.0866088867188,1.0
6160,58,2923,5993.38623046875,0.18187710783237798
6125,50,2542,1625.7034912109375,1.0
6122,129,6494,705.6052856445312,0.8661394320474334
6122,14,728,4720.1962890625,0.7438294068926592
6121,72,3648,399.159423828125,1.0
6118,75,3753,1871.7335205078125,0.9574540903187978
6110,140,7004,1581.02197265625,1.0
6110,90,4518,506.9979553222656,1.0
6110,1,69,1250.999755859375,1.0
6105,75,3798,694.6441650390625,1.0574041420598768
6102,11,570,959.9876708984375,1.0
6101,77,3870,1217.143798828125,1.0
6100,217,10884,1232.509033203125,1.3312189093588502
6091,183,9164,983.092529296875,1.164320472244791
6085,18,917,4477.9296875,1.0
6079,21,1056,659.2461547851562,0.8503518482073641
6076,132,6627,4020.76904296875,1.0
6076,74,3710,2528.244384765625,0.47639814936467717
6075,11,598,1181.43017578125,1.0
6075,10,504,798.5443115234375,1.0
6073,8,403,1015.4508056640625,0.7705783502000847
6070,97,4887,916.7577514648438,1.0
6070,21,1095,988.9801025390625,1.2941308720451945
6070,18,909,1932.503173828125,1.0
6064,46,2303,985.7184448242188,1.0
6063,38,1950,1430.2335205078125,0.6871503253428877
6063,2,145,1938.6318359375,1.0
6058,182,9120,771.4888305664062,1.1166860752966103
6058,89,4454,1379.204833984375,1.0
6052,8,442,1344.8841552734375,1.0
6052,0,17,1439.288330078125,1.0
6046,75,3764,3301.6630859375,1.156184791172708
6043,123,6152,1905.1881103515625,0.7855275795018456
6036,10,515,934.1499633789062,1.0
6031,89,4488,550.4266357421875,1.0
6031,19,964,1205.286376953125,0.6821314488931125
6027,122,6148,1186.10595703125,1.0
6021,129,6491,660.8703002929688,1.0
6011,56,2838,782.6143798828125,0.5925054021113186
5988,27,1375,916.0364990234375,1.0146342326544993
5986,1,99,655.6807861328125,1.0
5985,47,2382,2445.81396484375,0.6830233562514818
5979,106,5333,1060.78076171875,0.8607592857360657
5971,33,1664,751.6738891601562,1.0
5966,184,9244,1042.2015380859375,1.0
5966,26,1314,1467.744384765625,1.0
5938,38,1916,1374.607666015625,1.0
5935,101,5096,1420.035400390625,1.0
5933,188,9434,960.9718017578125,0.8642992800148288
5933,78,3921,920.26025390625,1.0
5925,50,2515,801.1869506835938,1.0
5918,43,2196,722.6576538085938,1.1068797946588416
5915,67,3382,745.0101318359375,1.3556070744247082
5911,1,87,973.2195434570312,1.310021979589733
5906,201,10066,1238.475341796875,0.18027415209977415
5906,11,589,1419.4134521484375,0.8289283620586572
5904,28,1439,1325.2635498046875,1.0
5897,8,425,2309.328857421875,0.6949105064112386
5891,55,2790,1580.8189697265625,0.8876282599127847
5891,18,901,545.6685791015625,1.0
5779,31,1579,1642.821044921875,1.0
5624,66,3348,1416.4681396484375,0.6940630566726009
5619,51,2571,1047.9300537109375,1.0
5619,20,1031,1155.2725830078125,0.7378834120171691
5616,181,9086,1435.8798828125,0.9195378405268753
5616,96,4831,429.8374328613281,1.0
5616,66,3341,1459.9378662109375,0.9165970791058824
5611,95,4771,1145.7333984375,1.3542316629200528
5607,62,3121,1520.265869140625,0.6890690969485045
5605,114,5737,758.0171508789062,1.0
5602,77,3874,1838.1536865234375,0.11824183331622251
5600,66,3348,334.7964172363281,1.0
5587,13,670,815.2542724609375,1.0
5583,24,1248,1088.3558349609375,1.0523145860855265
5578,50,2502,969.0302734375,1.0714126107507482
5578,24,1203,1818.425537109375,0.6970823400378596
5564,144,7215,811.4678955078125,1.040531246860574
5564,142,7143,4556.73291015625,4.759059801391167
5564,139,6954,727.5748901367188,1.0
5564,27,1370,1859.3338623046875,0.8382614335562801
5557,29,1497,1331.361083984375,1.0
5540,57,2897,1278.53369140625,0.7473904636371287
5535,9,463,1728.1771240234375,1.2917716674319533
5533,12,637,1118.853271484375,0.6986511178006012
5531,72,3613,861.281982421875,0.9339600869997313
5519,126,6335,940.75,1.0
5519,46,2312,1002.6779174804688,1.0162932683961412
5515,38,1906,1171.5941162109375,1.0913191861619926
5513,87,4388,810.483154296875,1.0
5513,50,2505,3326.255615234375,0.9531103547626167
5508,86,4330,2953.0830078125,0.7156778264131309
5504,15,751,481.1786193847656,1.18974084555818
5501,12,604,1543.537841796875,0.6735446914884246
5499,96,4824,901.736572265625,1.0
5499,11,587,3021.702880859375,0.9519453989261726
5499,2,116,476.76873779296875,1.0
5495,35,1794,1495.6507568359375,1.0
5480,23,1152,1490.4866943359375,0.7456544724111811
5458,90,4534,1549.054443359375,0.7776408380411783
5454,140,7043,903.5983276367188,0.7598799801731848
5452,31,1559,1817.5528564453125,0.872870077409452
5441,79,3999,1079.947509765625,0.7504357610339243
5441,59,2992,729.653076171875,1.0
5436,129,6470,914.908935546875,1.0
5436,82,4103,889.4360961914062,1.0
5433,19,971,1375.421142578125,0.41608764399382037
5418,159,7979,1144.5032958984375,1.4052356514848336
5418,70,3505,966.4620971679688,0.9620125202035975
5412,123,6185,4529.3828125,3.9049202315575773
5404,21,1082,2018.4755859375,1.0
5397,81,4095,1067.2919921875,1.0
5390,37,1854,1129.1265869140625,1.0
5387,11,557,3969.509765625,0.12278713401206298
5386,219,10959,1718.173828125,0.8006185554447757
5376,38,1909,983.5966186523438,1.0
5371,27,1364,970.89208984375,1.1242964597524456
5368,28,1423,877.9564819335938,1.0
5364,15,780,502.9058532714844,1.0
5361,202,10131,1591.4635009765625,1.0
5349,4,216,943.080078125,1.0135505828005775
5340,102,5144,1093.9932861328125,1.2189370116848235
5333,70,3526,361.9359436035156,1.0
5328,44,2231,1556.1197509765625,1.336503211751113
5328,29,1486,959.225830078125,1.0
5237,20,1032,1871.489990234375,0.5608116156571555
5233,100,5020,1560.458740234375,1.0
5216,26,1330,762.9193115234375,1.4186282846928024
5207,52,2638,710.1434326171875,1.0727817470436523
5195,14,734,1024.5699462890625,0.6123544802324155
5194,4,231,2170.1884765625,0.9849257050704867
5191,61,3079,979.9918212890625,0.76681218943412
5187,117,5888,3036.791259765625,1.0
5187,38,1920,1943.7872314453125,0.7009023211129781
5182,47,2356,1645.118408203125,1.108301914411045
5179,219,10999,1346.1800537109375,1.0526221036623173
5179,200,10045,1426.82470703125,1.2295425062507253
5179,120,6012,800.1450805664062,1.0
5164,25,1253,483.5573425292969,1.0
5146,4,204,1690.005126953125,1.36710669038903
5106,153,7672,812.8346557617188,1.0344991768010356
5106,93,4670,919.2025146484375,1.48962385436846
5106,67,3386,1485.3494873046875,1.028348941797364
5106,54,2748,1228.7510986328125,1.0
5092,131,6585,947.2051391601562,0.6861252229884305
5071,50,2519,1384.102294921875,1.0
5068,109,5467,1747.57177734375,1.0
5065,3,154,1231.7021484375,1.0691449350096918
5061,158,7919,2237.07763671875,1.0
5059,11,592,1039.12548828125,0.8469718766596198
5055,44,2226,951.471435546875,1.0
5051,173,8672,1484.467041015625,1.4471077022249943
5051,95,4800,1252.233154296875,1.0
5051,1,52,960.3328247070312,0.9231964080654507
5044,29,1487,1552.731689453125,0.7213238968963689
5038,50,2519,646.2691650390625,1.0
5031,57,2881,1750.2713623046875,1.0
5031,40,2049,1241.077392578125,0.7518659382636917
5031,5,256,4318.2734375,14.30158321722254
5029,194,9732,837.59912109375,0.741121170668267
5025,160,8001,3234.7666015625,0.6759893828893677
5025,12,623,1538.0303955078125,0.8779470554197212
5019,43,2158,964.5076904296875,0.49988074558253504
5016,52,2606,645.8368530273438,1.0
5013,185,9277,1127.5234375,1.0
5000,20,1032,1155.0712890625,1.3899616283789724
4982,152,7632,484.3018798828125,1.0
4975,79,3995,1264.392822265625,1.0
4971,74,3719,761.302001953125,1.2445254345454246
4969,10,540,589.990234375,1.3625730798671807
4962,111,5582,1698.6788330078125,0.6827057872614413
4957,153,7681,569.1781005859375,1.0
4955,53,2691,737.2437133789062,1.0
4953,48,2402,1131.2657470703125,1.0
4953,41,2058,2492.09912109375,0.7075588920255309
