4.799757135225841e-06 -0.00034088880018123954 0.00022543622841257634 0.0003946084907888213 0.00019313528185595978 7.03457434968891e-05 4.4294493083892706e-05 5.303343049836382e-05 6.655786834933511e-05 7.909933974201597e-05 9.033348131520368e-05 0.00010075496941714838 0.00011075934749673724 
-0.00034088880018123954 0.11690701024156204 0.008325145253391028 -0.05468014840146926 -0.022290200068058562 -0.001411846370993309 0.0016049416777350043 -0.0008024235537896153 -0.0032319531833343916 -0.004966370215454877 -0.006192733654054994 -0.007140155676625318 -0.007950943407791873 
0.00022543622841257634 0.008325145253391028 0.07741597681821462 0.031220836493882905 0.014055362947145409 0.006726242267184811 0.0038873657826936567 0.0032989946301194063 0.003464214003773532 0.0038604653990803378 0.004316701876064293 0.004782971462024571 0.00524750637408059 
0.0003946084907888213 -0.05468014840146926 0.031220836493882905 0.07520929829467084 0.03748467592483567 0.011553885713453522 0.0040830330468000185 0.003963195925852383 0.005149014321591099 0.006338849192466146 0.007368105825147008 0.008282147802379812 0.009134012730184047 
0.00019313528185595978 -0.022290200068058562 0.014055362947145409 0.03748467592483567 0.021648209982376935 0.008590969853036244 0.003630364818151608 0.0027165686768376453 0.00286217716342377 0.0032437489547425375 0.003659116862663086 0.0040684176791874254 0.004468927791521828 
7.03457434968891e-05 -0.001411846370993309 0.006726242267184811 0.011553885713453522 0.008590969853036244 0.004719173004154468 0.0024196839803026487 0.0015600035915663277 0.001305686117128944 0.0012927444489947604 0.0013742574300510226 0.0014923328963099753 0.0016244576301945469 
4.4294493083892706e-05 0.0016049416777350043 0.0038873657826936567 0.0040830330468000185 0.003630364818151608 0.0024196839803026487 0.00143555537706515 0.0009897859740844424 0.0008377814345092651 0.0008229321183999567 0.0008681653214488926 0.0009387977094366395 0.0010199284776845584 
5.303343049836382e-05 -0.0008024235537896153 0.0032989946301194063 0.003963195925852383 0.0027165686768376453 0.0015600035915663277 0.0009897859740844424 0.0008403358550778 0.00085177050399541 0.0009229873781864997 0.0010162818600638098 0.0011177137288215563 0.0012221437235813905 
6.655786834933511e-05 -0.0032319531833343916 0.003464214003773532 0.005149014321591099 0.00286217716342377 0.001305686117128944 0.0008377814345092651 0.00085177050399541 0.00097700508413573 0.0011199863638323441 0.0012614746523887438 0.001399599795211776 0.0015354865552043527 
7.909933974201597e-05 -0.004966370215454877 0.0038604653990803378 0.006338849192466146 0.0032437489547425375 0.0012927444489947604 0.0008229321183999567 0.0009229873781864997 0.0011199863638323441 0.0013138042599798003 0.0014930341931894894 0.0016621841508197743 0.001825944319727323 
9.033348131520368e-05 -0.006192733654054994 0.004316701876064293 0.007368105825147008 0.003659116862663086 0.0013742574300510226 0.0008681653214488926 0.0010162818600638098 0.0012614746523887438 0.0014930341931894894 0.001702522233694845 0.0018978905797324623 0.0020859202489327006 
0.00010075496941714838 -0.007140155676625318 0.004782971462024571 0.008282147802379812 0.0040684176791874254 0.0014923328963099753 0.0009387977094366395 0.0011177137288215563 0.001399599795211776 0.0016621841508197743 0.0018978905797324623 0.0021167457810774546 0.0023269107327006737 
0.00011075934749673724 -0.007950943407791873 0.00524750637408059 0.009134012730184047 0.004468927791521828 0.0016244576301945469 0.0010199284776845584 0.0012221437235813905 0.0015354865552043527 0.001825944319727323 0.0020859202489327006 0.0023269107327006737 0.0025581352433997834 
