0.28269419378799426 0.0802726046478337 -0.051094088297351514 -0.05267533351980737 -0.04167736819227423 0.014753887839251235 0.11876415055248639 0.21076062919364047 0.2568650582417887 0.2740922121898467 0.2798829994326716 0.2817757124432418 
0.0802726046478337 0.1536979528725526 -0.017351551468947582 -0.023826998470451267 -0.011123286590004366 0.01241874812395729 0.04322028460411967 0.06591246065090321 0.07578292547927218 0.07899552179310702 0.0799255492844323 0.08018193714043241 
-0.051094088297351514 -0.017351551468947582 0.01322800282103394 0.012275331219542152 0.008993621717849865 -0.0022689604084048477 -0.02167167301822875 -0.03836918513461227 -0.04658856633856925 -0.04961391046575699 -0.05061675372364575 -0.05094015625116608 
-0.05267533351980737 -0.023826998470451267 0.012275331219542152 0.013600117980197812 0.010710512116765143 -0.0009337758857461736 -0.02137468079414766 -0.03908888094126035 -0.04784796826303094 -0.05108406146402332 -0.05216048265416007 -0.05250876731552154 
-0.04167736819227423 -0.011123286590004366 0.008993621717849865 0.010710512116765143 0.009912704851420392 0.0014818962025535207 -0.014990394682559294 -0.02985789445507877 -0.03739840785491723 -0.04024189329486037 -0.04120517635647896 -0.041522188363878915 
0.014753887839251235 0.01241874812395729 -0.0022689604084048477 -0.0009337758857461736 0.0014818962025535207 0.005066658906177904 0.009517353705153681 0.012732846758736814 0.014120014660458213 0.014571215872017566 0.01470287184647972 0.014739883463085303 
0.11876415055248639 0.04322028460411967 -0.02167167301822875 -0.02137468079414766 -0.014990394682559294 0.009517353705153681 0.052603466362503765 0.09000703520527309 0.10853034115865416 0.11538470497159464 0.11766859280970017 0.1184089556170444 
0.21076062919364047 0.06591246065090321 -0.03836918513461227 -0.03908888094126035 -0.02985789445507877 0.012732846758736814 0.09000703520527309 0.1579373707387219 0.1918487753208796 0.20447975847998257 0.2087134000097183 0.21009343919998635 
0.2568650582417887 0.07578292547927218 -0.04658856633856925 -0.04784796826303094 -0.03739840785491723 0.014120014660458213 0.10853034115865416 0.1918487753208796 0.23354477124381945 0.24910653854609524 0.25433198860989265 0.25603822237789875 
0.2740922121898467 0.07899552179310702 -0.04961391046575699 -0.05108406146402332 -0.04024189329486037 0.014571215872017566 0.11538470497159464 0.20447975847998257 0.24910653854609524 0.2657743179726264 0.27137485871496764 0.2732047053697321 
0.2798829994326716 0.0799255492844323 -0.05061675372364575 -0.05216048265416007 -0.04120517635647896 0.01470287184647972 0.11766859280970017 0.2087134000097183 0.25433198860989265 0.27137485871496764 0.27710285587906447 0.2789747841669866 
0.2817757124432418 0.08018193714043241 -0.05094015625116608 -0.05250876731552154 -0.041522188363878915 0.014739883463085303 0.1184089556170444 0.21009343919998635 0.25603822237789875 0.2732047053697321 0.2789747841669866 0.28086063077166523 
