2.764769971083784 -0.42171009219497274 0.015219522259257956 0.010391223451745412 -0.03843555794978238 -0.06350454034977367 -0.03933718941609763 0.0832861189313572 0.38161771819491935 0.9009604668635441 1.5382668148815966 2.082278144281947 
-0.42171009219497274 0.4244363862960993 0.03121843678221512 -0.009736808445797818 -0.00319688490062662 0.006658002377550188 0.010028668935454762 -0.002036914647760411 -0.04267779349952604 -0.12055578796770641 -0.2204429420683101 -0.3080272068659603 
0.015219522259257956 0.03121843678221512 0.010707872480512307 0.003847141952184753 0.0013413257475426144 0.00015716703446568348 -0.00044390122934073663 -0.00036907434308626496 0.0008518474893481162 0.003592812234176946 0.007315957936272731 0.010681687768559794 
0.010391223451745412 -0.009736808445797818 0.003847141952184753 0.00379747535061863 0.0022819188801497664 0.0009273843052331899 -0.0001262120559806319 -0.000679838968082995 -0.00031024494586098474 0.0013698064685386886 0.004037742888721798 0.006630308489934778 
-0.03843555794978238 -0.00319688490062662 0.0013413257475426144 0.0022819188801497664 0.0024649536739852792 0.002189095360232945 0.001238493034804977 -0.0010484434696644397 -0.005684647548160935 -0.01318698300489227 -0.022056555506645387 -0.029450334106147807 
-0.06350454034977367 0.006658002377550188 0.00015716703446568348 0.0009273843052331899 0.002189095360232945 0.0027742647664675854 0.0021767573009487994 -0.0007354545662404284 -0.007760622663037934 -0.0199454561185854 -0.034866877394793556 -0.047585179410750175 
-0.03933718941609763 0.010028668935454762 -0.00044390122934073663 -0.0001262120559806319 0.001238493034804977 0.0021767573009487994 0.0023205372640987365 0.0009389851990209638 -0.003171519697533817 -0.010775688060933061 -0.0203667906438891 -0.02868740776270607 
0.0832861189313572 -0.002036914647760411 -0.00036907434308626496 -0.000679838968082995 -0.0010484434696644397 -0.0007354545662404284 0.0009389851990209638 0.005399909525683718 0.014799728095541973 0.030281717231131378 0.048762896671681696 0.0642688064120921 
0.38161771819491935 -0.04267779349952604 0.0008518474893481162 -0.00031024494586098474 -0.005684647548160935 -0.007760622663037934 -0.003171519697533817 0.014799728095541973 0.056595429118411075 0.12817777378832415 0.21532385314334004 0.2893473687852419 
0.9009604668635441 -0.12055578796770641 0.003592812234176946 0.0013698064685386886 -0.01318698300489227 -0.0199454561185854 -0.010775688060933061 0.030281717231131378 0.12817777378832415 0.29737420716130053 0.5042749346914248 0.6805036391751031 
1.5382668148815966 -0.2204429420683101 0.007315957936272731 0.004037742888721798 -0.022056555506645387 -0.034866877394793556 -0.0203667906438891 0.048762896671681696 0.21532385314334004 0.5042749346914248 0.8582600690071389 1.1601080352420639 
2.082278144281947 -0.3080272068659603 0.010681687768559794 0.006630308489934778 -0.029450334106147807 -0.047585179410750175 -0.02868740776270607 0.0642688064120921 0.2893473687852419 0.6805036391751031 1.1601080352420639 1.569290704385233 
