0.030879296816044302 0.030879296816044302 0.030879296816044302 0.030879296816044302 0.030879296816044302 0.030879296816044302 0.030879296816044302 0.030879296816044302 0.030879296816044302 0.030879296816044302 0.030879296816044302 
0.030879296816044302 0.030879296816044302 0.030879296816044302 0.030879296816044302 0.030879296816044302 0.030879296816044302 0.030879296816044302 0.030879296816044302 0.030879296816044302 0.030879296816044302 0.030879296816044302 
0.030879296816044302 0.030879296816044302 0.030879296816044302 0.030879296816044302 0.030879296816044302 0.030879296816044302 0.030879296816044302 0.030879296816044302 0.030879296816044302 0.030879296816044302 0.030879296816044302 
0.030879296816044302 0.030879296816044302 0.030879296816044302 0.030879296816044302 0.030879296816044302 0.030879296816044302 0.030879296816044302 0.030879296816044302 0.030879296816044302 0.030879296816044302 0.030879296816044302 
0.030879296816044302 0.030879296816044302 0.030879296816044302 0.030879296816044302 0.030879296816044302 0.030879296816044302 0.030879296816044302 0.030879296816044302 0.030879296816044302 0.030879296816044302 0.030879296816044302 
0.030879296816044302 0.030879296816044302 0.030879296816044302 0.030879296816044302 0.030879296816044302 0.030879296816044302 0.030879296816044302 0.030879296816044302 0.030879296816044302 0.030879296816044302 0.030879296816044302 
0.030879296816044302 0.030879296816044302 0.030879296816044302 0.030879296816044302 0.030879296816044302 0.030879296816044302 0.030879296816044302 0.030879296816044302 0.030879296816044302 0.030879296816044302 0.030879296816044302 
0.030879296816044302 0.030879296816044302 0.030879296816044302 0.030879296816044302 0.030879296816044302 0.030879296816044302 0.030879296816044302 0.030879296816044302 0.030879296816044302 0.030879296816044302 0.030879296816044302 
0.030879296816044302 0.030879296816044302 0.030879296816044302 0.030879296816044302 0.030879296816044302 0.030879296816044302 0.030879296816044302 0.030879296816044302 0.030879296816044302 0.030879296816044302 0.030879296816044302 
0.030879296816044302 0.030879296816044302 0.030879296816044302 0.030879296816044302 0.030879296816044302 0.030879296816044302 0.030879296816044302 0.030879296816044302 0.030879296816044302 0.030879296816044302 0.030879296816044302 
0.030879296816044302 0.030879296816044302 0.030879296816044302 0.030879296816044302 0.030879296816044302 0.030879296816044302 0.030879296816044302 0.030879296816044302 0.030879296816044302 0.030879296816044302 0.030879296816044302 
