18644 94 4740
14736 128 6424
18699 203 10178
14716 30 1501
16680 22 1130
15484 323 16180
17858 123 6171
14066 55 2772
17303 50 2543
14900 41 2092
16378 195 9757
14342 68 3448
18643 49 2451
15913 53 2679
14915 89 4460
16021 50 2516
13793 295 14790
16036 410 20523
14621 96 4819
15491 0 40
16092 109 5494
18699 203 10187
15778 10 516
17535 11 597
13707 16 810
18603 85 4257
16878 122 6142
14107 48 2428
14610 27 1372
17692 14 711
18574 191 9552
18779 411 20587
13745 128 6411
14211 66 3348
18781 116 5837
17119 13 665
15318 183 9184
15383 175 8756
15466 104 5203
17560 166 8320
13874 48 2420
17874 88 4440
18923 83 4179
17955 246 12344
15416 6 346
15499 76 3848
14056 18 938
15324 19 953
16021 95 4786
14108 207 10386
15166 189 9484
15590 142 7116
18257 32 1602
15419 5 287
16161 84 4206
18907 104 5210
14177 50 2505
15140 45 2261
17429 16 804
13721 26 1309
15348 28 1442
18508 219 10998
14942 215 10782
13777 148 7408
15486 373 18683
13714 158 7929
18922 191 9588
14694 7 367
17108 19 980
17851 294 14729
14990 41 2082
15588 32 1640
15930 367 18355
16299 18 936
14592 19 975
14551 36 1825
14245 89 4467
17415 107 5378
18782 59 2998
17132 493 24664
17371 530 26501
14394 45 2300
17524 85 4297
14060 22 1116
13745 128 6431
16096 16 832
14899 279 13954
17398 155 7755
16352 454 22744
17238 30 1521
16150 305 15292
16228 277 13856
16036 112 5621
17387 20 1049
17128 31 1600
13701 29 1496
15491 100 5012
16340 14 708
14066 55 2785
15464 273 13676
14068 217 10865
15053 33 1665
15592 245 12286
15308 98 4926
17009 17 892
16169 188 9448
18044 214 10713
15316 237 11900
18935 323 16158
17312 190 9504
15330 81 4065
17407 0 37
15785 67 3362
18489 100 5008
18005 59 2975
17572 18 944
14537 118 5927
17972 105 5292
18005 34 1732
13762 203 10183
15291 178 8923
15930 357 17869
14313 158 7918
14379 204 10210
14721 174 8730
17383 127 6351
17237 26 1321
14300 118 5907
17245 19 972
17371 110 5508
17343 55 2781
17846 24 1231
14218 147 7399
15966 20 1029
15590 421 21054
17119 13 665
14980 44 2220
17753 214 10714
16036 32 1619
16942 220 11039
15328 227 11351
15099 114 5717
17383 347 17380
14470 31 1573
17846 91 4594
15634 33 1667
17169 231 11594
16453 380 19008
13954 55 2775
17847 317 15883
16289 35 1783
16258 8 405
17301 22 1108
17206 329 16484
18747 52 2647
17079 11 566
15397 93 4688
17366 34 1719
17471 57 2880
15183 32 1613
17631 87 4398
18954 425 21259
15915 213 10686
14721 116 5842
15160 82 4127
13944 14 737
14367 153 7693
17407 174 8702
14470 22 1115
16826 19 957
15140 213 10661
15251 153 7667
14553 295 14783
15913 11 572
18220 15 768
15383 283 14158
18215 16 806
14257 220 11004
17065 94 4735
14377 271 13555
17955 305 15290
15588 211 10587
14263 291 14568
17471 57 2854
15160 81 4099
17112 137 6894
15392 125 6290
15966 83 4192
16090 89 4453
14877 177 8867
17484 92 4618
14686 16 801
14047 33 1695
16532 20 1037
17132 432 21635
16267 49 2471
17572 35 1761
15002 30 1534
17630 29 1468
14020 183 9170
14789 138 6913
15065 3 180
18685 247 12371
17389 100 5010
14790 197 9865
14938 177 8883
18468 267 13374
17992 48 2416
15689 291 14574
17471 16 835
17197 8 421
15965 124 6207
16006 234 11741
14543 284 14246
18957 122 6131
17309 14 730
14634 163 8189
15140 231 11552
15528 99 4971
18219 18 943
14020 145 7298
18508 219 10998
15392 73 3662
15115 170 8520
15799 255 12789
18215 16 805
15318 183 9160
13728 137 6861
17727 0 24
14736 278 13923
14343 311 15584
14788 29 1488
14885 4 207
15402 41 2069
14313 307 15399
14020 183 9195
17157 4 238
14891 134 6742
13950 207 10371
18733 32 1624
14272 51 2586
16186 329 16481
14107 55 2798
14441 11 553
17033 84 4249
15115 25 1289
17380 46 2301
16075 444 22249
17847 317 15862
17095 2 126
18701 280 14006
18495 185 9294
15500 55 2763
13861 25 1283
17744 73 3695
17356 91 4590
15392 73 3653
14074 23 1169
17358 63 3199
16571 46 2322
16544 122 6104
18574 191 9566
18040 82 4127
15019 0 33
15676 207 10382
16036 168 8445
15316 240 12041
17692 20 1018
16964 488 24410
14101 15 757
17744 75 3771
17847 101 5077
14556 156 7838
18623 81 4092
14694 7 389
17314 38 1905
14921 54 2731
18492 563 28152
16845 247 12363
14148 40 2018
17459 213 10683
14121 221 11060
15785 222 11132
17068 6 323
17238 14 721
14938 287 14377
18685 330 16518
15989 119 5959
14063 142 7130
17631 9 485
15915 482 24108
15909 223 11186
15160 130 6542
13774 9 480
17871 292 14609
13792 140 7043
15919 57 2878
17389 23 1168
13742 81 4090
18733 52 2615
18911 109 5485
18781 94 4705
18574 292 14620
14725 80 4019
17695 10 549
14707 55 2770
13732 15 773
16828 36 1845
16850 47 2395
14147 4 216
15117 154 7728
15301 26 1306
15124 5 251
15469 75 3770
15116 211 10571
15106 190 9547
17079 31 1568
17569 37 1868
14641 59 2964
14626 47 2377
14224 73 3696
14053 84 4236
17670 47 2377
16466 11 592
14556 172 8625
18634 148 7424
16894 32 1601
16091 57 2892
13945 235 11763
14218 194 9750
17620 194 9736
18489 193 9697
15930 519 25963
17861 300 15003
15901 146 7345
14367 280 14029
15422 50 2505
15785 175 8774
17100 152 7643
14020 28 1415
14948 113 5684
14408 5 292
17331 29 1462
16095 415 20778
15955 56 2841
18699 245 12263
14707 55 2761
15677 78 3949
13764 250 12539
18634 207 10367
16467 282 14108
16102 11 552
14058 151 7575
16147 164 8238
18257 32 1626
14301 264 13211
15783 235 11782
17669 26 1303
15931 359 17959
14053 47 2360
14729 86 4321
18685 178 8907
15335 82 4107
17373 192 9602
14379 77 3866
15339 188 9443
16188 214 10712
14716 30 1507
14890 130 6513
17131 72 3625
15785 67 3362
18779 59 2951
14617 38 1947
17686 24 1210
17057 82 4131
15715 127 6373
17108 10 540
17413 359 17962
14007 77 3895
18653 134 6702
15785 167 8391
18636 319 15974
18685 250 12537
14336 46 2323
16006 460 23042
14290 65 3288
14186 154 7706
16158 250 12522
15127 45 2298
17560 110 5516
17692 14 711
17065 132 6637
14098 134 6724
17046 70 3509
15785 198 9948
17250 118 5949
17067 54 2741
18497 291 14568
17582 18 930
18754 27 1393
15004 23 1194
14216 90 4546
16532 13 682
15486 357 17857
16906 26 1319
13940 123 6173
17686 24 1248
14148 40 2018
17239 101 5058
15479 144 7218
14095 189 9500
15909 195 9789
13982 88 4440
14764 2 131
18031 181 9098
17644 36 1837
18245 171 8557
13799 24 1227
17239 292 14624
16326 94 4746
14020 22 1113
15261 28 1435
16826 19 984
14021 251 12553
17240 81 4093
13794 186 9328
14740 48 2413
18699 203 10178
13728 157 7880
15128 117 5883
17108 23 1178
16403 1 58
17849 251 12588
15933 229 11494
15140 231 11552
17457 11 552
15783 308 15406
14716 61 3051
15961 341 17092
14079 113 5674
17963 54 2728
16285 58 2939
18062 61 3085
15900 174 8739
14008 200 10032
13709 122 6134
16147 48 2402
18953 306 15320
18923 642 32149
14007 77 3895
16834 50 2503
15463 250 12539
14410 40 2017
16158 276 13827
17484 161 8096
17100 92 4637
18665 139 6972
14715 55 2775
15676 213 10687
14343 99 5000
18768 2 114
17861 173 8656
18701 34 1741
17237 79 3978
18665 16 805
14617 76 3834
15497 36 1832
14553 78 3918
15676 201 10059
17028 280 14024
15702 50 2526
14147 30 1518
15987 497 24869
16889 275 13764
18948 122 6115
15128 193 9681
17865 292 14644
13789 182 9104
15965 202 10120
18244 200 10019
15965 202 10120
15222 172 8629
15590 1 77
14436 287 14376
17856 67 3385
18701 135 6761
15473 150 7540
14270 52 2603
17075 117 5867
18920 5 274
15115 147 7359
14343 93 4700
15931 447 22398
17048 12 620
17339 330 16524
13935 202 10132
15222 155 7788
16571 46 2331
16243 161 8085
14990 173 8696
14367 3 187
14020 196 9818
17162 174 8747
14408 5 255
14129 10 536
17972 196 9848
17700 63 3161
17048 14 733
16331 84 4248
18497 316 15840
15383 38 1929
14290 2 118
17139 228 11420
14707 48 2413
18619 55 2756
17566 46 2344
18492 320 16011
15053 180 9022
17413 357 17861
17974 60 3037
15751 36 1830
14763 26 1320
15147 88 4429
17391 49 2477
15264 71 3563
15486 357 17857
14790 197 9865
17129 28 1426
14551 197 9896
14609 10 537
17337 18 927
16021 50 2516
14741 150 7511
15851 129 6496
17119 41 2059
16506 191 9592
14467 252 12605
17871 163 8165
14172 43 2157
14725 80 4023
15930 498 24908
14924 14 744
14990 229 11487
13803 200 10041
17122 155 7773
14107 41 2068
14098 69 3486
16147 385 19289
18229 19 951
16584 48 2449
18773 20 1043
14938 277 13873
16426 7 381
14101 15 757
14369 51 2575
14007 102 5120
15689 327 16384
13763 105 5263
14177 55 2770
14047 134 6718
14336 13 694
15140 8 433
13799 12 623
13928 99 4972
16858 80 4029
15335 158 7911
16381 36 1816
13725 79 3988
14899 215 10768
13789 155 7767
18643 49 2470
15291 190 9549
14785 27 1393
14124 252 12630
18226 57 2878
14592 60 3035
17858 123 6171
15309 18 922
17079 1 79
15002 30 1506
15330 54 2732
14363 47 2372
15345 193 9657
14885 4 220
15106 14 717
18228 116 5810
14924 191 9592
18235 83 4151
14157 51 2583
15309 18 922
13791 151 7565
14008 195 9775
18577 161 8096
17972 45 2257
14032 52 2621
15689 264 13221
17182 16 825
14542 113 5680
14377 27 1399
17079 1 71
13807 69 3470
14088 29 1492
16147 164 8217
16186 142 7127
17410 19 968
14782 20 1001
15913 3 184
14900 12 604
14912 309 15468
14408 31 1551
17655 50 2527
16828 44 2213
18286 136 6830
14543 211 10560
15425 142 7106
17407 174 8734
14277 205 10260
18044 414 20702
16499 355 17764
14782 99 4991
18024 162 8123
15383 283 14158
14899 215 10800
13728 137 6861
17644 36 1814
17535 103 5180
16875 4 216
17620 15 757
15486 373 18690
15590 298 14948
15491 100 5012
15692 42 2148
13861 36 1825
13940 106 5335
13705 207 10394
14980 52 2646
14782 119 5968
17371 513 25653
16036 168 8445
13862 135 6761
17111 34 1718
15834 195 9754
16022 95 4789
17723 11 587
16052 424 21237
18244 149 7478
18615 118 5912
15065 35 1751
15392 69 3487
18615 118 5938
14625 26 1339
15916 172 8647
13911 1 97
15122 217 10854
17333 178 8936
13945 235 11763
16389 84 4214
16807 76 3807
15462 150 7514
14306 194 9709
18754 220 11022
18752 375 18762
17457 118 5946
15425 12 604
14121 221 11063
18482 27 1360
18059 141 7093
14948 92 4643
15115 147 7351
18283 78 3913
17238 14 738
17678 22 1107
18031 162 8146
17698 92 4642
15713 228 11403
18784 26 1324
15383 283 14158
16227 251 12568
18644 142 7131
14993 153 7683
16466 100 5016
17079 19 996
14470 4 216
18272 55 2796
14551 8 407
14392 52 2606
15930 367 18355
17753 214 10714
16741 506 25320
13791 101 5074
17457 165 8290
18261 24 1217
16741 490 24527
18732 541 27062
15762 243 12151
16152 43 2161
15153 138 6905
14764 70 3539
15416 102 5145
15391 272 13602
13789 153 7659
16060 6 314
14148 5 290
13790 0 44
17009 0 38
17457 165 8271
17489 63 3198
17220 53 2691
17048 9 474
14009 163 8198
14469 67 3367
18704 42 2142
14741 2 119
13714 71 3556
15774 65 3262
15504 92 4646
14549 142 7121
15933 113 5658
18634 115 5797
15859 253 12652
15445 6 321
15392 23 1156
18953 140 7041
18665 133 6673
14980 44 2220
18717 96 4823
15138 10 546
18768 5 296
14229 72 3625
16949 488 24436
15966 20 1011
13763 105 5263
14445 96 4824
15785 18 902
13979 69 3455
15166 338 16950
17245 62 3119
17312 190 9546
15590 416 20808
15491 95 4775
16446 68 3410
15362 84 4239
17009 17 884
17383 386 19314
17552 25 1252
15783 308 15444
15948 80 4014
17849 184 9227
16828 35 1786
18515 137 6872
14175 68 3435
17858 123 6168
16289 2 143
17031 49 2472
18644 264 13222
15961 341 17055
13780 45 2290
14643 224 11243
18024 507 25357
15593 265 13253
17100 7 370
17494 78 3930
15422 105 5286
15225 49 2461
16214 96 4823
15172 74 3704
18492 552 27623
17197 3 185
16013 136 6817
18610 97 4884
16243 161 8085
17157 59 2985
14157 65 3267
18701 279 13964
16310 278 13916
15466 272 13607
17022 2 148
15151 10 502
14924 23 1190
14899 122 6111
15960 522 26123
15713 80 4018
17383 152 7638
15499 64 3239
14556 156 7802
14643 278 13901
15961 204 10204
14746 181 9088
13709 207 10356
16096 16 832
17371 110 5508
14093 250 12534
18937 98 4932
14300 60 3021
13982 127 6370
14555 230 11507
14047 30 1542
17088 15 786
15279 26 1305
15882 166 8302
14377 44 2225
15923 44 2208
15422 147 7351
17661 4 205
17858 114 5736
17978 23 1179
15279 77 3869
17140 5 261
16569 4 207
16172 159 7960
17158 70 3537
14901 234 11731
17489 288 14446
15511 62 3129
15946 9 473
17663 60 3008
17303 85 4295
14760 40 2018
13945 271 13586
16785 31 1551
14770 138 6945
17963 67 3400
18781 116 5829
14729 10 510
15859 354 17747
15863 57 2885
16499 266 13336
13728 157 7862
16063 32 1607
14774 304 15227
15966 343 17162
17963 54 2708
16809 160 8004
17309 90 4535
14079 78 3918
15785 216 10833
18272 55 2796
14076 47 2356
14098 69 3486
14818 22 1130
14940 282 14101
18229 19 986
17621 186 9309
18035 171 8564
15449 110 5547
17522 13 657
14993 94 4726
14105 128 6429
18244 200 10019
17872 62 3132
15590 63 3156
14740 44 2241
16442 175 8795
14877 53 2672
15251 3 200
15805 22 1143
17566 195 9752
13780 150 7501
18954 138 6927
14020 4 223
17655 92 4636
17128 45 2264
15254 130 6509
15689 305 15300
17557 13 655
15497 46 2324
14127 220 11014
18790 174 8718
18740 4 222
15497 36 1820
14148 9 453
17471 16 805
13731 18 906
13705 214 10726
17406 53 2692
15861 79 3985
16227 101 5100
14431 116 5838
15116 100 5045
18740 28 1416
15301 108 5413
18754 27 1389
15751 36 1830
16807 108 5445
16979 64 3238
14340 68 3449
17401 41 2099
18005 24 1223
15249 136 6841
15151 312 15626
16331 33 1686
17282 77 3899
14009 87 4373
16209 179 8960
14774 44 2242
15677 78 3925
17489 103 5155
15774 456 22838
14186 179 8993
13911 85 4293
14818 22 1108
13945 111 5593
14715 50 2539
17361 321 16082
17557 155 7774
17457 48 2414
18701 280 14018
15785 99 4971
15151 231 11591
13780 150 7501
15987 392 19615
14453 132 6617
13728 124 6238
17132 383 19165
14725 7 358
15275 1 57
17524 164 8247
14377 242 12130
18918 5 274
17655 81 4098
15774 103 5187
15279 57 2898
15639 28 1448
17661 58 2901
15264 71 3563
16826 132 6602
14790 118 5947
17663 60 3008
17678 61 3066
14293 157 7862
15116 194 9701
16169 188 9430
14806 61 3074
16489 164 8241
18272 55 2766
18044 414 20720
17975 226 11333
15801 395 19794
18701 6 316
16090 59 2999
17684 27 1398
14551 197 9896
18781 94 4705
15923 378 18901
14785 50 2525
15722 88 4447
17829 236 11849
14369 160 8018
16092 7 368
17128 85 4270
16588 39 1998
18666 9 499
17210 191 9551
16038 430 21518
15946 156 7810
18907 34 1745
17053 43 2196
14227 134 6734
15966 83 4192
15348 57 2893
17100 12 610
13940 49 2483
13985 0 33
14556 178 8914
14088 15 772
15116 12 603
15713 162 8116
15383 175 8756
14148 9 453
15328 85 4273
15057 58 2936
15713 80 4018
18752 223 11199
14990 170 8517
13794 64 3240
17009 17 890
16426 44 2207
14774 127 6381
14111 38 1907
15328 193 9699
14870 76 3819
18492 217 10897
15127 45 2262
14408 5 255
15392 69 3469
18032 504 25201
15416 32 1629
17556 139 6977
16028 521 26072
18615 118 5938
18754 220 11018
15222 162 8102
15683 70 3534
17079 27 1395
14548 120 6036
15057 106 5322
17637 27 1359
15254 130 6509
15301 4 211
18248 81 4099
15785 222 11113
17566 221 11053
16389 51 2554
14343 321 16066
14556 8 424
15392 61 3053
14938 27 1361
15116 114 5722
14940 15 764
14553 308 15436
16022 15 752
15383 138 6915
18482 27 1393
14729 86 4321
15489 146 7302
14379 204 10249
14468 116 5831
13709 207 10375
14524 22 1116
16801 85 4277
16118 77 3887
17620 34 1740
14664 206 10317
14367 192 9642
15416 47 2355
15392 69 3487
17856 64 3245
15291 178 8909
15909 168 8438
17100 135 6753
14445 125 6261
18911 130 6515
16299 27 1356
15554 241 12065
18794 105 5286
14464 85 4296
15966 5 295
17985 383 19162
15464 269 13458
15057 130 6529
14263 291 14563
14626 203 10195
15805 10 541
17566 33 1683
14431 66 3316
18619 41 2054
16878 76 3802
15989 88 4406
15115 170 8515
14725 80 4019
14632 100 5038
17349 96 4839
17992 48 2402
18032 298 14922
17499 6 350
14117 6 334
17471 16 805
14557 163 8156
14049 116 5824
17789 6 342
18492 552 27613
14754 0 41
13712 31 1576
16782 31 1576
17985 215 10775
17655 95 4770
15291 137 6879
16826 72 3625
16158 406 20342
17128 132 6622
18740 4 212
15504 51 2562
16089 348 17443
18574 91 4590
14741 134 6710
14907 53 2652
17592 167 8370
14093 232 11644
16499 112 5624
18024 583 29154
14306 24 1204
17448 208 10420
15279 26 1305
15590 322 16111
15316 116 5842
16676 51 2595
13776 26 1308
15343 6 329
17213 65 3283
15491 116 5819
14959 47 2361
16426 44 2207
17482 63 3173
17584 53 2659
18779 261 13074
16095 417 20852
16095 415 20776
16022 443 22177
15166 324 16244
14535 122 6112
14772 260 13002
14313 158 7945
14989 203 10167
14367 145 7273
17675 78 3904
14259 114 5724
18951 309 15459
15061 219 10988
16095 96 4846
18032 445 22254
14721 174 8716
14300 26 1349
13736 196 9820
14453 88 4410
17314 43 2157
15491 95 4775
15987 248 12438
15172 49 2459
18032 343 17153
16845 438 21934
15803 87 4386
18685 330 16518
16006 64 3246
18747 1 64
17339 30 1521
14224 73 3656
18920 5 253
17990 411 20553
15701 258 12944
16818 49 2488
15073 164 8240
13945 268 13447
17100 129 6483
17661 4 247
13945 268 13447
17146 67 3371
15634 35 1769
13982 88 4440
14763 38 1950
16207 51 2600
14445 96 4824
17861 300 15021
14300 26 1309
15147 69 3484
18954 113 5667
17620 119 5992
15774 78 3921
16446 265 13256
15504 80 4017
14053 132 6618
18929 200 10007
16818 30 1550
16090 202 10144
18915 216 10817
17990 390 19527
17128 85 4297
14157 65 3267
16357 8 410
15469 133 6698
17371 110 5518
18215 16 806
15939 95 4755
14290 49 2477
14367 201 10052
17005 257 12864
17210 54 2723
17459 213 10683
14121 221 11063
16331 33 1686
14818 14 716
15590 322 16111
17309 90 4535
14900 44 2247
14453 40 2021
18666 58 2942
15324 3 186
17871 244 12230
16225 41 2100
17849 184 9227
17847 317 15862
15677 24 1208
14056 7 362
17655 95 4779
17488 73 3682
17245 19 956
14152 139 6951
16493 21 1088
14377 283 14187
16161 9 460
18062 195 9757
17309 14 730
16802 194 9743
18911 55 2756
17206 410 20502
14367 187 9356
16439 47 2391
17352 152 7650
15236 87 4398
18226 240 12004
16090 89 4453
17644 36 1814
17239 297 14897
18643 57 2886
17961 1 82
15783 308 15444
17744 73 3695
14068 107 5395
13732 15 766
16117 81 4074
17409 4 236
18665 16 828
17783 79 3996
14938 287 14393
17990 390 19510
14121 221 11070
18054 185 9282
17488 253 12661
18779 2 130
13950 235 11799
18644 94 4750
14361 30 1518
15222 25 1279
18685 250 12537
16772 69 3496
17100 129 6469
17865 375 18777
18933 104 5238
13902 56 2820
15160 130 6542
14068 236 11824
14363 120 6008
18953 405 20286
13721 125 6292
14617 76 3842
14459 92 4641
15328 166 8316
14901 171 8595
16188 0 36
18253 177 8893
14263 111 5558
17237 249 12487
14938 39 1964
17371 188 9429
15147 1 63
17488 298 14923
13791 101 5054
18261 24 1217
18709 77 3898
14715 55 2776
14455 108 5403
15930 519 25979
18233 279 13961
13736 115 5784
14912 132 6646
14379 86 4333
15447 209 10496
17495 18 904
18768 2 115
14263 85 4260
15913 52 2623
15017 179 8997
15152 21 1057
14555 230 11507
16094 156 7803
15805 22 1105
15946 9 473
14427 214 10749
15966 83 4178
14425 119 5959
17070 286 14325
14551 160 8034
14300 15 784
18257 31 1568
14955 161 8075
16746 130 6514
15161 201 10060
17398 174 8719
17185 95 4797
18953 49 2495
15328 193 9679
15640 11 577
17028 23 1180
14993 94 4726
14891 134 6733
17985 237 11875
17371 513 25663
14245 63 3191
15236 87 4376
14039 84 4227
16267 14 708
16063 21 1082
14272 78 3931
15392 73 3659
15115 3 183
15330 54 2732
18743 112 5636
16772 69 3490
16161 114 5746
14332 8 409
17239 292 14624
17849 184 9239
15916 239 11960
15402 84 4249
18035 145 7280
16499 503 25157
15590 142 7120
15166 338 16904
17566 118 5941
16583 304 15242
15916 239 11972
14782 16 812
16583 280 14031
16067 146 7326
15987 460 23047
16096 16 847
15291 196 9839
14921 54 2704
18907 4 214
18226 168 8419
14644 149 7459
17871 312 15612
17119 51 2557
17665 7 375
17620 194 9713
18005 24 1223
18948 53 2655
14290 9 484
14259 114 5724
14452 7 364
17206 65 3252
14124 212 10639
16267 153 7688
15128 140 7049
14801 172 8602
14185 13 691
17992 48 2402
14363 120 6041
16526 51 2571
16118 77 3863
14324 32 1624
16584 88 4421
14626 223 11165
13810 10 522
15701 258 12944
17100 135 6753
16894 199 9952
14157 175 8758
14014 18 918
16051 100 5017
14020 4 216
14924 41 2096
14626 223 11179
17287 160 8040
13982 17 888
16337 56 2804
15482 41 2083
14609 176 8819
17135 47 2385
15383 38 1929
15140 129 6460
14259 232 11649
14068 217 10865
15987 453 22677
14948 19 973
17530 2 104
17197 12 609
17459 213 10656
17206 329 16484
14597 162 8137
16095 96 4816
15053 81 4068
17138 57 2889
14942 279 13994
14615 62 3146
15328 116 5811
18740 78 3931
18470 16 847
17865 402 20147
17065 183 9160
17352 173 8671
17429 15 769
13802 14 746
15116 194 9719
14098 134 6703
14559 51 2598
15499 66 3344
17005 257 12864
15251 5 255
16118 231 11568
16199 372 18601
14408 5 292
18699 203 10187
17172 68 3438
14707 44 2228
17987 2 123
15587 27 1393
17871 303 15174
15720 9 456
17655 219 10970
17400 121 6072
14129 10 536
14270 283 14158
17371 188 9429
17753 117 5853
13982 17 888
15160 159 7975
14129 47 2355
14300 103 5183
13799 12 623
17783 55 2799
17865 125 6265
18492 240 12025
15909 69 3452
18907 201 10069
14093 231 11570
18862 6 324
18005 34 1748
17830 41 2095
14185 2 137
17048 99 4981
14556 156 7838
14066 55 2772
15345 12 620
14772 276 13825
14938 36 1811
16935 297 14893
16446 188 9407
15116 12 603
14524 9 458
15774 316 15826
18497 316 15840
14940 64 3228
