9649 166 8301
9313 69 3451
9689 179 8972
10534 202 10117
9546 209 10489
11965 56 2806
10886 303 15183
9538 334 16732
8549 67 3358
11263 50 2542
9482 166 8301
9347 178 8920
13675 151 7598
8467 105 5270
12073 2 147
11631 266 13306
10480 264 13208
10540 63 3191
11095 182 9109
12422 158 7947
12016 400 20009
9649 89 4493
10502 201 10051
9587 157 7869
8769 102 5113
10441 3 167
9328 52 2607
10905 145 7272
8769 197 9876
13525 9 491
9474 143 7151
9542 127 6399
9491 0 14
9299 152 7647
9644 33 1664
13629 87 4378
9241 75 3782
8987 120 6041
10732 6 344
10490 171 8578
8708 48 2438
12056 161 8059
12454 114 5743
12508 124 6220
9580 5 256
9144 115 5779
10693 315 15790
9084 88 4435
9358 241 12075
8797 26 1320
9639 84 4244
8691 115 5764
8862 222 11123
9022 122 6145
13635 82 4105
13678 10 529
10719 167 8365
10574 331 16583
11182 151 7575
11796 74 3715
8697 300 15035
12566 198 9908
10434 112 5604
9369 69 3484
9299 133 6698
9519 71 3595
9039 15 773
9649 124 6201
9619 180 9032
8917 350 17528
9619 131 6566
9300 121 6072
9245 84 4213
12482 41 2068
10924 20 1035
9217 0 43
10688 133 6676
9677 113 5700
9587 83 4175
9349 278 13906
9656 91 4572
8777 15 771
12075 52 2649
10627 5 284
9636 145 7268
9586 370 18527
10547 85 4254
9065 23 1176
12139 342 17104
9435 199 10000
9559 125 6299
9519 198 9912
9364 65 3279
11894 23 1196
9350 19 988
9023 52 2640
8543 30 1521
9341 202 10142
9523 25 1289
9347 174 8716
9002 170 8519
11909 35 1767
9435 128 6445
9367 60 3013
8811 38 1949
8813 33 1669
8990 191 9577
11286 86 4336
10583 22 1128
10680 79 3979
10355 231 11565
8817 21 1069
9344 102 5125
9215 47 2381
8990 75 3764
9226 86 4303
9358 307 15392
12080 162 8138
10307 136 6827
11583 8 404
8661 18 903
8473 6 308
11884 315 15755
10553 33 1654
9343 24 1223
10705 29 1496
9421 41 2086
9094 28 1423
8650 72 3618
9512 340 17016
9066 64 3235
9545 161 8083
10856 89 4489
10584 154 7750
9669 93 4693
8460 88 4425
12040 20 1008
10432 327 16356
8971 92 4606
9289 238 11943
9500 294 14720
11524 230 11537
12056 375 18777
8495 13 662
10724 125 6280
10654 82 4139
9546 36 1814
11963 391 19593
8537 306 15302
11925 77 3858
8939 19 959
9063 60 3023
12069 28 1450
10432 290 14508
9749 25 1277
9608 96 4827
13568 105 5263
10668 67 3395
10445 177 8895
8691 34 1744
9298 142 7112
9620 97 4851
8668 157 7867
10987 90 4518
9416 69 3470
8697 300 15009
9447 51 2571
11169 210 10518
9310 103 5184
9440 85 4272
9289 271 13597
8458 14 705
10574 265 13289
9238 16 830
8687 221 11056
9085 109 5483
9656 64 3235
9586 418 20928
9226 315 15754
10674 48 2427
10597 74 3707
8762 132 6635
10836 25 1299
9341 142 7107
9297 327 16351
9644 50 2513
10505 124 6237
12561 257 12882
12422 76 3817
9351 22 1149
10696 305 15268
8700 19 959
8495 25 1256
9523 109 5480
9640 72 3642
9704 193 9672
8993 8 437
12083 79 3973
8954 71 3570
9297 130 6545
10492 4 219
12505 48 2447
8747 69 3463
10657 95 4778
9529 517 25862
10741 211 10589
8909 31 1565
10533 121 6080
9531 410 20528
8465 345 17283
9349 127 6399
9546 52 2621
9486 170 8511
10489 70 3505
11297 79 3966
10836 25 1266
11917 37 1873
9345 101 5095
11240 46 2303
9689 50 2536
10534 202 10117
13652 66 3340
10478 112 5642
8770 176 8826
9088 75 3757
9313 43 2177
9662 87 4381
11766 124 6201
12379 106 5350
8738 298 14905
10696 328 16440
11974 63 3174
10635 36 1837
11974 111 5565
9590 450 22518
8548 168 8445
8855 32 1638
9467 309 15491
10784 154 7707
8776 118 5945
9216 145 7257
11119 298 14909
10728 74 3722
8648 321 16094
9216 94 4739
13658 36 1809
9208 341 17091
9386 15 768
10667 87 4394
9238 16 811
9326 62 3121
11869 98 4902
11844 153 7679
9349 135 6787
8908 166 8317
8695 63 3177
8620 50 2538
8683 251 12572
11521 95 4759
9052 125 6264
10366 2 126
10473 305 15299
9584 2 109
9023 135 6785
8740 51 2560
8471 134 6730
8584 25 1284
8495 15 798
8750 44 2241
9341 75 3777
8972 145 7269
13638 5 270
9417 38 1911
8917 312 15635
10441 269 13456
8738 192 9614
8548 171 8558
10551 94 4712
11603 33 1660
9223 12 628
13629 87 4377
8538 119 5986
10445 78 3901
9699 21 1099
10529 112 5635
10502 211 10599
10700 245 12262
13642 58 2913
12442 27 1399
11095 256 12817
11822 32 1621
8747 162 8121
12382 255 12778
9338 41 2098
9512 40 2023
8460 216 10823
8537 220 11043
8792 10 532
9590 350 17538
9689 237 11879
12039 56 2843
9454 51 2596
9023 280 14042
9765 26 1326
9356 210 10517
9518 234 11729
9366 90 4504
10827 15 778
8960 91 4565
11494 168 8419
11965 56 2806
9439 14 745
11279 81 4099
9188 153 7685
8471 198 9911
11508 101 5064
10675 238 11910
9515 339 16977
8935 138 6914
12039 248 12429
8691 34 1744
8719 74 3742
8687 216 10811
10663 52 2636
9299 188 9445
8762 233 11664
10610 1 81
9532 61 3089
9620 146 7314
8750 121 6077
9570 332 16631
10755 203 10199
9599 50 2527
9087 30 1508
10675 99 4991
10547 4 219
10613 4 226
9615 214 10745
9412 160 8007
8471 206 10333
9407 36 1824
9491 0 14
12456 44 2209
9656 330 16510
11197 32 1649
13583 170 8510
9578 159 7990
9653 322 16122
8796 23 1153
9667 1 82
9545 282 14122
11865 18 911
13692 14 750
10441 174 8733
8441 123 6176
9653 29 1466
10517 166 8332
10583 16 811
9712 46 2304
12066 65 3286
9523 636 31837
9617 43 2188
9444 332 16608
9033 228 11407
9473 33 1658
9579 270 13541
10563 105 5252
13584 0 46
9437 163 8176
9610 4 218
13582 51 2569
12431 210 10509
8440 72 3641
9473 12 603
8650 72 3618
9208 131 6553
13505 26 1323
10690 238 11902
10741 78 3919
9445 315 15753
9024 206 10302
10540 47 2400
8467 164 8215
9398 37 1876
9385 240 12048
10546 60 3045
9307 27 1371
9523 207 10371
9532 16 819
9208 80 4008
8578 109 5462
9542 275 13764
9437 163 8176
11869 66 3335
11872 205 10268
9570 52 2644
9304 93 4684
10389 35 1789
9604 0 48
9030 57 2888
12075 141 7051
8776 62 3125
11025 24 1204
10747 3 152
13651 152 7626
10635 60 3009
10665 47 2364
8857 54 2718
8465 197 9884
10593 208 10439
8876 141 7095
9432 160 8027
10635 266 13314
9372 185 9258
13621 27 1352
8990 168 8430
8409 2 111
10705 247 12362
8959 220 11028
8664 88 4427
11545 145 7274
9435 220 11009
9067 103 5174
9523 207 10371
13648 51 2555
9750 88 4446
9265 11 593
9620 264 13241
10625 238 11929
8529 109 5458
8579 105 5255
9095 247 12372
11682 63 3151
10593 336 16813
9592 16 803
10449 317 15876
12004 54 2741
8804 145 7271
12517 207 10372
8993 9 497
12565 334 16750
10694 200 10048
9068 342 17101
9435 128 6438
11833 124 6238
13661 55 2777
8799 64 3222
12070 320 16006
13507 58 2903
8410 29 1486
10529 98 4949
9386 15 768
10386 130 6522
9417 34 1726
9282 30 1517
12080 162 8138
10389 40 2019
8548 202 10141
11675 109 5480
9651 322 16107
9370 337 16892
12539 36 1802
9523 77 3856
11521 123 6169
9226 144 7201
9311 169 8466
10745 309 15491
10884 292 14647
9096 146 7343
10538 160 8021
12084 53 2652
11923 186 9311
9706 75 3769
8830 7 355
11917 37 1873
13662 76 3816
10667 85 4257
10447 79 3972
10545 129 6477
9512 287 14365
8897 4 215
10755 111 5586
9208 340 17006
8799 65 3275
10846 31 1589
9358 186 9308
10938 133 6656
11507 147 7353
12565 316 15835
12083 207 10354
11601 81 4080
9096 340 17026
9249 194 9727
9518 198 9910
11965 116 5847
12083 79 3973
11715 155 7782
10689 34 1743
10480 38 1920
10505 127 6366
9319 73 3687
9282 29 1484
11593 21 1078
11503 7 382
11507 145 7283
9570 332 16631
9632 108 5446
10595 3 185
9307 3 192
8680 29 1481
9546 250 12509
11291 117 5852
8885 206 10301
12514 61 3067
8471 17 897
9447 49 2473
9601 445 22280
8473 36 1850
8959 108 5429
10721 322 16145
12108 2 104
9651 5 277
12108 55 2784
10847 88 4430
12025 4 246
10646 207 10354
9201 32 1605
9349 130 6545
10660 305 15252
9427 180 9020
11726 284 14201
11601 234 11746
13476 29 1453
8879 87 4392
8990 193 9654
9651 111 5592
9313 82 4106
12518 34 1730
10490 250 12513
11907 23 1173
10432 6 309
9084 88 4439
8996 246 12302
8695 74 3702
10712 262 13109
13660 252 12625
9559 125 6299
9299 188 9445
10522 56 2844
8548 67 3388
9668 222 11149
10482 34 1706
9577 16 802
13616 166 8335
9578 224 11221
9215 334 16736
9446 23 1196
8460 220 11019
10793 71 3563
8644 12 613
8977 61 3095
9226 351 17578
9660 123 6187
11531 110 5547
10439 52 2630
11796 74 3715
10547 71 3593
9095 247 12372
9640 42 2146
12095 87 4369
9063 308 15432
9545 161 8083
11527 131 6553
9208 205 10257
10666 82 4124
10529 161 8095
8538 322 16119
9249 58 2922
9656 68 3409
11201 30 1530
12529 36 1810
10608 7 362
12533 0 10
9590 106 5302
9442 239 11978
10675 117 5898
9316 32 1610
9292 25 1261
9650 76 3841
9499 422 21115
12110 96 4808
13689 77 3885
9372 70 3512
9481 135 6783
9217 0 43
9518 68 3412
8646 87 4387
10696 55 2776
8446 105 5263
11751 332 16607
10716 112 5605
9526 342 17124
9498 248 12433
12041 45 2297
13475 42 2108
8529 337 16892
10608 31 1578
8923 16 840
9063 308 15432
9585 81 4052
8683 81 4095
8934 21 1085
9087 48 2405
12556 79 3972
9689 236 11801
9063 60 3023
12527 18 922
11830 84 4241
9349 219 10966
9421 41 2075
10478 85 4292
9565 46 2304
12538 4 203
10538 90 4502
8546 139 6963
11807 8 418
9564 463 23191
9583 436 21812
9586 418 20928
9245 186 9304
10502 211 10559
10696 267 13352
8529 4 201
9489 3 156
9337 15 757
9679 87 4371
9499 60 3028
9201 158 7923
8704 9 492
10478 93 4670
9431 53 2678
10480 271 13566
9377 77 3896
8666 278 13914
10750 45 2273
13681 37 1875
9356 265 13286
10712 262 13109
10645 11 561
13612 26 1325
9412 167 8376
13544 37 1878
10562 191 9579
8943 52 2618
9201 34 1731
9526 157 7874
11589 149 7475
9095 155 7779
8706 19 956
8746 63 3155
8656 77 3864
12449 188 9427
9525 134 6710
9336 76 3829
9576 10 525
9282 49 2479
12382 115 5787
11906 19 981
9570 103 5182
11869 125 6287
10694 30 1509
10719 100 5049
9569 207 10393
9208 82 4107
11644 54 2702
8528 28 1407
9444 88 4424
9602 104 5222
12061 315 15754
11746 9 494
13688 23 1188
8543 4 237
8719 152 7616
10436 34 1749
8770 33 1699
8976 26 1311
12431 100 5016
13582 62 3106
9570 102 5121
10501 262 13133
12454 82 4109
8959 216 10844
13529 20 1020
12040 23 1179
8996 107 5383
10386 130 6522
9558 70 3544
8810 10 503
11976 276 13809
10520 284 14249
11884 3 186
11775 84 4217
9052 101 5089
8686 18 932
9068 272 13629
9689 236 11811
8776 63 3154
11103 38 1904
9677 166 8308
8445 116 5811
11909 175 8760
9690 0 25
11831 74 3738
12539 35 1757
8590 31 1582
8471 136 6838
10483 21 1080
12426 38 1942
9703 63 3166
12015 27 1391
12040 20 1008
8539 101 5076
11603 2 117
12382 104 5216
11845 32 1637
12454 350 17543
8578 150 7539
10689 35 1763
8746 182 9139
12516 71 3567
8436 54 2741
9634 7 358
12070 5 298
10493 18 926
9301 110 5549
10493 122 6140
10804 259 12952
9660 78 3920
11512 82 4123
12422 199 9951
9300 154 7740
12056 62 3101
10441 8 432
9576 15 780
9618 146 7306
10595 4 246
9214 131 6557
8776 135 6771
9350 39 1992
8548 130 6510
10439 50 2532
9704 131 6596
10445 192 9614
12514 120 6018
9523 543 27153
8537 225 11291
9586 207 10388
10803 39 1955
11926 201 10053
10561 46 2326
9060 129 6465
12442 249 12495
11865 37 1871
9324 8 410
9472 40 2043
8771 106 5324
10634 235 11798
10721 292 14631
9304 96 4803
8885 207 10368
8719 11 560
11989 76 3822
8626 40 2049
12550 101 5077
9445 36 1804
11804 309 15478
9338 165 8264
8899 33 1657
11746 87 4386
11540 75 3772
9349 217 10861
9454 109 5498
8908 169 8480
9064 111 5560
10602 13 679
12046 43 2192
9457 60 3001
8971 91 4564
9068 49 2488
9479 60 3031
9297 47 2370
12495 82 4121
10645 49 2492
10838 14 701
8617 53 2685
11108 88 4439
9702 279 13995
8656 102 5125
8445 135 6774
10648 160 8016
8994 71 3553
10665 101 5080
9515 339 16981
9601 316 15848
10578 45 2282
8786 163 8165
11878 91 4570
8648 214 10734
10668 270 13543
9717 260 13043
9599 82 4125
8510 3 192
9489 7 353
11508 278 13937
8666 13 659
9336 59 2989
9481 135 6791
10609 194 9723
10972 38 1931
8683 36 1836
12056 67 3373
9344 183 9184
9702 172 8649
11844 153 7679
12545 116 5847
11545 14 709
10396 1 79
12011 35 1763
8471 205 10289
11653 25 1254
12543 197 9875
9442 97 4878
9482 183 9188
11553 206 10309
12485 149 7466
10597 260 13021
9345 103 5155
8460 172 8603
9465 57 2859
12057 112 5603
9226 298 14901
9394 79 3986
9310 53 2699
13688 88 4403
9094 40 2045
9628 69 3496
10442 155 7766
8666 172 8641
9726 90 4532
10599 16 846
10657 12 625
9245 310 15534
11614 7 384
8541 18 941
9615 180 9027
8738 205 10269
9191 117 5873
9617 186 9336
9494 544 27237
10442 226 11340
12514 61 3091
9704 261 13072
8677 40 2034
10608 4 233
10436 33 1696
9577 44 2229
8455 208 10417
10707 23 1158
13648 85 4271
8918 239 11985
10734 29 1476
9618 96 4844
10819 28 1412
9619 149 7469
10760 197 9869
8537 240 12010
9656 330 16516
8955 100 5007
12139 25 1254
9305 56 2801
9372 72 3610
9210 224 11223
8738 298 14905
8664 97 4898
10521 62 3109
10666 150 7509
9602 350 17529
9345 186 9313
9245 329 16488
8934 63 3173
8413 305 15270
9601 343 17174
11605 2 129
10675 96 4837
9612 21 1056
8740 25 1271
9292 11 556
11922 196 9803
9347 83 4162
8908 281 14095
11884 257 12866
10729 47 2373
12503 10 506
10867 20 1001
9060 128 6418
10355 305 15277
10502 10 528
12004 115 5754
10804 256 12844
9364 63 3161
10612 98 4907
12482 175 8753
10546 40 2036
9601 36 1805
10571 16 848
11935 189 9456
10856 20 1018
9075 246 12302
8794 98 4937
9079 21 1090
9232 64 3210
9597 505 25274
12080 26 1346
11913 70 3519
9361 41 2074
8455 106 5302
12543 277 13893
8408 88 4444
8740 80 4015
8763 12 619
8904 62 3136
10710 57 2862
11800 52 2641
11524 150 7516
9348 25 1275
8460 216 10823
9603 113 5676
9407 356 17823
9765 25 1281
9068 191 9555
10625 297 14870
12042 37 1889
9349 68 3436
11946 23 1184
12048 34 1719
8652 44 2227
9519 42 2110
9065 46 2321
8740 51 2560
8541 81 4055
8861 71 3569
10675 271 13600
9061 25 1291
9412 202 10107
8421 40 2038
10640 11 569
13668 73 3663
8460 197 9885
8996 357 17887
9356 30 1539
10747 20 1023
10366 2 126
9576 60 3007
8691 32 1612
10502 183 9186
8683 153 7663
11678 101 5064
10356 36 1808
10616 7 371
8495 47 2378
10556 0 24
9299 213 10654
8853 99 4982
10383 33 1700
11927 291 14569
8656 77 3859
11738 177 8870
9615 344 17237
8807 138 6901
8590 30 1515
11686 6 334
9366 111 5560
11895 198 9943
8888 100 5003
11943 237 11854
10927 208 10411
9559 67 3358
9360 13 665
12069 45 2299
9632 172 8603
12529 127 6393
11554 114 5740
11913 163 8176
9590 460 23012
13617 249 12493
9538 390 19502
10867 21 1069
9564 400 20040
10504 74 3728
9586 615 30792
9729 85 4277
8893 298 14946
9706 25 1270
9067 4 222
10721 2 137
9706 24 1205
9651 101 5081
11924 40 2020
11919 55 2773
12073 103 5190
11842 192 9633
8972 144 7211
10635 174 8716
8409 103 5163
9081 110 5523
8918 251 12600
12139 278 13946
13470 52 2626
9205 311 15568
11990 26 1311
8418 48 2425
11804 309 15478
8964 77 3860
11637 175 8796
9195 286 14343
8955 77 3882
9298 159 7978
9090 71 3577
9603 515 25799
12084 83 4193
9590 519 25970
11540 8 403
11959 34 1743
10578 146 7348
9369 99 4965
13582 35 1785
13638 169 8484
10675 272 13617
10748 42 2125
11836 19 991
11831 14 701
9313 111 5594
9040 327 16369
8962 30 1522
8855 3 185
9347 71 3599
10580 118 5916
13678 54 2708
10807 92 4621
10873 19 970
9587 363 18160
10849 198 9943
8468 73 3692
13470 84 4232
11990 26 1311
8912 16 837
9492 158 7940
10591 288 14436
9499 456 22804
10908 109 5478
9472 34 1719
13689 77 3895
13617 203 10159
8590 93 4678
10445 5 274
9341 199 9986
8747 5 285
8959 232 11623
10563 169 8458
9458 249 12478
10475 282 14106
9717 179 8976
11745 209 10474
10434 119 5998
9240 94 4711
8701 163 8154
12539 164 8244
9088 84 4207
9656 56 2833
11029 71 3573
11922 155 7764
11294 3 190
9445 36 1816
8460 197 9885
10517 166 8317
9288 177 8874
8796 3 181
10485 10 513
13638 225 11299
9618 146 7349
10700 190 9524
11852 37 1878
11815 265 13290
10471 116 5843
10355 46 2335
11921 107 5396
11162 25 1289
13689 115 5795
8538 187 9390
9678 154 7750
10988 159 7979
10583 43 2180
8770 248 12417
10645 18 934
10708 66 3342
13647 25 1256
9619 57 2859
9297 364 18221
9310 114 5703
9467 217 10856
11215 40 2049
10668 231 11581
9499 304 15205
8682 100 5034
11952 23 1163
11149 113 5684
9586 28 1447
11500 57 2856
8687 94 4708
9225 119 5996
10441 131 6582
8957 300 15009
9529 629 31469
10688 145 7268
9564 326 16338
10568 33 1666
12368 36 1834
9370 295 14763
10804 259 12952
9580 7 380
9651 259 12959
10675 189 9483
10666 155 7788
8934 63 3173
12077 3 182
8955 100 5007
9208 159 7960
9386 15 768
9601 211 10562
11720 19 981
8770 32 1637
8770 157 7857
9460 37 1884
8701 209 10486
10502 299 14969
9602 550 27504
9535 162 8125
13629 117 5896
9512 38 1946
8927 115 5752
9068 280 14001
10611 30 1509
13625 14 736
8769 171 8568
11829 89 4475
9158 1 91
12517 207 10372
9338 9 488
9037 244 12246
9338 223 11188
13680 71 3565
9208 207 10389
9064 273 13658
10700 256 12816
11915 14 749
9060 140 7018
10445 34 1737
10501 229 11476
9479 303 15167
9149 5 276
9215 68 3413
11108 104 5223
10771 251 12578
9458 251 12584
10763 32 1611
8706 21 1054
9526 136 6838
10493 18 926
9289 111 5580
8876 141 7086
9527 416 20815
12121 3 182
10382 41 2099
9385 111 5575
9765 26 1312
11832 140 7037
11500 46 2315
12083 242 12108
8995 196 9801
8718 56 2810
9362 151 7569
11804 105 5279
12401 7 397
9064 202 10139
13505 23 1188
8907 185 9284
9480 10 536
9412 167 8376
9338 243 12179
9519 18 930
11848 50 2526
8786 35 1796
8436 68 3401
9278 38 1923
12382 255 12770
9081 140 7020
9341 200 10029
11196 7 386
10502 319 15980
8796 21 1071
8989 73 3674
12495 82 4121
9695 6 341
13617 8 401
13621 27 1352
9273 226 11332
11885 70 3504
9546 164 8248
8706 20 1047
9657 5 260
9341 250 12503
8706 21 1075
9704 53 2660
9095 121 6066
13675 257 12871
8454 10 522
10908 109 5478
12025 84 4233
9729 50 2542
9458 186 9348
8981 0 20
9730 25 1256
10987 90 4518
9457 61 3069
11787 88 4428
8410 47 2379
8691 193 9673
10824 114 5745
9658 37 1898
9243 105 5268
10522 101 5088
10627 16 810
10490 294 14724
8455 75 3775
9682 80 4023
9348 69 3476
9299 154 7738
8762 173 8695
11761 98 4949
9092 8 438
9395 149 7478
11878 217 10852
8857 54 2718
10737 124 6245
11845 32 1637
9765 119 5968
11116 139 6974
11989 34 1702
10634 290 14505
13518 0 40
10712 261 13056
10478 165 8263
10721 292 14631
9037 252 12606
10478 77 3857
8748 125 6275
12545 42 2105
9695 26 1330
12069 62 3110
10441 51 2572
10727 269 13467
10534 128 6422
11990 74 3734
10726 28 1401
12434 2 127
9704 131 6596
9632 9 453
8771 126 6350
9592 0 47
11644 54 2702
10735 114 5725
11969 49 2489
10694 154 7705
9385 58 2934
10530 260 13021
8906 140 7012
9447 49 2473
9564 299 14992
8590 32 1613
8989 76 3833
8794 319 15982
10602 111 5588
9579 126 6333
9336 59 2961
8460 243 12194
9284 49 2491
11822 13 681
10390 71 3584
9336 16 821
11674 59 2953
8668 53 2689
10712 262 13109
9434 111 5568
9651 64 3226
8434 101 5071
8784 50 2527
10386 53 2684
11979 13 685
9677 157 7872
12485 104 5205
10562 170 8518
9210 284 14222
10688 142 7113
8690 51 2576
11524 192 9618
11766 183 9154
12054 211 10579
9305 126 6311
8672 36 1806
9546 35 1766
9605 92 4603
10356 11 567
10953 47 2393
9395 336 16814
9316 13 663
8702 139 6992
8977 61 3083
9215 334 16736
9695 28 1413
9564 78 3948
12056 307 15367
10520 198 9943
10529 103 5156
9395 166 8309
9080 164 8241
8413 226 11324
9288 48 2423
9531 107 5362
8546 139 6963
9238 119 5971
11800 52 2641
11970 28 1413
8413 275 13757
9507 70 3517
9095 354 17719
12538 8 431
11976 283 14185
10665 50 2540
9316 33 1699
10538 140 7043
13668 72 3638
13565 110 5530
10618 8 419
9386 17 859
10593 23 1176
10613 152 7623
8471 133 6666
10382 54 2726
10665 167 8371
9679 209 10461
10436 148 7411
9348 105 5295
8683 74 3745
11779 149 7456
10591 170 8506
9682 67 3354
10755 314 15743
11766 124 6201
9592 256 12809
11868 58 2914
8748 142 7118
11971 53 2652
9085 162 8138
8804 116 5801
8616 156 7849
8959 113 5693
8963 10 537
9064 268 13438
10755 103 5160
9531 407 20377
9473 53 2656
13638 187 9390
8810 10 503
9584 80 4038
10520 341 17086
10602 111 5553
11527 129 6467
13648 2 142
9358 309 15451
8473 50 2501
9472 33 1671
8862 46 2303
9517 103 5178
10760 132 6642
9427 13 691
8531 18 920
10504 260 13005
9649 150 7545
10974 18 950
8759 23 1171
9569 198 9915
10695 3 171
11976 26 1341
9336 16 830
8686 16 823
12495 109 5460
9601 526 26337
11149 113 5684
11150 23 1157
11134 35 1794
8506 28 1401
11719 17 887
9523 114 5735
8748 81 4067
12145 231 11555
10516 78 3937
9095 296 14843
10516 20 1016
8547 275 13777
8786 39 1961
10502 175 8778
8473 6 302
10772 2 139
9445 317 15888
9002 115 5791
12042 37 1889
13651 100 5033
8935 138 6914
11746 89 4478
8746 63 3155
12137 134 6732
11762 231 11578
9720 4 232
9558 22 1101
9068 49 2488
8562 99 4973
9002 303 15195
10569 71 3557
8769 241 12080
12379 106 5350
9602 350 17509
12431 95 4792
11583 8 404
8770 31 1570
8885 95 4773
9601 345 17276
10551 47 2377
8691 31 1600
10746 40 2037
12442 40 2020
8454 35 1790
9670 104 5215
9482 182 9111
10694 200 10048
10592 228 11434
12379 68 3418
10491 18 942
8719 250 12513
9295 70 3544
11763 170 8549
9030 32 1611
11974 86 4350
9608 97 4862
8680 242 12133
9236 4 248
9404 182 9108
8971 38 1903
8794 352 17639
8804 68 3446
13688 88 4421
9281 241 12092
10501 59 2985
9591 124 6224
10627 45 2260
10516 75 3795
12006 47 2361
13665 23 1193
10504 249 12461
9394 78 3914
8537 305 15255
9619 132 6606
8549 64 3240
10480 134 6747
8565 1 67
8975 110 5502
10772 270 13533
8700 67 3357
10502 105 5264
9481 312 15621
10595 67 3385
9562 152 7606
9307 25 1255
9636 32 1605
12095 98 4930
11842 192 9635
10654 36 1801
8751 73 3655
9372 70 3512
9472 113 5652
13565 3 183
9605 285 14284
9249 193 9676
9096 96 4836
13469 16 850
9505 187 9356
10371 32 1604
9597 242 12106
9205 311 15568
9583 559 27966
10366 11 573
8784 145 7283
10606 7 396
8804 65 3283
11811 2 132
9326 75 3768
8444 15 779
9398 39 1951
9247 68 3441
9158 1 91
9602 609 30492
10480 131 6551
9404 183 9158
9320 0 28
10737 261 13094
9440 7 378
10704 105 5280
9467 235 11791
8590 107 5357
8750 219 10965
13644 91 4590
9494 534 26749
8411 31 1587
12482 145 7275
12067 40 2011
11946 23 1184
9040 327 16369
12107 7 371
9439 14 745
8888 10 547
8590 31 1582
10481 82 4145
10446 35 1754
9094 25 1291
8989 57 2879
9060 166 8334
9088 77 3864
10442 196 9814
10928 49 2496
8460 224 11224
10437 62 3146
9326 28 1423
9325 169 8462
10633 12 643
11150 55 2777
9064 65 3254
8691 43 2160
9570 276 13805
12075 52 2614
9085 49 2468
9146 20 1024
10562 168 8436
10448 36 1827
11545 135 6783
9404 179 8987
12046 36 1845
8917 82 4140
8936 51 2584
8697 300 15035
8740 63 3180
9095 9 474
8923 17 874
10969 62 3112
11529 319 15984
8855 97 4871
9679 83 4193
9327 28 1412
9064 193 9685
8918 300 15033
9326 94 4747
11088 15 793
12056 11 561
8759 23 1171
12107 114 5719
9679 209 10473
10434 119 5998
10478 77 3857
9440 217 10856
9080 143 7189
9366 67 3379
11821 23 1152
9080 164 8241
9278 38 1923
9518 198 9910
8893 205 10273
10591 322 16119
13660 9 467
10382 61 3078
9640 42 2146
13614 94 4715
9385 123 6195
8922 51 2553
11972 48 2431
8410 229 11466
9454 83 4156
11724 250 12526
10485 10 513
9499 9 473
10547 71 3586
10743 155 7791
13647 25 1275
10530 206 10314
8787 9 495
10689 35 1763
9358 132 6602
8885 178 8907
10529 112 5635
12422 76 3840
9037 75 3799
9345 78 3939
9640 17 856
10645 24 1203
10716 113 5662
8471 256 12824
11500 57 2856
12080 110 5535
9483 98 4926
11514 30 1513
9560 167 8379
9057 99 4972
9002 165 8285
8666 275 13769
10307 99 4958
9252 22 1116
9726 69 3465
8615 3 169
11652 66 3331
9612 5 265
11804 190 9505
9499 455 22786
8977 124 6212
12080 162 8138
9578 481 24055
12086 1 60
8738 299 14964
10578 267 13389
8882 60 3011
10386 53 2684
10716 64 3211
9349 219 10966
9243 105 5261
8664 94 4725
9214 132 6628
10760 224 11250
10665 77 3873
8664 88 4427
9084 91 4575
9005 5 287
10591 320 16004
9440 7 378
13592 46 2307
9255 18 946
12069 169 8476
9578 132 6620
12140 5 299
11658 12 649
9299 71 3578
9500 656 32845
10434 118 5943
8923 16 840
12056 161 8068
9231 76 3803
9085 115 5757
8909 56 2803
10478 122 6124
8655 22 1121
8904 8 446
9324 6 313
9023 13 667
9656 68 3409
9094 25 1291
10563 316 15818
8455 186 9339
8759 29 1491
10760 193 9656
9313 82 4106
10737 280 14040
11297 14 703
8754 51 2591
10583 44 2215
9243 78 3905
13616 235 11778
9467 160 8009
10665 160 8049
10529 153 7687
8959 102 5146
11557 99 4990
9319 21 1073
11147 27 1361
13620 10 520
9386 99 4992
9442 97 4852
9358 108 5443
10530 50 2505
9289 259 12993
10687 106 5317
8711 129 6484
9392 51 2551
8421 18 907
9526 457 22862
9207 4 232
8764 126 6340
12537 0 39
9445 315 15753
10534 78 3918
10382 60 3047
13688 141 7055
11095 182 9109
9618 93 4688
11291 117 5852
8620 45 2275
11687 44 2211
12442 241 12076
12046 76 3845
8465 265 13294
10700 60 3005
10635 33 1689
9349 6 305
11553 232 11638
9474 119 5969
8578 127 6362
9269 86 4316
9009 224 11219
9340 176 8840
9241 124 6203
9397 47 2374
8769 278 13903
11244 41 2069
8919 110 5523
11782 54 2727
9057 99 4972
9605 92 4603
9621 51 2567
9085 47 2380
9023 171 8582
9205 74 3716
9706 73 3660
12496 59 2992
8906 50 2504
10437 112 5606
8539 83 4177
9064 270 13527
9587 157 7869
11648 153 7653
9610 53 2683
10724 35 1774
10580 104 5224
8971 304 15250
9636 115 5780
9310 102 5122
10666 226 11328
8784 50 2525
9299 213 10656
8918 90 4545
9617 159 7973
9620 263 13192
9653 70 3511
9397 49 2460
11206 27 1387
8537 225 11262
9188 124 6239
10675 271 13563
13678 139 6989
9289 339 16990
9543 62 3137
10547 71 3586
9468 172 8630
9720 132 6619
9068 275 13782
11906 86 4301
9064 271 13588
11765 39 1967
9300 187 9367
10690 203 10181
8413 36 1838
9301 91 4583
8433 22 1130
9344 227 11383
9546 208 10436
10694 96 4815
10538 160 8021
9563 466 23317
9601 36 1805
9619 147 7385
8434 56 2825
11934 243 12193
10530 50 2505
8705 40 2017
11064 186 9339
10648 295 14778
10867 21 1069
10665 36 1805
10714 65 3266
13678 27 1357
13630 55 2778
8954 62 3137
8416 110 5547
11911 60 3048
8584 25 1284
10627 51 2585
8935 306 15338
9440 220 11047
8750 219 10959
10760 195 9757
10390 20 1038
11075 46 2333
9344 0 44
8648 203 10166
10721 312 15601
11685 285 14291
12482 47 2384
11765 109 5476
9134 8 403
10696 310 15533
9061 122 6138
10439 201 10090
9601 211 10562
8750 140 7024
9577 18 931
12374 108 5449
9379 199 9963
8590 78 3904
9545 331 16557
9336 59 2989
9367 42 2121
9064 177 8892
8989 73 3674
8460 292 14616
11149 156 7850
8738 146 7330
8553 303 15162
9442 99 4952
8538 336 16816
9551 14 701
12139 278 13921
10475 149 7475
10795 108 5405
10597 74 3707
11845 41 2067
9601 377 18886
13470 98 4940
8917 312 15630
10448 160 8036
12466 23 1177
12553 6 338
8413 227 11362
9651 271 13581
10675 99 4991
8413 94 4743
9527 125 6260
10540 19 992
9252 10 504
10354 21 1065
8885 177 8889
9576 15 780
8537 208 10405
8701 166 8330
10750 59 2999
9060 7 391
12426 38 1936
8790 37 1863
9533 94 4703
10645 14 724
11628 260 13020
9445 317 15888
10546 47 2391
9698 71 3557
10473 325 16284
8721 99 4999
9569 80 4007
9396 48 2448
8680 221 11092
12517 68 3415
9653 261 13098
10487 35 1798
9310 102 5122
9717 178 8930
8787 40 2013
10737 109 5461
9225 125 6292
12025 37 1897
8410 68 3441
10966 19 971
9449 35 1770
10439 133 6674
10504 198 9904
11644 54 2734
8740 24 1222
9034 22 1108
9249 194 9727
12554 61 3053
9570 28 1418
12497 66 3320
9481 204 10242
9601 343 17174
8446 200 10003
10432 177 8900
9072 121 6066
13648 94 4741
8748 47 2358
9037 130 6510
9526 428 21422
10445 5 259
9597 242 12106
13507 55 2792
9650 72 3629
11116 139 6974
10578 267 13357
8750 117 5896
10382 60 3047
8977 61 3095
9726 327 16373
9287 85 4270
9300 156 7819
12431 50 2536
13469 16 842
8786 124 6242
12025 128 6423
9066 56 2825
10634 119 5960
8990 8 418
11727 19 954
9434 294 14724
9457 137 6851
11816 100 5015
9326 95 4767
8666 13 659
9526 9 469
9444 229 11470
11804 288 14403
9289 69 3477
9567 501 25079
11991 18 903
9527 302 15147
9649 123 6152
10612 44 2202
10714 101 5060
8688 54 2715
8649 62 3142
11095 213 10670
9300 155 7776
8433 346 17331
10708 80 4041
10584 171 8595
8799 40 2040
10504 68 3447
11149 156 7850
11917 37 1873
9065 14 712
9565 43 2164
10635 61 3059
8794 246 12317
11973 79 3964
13491 5 282
9590 284 14215
10540 9 486
8941 6 324
12508 110 5516
8787 95 4799
12070 320 16006
9064 167 8358
10530 258 12936
9085 49 2468
10736 24 1214
9608 97 4868
9277 21 1059
11751 122 6138
9366 109 5467
9518 158 7939
9583 435 21768
8683 239 11952
8701 211 10557
11631 233 11698
9377 24 1220
12566 63 3181
8720 10 519
9215 47 2370
9404 183 9181
11233 186 9325
10645 14 708
9660 79 3998
10665 36 1805
9033 104 5203
11996 31 1562
9245 323 16158
12485 104 5240
11929 102 5145
12107 62 3120
9632 10 515
9356 73 3651
11766 124 6201
12070 320 16006
8750 117 5896
8972 71 3567
8959 26 1308
11976 26 1341
13617 203 10172
10720 43 2185
10657 180 9009
10721 300 15047
8701 155 7799
12431 320 16048
8777 39 1952
10505 126 6334
9727 11 599
8977 232 11643
9215 154 7747
10394 31 1557
8410 95 4798
9298 129 6478
9191 113 5657
10705 173 8694
9239 7 375
13668 107 5375
9022 63 3152
12071 69 3479
9321 87 4370
9535 374 18708
9548 4 246
9620 263 13192
13638 255 12784
12073 8 426
9205 311 15568
9590 534 26714
12056 161 8059
9505 190 9522
8902 61 3054
8762 14 726
10533 146 7308
11804 309 15478
10683 196 9818
9473 44 2221
10743 315 15784
10610 258 12914
9033 27 1393
13617 203 10172
8410 91 4588
10501 183 9177
9297 364 18217
10501 189 9485
9320 0 28
9215 64 3205
12379 106 5350
9354 15 781
10478 91 4559
9030 139 6989
10441 19 996
9527 29 1452
12071 192 9623
13487 48 2414
9287 109 5496
10530 245 12276
9570 339 16998
8990 30 1542
9212 94 4738
11096 37 1879
13678 54 2708
10481 81 4096
10645 102 5146
9605 286 14307
11512 82 4123
10724 106 5342
10710 51 2553
10804 259 12952
10784 49 2478
9523 25 1289
9601 196 9844
9545 156 7824
13675 151 7593
9061 3 200
9660 296 14802
9196 55 2761
8994 184 9233
9292 11 577
9559 183 9189
10578 45 2282
10741 253 12654
8804 40 2013
9529 262 13134
10519 47 2378
9602 316 15830
8529 328 16407
8648 214 10734
9765 120 6037
8994 66 3301
8666 76 3811
9362 143 7184
9434 63 3169
11845 38 1912
9299 203 10199
13470 84 4236
10843 46 2349
11965 191 9587
9313 80 4040
8567 39 1956
8465 197 9884
9002 81 4095
10532 77 3898
10680 76 3820
9095 121 6066
9726 41 2087
8471 133 6666
9290 82 4137
10490 207 10362
10660 74 3744
13644 139 6986
8886 155 7764
12367 21 1070
9499 9 473
10522 35 1791
10696 308 15442
9602 350 17529
10481 133 6674
9295 75 3786
8935 197 9870
11756 228 11427
10737 260 13016
10611 30 1509
8999 92 4620
8912 16 801
13568 39 1952
11570 46 2346
10504 263 13171
11762 231 11578
9238 30 1504
10449 155 7798
9241 180 9013
9037 265 13256
9618 96 4809
8666 129 6478
10675 309 15489
9679 120 6030
10382 50 2519
9321 2 101
8990 30 1542
8702 139 6992
11728 114 5739
9394 202 10114
9313 81 4086
11075 46 2307
9298 153 7673
8445 92 4633
10592 237 11867
10547 43 2200
11845 86 4309
9710 141 7097
11909 235 11765
9716 0 27
9694 119 5970
10574 223 11152
8655 5 258
8719 245 12271
8762 14 726
8616 144 7211
11802 155 7783
10883 206 10308
11878 178 8944
8579 140 7037
8683 122 6128
11965 372 18610
11893 50 2511
9591 30 1534
8935 99 4966
13470 84 4236
9437 318 15924
12508 2 109
8460 245 12251
8975 84 4248
9052 190 9539
9545 291 14571
9704 263 13161
12517 196 9843
9561 94 4712
10654 247 12393
9319 18 908
11965 34 1736
12542 1 75
8719 69 3467
10516 55 2762
9710 21 1080
9063 74 3727
9386 158 7931
11675 109 5480
8541 17 873
8943 65 3290
9628 69 3496
9660 226 11341
9030 55 2790
10439 198 9937
9201 30 1522
8666 73 3678
9741 21 1100
8971 143 7189
8529 219 10988
8666 79 3991
9594 32 1613
11074 85 4298
9196 58 2922
11991 18 903
10987 101 5076
8750 219 10984
8706 38 1930
10750 59 2984
12071 160 8005
13689 77 3895
9545 155 7776
9526 529 26493
9305 54 2705
10567 286 14332
13617 171 8558
10439 2 110
9068 245 12264
9232 50 2522
9523 421 21054
9515 340 17044
9226 6 301
9499 455 22786
11639 78 3907
9300 173 8657
12083 251 12596
11531 49 2473
10849 198 9942
9578 451 22581
9529 635 31771
9605 288 14437
11724 128 6442
10532 31 1579
12366 87 4387
10675 98 4921
9395 255 12771
12139 220 11003
9095 200 10027
8465 197 9869
11780 143 7161
9289 272 13624
10697 58 2932
10473 315 15784
11911 60 3001
8959 154 7736
10784 49 2454
9249 86 4349
13466 116 5813
11168 22 1107
9299 319 15987
11745 254 12717
8748 131 6593
12380 105 5256
9679 211 10577
10725 324 16205
8853 291 14555
10931 21 1058
9440 217 10851
9523 547 27375
10448 81 4072
9038 79 3970
9486 174 8740
12537 0 39
11510 24 1249
9434 305 15275
9208 64 3236
11071 251 12563
9406 15 764
11958 63 3154
10574 138 6925
12025 84 4226
10580 145 7252
11791 121 6066
8908 166 8317
9637 63 3157
11746 9 494
8959 39 1986
10551 185 9300
9052 113 5654
10696 7 353
9345 353 17684
8683 241 12064
8708 150 7506
12504 45 2251
8770 247 12369
9437 241 12077
9534 104 5241
9277 75 3786
10931 16 823
9587 360 18007
9538 534 26718
12140 5 299
10735 208 10427
10307 99 4961
8538 323 16174
10625 135 6771
10307 4 219
11738 177 8870
10517 66 3325
9483 229 11475
8886 14 716
10545 18 917
9651 108 5411
9467 161 8061
10436 147 7377
11965 99 4981
11989 5 252
8954 62 3137
9612 5 297
10773 71 3580
9583 332 16602
13583 18 924
10712 261 13055
10737 48 2447
8769 240 12028
8664 137 6896
10436 44 2210
10437 130 6548
9527 357 17892
9416 69 3470
9208 133 6668
11933 109 5489
12005 19 960
9637 10 513
12068 155 7796
8917 350 17528
9569 207 10368
13680 71 3565
9660 121 6087
9702 279 13995
9358 84 4209
8719 112 5650
8549 162 8119
10635 116 5824
8664 47 2371
13644 161 8094
9601 617 30897
9341 139 6996
11593 115 5756
10478 113 5696
12380 105 5256
8750 107 5399
8683 97 4897
8857 162 8118
10449 85 4294
13509 45 2261
8590 31 1582
8537 225 11276
12073 81 4077
8498 27 1370
10481 81 4093
11128 29 1469
9385 167 8361
8440 72 3612
11924 40 2021
10504 280 14008
9440 7 353
12554 2 129
9088 11 572
10608 7 356
8784 88 4429
9301 125 6262
12069 3 182
10734 29 1456
8990 30 1527
8547 288 14421
10609 102 5126
13544 28 1410
12070 320 16006
9370 300 15040
9341 214 10735
13583 93 4663
12482 163 8185
8908 166 8317
10850 211 10551
8941 8 432
9362 91 4565
9067 4 223
9597 282 14128
10580 22 1144
10688 81 4054
12545 116 5812
13688 88 4450
9533 88 4444
11096 78 3916
9201 206 10333
13547 86 4350
11691 102 5141
9364 63 3178
10493 18 928
10712 262 13109
8708 50 2549
9602 371 18554
13633 5 297
9188 46 2346
12077 60 3001
10562 101 5055
8440 33 1696
10540 9 486
8941 79 3980
10545 94 4723
9531 213 10687
9090 256 12836
9023 135 6785
11589 203 10191
9563 458 22946
9412 242 12126
10481 112 5640
11593 60 3036
13668 83 4175
9542 130 6526
8918 239 11985
11187 44 2213
8616 117 5896
8465 197 9869
8977 236 11833
8789 71 3591
9507 214 10748
9561 94 4712
9660 8 441
11110 73 3665
8806 160 8018
11933 135 6753
8590 195 9756
11678 123 6166
11149 178 8925
9362 143 7178
8989 78 3908
11545 116 5850
10687 107 5393
10700 190 9524
9345 310 15521
8495 26 1335
10522 38 1947
9564 443 22199
9379 102 5131
9480 12 635
8458 14 705
10608 82 4113
10504 198 9949
8520 52 2632
9404 71 3562
9449 4 212
11911 28 1448
9684 304 15231
13612 26 1325
10694 35 1792
10529 151 7570
13583 170 8546
8934 18 941
8787 96 4801
9297 37 1855
9650 180 9010
8770 157 7857
8719 245 12271
12496 74 3701
10665 77 3872
9578 144 7207
9570 43 2184
8677 35 1758
11527 128 6418
10784 49 2478
10480 121 6085
9592 256 12809
10635 116 5824
13635 30 1530
8579 105 5255
9677 157 7872
10448 81 4095
11965 191 9587
8445 97 4880
9523 389 19459
10696 307 15384
13544 37 1874
13621 27 1352
11074 53 2684
9345 310 15504
8990 193 9700
10567 307 15390
9081 198 9909
8682 100 5034
9526 19 968
12529 36 1841
10502 111 5578
9608 89 4473
9289 238 11943
10597 131 6599
10665 228 11406
8964 97 4869
9440 171 8598
8958 11 588
9214 131 6557
10608 95 4774
9052 190 9542
12442 40 2010
9366 90 4504
8409 20 1050
10525 19 984
8646 88 4421
10669 135 6789
10670 19 953
12057 28 1434
9587 488 24427
11831 14 701
9277 51 2568
9595 15 778
9289 272 13624
9349 7 368
8885 95 4773
10573 22 1149
8620 102 5139
12107 114 5719
13478 124 6212
12449 107 5353
10591 321 16061
8972 1 84
12042 3 151
12025 4 207
8438 25 1278
11935 146 7314
9358 308 15431
10747 20 1036
9670 106 5348
8919 94 4716
11878 217 10864
11578 10 522
12497 189 9488
9445 325 16268
11915 152 7617
12508 191 9562
9438 74 3743
9386 99 4992
9195 56 2842
10478 74 3739
9593 37 1887
13689 150 7511
10597 108 5440
11911 1 99
9344 136 6832
9002 81 4061
9554 119 5984
9505 190 9522
9615 87 4374
11915 257 12878
12466 23 1172
10819 25 1286
8784 69 3500
10716 19 989
9649 150 7545
8934 61 3060
10712 88 4434
9615 309 15468
9158 1 64
9758 28 1434
8691 115 5764
9255 50 2522
9650 23 1173
9542 275 13760
10445 21 1072
10546 24 1244
10721 288 14422
9584 0 44
8465 347 17392
11796 78 3909
9068 334 16702
9386 134 6746
10921 312 15606
11963 351 17598
11696 29 1496
11742 32 1603
9670 111 5595
9379 115 5772
9535 372 18630
13474 60 3042
8957 162 8135
9529 537 26877
8879 120 6045
10729 80 4013
11557 83 4181
12442 14 717
9464 136 6825
10595 25 1258
11080 196 9831
9285 143 7162
10505 17 862
9435 128 6445
9578 242 12123
12068 170 8518
12508 124 6248
10434 118 5943
11751 31 1556
12025 12 643
9564 592 29612
10743 315 15784
9644 34 1750
10696 146 7308
9518 224 11235
8814 55 2797
9096 221 11099
11761 257 12896
10608 31 1578
12110 225 11284
10592 233 11689
12521 0 43
9205 311 15568
8747 5 285
10634 255 12781
10593 337 16900
11815 182 9119
10442 244 12205
11959 31 1591
9532 16 802
9033 194 9734
11665 96 4834
13689 77 3895
9445 7 385
8510 29 1468
9710 87 4361
10724 290 14536
9332 9 459
8433 271 13563
11852 37 1878
9384 65 3284
9684 351 17569
13477 94 4743
10913 79 3973
10850 202 10112
8711 76 3811
8537 240 12010
10489 74 3741
10867 20 1001
10724 106 5342
10624 263 13199
9524 81 4078
13668 107 5375
8794 30 1532
9215 81 4070
12540 59 2974
9640 42 2118
10743 315 15784
11974 41 2060
12002 85 4256
12545 116 5812
10445 147 7393
9245 310 15534
8860 79 3999
9458 152 7622
10696 112 5642
12514 61 3091
9407 298 14913
9215 158 7942
10830 65 3292
12107 82 4106
9603 602 30136
10441 329 16479
11628 123 6179
9576 106 5316
10657 50 2510
11187 8 408
9440 222 11106
9297 159 7974
10666 82 4124
9500 298 14906
9341 269 13467
10611 86 4305
9656 329 16472
9656 298 14919
11687 85 4252
10437 69 3492
13487 48 2414
10743 208 10437
9273 28 1430
9660 226 11341
8443 9 485
13470 24 1249
9023 135 6785
13474 60 3042
8538 322 16119
10445 4 229
9033 163 8191
8899 33 1657
12557 52 2638
11724 128 6442
8445 223 11196
13639 89 4486
9518 224 11235
9457 60 3021
13635 40 2027
12539 33 1698
9668 82 4111
10724 58 2910
9729 50 2520
11904 74 3739
8438 18 932
8974 68 3426
10648 295 14778
9554 102 5136
11720 26 1339
9324 8 410
10602 97 4862
11096 130 6541
11604 293 14682
8670 0 21
9695 28 1415
12442 301 15075
8697 286 14318
11844 267 13377
9658 245 12280
9669 119 5998
10502 10 528
8455 208 10424
13621 79 3960
9526 288 14416
10439 196 9849
10439 132 6644
8529 330 16517
13616 80 4041
9242 37 1885
10547 86 4316
9285 66 3338
9617 300 15002
9615 312 15607
9009 57 2894
13583 168 8428
13671 65 3258
8687 129 6485
10583 16 811
9681 9 462
10590 56 2808
9056 38 1923
9245 322 16141
9081 140 7020
11769 34 1750
9578 158 7901
12070 141 7061
10822 1 100
8529 4 201
9406 23 1159
9563 138 6926
11712 60 3020
8446 197 9863
8968 69 3481
8556 7 399
8430 25 1277
8589 136 6806
8430 113 5665
13638 187 9394
10771 251 12596
8687 233 11653
9297 36 1838
12068 137 6889
10849 198 9942
8445 240 12030
9370 298 14915
10668 198 9938
12071 138 6924
10601 75 3765
9095 6 317
8413 323 16171
11696 29 1463
9023 12 611
10535 2 126
10665 157 7859
10591 149 7464
9651 50 2533
11881 41 2100
9586 418 20939
10700 256 12816
10667 48 2442
12382 255 12770
9385 163 8190
10520 237 11884
12486 154 7706
12425 71 3597
11727 19 954
13678 54 2708
9581 27 1397
9410 57 2866
13617 203 10167
9344 183 9196
10502 297 14877
10502 297 14877
8460 195 9772
9617 180 9037
10654 82 4139
9601 315 15760
9063 145 7264
10760 196 9845
10471 161 8056
11279 81 4051
8648 214 10734
9072 38 1948
8431 63 3167
10354 49 2492
10757 42 2101
9653 330 16511
9576 253 12653
8658 38 1936
10493 122 6140
12485 104 5205
8579 105 5284
9500 472 23639
10517 58 2917
9326 77 3883
10720 43 2185
9538 411 20587
8687 94 4708
11782 35 1794
8465 348 17411
10953 47 2351
9215 47 2381
8702 139 6956
9345 22 1134
9571 56 2839
10624 257 12878
10663 58 2907
9370 299 14975
8853 218 10920
11681 121 6084
9366 263 13168
8740 25 1278
8409 103 5163
10987 39 1989
9076 14 748
10656 10 545
10551 47 2377
9226 5 254
9712 48 2426
12543 137 6876
10696 241 12065
8799 96 4814
10502 211 10559
8770 32 1637
8648 321 16093
10660 74 3710
10569 71 3557
9065 96 4846
8701 97 4879
10567 70 3501
9215 140 7039
10714 66 3305
8664 20 1037
9512 223 11163
8471 240 12005
12004 217 10900
9437 213 10653
10439 52 2630
10562 100 5014
12057 1 62
9543 178 8902
8464 11 564
9088 75 3757
9650 158 7930
8754 121 6071
10439 50 2532
11820 218 10901
8794 363 18197
9245 36 1824
13617 55 2774
10545 100 5007
13614 76 3820
10546 3 190
8786 67 3367
8538 185 9260
11545 169 8465
10750 8 409
9440 86 4311
8434 103 5189
9651 108 5416
9360 13 665
11691 102 5141
10694 93 4696
11614 7 384
10748 44 2213
10521 96 4829
8770 74 3729
8882 35 1767
11878 41 2062
9619 57 2867
9095 155 7779
8538 99 4977
9344 163 8165
12374 28 1409
12120 6 349
9534 115 5793
11895 108 5416
9482 182 9128
10545 96 4847
9243 72 3611
12442 14 743
9464 135 6766
9431 29 1474
9238 106 5346
8958 171 8600
9577 22 1147
13688 23 1174
10484 14 702
10448 153 7657
9620 54 2727
9545 263 13163
8708 164 8214
9395 207 10369
13661 128 6405
12369 52 2613
13638 7 394
10354 28 1432
9639 143 7190
8498 33 1660
9068 321 16054
10558 118 5925
11086 194 9741
11868 58 2906
11026 8 411
9094 25 1291
13638 169 8484
11830 329 16457
9587 83 4175
9247 28 1405
11291 209 10494
9215 138 6922
9586 99 4968
12146 47 2392
13614 94 4715
9603 141 7076
9706 94 4745
13580 167 8357
9057 57 2854
9546 34 1706
8697 232 11650
8738 303 15168
11813 131 6593
9049 112 5644
13583 93 4690
11508 294 14749
11219 3 173
12554 2 129
10611 24 1244
9551 16 818
10437 121 6092
10727 13 656
8506 23 1200
10665 165 8281
9295 71 3563
8776 128 6408
8750 121 6077
10688 126 6350
10741 192 9644
9226 353 17661
11813 134 6749
9002 34 1712
8935 22 1105
9543 178 8902
10562 172 8610
10478 74 3702
9669 16 823
9347 173 8692
10450 13 692
9245 331 16582
10599 17 860
8416 118 5936
8794 362 18133
10736 1 70
8922 51 2553
10704 105 5280
8579 195 9797
9650 76 3841
11989 91 4562
10657 166 8315
11678 173 8678
11921 318 15942
8700 187 9371
10386 6 328
10716 80 4031
8537 224 11219
9601 211 10562
9063 239 11964
8912 16 801
10546 0 4
9379 53 2683
10438 10 527
9551 14 724
10434 150 7549
11529 319 15984
13544 37 1900
9444 229 11451
10743 208 10443
9656 64 3250
9277 74 3709
8960 35 1773
9336 76 3813
11779 149 7469
10444 51 2551
10504 277 13894
12054 72 3612
12091 212 10620
11639 78 3907
9427 13 687
11926 244 12229
11066 233 11659
12456 5 278
9158 32 1631
9396 44 2222
10694 154 7722
11698 66 3338
11969 35 1799
9592 256 12809
8794 362 18133
9617 183 9151
8966 28 1438
10625 135 6771
11881 41 2085
9412 177 8888
9358 308 15431
10743 316 15815
10569 225 11294
8954 26 1321
10540 63 3198
9545 263 13170
11998 0 9
9379 129 6470
9586 419 21000
9030 55 2763
11879 138 6938
9467 308 15429
12392 39 1987
9273 28 1430
9512 340 17016
8548 181 9053
8923 26 1310
12016 106 5326
8995 59 2974
9494 544 27237
9494 302 15145
9538 419 20959
9576 339 16965
9669 119 5998
9022 122 6145
9404 176 8847
12089 17 855
9637 63 3157
10504 260 13019
9065 14 712
9301 111 5595
13658 36 1828
9239 73 3683
10439 51 2552
9349 219 10953
10441 50 2547
12070 194 9716
10644 24 1209
8994 184 9233
9586 115 5780
11527 131 6553
8578 150 7539
9435 184 9233
11984 154 7747
9526 143 7173
10748 42 2125
11623 119 5996
9249 105 5278
13643 143 7174
9349 129 6455
10563 108 5412
12514 29 1484
11546 148 7432
11512 82 4123
11628 74 3731
10389 35 1756
13559 11 552
9196 35 1770
9602 408 20449
9658 37 1886
10716 230 11507
8888 100 5003
12021 48 2444
9344 41 2090
10441 269 13456
10665 160 8005
10563 202 10116
9499 433 21679
13619 72 3622
10633 4 248
9341 211 10567
9608 95 4770
9445 166 8321
12383 66 3316
9594 11 598
9289 257 12889
9656 288 14419
12093 3 191
9207 76 3830
9519 42 2110
9379 196 9829
9347 83 4162
12145 11 584
11926 244 12201
11219 46 2310
10966 19 971
9325 42 2127
8776 128 6408
11493 32 1614
10675 117 5898
9751 24 1245
11845 86 4309
10726 28 1440
11791 2 109
10627 51 2575
9543 192 9645
9064 233 11663
8655 3 158
10760 222 11130
9605 286 14307
9653 265 13255
10567 275 13766
9660 216 10839
8670 3 195
10444 51 2551
9049 29 1468
9682 61 3095
11707 82 4127
10355 304 15242
8771 272 13630
9307 64 3225
9299 206 10303
9307 4 219
9049 111 5564
9095 120 6014
9656 298 14908
9682 206 10319
9081 61 3079
9223 33 1686
11972 73 3670
13665 23 1172
9440 4 201
9482 166 8324
9717 320 16042
8996 211 10562
8738 203 10151
11751 91 4593
8433 346 17331
9085 161 8070
10529 161 8095
11976 283 14181
13580 181 9086
9108 2 107
9343 11 572
10724 106 5342
8661 24 1229
10519 47 2378
9519 69 3496
9586 369 18500
8963 113 5683
8472 11 565
9427 13 687
9551 14 724
12077 90 4550
12508 61 3076
8701 160 8032
8578 37 1863
9751 117 5871
8646 27 1383
9298 171 8553
10611 79 3995
8648 186 9346
9615 133 6686
8618 0 9
10504 339 16994
8855 4 231
9210 204 10239
11842 179 9000
9594 60 3008
12077 3 182
10635 173 8681
13661 212 10649
10743 316 15815
9280 80 4035
9435 128 6417
9660 81 4086
10839 125 6265
9727 47 2368
11589 149 7463
10886 67 3379
10448 153 7657
10737 48 2447
11935 96 4808
9498 239 11971
8680 163 8194
9679 208 10444
9215 47 2354
13674 230 11504
10491 141 7065
8936 62 3128
9603 113 5682
12540 120 6021
10540 158 7939
9458 249 12479
8465 35 1773
8720 10 519
11786 113 5687
10675 140 7021
10471 15 751
9602 601 30086
10700 244 12212
12083 242 12113
10488 76 3819
12545 24 1228
10737 109 5471
12495 234 11713
8406 107 5355
12554 61 3086
10929 147 7360
10612 116 5811
10675 96 4833
8553 102 5145
10732 79 3977
8539 104 5221
10635 69 3475
10760 121 6072
8649 62 3142
11081 105 5268
9208 82 4107
11934 236 11811
9523 252 12620
8434 7 373
8578 83 4180
10574 132 6625
9492 8 433
9412 31 1584
10657 178 8917
9285 16 823
10735 211 10574
9344 102 5125
9081 210 10532
9542 122 6131
8472 13 698
9637 257 12887
10864 30 1549
13542 85 4253
10574 21 1091
9590 504 25212
10546 42 2144
9446 129 6493
8904 62 3136
9750 88 4415
13642 105 5294
8430 25 1295
9358 13 683
9573 10 512
13688 88 4450
12110 96 4814
9592 62 3139
8471 206 10333
11933 135 6753
10647 25 1275
10436 147 7377
9533 88 4438
9532 61 3093
9543 158 7913
9241 175 8786
9500 12 644
8547 286 14316
11080 171 8577
9081 20 1022
9725 73 3665
8495 15 769
11613 20 1019
10648 295 14781
11848 256 12801
10683 299 14982
11215 85 4270
10534 165 8294
9499 8 441
10913 110 5538
9695 45 2252
9410 88 4432
9438 67 3393
10680 18 902
8704 163 8159
9640 25 1285
12431 95 4771
12368 132 6618
8748 61 3058
10710 29 1453
9089 67 3392
8538 69 3468
13470 20 1035
11933 159 8000
10938 80 4016
9196 70 3532
11531 117 5854
9565 107 5358
9651 230 11509
10432 222 11108
12139 291 14593
9226 315 15754
11039 140 7026
9037 133 6686
11934 189 9475
8648 321 16094
13505 23 1195
8565 0 23
10724 106 5342
9285 17 859
8960 33 1657
8708 98 4904
8708 312 15612
9090 69 3476
9729 50 2542
12004 115 5754
9095 156 7850
9067 103 5174
10355 267 13394
10501 221 11060
13583 93 4691
11540 8 403
8735 14 742
9442 99 5000
10574 223 11152
8959 154 7736
10654 123 6172
8720 55 2779
10690 29 1472
8410 93 4694
8943 49 2486
10547 77 3876
9610 54 2715
10594 2 122
10574 299 14983
13617 218 10945
8796 74 3731
8721 98 4924
8445 42 2107
9458 221 11075
12071 69 3479
9682 80 4045
10502 319 15980
11963 95 4759
9023 109 5485
10471 173 8700
9578 212 10644
10574 132 6649
10696 153 7677
11096 78 3916
8935 138 6914
10665 37 1900
12466 3 153
8687 138 6940
11972 45 2269
11504 53 2697
12016 311 15591
9370 241 12100
8655 5 262
9289 238 11943
9057 8 444
9578 169 8476
10441 0 44
9002 81 4061
8711 90 4520
10522 55 2799
13636 10 549
10551 47 2390
10693 127 6389
11869 172 8634
9651 165 8275
13507 55 2792
12420 111 5588
10694 97 4896
11912 91 4572
9545 158 7930
12382 255 12770
13454 3 154
9341 199 9981
10784 49 2478
9068 49 2492
9068 300 15019
12404 18 912
9392 51 2556
9064 284 14225
8716 43 2175
9660 216 10836
11608 144 7208
9580 7 380
9340 155 7774
9618 93 4688
9726 152 7618
13620 13 664
9472 227 11361
8658 38 1936
9712 71 3579
8687 94 4717
9158 16 843
12067 5 282
10504 269 13495
8719 76 3832
8806 168 8429
11080 196 9831
8578 165 8254
10441 3 167
9297 311 15597
9563 300 15027
12071 160 8045
10522 60 3044
10592 244 12248
10741 150 7516
11685 98 4946
9470 151 7594
9703 63 3166
8670 18 939
8549 136 6821
9049 111 5564
9658 219 10978
12534 35 1780
13695 110 5548
9188 170 8548
13524 22 1112
10716 22 1128
9442 68 3445
9310 114 5742
9396 54 2711
10655 18 931
9347 124 6238
9249 193 9676
9463 94 4748
8853 248 12417
10442 24 1241
9033 65 3266
12496 74 3701
11591 14 719
8547 289 14481
10721 1 60
8769 240 12010
10938 80 4008
9252 10 504
12364 89 4463
9615 134 6737
9459 13 677
11648 51 2557
10595 66 3341
13678 2 126
12015 27 1391
9660 66 3337
8619 23 1190
13582 32 1627
10523 280 14006
8960 89 4471
10595 3 185
8960 89 4496
10551 47 2373
8666 129 6478
10737 344 17230
9447 49 2473
11512 82 4123
11719 17 887
10696 56 2815
9375 0 24
11687 92 4633
8888 100 5003
9039 51 2566
10746 39 1980
12449 188 9435
9518 253 12655
9232 64 3210
8786 124 6242
8748 124 6222
8903 3 199
8433 63 3190
9340 102 5131
9038 79 3954
9212 5 285
12025 267 13394
11283 7 359
8873 29 1485
12431 100 5046
9068 300 15019
11758 58 2934
9512 339 16953
9358 240 12039
9316 41 2074
9201 227 11371
13648 51 2585
8974 3 194
9505 190 9522
9479 304 15234
9582 26 1329
10439 197 9853
8436 68 3445
10519 78 3907
10521 94 4734
9467 160 8030
8769 137 6878
8579 164 8201
11550 74 3707
9108 16 836
8720 36 1819
10645 25 1294
10434 45 2274
8682 99 4992
10794 4 225
9063 67 3357
9072 38 1948
10442 24 1241
9576 10 525
12422 76 3817
12143 45 2282
9297 47 2370
9603 113 5682
12549 19 971
9640 41 2065
9545 290 14543
9651 322 16107
9061 111 5561
9068 334 16723
10737 233 11663
12566 204 10229
13687 19 976
9660 79 3953
9477 126 6349
10693 192 9627
13503 134 6741
13467 7 373
10647 29 1465
10883 19 951
10491 19 953
12482 114 5743
9704 262 13142
9349 300 15004
11869 125 6288
9654 6 322
9037 42 2139
8906 50 2549
9751 84 4241
10610 104 5221
9590 256 12835
11621 3 180
8853 218 10920
9215 81 4088
10436 82 4115
9650 201 10064
10692 10 512
10870 48 2429
8968 69 3490
9395 336 16815
8549 64 3212
10693 290 14532
9529 541 27080
13625 14 736
10625 298 14913
9037 198 9913
10719 174 8713
9311 14 741
9385 123 6195
10441 329 16479
8538 145 7277
9535 553 27658
11922 134 6722
8578 149 7464
11796 6 320
9435 117 5896
9695 8 431
9597 461 23064
11842 192 9624
9095 131 6581
10382 114 5713
11186 223 11193
10530 196 9848
9534 105 5265
8436 44 2216
8578 165 8265
9395 178 8934
9518 224 11235
9720 4 232
9341 129 6485
9060 7 354
10846 32 1621
10886 66 3308
9072 133 6683
9602 609 30492
9578 147 7394
13525 9 491
9727 57 2871
10693 56 2823
8614 29 1471
9562 160 8033
10574 265 13257
10657 180 9009
10355 232 11607
9328 52 2607
10755 265 13274
13470 20 1035
10644 52 2601
8537 200 10004
9039 54 2741
10490 170 8514
8537 305 15275
11979 8 434
10772 2 122
8518 28 1444
8538 99 4999
11564 99 4983
9273 242 12118
8995 201 10091
11909 295 14759
9024 90 4517
11976 283 14185
8495 87 4352
8529 335 16767
13672 17 882
9216 146 7343
10521 342 17131
9297 45 2287
8711 76 3811
9545 291 14571
9435 6 323
9358 141 7080
9519 71 3595
13547 88 4412
8445 41 2073
13555 13 667
9336 281 14089
10436 148 7404
12545 116 5847
10635 92 4601
9226 6 301
9682 317 15855
10584 49 2492
10704 274 13749
10442 45 2280
9349 298 14932
9442 68 3445
9592 258 12917
8460 192 9622
10647 10 520
9348 174 8730
12015 27 1391
11963 372 18620
9527 208 10434
9341 199 9978
8919 73 3665
10663 45 2285
10748 13 686
9386 131 6600
9704 312 15642
9597 18 931
9620 54 2740
8974 23 1198
11064 86 4302
13465 26 1329
13636 10 526
9481 136 6825
9397 47 2374
8747 135 6771
9289 125 6270
10436 146 7309
9396 44 2222
10449 144 7235
8719 98 4930
8784 0 42
10693 135 6799
9002 34 1712
9088 80 4033
13536 67 3382
9472 120 6023
12079 98 4925
9087 37 1885
9560 167 8392
8904 123 6174
9434 74 3735
9247 2 144
9068 278 13927
12482 285 14296
12089 24 1225
9395 155 7786
9558 29 1451
8590 93 4678
9526 412 20620
8794 338 16942
9605 153 7696
9252 10 504
11119 254 12701
8578 89 4477
8445 108 5439
10502 184 9212
10683 98 4916
11974 63 3190
11953 52 2615
8963 86 4340
11879 279 13966
9344 183 9196
11935 289 14462
9068 278 13927
11545 84 4203
8934 20 1043
10660 290 14512
13619 72 3622
9526 136 6838
11913 85 4254
8656 80 4049
9605 286 14307
10489 28 1437
8495 25 1256
8473 144 7232
8670 23 1164
10562 10 540
10493 60 3021
10501 25 1286
10938 133 6656
10483 52 2647
8990 30 1545
12083 381 19086
13692 13 680
10743 51 2572
9002 59 2978
8529 335 16790
10760 7 363
11691 102 5103
9064 99 4982
9587 157 7869
13471 78 3926
9351 25 1296
8751 64 3230
13625 14 725
8493 46 2308
9081 17 889
9341 214 10735
8750 117 5896
9289 125 6270
9238 16 829
10687 103 5170
10760 121 6059
9584 174 8716
9660 100 5042
9319 73 3693
8656 102 5125
9587 361 18088
8616 117 5854
9472 33 1658
9677 166 8308
12021 49 2488
9524 45 2291
8799 96 4814
11606 151 7586
9558 22 1101
10988 161 8065
9726 69 3465
10436 320 16010
13529 20 1020
9570 264 13226
9395 150 7531
9090 119 5968
9695 39 1993
8786 66 3341
11727 94 4732
11524 142 7113
10726 28 1401
8683 152 7638
8539 82 4112
10473 36 1802
10696 0 18
10771 253 12685
10442 142 7115
8614 33 1689
11227 1 62
11786 113 5687
10716 81 4073
8868 133 6680
9505 188 9420
9299 325 16298
9208 132 6616
9394 140 7020
9281 241 12092
9297 132 6607
12364 66 3343
11103 38 1904
11593 103 5174
9063 310 15507
9349 6 335
9564 7 382
10471 15 782
9603 405 20261
9653 196 9834
10574 332 16646
10665 157 7859
8441 203 10162
9241 13 685
9658 188 9437
10441 128 6432
9651 271 13581
8897 0 41
9690 0 25
10666 81 4064
9590 463 23161
9579 208 10442
11561 27 1396
12392 23 1163
9467 160 8030
8460 171 8578
11803 120 6010
8708 304 15202
9519 241 12052
9079 21 1063
10735 237 11872
10505 26 1330
9243 80 4014
9459 11 569
11640 35 1786
9562 157 7887
10694 154 7722
9337 14 749
9503 66 3338
8666 131 6573
9438 67 3392
9442 237 11853
10530 50 2505
10545 129 6470
10721 326 16346
9578 484 24213
11508 278 13921
9653 268 13423
9191 87 4362
11631 160 8001
8762 173 8695
8919 89 4475
10716 63 3170
9245 186 9304
13569 70 3527
10504 68 3447
12016 194 9745
9545 134 6731
9704 312 15642
10501 263 13186
9208 64 3236
9651 64 3226
12069 87 4366
9245 36 1823
9009 133 6675
9519 91 4555
13476 86 4340
12374 228 11410
9619 149 7469
9241 31 1572
10529 18 939
9431 28 1409
10580 236 11833
10437 120 6005
11146 89 4500
10504 283 14168
9586 125 6285
10533 8 403
10471 15 780
10525 20 1031
11095 256 12817
8958 201 10088
12107 114 5750
8934 21 1085
11977 114 5740
9037 70 3540
8876 142 7139
9340 182 9127
9090 119 5986
9313 6 347
8408 23 1174
11791 307 15376
8408 88 4444
10517 166 8317
9706 25 1270
8455 29 1492
9239 56 2833
10489 29 1466
9529 320 16023
8786 35 1796
9243 50 2533
9653 261 13098
10574 9 458
10445 186 9344
8677 30 1533
9313 82 4106
11926 147 7396
10913 109 5463
13540 37 1865
9564 446 22312
10445 34 1737
10520 200 10029
9675 26 1344
10517 123 6188
9354 2 144
9620 146 7314
8446 123 6168
9590 484 24249
8936 125 6252
10521 172 8642
10583 16 811
8541 125 6272
11628 171 8552
8957 105 5299
11737 178 8916
9241 176 8805
8410 202 10124
13623 120 6025
10390 20 1038
9298 151 7585
10688 22 1111
9546 209 10480
8620 76 3816
8473 110 5525
9095 335 16800
9023 12 616
8415 7 375
11879 138 6926
8989 45 2278
8695 70 3536
9076 76 3820
9208 207 10381
8879 87 4367
10666 58 2917
9601 35 1776
10655 21 1056
9467 311 15598
9529 514 25742
11776 52 2609
12561 191 9581
11603 12 627
9639 96 4813
10748 42 2125
13678 10 529
8708 148 7409
8935 197 9870
9599 58 2928
8716 43 2175
8620 44 2245
11716 80 4013
10445 185 9269
10680 58 2912
11830 79 3960
9307 65 3266
8971 38 1903
8770 176 8826
9195 56 2818
8541 123 6168
10546 43 2182
9034 23 1158
9297 364 18217
9349 136 6827
13680 71 3565
9298 3 195
13688 96 4838
9311 73 3681
9499 67 3370
8786 75 3782
9216 95 4795
9030 197 9878
10666 150 7535
10441 128 6419
8407 29 1478
9569 21 1095
13464 1 69
9619 180 9032
9660 281 14086
11120 129 6457
12146 9 497
9584 170 8502
13678 139 6989
10873 19 967
8862 249 12494
8799 65 3275
9527 4 221
8438 24 1246
9349 304 15201
9483 102 5139
9208 207 10381
9470 226 11321
9347 13 690
12368 13 688
8406 29 1461
11804 105 5279
12130 24 1220
9064 271 13588
11972 97 4863
9563 122 6145
13510 56 2812
10737 310 15501
10522 38 1947
8548 128 6444
10521 180 9036
9602 658 32940
8656 82 4144
12139 198 9948
8905 43 2164
8720 53 2675
9092 63 3185
9273 27 1387
9726 168 8444
10712 262 13109
8670 1 53
9656 40 2041
10700 244 12212
9095 354 17733
8972 1 80
11297 79 3966
12364 109 5463
10504 226 11337
11601 81 4080
10518 20 1015
8770 32 1637
12071 72 3633
12482 285 14297
9325 169 8462
10746 11 555
12566 79 3978
9336 43 2191
10794 3 169
9081 141 7098
9615 170 8514
9717 260 13043
8724 19 989
11741 27 1356
8495 87 4352
9479 61 3093
10561 129 6486
8465 35 1773
10696 0 18
13625 2 128
13689 106 5316
10756 39 1993
9431 29 1474
10489 70 3518
9590 463 23161
11578 10 522
8465 206 10315
9618 96 4844
10436 84 4203
9670 104 5215
11751 75 3792
9649 150 7545
10480 253 12664
8786 163 8165
12061 121 6085
9706 47 2373
9301 91 4583
8555 5 297
12486 69 3463
8538 28 1448
9670 111 5595
10504 228 11436
9726 41 2100
10804 259 12957
8862 93 4651
9406 14 738
10966 92 4641
8750 250 12529
11765 287 14352
9605 159 7958
9384 33 1670
9249 260 13041
9396 49 2452
8941 20 1036
10847 152 7619
