14546 179 8965
18233 115 5788
17791 37 1880
18712 71 3579
16341 301 15085
18021 662 33108
18010 101 5099
14290 90 4519
15322 28 1401
14356 301 15058
17191 48 2427
17580 2 149
15484 289 14456
14356 222 11117
16137 42 2104
16262 49 2472
16031 68 3421
14450 77 3856
18258 124 6224
18499 343 17154
18024 127 6366
15859 154 7738
15464 234 11723
16889 192 9635
18954 245 12288
17034 211 10567
18253 16 817
14527 70 3549
14768 63 3196
15318 78 3932
14161 109 5456
15946 524 26203
14121 240 12005
17696 8 427
14338 54 2735
15125 186 9350
18619 120 6037
15430 102 5107
15897 46 2319
17829 62 3108
14564 11 580
16026 102 5149
17394 2 117
16581 23 1172
18746 17 864
18021 662 33108
17125 97 4882
16927 35 1778
17361 298 14913
17834 52 2647
16319 24 1218
14375 114 5711
16041 237 11891
14543 148 7445
16095 109 5480
17313 65 3266
14921 7 352
16379 4 237
17371 149 7488
14527 9 454
16835 290 14529
18712 64 3218
14231 7 385
17662 180 9010
18753 27 1365
17089 9 454
16526 30 1542
15923 484 24226
18021 138 6946
17125 97 4882
16847 140 7007
15413 54 2742
14746 279 13988
18024 69 3487
17495 139 6962
14768 63 3196
14190 18 942
17447 85 4274
15469 324 16244
17125 10 529
17661 84 4203
17662 156 7805
16513 87 4379
14306 180 9031
17514 61 3095
17514 61 3097
18021 577 28886
15335 257 12884
17116 115 5790
17636 33 1671
17866 20 1006
15689 156 7843
18752 564 28246
14641 98 4933
18760 307 15360
16761 43 2193
14363 149 7478
18605 38 1929
14191 33 1667
16485 30 1509
14564 1 70
18746 17 864
18752 259 12981
17260 25 1289
17827 28 1431
17671 346 17311
17978 315 15790
15297 135 6764
15989 75 3797
14986 250 12538
16847 140 7007
18760 65 3292
17535 50 2545
17349 61 3056
14543 140 7029
15382 209 10454
15828 501 25078
18923 645 32296
17394 2 117
14970 13 659
18233 141 7083
17776 5 275
18011 82 4144
15458 7 353
15713 30 1536
16847 140 7007
17620 199 9981
17055 155 7795
14816 181 9051
15689 114 5709
16047 5 300
18021 138 6946
17495 139 6962
14782 73 3683
18011 82 4124
17364 118 5936
16761 361 18066
18044 412 20620
14901 38 1925
18644 159 7990
18685 487 24366
14902 213 10688
18929 118 5918
17493 226 11325
17089 9 466
18021 662 33123
14564 19 1000
18756 22 1144
17313 180 9022
18021 78 3945
14771 196 9836
17208 196 9827
14901 72 3631
14772 95 4762
17089 9 454
15989 75 3762
14764 105 5259
14611 60 3020
14915 1 64
14636 102 5124
18210 7 385
17339 314 15735
17339 63 3179
15163 25 1291
14291 194 9707
14903 119 5996
16026 102 5149
17313 43 2159
16172 81 4095
18752 259 12981
17283 9 492
17636 33 1671
17300 4 232
17620 199 9981
17312 115 5767
17791 37 1880
15391 44 2238
16117 64 3237
14410 274 13720
18021 78 3902
18021 662 33138
14157 78 3947
18527 360 18027
16298 17 891
15383 178 8917
16583 258 12931
14545 89 4484
17144 37 1884
16031 68 3421
18763 5 270
14921 59 2990
14543 148 7431
14143 41 2051
15296 92 4609
18756 19 975
18044 522 26101
14143 48 2437
18748 153 7659
14768 63 3196
17415 100 5008
18632 127 6390
14543 148 7431
18752 62 3147
18574 230 11517
17364 52 2613
18860 155 7777
17958 22 1144
17855 240 12029
18021 138 6902
15222 121 6065
18756 12 639
17260 31 1595
18752 259 12981
17028 212 10650
15130 61 3084
14377 83 4161
18712 64 3218
15391 44 2238
14564 11 580
18714 4 232
15074 118 5950
16947 166 8327
18929 73 3680
17034 211 10567
15389 25 1263
15446 39 1969
14375 6 321
15800 279 13984
16761 361 18066
17829 62 3108
14940 101 5093
16301 29 1474
14558 110 5526
15149 67 3353
18750 213 10663
14425 160 8003
17753 148 7423
14921 7 352
17344 1 100
15266 9 484
17866 60 3018
15308 93 4683
17492 82 4118
