7049 1571 78589
7007 22 1113
7010 727 36392
6442 36 1845
6945 207 10351
6359 2 145
6853 108 5449
5557 99 4965
7023 1286 64350
6573 21 1053
7001 376 18832
7049 1216 60818
7026 654 32749
5487 21 1071
7055 43 2187
7008 746 37309
7025 385 19283
6656 43 2154
7003 1642 82122
7007 22 1113
7010 246 12325
6765 210 10544
7004 1435 71752
7023 745 37252
6666 189 9479
6620 127 6368
7003 1743 87171
5586 84 4241
7010 48 2443
5151 89 4484
7026 728 36410
7049 46 2335
6303 83 4159
7001 977 48864
7010 48 2443
6942 94 4726
7008 675 33751
6765 215 10790
7334 142 7112
6503 58 2948
7006 337 16878
7026 821 41097
7055 354 17736
7013 187 9379
7054 1577 78880
7020 1349 67500
6912 200 10022
7021 257 12857
7049 1972 98620
7016 23 1178
7048 38 1949
7020 331 16561
6615 171 8575
7023 1286 64350
6615 167 8379
7003 413 20686
7055 614 30712
7047 48 2440
7103 11 556
5151 89 4484
7023 1776 88819
7049 931 46586
7023 1549 77493
7003 1339 66984
7020 1762 88115
7020 1725 86255
7398 5 276
7008 146 7337
7017 656 32822
7020 1762 88115
7017 1119 55967
7517 94 4728
7025 178 8929
7049 1627 81355
7001 144 7237
7054 1290 64509
7003 413 20686
7003 1642 82138
7021 456 22817
7012 794 39739
7001 1144 57208
7434 144 7203
7012 1141 57087
7023 745 37252
7006 604 30207
7003 413 20686
7051 26 1331
7049 596 29848
7008 417 20884
6338 30 1512
7014 950 47526
7008 924 46216
5077 32 1614
6956 120 6036
7008 72 3608
7004 961 48072
7049 1571 78581
7046 35 1752
7012 990 49527
7048 81 4051
7020 1903 95179
7012 246 12304
6656 45 2300
7026 293 14677
7049 1216 60833
7004 1340 67017
7004 1622 81110
7019 278 13925
7017 784 39223
7026 728 36403
5497 17 872
7003 1304 65230
7003 1658 82908
7016 211 10586
6359 8 429
7026 140 7014
7020 1827 91386
7010 48 2404
7001 977 48870
7020 660 33031
5195 49 2498
6827 110 5540
7010 1596 79847
7051 67 3399
6572 173 8664
7004 1164 58202
6359 8 429
7049 596 29848
6573 21 1053
7049 1215 60774
6687 190 9548
7012 990 49527
7012 1054 52744
7025 445 22262
7021 143 7166
5036 31 1555
7017 1458 72905
6573 23 1163
6362 76 3806
6362 76 3806
5093 165 8272
6956 199 9990
7021 748 37434
7017 469 23467
7012 442 22101
7049 679 33960
7016 196 9828
7054 2010 100518
7017 784 39246
7001 376 18817
7010 727 36367
7020 86 4317
7017 469 23483
7020 1725 86255
7055 175 8759
6765 215 10790
7054 1992 99631
7008 417 20884
6620 127 6368
7017 875 43758
7054 875 43778
7021 257 12876
7014 1623 81157
7007 145 7285
5547 72 3608
7014 212 10634
7017 79 3959
6882 154 7735
7049 177 8859
7019 437 21879
7001 977 48870
6666 12 603
6666 17 856
7049 1950 97515
6882 152 7601
7007 22 1113
7018 631 31597
7023 805 40257
7054 1878 93913
7019 580 29006
7023 1941 97057
5229 1 72
6956 115 5763
7025 78 3925
7021 257 12876
7020 417 20871
7020 1321 66088
7008 417 20884
7003 848 42443
6366 19 951
7014 53 2664
7049 2015 100778
6527 106 5349
6829 123 6177
7012 1006 50317
7013 154 7736
7004 1011 50596
7004 1011 50562
6956 196 9804
7023 50 2525
7019 278 13939
6664 120 6037
7010 343 17169
7054 537 26851
7014 653 32680
7049 924 46210
7006 604 30207
7012 1726 86306
7012 914 45750
6359 2 147
6503 58 2935
7026 728 36410
7049 679 33997
6687 190 9548
7019 437 21867
7001 1134 56746
7054 875 43778
7025 445 22297
7020 1051 52594
7021 422 21103
7012 1485 74277
7049 2025 101258
6334 3 152
7014 662 33112
7023 620 31030
7004 1138 56938
7020 331 16599
7004 347 17394
5078 2 123
7054 1611 80554
5154 152 7632
7019 445 22263
6960 76 3815
6666 189 9479
6664 184 9220
7049 679 33990
7017 681 34086
7001 700 35032
7055 406 20324
6480 102 5111
7008 1470 73509
6324 96 4807
5108 90 4514
6956 116 5830
7008 889 44456
7048 81 4051
7054 875 43776
6801 155 7774
7115 43 2182
7003 1743 87171
7023 1776 88841
7003 188 9436
6322 36 1803
7049 924 46210
7004 1268 63440
4957 142 7105
6882 151 7568
6359 2 147
6560 14 737
7020 1321 66096
7012 302 15114
7014 1054 52709
5459 9 460
7049 1750 87543
7020 1051 52594
6078 27 1399
7020 1349 67500
6090 40 2027
7020 1303 65186
7047 109 5487
7020 1349 67470
7017 1458 72901
7006 337 16892
7010 651 32586
6483 1 66
7026 143 7156
7023 1776 88841
7010 246 12325
7012 1425 71300
