9362 91 4597
10567 309 15486
8472 17 894
9578 484 24213
8616 144 7211
9404 177 8897
9669 20 1021
9336 22 1122
8547 212 10637
8543 73 3655
10612 100 5042
9341 140 7027
8888 22 1122
9090 54 2726
9095 156 7840
10988 180 9025
9545 48 2411
9311 119 5970
9669 242 12143
9395 146 7336
9341 172 8624
8972 143 7171
10694 177 8856
9068 191 9555
10690 115 5792
10505 126 6334
10578 145 7292
8473 153 7657
9347 95 4788
9461 195 9766
12543 143 7166
9338 142 7107
9678 13 680
9563 558 27941
13674 230 11543
9319 73 3693
9095 202 10116
13474 60 3042
9751 30 1527
9362 151 7569
10540 40 2047
11998 202 10116
8935 306 15338
8529 7 362
9656 200 10026
8411 114 5729
11926 172 8614
10533 219 10970
10834 173 8677
8473 155 7766
9603 357 17863
9597 242 12106
11745 254 12717
8770 156 7835
9656 91 4572
13535 2 110
8471 134 6730
10781 58 2946
9615 128 6436
8964 113 5651
13592 46 2307
8718 56 2810
10471 161 8076
11564 3 182
10389 19 986
12025 134 6725
8411 61 3054
8750 121 6053
9445 78 3924
11678 121 6065
9610 21 1070
9670 145 7259
9144 13 682
10804 59 2977
8936 2 126
9404 180 9009
8959 102 5146
9637 63 3157
9208 316 15833
11531 128 6445
8740 25 1278
9336 23 1188
10491 18 942
10448 253 12661
13612 18 944
8652 46 2315
8541 17 857
11561 11 563
9068 49 2492
12040 20 1023
9356 265 13257
8995 185 9264
9662 87 4381
8964 63 3176
10772 267 13370
10436 81 4064
12514 61 3067
13455 20 1044
9601 35 1763
8993 9 460
10658 42 2123
13524 22 1112
9571 54 2708
11512 82 4123
13547 86 4320
11146 125 6269
8579 164 8201
11813 131 6555
11630 171 8572
13616 143 7172
11865 18 911
8990 191 9599
9386 74 3717
10675 101 5055
9037 130 6510
10675 272 13614
9194 68 3435
9081 110 5523
8959 56 2821
10733 82 4105
10433 115 5760
8990 64 3246
12040 47 2388
9699 74 3746
10517 166 8318
9203 10 545
9584 2 109
9327 28 1408
10688 22 1111
10606 9 479
10883 18 919
9570 332 16631
9546 208 10416
9349 35 1784
9449 5 293
9068 150 7545
9583 559 27977
9690 1 73
9063 47 2379
11626 74 3703
9678 153 7659
8531 0 18
9758 28 1434
9499 9 487
8666 263 13196
10634 291 14599
9565 43 2164
9564 244 12223
9063 98 4910
9531 106 5324
8958 136 6809
10683 224 11224
12048 46 2323
9640 64 3242
11135 105 5262
9617 233 11681
9524 80 4019
9481 204 10242
10772 233 11679
10501 189 9485
11822 13 681
8738 179 8998
10591 322 16119
9144 14 725
9658 188 9437
9325 133 6684
11911 60 3001
8899 288 14405
10741 207 10352
9081 20 1001
10491 141 7065
9591 51 2562
9394 77 3868
13617 8 420
9066 80 4021
11844 276 13829
10627 33 1652
11934 189 9475
10519 47 2378
11782 35 1794
10748 41 2052
11653 25 1273
12016 260 13008
9657 5 282
8620 124 6234
9356 265 13257
10675 223 11165
8885 230 11514
12367 21 1089
8680 10 526
10609 47 2394
10830 7 361
10483 65 3270
13665 3 188
11998 220 11044
9356 265 13265
9249 208 10447
8941 25 1283
12550 101 5077
9241 15 779
8959 108 5429
8770 174 8725
9679 83 4156
9685 12 645
8853 222 11148
10836 15 766
12508 41 2085
11518 79 3980
10490 243 12157
11976 430 21535
10475 124 6230
9586 615 30792
11628 171 8561
9610 21 1070
8553 211 10559
8680 28 1440
9311 91 4562
9068 292 14637
8906 134 6708
8620 142 7101
9682 206 10319
9215 66 3310
9678 12 639
11905 45 2267
10434 128 6431
13616 143 7190
12454 61 3052
12533 0 10
9297 37 1855
9207 129 6465
8652 44 2227
9277 96 4837
9285 143 7170
9587 532 26623
11844 153 7679
10449 183 9189
9144 44 2218
10445 203 10185
8578 64 3222
9579 236 11842
10437 62 3146
10764 43 2170
11041 69 3478
11751 17 884
10696 146 7308
13660 252 12625
13625 14 725
8908 169 8480
9458 186 9348
11609 266 13316
10385 8 401
11508 278 13921
11069 18 914
8687 120 6022
9437 163 8176
8748 61 3058
8995 185 9264
10383 16 835
10683 37 1882
10680 149 7452
9298 159 7978
10666 153 7679
12566 200 10007
10573 9 480
9289 271 13585
9615 306 15318
11845 6 322
10448 81 4073
13620 4 206
10714 104 5234
8626 67 3367
11959 54 2707
9108 0 40
10484 87 4376
9385 123 6199
9597 549 27477
10761 109 5483
10927 209 10462
9052 92 4602
9662 57 2864
10438 28 1409
10602 42 2147
9194 85 4286
10599 65 3286
8936 125 6289
9064 286 14321
10803 72 3625
13648 49 2458
9458 252 12649
9297 57 2888
10741 77 3895
8806 155 7777
13655 46 2310
10969 62 3112
9656 169 8489
9564 592 29612
12550 101 5061
11550 123 6156
9072 29 1470
10827 15 778
10834 166 8306
9653 92 4640
8670 1 96
8460 243 12194
11687 36 1817
10729 80 4013
9284 76 3829
9385 57 2887
9007 100 5035
9497 37 1859
9523 76 3803
9620 63 3169
10839 125 6265
9658 245 12257
10733 86 4341
10725 126 6324
10547 21 1093
8653 3 176
8691 43 2160
9670 68 3414
8806 168 8429
12121 3 182
8963 36 1845
13542 8 401
10645 47 2379
9299 105 5266
9515 340 17044
11933 235 11783
12068 170 8541
12139 220 11016
13618 67 3395
10547 42 2139
8885 231 11557
9684 141 7052
9326 101 5077
12025 221 11084
10988 206 10321
8538 145 7277
9321 2 101
9095 46 2331
9068 290 14506
12062 93 4696
9679 121 6086
9523 44 2208
11559 50 2523
10574 11 565
13651 152 7629
10538 160 8021
10737 314 15705
8943 58 2908
11933 230 11519
9656 308 15405
8548 148 7421
9396 48 2408
9349 128 6424
11631 233 11698
12442 157 7899
8902 61 3054
9529 580 29036
10766 128 6450
9445 325 16287
12369 45 2287
9660 126 6337
9298 129 6478
9765 101 5053
9694 25 1293
8963 105 5272
9446 23 1196
10307 99 4961
8664 94 4725
8971 200 10049
10668 197 9859
10490 248 12444
11872 205 10263
10646 58 2915
10445 292 14616
8899 190 9538
11149 142 7121
9526 555 27765
12420 111 5588
11197 38 1912
10517 142 7102
12554 2 129
10441 174 8733
10645 262 13131
12139 342 17104
9085 208 10419
10710 30 1504
10712 158 7924
8996 262 13106
10445 4 236
9499 422 21115
9519 182 9136
8706 21 1075
9545 325 16256
10437 261 13053
9068 298 14910
9603 126 6324
10471 32 1635
9041 74 3748
11991 168 8428
10657 48 2419
8472 17 857
9396 54 2745
11930 270 13549
8943 21 1080
9531 386 19335
13520 205 10288
10716 53 2700
9298 84 4242
9449 37 1876
9188 125 6268
13660 9 452
9684 140 7037
10750 59 2984
10502 228 11448
11606 216 10821
8786 68 3435
9385 163 8190
9061 180 9005
10521 281 14070
9188 172 8640
12139 342 17104
9726 41 2076
9320 4 235
9602 353 17678
9538 342 17143
9565 41 2073
13618 60 3003
9144 125 6274
13619 72 3622
10432 324 16222
11816 100 5015
10743 316 15815
11494 168 8419
9578 502 25144
11540 8 403
9095 119 5974
9467 161 8061
8589 182 9115
8648 203 10166
12495 190 9533
11728 21 1095
8918 202 10107
9052 114 5715
9299 338 16939
9354 36 1843
9527 432 21610
10547 36 1836
11751 116 5819
12366 75 3772
11622 7 364
11721 194 9723
8794 338 16942
12016 194 9705
8750 98 4946
9512 341 17062
9500 472 23612
10520 152 7644
10635 38 1914
11930 125 6267
8786 39 1975
12540 58 2916
10966 18 932
8964 79 3965
9379 100 5022
13620 10 520
12016 311 15569
10668 67 3395
9066 31 1553
13565 3 183
9217 73 3657
8964 77 3860
9558 19 953
9656 57 2890
9340 116 5803
8697 285 14284
8537 143 7162
12075 52 2649
13569 78 3914
9578 144 7237
9702 172 8649
10683 36 1808
9326 77 3883
11723 144 7207
9546 16 817
8455 210 10544
13565 110 5530
9587 434 21721
12556 54 2730
9064 269 13474
9670 100 5003
9297 39 1966
9546 34 1706
8548 202 10141
9750 88 4415
12485 149 7464
8707 108 5423
10437 262 13125
8537 0 8
10590 90 4510
9684 184 9203
11959 31 1591
9525 248 12413
10522 56 2821
9561 156 7822
10803 111 5554
10488 76 3819
12392 39 1993
11559 50 2523
9412 189 9470
10744 113 5698
13475 42 2108
10437 121 6052
10721 333 16661
10694 177 8852
9215 47 2381
13648 51 2585
11263 50 2542
10595 161 8065
8687 216 10811
8489 20 1023
10635 238 11950
9491 5 293
9518 225 11287
8460 171 8578
8918 239 11985
11108 61 3082
8936 62 3128
8855 73 3689
10708 68 3430
9297 231 11552
9660 67 3388
13580 137 6863
11979 13 669
9311 92 4623
12485 104 5205
9188 178 8935
8683 191 9583
11868 90 4546
9619 265 13260
9467 255 12754
12538 4 217
8776 63 3154
8748 131 6593
10707 22 1114
12485 149 7464
9035 33 1684
10532 31 1597
12508 252 12627
9349 131 6597
9348 134 6712
10523 219 10954
9597 245 12297
9619 266 13310
8683 97 4870
10534 98 4944
13621 27 1381
9653 263 13188
10927 207 10380
8670 16 828
9702 178 8917
9208 281 14098
9457 28 1431
9358 240 12039
10591 170 8506
9619 148 7426
9009 157 7866
13617 8 420
9002 57 2892
9346 46 2331
8538 68 3443
10712 88 4434
10389 35 1789
10478 120 6002
10648 297 14862
10745 290 14525
10635 70 3519
10688 81 4054
10724 299 14953
10533 20 1020
10700 256 12816
10716 152 7647
8620 101 5098
10781 58 2920
8537 142 7130
9563 122 6145
9578 159 7967
11064 195 9793
9561 156 7822
10737 109 5461
9602 145 7284
9479 307 15391
10551 237 11885
9629 46 2345
9682 9 458
9295 70 3544
11929 149 7465
11283 7 359
13564 6 313
9341 269 13467
9226 44 2248
10517 67 3368
8905 70 3504
13651 152 7626
10627 25 1263
8862 94 4727
12056 103 5182
10913 130 6550
9526 412 20620
8433 23 1182
10475 61 3074
10449 171 8580
9081 19 964
12533 67 3365
11776 162 8113
9650 75 3780
12485 149 7466
10546 22 1119
11879 54 2736
10705 170 8550
8476 51 2599
11625 21 1072
9009 94 4711
10584 21 1088
9369 10 513
9479 16 823
9706 48 2427
12401 32 1644
10807 111 5579
9241 15 779
10501 30 1526
11766 210 10533
8742 236 11846
10366 11 573
9538 324 16232
11921 318 15950
9479 61 3093
10590 39 1972
10687 107 5393
11605 301 15058
9068 342 17101
9300 150 7529
8541 18 941
10663 52 2636
9358 291 14566
9223 18 920
9216 182 9141
12543 211 10583
10569 232 11636
8959 235 11800
9063 47 2379
9039 54 2701
9660 186 9332
9719 12 627
8646 89 4474
10635 116 5824
10858 87 4400
12503 10 506
13455 20 1016
9068 351 17590
9063 26 1316
11294 3 180
12073 11 570
11751 167 8358
10719 100 5049
8960 46 2319
9546 21 1054
13505 23 1195
8646 3 185
9526 369 18482
8794 104 5249
10522 56 2813
11531 128 6445
12069 205 10266
10592 236 11837
9720 211 10594
10741 208 10441
10850 190 9513
10471 9 497
8918 239 11968
10685 13 672
9064 158 7927
10448 153 7657
9619 149 7478
9435 8 443
13520 206 10306
11554 114 5740
11045 56 2843
10522 56 2821
13569 100 5041
12442 187 9362
10445 253 12663
12107 24 1210
10480 291 14594
11976 283 14185
10712 311 15579
10449 145 7263
13638 250 12515
8957 236 11850
13688 96 4808
12071 200 10050
10383 15 773
9298 3 195
9535 116 5806
9269 87 4375
9404 177 8874
11969 125 6258
8799 160 8032
10522 32 1641
12015 27 1391
9639 231 11583
10618 51 2552
10530 161 8066
8963 113 5683
11673 73 3699
9310 12 650
9685 38 1944
10471 8 420
9299 154 7738
9453 11 585
9602 658 32940
8962 29 1475
9538 534 26718
9499 78 3925
8547 276 13809
9457 59 2974
9238 105 5268
12566 160 8013
12538 8 431
9435 115 5767
10538 66 3302
9620 89 4479
9348 51 2599
8547 288 14421
12442 241 12076
8701 97 4879
9435 185 9254
9395 353 17682
11103 144 7217
13453 25 1253
8626 69 3480
9448 48 2423
12142 86 4322
10836 25 1299
9458 221 11079
9299 164 8220
8907 183 9164
12021 48 2433
9041 109 5479
9545 134 6725
9590 275 13767
10565 50 2550
10748 10 501
8578 66 3317
13470 84 4236
9090 120 6008
11512 82 4123
9038 79 3958
9040 326 16343
9615 346 17319
9682 67 3354
8957 189 9470
10990 104 5239
9712 169 8486
11115 31 1571
9716 0 27
8804 64 3244
8806 170 8545
9560 153 7673
9072 3 195
8797 26 1320
8996 176 8824
13565 3 183
11766 41 2100
11762 124 6244
8566 5 262
10356 12 622
8455 186 9339
11745 254 12717
9247 69 3483
9092 63 3185
10547 85 4254
10436 219 10997
10437 113 5677
10436 160 8027
9677 166 8308
10649 188 9406
10610 139 6975
8660 61 3068
8889 29 1487
9685 12 645
12091 301 15052
10519 78 3907
10694 96 4828
11182 151 7575
8465 197 9869
8562 82 4148
9677 71 3598
9472 230 11550
10502 106 5307
10929 120 6015
9765 118 5907
11146 46 2310
11929 133 6655
11909 35 1767
10629 101 5086
9511 221 11100
10563 224 11224
13680 71 3565
11813 131 6555
10592 235 11751
9064 111 5560
9377 24 1220
11145 27 1356
9034 8 444
12016 421 21055
8746 185 9277
9412 160 8047
12367 39 1992
10530 203 10171
9523 115 5797
9601 542 27136
10478 113 5696
9024 225 11296
9299 188 9445
9507 321 16070
10471 17 895
8586 5 260
9240 46 2340
9052 115 5777
11765 287 14361
11535 77 3891
9679 87 4371
10389 19 986
10675 99 4991
10870 48 2429
13478 76 3837
9336 77 3864
8935 22 1105
9361 41 2074
10448 40 2040
9056 38 1945
9599 73 3659
12441 0 12
10720 41 2098
10924 21 1085
10448 154 7741
12486 159 7989
9632 9 453
11524 192 9618
8664 97 4860
11737 178 8916
11751 75 3792
9712 65 3271
10627 26 1327
10502 274 13746
9444 89 4465
9358 87 4376
8476 128 6438
8786 35 1760
9532 34 1743
12486 83 4161
9030 198 9927
9288 100 5041
10599 17 860
10434 128 6431
8683 74 3745
9590 364 18209
8460 85 4293
13675 151 7590
9050 0 16
8495 76 3836
10683 230 11520
8648 308 15406
9343 24 1223
8963 113 5683
8745 3 161
9243 49 2475
9518 223 11155
9608 125 6284
8721 34 1727
12071 72 3633
13625 14 725
9491 5 293
8578 186 9341
9242 88 4409
8646 39 1977
8787 9 495
10610 261 13091
9651 5 277
9394 77 3868
8448 33 1653
10645 144 7246
10530 209 10482
9362 34 1701
11909 307 15354
9349 135 6787
9578 159 7967
13547 86 4350
9292 24 1236
8411 137 6858
8677 156 7847
9412 243 12186
9586 370 18527
10688 75 3792
10675 38 1902
8666 70 3530
9249 59 2985
12449 216 10824
9358 129 6469
9063 308 15432
8510 15 775
9348 50 2517
12046 43 2192
9072 132 6647
8806 47 2357
9281 46 2343
13653 0 17
13637 48 2421
13652 32 1625
11589 194 9723
9432 154 7724
9108 0 40
13475 42 2108
9188 178 8911
13675 151 7563
9675 147 7397
13520 206 10330
9210 190 9539
8908 169 8469
8548 130 6510
8938 19 986
9440 221 11093
10521 179 8990
9311 115 5754
9583 179 8960
9546 15 765
9210 190 9539
8688 67 3364
9337 31 1580
8433 120 6032
10795 105 5288
13475 42 2139
11879 274 13724
9579 273 13651
9527 452 22628
10442 297 14874
11201 30 1530
12364 66 3343
9195 338 16935
9481 253 12685
12384 27 1356
9699 21 1099
9526 412 20620
10730 5 298
9619 145 7256
11976 430 21515
8736 23 1151
8433 137 6876
9311 119 5981
9395 336 16812
9609 13 692
10668 195 9799
10616 45 2263
11624 27 1385
8912 45 2264
10735 112 5638
9395 337 16890
10974 22 1113
9366 109 5467
9238 106 5305
11800 52 2641
10523 246 12323
10884 292 14647
9479 60 3031
9706 75 3769
9299 205 10268
11631 160 8001
12441 0 12
13620 13 664
10448 38 1930
9570 332 16631
13629 155 7786
9449 35 1770
9563 523 26159
8538 68 3436
9640 99 4995
9238 106 5305
11911 1 91
8650 17 886
9215 350 17520
11179 16 816
8410 32 1607
13635 30 1543
9446 114 5718
11570 68 3443
12364 9 456
10656 11 599
9366 101 5054
8971 304 15236
8704 114 5705
9604 74 3739
9195 136 6801
8759 24 1209
10846 29 1479
8700 186 9343
10716 232 11618
11965 116 5841
11570 46 2342
8735 8 448
12069 169 8476
10534 80 4038
9427 87 4379
9228 102 5140
9396 47 2394
9605 291 14568
10471 116 5843
8656 84 4223
9395 232 11604
8621 41 2067
11913 297 14900
13620 13 664
13503 176 8806
8410 209 10458
9022 68 3412
13574 13 679
10681 25 1298
10561 46 2326
13465 74 3723
11756 181 9066
9325 59 2977
11804 105 5272
9658 245 12257
11751 31 1556
8770 34 1743
9072 133 6683
9435 199 10000
9090 96 4823
9304 13 685
9348 105 5295
9608 123 6159
10480 252 12635
8410 202 10124
10520 198 9924
8893 48 2403
8719 151 7597
8460 103 5177
10434 140 7025
10581 4 232
12420 66 3333
9565 83 4158
11614 39 1951
8407 27 1393
8836 20 1009
9603 115 5761
10355 305 15292
11624 16 816
11972 97 4863
9208 281 14098
10736 24 1214
10522 35 1791
8683 150 7535
11926 147 7396
9591 19 966
9068 292 14637
9370 244 12202
8700 29 1482
8959 98 4906
9094 25 1291
11570 68 3443
12021 49 2488
10442 244 12216
8894 124 6240
9472 38 1935
9526 14 723
8957 122 6119
10689 55 2781
11591 14 719
10690 206 10316
12420 107 5371
10609 42 2125
10690 63 3194
11751 2 148
9079 164 8234
12545 32 1623
8666 83 4151
10584 52 2645
8427 267 13351
10442 45 2280
10547 77 3876
11631 160 8027
8762 132 6635
10690 114 5715
10795 108 5405
8958 172 8615
8541 169 8451
10931 160 8030
11134 5 279
8690 176 8828
8762 70 3542
9289 250 12505
9543 178 8902
8738 144 7211
8656 102 5150
10745 152 7618
11791 211 10591
11811 2 132
11884 129 6487
12466 23 1177
9277 96 4837
8797 27 1365
9594 163 8181
8510 30 1544
8777 37 1878
13520 25 1274
10355 211 10563
8546 56 2810
9191 113 5657
10534 78 3921
12056 60 3005
10745 339 16985
10540 18 902
10748 41 2060
12069 205 10266
9741 20 1023
13668 73 3666
9601 445 22280
10546 118 5921
9210 224 11223
9560 149 7473
9704 52 2618
8957 274 13731
10445 21 1096
12107 62 3120
12139 429 21500
8410 29 1491
10562 191 9552
10735 86 4346
10584 311 15599
9653 28 1409
9412 202 10107
10724 296 14846
10441 51 2572
8708 165 8297
11648 51 2583
10675 233 11653
9348 83 4172
9068 298 14910
12091 315 15799
13524 5 271
11617 52 2625
10521 343 17196
11796 164 8237
10599 116 5818
10634 119 5960
11080 196 9831
8751 58 2942
8413 299 14960
8903 20 1017
10382 60 3048
8448 33 1663
10441 130 6519
11937 15 770
11574 187 9352
10478 165 8283
9679 7 370
12442 27 1399
11830 84 4241
10687 106 5315
8904 11 599
11879 6 333
10612 92 4606
9033 144 7225
10383 33 1700
8413 164 8205
12442 40 2035
9546 209 10489
11972 45 2284
8436 55 2773
9618 90 4529
13552 46 2324
11134 58 2948
10505 127 6366
9472 33 1671
10990 104 5239
10665 262 13132
9039 58 2918
12441 33 1690
8589 220 11012
9404 183 9181
12543 345 17264
10482 34 1706
10501 22 1130
10929 147 7360
9601 309 15486
10523 284 14238
13467 183 9153
9716 29 1486
8841 18 927
12565 316 15818
9002 116 5837
9396 48 2448
12364 109 5484
10675 97 4853
9527 25 1255
11720 26 1311
9407 17 882
8977 212 10644
12025 350 17548
9668 91 4568
10726 29 1457
9500 432 21609
9374 84 4249
11554 114 5734
9307 9 472
10530 203 10185
12382 255 12783
9212 5 285
9317 62 3148
9526 161 8077
9226 44 2248
10669 145 7281
12442 187 9388
9587 400 20043
8957 166 8325
8589 96 4806
10660 74 3710
9008 60 3011
9250 51 2562
9656 329 16472
8714 81 4100
10502 10 528
9597 245 12297
13469 44 2230
8853 259 12964
9529 514 25742
9519 71 3597
9584 176 8814
8465 104 5219
9416 55 2759
11664 51 2585
12143 27 1387
10574 286 14319
9681 61 3097
10972 37 1890
8738 303 15193
13695 41 2052
9533 129 6490
9613 42 2135
10755 203 10199
12496 60 3038
9063 308 15426
10437 120 6026
9576 339 16965
9526 290 14514
9225 9 477
11815 182 9119
10471 15 782
9347 80 4035
9524 44 2219
9529 631 31591
13555 13 662
11678 173 8678
10366 20 1003
10627 7 379
10706 5 266
9289 33 1700
8658 6 309
12498 8 415
8996 262 13106
9064 165 8298
9310 52 2649
10396 0 21
9289 328 16435
13520 65 3276
8430 25 1295
9072 132 6637
9551 17 852
9341 95 4754
8407 27 1393
11286 39 1979
9579 82 4129
9526 344 17234
9215 82 4127
10355 187 9380
11762 124 6228
8770 156 7835
8446 98 4905
9347 182 9130
8414 112 5646
9311 169 8472
10592 235 11751
9002 279 13957
11848 267 13351
9442 165 8259
9609 15 765
9669 338 16906
9656 229 11456
9578 144 7207
10660 74 3744
9345 186 9313
9319 18 908
12505 48 2427
10504 160 8008
12374 18 914
8514 95 4768
9567 495 24785
11608 103 5166
10355 299 14976
8427 109 5483
8664 137 6888
8433 300 15015
9205 311 15568
8719 14 705
11926 244 12201
9346 17 857
9362 129 6474
9560 167 8379
8714 81 4088
9049 153 7676
8677 160 8014
10448 253 12661
9349 35 1754
8445 42 2102
13655 36 1813
9385 123 6195
8441 50 2538
9564 277 13885
8747 40 2029
11756 72 3616
12091 162 8149
9308 85 4271
11593 71 3580
10696 0 30
10716 188 9414
8700 149 7483
9300 171 8572
11508 101 5064
9345 75 3784
12508 61 3076
10382 40 2003
10473 36 1802
11500 57 2873
9587 403 20167
10966 92 4641
9116 1 54
8943 36 1843
9526 226 11345
11783 6 343
12441 195 9790
10772 2 139
10449 109 5493
8936 101 5065
13647 25 1275
9578 159 7990
11782 54 2750
10533 177 8885
10864 30 1549
9572 88 4428
9586 375 18781
8687 122 6105
11873 5 255
10595 3 159
9572 26 1332
9660 66 3342
9580 0 50
9068 115 5766
8750 98 4935
11879 138 6938
10540 123 6181
9650 315 15766
11879 54 2736
10665 278 13923
10561 129 6486
8893 231 11574
11554 114 5734
9249 107 5387
9617 233 11681
10593 337 16900
10445 315 15755
9349 300 15004
9208 340 17039
8410 95 4798
9386 101 5079
9546 52 2621
9435 128 6445
9597 283 14169
11080 295 14798
9438 92 4616
10475 99 4996
9438 91 4566
10760 121 6059
10481 114 5744
10839 140 7050
11064 186 9333
10437 130 6548
9519 46 2311
11787 2 131
9669 57 2867
9358 108 5405
10704 331 16575
10584 70 3535
9341 249 12473
10561 115 5780
8750 98 4935
12107 114 5750
13680 71 3565
9472 227 11361
9704 131 6596
9617 41 2067
10627 26 1327
9265 8 420
8553 102 5145
9326 62 3121
9379 196 9850
9726 68 3404
10867 21 1069
12442 40 2010
11094 213 10699
9712 1 89
9075 158 7945
8458 14 705
12486 217 10851
9653 323 16157
10567 217 10886
9421 23 1182
13648 94 4723
10925 255 12762
9446 23 1167
10471 4 205
10523 282 14146
9467 99 4991
9660 329 16496
10502 319 15984
9386 10 516
8749 24 1226
11531 80 4024
9454 110 5503
8817 20 1021
11631 97 4865
9406 12 618
9347 69 3491
9605 158 7906
9474 133 6684
10610 254 12708
8440 19 983
13661 55 2777
9081 210 10532
9252 10 504
8941 26 1302
8738 303 15193
9241 31 1572
8957 101 5077
10688 141 7082
9291 3 172
9338 165 8257
12422 158 7929
9386 65 3260
9406 25 1278
13466 128 6422
9618 104 5218
9340 152 7637
8770 174 8732
9491 106 5332
9092 5 289
9307 62 3109
10966 328 16444
10578 267 13389
8578 165 8254
9304 89 4477
9681 55 2793
8562 40 2036
11933 230 11525
10445 4 230
10445 150 7549
8471 205 10289
8687 209 10470
11087 124 6233
10757 35 1768
9404 179 8957
9096 96 4836
9584 176 8814
9319 21 1080
9316 32 1610
10645 49 2492
10389 18 949
11778 56 2830
11564 3 182
10553 37 1859
8719 98 4930
10716 230 11517
11545 84 4230
11906 155 7787
9656 318 15915
11842 104 5227
9002 116 5837
8406 29 1461
10436 146 7328
13660 256 12804
9629 50 2536
9446 24 1210
9587 532 26623
9524 44 2219
10693 56 2823
10439 197 9853
9468 163 8169
9343 14 723
12056 419 20979
9370 337 16854
9578 224 11221
10634 238 11918
9619 58 2929
8538 279 13999
8546 9 498
10441 45 2261
12442 62 3133
9538 518 25911
9602 441 22062
9458 221 11052
8518 28 1444
11803 118 5942
9529 285 14265
9001 66 3314
10685 69 3459
10597 246 12343
8747 40 2017
13474 10 530
8977 138 6931
9529 580 29036
9404 71 3562
10562 81 4058
13621 71 3573
10683 266 13339
10592 244 12248
11830 329 16460
13623 4 229
8433 297 14853
8440 34 1724
11884 167 8361
10755 218 10904
9379 53 2665
10736 6 350
9305 126 6311
8784 145 7283
8759 23 1171
13455 20 1014
9297 44 2247
9313 108 5409
9225 125 6292
12434 2 127
10584 311 15599
10540 63 3191
12042 3 151
10762 71 3598
8434 38 1946
9158 2 129
8683 72 3607
10471 9 497
9479 78 3924
9144 14 726
8411 110 5536
9637 256 12807
9526 281 14067
10439 98 4949
8587 81 4071
10838 43 2152
11675 163 8195
9212 11 569
10747 2 136
10634 131 6551
9668 88 4448
9669 340 17038
13614 55 2751
10475 59 2980
9092 59 2991
9608 95 4770
8742 159 7954
8889 222 11110
9727 47 2368
9437 26 1321
9379 25 1274
10441 1 96
9589 45 2277
8889 29 1487
8702 139 6980
9608 88 4439
10437 261 13053
9473 182 9148
8445 138 6909
10449 294 14716
9511 182 9147
10645 24 1203
10471 46 2305
9379 116 5813
11693 5 252
9075 155 7800
10540 63 3191
9247 69 3471
8959 115 5773
13689 137 6872
11867 161 8057
8904 8 449
11591 29 1496
9656 289 14498
9679 211 10571
12071 69 3479
11963 372 18615
8897 33 1689
9613 41 2086
9658 245 12280
11521 123 6169
12107 62 3120
13472 12 612
12046 43 2192
10483 34 1748
8589 50 2542
10551 183 9162
9567 174 8714
9064 280 14044
13471 78 3914
8789 70 3501
8894 124 6236
11715 155 7769
11952 6 343
10593 207 10381
9486 170 8515
10593 235 11790
9651 321 16092
11869 166 8310
8711 3 156
11802 122 6110
10668 66 3319
8490 63 3156
8957 175 8758
11977 62 3132
11150 77 3892
8620 73 3691
9394 78 3903
9710 160 8027
9757 46 2317
9033 106 5325
10562 200 10010
11553 13 661
10471 55 2781
10593 336 16813
10493 122 6140
10716 113 5665
9089 57 2871
9499 460 23050
11762 231 11578
10502 183 9164
9201 199 9956
11601 58 2923
8708 54 2750
11933 235 11759
8493 29 1461
9341 139 6961
11974 86 4350
12005 19 993
11514 30 1513
8666 70 3530
8529 335 16767
8719 251 12561
10445 4 209
12545 19 993
9543 96 4805
8590 230 11507
9366 90 4504
8894 3 168
9325 42 2127
9689 178 8926
9242 28 1433
11608 103 5166
9386 169 8500
9370 251 12558
12083 153 7688
9499 327 16372
8762 246 12350
12496 59 2952
12529 160 8034
9088 23 1172
10490 220 11014
11929 174 8728
8736 10 513
10491 20 1043
10438 138 6946
10665 48 2434
8804 116 5801
9610 9 481
9564 592 29612
9620 184 9249
8958 198 9940
10595 11 559
11841 88 4412
13544 37 1900
9620 97 4851
9546 73 3696
8792 10 532
9511 28 1419
9479 78 3924
8707 108 5423
11977 139 6964
8893 50 2547
9603 141 7076
8762 245 12283
12073 81 4090
8460 223 11182
9337 14 749
10760 222 11129
9712 65 3271
12054 72 3612
11881 41 2085
10883 205 10278
10519 70 3550
9144 48 2419
12083 202 10146
9590 350 17538
11895 108 5416
9341 144 7211
10442 197 9866
9288 100 5009
9601 309 15486
11707 137 6900
9538 534 26718
9440 7 353
11096 46 2321
8538 67 3364
9726 73 3681
9437 317 15855
11976 155 7767
9615 256 12845
10597 317 15883
8762 246 12350
8941 79 3980
8490 36 1848
11716 94 4722
8555 5 288
11813 111 5580
10483 52 2647
10737 12 646
12045 120 6044
10721 312 15617
9710 141 7053
8936 2 134
8409 103 5163
9267 1 95
9529 575 28759
11993 25 1300
8460 216 10823
10573 9 480
9498 85 4264
11938 51 2559
11829 27 1363
9629 50 2511
9341 142 7107
10597 317 15883
8546 5 263
9062 6 314
9035 124 6220
9650 23 1173
9640 17 856
10660 187 9382
9535 252 12613
11998 202 10120
9095 156 7850
11821 23 1152
10675 272 13614
9694 25 1293
9660 193 9655
9049 110 5538
8996 358 17928
8427 267 13351
9347 173 8692
10471 57 2900
10683 229 11472
8686 5 285
8529 77 3900
11628 168 8403
9481 110 5524
9343 11 572
10487 35 1798
12506 113 5660
13674 5 299
9319 18 908
8531 0 13
11979 13 675
11080 43 2192
9297 37 1857
8738 303 15175
13621 79 3960
8704 23 1151
9037 93 4682
9089 59 2964
9037 42 2112
13491 5 255
9297 166 8344
9081 111 5580
8764 270 13521
13544 21 1079
9565 80 4021
9297 231 11552
9423 26 1321
8889 224 11207
9245 277 13881
10635 33 1689
11045 58 2922
8989 57 2879
8649 4 213
8590 111 5578
9608 88 4439
10745 276 13808
8578 127 6384
9340 152 7637
10355 295 14786
9090 119 5968
9726 90 4532
9563 472 23635
10655 1 69
8764 40 2007
9538 157 7857
8987 16 846
9526 555 27765
13478 76 3837
8934 60 3038
10624 333 16657
9273 336 16842
9590 624 31229
8886 14 716
10732 6 316
8957 94 4717
8514 177 8863
10609 193 9652
9358 277 13900
8888 123 6183
9531 411 20591
10445 184 9244
10631 34 1703
10386 6 328
11922 230 11530
11984 135 6753
9434 305 15295
9459 11 569
9632 169 8457
8668 53 2687
9720 211 10571
11553 185 9297
10441 128 6419
9326 77 3883
9064 167 8357
9085 168 8403
8893 47 2379
10850 210 10542
9250 38 1921
11761 11 586
9617 158 7928
10623 78 3914
9653 30 1528
12449 144 7206
11674 23 1167
13643 143 7174
9068 319 15987
12095 163 8189
9765 99 4985
9650 314 15736
9079 19 979
8528 28 1437
8746 182 9139
8943 21 1080
8538 338 16945
8794 94 4704
9704 131 6596
10727 83 4200
9288 48 2423
10920 11 585
10480 132 6609
12107 62 3120
10445 218 10910
10480 134 6747
11279 97 4864
12431 95 4795
8683 192 9634
11080 196 9831
9473 224 11235
9370 337 16854
9444 308 15421
9531 126 6307
12083 381 19086
9587 471 23580
9298 19 974
9660 188 9430
9375 25 1259
9702 172 8610
11695 8 417
9602 432 21615
9618 145 7273
9004 24 1240
12061 76 3801
12495 32 1630
8548 148 7424
10680 79 3979
13668 83 4175
9481 134 6703
8707 108 5423
8762 62 3145
10735 112 5640
12025 84 4236
10390 71 3598
10563 155 7784
11064 64 3239
8919 73 3665
9299 152 7647
10485 10 541
11617 225 11292
9474 56 2836
11973 126 6301
9255 18 946
10635 117 5896
9481 204 10242
11495 31 1567
13638 5 270
8899 158 7916
10690 115 5782
9063 93 4698
13695 110 5548
10355 236 11818
9080 146 7322
8968 6 331
10447 78 3916
11297 79 3987
8964 82 4124
8656 44 2238
10657 47 2379
11628 260 13020
9435 129 6499
9653 101 5100
8668 21 1091
9310 13 687
10750 8 435
9573 10 512
12110 96 4805
9592 256 12809
13661 212 10649
8644 12 613
9681 55 2793
10743 330 16538
8589 95 4785
11813 3 152
13689 77 3885
10533 112 5626
10439 1 95
9602 349 17475
10483 65 3270
9525 216 10844
10547 76 3824
10793 71 3563
8701 211 10557
8770 156 7835
10580 122 6145
9592 13 669
8718 58 2932
10366 0 3
9523 636 31837
9345 210 10531
8415 8 407
10593 198 9919
9682 9 496
9515 342 17134
8446 83 4198
10505 125 6283
10683 196 9813
11495 31 1567
8638 50 2517
10635 91 4589
8794 98 4937
8567 39 1956
9435 115 5767
13470 75 3788
10629 6 302
13580 26 1333
11029 69 3460
8891 51 2569
10502 274 13746
13470 99 4952
9668 85 4279
12095 92 4632
10624 256 12832
9681 55 2761
9089 57 2881
8638 39 1984
9338 165 8257
9370 337 16885
9311 143 7181
8436 70 3516
12069 194 9717
9587 191 9573
10721 335 16772
12482 187 9396
9678 89 4498
9656 227 11362
10649 188 9406
9668 252 12647
9565 107 5358
11108 88 4406
9538 342 17134
13559 11 586
8747 69 3463
9191 85 4257
10449 107 5365
9298 171 8583
9726 328 16444
9245 36 1824
12533 8 404
9685 38 1944
9269 86 4316
12498 61 3082
10602 122 6148
9392 27 1385
10693 289 14479
9287 117 5863
12456 44 2209
9483 185 9252
9615 256 12845
10535 9 476
11756 72 3631
9336 60 3009
11524 221 11072
11564 3 182
9239 73 3700
9587 215 10768
10602 97 4858
9523 430 21550
11545 84 4203
13470 37 1873
8529 6 342
10473 183 9197
9482 183 9183
9608 96 4814
8626 42 2135
9332 12 604
9299 189 9463
9377 138 6931
8886 110 5507
8807 138 6901
12554 61 3086
10483 37 1885
8589 44 2217
10592 233 11689
10660 74 3738
9063 60 3023
8841 16 839
13616 331 16587
13580 113 5698
11804 148 7410
11998 207 10386
9523 115 5795
9712 57 2888
9364 65 3279
11074 85 4298
11505 37 1872
10647 10 520
10560 18 940
10563 316 15818
8471 133 6666
9333 3 164
8413 130 6506
11026 27 1394
13660 252 12605
10898 26 1306
9651 108 5411
9458 212 10624
9067 105 5253
10581 44 2245
9362 46 2335
11253 115 5784
9066 108 5414
12070 320 16006
13644 34 1712
9603 113 5682
10540 9 484
9653 268 13423
9639 96 4813
9505 187 9390
9307 28 1433
9340 182 9127
9385 111 5575
10520 331 16576
9658 63 3175
8990 34 1704
10594 2 122
9479 285 14274
11765 202 10140
10843 47 2396
11841 40 2049
10844 20 1020
13559 24 1241
11531 199 9983
10873 17 857
10696 7 353
10841 84 4245
11644 106 5320
10602 123 6180
10581 58 2928
9281 44 2202
10929 121 6069
8888 22 1122
9660 119 5977
8554 40 2023
9482 174 8750
8893 350 17549
9366 60 3006
8789 70 3501
9241 31 1572
10724 125 6280
9560 165 8252
9702 287 14393
10666 150 7535
10599 94 4726
12533 50 2532
11813 35 1784
9583 530 26514
12146 9 497
10683 266 13339
9470 211 10564
10690 29 1472
9205 311 15568
8764 82 4139
13544 21 1090
9564 575 28776
8769 183 9184
10437 69 3492
10675 189 9483
9564 1 80
10611 67 3356
10580 238 11917
10755 110 5521
11938 13 660
9587 488 24449
12442 157 7899
12121 3 154
8711 4 218
9397 59 2974
9366 265 13298
9092 10 522
11977 133 6695
9255 37 1862
11963 391 19593
8539 231 11586
8921 4 216
9605 86 4318
12553 6 344
8660 61 3068
9158 51 2588
8917 99 4960
9349 5 266
9372 173 8700
10931 57 2870
9695 17 858
8589 93 4690
8460 213 10652
8751 73 3655
10521 180 9036
10489 70 3548
9639 144 7209
10574 134 6738
9386 72 3646
9212 94 4738
10712 260 13040
9348 180 9050
8620 50 2538
9677 101 5090
11963 391 19593
9615 214 10745
13536 67 3382
8907 185 9293
9341 75 3777
13630 55 2778
10727 33 1662
10442 24 1213
8691 105 5288
11943 154 7731
10505 27 1369
10921 300 15023
10743 279 13985
10493 90 4522
11275 103 5182
8444 16 828
9207 21 1054
9301 124 6205
9483 185 9252
10545 16 823
9605 78 3933
9324 8 425
10938 80 4016
9467 309 15458
10625 297 14870
9472 120 6023
10771 251 12578
9650 318 15916
9301 91 4583
10502 175 8778
9628 69 3496
10441 51 2572
10645 147 7396
9226 65 3288
8413 274 13728
8720 56 2843
9717 320 16042
11687 85 4252
11609 266 13316
8467 164 8215
9349 127 6399
8853 256 12826
9589 52 2602
13478 27 1386
10712 88 4434
9651 259 12959
9092 5 289
8934 21 1085
8529 335 16800
13507 17 851
8893 205 10273
10627 51 2575
10436 184 9223
8720 53 2675
10745 339 16972
9511 26 1338
9590 459 22952
10439 196 9849
9345 353 17684
12016 400 20009
10529 96 4820
13652 32 1625
8529 4 201
8989 76 3833
10480 290 14505
9434 74 3735
9370 72 3607
10436 175 8772
8862 83 4192
8626 40 2030
9682 81 4096
9366 330 16509
11695 8 435
13561 38 1927
8904 8 449
10755 104 5243
12431 104 5242
9576 457 22854
9584 80 4006
9461 52 2620
10449 85 4299
8445 135 6761
8955 91 4553
11804 136 6839
13582 62 3106
8740 24 1222
8719 112 5650
9613 28 1441
10848 182 9141
9416 67 3373
9207 24 1236
9307 195 9755
11500 57 2856
8648 203 10200
8960 89 4453
10516 20 1016
12066 280 14044
8806 167 8358
9346 26 1347
9297 85 4289
9578 449 22477
8762 70 3542
9435 85 4253
10716 191 9577
12075 52 2649
9570 51 2579
10732 24 1250
10669 11 575
9649 89 4493
9597 549 27477
8472 17 894
10483 65 3253
10609 101 5084
8919 89 4475
9239 72 3616
8938 19 986
9064 106 5350
12533 50 2541
11187 275 13760
10449 294 14716
9677 110 5510
10737 260 13016
8918 7 367
9066 31 1553
11675 109 5486
9695 6 341
11894 23 1196
8538 27 1355
9601 437 21889
10490 171 8578
10784 49 2478
10534 78 3929
10569 66 3332
12451 86 4321
12379 56 2803
10744 49 2457
10712 311 15579
8759 226 11329
8751 153 7678
9417 36 1834
8445 223 11197
9482 183 9183
9499 9 473
10970 31 1567
10432 5 294
12543 338 16934
11844 101 5060
9252 10 504
11728 50 2534
11891 34 1729
8620 50 2538
9637 60 3041
10660 77 3897
10584 223 11171
8751 73 3685
9489 3 156
8971 32 1602
9689 108 5405
9288 143 7195
9379 198 9936
9311 143 7181
10441 133 6672
10501 189 9485
13662 166 8348
9002 117 5852
9299 319 15987
10563 287 14373
10437 130 6525
9702 287 14393
10696 68 3416
13652 66 3307
10657 189 9453
9052 77 3866
9311 169 8472
9277 11 551
8413 299 14960
9341 162 8142
9427 10 517
8972 143 7171
8923 15 788
13583 18 950
10790 64 3235
8440 28 1423
9704 193 9672
9196 132 6605
9397 5 261
12095 87 4369
11531 110 5547
12515 37 1875
9226 129 6487
8873 29 1485
9434 346 17318
9316 34 1712
8537 8 437
10635 27 1386
13668 72 3622
9395 137 6868
11531 110 5547
8897 0 41
9650 260 13008
12508 405 20264
11067 60 3005
11829 122 6129
10611 31 1556
8436 44 2216
9023 12 616
8941 24 1212
9377 79 3964
8440 19 964
12368 82 4108
9092 79 3970
9655 30 1507
8936 120 6022
8917 13 696
10660 276 13803
8668 88 4425
11685 285 14291
10745 278 13921
8590 111 5591
9341 199 9981
9196 70 3532
9458 219 10977
8537 224 11219
11842 61 3061
8807 23 1170
9297 47 2370
9052 125 6293
8721 126 6305
12543 31 1575
12449 216 10824
10438 49 2487
9560 150 7534
8683 98 4923
9144 125 6274
9472 34 1719
9481 204 10242
9546 73 3696
12121 3 182
10858 74 3741
11614 109 5453
9542 61 3074
10444 52 2635
10432 324 16222
8476 51 2599
9531 438 21925
9477 126 6349
8683 33 1659
10386 55 2778
11972 48 2441
9639 297 14877
8621 40 2039
12056 60 3005
8410 196 9817
9287 109 5496
9338 65 3280
9379 21 1075
10445 218 10932
9292 28 1430
10665 68 3430
9546 208 10436
9679 83 4193
9038 79 3970
11922 134 6722
13470 45 2291
10710 55 2752
9347 159 7963
13689 274 13720
10666 24 1249
10520 284 14216
9621 51 2567
9144 67 3368
9307 25 1255
8798 47 2391
10516 78 3948
8538 187 9390
10355 306 15310
9290 82 4137
10502 176 8836
8656 77 3864
13614 147 7390
10680 76 3820
10449 172 8631
9500 468 23423
9064 177 8895
10693 193 9690
10484 88 4438
9587 403 20167
9535 112 5645
9578 502 25144
9717 329 16479
9310 72 3607
10371 30 1527
10657 48 2419
9584 176 8814
9668 221 11100
9726 46 2308
9063 228 11446
9088 79 3973
9096 204 10209
10592 236 11837
9210 285 14295
9297 159 7974
10523 246 12329
8941 8 432
9348 49 2496
8904 8 449
9704 321 16085
10918 13 689
10736 26 1337
8936 2 134
10389 21 1087
9570 276 13805
12442 301 15055
9366 331 16570
13623 4 211
9704 263 13161
11593 115 5756
8784 49 2466
10595 66 3341
9529 541 27080
9252 22 1116
10843 48 2415
9208 131 6599
9479 232 11633
8467 164 8215
12046 73 3664
11072 62 3126
10382 15 758
9416 69 3470
10625 157 7868
8971 56 2846
10610 104 5244
11989 90 4503
9689 224 11242
13565 121 6091
11958 63 3154
13618 48 2411
10658 42 2133
9319 21 1064
11869 106 5343
9313 61 3095
13629 117 5896
9527 357 17892
11762 174 8741
8804 64 3227
13466 128 6426
9195 52 2611
9583 559 27977
12048 46 2333
9615 346 17319
8975 7 363
10712 256 12805
9538 324 16232
9590 609 30500
9499 60 3028
10445 185 9269
9640 24 1219
8918 239 11985
8473 161 8084
10493 86 4311
10873 31 1575
8763 12 619
9245 172 8614
9526 369 18482
8655 3 197
8909 55 2754
11909 272 13649
9242 114 5726
10913 79 3980
10583 44 2215
9639 62 3129
9510 244 12214
8996 261 13066
8804 194 9719
11766 178 8935
8711 129 6484
10668 195 9773
8646 27 1383
9463 77 3887
11909 45 2283
9702 287 14393
10534 164 8227
13638 251 12564
13542 31 1581
9277 80 4042
9678 153 7659
10538 90 4502
8587 43 2166
8666 169 8492
12537 0 39
9639 60 3021
12496 78 3927
10355 305 15277
10480 338 16903
11959 54 2707
10625 135 6771
8996 223 11172
9579 277 13871
10648 161 8085
10371 33 1693
9072 133 6683
9682 120 6045
9463 88 4441
9088 79 3972
11766 178 8935
12025 350 17516
10602 42 2147
11505 37 1872
9590 275 13762
9562 6 339
10569 28 1445
8440 78 3911
10517 58 2917
8446 123 6168
9226 142 7112
9511 26 1338
10611 209 10499
8620 98 4941
9523 114 5735
8619 27 1352
11804 27 1354
9594 32 1613
8518 28 1444
9499 69 3496
10710 57 2862
9500 12 644
11628 152 7603
10856 88 4432
8841 17 853
8885 178 8907
12538 8 431
10666 81 4091
10502 104 5222
10593 198 9919
10712 158 7924
12557 1 92
10530 38 1946
10750 9 498
9651 284 14212
10594 2 122
10546 25 1294
8508 1 76
10502 298 14950
10612 127 6385
9579 275 13795
9523 651 32590
11727 19 954
8445 165 8251
13617 203 10167
9300 157 7890
10631 56 2805
9407 296 14824
12021 48 2413
9208 81 4059
9464 146 7337
10581 105 5259
10569 31 1554
9269 74 3726
9347 95 4788
10612 41 2061
12017 27 1397
10385 8 401
10504 277 13857
8677 40 2034
12508 370 18515
9039 58 2918
8590 115 5756
9658 20 1028
8620 44 2245
9585 80 4033
9564 597 29871
9751 24 1234
9765 119 5962
11108 88 4403
9372 185 9258
10583 28 1420
12508 2 109
9567 242 12122
8460 220 11017
10502 176 8836
10437 263 13153
13474 60 3042
9289 271 13597
8762 172 8637
10383 16 835
8750 117 5896
8440 33 1663
8769 198 9932
10475 124 6230
10613 73 3677
11606 17 852
9720 193 9658
8934 63 3173
9570 102 5121
9215 154 7747
8891 63 3166
9472 108 5406
9578 182 9132
9226 65 3288
9660 119 5977
8922 51 2553
10441 128 6406
9538 390 19502
11599 22 1131
9064 122 6122
8764 40 2007
9583 331 16559
9440 221 11085
9037 107 5365
9040 151 7598
9597 194 9706
9720 211 10594
10694 154 7722
9576 10 525
10491 19 953
8495 15 798
8938 19 986
8549 67 3358
9618 109 5456
9586 375 18781
9565 102 5135
13505 23 1188
9370 260 13048
9650 257 12879
11905 45 2267
9479 60 3013
11804 190 9505
9668 222 11149
9350 9 473
9245 310 15550
13668 73 3663
8616 177 8889
11891 34 1729
8899 261 13086
10724 303 15170
10578 60 3009
9586 99 4968
12496 52 2612
8936 125 6252
8918 300 15033
8418 38 1932
9384 65 3284
9289 23 1179
9037 266 13321
11080 171 8577
10683 266 13339
9281 242 12119
12503 7 395
10355 187 9380
9273 122 6113
9427 334 16737
8476 121 6085
10883 205 10282
9068 334 16734
11979 13 682
10772 2 122
9577 44 2229
12508 191 9589
12024 4 213
8708 56 2816
10613 128 6410
11759 115 5784
9075 249 12471
9765 25 1281
10748 41 2052
9620 163 8197
10493 60 3021
10648 6 335
10724 138 6924
10625 101 5069
12545 32 1622
11115 31 1577
9470 55 2791
9559 213 10670
13647 25 1275
10389 21 1071
8794 352 17639
10558 163 8192
9538 341 17097
12466 23 1172
8941 35 1754
9637 63 3157
10502 274 13737
10724 298 14922
11080 39 1967
10602 98 4910
10725 115 5795
11791 226 11323
10592 235 11767
9226 46 2330
8434 7 399
10690 238 11902
11537 135 6770
10475 61 3079
12422 38 1926
8677 75 3787
13470 97 4872
9188 178 8909
8666 286 14349
8445 203 10199
9285 18 905
11584 155 7769
11791 307 15376
9564 252 12622
8720 11 557
11545 148 7401
11796 164 8237
9379 129 6470
9188 170 8548
12069 3 166
8578 192 9621
9063 46 2321
9492 6 324
8955 100 5012
8687 221 11075
9208 133 6668
8701 79 3974
10518 20 1041
11081 105 5268
11845 34 1731
8644 9 496
9602 506 25327
9242 88 4409
9543 158 7948
11601 181 9053
8590 318 15914
10366 20 1003
10680 15 775
13614 76 3846
8460 216 10823
10522 56 2844
9273 253 12678
8436 70 3516
9709 4 232
10445 5 259
9437 160 8009
9437 213 10653
9437 160 8009
9605 76 3835
10784 49 2478
8695 99 4976
9226 214 10707
9304 10 531
9063 308 15409
8697 302 15106
8771 253 12689
12364 89 4463
8508 36 1844
11145 27 1356
8418 38 1932
8411 110 5536
8769 230 11532
12127 5 279
8995 58 2939
9249 107 5392
9158 69 3464
8683 122 6133
11778 46 2317
10647 29 1465
10481 83 4177
8626 38 1915
10834 173 8653
11791 17 883
10693 315 15790
13644 34 1712
10484 93 4671
10433 115 5760
12004 141 7056
8906 140 7012
8927 103 5163
9396 53 2657
8471 253 12686
8495 76 3836
8799 57 2868
9523 44 2208
9277 127 6353
12514 29 1484
12543 137 6876
9523 430 21550
9392 43 2185
11508 155 7768
10562 67 3369
10473 291 14592
10741 201 10072
13675 151 7598
8935 123 6189
10532 53 2653
8897 4 215
8857 174 8722
9539 27 1378
9695 7 363
11868 71 3600
9002 123 6189
8538 185 9260
8971 33 1678
9325 45 2295
9358 315 15797
9542 275 13760
11848 129 6489
11869 125 6287
9090 96 4823
8719 74 3742
9559 213 10697
10434 116 5820
8433 346 17331
10433 86 4320
9064 270 13527
8751 185 9254
8616 155 7780
10633 45 2290
8549 67 3358
9445 104 5212
9049 72 3623
10505 117 5872
13623 63 3151
12025 350 17516
9682 82 4102
9385 58 2926
9669 207 10373
11678 72 3604
9603 108 5418
9341 210 10546
8853 218 10920
9526 455 22760
8460 245 12251
11182 151 7575
9096 175 8763
10442 195 9772
10750 8 435
9068 351 17590
9542 130 6526
8964 86 4348
8806 1 70
10847 152 7619
9553 53 2698
11934 243 12164
9191 195 9795
10441 128 6419
8813 189 9470
9523 625 31260
9358 315 15790
9310 52 2610
8862 94 4727
10927 208 10438
13580 137 6875
10868 11 571
8905 70 3549
8794 94 4713
10629 188 9402
8590 318 15948
8538 68 3443
8646 3 185
13647 25 1275
11709 123 6166
10556 2 119
9526 288 14442
13623 120 6025
10473 107 5359
9565 124 6228
8886 110 5521
9404 69 3464
8994 54 2724
10634 88 4404
8446 98 4905
10529 98 4949
10697 70 3549
11779 149 7484
11884 257 12866
9435 220 11009
9081 20 1001
9704 131 6596
11740 246 12343
9545 323 16168
10502 104 5222
10448 3 185
9546 52 2621
9435 117 5896
8537 0 8
9717 125 6257
9009 228 11443
9341 199 9981
9442 17 858
9500 658 32950
8908 133 6652
9650 159 7973
9650 260 13008
9578 285 14272
9620 150 7513
11943 95 4773
11728 114 5739
10660 178 8908
9289 109 5467
13553 20 1011
9343 10 545
8719 11 560
9534 104 5241
12518 34 1735
13616 166 8321
12543 143 7166
9028 86 4332
10625 327 16381
8683 152 7638
10610 18 938
9653 324 16244
10613 130 6528
11881 41 2098
10966 92 4641
9040 191 9589
9434 74 3735
12034 108 5403
12497 189 9488
10700 244 12212
8776 60 3048
8764 7 355
9446 55 2760
11869 166 8324
10627 4 212
10591 319 15982
8770 178 8937
10680 79 3979
8955 102 5124
13616 166 8308
9345 103 5155
8943 17 852
9366 263 13168
10448 291 14553
9590 275 13793
9639 105 5293
8520 21 1085
9546 164 8248
8762 233 11664
8411 135 6795
9072 3 197
10634 291 14587
8894 143 7191
8859 97 4889
10532 29 1454
9527 388 19448
11935 80 4003
9573 13 672
11779 141 7083
9543 158 7913
10445 192 9614
13507 55 2792
10493 99 4989
10680 80 4007
8691 115 5764
12039 56 2843
9702 172 8641
10437 128 6418
11783 16 849
9394 201 10092
12025 84 4236
8538 99 4977
10502 211 10599
9653 268 13423
10504 277 13871
9297 327 16351
9563 427 21368
12508 252 12627
9239 73 3700
9610 9 481
8548 148 7424
13540 37 1894
10735 237 11872
10745 338 16941
10394 51 2559
8436 42 2148
11965 377 18873
11869 172 8646
8445 166 8312
11591 29 1496
13520 205 10288
9344 136 6832
10721 334 16741
11747 25 1271
9366 265 13298
9573 8 426
9395 300 15013
9727 180 9023
9358 131 6580
13638 169 8488
8446 98 4905
8878 22 1127
11519 94 4713
10591 322 16138
10694 220 11029
12482 300 15003
8810 10 503
8413 305 15291
10760 225 11279
8687 214 10733
9529 291 14593
12070 310 15531
9212 13 676
10657 48 2419
9565 59 2969
8683 242 12143
9392 45 2262
8721 99 4976
9037 93 4670
9336 246 12305
11866 19 998
9470 257 12882
10729 46 2337
9252 21 1054
10533 7 377
11162 49 2452
8769 183 9184
8936 7 380
9245 186 9304
9412 202 10107
8691 186 9308
11738 31 1557
8738 146 7330
10696 18 927
9068 202 10112
10726 28 1401
10445 177 8867
8409 102 5134
10490 250 12513
10725 293 14692
8879 87 4392
8796 27 1369
8529 119 5988
10534 204 10214
9472 84 4202
12040 54 2717
9341 139 6979
10724 106 5342
10708 66 3342
9435 115 5767
9538 330 16516
8972 85 4254
12086 64 3227
9057 49 2453
13542 179 8993
11599 22 1131
10716 277 13859
13629 106 5344
9526 224 11223
8899 153 7686
9423 59 2977
9649 150 7523
10682 12 647
10743 316 15815
8433 250 12510
8899 289 14476
9526 136 6845
13582 32 1627
8968 14 728
8767 17 860
8697 305 15273
9002 80 4027
10594 0 19
9040 179 8990
11724 339 16999
11816 182 9150
9367 43 2184
11695 8 417
8590 318 15934
8590 111 5578
9064 286 14321
9037 75 3764
10533 146 7308
8776 128 6408
10441 159 7982
12422 197 9873
8943 65 3290
9597 536 26836
11884 315 15755
9601 542 27136
9033 143 7192
12554 22 1123
9437 21 1100
11784 44 2236
8409 8 424
11727 1 94
10741 77 3888
11972 110 5526
9311 76 3837
9366 60 3006
9619 58 2921
9494 533 26677
8746 62 3127
9583 497 24888
9022 92 4648
8751 127 6395
10938 136 6817
9620 54 2740
10970 31 1567
11927 247 12396
11679 62 3139
11763 25 1283
9515 276 13843
9442 97 4878
12456 5 278
9095 6 326
10521 181 9070
8960 33 1657
10355 232 11607
9348 48 2432
9396 52 2637
11747 42 2110
10737 216 10837
9564 575 28776
9201 213 10689
12068 137 6871
9602 556 27842
10520 249 12499
8857 160 8043
12057 28 1434
9470 226 11321
9201 52 2628
9546 198 9943
9527 19 971
11505 37 1872
9215 154 7747
9370 299 14975
10688 116 5819
9612 42 2143
10688 112 5616
11648 51 2557
13583 18 924
9467 217 10856
8547 289 14481
9636 145 7268
9063 239 11964
10578 267 13389
8538 231 11556
11906 159 7999
12379 106 5350
9511 221 11076
10532 53 2659
10592 235 11767
10716 113 5662
9345 235 11776
13639 38 1911
10665 262 13129
12460 4 227
8441 53 2670
11605 17 861
10675 99 4991
11617 195 9751
9553 56 2835
10571 42 2113
8968 10 509
8410 39 1980
12533 43 2177
9144 13 682
9354 36 1839
10612 44 2216
9649 86 4332
12533 8 404
11756 228 11440
9639 116 5830
9064 158 7927
8434 86 4306
13461 5 295
10432 222 11108
9278 36 1812
9564 7 382
12433 5 300
8513 1 59
10974 22 1113
9063 277 13869
9679 72 3611
11080 171 8577
9498 84 4250
12137 68 3443
10627 15 756
11906 102 5138
10784 53 2657
9064 267 13394
11933 116 5840
8546 6 312
9668 254 12743
9349 6 305
9349 69 3500
9545 70 3532
11976 283 14185
11965 208 10401
12545 60 3042
10489 74 3741
10602 111 5588
12527 18 905
9063 239 11992
10884 292 14647
9518 222 11127
8565 0 23
11064 86 4302
11545 169 8465
12139 117 5853
9511 28 1419
9307 64 3225
9649 166 8301
10692 36 1827
8876 97 4894
10690 116 5827
12145 231 11555
10521 62 3109
9063 297 14895
9524 45 2291
8460 192 9622
11804 148 7428
9356 125 6253
10725 72 3632
9245 174 8723
12025 221 11084
9023 106 5301
8954 2 121
10545 129 6470
9591 19 956
10449 12 606
10687 103 5156
9341 199 9981
9081 110 5523
9386 14 724
10475 220 11026
9377 59 2996
10696 69 3493
8701 260 13041
8458 14 705
9038 77 3898
9362 219 10952
8974 69 3485
10868 11 599
13678 27 1357
9681 61 3097
9689 235 11779
11925 84 4242
10480 131 6551
12392 54 2739
9578 44 2220
9565 44 2221
8589 96 4806
11784 13 668
9358 141 7080
9481 204 10242
8548 184 9241
12420 120 6048
9694 119 5968
8666 79 3991
10551 47 2377
10921 339 16961
8903 15 799
8430 113 5665
9446 24 1210
9226 96 4820
9660 126 6323
13507 17 851
8493 29 1461
9529 152 7649
9094 25 1291
9349 135 6787
10743 208 10437
13616 143 7190
9615 189 9493
11989 5 271
8448 59 2955
9063 126 6342
8996 305 15252
11593 71 3580
12070 320 16006
9212 5 285
9435 115 5767
11589 148 7407
11608 144 7249
9619 149 7478
10471 3 192
10519 70 3547
10647 139 6995
9472 38 1935
9696 7 366
11972 97 4863
10883 19 987
13480 73 3654
8458 2 111
9307 279 13987
10489 73 3694
10482 34 1706
11691 102 5103
11146 46 2310
8510 29 1468
10665 160 8043
12056 60 3005
9245 330 16538
9022 118 5940
9650 72 3629
11713 33 1672
10685 18 905
10745 264 13231
8579 140 7037
9670 89 4500
8626 64 3224
9412 202 10107
8653 1 56
10584 68 3437
12056 60 3005
10654 200 10012
9576 106 5316
9292 11 556
9417 38 1911
13639 92 4612
9689 22 1145
10966 18 949
9656 299 14992
8889 224 11207
8518 15 775
9526 218 10942
11869 166 8324
11898 41 2054
9310 52 2613
10529 28 1434
10438 139 6970
10595 67 3385
10538 135 6758
9668 220 11019
12070 5 269
9582 21 1083
11779 149 7456
10591 27 1373
10583 44 2205
9592 13 669
9592 62 3139
9341 173 8674
12056 103 5182
12046 43 2174
9057 57 2886
9337 32 1601
10886 66 3308
8434 89 4459
10838 16 821
10448 171 8584
10750 60 3008
10716 82 4136
9311 12 643
8799 65 3275
13547 88 4412
13477 148 7443
9064 106 5350
9049 113 5698
9603 512 25637
8971 304 15236
8738 164 8213
8434 103 5183
11721 194 9723
10448 81 4072
10530 50 2505
8807 23 1170
9719 12 612
12025 134 6725
8433 63 3190
9682 61 3095
13525 9 491
8644 10 517
11821 32 1618
11521 51 2571
8936 48 2433
12566 63 3194
10599 157 7865
10745 185 9259
13647 25 1256
9704 222 11132
8548 147 7371
10927 207 10380
11963 421 21094
8683 123 6159
9601 527 26352
9299 168 8413
11820 138 6924
10540 41 2089
10436 147 7377
9404 175 8756
10533 146 7308
9579 125 6269
9529 419 20980
9615 344 17208
9063 145 7264
10605 4 210
11759 64 3226
12515 37 1898
12529 120 6031
8666 308 15431
11830 84 4225
11747 25 1271
9216 0 27
10745 219 10985
10760 132 6622
11206 27 1387
9044 46 2320
11913 190 9531
10533 112 5626
8538 99 4977
8817 21 1069
8968 12 631
9038 6 331
9366 117 5877
10546 23 1177
8548 67 3388
10562 67 3369
9240 46 2340
9542 130 6526
8893 320 16025
8748 126 6331
10445 195 9781
12486 154 7739
10744 113 5698
9096 96 4836
8936 125 6289
9617 41 2067
12389 74 3714
10635 61 3059
9002 58 2916
9601 208 10443
10581 105 5259
9570 52 2650
12145 93 4683
8935 287 14383
10471 46 2341
10784 153 7678
10680 80 4007
9590 247 12394
13478 104 5249
9033 144 7225
9481 110 5524
9341 71 3568
9310 103 5184
10491 19 953
12515 37 1898
10521 180 9033
9341 90 4530
8841 18 927
9433 64 3212
9519 69 3454
9349 130 6502
8708 191 9598
10540 123 6184
12480 120 6003
8408 22 1119
10436 178 8941
8904 122 6148
8454 35 1790
11550 162 8117
10737 300 15007
8440 19 997
11998 138 6933
10535 9 476
11737 110 5514
13668 107 5375
10966 330 16539
11803 26 1346
8475 91 4580
10652 18 923
9366 90 4504
9325 69 3469
11991 18 903
9491 5 293
9299 104 5231
8770 245 12291
9639 94 4725
8972 27 1375
8446 152 7613
9527 4 221
8935 25 1292
8460 224 11224
13623 93 4676
9485 45 2273
8578 149 7464
12025 90 4514
13625 14 725
9519 196 9848
13623 30 1546
9429 34 1736
10595 3 185
9603 663 33177
10593 235 11780
8935 325 16290
9592 13 669
9288 97 4876
10535 9 476
9394 79 3970
8981 1 76
9653 77 3881
10473 11 578
8473 143 7193
9068 300 15010
11811 112 5637
9435 86 4309
10906 166 8324
9052 67 3390
8541 96 4806
11197 32 1604
9325 136 6844
8683 126 6317
9249 194 9727
8455 186 9339
8995 201 10091
10748 10 501
9201 226 11325
9543 62 3147
10521 62 3126
13614 55 2751
11906 96 4815
12071 138 6924
10712 203 10184
9081 198 9909
8750 53 2688
8928 17 851
10522 91 4565
12442 79 3972
8445 53 2651
8686 5 285
9325 70 3501
10707 23 1158
10437 11 574
9052 95 4769
8548 169 8453
10483 21 1080
10755 310 15514
12002 50 2501
12482 47 2357
8538 230 11537
10725 324 16205
8410 69 3485
11726 39 1985
8413 274 13732
8701 186 9309
9212 88 4402
9081 210 10532
9289 257 12866
11868 38 1924
10471 4 239
9289 328 16435
8445 53 2651
9250 51 2560
8687 122 6105
9741 20 1023
13561 89 4482
9212 14 735
10475 99 4996
9592 258 12917
11784 41 2061
12071 138 6924
8446 96 4815
10716 230 11517
12518 1 97
13471 78 3926
9615 129 6488
9245 33 1672
9310 70 3512
10695 3 171
9461 52 2645
11963 95 4759
8927 52 2628
9531 211 10578
9343 24 1223
9226 142 7112
8893 231 11574
9245 15 777
11531 199 9960
10441 44 2202
8936 6 304
11149 275 13770
9298 101 5088
12485 12 621
9241 15 779
9492 159 7965
12508 405 20265
10771 251 12596
11913 85 4263
13467 77 3882
10675 271 13563
8917 14 746
8476 120 6015
9338 80 4043
9304 96 4832
11803 118 5924
13616 280 14030
8409 102 5134
9049 113 5672
8411 36 1802
8541 17 873
11830 329 16460
9620 152 7603
9500 267 13363
13469 7 383
10502 106 5307
8853 259 12964
9369 10 513
9618 146 7349
10920 12 610
11887 3 164
9458 249 12479
12046 43 2192
13621 79 3965
10844 36 1837
9313 62 3112
9519 69 3496
9406 12 618
10634 238 11918
8738 299 14964
8738 19 952
8438 18 932
10725 111 5571
13647 25 1275
9064 99 4982
9081 144 7224
12083 287 14371
8971 58 2937
9531 218 10906
10611 22 1127
9667 5 254
9546 209 10491
10635 79 3980
9505 188 9420
12553 6 328
9385 123 6195
9512 338 16932
9188 170 8548
13580 181 9086
9526 345 17287
8495 36 1806
13478 5 261
11935 146 7314
8918 139 6951
9481 204 10242
9615 105 5282
10386 112 5608
11239 71 3577
9326 83 4171
9610 52 2631
9440 172 8619
9033 105 5277
8587 42 2124
9033 192 9617
9500 75 3768
10574 9 458
8908 158 7940
11996 31 1575
10355 256 12848
10475 207 10381
9587 398 19950
9531 3 172
10521 62 3109
9444 308 15421
9565 44 2204
8410 174 8741
10493 60 3005
9362 120 6001
10307 101 5066
9158 18 918
10791 27 1353
8666 70 3530
12450 36 1817
9511 28 1419
9590 106 5302
11608 113 5659
9726 41 2100
10540 41 2089
12517 196 9843
8771 109 5460
9467 239 11996
12555 20 1026
11762 164 8201
8407 29 1485
9563 295 14753
11963 372 18620
9712 46 2304
12420 111 5563
10988 161 8065
10480 248 12434
8416 112 5631
9008 5 257
11591 44 2234
11678 88 4408
12517 17 896
10518 20 1041
13638 187 9390
9009 133 6676
8620 98 4941
10484 83 4162
9682 61 3095
10581 4 219
9505 188 9420
11742 258 12943
9340 181 9062
9679 211 10571
11872 111 5579
11524 192 9618
8748 142 7118
10569 230 11505
8465 35 1768
8899 270 13534
13614 147 7390
9581 25 1300
8784 50 2527
12539 37 1873
8541 95 4791
9412 30 1503
10849 198 9942
10382 60 3047
10929 146 7331
10923 91 4563
11946 23 1184
8876 141 7087
9366 255 12782
9144 67 3368
10804 59 2977
9712 156 7809
11998 207 10386
10473 107 5359
8719 76 3832
12120 1 54
9602 506 25327
10597 174 8747
11907 160 8007
9526 345 17266
11508 156 7832
9603 598 29926
10838 43 2159
9040 181 9065
11852 37 1878
11187 63 3176
8960 91 4565
8748 81 4067
10473 293 14651
13540 37 1894
13524 5 286
9751 30 1527
10719 165 8260
8935 126 6340
9655 30 1507
12422 38 1937
13638 105 5261
9063 64 3203
11979 8 434
10683 196 9818
10534 97 4900
8549 12 614
12482 285 14259
9066 113 5653
10606 28 1436
9467 239 11996
11675 163 8195
9615 257 12870
9669 239 11974
9650 23 1173
10442 244 12216
10762 70 3548
9301 112 5610
9242 37 1885
10697 70 3549
12024 4 213
9523 647 32357
10547 62 3102
10560 18 940
9310 114 5742
9208 159 7959
9410 52 2619
8750 219 10976
11998 220 11044
9542 63 3164
10803 6 329
11909 175 8760
10655 17 853
9653 35 1755
13660 256 12804
11873 27 1381
12145 11 584
9396 48 2448
9437 44 2246
8751 163 8200
9444 285 14291
8762 233 11685
11904 45 2294
9344 163 8165
9366 111 5572
11715 155 7782
11026 28 1438
10390 24 1229
8680 5 283
8616 118 5946
10595 156 7844
11691 102 5103
8658 38 1926
11775 84 4217
9563 147 7389
11559 50 2523
13559 24 1235
13674 8 433
11995 38 1904
8912 24 1233
9718 16 805
11667 15 753
12514 29 1484
9067 169 8461
9226 352 17629
11976 283 14185
9651 281 14065
8446 98 4905
11622 7 397
8436 44 2216
9704 262 13142
10436 341 17086
8941 26 1302
10545 129 6477
10547 42 2122
10624 149 7469
9088 134 6709
9307 131 6595
9022 65 3299
9340 102 5131
9684 211 10584
11723 18 911
9316 49 2454
9060 166 8341
10716 21 1067
9040 210 10524
13479 8 425
11095 147 7363
8537 9 463
13593 36 1826
9347 78 3906
13587 37 1859
11894 23 1185
9038 75 3759
12010 16 836
9587 157 7869
10646 58 2915
9526 369 18482
9416 70 3545
8471 198 9911
9702 172 8641
8529 5 290
10634 291 14599
9651 67 3397
10449 155 7798
10888 108 5422
8963 36 1845
11751 75 3779
9022 62 3109
9449 8 425
10987 90 4518
8807 138 6901
12070 320 16032
11724 339 16999
10533 219 10968
10386 54 2717
12069 169 8487
8991 27 1351
9022 7 382
13582 35 1785
11747 42 2110
10436 160 8027
8708 163 8170
9587 363 18180
9087 34 1701
11510 24 1224
12486 159 7995
8977 36 1850
10911 20 1023
9024 90 4509
9372 174 8708
8619 23 1172
8579 142 7133
9512 288 14423
9620 53 2676
10530 211 10596
12057 75 3798
9617 180 9037
9512 38 1946
9500 459 22975
9094 39 1965
10383 15 758
9551 16 812
10599 41 2083
9095 119 5974
10624 348 17414
10439 97 4880
10666 58 2917
8762 173 8695
12533 50 2528
13510 6 340
8917 194 9741
11922 142 7150
10516 35 1779
10562 63 3154
12056 60 3048
9576 233 11662
9052 91 4580
11115 69 3474
9639 143 7190
9049 22 1117
12069 205 10297
10547 72 3636
13629 40 2001
9068 272 13629
12069 169 8487
13469 44 2230
9554 119 5984
8680 38 1932
8719 74 3701
8738 177 8888
8917 13 685
9617 232 11625
9526 136 6845
11976 276 13807
8959 108 5429
9299 191 9595
11531 117 5854
8537 223 11196
10610 86 4319
8959 154 7736
10838 44 2215
9231 76 3803
9284 120 6040
8806 0 24
8735 14 742
9560 151 7560
8495 48 2401
11832 188 9401
10839 124 6236
9617 41 2067
8968 68 3422
11998 69 3500
10694 222 11147
13617 203 10167
11253 90 4545
9243 81 4083
8538 68 3427
9564 592 29612
10529 203 10169
11696 29 1496
9564 463 23191
11716 50 2509
8538 67 3364
11618 50 2527
10634 329 16459
10437 129 6479
10707 23 1158
10660 77 3897
8807 111 5598
8538 185 9260
10693 286 14346
8627 17 859
8666 11 569
8471 134 6730
9567 448 22447
12442 79 3981
8666 84 4209
8963 103 5200
9023 53 2660
13593 45 2265
11821 23 1152
12517 207 10372
8720 177 8893
9366 109 5491
9188 125 6284
10448 185 9276
11166 3 174
9095 329 16500
12005 26 1323
9341 210 10546
13544 40 2021
10599 116 5809
9377 58 2928
8786 35 1759
11535 99 4975
9435 85 4253
13505 23 1195
11793 289 14456
10375 0 35
9515 337 16882
9533 88 4438
9619 266 13315
9434 348 17427
10521 94 4734
9444 168 8444
11601 81 4085
10766 128 6450
10490 232 11625
9560 167 8381
11587 11 565
10574 12 650
12025 221 11084
13616 331 16588
10692 115 5793
