15154 149 7477
17168 83 4187
17992 15 786
17535 13 691
17335 46 2344
14403 3 171
15228 130 6519
14959 178 8922
15986 164 8238
15116 239 11991
15286 201 10086
17191 3 159
14190 18 903
15167 102 5117
17986 117 5866
14768 31 1591
17462 23 1180
14403 59 2957
17530 7 386
17312 110 5524
14293 226 11308
15099 185 9259
14338 94 4723
16051 125 6265
15389 53 2688
15391 77 3852
14227 74 3710
17505 11 566
18007 77 3879
14558 110 5538
17394 183 9187
14409 176 8823
15130 52 2634
18048 327 16352
15179 103 5195
16051 24 1229
17270 83 4190
14151 78 3911
17441 42 2120
18007 77 3888
17415 146 7324
18028 254 12738
14795 19 987
14801 252 12645
17858 179 9000
14159 26 1328
14942 64 3222
18045 55 2798
17206 22 1114
16063 51 2586
14673 34 1721
15167 76 3801
16117 0 11
15154 84 4211
14319 17 859
17871 34 1709
18007 70 3506
17462 11 585
14195 198 9949
14816 30 1528
17269 88 4414
17243 46 2336
17851 259 12956
17874 32 1621
14329 42 2119
14195 198 9905
14139 117 5895
17435 8 416
17623 8 439
14436 201 10082
14741 265 13266
17985 167 8381
14146 77 3886
17413 139 6959
15154 117 5888
16058 234 11717
17123 10 550
18024 398 19908
15355 71 3551
14306 61 3091
14940 240 12029
14157 193 9698
15391 198 9904
15970 397 19861
17858 301 15056
17360 20 1028
14436 15 771
17559 81 4079
14202 15 761
14564 154 7715
16047 24 1205
18001 1 98
17333 117 5873
14409 174 8708
15125 186 9338
17851 326 16341
14549 131 6577
14338 16 824
15946 390 19543
18005 77 3894
17530 23 1179
17312 110 5524
18024 260 13038
14543 174 8722
14475 32 1632
14377 181 9071
18499 343 17180
17195 24 1247
17874 32 1611
17447 120 6040
14817 19 965
17834 22 1128
14527 10 537
17590 17 868
17137 91 4599
14632 23 1173
17573 19 973
15154 166 8340
14403 47 2380
17304 10 513
14747 39 1989
14697 22 1142
18044 412 20620
18527 360 18024
15234 103 5161
17125 97 4882
17530 79 3983
17185 91 4593
14764 38 1911
18005 210 10525
18001 1 72
14543 25 1292
14772 269 13475
14749 61 3054
15989 75 3775
14942 193 9654
14632 45 2295
17226 176 8838
17671 233 11674
14772 128 6411
17191 48 2420
14263 168 8420
15251 55 2794
15167 102 5101
16080 48 2403
17462 17 899
15328 177 8864
16058 26 1304
14277 0 24
18021 138 6928
14970 212 10618
17270 83 4190
14936 52 2607
14191 234 11743
17371 4 218
14279 200 10041
14246 196 9844
14363 9 500
18527 545 27264
15061 252 12640
17178 40 2047
17371 4 249
14817 48 2417
17875 414 20745
17497 8 405
14527 10 537
17603 34 1722
17251 166 8332
17992 2 113
14975 90 4534
14702 33 1669
18466 70 3502
17875 414 20735
14544 76 3821
17753 175 8788
18007 91 4559
17494 48 2414
15251 108 5424
14677 22 1133
17206 204 10212
17840 33 1651
14375 15 754
14774 226 11329
17753 17 852
14748 34 1705
18499 264 13203
14418 94 4720
17367 100 5007
17204 177 8892
15318 90 4543
17623 0 35
16167 56 2839
17237 398 19936
14306 122 6113
17535 35 1785
15113 62 3111
14768 87 4367
17125 31 1571
14758 144 7218
16058 212 10632
17283 0 16
14363 143 7158
17985 113 5667
18005 23 1163
18045 43 2194
16058 190 9544
18021 138 6928
17206 287 14378
18005 110 5510
18024 398 19908
15328 15 777
17338 86 4311
17623 6 327
18021 299 14957
15425 86 4347
14795 55 2767
17530 10 532
15328 181 9090
14549 143 7154
15409 84 4244
17168 64 3242
17349 66 3314
15970 198 9905
17435 41 2072
14795 35 1797
17349 79 3995
16031 2 137
18044 439 21955
15941 47 2376
15236 65 3267
17834 52 2635
14390 58 2930
14623 17 872
15973 81 4053
18021 299 14989
14643 179 8975
14641 98 4927
14805 13 651
18048 378 18939
18049 21 1062
17349 100 5028
17237 442 22103
14425 72 3603
15318 143 7157
17394 171 8579
14127 153 7677
17339 161 8062
14390 72 3611
14544 159 7971
14146 56 2838
18021 299 14968
14122 180 9009
14857 203 10195
14202 15 761
17099 99 4972
17333 57 2892
14279 51 2574
14379 50 2520
16047 26 1304
14772 269 13495
17423 9 490
14736 164 8223
17592 152 7638
18007 91 4568
14543 174 8704
14641 36 1837
17419 7 351
14623 258 12947
17365 19 984
14647 111 5562
14246 72 3639
17462 3 156
14425 45 2261
14707 30 1526
17875 402 20131
18270 45 2254
17168 2 110
14277 0 6
14376 291 14579
14369 79 3977
18021 138 6927
15249 141 7076
17254 58 2922
14390 58 2911
15297 198 9922
17631 29 1462
17206 176 8802
14736 115 5796
14768 87 4364
17620 199 9967
17972 246 12328
17065 91 4596
17827 5 266
17871 105 5273
14736 130 6503
14157 127 6368
17494 303 15180
17224 38 1944
17336 3 196
14379 220 11009
18021 327 16363
17662 4 242
17360 20 1037
17671 218 10945
18040 26 1344
15254 60 3041
17871 105 5273
14707 38 1926
14798 62 3143
14927 153 7656
17985 178 8937
14377 133 6677
17316 117 5867
16095 288 14405
17326 48 2449
14195 118 5938
16058 26 1350
14643 244 12246
17493 223 11183
17611 90 4528
14772 269 13482
14446 25 1257
15243 89 4471
17497 124 6202
14151 56 2807
17561 71 3551
14319 16 849
14475 32 1635
17208 114 5748
17270 64 3234
15296 203 10190
15273 114 5713
17269 170 8528
14450 82 4149
16117 0 11
14157 54 2733
17447 62 3116
15946 524 26241
15966 192 9622
17099 99 4969
14543 148 7431
17851 324 16220
15254 49 2477
18011 33 1671
14545 69 3465
14438 123 6199
14623 258 12937
17875 330 16523
17206 22 1114
14425 72 3612
15297 198 9938
17603 29 1472
18021 138 6904
14938 37 1851
15382 248 12407
17322 36 1836
14333 22 1112
14556 135 6787
17312 115 5790
14643 221 11075
14355 1 53
14316 31 1560
17255 38 1910
17840 337 16872
14436 264 13240
17973 22 1150
17270 83 4186
17195 86 4338
17858 248 12432
17206 525 26287
15163 71 3590
14195 118 5947
14290 268 13417
14564 67 3396
15254 50 2502
15318 90 4543
17339 49 2454
17269 170 8520
15318 120 6030
14592 2 107
14722 54 2728
14338 232 11626
17992 66 3309
14369 141 7089
14729 45 2278
17865 129 6462
18497 37 1890
17168 20 1022
17494 12 620
14746 59 2987
15234 103 5176
17990 305 15262
14772 73 3655
14748 34 1724
17226 170 8529
14218 256 12804
14795 19 989
14636 102 5131
17858 194 9708
17871 93 4658
17972 246 12328
17164 138 6901
17560 167 8362
14319 3 159
15130 52 2613
17270 61 3070
14356 222 11117
17269 170 8538
17482 94 4748
17858 235 11772
15391 128 6434
17992 15 786
14377 107 5373
17494 107 5364
17419 47 2400
17493 151 7563
17178 40 2019
17423 8 406
17360 55 2768
14632 70 3527
17239 171 8560
17394 171 8556
16200 101 5072
14224 76 3818
14409 199 9951
17992 47 2382
14377 235 11764
14940 87 4382
14377 96 4826
17482 151 7594
14369 141 7099
17457 68 3440
15236 111 5567
15127 43 2160
15966 175 8770
17333 102 5111
14425 225 11264
14232 9 499
15383 122 6117
14938 298 14940
15061 157 7898
17390 85 4292
17858 120 6018
17985 138 6928
17611 90 4528
14942 64 3222
18509 3 200
14610 5 258
14592 42 2144
14749 12 621
14558 156 7847
17875 414 20733
14819 11 597
17367 100 5007
14338 163 8200
17590 13 687
14338 307 15369
15286 182 9114
14707 38 1916
16219 222 11116
17398 178 8947
17270 47 2360
17667 97 4855
17270 47 2393
17360 49 2458
17573 100 5032
15222 7 384
14446 21 1055
17978 16 810
18031 88 4433
17671 159 7955
17611 87 4382
17191 45 2261
14271 59 2964
15167 66 3313
14369 57 2874
14271 188 9418
17631 75 3751
17339 308 15428
14903 188 9406
14377 113 5651
15116 239 11960
17322 5 293
14157 66 3306
15970 397 19892
14146 56 2834
14772 95 4766
14245 132 6640
14438 58 2939
14884 187 9387
15989 75 3769
17875 414 20715
14195 179 8967
17972 246 12341
15328 62 3108
18044 419 20982
17191 48 2420
14245 132 6644
17365 124 6245
17978 133 6688
14697 47 2400
17164 20 1010
17226 176 8819
14902 101 5094
17686 354 17748
17834 52 2642
17671 218 10909
17858 248 12422
14772 128 6449
15946 524 26241
14884 102 5118
18021 299 14987
18005 23 1174
17270 41 2071
17237 493 24693
17360 49 2452
17620 199 9970
14218 35 1796
15946 478 23903
15167 76 3841
15103 69 3469
17671 242 12130
16117 0 35
14375 159 7969
17679 0 9
17978 133 6698
18010 101 5084
14937 59 3000
15086 6 302
17861 351 17553
15318 152 7631
17099 112 5644
17068 5 298
17494 148 7423
15130 52 2613
14607 265 13255
15014 218 10950
14774 226 11345
15222 121 6051
17089 109 5499
15286 186 9334
14549 133 6698
14938 189 9480
14774 160 8032
14450 199 9957
17283 2 115
15163 71 3587
17239 128 6433
17339 274 13736
14884 125 6296
17326 12 636
14798 38 1920
17313 198 9945
18039 95 4797
14335 275 13766
18049 45 2288
17482 94 4748
16031 12 648
17972 84 4245
14190 14 702
14436 201 10066
16047 5 252
17875 263 13178
17337 11 588
15946 390 19543
17612 29 1480
14338 94 4737
17462 17 882
15079 55 2785
18039 95 4800
17270 47 2393
17875 405 20295
14218 169 8491
14223 147 7353
14741 95 4765
17333 117 5862
14195 118 5917
17612 50 2528
17313 58 2925
17333 17 894
14149 223 11169
14758 105 5270
15355 48 2436
14363 143 7158
17494 107 5366
14722 161 8069
14425 72 3604
18021 475 23776
17611 3 196
17371 465 23267
17696 176 8840
14632 57 2863
17530 7 396
15987 233 11697
14127 245 12276
17535 28 1426
17371 55 2762
17671 437 21890
17561 50 2542
14884 52 2643
14425 133 6692
14549 164 8222
17237 341 17091
17861 381 19080
15228 130 6504
17206 25 1277
18021 138 6919
15167 152 7644
17339 279 13979
15318 143 7190
18007 39 1975
14293 215 10796
17671 218 10916
18527 545 27274
14427 100 5033
14642 108 5413
15328 65 3257
17164 109 5468
17191 28 1422
17339 161 8062
17840 322 16148
17361 342 17129
14363 235 11792
17089 9 493
17191 44 2214
17177 78 3922
15154 98 4905
15243 37 1878
14632 28 1432
17451 162 8122
17313 124 6211
14223 95 4758
14564 11 580
17095 40 2010
18010 81 4099
14642 23 1159
14970 236 11815
14213 13 675
17206 204 10212
18021 694 34702
17239 106 5304
14764 38 1917
15296 92 4640
14736 164 8218
14736 135 6788
15279 114 5721
15147 122 6132
14338 186 9332
14664 151 7590
14940 240 12029
17204 91 4581
18005 110 5510
17494 151 7584
15946 389 19483
18492 238 11934
14945 27 1378
14545 109 5485
15425 75 3772
15297 198 9925
17371 478 23938
16058 190 9506
18270 45 2281
14546 136 6846
17505 96 4818
15167 152 7624
14455 49 2475
17112 42 2150
14425 160 8007
14768 31 1582
17592 136 6817
14921 49 2472
14218 250 12511
14548 168 8417
14750 19 956
15941 23 1179
14806 77 3882
14798 56 2825
14740 57 2879
17383 461 23071
18039 95 4800
14455 218 10910
18005 54 2702
15946 432 21625
18021 327 16371
17874 12 605
15167 102 5150
18021 327 16368
17753 175 8763
17099 99 4974
17095 80 4009
18463 215 10753
14945 37 1857
14610 226 11319
17361 378 18940
15297 135 6783
14938 63 3189
14798 2 125
14643 133 6674
18005 118 5923
14146 32 1649
17333 117 5874
15154 233 11698
15154 226 11337
15328 65 3257
15074 103 5196
17123 10 545
17195 24 1207
15154 97 4862
17482 126 6319
17089 1 87
15296 203 10163
14436 15 779
14455 205 10291
18039 40 2040
14707 38 1921
15425 75 3772
14159 109 5468
15228 11 600
17419 26 1339
14455 205 10290
14921 68 3404
14542 146 7329
14768 80 4009
15264 16 812
17361 257 12889
18527 302 15123
14697 22 1118
17237 398 19937
17497 18 947
17482 94 4743
14942 251 12586
14707 30 1548
14418 187 9382
14403 41 2083
17089 1 90
16063 30 1523
14425 133 6692
17360 20 1037
18010 81 4099
14564 106 5348
15167 141 7096
15297 198 9929
14146 56 2837
14664 151 7558
14938 298 14949
18021 138 6942
16058 190 9528
14795 55 2775
14165 104 5203
14938 37 1856
14427 264 13240
14564 22 1109
15308 115 5798
15355 48 2450
14942 77 3890
14524 49 2469
15125 89 4498
14677 22 1139
17636 5 290
17494 151 7575
15252 47 2361
17495 222 11144
14356 222 11117
17482 174 8724
14549 27 1398
17481 28 1416
17371 487 24357
17612 8 428
14425 103 5176
18499 178 8942
14927 180 9003
14149 36 1836
17435 59 2998
14936 63 3176
15965 496 24818
14568 31 1566
14748 169 8497
17535 50 2535
14556 135 6787
14897 45 2291
17865 174 8708
15318 43 2189
16047 13 688
17398 178 8949
17973 13 658
14647 111 5562
14127 153 7660
15130 61 3084
15383 223 11167
17112 0 11
17482 94 4707
14436 15 797
18039 46 2312
17489 196 9848
18011 82 4148
14363 9 474
14445 0 17
17089 83 4164
14316 8 410
14636 121 6087
18497 257 12851
17361 35 1756
14157 195 9768
14942 241 12067
18005 23 1163
15970 198 9905
16200 131 6582
15328 15 777
14329 227 11389
14543 130 6515
16073 209 10495
14546 151 7557
15228 57 2854
17834 52 2604
17671 292 14612
15061 229 11457
14151 78 3911
17237 432 21620
18010 101 5069
17552 236 11815
14623 171 8592
18021 327 16398
15987 177 8888
18021 475 23787
17985 138 6935
18481 113 5699
17530 110 5545
17343 34 1731
17254 58 2922
16041 192 9617
18007 77 3867
17623 4 244
17986 183 9190
18048 365 18278
14543 199 9962
18481 113 5699
17398 19 999
14548 42 2136
17992 82 4108
17560 135 6795
18011 82 4138
17337 6 338
17177 44 2247
17349 79 3998
17827 28 1420
17851 217 10888
16219 258 12904
15965 194 9703
17336 3 190
17237 279 13986
17482 86 4347
17978 315 15787
17333 144 7204
18024 62 3144
17462 8 421
18466 70 3525
14403 63 3192
17337 45 2258
18040 73 3674
16209 23 1183
15297 198 9938
17871 34 1710
14475 35 1766
14218 149 7463
17254 32 1636
18049 45 2263
15933 215 10763
17260 27 1395
18011 39 1988
14546 151 7557
18011 82 4145
17530 110 5549
17269 88 4411
17243 98 4929
17561 60 3004
14409 199 9955
14707 30 1526
17394 171 8581
17992 66 3309
17612 50 2504
15946 246 12311
15328 181 9090
14768 176 8836
17497 18 943
14575 55 2775
17620 122 6115
15115 56 2812
17206 445 22252
17398 85 4252
17283 9 492
17623 4 215
17383 407 20354
15297 108 5418
14218 82 4140
14774 241 12078
14927 173 8672
14319 22 1143
14575 55 2774
18005 77 3893
17123 2 140
15138 71 3554
17861 347 17387
14643 244 12210
16041 237 11896
17667 127 6363
18021 694 34728
14431 39 1965
17573 100 5040
14227 38 1934
16219 223 11163
14940 51 2579
14271 141 7051
17482 174 8717
18525 101 5051
14618 18 930
14377 181 9098
17865 174 8708
17823 132 6602
14286 11 557
15383 275 13800
17482 158 7925
15236 65 3276
17829 182 9120
17992 82 4121
14740 39 1992
14722 161 8069
17992 2 124
17206 17 887
15222 220 11007
17451 162 8127
17861 347 17389
17875 402 20103
14246 196 9818
17552 96 4847
17333 117 5874
14227 1 97
14549 210 10536
14936 63 3181
17168 16 834
16080 15 794
14438 195 9799
14936 63 3181
14379 147 7394
14912 199 9969
14805 250 12541
16101 71 3565
14936 21 1100
16101 56 2821
17185 57 2851
17112 45 2283
17875 254 12730
15987 141 7070
18040 46 2309
17394 155 7799
18021 138 6939
18045 55 2770
15228 57 2898
15423 25 1300
15389 25 1256
15987 141 7078
14375 119 5970
14772 43 2192
17415 47 2377
18048 378 18905
14306 61 3087
14127 153 7677
17522 111 5573
14801 252 12636
18040 73 3674
14707 11 576
18497 257 12863
15318 124 6217
15409 78 3939
15297 198 9928
17361 163 8187
15383 122 6117
15130 61 3057
17447 1 76
17560 135 6795
17535 52 2624
14729 21 1071
15965 496 24803
17992 78 3904
17482 158 7944
14363 9 500
14377 129 6496
18010 101 5093
15147 160 8024
15014 152 7623
17254 58 2929
17204 177 8869
17123 2 140
14729 41 2077
14246 196 9844
17662 32 1613
15113 2 114
14747 51 2561
15098 55 2783
14544 272 13646
15163 71 3590
15941 66 3327
16058 217 10869
18005 110 5544
17343 34 1719
17671 134 6748
14542 284 14211
14277 125 6300
14903 176 8801
14636 121 6066
17561 60 3047
17497 26 1320
18024 62 3148
17134 70 3538
18040 73 3665
15335 188 9429
14218 150 7545
17535 52 2610
17251 200 10030
17753 4 243
14771 82 4116
14938 37 1885
17524 68 3415
17992 2 103
17592 63 3188
14774 241 12078
14446 25 1257
17326 18 928
15397 35 1795
14749 52 2638
14545 69 3492
15014 29 1493
17686 363 18188
17603 34 1722
17251 216 10848
18527 576 28802
14556 302 15137
17137 100 5041
14438 195 9754
14902 313 15651
14149 127 6374
17361 257 12889
14647 121 6086
17457 68 3440
14524 5 289
15167 155 7781
18527 545 27255
14223 147 7389
14438 171 8592
17482 160 8028
17125 63 3161
17479 8 414
14363 143 7184
17313 180 9021
