10654 108 5441
11141 6 303
10441 85 4264
11783 8 420
13678 173 8690
10517 34 1737
10645 107 5381
10735 260 13021
11971 21 1097
11742 196 9820
8918 375 18777
11531 139 6980
10693 172 8619
10533 126 6333
10668 307 15371
8735 118 5906
11529 213 10699
9656 182 9121
11820 60 3025
11698 82 4124
10843 77 3869
10727 184 9246
8991 6 344
10475 21 1069
9349 162 8126
10687 162 8127
10791 56 2828
9404 39 1957
11707 18 901
13536 98 4936
11665 122 6132
10905 100 5010
9499 353 17652
8666 117 5874
10805 118 5926
8784 119 5984
11086 137 6879
13552 31 1567
8885 116 5801
10563 185 9263
10833 19 960
10952 252 12624
11802 50 2523
10438 130 6509
9617 125 6290
10688 94 4702
12053 5 265
11720 55 2759
8995 92 4628
9538 453 22685
9207 56 2839
10580 185 9286
12061 3 174
9434 47 2397
10533 108 5450
13660 222 11125
11715 75 3797
10741 3 183
8446 280 14005
10567 265 13255
10538 147 7370
8897 153 7678
10897 50 2511
10841 82 4111
9321 102 5137
8746 199 9958
10432 308 15423
11197 104 5225
11742 161 8070
8862 195 9753
12480 31 1595
12561 226 11313
11626 11 594
11664 84 4212
10998 10 517
11879 235 11799
11793 221 11078
9297 218 10923
9324 66 3330
12039 278 13917
11531 139 6977
11848 48 2406
12091 340 17045
9024 63 3180
9395 199 9958
8680 225 11280
11919 26 1316
9060 4 207
11991 69 3464
9669 307 15380
9341 229 11456
10484 18 915
11973 166 8312
11559 45 2252
11842 51 2591
10599 128 6431
8995 98 4948
11171 68 3410
11972 60 3014
11926 127 6384
11614 142 7137
8918 51 2552
11224 3 193
11087 44 2247
11984 10 523
10641 8 434
11589 198 9944
9349 120 6043
11604 61 3078
10831 101 5086
11108 70 3512
12025 35 1757
11786 98 4936
13660 27 1384
11559 28 1437
11845 175 8797
8431 19 951
13487 32 1640
9653 335 16773
11953 7 392
9340 66 3306
13583 92 4617
10974 138 6902
12482 8 450
8971 245 12283
12503 31 1588
9668 117 5855
9658 54 2711
8860 70 3502
11774 27 1382
9653 344 17201
9529 234 11740
12107 79 3980
8460 24 1232
10441 322 16107
10521 230 11523
8975 63 3187
11667 18 919
8589 193 9676
11726 170 8534
12056 251 12582
9653 147 7376
10382 123 6194
10444 69 3453
11494 220 11006
9310 24 1250
8701 217 10884
10645 235 11762
9684 63 3177
9324 26 1334
11512 28 1444
9297 249 12459
11984 100 5021
11737 188 9443
11657 42 2139
11628 146 7344
9324 61 3058
12374 52 2622
10833 158 7950
11169 223 11156
9500 409 20490
11665 135 6776
8529 31 1584
10901 17 887
13491 99 4978
9470 181 9095
8538 46 2347
12143 36 1807
10591 33 1665
11605 32 1621
11116 44 2216
10786 114 5750
13558 13 662
8922 2 136
9631 72 3643
11520 85 4287
8853 33 1692
11927 189 9452
10371 3 188
9603 324 16247
9486 23 1190
11742 23 1178
8813 66 3304
8920 75 3784
10713 5 283
12062 83 4195
12543 297 14870
11990 6 320
11644 71 3576
11728 111 5557
11211 28 1409
10822 6 325
12556 59 2991
12466 33 1675
10906 110 5537
10520 305 15268
8458 20 1021
9602 643 32172
11898 22 1113
12103 2 145
10574 347 17355
9085 51 2574
13617 11 600
11707 177 8867
8579 123 6198
11639 53 2697
11728 71 3566
12451 74 3736
11738 129 6478
9194 93 4695
10591 32 1601
10669 118 5926
10669 86 4328
10562 79 3968
12506 40 2023
11630 119 5952
13573 7 355
13561 53 2664
10591 78 3911
10729 53 2669
9689 313 15665
8716 13 657
8513 10 547
11619 177 8887
11846 107 5354
11574 1 89
10516 37 1861
8465 168 8438
8927 73 3665
11881 110 5504
13639 87 4400
10719 48 2412
11233 44 2249
9437 330 16533
11628 213 10682
9564 409 20473
11971 62 3116
9292 16 835
12041 67 3378
10584 99 4995
9246 9 463
11713 160 8016
11507 82 4124
13580 76 3803
11504 77 3887
9576 279 13958
8996 206 10332
11881 211 10569
11879 139 6954
9516 364 18231
11168 58 2904
8579 130 6505
9411 34 1701
11724 245 12281
11919 170 8516
9427 166 8346
9515 70 3531
8590 44 2237
12506 40 2019
9379 191 9595
9199 7 385
11296 8 446
9479 192 9626
12451 34 1710
12075 45 2269
11766 269 13480
9637 281 14052
12566 279 13951
11609 217 10880
11112 117 5895
13671 77 3867
10969 18 934
10688 280 14011
10442 160 8012
8995 91 4591
13471 13 676
8701 2 147
9656 158 7942
13467 126 6320
12052 51 2594
12441 384 19206
13662 8 431
8918 94 4747
9249 340 17014
12001 70 3548
12566 162 8125
9061 148 7433
11833 273 13651
9425 28 1418
10735 257 12868
11929 141 7053
9410 17 872
11726 283 14171
8433 111 5555
9440 226 11321
12056 232 11637
9024 135 6753
9240 54 2734
11726 262 13114
10922 86 4317
11235 6 328
12015 5 285
11550 219 10968
12139 130 6537
12066 25 1293
12052 2 128
9362 73 3686
9620 306 15322
8783 27 1372
12070 276 13814
10649 137 6859
12543 222 11114
9297 318 15904
8802 7 370
13478 147 7353
13503 172 8626
13680 44 2225
12083 84 4216
12442 71 3591
10700 285 14283
12485 2 136
10969 15 771
8782 25 1257
9653 336 16803
11096 30 1535
11134 36 1811
10432 342 17125
8907 36 1802
9226 57 2883
11591 48 2446
9504 41 2070
8905 191 9593
11922 239 11989
9499 53 2654
8971 128 6413
12565 307 15376
11965 205 10259
9249 172 8613
11677 154 7734
9427 279 13951
9239 202 10134
11593 109 5478
10719 66 3310
12068 135 6771
8649 57 2877
12383 25 1293
10725 170 8535
11630 181 9069
12091 395 19778
11841 31 1566
9370 236 11846
11698 82 4124
10610 115 5783
10771 194 9737
10669 118 5926
9434 48 2415
11494 99 4962
11915 323 16190
8915 76 3818
8708 134 6707
12565 24 1209
10592 93 4689
8715 42 2137
9602 56 2849
10884 209 10491
9386 43 2159
11068 56 2846
8446 95 4763
8906 96 4816
10923 137 6866
10685 22 1112
10578 231 11554
9704 75 3751
10599 130 6507
9481 171 8590
9615 196 9817
10598 8 437
13580 76 3803
9087 24 1209
13691 74 3750
10473 346 17345
9470 143 7153
11776 14 747
11064 130 6514
11724 183 9172
13477 60 3043
10563 8 431
9494 83 4180
13665 19 988
9608 104 5204
10760 147 7381
10771 40 2050
8680 226 11309
11134 117 5879
11713 196 9826
11080 181 9088
12021 52 2646
11086 117 5857
9370 184 9211
13580 38 1916
9592 134 6715
11765 43 2164
12497 193 9699
8626 93 4655
12137 34 1729
9515 22 1140
12459 72 3621
9726 94 4725
12379 60 3031
12137 82 4124
9466 42 2143
13471 18 930
11970 29 1459
9508 0 47
11913 65 3267
12009 28 1416
8668 10 505
11283 63 3173
9079 68 3433
12565 137 6874
8590 281 14064
9563 539 26963
10869 35 1780
10765 30 1514
10622 9 459
10478 41 2088
9634 13 654
12541 85 4284
12368 54 2710
9534 113 5657
11609 216 10816
11787 161 8082
9410 17 871
11646 15 756
13636 18 930
9531 392 19630
11756 107 5354
9517 180 9030
10623 70 3541
10520 118 5913
12052 51 2594
10663 89 4470
8626 44 2210
10583 53 2685
12002 141 7082
13475 24 1231
12040 107 5362
10592 94 4715
9563 493 24696
9372 125 6287
9205 200 10009
12070 276 13821
11494 127 6366
12553 9 464
12061 124 6221
11990 8 409
10611 125 6262
9590 116 5815
8578 212 10623
11090 113 5690
11494 39 1977
8666 120 6036
11726 8 449
9044 27 1372
11976 145 7272
12533 73 3674
9207 56 2833
12368 6 328
11120 34 1726
12514 62 3102
12016 435 21784
12139 49 2464
13652 24 1243
10660 209 10475
10800 226 11340
11729 17 864
12565 37 1856
11766 110 5541
8468 23 1161
9517 53 2679
12083 206 10320
9556 25 1261
9201 200 10021
10923 74 3701
10725 105 5263
11064 168 8425
11639 18 946
13478 79 3958
9479 90 4550
9479 192 9636
10574 220 11019
11665 61 3063
13544 27 1371
9563 317 15857
10931 108 5419
8646 33 1659
10735 260 13021
10974 139 6971
10847 12 613
9618 266 13307
8782 28 1427
11494 220 11006
9002 302 15136
11667 18 919
9709 58 2915
11639 53 2684
10480 273 13690
11543 221 11064
11094 225 11270
13563 8 422
10791 58 2930
9507 32 1636
10382 124 6242
8893 57 2878
9612 31 1563
12034 109 5466
12566 10 522
8817 10 532
12086 9 499
8841 5 284
12496 120 6024
9470 99 4956
11917 16 818
8436 48 2443
9065 120 6034
13617 40 2014
11820 304 15203
11816 56 2839
9636 3 160
10884 225 11283
11068 22 1109
11780 115 5763
13503 172 8646
11786 260 13015
12080 150 7546
11559 63 3151
9511 541 27087
12480 31 1600
12034 87 4376
10570 15 772
8719 265 13288
9226 98 4949
11088 41 2094
11094 42 2150
10629 107 5351
10864 82 4103
9515 70 3531
13478 58 2908
11644 212 10648
9226 260 13013
9507 33 1659
11842 178 8934
10737 259 12992
8537 262 13132
11869 297 14870
8700 171 8571
11557 84 4210
12442 98 4938
10929 45 2258
13688 92 4637
8975 232 11622
8857 152 7631
9064 18 913
12143 13 663
11264 82 4133
10508 9 453
9338 26 1319
11286 91 4563
11972 60 3045
11665 80 4035
9033 125 6300
9207 68 3420
8742 70 3527
12062 134 6729
8750 149 7496
11720 6 334
9037 73 3698
9232 6 326
9494 113 5692
10929 262 13147
12482 66 3320
12025 149 7497
9556 24 1232
11989 87 4389
9080 138 6942
11094 167 8379
8894 71 3577
10307 152 7626
13643 3 152
12514 139 6997
8648 275 13751
11693 34 1722
10611 40 2011
10713 7 378
12069 167 8368
9340 139 6963
11203 52 2632
10442 159 7959
8903 37 1889
10757 134 6714
9546 249 12466
10781 39 1973
11071 280 14029
10693 210 10501
9144 78 3935
9535 328 16403
11943 167 8372
9297 228 11450
10545 150 7550
9329 127 6378
13480 50 2542
12040 25 1260
10675 173 8666
11766 269 13480
13618 94 4722
11291 23 1163
10647 254 12736
9710 192 9620
10931 322 16105
9366 191 9577
8666 115 5767
12039 176 8808
10959 59 2969
11557 85 4294
9238 55 2781
9610 25 1253
10821 111 5594
10447 20 1024
8538 3 155
9238 53 2663
12497 165 8263
12401 22 1112
10439 176 8809
9410 81 4088
11915 235 11772
10386 32 1620
11169 126 6346
13642 17 874
11930 123 6180
9307 58 2945
10580 206 10343
8813 76 3814
12382 159 7986
10668 204 10236
13660 222 11148
10897 122 6138
11283 26 1335
10760 208 10436
12025 35 1757
8954 61 3092
11524 129 6469
13587 48 2415
12111 100 5037
9586 325 16276
9720 168 8415
10574 118 5912
10574 347 17355
9217 117 5862
12091 307 15385
11150 51 2575
12013 21 1096
10882 4 234
12368 95 4789
11282 44 2233
12066 204 10233
10712 124 6219
13661 19 990
10382 43 2174
9545 316 15823
11769 96 4844
12441 22 1103
12561 171 8597
8448 116 5817
11926 276 13840
12061 244 12223
12495 229 11467
8813 77 3889
10857 147 7387
9639 26 1319
11865 21 1086
13484 91 4556
11606 254 12723
13671 186 9307
12543 97 4851
10693 238 11904
8668 13 660
9289 319 15992
9712 123 6194
10668 308 15407
8562 91 4590
8701 217 10870
11766 206 10306
11740 1 93
11868 98 4943
9063 283 14185
11801 33 1658
9321 51 2564
10931 89 4471
10574 117 5899
13530 2 125
12071 227 11363
11551 31 1595
10927 120 6034
12433 6 333
10693 231 11557
9067 78 3949
9564 517 25895
11759 229 11496
10906 227 11357
9030 162 8149
10847 12 626
11535 83 4163
9560 141 7073
13638 224 11232
9567 260 13018
11678 333 16658
8709 121 6056
11080 139 6959
11108 13 660
10910 27 1381
13678 207 10363
9500 179 8992
11913 65 3292
9068 310 15533
11095 0 12
8448 113 5693
11212 25 1259
13454 6 342
11707 66 3320
9586 645 32286
9096 329 16461
11973 0 8
10595 42 2109
11721 118 5947
9586 406 20330
11786 97 4874
8720 18 927
9063 282 14124
11090 132 6641
11186 103 5167
12039 278 13943
9444 184 9208
11186 332 16626
9366 338 16905
8796 142 7137
12001 46 2303
13580 53 2667
10473 48 2413
10567 79 3982
12449 251 12599
10725 28 1428
13688 44 2250
10634 31 1554
12025 109 5471
9637 203 10168
10747 59 2987
9348 32 1610
10625 176 8814
8885 151 7575
11283 63 3152
10520 342 17104
8715 0 16
11965 75 3768
10505 112 5620
9290 135 6786
13629 194 9711
11296 41 2070
8894 69 3454
10520 345 17266
13520 108 5407
9527 154 7706
10447 53 2685
10660 163 8189
11802 8 438
11783 28 1435
10441 322 16107
10432 300 15023
11815 129 6494
13676 3 194
11081 59 2973
8648 153 7674
9534 155 7772
13658 42 2148
10966 15 776
13617 21 1071
10968 25 1295
11187 320 16006
13691 74 3735
11779 182 9112
9467 268 13410
10800 5 286
9246 9 464
10687 161 8098
10972 16 811
12497 165 8272
9546 247 12391
9618 268 13414
10831 102 5142
11111 12 602
11830 264 13221
12493 69 3464
8894 86 4310
12495 90 4536
10583 50 2529
8836 69 3478
10913 31 1595
11550 219 10968
11786 227 11372
9512 456 22810
9672 8 441
10725 302 15114
9610 28 1425
11206 4 238
10581 36 1822
11508 116 5814
11971 2 107
10688 94 4736
9379 48 2409
13633 40 2026
11756 270 13527
9075 286 14344
11631 280 14016
13635 1 53
11025 111 5598
11614 96 4833
12057 54 2721
9679 184 9211
10442 159 7959
9096 117 5870
10865 12 633
10884 224 11219
12057 99 4963
12495 231 11570
12066 25 1293
8445 263 13168
11974 103 5152
8538 286 14317
11901 33 1663
9559 80 4044
10772 338 16940
10921 67 3397
10595 122 6127
11881 51 2572
10484 58 2946
12383 43 2161
10486 56 2819
12545 12 618
11991 54 2733
12543 222 11147
13583 113 5698
10906 179 8978
9679 149 7499
11551 105 5277
10599 130 6539
13469 68 3425
13687 152 7617
11793 221 11078
11872 199 9998
12137 27 1377
12516 43 2190
10545 128 6408
11913 185 9296
8769 361 18065
11614 54 2712
8537 261 13059
13568 26 1323
9527 256 12830
8860 14 707
11025 23 1175
11235 11 591
9281 163 8182
11854 59 2977
8855 36 1841
9563 388 19436
10449 215 10781
13693 33 1690
9169 1 92
12083 154 7702
9372 125 6287
10741 4 247
11723 272 13631
12495 229 11479
10741 2 145
9519 120 6019
9440 204 10250
10660 51 2590
9656 160 8013
12005 56 2839
9297 187 9359
9586 498 24930
8918 51 2575
9346 32 1623
13687 168 8449
10680 120 6030
11278 322 16146
11867 134 6705
9447 77 3887
8758 2 125
10591 78 3911
10489 24 1243
9208 203 10161
12514 68 3405
9095 10 531
10597 60 3030
10841 105 5292
10725 29 1492
9683 35 1779
8697 218 10948
9461 198 9947
13568 104 5203
9273 115 5757
9191 237 11883
10490 176 8835
11605 278 13935
9564 69 3482
8459 16 801
11494 261 13092
8861 57 2877
9404 40 2028
9470 147 7360
10432 345 17260
9191 131 6597
10843 76 3820
13661 227 11396
10523 20 1032
11926 58 2925
11535 83 4171
13540 35 1795
10574 220 11032
10672 96 4810
9049 16 817
9675 63 3152
13678 55 2781
10884 226 11330
11766 206 10345
10788 16 806
11074 62 3134
8935 288 14416
9494 567 28393
9717 230 11547
12554 71 3588
10989 37 1857
13479 50 2543
10624 184 9231
11934 242 12144
8704 151 7567
9447 55 2777
8697 140 7022
9602 643 32175
12545 132 6644
10796 288 14404
9341 229 11451
13687 152 7614
13678 137 6897
10906 179 8978
8666 335 16794
9440 225 11295
11820 98 4924
9560 55 2768
13477 13 691
11719 22 1110
11990 28 1411
10713 7 393
10696 80 4005
11603 16 831
8431 17 887
12368 54 2743
11896 2 111
12039 8 407
10940 96 4837
12066 314 15738
11278 121 6099
9503 133 6692
9564 375 18796
11664 108 5412
12565 397 19859
9545 56 2842
10675 207 10354
9090 219 10955
11540 86 4306
11848 268 13439
9694 163 8190
8914 74 3750
12086 63 3193
11290 248 12448
9030 108 5406
11604 75 3758
9720 131 6554
11064 206 10340
11830 173 8652
12495 231 11570
11570 30 1535
8762 79 3972
10688 225 11298
10762 42 2115
11168 101 5056
10843 95 4792
8638 25 1300
10584 99 4969
12139 368 18409
12497 274 13723
11617 125 6268
12541 85 4255
11619 176 8804
8786 22 1123
9617 124 6213
12422 78 3913
11745 275 13758
10490 130 6543
10735 259 12997
9410 17 871
13629 146 7329
8578 198 9927
9425 28 1423
10989 37 1889
9060 48 2418
11601 10 523
11290 153 7687
11869 135 6773
8971 243 12151
8977 4 220
11108 5 288
8487 0 39
13475 69 3453
9240 57 2895
12425 63 3194
12495 50 2503
11197 27 1385
11087 58 2910
9080 119 5962
8783 29 1473
11996 7 389
11998 368 18430
13583 224 11235
10663 89 4470
8587 6 320
11969 26 1339
11094 186 9337
11921 134 6750
12069 4 202
10432 300 15015
13675 5 287
9030 15 772
11832 57 2873
9001 5 259
9205 198 9925
9583 150 7522
11219 16 820
12000 86 4350
11291 296 14835
11524 129 6482
9545 109 5497
10665 25 1299
8799 78 3922
10719 150 7536
9536 31 1563
12052 18 937
12111 5 254
8446 189 9497
11756 259 12990
12506 40 2037
10634 244 12218
12401 22 1107
12075 45 2255
10924 119 5987
10803 284 14249
11867 108 5413
9710 193 9651
8468 23 1161
8770 103 5187
10864 8 417
9379 191 9561
11064 176 8805
11846 135 6759
11971 7 395
13520 124 6205
11998 183 9170
9536 8 414
13687 102 5144
9215 203 10195
11120 154 7728
8917 163 8169
10747 59 2965
12077 9 484
10610 70 3546
12025 144 7227
10523 11 594
10538 215 10776
8666 106 5341
13647 15 799
9474 5 286
9481 303 15171
8971 80 4038
9225 201 10094
13568 67 3387
12554 84 4225
13630 42 2110
8436 48 2450
10562 77 3867
9348 20 1039
11842 51 2590
9226 81 4070
11294 58 2937
12369 6 334
13546 0 34
12482 31 1560
8701 4 204
11787 81 4078
8585 23 1187
8648 272 13619
9656 183 9192
12382 15 789
9603 274 13701
8751 86 4349
11913 205 10260
11271 15 758
13693 33 1690
9225 202 10126
10772 338 16930
9567 97 4872
11614 96 4803
10516 39 1951
11713 133 6699
8504 41 2088
10521 210 10550
9470 323 16195
8739 31 1554
12454 29 1461
9704 81 4066
10966 15 752
11494 275 13768
10952 9 468
10716 32 1618
9717 61 3051
9706 15 789
13583 275 13774
8590 199 9994
13675 159 7981
9538 361 18097
9617 282 14147
10595 42 2109
8751 36 1814
11291 97 4856
12545 52 2604
11915 114 5717
9079 76 3832
10884 28 1435
12139 30 1541
9446 124 6202
10747 191 9579
9037 62 3148
11872 55 2788
11201 20 1031
11815 87 4370
11574 9 484
13461 11 587
11545 33 1688
12053 5 279
10523 10 541
13476 45 2290
10929 43 2186
10921 52 2641
12137 82 4124
9348 100 5019
11243 64 3233
12016 435 21784
11508 144 7243
11173 5 261
9225 201 10100
11927 270 13547
12066 225 11300
8977 3 162
9511 261 13095
9238 31 1566
11088 45 2272
12374 5 265
12139 136 6819
9521 14 722
12073 28 1413
12514 47 2363
8702 92 4619
9442 121 6075
10386 30 1501
12031 0 16
10725 303 15178
11546 154 7730
10665 140 7021
11866 94 4718
9640 84 4226
11187 189 9453
9479 191 9559
11821 103 5161
9030 60 3013
10855 17 889
12002 141 7059
8769 194 9733
13638 268 13427
12039 343 17152
12545 120 6039
11664 64 3237
10483 113 5690
9510 22 1130
10781 37 1899
9494 39 1956
9724 24 1207
10725 123 6197
10584 99 4969
10765 46 2304
12426 85 4259
10822 7 393
10784 96 4812
9564 377 18899
9063 27 1383
10712 17 866
10688 94 4736
9675 62 3149
10837 247 12393
8436 48 2443
10857 148 7403
8650 63 3198
11644 164 8238
12533 49 2478
10924 120 6002
10921 50 2540
11969 112 5635
11119 32 1623
9491 74 3701
10665 81 4063
9438 3 187
10901 68 3407
8995 54 2706
11984 176 8845
8668 48 2441
9653 224 11233
10741 7 381
10538 179 8972
11740 294 14746
9672 6 346
9065 113 5691
10959 79 3955
11554 34 1729
11879 162 8116
12108 41 2054
11914 80 4014
9087 26 1317
11095 118 5919
11537 126 6304
12442 252 12626
13629 24 1238
9188 128 6440
13537 14 716
8787 39 1952
12068 135 6798
10847 12 618
8650 50 2548
11637 158 7903
10648 32 1642
12541 10 513
12480 74 3731
9741 8 436
13642 116 5819
12075 287 14364
9679 149 7451
11639 53 2700
10725 303 15157
8975 63 3194
8908 288 14440
11512 119 5980
10959 59 2961
13629 64 3209
10485 7 362
9336 8 447
8771 8 440
13687 152 7626
8908 90 4539
13511 50 2534
9470 181 9052
11970 29 1478
13471 18 930
13540 111 5551
11969 107 5395
10521 208 10448
9205 199 9958
9644 0 17
12446 70 3539
9535 568 28402
9410 86 4307
11680 113 5688
12533 49 2499
10517 108 5411
11710 62 3145
9210 78 3929
11029 36 1807
8751 116 5832
10567 265 13258
12020 32 1621
8776 132 6645
11519 233 11664
11854 75 3789
8735 116 5816
8994 177 8891
11294 18 922
9239 76 3841
10745 294 14725
13587 48 2422
12506 86 4305
10501 197 9863
9529 274 13727
8751 33 1658
9601 415 20764
8697 218 10929
10741 0 49
10647 151 7553
10693 258 12913
11723 234 11726
10803 153 7680
11885 106 5316
9582 10 529
8971 132 6612
11604 75 3787
10882 5 299
9033 52 2630
12418 47 2371
12505 94 4712
12040 58 2941
10668 150 7516
12091 47 2394
10307 79 3968
8454 25 1283
9717 65 3267
12504 178 8925
8917 318 15945
10959 76 3825
8538 111 5586
10680 117 5894
12504 178 8928
8800 53 2652
8547 239 11975
11644 140 7023
10990 8 425
11763 211 10569
12006 64 3242
10625 336 16810
10784 97 4869
9321 51 2554
10450 8 446
10595 122 6127
10725 321 16089
12091 340 17023
9536 94 4706
10595 43 2175
10563 118 5913
11071 43 2155
9649 110 5545
9505 191 9590
8937 15 782
11911 33 1699
10843 94 4707
11868 98 4935
13683 142 7128
10719 153 7662
9305 47 2367
11074 62 3139
9521 17 879
13463 3 199
12454 288 14445
12066 52 2648
10735 253 12666
11064 213 10656
12485 73 3683
12529 92 4615
8668 64 3243
9349 118 5928
11742 289 14467
9026 52 2642
10490 176 8805
9374 45 2287
11041 54 2713
11648 167 8382
11206 48 2430
12541 20 1014
11815 87 4370
10714 107 5399
12533 9 458
10994 21 1093
8492 32 1640
12004 275 13773
13661 205 10276
12143 36 1807
12073 28 1408
8894 145 7284
10381 6 314
8668 48 2441
13453 30 1502
9536 94 4706
13586 11 579
11291 113 5653
9515 307 15370
9324 66 3317
9472 256 12838
12529 128 6444
9464 123 6186
11515 28 1448
9345 47 2355
11869 167 8375
10623 71 3564
9348 226 11342
9467 245 12278
8927 78 3942
11071 242 12149
11608 164 8218
9603 166 8348
10743 167 8363
11094 175 8770
9479 92 4649
11630 74 3736
11519 155 7792
9529 220 11017
12057 54 2735
13465 89 4495
9560 142 7105
9366 338 16905
10608 14 708
11926 127 6357
8711 75 3796
12108 41 2054
8460 260 13031
11630 181 9078
10522 64 3201
11095 222 11111
9564 376 18829
13510 8 444
11887 59 2994
8751 35 1788
11071 195 9784
12449 240 12005
12004 312 15618
10822 5 255
12080 147 7362
11508 142 7144
8836 75 3791
12441 166 8345
12070 350 17504
11779 189 9497
10885 2 104
8666 267 13395
13637 13 698
12446 70 3525
9597 314 15737
13674 226 11342
10562 215 10764
9404 12 614
13491 58 2950
8934 140 7007
10940 32 1610
9372 78 3905
13583 58 2915
9757 43 2200
10833 57 2862
9065 2 137
9063 39 1951
9370 236 11846
12083 119 5973
13491 7 399
8751 32 1627
12495 229 11479
12071 33 1665
11807 32 1620
12011 42 2147
9240 51 2592
11111 110 5550
8690 118 5917
12071 140 7040
12073 28 1447
9618 81 4079
9668 83 4188
8798 55 2763
11494 50 2544
12066 121 6100
8971 196 9846
8888 130 6501
11776 14 745
10741 2 117
12070 350 17528
10680 72 3635
11172 58 2935
8926 14 702
9583 148 7439
12086 68 3424
11067 4 216
9188 129 6499
11881 90 4534
11961 35 1787
10929 262 13107
9529 274 13748
10959 79 3955
11543 106 5331
10729 53 2696
10523 165 8293
10688 14 701
10970 8 408
9188 130 6505
11182 176 8820
10597 60 3030
13617 111 5588
13619 44 2230
8706 81 4057
10712 70 3526
8620 66 3343
9505 191 9560
8701 2 147
12004 305 15267
10714 68 3421
10803 53 2671
10757 135 6769
8537 338 16910
13630 46 2350
13661 1 87
9567 98 4914
8690 116 5828
9024 113 5672
10379 32 1638
13638 172 8638
9586 406 20301
11766 175 8773
9410 82 4111
12430 33 1667
13536 98 4936
8538 286 14317
9601 461 23053
11047 6 320
13638 152 7637
10521 22 1148
12070 199 9979
11820 98 4932
10592 333 16664
8936 63 3168
13469 81 4086
13536 17 879
12077 11 591
13691 131 6559
9500 273 13694
11285 28 1413
8646 33 1659
13692 4 247
11521 155 7771
11094 201 10099
11741 104 5207
12036 0 16
8538 5 261
9527 255 12763
13660 255 12789
9608 62 3110
9542 212 10650
10952 168 8406
8668 64 3243
11134 16 833
13475 24 1231
8746 199 9958
11848 144 7231
11540 7 358
9444 194 9740
12459 37 1880
9546 66 3314
9348 21 1063
8445 173 8652
10654 214 10735
11990 6 320
13683 85 4261
11868 98 4943
9653 344 17201
11115 44 2238
8529 197 9899
11840 10 542
8794 183 9159
12441 227 11380
11656 41 2054
13583 232 11610
11844 84 4214
11800 179 8977
13630 42 2139
13690 57 2897
8547 71 3551
12486 145 7294
8664 43 2165
13466 167 8397
13473 4 239
13527 3 169
8894 145 7297
10362 41 2088
8943 54 2702
12011 18 919
9556 24 1232
11591 102 5123
13676 27 1393
10574 65 3296
9002 289 14482
10940 33 1667
8800 53 2667
11086 14 747
11807 13 670
9473 75 3798
9681 64 3227
11550 173 8668
13689 25 1275
11833 256 12828
8708 135 6784
10520 117 5892
9069 37 1879
9297 188 9437
10505 111 5574
10648 25 1262
12462 1 52
10439 176 8841
8709 18 934
10693 258 12913
11557 93 4654
10693 231 11586
11064 206 10340
9527 157 7867
9538 11 585
8769 83 4182
12446 20 1039
9295 24 1231
9486 164 8240
12441 386 19323
12025 215 10785
10818 28 1418
10688 12 631
12364 19 955
9281 166 8313
13491 11 595
13542 47 2397
11614 30 1547
12000 108 5421
8876 96 4841
9482 232 11625
8996 322 16120
13460 48 2402
10828 4 226
11766 113 5669
9297 222 11132
13647 28 1402
10821 211 10588
10745 294 14725
10436 11 569
10784 97 4854
8697 254 12745
9467 268 13410
8675 51 2563
11728 131 6593
11934 242 12144
11545 106 5349
11608 34 1722
13647 15 787
9470 293 14685
12052 50 2545
10483 110 5512
11780 106 5328
8931 130 6535
12556 133 6669
8996 322 16137
12042 62 3113
13558 13 665
12083 443 22175
8987 4 205
8465 275 13789
12497 165 8264
9049 134 6737
10668 313 15676
12533 73 3662
12094 10 545
11678 313 15666
12025 123 6170
10490 191 9581
9512 457 22893
9640 84 4226
11776 58 2910
9326 32 1603
11909 219 10982
9331 15 770
11765 249 12488
11972 42 2135
8714 22 1107
9586 327 16387
11204 17 885
11844 112 5619
10789 0 20
11108 21 1092
8700 176 8813
9538 53 2674
11169 9 471
9310 24 1250
11724 307 15375
8538 127 6354
12441 227 11358
13475 69 3453
9597 347 17385
9245 347 17376
11745 2 139
12486 194 9741
11589 198 9902
11027 265 13293
9724 21 1064
11833 131 6586
12543 206 10337
9562 30 1509
11724 245 12297
9464 129 6491
11505 8 403
11675 175 8775
9060 46 2313
9191 302 15132
9482 229 11474
11546 29 1457
11766 110 5517
8537 262 13114
11644 140 7023
12482 31 1560
9356 114 5734
11973 29 1459
9679 133 6651
9527 36 1827
13678 137 6867
9395 319 15995
9562 171 8592
12036 0 16
8700 36 1816
11742 17 867
8990 41 2099
12061 124 6206
8798 55 2763
10521 229 11491
10744 96 4806
12086 63 3193
10563 185 9279
11524 211 10553
13527 15 783
12502 33 1662
12016 119 5961
11094 167 8364
11095 55 2767
11094 186 9347
9717 61 3051
8562 93 4665
11965 112 5642
9370 74 3725
11630 148 7428
10595 43 2175
9486 169 8460
9669 78 3924
11644 79 3977
8894 145 7284
11998 233 11688
11291 28 1439
9467 55 2773
10888 12 640
13536 111 5573
12054 56 2834
13629 32 1619
13454 37 1886
9717 65 3253
10592 333 16681
8795 33 1699
10520 189 9496
9454 112 5601
12454 258 12914
9065 1 87
9494 322 16123
10741 247 12383
11071 1 58
9602 633 31654
11675 116 5839
13480 78 3949
11965 75 3773
12533 53 2658
13661 43 2164
11931 33 1653
10901 18 923
9507 238 11913
11991 184 9213
11971 51 2569
13671 139 6991
9295 24 1231
9677 16 844
11989 77 3871
11150 146 7315
11848 333 16677
12364 123 6158
9684 62 3150
9679 135 6767
9030 162 8149
10938 188 9422
10897 121 6089
9440 225 11279
12495 243 12196
9169 3 180
8666 304 15201
10972 18 914
10924 79 3964
11086 258 12909
11724 182 9148
9095 233 11664
9610 16 822
9519 120 6019
11741 104 5203
11529 140 7009
11608 34 1713
11873 23 1155
9677 61 3062
12367 30 1520
8719 268 13426
11096 36 1839
11619 104 5250
11545 33 1688
10956 20 1004
10992 27 1365
9561 65 3259
12422 129 6477
9346 35 1760
12056 232 11637
11282 26 1332
8934 140 7007
11614 26 1320
12418 59 2956
11973 30 1521
11574 194 9716
12368 6 349
9269 64 3205
11025 112 5610
9567 276 13830
12039 411 20565
8711 79 3985
9570 86 4326
12045 83 4197
12021 22 1137
11045 128 6409
13635 32 1618
11763 151 7554
8794 91 4585
9669 139 6977
9386 261 13058
12068 130 6548
10781 266 13340
8708 25 1289
11714 30 1501
11848 307 15376
11203 72 3633
9679 150 7523
10646 187 9398
9432 32 1645
12485 37 1863
8578 16 849
9310 111 5585
12061 244 12223
12083 427 21397
13652 4 250
8782 28 1427
12480 31 1576
10843 94 4749
11984 180 9013
10371 3 159
9524 5 272
11094 225 11270
10574 345 17296
9470 289 14460
9437 42 2118
10920 115 5787
11278 54 2734
13621 10 505
11895 256 12828
10437 156 7821
10821 213 10679
11507 89 4499
9668 84 4223
11519 44 2243
12137 19 980
12052 48 2413
9379 166 8341
13674 226 11313
11719 21 1085
11879 235 11799
8650 60 3049
13661 116 5827
12020 32 1618
11833 85 4300
12432 25 1265
9523 643 32166
8996 181 9089
8917 319 15977
9562 171 8592
8959 230 11548
8971 248 12411
8468 24 1207
10540 36 1831
11537 49 2494
12369 6 334
13660 77 3866
9338 179 8978
10882 3 178
11831 41 2100
8857 59 2955
12110 188 9411
11848 284 14242
12137 19 1000
9442 104 5218
9582 7 367
10772 325 16293
10725 123 6184
9278 106 5340
12057 37 1867
11071 280 14037
11786 261 13091
11094 98 4910
9344 252 12604
11793 109 5481
8690 117 5852
11169 19 971
11171 68 3410
12441 143 7183
11228 4 235
9345 115 5800
12495 90 4550
10641 11 573
11116 27 1367
12462 0 33
11695 7 400
13487 85 4271
11971 25 1272
9658 54 2712
11172 97 4866
9065 116 5821
13478 147 7378
9310 27 1391
9461 45 2262
13528 25 1278
8941 50 2507
13480 50 2536
12480 122 6107
11930 138 6905
8908 253 12675
10489 25 1256
10578 231 11563
10520 118 5913
11998 142 7131
9612 31 1563
10680 72 3647
12071 240 12013
11080 181 9056
8418 63 3161
8794 91 4556
13637 18 935
9481 171 8590
12103 2 114
11095 272 13626
13467 177 8889
13618 142 7124
10937 42 2111
9205 241 12082
9650 64 3242
10438 130 6549
13688 63 3157
11095 159 7979
9372 124 6207
8856 9 490
10864 82 4110
10484 90 4501
12565 268 13435
11154 30 1544
8888 114 5710
13537 10 513
13683 232 11627
8431 16 850
11813 159 7998
12106 28 1444
12515 72 3623
12127 0 46
10580 205 10274
8473 100 5004
11492 2 147
10685 94 4706
8787 62 3114
9658 54 2712
9362 158 7922
9437 64 3225
8719 264 13250
10772 1 84
9516 510 25548
11584 141 7062
9563 319 16000
10669 99 4981
10569 115 5779
9232 5 255
8446 91 4569
13674 134 6743
10846 201 10073
9065 26 1325
11291 4 217
10747 144 7245
9321 108 5434
13478 58 2938
9464 129 6491
12418 62 3111
8769 83 4154
10883 121 6094
11858 35 1751
9474 5 281
11742 17 885
8538 9 452
10523 182 9148
11519 261 13059
12382 19 960
10530 14 724
11648 110 5544
9704 80 4018
8471 30 1515
12565 137 6889
13479 71 3552
11786 261 13099
11866 2 140
10444 69 3453
11591 91 4586
9395 200 10009
9500 512 25630
11972 135 6771
10439 137 6895
11769 117 5858
10857 196 9837
11543 221 11064
8786 24 1249
9310 67 3383
8943 53 2697
8446 216 10823
13687 73 3673
8711 75 3787
10857 26 1348
8538 9 494
10762 117 5855
9684 341 17069
9617 125 6294
9765 82 4144
13476 56 2830
9331 14 723
10484 120 6039
11543 258 12936
9538 612 30633
11836 73 3661
11638 1 93
10921 36 1826
11858 35 1755
8518 19 999
12504 79 3965
8666 337 16863
11617 50 2519
8806 19 953
12529 90 4540
11947 94 4727
11929 108 5437
11727 105 5252
11064 128 6422
9597 513 25655
11991 54 2733
11168 40 2007
9575 8 431
10756 298 14934
11865 21 1086
12069 30 1547
11204 22 1117
13644 30 1516
9668 154 7741
9437 43 2198
10846 200 10026
11531 116 5847
11553 61 3083
9621 5 262
9324 66 3317
13528 5 263
11979 24 1241
8548 92 4616
11786 172 8650
10529 17 853
10597 59 2993
10688 16 822
13479 35 1797
10795 144 7214
9632 59 2985
8548 92 4605
12039 372 18635
11589 33 1694
8975 126 6306
13517 5 280
12497 41 2060
13583 113 5698
9597 356 17844
11765 249 12488
8617 83 4154
11885 106 5316
9565 16 817
10540 37 1865
8697 138 6926
13689 117 5884
11742 17 867
9677 164 8220
8971 246 12349
13617 19 952
11976 394 19723
9535 305 15285
13638 154 7740
8836 70 3511
11984 75 3751
9470 207 10396
9724 22 1122
12380 108 5434
8806 21 1068
8701 217 10870
10563 103 5175
11537 126 6304
10727 183 9173
11494 50 2541
8742 90 4536
13621 10 505
9232 7 386
9727 78 3939
9348 100 5019
10952 319 15958
13629 177 8884
10522 155 7753
10824 140 7045
8650 3 153
9579 283 14193
10712 124 6219
9385 204 10214
10649 137 6859
13463 3 199
12482 66 3350
12066 194 9709
12541 10 513
9238 53 2665
10593 193 9663
9602 643 32175
11512 32 1629
10629 105 5290
13614 91 4598
13690 46 2302
12449 305 15293
12139 253 12678
10442 302 15127
8445 172 8648
9672 6 331
11759 236 11841
11086 139 6991
10520 305 15251
11728 131 6600
11707 18 938
11611 9 476
11133 75 3771
11186 153 7656
11095 280 14041
10520 189 9473
10762 42 2115
9215 99 4982
9392 55 2797
13691 131 6555
9444 191 9587
9500 644 32235
12145 165 8300
12066 225 11279
9305 47 2367
11756 149 7474
11644 65 3291
13647 13 697
11524 211 10553
10847 14 712
8528 32 1604
8791 3 199
9576 412 20638
11637 158 7903
11977 71 3552
8905 191 9577
9494 439 21971
12505 94 4742
11030 59 2964
10911 22 1106
12504 135 6791
11537 126 6344
9608 104 5204
8650 47 2390
11766 150 7515
9385 206 10337
13624 11 594
10756 97 4861
12426 45 2263
10716 32 1629
8720 47 2389
9529 212 10616
12054 56 2829
13630 58 2920
8905 114 5710
10952 169 8482
11108 54 2706
12139 30 1532
11763 203 10196
12139 34 1724
11963 106 5342
10669 106 5320
12431 112 5616
10931 168 8447
8742 223 11169
11678 79 3973
9188 68 3406
11557 93 4657
8906 89 4482
11828 26 1350
10959 76 3840
9290 137 6884
11081 33 1651
11119 293 14675
8959 230 11548
11609 183 9160
8922 2 128
10800 5 271
10969 21 1090
9289 233 11699
9512 556 27828
10892 76 3843
8971 198 9946
13691 104 5233
10490 29 1460
8943 56 2825
10544 3 177
9344 252 12604
8711 75 3796
9603 286 14331
12111 74 3714
9030 132 6613
10508 10 536
9416 59 2995
8903 37 1877
11494 131 6568
11090 179 8990
8513 12 641
8964 111 5553
8668 91 4583
10389 33 1671
9241 63 3167
11984 176 8803
11832 133 6663
11291 287 14379
13671 159 7959
8787 12 648
12442 36 1814
11169 68 3431
13671 19 991
12075 128 6426
9245 345 17265
9289 191 9600
9725 60 3021
9597 349 17493
9072 7 369
10479 17 862
13616 100 5004
10583 49 2454
11149 57 2875
13647 13 652
9554 18 942
9290 135 6786
9500 583 29154
11674 48 2405
8690 57 2868
11169 215 10753
13616 2 126
10923 109 5499
9434 189 9486
10567 263 13195
9562 181 9080
11846 53 2678
13572 0 28
13472 4 242
10696 253 12686
9726 126 6313
9446 127 6396
11713 175 8757
9445 198 9915
12441 166 8345
12422 78 3923
9336 268 13443
10834 302 15121
10974 104 5214
8578 35 1784
10479 18 905
9069 37 1871
10488 34 1720
12005 99 4955
11543 10 501
11614 10 547
8473 99 4980
10523 182 9104
9656 246 12310
10563 60 3002
11927 189 9496
9726 273 13693
9458 58 2917
12025 123 6170
11802 50 2526
11813 159 7962
13688 149 7457
11604 202 10125
10657 215 10783
11998 142 7127
11755 27 1396
9603 562 28101
13467 177 8889
10714 100 5033
11719 16 825
10843 76 3820
12034 19 957
8960 14 745
10714 68 3444
9468 3 182
10545 149 7461
11086 268 13436
9196 166 8331
11119 297 14864
9203 44 2213
12111 66 3349
11854 59 2977
13469 73 3651
11628 146 7344
12539 73 3676
11989 96 4830
10680 199 9998
12517 248 12436
11879 124 6224
8817 13 675
10593 193 9690
13479 97 4899
10644 31 1555
12482 31 1558
11906 286 14315
11537 49 2494
9608 104 5232
9349 289 14464
12025 321 16054
9386 302 15131
11989 120 6034
9445 122 6112
9698 18 926
12073 199 9963
10974 139 6989
10711 62 3113
11879 323 16191
8549 110 5521
9586 409 20469
11947 41 2092
11700 5 256
10437 172 8642
10646 14 725
13675 157 7881
11800 2 118
9597 101 5095
11027 186 9305
10668 307 15379
11845 169 8464
10355 57 2894
12034 87 4362
12139 330 16550
8936 78 3946
12006 12 605
10910 70 3511
11614 176 8847
9366 298 14939
9340 136 6835
8680 227 11399
10905 72 3630
11776 78 3940
13661 10 503
9561 66 3336
8770 108 5434
9603 286 14331
13484 89 4468
9677 165 8260
11094 86 4322
10583 55 2756
10990 8 450
9472 131 6592
10631 61 3051
8919 133 6686
12052 18 937
11973 29 1459
9249 171 8599
11756 213 10657
8626 44 2241
10837 248 12441
11724 183 9172
12504 178 8915
10634 313 15680
11565 195 9796
11707 18 943
10570 14 733
11828 20 1001
9546 249 12466
9067 7 358
13678 113 5696
11149 57 2875
9538 363 18181
10863 26 1310
8646 32 1624
9497 43 2189
13528 47 2359
13644 151 7554
10884 314 15730
12069 4 223
11998 142 7131
10724 181 9056
13518 22 1112
13471 13 676
9704 65 3262
9410 83 4196
11609 271 13581
11738 16 816
11618 198 9941
8648 139 6969
9706 12 616
9245 50 2543
8771 7 386
11926 54 2739
11969 63 3173
10712 287 14389
12485 76 3841
8455 65 3251
11848 333 16677
10473 209 10491
12083 84 4218
8739 30 1544
8562 91 4590
8836 70 3511
11550 41 2074
12137 132 6611
10843 94 4707
12139 210 10518
11532 102 5138
9377 159 7994
10583 50 2529
9232 5 256
12556 101 5053
9194 97 4862
11521 155 7787
10696 138 6914
12137 130 6534
9064 291 14555
8784 119 5985
9483 214 10741
9194 98 4911
12404 34 1714
12107 111 5585
11544 60 3017
9239 201 10087
10818 40 2019
11173 9 465
11186 217 10875
8548 92 4616
11088 41 2081
11644 81 4074
8693 11 565
11095 276 13803
10355 132 6625
9292 16 850
11550 173 8668
13583 221 11094
9653 184 9208
13580 24 1225
11745 275 13791
11119 32 1618
9470 283 14182
10803 153 7680
9677 60 3045
11914 90 4546
10843 77 3893
9024 63 3180
10906 228 11431
9597 10 515
11095 0 12
9217 114 5742
10558 24 1206
11025 111 5552
13518 8 415
8971 221 11064
11601 4 201
9717 224 11202
12541 85 4257
10729 61 3096
10747 141 7061
12454 146 7338
9689 313 15651
9727 80 4009
8649 59 2972
8908 255 12784
9561 60 3035
12145 65 3273
13587 48 2415
10590 68 3431
10696 139 6978
11726 295 14772
11861 7 383
11756 187 9379
9002 293 14669
11626 1 93
11963 106 5312
9445 211 10558
11742 245 12288
12061 268 13449
11709 51 2551
10521 21 1091
13660 27 1384
11601 4 221
8666 335 16794
11065 113 5673
13545 18 942
8927 71 3562
11769 44 2222
11721 79 3999
9511 623 31171
9560 61 3076
11673 49 2466
8893 60 3035
11187 320 16008
11786 98 4932
11570 63 3181
11065 95 4763
9395 283 14182
11064 164 8250
8590 69 3465
12533 73 3662
12418 38 1935
10921 229 11477
13520 38 1931
13645 0 8
11738 135 6766
13520 124 6236
8857 152 7631
9341 252 12622
12145 43 2182
13660 74 3730
10897 47 2385
9437 292 14634
10952 244 12243
9144 78 3935
10931 323 16151
11742 161 8070
11829 106 5325
12011 6 304
9024 76 3834
11761 91 4565
12137 132 6611
12034 50 2520
10725 29 1494
10473 55 2774
11776 127 6364
11171 29 1453
9546 247 12354
9653 341 17065
12418 29 1455
9311 134 6745
11726 283 14171
11965 75 3766
8706 80 4038
9338 26 1343
8562 52 2623
11075 1 96
9519 167 8353
11921 302 15141
10307 155 7776
9024 75 3800
12497 150 7520
10574 65 3296
9644 52 2649
9033 25 1258
10570 14 738
10538 215 10776
9712 122 6120
11848 307 15376
8806 94 4716
9024 114 5741
11296 41 2070
11283 103 5170
9535 569 28453
8759 149 7483
11726 252 12645
11936 10 504
11846 53 2698
9704 141 7052
8714 158 7933
11813 159 7998
9240 60 3046
11715 53 2692
10796 105 5267
10687 156 7838
9637 281 14063
11976 234 11723
11780 106 5313
11934 120 6015
8688 101 5056
11909 169 8461
11769 96 4844
13674 134 6743
9564 517 25895
10308 63 3152
9499 421 21096
9562 201 10088
11710 62 3145
8762 286 14318
11678 0 21
11685 161 8094
11116 44 2216
8885 30 1505
11290 153 7687
9628 21 1099
12438 88 4419
8810 65 3281
10578 238 11905
11029 38 1936
13661 142 7147
10601 89 4468
11604 30 1506
9447 78 3921
10533 126 6332
12021 22 1127
10450 7 360
11745 81 4089
11936 16 812
11766 150 7515
9713 56 2833
10517 37 1871
10791 57 2886
13580 1 59
9658 54 2745
10865 16 833
13511 38 1909
10714 106 5348
9561 68 3410
11879 44 2220
11991 184 9238
11096 104 5209
11976 334 16746
11965 294 14738
11644 75 3785
12514 92 4601
10390 32 1609
10478 23 1179
11606 19 966
11557 54 2723
12086 9 470
9586 327 16387
9079 39 1989
11990 28 1411
13491 7 363
10972 9 484
13680 63 3181
8700 231 11585
12566 152 7639
9404 39 1957
11974 114 5739
9297 243 12151
12364 19 980
11984 180 9013
12137 130 6511
11832 181 9085
8789 86 4320
8445 265 13277
9562 179 8982
8702 217 10873
9188 91 4591
13690 21 1075
9500 587 29365
11664 84 4229
8504 39 1952
12431 18 924
11881 90 4519
11064 116 5804
12418 3 159
9567 98 4914
12545 12 618
11582 24 1237
12083 206 10329
9348 1 53
13623 74 3701
12066 121 6096
11095 118 5919
13650 0 36
9392 52 2616
8650 2 122
10593 193 9652
10843 95 4751
11745 99 4956
10987 223 11158
11656 41 2054
8894 147 7374
9074 6 330
13470 59 2973
10800 5 286
11111 26 1307
9191 237 11883
10371 11 572
11769 127 6384
12091 172 8629
12482 171 8588
8529 218 10949
9386 322 16150
8446 93 4687
11589 198 9944
8690 205 10288
12127 3 200
13629 32 1648
10490 228 11443
12000 85 4276
13561 53 2664
8537 261 13088
11685 329 16451
9030 38 1906
10969 148 7417
8680 256 12842
12485 73 3665
12380 10 550
9341 24 1230
10692 50 2504
8769 268 13416
9546 247 12382
8677 48 2416
8548 32 1634
11059 50 2541
9434 100 5043
8960 12 606
9554 27 1353
11270 46 2307
13630 32 1640
9710 195 9798
12054 148 7420
12068 135 6780
13623 50 2536
11829 141 7096
10831 93 4665
8650 3 153
9504 54 2730
11285 50 2546
12117 0 31
11786 172 8632
11848 127 6357
9525 177 8882
12545 71 3567
11971 7 387
10888 10 527
10520 345 17266
10441 263 13163
12503 31 1584
8547 9 461
13638 77 3865
12404 65 3265
8553 137 6861
12561 171 8560
12069 183 9155
10713 3 152
9348 98 4935
10761 4 202
11187 83 4190
9556 24 1237
10884 281 14064
11605 300 15032
10520 117 5892
10473 46 2332
8578 198 9903
12094 10 545
11713 212 10636
10693 143 7164
11206 32 1610
9710 39 1964
9602 69 3467
11713 137 6885
10688 225 11292
10660 163 8151
13568 26 1323
9724 21 1077
9617 277 13866
9340 138 6914
8578 17 852
11953 13 660
12561 326 16331
12420 39 1995
11778 57 2859
11278 322 16146
11094 201 10099
11059 22 1149
12480 116 5850
11506 97 4872
8460 135 6799
10538 213 10694
10937 45 2259
9226 98 4909
10994 21 1093
11953 65 3286
11278 38 1921
11116 122 6138
12508 169 8479
8460 24 1247
11791 72 3639
8954 61 3092
12056 320 16029
9096 207 10399
13638 93 4666
9765 83 4176
12533 73 3674
10974 177 8888
9009 203 10200
9563 493 24696
9060 73 3682
11816 181 9091
10521 22 1148
13676 27 1378
8702 108 5427
8528 32 1635
13480 50 2542
11283 112 5615
10704 260 13025
12137 130 6534
11861 7 386
9536 34 1740
12002 141 7059
9437 301 15075
10711 27 1394
11779 189 9475
12418 38 1943
11963 106 5318
11090 179 8980
12451 74 3711
11557 54 2723
13583 73 3678
10445 15 769
11766 165 8276
8688 104 5225
9653 335 16773
10490 177 8859
10724 181 9079
13471 0 12
9434 315 15760
10952 170 8528
8907 190 9531
13479 97 4899
8936 154 7729
8455 45 2300
8720 85 4252
13691 142 7124
