6679 160 8033
5847 23 1189
6773 142 7139
6880 21 1090
6533 113 5687
6748 187 9367
6218 2 143
6549 43 2196
6572 142 7135
6980 38 1934
6358 25 1252
6773 236 11828
6462 39 1983
6839 9 485
6377 52 2608
6836 36 1827
6780 14 705
6506 45 2255
6775 10 526
6647 45 2254
6303 3 184
6199 165 8271
6765 167 8356
5397 52 2638
5106 78 3933
6615 127 6362
6311 0 30
5164 36 1845
5265 26 1305
6544 6 342
6564 43 2176
5341 28 1438
5395 6 332
6552 81 4098
6683 119 5988
5731 12 646
6749 148 7425
6468 85 4285
5339 64 3240
6417 32 1641
6801 113 5664
6493 116 5817
6762 15 753
6957 167 8393
6663 249 12452
5524 8 448
5340 45 2280
6918 116 5825
6937 62 3118
6590 11 574
6380 123 6160
6980 34 1739
6549 50 2507
5505 13 688
6980 38 1934
6622 30 1549
5437 190 9506
6773 209 10453
6506 187 9373
6658 61 3084
6348 43 2153
6752 169 8495
6552 43 2184
6652 6 343
6940 39 1962
5277 19 994
5333 102 5134
5985 75 3762
6666 152 7620
5164 42 2119
6507 131 6578
5361 68 3445
6553 33 1655
5761 2 144
6989 107 5372
6493 44 2208
6439 8 419
6211 117 5877
5712 99 5000
6221 17 875
6861 167 8364
6308 34 1741
6671 50 2525
6123 23 1200
6888 182 9109
6652 6 343
6977 0 28
5512 105 5296
5512 107 5385
6558 49 2453
5191 51 2556
6574 7 358
6426 78 3933
6241 11 556
6467 108 5407
6052 77 3866
6828 88 4438
6977 70 3522
6680 39 1977
5834 156 7823
6044 6 304
6224 1 71
5546 9 489
5277 25 1299
5519 142 7134
6058 202 10115
6217 76 3823
5585 52 2628
5374 36 1835
5108 125 6253
6542 107 5388
5337 5 287
6853 141 7085
6510 49 2461
6805 152 7626
4967 14 725
6659 27 1356
5204 149 7486
6697 136 6832
6947 59 2982
6043 138 6922
6768 37 1862
6339 121 6070
5519 120 6019
5525 0 41
5512 105 5296
5403 7 392
6379 116 5822
5021 53 2668
5985 201 10073
5892 4 210
5959 30 1527
5767 32 1621
4962 141 7099
5046 91 4567
6487 82 4137
5605 101 5093
6298 169 8500
5187 103 5181
6396 1 92
6959 9 491
5588 107 5365
6829 162 8114
5092 125 6294
5938 25 1295
6952 141 7061
6377 53 2669
5458 199 9969
5892 46 2323
6527 111 5582
6148 13 683
6078 22 1135
6579 42 2132
5208 3 195
6157 78 3945
5211 12 648
6101 7 365
6489 144 7226
6810 40 2046
6180 39 2000
6655 20 1030
5583 29 1456
5824 25 1255
6631 86 4329
6905 97 4859
5637 49 2489
5025 64 3235
6579 42 2132
6894 39 1999
6861 234 11729
6663 46 2350
5333 35 1775
6630 79 3972
5986 8 448
5725 17 864
4971 0 11
6879 200 10033
5558 10 540
6506 4 237
5207 9 492
6756 129 6486
5280 140 7006
5702 11 597
6300 155 7762
6853 130 6501
6939 31 1561
5854 97 4887
6981 70 3534
6783 229 11493
6505 11 576
6890 71 3568
6980 191 9587
6985 58 2947
6457 149 7492
5593 65 3261
6046 63 3193
6308 26 1336
6955 122 6147
6620 68 3427
6784 23 1176
6800 213 10655
5393 4 223
6865 66 3315
6766 78 3903
6805 189 9455
6752 86 4313
6527 143 7167
6594 50 2506
6975 136 6829
6311 8 447
6663 104 5204
5459 106 5343
5727 4 216
6663 24 1214
5593 60 3001
6792 27 1398
5513 18 921
5752 92 4628
6502 111 5552
6502 74 3712
6901 47 2388
5553 0 28
6131 88 4441
5269 23 1151
6600 69 3489
5853 404 20225
6347 169 8459
6058 104 5214
6765 140 7026
6609 67 3372
6488 24 1207
6879 8 437
6298 183 9175
6198 113 5672
6342 86 4322
6950 46 2317
5985 201 10073
6417 81 4051
6960 167 8353
6535 209 10481
5536 51 2576
5264 5 270
6956 99 4993
6760 1 59
5013 114 5728
6505 4 220
6812 14 750
6148 37 1881
5767 76 3848
6619 47 2352
5262 4 232
5709 113 5683
6666 92 4624
5979 140 7034
5723 6 342
5409 12 639
6800 123 6197
6783 177 8900
5111 29 1460
6861 21 1079
5164 62 3140
5397 52 2638
6461 85 4281
6497 145 7299
5399 47 2386
6697 118 5925
5511 10 516
5953 5 269
6888 50 2538
6934 12 612
6572 136 6834
6446 169 8490
5915 101 5069
6575 53 2697
6827 151 7599
5191 104 5202
6371 13 667
6980 11 600
6761 53 2684
6154 33 1660
6785 191 9555
5541 127 6361
6540 61 3084
5896 11 592
6203 96 4834
6915 154 7738
5618 33 1700
6871 63 3162
6429 154 7739
6647 97 4860
6768 37 1862
5124 22 1128
5386 172 8630
6369 4 201
6765 175 8774
5458 91 4592
6827 35 1764
6544 131 6587
5333 102 5134
6596 20 1043
5380 2 111
6861 160 8039
5211 101 5071
6489 25 1257
6506 79 3957
6494 32 1613
6854 112 5628
5513 25 1286
5561 118 5901
6502 99 4966
6487 104 5233
6800 190 9523
6489 25 1257
6866 148 7417
6800 134 6728
6608 49 2499
6107 20 1034
6776 124 6211
6968 59 2973
6339 10 502
5834 113 5697
6497 74 3731
6749 148 7425
5153 6 323
6690 97 4858
5783 48 2430
5527 63 3177
5349 25 1263
6983 0 12
6829 179 8954
6192 64 3226
6663 11 573
6576 64 3206
6840 71 3576
5573 24 1210
6092 27 1356
6327 50 2546
6634 25 1270
5639 139 6965
5361 67 3385
6497 74 3731
5341 57 2865
6880 2 103
6298 29 1497
6932 128 6446
6300 136 6802
6219 140 7008
5729 41 2083
6591 1 82
6957 211 10591
5935 15 751
6763 123 6191
6562 103 5162
6625 37 1898
5106 81 4054
6921 85 4273
5822 20 1012
6827 67 3357
6224 94 4736
6989 109 5479
6091 120 6041
6542 177 8897
5419 39 1954
5340 48 2427
4991 5 290
6932 177 8875
6789 128 6428
6453 20 1028
5606 69 3459
5455 53 2656
6553 33 1655
6980 38 1934
4967 43 2163
6902 50 2544
6347 96 4810
6813 34 1721
6855 104 5216
5155 46 2337
6213 9 489
6957 93 4671
6083 36 1848
6427 124 6204
5178 10 508
6653 92 4626
6552 43 2184
5966 187 9354
6835 3 166
6687 169 8479
6168 178 8924
5349 11 574
6978 176 8805
6813 223 11165
6659 30 1533
6190 10 505
5830 81 4089
5977 178 8943
6980 88 4415
5361 50 2532
6811 189 9474
5729 63 3154
5376 4 243
6861 31 1570
6304 36 1809
6881 19 961
5850 122 6131
6829 179 8954
5515 105 5261
6552 44 2202
6917 73 3696
5412 71 3558
6360 67 3362
5233 1 63
6486 16 828
6658 13 657
6956 72 3618
6506 99 4962
6131 7 395
5157 18 915
6574 1 78
5046 91 4567
6426 120 6049
6608 65 3282
6811 164 8238
6837 154 7719
6058 23 1172
6975 136 6829
5262 4 232
6507 7 391
6664 68 3436
5157 48 2449
6642 106 5321
6320 74 3717
5552 0 29
5435 4 223
5767 64 3204
6576 17 863
6591 175 8788
6991 117 5869
6173 10 522
5021 66 3317
5858 0 41
5411 68 3447
5630 35 1777
6382 55 2776
6893 59 2971
5021 79 3959
5384 191 9556
4953 50 2539
4986 43 2185
6813 101 5068
6337 4 228
6663 69 3485
6828 128 6415
6501 45 2292
6311 66 3331
6047 7 364
6867 16 815
6436 3 163
6971 8 402
5720 15 756
6932 137 6853
6998 193 9665
6831 79 3969
6952 95 4795
6439 74 3741
6407 18 937
5404 15 790
5512 105 5296
6780 17 893
6881 20 1010
5034 14 719
5540 32 1632
6653 92 4626
5092 5 299
6571 58 2936
5935 63 3181
5926 4 229
6565 97 4856
6855 53 2681
6888 168 8433
5691 4 215
6544 156 7848
6890 59 2998
6282 7 386
6829 166 8344
6502 81 4081
6388 0 43
6569 15 752
5848 59 2993
6765 96 4801
6941 15 763
6211 153 7655
6974 84 4202
6934 80 4025
6023 38 1931
5519 26 1332
6806 8 419
5977 123 6180
6332 66 3328
5604 44 2238
5822 20 1012
6078 81 4070
6812 71 3600
4979 34 1729
6497 74 3731
6795 26 1339
6571 40 2005
5915 101 5069
6533 146 7310
6144 36 1839
6421 8 418
6336 140 7032
6952 203 10194
6907 27 1380
6282 12 649
5959 31 1568
5217 14 724
5938 53 2663
5216 2 121
6786 24 1235
5211 101 5071
6094 21 1067
5959 36 1825
6670 38 1914
6901 229 11491
6921 84 4202
5181 25 1292
5093 132 6645
6417 81 4051
5512 105 5296
6402 50 2549
6056 14 724
5437 105 5260
6300 190 9516
6756 78 3939
6614 141 7082
6773 229 11469
5752 40 2002
6773 52 2602
6866 148 7417
6626 32 1606
6936 48 2411
5337 122 6129
6663 205 10260
6303 140 7001
6406 7 383
6634 107 5395
6340 40 2044
6387 54 2744
5512 14 720
5474 81 4097
4971 37 1871
6487 55 2791
6977 25 1284
6173 11 587
5441 73 3695
6640 168 8413
6366 63 3177
6091 12 605
5966 82 4138
6301 203 10176
5752 47 2396
6973 216 10848
6323 38 1935
6149 60 3024
5709 5 286
6867 32 1621
5947 176 8813
6572 57 2898
6440 80 4024
6558 91 4590
5996 5 300
6680 99 4994
5921 48 2442
6854 50 2534
6463 133 6654
6376 42 2132
6318 144 7219
5436 18 935
6973 191 9578
4971 163 8178
5512 105 5296
6856 30 1507
6827 237 11882
6482 5 298
5990 35 1764
6752 69 3497
6050 42 2138
5508 5 254
6596 26 1306
6917 44 2217
5154 91 4581
6533 113 5687
6620 48 2441
6619 12 642
5835 186 9334
6668 30 1527
6901 45 2270
6908 193 9669
5029 165 8252
6777 180 9017
6407 55 2766
6304 90 4544
6299 2 138
6436 3 163
6131 92 4607
6829 124 6236
6527 10 522
5557 30 1507
4969 91 4566
5777 11 594
5016 35 1751
6679 137 6859
6907 82 4136
5551 3 172
5377 13 666
5093 31 1563
6780 78 3947
6748 13 654
6301 51 2562
5207 45 2276
5767 213 10700
5207 114 5727
6374 22 1119
6932 128 6446
6749 43 2193
4992 134 6707
6192 64 3226
