4.292203194754187 -0.8943867002989068 -0.03205343637713578 0.019149520251134932 -0.06562849637112228 -0.11419493747321581 -0.07555017393709113 0.13524015584178975 0.6436449936510148 1.5014527984579908 2.506326662076034 3.3239738505991125 
-0.8943867002989068 1.0985895577635607 0.06395634388801553 -0.025841040389422736 -0.007395126026428928 0.01790648581263263 0.02772650708556503 0.0009203524364691472 -0.09278461924920309 -0.26947793030805167 -0.48797006198948045 -0.672107116042246 
-0.03205343637713578 0.06395634388801553 0.018628577562272382 0.005192368269588993 0.002561136466165774 0.0016799319006573414 0.00047580332433824394 -0.0019731553511234713 -0.00650384141087052 -0.01323248117355968 -0.02051033945925364 -0.02607720381867484 
0.019149520251134932 -0.025841040389422736 0.005192368269588993 0.007395255408047108 0.004606329428160762 0.0018069873023981626 -0.0004201084053166355 -0.0016087848249560508 -0.0008748564893895679 0.0024986145120081318 0.00768947768826506 0.012561077666921047 
-0.06562849637112228 -0.007395126026428928 0.002561136466165774 0.004606329428160762 0.004799272476601475 0.004030329149677006 0.00195634323008046 -0.0026362239049907707 -0.011474723586500398 -0.02504794725430311 -0.04016435803692475 -0.052051054555146935 
-0.11419493747321581 0.01790648581263263 0.0016799319006573414 0.0018069873023981626 0.004030329149677006 0.005040355206433214 0.0036776382421836997 -0.002306781493876477 -0.016247297703177985 -0.03946858601908599 -0.06649219280807414 -0.08838428404516362 
-0.07555017393709113 0.02772650708556503 0.00047580332433824394 -0.0004201084053166355 0.00195634323008046 0.0036776382421836997 0.0037753448689598033 0.0006781063776979728 -0.008012734890416973 -0.02341909162096551 -0.04190732595260301 -0.05718496829296157 
0.13524015584178975 0.0009203524364691472 -0.0019731553511234713 -0.0016087848249560508 -0.0026362239049907707 -0.002306781493876477 0.0006781063776979728 0.008835449595959442 0.025748230909546425 0.05258658855818504 0.0830078424853018 0.10721324806071267 
0.6436449936510148 -0.09278461924920309 -0.00650384141087052 -0.0008748564893895679 -0.011474723586500398 -0.016247297703177985 -0.008012734890416973 0.025748230909546425 0.10335486158865666 0.23192854828165904 0.381113001785294 0.501724865421092 
1.5014527984579908 -0.26947793030805167 -0.01323248117355968 0.0024986145120081318 -0.02504794725430311 -0.03946858601908599 -0.02341909162096551 0.05258658855818504 0.23192854828165904 0.5320432987020608 0.8821008313849414 1.1661122885310569 
2.506326662076034 -0.48797006198948045 -0.02051033945925364 0.00768947768826506 -0.04016435803692475 -0.06649219280807414 -0.04190732595260301 0.0830078424853018 0.381113001785294 0.8821008313849414 1.4677628701674157 1.9436387193671794 
3.3239738505991125 -0.672107116042246 -0.02607720381867484 0.012561077666921047 -0.052051054555146935 -0.08838428404516362 -0.05718496829296157 0.10721324806071267 0.501724865421092 1.1661122885310569 1.9436387193671794 2.575878203860407 
