15391 85 4274
18044 522 26145
18756 129 6464
14228 84 4245
18605 38 1929
14281 183 9189
18527 360 18027
18748 153 7659
18712 64 3218
17834 52 2637
17312 115 5767
18021 78 3902
14564 11 580
14390 84 4244
16544 73 3700
14338 174 8713
17313 65 3266
16150 2 108
14231 7 385
16341 301 15085
17447 1 58
17364 118 5936
18021 662 33108
18021 662 33138
16319 24 1218
15141 65 3280
14157 193 9669
17662 176 8841
16847 140 7007
15103 103 5181
16379 4 237
14277 35 1760
17696 17 852
17829 62 3108
14986 250 12538
14915 1 64
14157 78 3947
17185 57 2851
16026 102 5149
18760 307 15392
18923 391 19597
14450 77 3856
15074 74 3701
18752 564 28246
18604 16 802
14611 60 3020
18258 124 6224
15413 54 2742
15382 209 10454
17191 48 2427
18929 73 3680
16262 49 2472
16319 3 170
14190 18 942
16042 34 1717
18923 346 17337
16089 6 305
15391 187 9360
17339 314 15735
17636 33 1671
15389 25 1263
17495 139 6962
18756 19 975
14546 179 8965
16761 43 2193
15446 39 1969
17005 92 4638
17662 176 8841
17034 211 10567
18253 2 134
14921 59 2990
15800 279 13984
16888 177 8856
16761 43 2193
18712 71 3579
16298 17 891
18244 14 750
14165 77 3881
17055 155 7795
17239 106 5334
14527 9 454
18653 175 8788
17337 45 2258
17191 34 1724
18752 259 12981
17125 97 4882
15322 28 1401
17208 196 9827
16095 109 5480
14363 149 7478
18748 172 8624
15458 17 858
18577 252 12626
17855 240 12029
17125 97 4882
17349 61 3093
18752 259 12981
14545 89 4484
15074 56 2808
17283 9 492
16847 140 7007
15447 46 2312
15061 244 12239
14816 181 9051
17371 382 19136
15800 279 13984
14263 87 4361
16458 31 1551
15989 75 3762
15469 324 16244
14558 110 5526
14356 222 11117
18753 27 1365
17834 52 2647
15430 102 5110
14970 13 659
17667 97 4880
17208 196 9827
17671 346 17311
14740 39 1995
14545 89 4484
17195 86 4323
15335 257 12884
15318 147 7390
18923 645 32296
14772 46 2301
18685 487 24366
17144 37 1884
18929 118 5918
14903 119 5996
16158 526 26305
17349 61 3056
18750 213 10663
16526 30 1542
17415 100 5008
14121 240 12005
15776 5 288
17620 199 9981
16947 166 8327
16581 23 1172
17776 5 275
17270 35 1761
15987 199 9982
18492 143 7177
14921 59 2990
14291 194 9707
18021 577 28886
18619 120 6037
17753 148 7423
17313 65 3266
18760 307 15360
14543 148 7431
16832 42 2125
17827 28 1431
16137 42 2104
17866 20 1006
17300 4 232
16583 258 12931
16047 5 300
17636 33 1671
14921 59 2990
14191 33 1667
17028 212 10650
17089 9 466
17958 22 1144
15689 114 5709
18024 69 3487
14771 196 9836
15464 234 11723
17260 11 573
17495 139 6962
14734 57 2874
14356 301 15058
18954 245 12288
14707 30 1523
16847 140 7007
17172 28 1406
17671 159 7980
14319 22 1103
17191 48 2427
17620 199 9981
16583 258 12931
15973 116 5839
15163 25 1291
14143 48 2437
15689 156 7845
16947 165 8264
15074 74 3701
16379 4 237
15266 9 484
17131 205 10257
15297 135 6764
14768 63 3196
17344 1 100
14764 53 2660
18021 138 6946
14286 12 624
17300 4 232
17636 5 263
17871 105 5261
17493 226 11325
15909 67 3377
16761 361 18066
18253 16 817
15458 7 353
15713 30 1536
18028 305 15283
14746 279 13988
15222 121 6065
18021 662 33108
14986 23 1166
15389 55 2796
18632 127 6390
14902 213 10688
18760 65 3292
17834 52 2647
18763 5 270
16031 68 3421
15074 118 5950
18249 7 390
18039 80 4026
15689 156 7843
14564 19 1000
15689 156 7843
16927 35 1778
18756 12 610
16889 192 9635
15391 44 2238
14641 98 4933
15130 61 3084
14543 140 7029
18253 2 134
15391 44 2238
17339 204 10219
14375 6 321
17495 139 6962
14771 129 6486
18760 307 15392
17535 50 2545
17116 115 5790
17371 149 7488
14641 98 4933
18752 62 3147
14290 90 4519
16485 30 1509
14940 101 5093
17791 37 1880
17237 22 1132
14942 65 3265
17089 9 454
14363 149 7478
17447 85 4274
17753 4 217
15335 257 12884
14143 41 2051
16047 24 1239
15296 92 4609
17394 74 3717
17978 315 15790
14157 127 6377
14390 84 4210
18712 71 3579
15154 233 11661
17394 2 117
15413 54 2742
17343 26 1315
18499 343 17154
17028 212 10650
18666 51 2598
14764 105 5259
16041 237 11891
15946 478 23944
18615 566 28332
15689 156 7843
15149 67 3353
15897 46 2319
14948 279 13998
17620 122 6137
18044 412 20620
15154 233 11699
14355 11 571
14379 63 3170
16117 64 3237
18666 61 3058
15794 176 8804
14636 102 5124
16031 68 3421
14191 33 1667
17589 8 407
16265 12 621
14543 148 7445
16513 87 4379
18756 22 1144
18021 138 6946
14921 7 352
16026 102 5149
15391 187 9383
16731 172 8648
14157 78 3910
18233 115 5788
14942 251 12563
15897 1 99
15966 443 22191
18574 230 11517
14165 77 3881
15430 102 5107
18233 141 7083
18923 346 17337
17580 2 149
15923 484 24226
16265 12 621
14319 13 657
18756 19 975
15382 209 10454
17270 35 1761
14903 119 5996
16118 250 12501
18712 64 3218
17517 316 15826
17494 155 7781
14771 129 6485
17662 180 9010
14270 16 836
18010 101 5099
17829 62 3108
17394 74 3717
18685 484 24243
16301 29 1474
14231 7 385
16835 290 14529
14527 70 3549
18021 138 6902
16481 122 6145
17371 149 7488
17791 37 1880
16697 129 6481
17260 31 1595
17492 82 4118
18021 78 3945
15689 156 7845
16481 122 6145
17089 9 454
18011 82 4124
16761 361 18066
15989 75 3797
18034 101 5055
18860 155 7777
14921 7 352
18760 307 15360
17371 149 7488
18644 159 7990
17034 59 2981
18044 522 26101
15946 524 26203
14338 54 2735
14986 250 12538
14564 1 70
16242 351 17584
16526 30 1542
14772 95 4762
16513 87 4379
14782 73 3683
16150 2 108
16265 12 624
18021 138 6902
15103 129 6480
14121 240 12005
15383 178 8917
15909 43 2172
18210 7 385
18011 82 4124
14319 22 1103
17260 25 1289
18219 58 2904
14736 86 4347
17327 39 1984
17364 52 2613
14218 250 12529
14263 103 5179
14319 13 657
15308 93 4683
16947 166 8327
14319 22 1103
14749 103 5165
15125 186 9350
18246 20 1039
17514 61 3097
15318 78 3932
16581 26 1325
14901 38 1925
17514 61 3095
15859 154 7738
14290 178 8933
17419 7 394
16840 84 4212
18233 141 7083
17394 155 7763
15469 324 16244
17661 84 4203
17337 45 2255
16888 98 4908
18756 12 639
14377 83 4161
17875 355 17761
17866 20 1006
14333 33 1666
14306 180 9031
17313 180 9022
14768 63 3196
17394 2 128
17394 2 117
18031 83 4200
14782 73 3683
18779 453 22693
14425 160 8003
18714 4 232
16262 49 2472
14915 1 64
17172 28 1406
16219 258 12910
18746 17 864
14277 35 1760
14768 63 3196
17636 33 1671
15243 37 1851
17661 84 4203
14901 72 3631
15464 234 11706
14375 114 5711
17313 43 2159
16295 243 12167
18756 22 1144
17034 211 10567
17339 63 3179
17089 9 484
15484 289 14456
17394 155 7772
16927 35 1778
14161 109 5456
14564 11 580
18011 82 4144
17696 8 427
18021 78 3902
17125 10 529
15828 501 25078
14270 16 836
14157 4 202
18244 214 10705
18752 259 12981
17131 205 10257
16172 81 4095
18021 577 28858
15254 97 4884
17116 115 5790
16341 301 15085
16319 24 1218
14143 41 2051
14901 38 1925
16809 232 11625
18760 65 3285
14543 148 7431
18021 138 6926
15446 39 1969
17260 25 1289
18605 38 1929
18024 127 6366
17662 156 7805
16697 129 6481
18746 17 864
17753 148 7423
16137 42 2104
16227 11 586
15061 244 12239
18860 155 7777
14410 274 13720
17371 149 7460
17361 298 14913
17561 212 10604
18761 81 4066
17270 47 2398
14623 249 12485
17493 226 11325
14816 243 12198
14677 22 1117
18685 20 1009
18244 214 10705
18021 662 33123
17866 60 3018
