14150 63 3171
15073 82 4123
15296 133 6667
15099 27 1394
15462 131 6558
17156 82 4149
16188 28 1413
14706 28 1422
15403 23 1165
16038 161 8092
14785 69 3454
14768 178 8948
14418 50 2532
14874 62 3145
15391 70 3530
17172 5 291
14743 22 1149
15923 104 5215
14942 42 2129
14243 92 4627
14396 19 974
14760 184 9238
15828 134 6734
14453 25 1295
17358 22 1124
15225 50 2522
14981 195 9771
17249 147 7392
17305 7 369
17083 41 2099
17248 258 12949
15228 126 6350
14880 54 2740
15714 21 1100
17556 65 3269
17274 15 776
15242 164 8205
15154 282 14118
14332 15 769
15222 63 3184
15415 328 16403
14907 14 711
16272 14 730
15481 18 935
17361 255 12751
17196 31 1556
15118 120 6016
16310 138 6946
15422 82 4120
17195 17 874
16109 66 3309
15491 253 12665
17140 19 960
14915 142 7111
17177 21 1095
14878 84 4228
15227 159 7981
16110 5 290
17311 4 231
15410 128 6410
15172 23 1161
14152 237 11874
15915 430 21509
17165 79 3980
15981 18 904
14924 149 7494
17471 87 4376
15073 9 488
17137 216 10821
16272 199 9994
17444 34 1718
14149 273 13686
17458 36 1821
15118 131 6555
15449 17 872
14603 112 5635
14580 43 2153
17317 20 1026
16759 83 4158
17205 107 5378
15491 53 2689
17534 8 429
15482 47 2361
14548 198 9944
15589 4 248
15318 172 8625
14368 224 11204
17158 105 5286
16319 1 96
15386 19 997
15432 29 1461
14121 156 7850
15473 183 9171
17388 43 2164
17043 48 2408
16336 72 3646
14956 143 7157
14551 33 1662
14654 88 4439
16889 89 4469
15592 58 2913
16722 162 8121
14991 165 8268
17131 228 11413
16113 75 3767
15361 60 3028
14920 32 1606
14542 171 8564
14740 14 717
15464 208 10438
14556 210 10521
17400 139 6967
17280 41 2085
17302 33 1666
16288 116 5837
16715 283 14151
14923 12 626
14793 155 7753
14235 42 2142
15916 65 3282
14990 160 8045
14316 27 1390
14562 78 3936
17489 155 7795
14539 139 6982
17383 203 10161
14368 0 25
15511 51 2585
14980 106 5316
15302 38 1937
16011 134 6701
15477 13 660
15145 294 14741
14598 42 2139
17109 1 70
14802 172 8639
14611 11 584
16022 268 13420
14909 152 7627
14559 295 14781
17100 114 5711
17352 168 8441
16888 246 12324
16279 23 1160
14257 178 8945
15603 37 1898
16994 127 6369
15893 50 2544
14377 124 6235
14223 45 2292
17208 55 2752
17245 27 1394
16051 228 11426
16196 187 9398
15872 36 1841
14372 102 5142
14436 88 4424
17333 20 1045
17559 109 5497
15822 0 35
14874 188 9401
15394 50 2549
14812 314 15710
17308 7 370
15589 109 5456
14539 212 10602
15589 188 9422
15394 50 2549
14991 12 633
17327 124 6207
17146 32 1646
14553 52 2617
15834 6 339
15669 23 1176
16464 35 1787
15103 157 7871
15677 149 7490
17395 23 1157
15904 25 1296
17447 52 2649
14914 301 15069
14368 19 983
17078 30 1528
14270 215 10753
15152 81 4095
14516 116 5806
14134 15 782
15639 159 7989
16428 367 18383
15797 30 1524
16807 121 6086
15774 90 4525
15872 10 518
16243 125 6262
14806 141 7067
16438 18 928
15479 299 14972
16802 19 975
17076 6 304
14418 184 9244
15355 26 1307
16877 57 2883
14475 27 1358
17415 71 3560
14884 146 7322
15457 218 10947
15153 63 3169
15554 160 8012
15528 0 5
15427 202 10115
17141 36 1810
14526 52 2643
17333 110 5547
16552 102 5137
17561 70 3546
16428 15 765
15882 7 400
15233 14 746
14736 122 6109
14239 16 821
15771 18 923
15426 72 3630
16172 323 16169
17204 123 6185
15182 135 6795
14368 24 1233
14634 52 2615
15676 212 10623
17469 93 4690
14162 10 503
15264 101 5062
14957 45 2257
14329 253 12687
14801 260 13027
15223 48 2413
17420 3 152
17144 79 3970
17495 152 7649
14584 149 7471
14535 103 5190
17198 26 1302
14758 169 8453
17352 164 8210
17355 34 1717
17475 178 8911
17208 231 11582
14901 307 15387
16486 2 139
15348 81 4096
17309 152 7638
16840 43 2173
15882 103 5160
15792 44 2243
15383 35 1798
14949 27 1368
16894 188 9442
17030 155 7758
15166 133 6683
15641 1 77
15482 47 2361
15464 133 6652
14644 215 10793
15097 59 2991
14453 196 9850
14546 179 8958
17541 4 231
14336 87 4353
17156 50 2508
17116 62 3112
16058 106 5339
15103 83 4166
14625 43 2184
14802 60 3001
15297 131 6569
15751 7 390
14245 175 8781
14596 8 411
14243 130 6547
15463 8 416
15783 257 12893
15163 52 2650
14300 72 3630
16112 17 887
14916 18 950
17224 53 2673
14998 54 2704
15417 21 1061
15464 133 6652
16158 16 814
16952 132 6632
16066 42 2120
15464 125 6269
15463 6 301
16948 54 2707
17229 18 933
15592 27 1352
15702 19 993
16188 200 10023
14707 17 899
16916 25 1289
17331 14 707
14870 39 1958
15103 285 14268
14912 170 8515
14721 122 6119
14642 72 3631
16923 77 3886
14968 122 6102
14870 296 14823
14592 9 464
17492 50 2509
17246 5 272
17250 31 1586
14136 62 3136
15341 54 2724
14298 66 3350
17388 41 2087
16358 55 2794
16150 129 6489
15504 35 1770
14789 148 7438
16340 239 11983
16527 95 4780
15053 58 2901
14611 60 3012
14427 8 426
16714 90 4550
16119 191 9580
15529 21 1077
14911 166 8337
16109 45 2277
15155 4 211
14555 107 5376
14546 71 3590
17415 200 10026
17198 81 4066
16137 50 2549
15147 66 3329
15167 66 3320
17248 212 10638
14979 22 1137
14206 22 1127
17457 157 7852
17560 142 7108
14372 102 5108
14607 306 15334
14991 82 4145
15463 214 10714
15862 119 5987
14948 262 13136
15436 342 17144
14886 141 7090
14970 94 4733
16726 170 8519
17426 27 1365
16715 86 4340
17448 45 2282
15927 312 15650
15369 22 1122
14368 181 9074
16963 285 14283
15782 17 863
17239 147 7361
14736 222 11135
17373 84 4223
16711 5 262
14218 199 9992
16172 211 10591
14535 50 2503
14888 4 214
15160 31 1565
15312 40 2009
14934 66 3331
15010 8 438
17344 102 5108
16011 115 5777
16209 294 14716
14192 10 501
17398 152 7633
15656 58 2906
15335 248 12438
15222 63 3184
16196 111 5598
14270 230 11519
17457 157 7852
16112 17 887
17140 63 3191
14377 158 7923
17139 263 13176
15917 296 14845
14558 170 8505
16916 25 1289
15916 301 15099
14526 137 6856
15927 146 7311
15783 169 8484
15243 107 5356
17364 111 5558
15528 237 11853
14436 148 7408
14727 95 4791
15640 13 651
14749 60 3026
14726 42 2134
16352 241 12072
16891 139 6967
17360 6 342
15392 104 5225
15479 78 3903
17339 218 10910
15382 50 2545
14758 105 5253
14347 48 2442
16272 199 9994
14658 7 364
17439 22 1130
14737 29 1493
15361 73 3687
15588 200 10034
14183 7 384
16199 222 11144
15249 44 2247
14418 183 9186
14191 231 11588
14585 17 890
15183 16 841
15103 150 7502
15927 202 10139
17205 218 10936
16281 226 11324
14956 78 3942
16499 96 4814
16962 125 6281
15014 96 4833
15228 7 387
17324 92 4626
14763 6 343
15774 90 4525
14537 9 476
14452 37 1895
17169 140 7024
15161 106 5336
14521 9 468
14970 163 8169
16552 17 899
14626 30 1513
17265 24 1246
15432 29 1461
14223 49 2456
14358 219 10981
14136 45 2291
14293 86 4313
14907 14 711
15308 120 6036
14641 201 10093
17141 36 1810
17164 56 2842
15316 158 7916
17158 65 3290
15920 28 1419
15902 489 24455
14652 262 13125
16472 127 6367
15862 241 12092
17251 52 2648
14768 146 7327
16948 54 2707
17563 34 1739
14321 21 1051
17206 144 7216
14280 19 962
15145 312 15642
14575 77 3865
15792 225 11261
16209 341 17056
17100 77 3867
14623 224 11224
15639 78 3931
16517 110 5546
15042 4 241
17028 4 235
17333 47 2394
17152 78 3927
16172 101 5088
16764 39 1989
15673 24 1248
16942 78 3931
14893 102 5109
14664 210 10545
15254 134 6750
17302 33 1666
16527 95 4780
16101 201 10081
16161 40 2008
17128 101 5099
15334 13 669
17068 22 1113
17011 282 14125
15031 28 1411
16109 66 3309
14583 17 865
15266 49 2473
17413 343 17191
16711 147 7351
16411 206 10335
17334 12 640
14712 244 12238
15910 259 12978
15482 47 2361
14467 223 11157
15162 111 5595
17383 201 10070
14912 2 121
14764 77 3874
17556 77 3869
16499 317 15872
15361 60 3028
15449 100 5040
15901 301 15069
16052 285 14276
14516 98 4938
15528 318 15908
16946 231 11567
14410 175 8771
16374 3 198
17308 3 160
14358 93 4659
15785 37 1869
16301 179 8986
16339 230 11550
14376 243 12198
15302 28 1405
14647 6 339
15228 148 7407
16137 76 3817
15322 44 2212
17371 148 7416
17469 14 731
14183 17 888
15940 226 11306
15701 55 2785
15442 39 1987
14293 220 11022
14870 296 14823
15862 72 3616
14187 96 4811
15924 3 166
15722 160 8033
16247 75 3764
15774 211 10588
16714 175 8761
14281 167 8358
17219 1 51
14553 52 2617
17383 113 5695
14957 45 2257
14654 265 13270
17447 153 7654
15783 260 13010
14893 209 10464
15409 85 4290
14277 112 5608
17533 108 5423
14152 172 8614
15867 25 1285
17097 11 551
17087 389 19485
14712 82 4110
15778 37 1862
15713 244 12248
15402 35 1789
16526 55 2763
15916 16 816
14553 105 5275
17545 51 2579
14989 180 9031
16769 122 6103
14609 88 4450
14934 179 8952
14250 14 722
15267 145 7265
15486 3 161
15339 45 2285
17556 65 3269
16158 519 25984
16948 38 1940
14768 133 6690
14190 3 164
14149 140 7033
17264 3 197
14734 127 6393
15805 13 689
17408 64 3211
14363 243 12151
17475 3 172
14741 157 7853
16305 48 2402
15183 36 1811
17560 149 7479
14736 136 6825
16525 104 5208
16051 228 11426
17308 58 2938
15466 250 12550
17271 181 9070
14250 14 722
15948 84 4224
15354 66 3308
14716 42 2129
17447 52 2649
15917 489 24456
16387 25 1253
14917 51 2551
16676 128 6441
15715 189 9481
15473 147 7381
14458 8 410
16858 101 5077
17482 165 8293
16226 2 103
17360 106 5328
15410 10 527
14159 94 4747
14997 70 3529
15122 194 9705
14642 86 4333
15312 40 2009
17187 7 376
15783 204 10247
16227 188 9423
14270 54 2714
14458 138 6907
15262 84 4221
15309 38 1908
15682 54 2701
15463 361 18074
16948 60 3035
14934 179 8952
17267 35 1764
17169 194 9736
14654 34 1743
14452 1 87
16006 96 4817
16276 12 613
14760 170 8531
15514 157 7884
14453 39 1972
17208 247 12369
15101 19 998
15222 175 8780
14195 16 812
15167 113 5679
14828 129 6477
17027 40 2042
15098 22 1134
15166 139 6963
17093 120 6015
15504 203 10185
15514 79 3986
17541 29 1484
15697 21 1092
17036 79 3982
17440 90 4524
15824 26 1322
17019 85 4259
14924 17 895
16196 111 5598
14598 32 1624
14244 29 1494
14284 9 463
14779 139 6952
15824 18 919
17029 203 10155
14902 104 5244
14886 105 5270
15494 30 1521
17248 290 14531
14904 29 1491
15123 24 1209
15397 97 4888
17449 7 386
16849 69 3494
17170 36 1811
15242 164 8205
15882 36 1846
14793 155 7753
17240 122 6147
17444 9 458
16022 113 5693
15302 34 1705
17535 40 2037
16845 381 19084
14641 78 3932
15463 151 7578
17260 71 3598
17270 71 3596
14632 68 3427
15877 0 38
17095 41 2082
15486 325 16266
15138 29 1478
14875 34 1748
14741 33 1680
14458 123 6179
14642 72 3621
15097 157 7875
14793 155 7775
15862 130 6503
17407 137 6877
14152 164 8249
15425 205 10282
16818 71 3553
16112 473 23687
16978 251 12576
14664 117 5887
16283 82 4119
15923 437 21857
16901 108 5410
15639 78 3931
16310 223 11154
16112 473 23687
15808 54 2746
14807 25 1280
14526 137 6856
15286 276 13842
14637 156 7847
16112 473 23687
14225 65 3261
17087 123 6188
15355 57 2888
15426 102 5117
14259 22 1119
15146 43 2178
17219 1 51
16891 139 6967
15154 282 14118
15102 58 2927
17135 61 3053
14276 38 1939
17390 48 2445
15446 87 4365
17556 65 3269
15832 84 4236
15641 1 77
17440 171 8562
14903 98 4906
17361 126 6302
15970 472 23615
17348 9 487
17228 42 2114
15780 68 3450
17111 112 5609
16715 27 1355
17036 301 15068
14758 17 889
15463 313 15665
17247 14 707
14222 12 633
14934 179 8952
14245 60 3033
14191 40 2007
15237 29 1477
17152 129 6488
14313 270 13535
15115 0 45
14151 118 5929
16066 42 2120
14550 68 3423
15530 25 1266
17560 149 7479
15412 193 9663
14942 24 1246
15882 171 8583
14722 124 6201
16489 174 8708
17199 135 6784
17327 57 2879
15129 26 1319
14368 281 14081
14749 269 13475
15231 109 5474
14157 126 6306
14877 104 5205
15254 93 4675
14779 25 1286
16835 5 279
16809 86 4307
15145 312 15642
14976 16 821
15800 50 2510
14902 104 5244
15878 0 12
15225 3 182
14634 52 2614
14542 181 9084
14831 168 8421
15155 9 485
15057 1 74
16694 148 7439
14427 183 9196
14376 225 11277
14432 8 436
14122 185 9293
15867 25 1285
14643 122 6124
14245 60 3033
15909 25 1270
16906 18 912
17248 258 12949
17566 150 7517
17449 17 886
14228 19 984
14148 17 856
15783 377 18869
17396 23 1179
17132 431 21594
16286 267 13397
17106 24 1217
14283 72 3633
14516 56 2834
16220 22 1139
15234 176 8809
16147 395 19780
15469 207 10358
14903 275 13797
15701 276 13812
15927 343 17157
14750 28 1419
15803 10 524
14338 12 603
14775 26 1312
16159 37 1856
14195 16 812
17471 93 4681
15774 90 4525
15394 50 2549
17118 20 1043
14989 55 2783
15916 202 10124
14611 205 10285
15328 206 10349
14329 253 12687
14381 28 1409
14279 49 2457
15153 0 5
16603 17 890
15161 159 7953
15783 348 17406
16110 9 492
14127 7 364
15013 120 6039
15318 74 3713
17495 97 4880
15282 101 5100
15593 198 9950
15799 226 11330
16119 267 13352
15479 3 179
17044 108 5428
15665 1 74
14207 1 89
14632 68 3427
16858 31 1567
15689 177 8885
15504 148 7413
14228 31 1600
14432 75 3795
14173 15 775
14631 165 8258
14758 65 3284
15322 32 1624
15828 195 9757
15639 108 5417
17164 145 7259
16511 52 2646
15916 284 14239
14746 61 3083
17030 21 1065
17451 289 14481
14347 14 727
17226 62 3114
16138 33 1675
16424 267 13381
14223 236 11803
15422 70 3515
17251 176 8819
16499 145 7260
15639 108 5429
14899 124 6240
15603 77 3869
16262 20 1035
15170 105 5285
15520 67 3393
17156 82 4107
14206 97 4857
15151 96 4819
14772 121 6060
15368 152 7643
15783 84 4233
14467 300 15045
17482 120 6003
14743 170 8545
17386 26 1346
16940 12 615
17398 98 4923
17139 105 5255
17415 61 3089
17451 277 13854
14578 75 3760
17245 27 1389
17361 255 12751
14223 64 3214
14580 28 1421
15432 128 6424
14986 48 2415
14653 71 3556
15479 290 14539
15259 29 1477
17400 12 613
17081 8 432
16021 167 8369
15844 5 287
14185 32 1619
15145 281 14100
14824 62 3134
17469 43 2187
17131 141 7059
15715 94 4709
17141 14 702
14675 4 217
16921 36 1812
14712 232 11614
14545 29 1478
15353 116 5808
15074 11 578
14904 25 1251
17312 156 7805
16158 328 16433
17308 58 2938
14746 63 3180
15799 246 12314
17396 4 208
15689 295 14779
15227 159 7960
17397 113 5693
15047 17 877
15715 64 3241
14541 174 8737
16787 59 2994
14356 282 14124
17109 28 1415
15177 27 1355
15153 18 908
14907 14 711
14467 14 731
16809 126 6343
15154 251 12561
15927 217 10881
15901 276 13801
16150 180 9014
15783 375 18767
14998 37 1862
15227 159 7981
17156 44 2221
15323 9 496
15464 11 580
14263 157 7881
17070 228 11439
16817 239 11973
17030 13 658
17110 33 1670
14369 163 8162
15296 133 6653
15601 12 614
14537 9 476
17030 39 1998
15590 130 6524
15264 27 1372
14410 278 13905
15762 294 14730
14802 172 8639
14749 60 3026
14886 141 7090
16807 121 6086
14557 65 3272
14548 136 6819
14446 29 1479
15669 13 683
17070 146 7315
15149 118 5942
14564 45 2279
16172 315 15775
14590 124 6239
16839 130 6526
15065 38 1904
15807 13 673
14779 143 7180
14409 261 13071
17398 50 2535
14122 168 8427
17312 261 13051
14548 22 1140
17414 137 6869
16219 306 15310
14934 179 8952
16514 7 366
16141 122 6117
14383 39 1982
15785 252 12628
16171 18 902
15771 18 923
14191 40 2007
15933 135 6765
15872 36 1841
15386 74 3729
16676 183 9169
15902 448 22444
16890 53 2694
14886 101 5090
15428 290 14543
16738 220 11044
14297 85 4254
17043 48 2408
15797 30 1524
14418 250 12512
14575 48 2447
14384 6 327
15013 221 11053
17237 0 7
17152 59 2987
17210 83 4168
15801 462 23128
15392 107 5352
17528 20 1034
17055 148 7448
15140 25 1253
17513 0 28
17407 137 6877
17310 2 117
14817 62 3117
15446 39 1976
15774 439 21964
16141 285 14297
14807 186 9344
17525 0 27
14410 32 1606
14965 155 7760
15683 6 337
17415 257 12899
15486 378 18918
14446 29 1479
17194 13 688
17267 91 4570
16864 90 4545
14356 180 9040
15415 177 8875
17023 208 10447
15799 61 3081
17194 11 574
14153 74 3728
15902 23 1156
16878 196 9810
14635 7 370
14793 117 5869
15383 254 12733
15262 84 4221
14245 81 4099
14807 221 11081
15917 489 24478
14925 5 256
15457 51 2554
15161 135 6752
15466 87 4388
14575 50 2535
16166 38 1939
15464 241 12059
16846 329 16467
17302 81 4054
15676 16 821
14343 153 7698
15243 82 4114
14384 6 327
14664 117 5887
16962 79 3969
15348 242 12112
15362 52 2650
15808 71 3590
14174 78 3937
15238 84 4208
15497 12 647
15774 348 17448
14801 310 15505
14181 5 280
17232 105 5294
17073 8 442
15916 534 26749
14873 307 15393
17394 83 4154
17407 155 7789
17116 0 2
17389 57 2887
15489 170 8537
14644 6 342
15910 7 400
17360 17 883
17522 88 4426
15923 344 17222
17073 159 7952
14793 103 5155
15500 261 13063
16051 81 4063
16978 441 22078
17559 109 5497
15514 19 978
17137 35 1751
15403 23 1165
15456 134 6726
17070 142 7124
15377 83 4158
14745 119 5983
15458 137 6874
14488 7 369
16179 44 2247
14611 54 2725
14134 263 13167
17226 62 3114
15593 236 11836
15639 106 5336
15783 61 3078
14340 1 58
14947 4 209
14187 96 4811
17326 16 803
15511 238 11925
15875 428 21442
15155 44 2221
14301 86 4314
14220 26 1315
17121 5 279
16152 86 4335
14793 124 6207
15153 9 486
15774 175 8752
16096 58 2917
14392 136 6810
15773 15 774
14870 82 4127
17353 25 1278
14139 254 12717
16172 77 3883
14475 35 1760
17240 398 19947
16008 388 19419
14899 124 6240
17257 82 4122
16305 34 1740
16148 153 7652
14453 133 6657
15308 4 215
14458 138 6907
15403 80 4021
14940 3 188
15054 85 4296
17132 181 9082
16150 129 6489
17413 8 427
17159 47 2356
15491 167 8353
15491 36 1813
14549 208 10428
15785 45 2283
17398 192 9608
16150 189 9467
14934 179 8952
16848 18 932
15603 71 3598
14886 22 1133
15846 38 1918
16921 36 1812
14948 219 10986
16118 124 6202
17210 40 2035
15916 227 11372
14316 5 271
14306 210 10533
14870 9 464
15316 132 6644
14368 186 9330
15935 143 7159
16073 131 6571
15882 38 1936
16122 126 6326
16446 169 8455
15859 81 4080
16205 227 11381
15689 224 11227
17036 272 13631
17478 18 938
15913 36 1807
15103 57 2875
17226 116 5836
15436 342 17144
14452 18 925
14316 5 271
14758 101 5069
15443 68 3402
17096 10 513
16134 352 17646
16112 292 14623
14756 47 2397
15923 154 7712
14564 24 1224
14147 26 1303
15497 177 8871
15894 96 4847
14916 159 7974
17198 34 1742
14916 98 4920
17341 47 2387
15318 161 8096
14257 149 7455
15353 45 2283
15462 131 6558
17186 48 2416
17459 214 10723
15862 130 6503
14428 82 4110
15391 44 2222
17224 37 1889
15710 39 1965
16322 11 585
15590 242 12133
15479 247 12386
14271 219 10999
16741 412 20634
14270 212 10611
17181 55 2752
16562 9 494
17561 148 7433
14539 173 8659
14559 275 13778
14343 33 1681
15873 145 7253
17333 186 9337
17508 71 3551
14209 135 6794
17055 313 15686
15386 29 1470
15410 138 6922
14300 72 3630
17414 139 6984
17181 81 4062
15639 2 103
14516 116 5806
17144 161 8097
15500 101 5073
14956 152 7610
16089 97 4873
16525 40 2026
17383 478 23926
14707 17 899
17280 1 63
14607 182 9150
14306 117 5852
16076 113 5684
14912 159 7993
15456 119 5970
17308 153 7675
14707 14 708
14377 19 964
15580 30 1548
17535 31 1564
16489 174 8708
14789 88 4449
14920 7 380
15174 1 61
17481 8 447
16797 107 5385
15246 172 8633
17132 387 19359
14124 171 8589
15433 138 6927
14610 197 9853
16889 24 1250
17383 443 22192
16310 315 15777
14464 180 9013
14445 78 3940
17123 15 781
15589 46 2349
14306 91 4569
14438 290 14521
14590 13 678
14641 138 6906
17271 146 7333
15457 156 7807
15407 194 9706
15266 42 2133
15182 147 7361
15491 54 2728
17361 146 7329
17373 15 755
16158 325 16275
14550 267 13360
17316 67 3370
15774 299 14960
17114 101 5082
14432 15 763
14712 232 11630
15927 312 15650
17254 0 9
14790 199 9965
15294 35 1792
16119 537 26855
17082 30 1508
15181 3 165
17100 53 2686
17159 44 2242
14652 131 6580
14936 35 1759
15010 8 438
14876 67 3398
15466 87 4388
15323 69 3475
17002 38 1938
17372 110 5502
17194 22 1128
14225 41 2098
16134 80 4035
15981 148 7439
16110 109 5487
15355 6 330
15916 371 18551
15457 201 10071
15902 489 24455
14259 21 1069
14772 121 6060
15713 218 10920
17308 115 5779
15319 13 672
17488 176 8808
15799 268 13442
15328 88 4407
14552 79 3995
15402 35 1789
15101 55 2769
14831 156 7810
17383 140 7045
17139 279 13958
15302 15 753
14438 23 1176
15528 318 15908
15639 2 103
17036 196 9801
15410 138 6922
15486 292 14650
14362 51 2559
15603 37 1898
15464 142 7107
14473 8 413
14185 32 1619
15403 23 1165
15425 150 7509
14545 19 952
14223 177 8871
15466 178 8936
15593 198 9950
14458 8 410
17237 438 21902
14418 129 6451
15528 43 2151
14278 14 717
15225 35 1792
16426 5 268
16148 201 10057
15227 140 7021
15160 307 15362
17194 2 123
14548 198 9950
15713 157 7867
14164 27 1364
16715 283 14151
14459 34 1743
17196 40 2032
14811 5 272
15656 96 4822
14642 111 5555
14770 247 12381
17251 166 8346
15801 299 14984
17159 37 1864
17248 324 16248
15870 109 5474
14610 276 13846
14934 179 8952
17129 35 1774
17087 332 16620
14874 240 12042
17563 69 3473
15428 111 5568
15469 201 10090
16734 69 3452
15502 87 4372
17383 122 6136
15432 29 1461
14729 215 10753
14475 11 597
15800 274 13749
14290 53 2699
14436 31 1586
15780 180 9020
14910 6 349
15822 18 943
17519 10 524
17114 99 4987
17364 71 3557
17171 0 47
14771 225 11269
15794 219 10959
14384 6 327
17158 42 2140
17165 88 4424
16507 43 2152
14445 78 3940
15149 118 5942
17073 8 442
14367 181 9074
15464 121 6099
16137 1 64
16114 35 1780
14453 133 6657
17309 142 7111
17451 151 7595
17349 12 614
17472 12 612
15463 435 21758
14880 21 1074
14654 16 843
16346 38 1947
14368 181 9074
17388 41 2087
17199 25 1286
17240 398 19947
16186 142 7113
15589 4 248
15335 3 169
14425 99 4968
15901 210 10530
17132 367 18391
14227 124 6219
16141 150 7531
17239 121 6057
17073 82 4116
15391 44 2222
17353 39 1973
14559 52 2608
14277 189 9470
14392 136 6810
16188 157 7882
15901 276 13801
17271 167 8394
14874 158 7901
17448 166 8311
14376 92 4634
15862 279 13989
17415 215 10753
17372 110 5502
14878 153 7671
14368 186 9330
14631 141 7087
15061 120 6011
14652 249 12465
15086 121 6100
15656 35 1752
15457 93 4668
14259 273 13700
17036 301 15068
14436 186 9305
14623 144 7230
14376 58 2925
15391 269 13499
17119 102 5106
15656 88 4447
14411 12 610
14154 174 8720
15397 129 6492
14880 114 5739
15154 181 9089
15883 1 57
17427 11 562
17334 189 9453
15659 4 230
14626 15 792
14940 158 7913
15834 52 2613
16267 108 5402
14213 62 3118
15890 24 1238
14550 111 5562
14149 239 11989
15397 5 266
14824 260 13039
16944 193 9680
17457 124 6226
16973 17 892
14877 13 654
15335 143 7200
15354 66 3308
15264 97 4858
14934 143 7167
14910 51 2554
17154 34 1740
14537 9 476
16196 36 1814
17073 101 5084
15172 61 3093
15862 245 12282
14667 17 852
17100 162 8106
15348 292 14630
15901 267 13351
17196 7 393
16874 441 22070
17482 50 2525
16731 17 876
15785 37 1869
14652 223 11200
15882 11 579
15297 275 13778
17195 153 7679
15154 181 9089
14609 16 845
17213 76 3806
14458 120 6027
14609 133 6675
17478 127 6372
14136 70 3526
17324 107 5388
17229 14 718
14453 135 6786
14139 29 1486
16685 165 8265
17408 64 3211
15172 44 2235
17208 49 2468
16118 58 2937
16878 196 9810
14228 40 2003
17493 142 7142
15986 161 8068
17453 41 2071
15343 165 8281
14537 94 4743
16008 388 19419
14831 168 8421
14807 98 4901
17424 13 700
14558 14 746
17559 1 69
17327 156 7815
16096 73 3686
15960 124 6206
17414 135 6774
16060 164 8201
16081 103 5191
16694 35 1767
14907 61 3088
14907 14 711
14907 139 6986
14455 8 410
16411 193 9652
16557 111 5595
14990 113 5651
14907 14 711
15915 198 9946
17248 180 9042
14925 172 8633
16495 76 3838
15160 194 9730
16562 9 494
14634 5 279
15482 129 6485
17111 236 11838
14368 276 13840
16802 207 10378
15266 20 1016
14131 16 837
17165 101 5093
17138 72 3612
15302 31 1584
15500 20 1030
14445 38 1943
15447 217 10863
15111 28 1443
15859 167 8391
16071 91 4585
16169 164 8224
15463 435 21758
15481 18 939
17005 73 3652
14172 35 1752
16507 43 2152
15916 420 21039
15099 2 133
16910 88 4402
17560 82 4140
17100 84 4245
17509 23 1154
14548 135 6793
17226 116 5836
16738 220 11044
17557 66 3340
15433 48 2420
16006 395 19760
17144 161 8097
15160 107 5362
15360 167 8392
14772 283 14158
15789 33 1653
15153 21 1097
14911 127 6378
15116 91 4554
16962 31 1593
17316 20 1016
16169 164 8224
16126 35 1784
14816 213 10677
16679 101 5063
15167 150 7507
14749 285 14264
17274 15 776
16119 516 25806
17056 184 9207
17471 93 4681
15473 19 977
14729 51 2587
15800 206 10349
16424 267 13381
14557 65 3272
16843 208 10407
14203 28 1434
16769 114 5725
15467 5 289
15010 6 312
15330 20 1045
14550 111 5562
14152 135 6755
16473 49 2488
17212 39 1977
14293 195 9787
14955 87 4376
14734 45 2294
14770 297 14879
14828 166 8341
14134 94 4719
16769 114 5725
17397 53 2695
15922 7 362
17030 13 658
14471 0 26
16006 395 19760
14467 286 14339
15345 10 544
17533 100 5002
14586 16 803
15293 18 902
14921 39 1959
15913 19 991
14162 60 3033
17232 32 1614
16428 470 23544
15499 74 3730
16076 147 7363
15061 195 9784
14369 137 6854
16874 441 22070
14654 184 9208
16125 8 408
14297 19 964
16760 21 1086
15295 34 1736
17414 61 3054
15511 224 11218
17165 101 5093
14921 94 4727
14926 79 3998
17043 48 2408
16769 92 4639
14194 76 3821
14970 233 11685
14243 130 6547
17248 358 17929
14220 26 1315
15897 74 3714
15907 110 5544
16119 7 361
14392 106 5327
14298 44 2217
14139 29 1486
14453 8 423
17426 27 1365
14207 22 1106
15731 8 440
17205 158 7917
14453 112 5639
16992 21 1060
14464 106 5334
17418 7 376
15153 90 4507
17100 208 10417
15279 70 3524
14195 113 5680
15456 178 8943
15824 18 919
14940 147 7363
17413 63 3168
14450 242 12143
15834 52 2613
14152 254 12714
14423 6 334
17533 100 5002
15808 34 1739
17282 49 2458
15701 463 23160
16227 188 9423
16148 119 5985
17540 27 1352
17307 122 6146
17057 83 4194
15528 2 127
16715 283 14151
15877 260 13047
16152 86 4335
14223 204 10203
16935 263 13163
14812 208 10437
15894 13 682
16148 119 5985
17316 20 1016
14293 195 9787
17250 76 3821
17361 146 7303
16122 126 6326
15828 264 13209
14396 42 2135
17248 290 14530
15900 212 10650
17073 12 622
14228 31 1600
16150 352 17610
17308 153 7675
16023 464 23236
15302 38 1937
16036 410 20510
17218 31 1592
14793 115 5751
17352 55 2781
14991 13 664
15828 44 2233
15499 5 283
14989 43 2199
14634 53 2661
17361 284 14218
14195 113 5680
14760 192 9626
15017 13 684
14399 67 3385
15397 233 11683
17090 51 2589
14611 60 3012
17457 62 3102
14725 30 1526
14279 49 2457
14399 67 3385
15118 61 3094
14934 179 8952
16738 215 10767
14771 299 14997
16869 120 6022
16022 113 5693
14298 44 2217
16230 60 3038
16011 134 6701
15153 20 1047
14368 181 9074
16594 4 220
15800 206 10349
17561 70 3546
15246 63 3197
14802 267 13372
14903 62 3123
15382 146 7335
17106 7 369
14270 84 4232
15243 20 1050
16874 369 18458
17364 71 3557
14553 223 11169
16341 70 3539
14358 57 2871
14243 95 4752
15762 187 9358
15153 76 3837
15140 1 83
14662 106 5333
15799 246 12314
15156 11 599
14219 77 3862
15246 152 7632
14285 2 110
17210 119 5970
14909 31 1563
14899 124 6240
17112 77 3863
14220 57 2857
14556 157 7867
14893 165 8279
15890 24 1238
15156 58 2929
16960 157 7899
17339 318 15922
17165 88 4424
15451 50 2539
15780 49 2479
15251 167 8370
15457 201 10071
14597 86 4308
14392 185 9281
15282 105 5265
14219 77 3862
14745 86 4303
15282 101 5100
15446 74 3737
17304 44 2216
15639 2 103
15301 41 2087
14139 92 4618
15086 12 635
16676 256 12823
16008 84 4246
17132 390 19526
15167 61 3060
14645 50 2532
15398 324 16211
15109 9 457
17208 249 12455
14467 52 2640
17135 15 786
15634 22 1105
15428 141 7067
15369 296 14819
17239 4 221
14342 259 12979
15337 0 20
14824 311 15588
14191 94 4702
17030 70 3512
16889 24 1250
17308 7 370
16525 40 2026
16386 27 1353
15639 128 6449
14270 54 2714
15730 8 426
15863 26 1334
17494 142 7139
15124 1 68
15916 424 21228
15875 333 16673
14899 311 15593
16978 409 20475
17334 26 1302
15234 128 6427
16286 524 26215
16878 108 5446
15282 129 6457
15335 94 4731
17251 68 3426
15799 268 13442
16171 18 902
14218 133 6671
16676 128 6441
15145 221 11072
16558 54 2744
14537 9 476
14707 17 899
16973 24 1244
14280 19 962
15116 281 14099
15828 103 5174
14300 72 3630
17270 74 3717
15762 225 11259
16148 237 11894
15111 145 7288
15042 4 241
15078 15 785
15715 64 3241
15603 77 3869
14907 7 394
17396 23 1179
17140 19 960
16835 197 9871
14673 40 2021
14357 40 2015
14458 8 410
14643 72 3618
17269 163 8191
16119 21 1096
14768 146 7327
15335 233 11697
17168 33 1659
17143 8 437
14654 169 8464
17458 161 8076
15161 159 7953
16581 77 3895
17352 15 781
15183 36 1811
15377 30 1519
15978 24 1248
15603 143 7179
14667 81 4053
15915 31 1573
14537 9 476
16428 225 11292
17030 144 7246
15870 270 13517
17373 2 148
15589 353 17698
17559 78 3950
16109 66 3309
14609 299 14978
15500 20 1030
15479 78 3903
14259 80 4042
15436 194 9708
17383 113 5695
16159 4 228
17287 150 7506
14924 195 9777
17132 524 26210
15114 31 1557
15528 62 3117
14749 215 10754
17388 17 851
17073 147 7356
16076 7 379
17138 6 326
14436 20 1002
14806 22 1138
14968 37 1900
17415 200 10043
17102 15 758
17338 87 4399
15834 113 5679
15915 104 5211
17561 231 11589
15289 1 95
16013 96 4824
15517 135 6792
15689 121 6074
15242 98 4916
14136 45 2291
16923 181 9089
15851 7 352
14901 307 15387
14953 13 672
14830 3 165
14452 156 7815
15902 381 19094
15330 9 464
17265 90 4504
16906 18 945
14274 100 5032
17140 140 7031
17196 40 2032
17171 40 2019
17136 19 961
17170 36 1811
17219 32 1608
14981 197 9860
16433 27 1391
17174 25 1262
16867 229 11464
17028 295 14757
15603 143 7183
16122 229 11491
17275 2 114
17152 91 4574
17248 121 6066
15919 22 1111
14300 72 3630
15430 159 7966
14260 109 5474
17371 163 8177
14148 132 6613
14729 192 9610
15722 68 3406
17126 156 7801
15923 154 7712
15701 271 13588
16262 20 1035
17373 147 7370
14934 179 8952
17524 130 6539
15361 218 10901
17112 139 6954
16864 90 4545
15595 11 592
15155 9 485
14363 0 31
16227 186 9349
17132 80 4047
14873 282 14110
14976 0 4
14253 10 527
14884 217 10890
14911 109 5475
14329 109 5489
14686 32 1648
15286 136 6801
16199 280 14031
15251 138 6921
14801 110 5549
15450 239 11976
17349 24 1231
14571 34 1744
17372 43 2194
14590 9 498
17339 199 9956
16094 522 26118
14551 268 13417
15486 120 6006
14242 40 2016
14801 194 9721
17267 63 3176
16038 198 9933
14244 29 1494
17371 3 168
14513 0 49
14831 151 7589
14191 120 6049
15416 99 4980
16329 14 727
14771 225 11269
15115 0 45
15870 182 9105
15115 138 6921
17453 41 2071
17168 28 1409
17047 38 1901
14787 40 2046
15640 233 11682
15474 81 4074
15801 513 25662
14375 140 7005
14893 209 10464
17226 62 3114
17232 108 5422
17361 362 18148
17427 11 562
16096 58 2917
14284 1 93
14464 106 5334
17540 27 1352
15409 85 4290
17552 19 988
17218 17 860
14768 5 256
15917 344 17231
15701 92 4605
15410 104 5245
15436 201 10072
15362 52 2650
17566 143 7181
16112 167 8399
15430 82 4138
14771 121 6073
14937 9 489
14947 7 359
15479 126 6338
14293 192 9637
15074 48 2405
14942 42 2129
15322 44 2212
14904 20 1031
17132 524 26210
17341 93 4654
16121 61 3089
16079 24 1215
15870 212 10602
14584 16 832
17339 254 12737
15236 159 7952
14139 213 10657
15479 87 4376
14475 27 1358
15471 22 1115
16517 12 644
16770 171 8585
15182 135 6795
14764 80 4012
17339 254 12737
15634 105 5265
14634 52 2614
15330 20 1045
16492 25 1263
16727 300 15035
16592 1 83
15511 51 2585
15234 72 3645
14722 95 4797
15965 118 5910
14824 253 12683
16148 129 6479
17341 93 4654
15103 160 8020
16148 18 903
15106 206 10334
14488 7 369
14914 301 15069
15701 335 16753
14789 88 4449
14408 38 1936
14938 107 5362
14358 113 5680
16978 75 3779
14539 73 3678
15457 79 3994
14798 72 3610
16112 328 16438
17497 105 5296
17394 176 8817
17158 42 2140
14654 202 10147
14891 130 6501
17371 459 22953
14824 311 15588
14976 147 7367
14467 11 597
16072 24 1246
14664 227 11353
15801 54 2708
16310 315 15777
15828 488 24408
15927 97 4859
15403 175 8773
15431 57 2862
14642 111 5555
14396 42 2135
14338 1 53
14903 62 3123
15554 42 2141
14902 290 14535
17356 50 2545
14621 5 281
15983 146 7311
15403 23 1165
14779 143 7180
15013 54 2724
14369 163 8162
17114 69 3490
17497 227 11390
16818 102 5135
14559 202 10144
14229 14 735
15862 262 13109
17313 29 1480
14298 79 3969
17158 3 183
14142 15 798
16546 146 7346
15780 111 5579
17112 139 6954
17092 20 1002
15294 35 1792
15429 55 2796
14801 179 8972
17305 12 643
16199 461 23076
15504 66 3312
14772 283 14158
14621 2 137
16041 269 13478
14263 157 7881
17458 36 1821
15334 15 799
16655 11 551
15149 118 5942
14149 189 9466
15944 18 920
17451 115 5788
16076 7 379
15463 6 301
15479 294 14727
14641 201 10093
15677 120 6048
15677 191 9581
16948 207 10362
15589 93 4670
17195 182 9118
15386 61 3059
16925 52 2603
16109 96 4809
14707 34 1728
15659 0 45
14458 85 4292
14831 145 7285
15386 55 2768
15466 124 6234
15703 4 201
15927 281 14069
14577 33 1679
14545 33 1697
14768 178 8948
14293 195 9787
14758 232 11623
15129 21 1077
14356 282 14124
17245 27 1394
14243 59 2954
17371 562 28119
15634 22 1105
15857 18 904
17139 317 15899
16831 7 396
17028 64 3241
15182 147 7361
14446 13 677
14438 154 7725
16802 93 4663
14654 180 9018
17137 216 10821
14922 16 826
17095 13 663
17096 10 513
14418 272 13650
15458 112 5628
15301 80 4006
16839 130 6526
17461 6 338
17019 85 4259
14712 232 11630
14558 14 746
14725 12 638
15182 71 3599
15949 171 8598
15160 187 9362
15145 175 8780
17154 24 1228
14338 266 13309
15254 22 1126
15528 71 3594
15172 49 2484
17274 15 776
14277 312 15635
17209 31 1598
16022 268 13420
14814 63 3173
17365 11 574
14139 213 10657
14408 45 2276
14801 92 4641
15356 37 1862
17447 52 2649
17106 24 1217
16807 121 6081
14367 178 8935
14291 173 8659
14870 127 6395
15174 85 4270
15780 170 8511
17237 119 5981
15323 69 3494
14798 1 97
15677 194 9714
16283 82 4119
17267 91 4570
16562 9 494
14191 79 3988
14609 186 9313
14904 25 1251
14356 191 9593
15689 138 6920
17390 0 44
15801 445 22260
16325 37 1862
14805 294 14727
15376 7 393
14246 107 5384
14372 270 13546
14396 66 3304
15915 432 21603
15933 42 2118
15271 17 864
17361 358 17934
14257 43 2184
17360 16 841
