11614 96 4833
11128 18 923
9467 55 2773
10719 153 7662
10490 130 6543
12016 38 1931
12139 253 12678
13617 111 5564
9494 567 28393
12091 47 2394
12137 34 1729
9203 36 1815
10928 141 7086
11090 6 321
11294 64 3210
12552 30 1511
11171 68 3410
9538 448 22433
9273 115 5757
13652 24 1243
9603 321 16096
10721 263 13191
12442 71 3591
10660 109 5490
12543 222 11114
11745 275 13758
9467 53 2681
9560 55 2768
12016 210 10531
10729 53 2669
11976 145 7272
11134 36 1850
12533 76 3820
13658 26 1350
9090 219 10955
9240 60 3046
13467 89 4455
9444 194 9740
11519 233 11664
9467 268 13410
10781 37 1899
9063 284 14234
9470 283 14182
10475 20 1038
9720 131 6554
10660 211 10571
9706 15 789
10882 5 299
10689 42 2149
10592 94 4715
9445 198 9915
11927 270 13547
9564 377 18899
11528 23 1166
11840 10 542
9425 28 1418
12016 435 21784
10831 102 5142
8446 95 4792
10567 265 13255
11726 8 449
10567 79 3974
11196 154 7724
12514 47 2363
10660 51 2590
13616 100 5004
12013 0 32
11820 122 6140
9410 86 4307
11030 61 3054
11494 275 13768
10789 0 20
11529 213 10699
12516 6 313
10969 21 1057
12005 99 4960
11972 42 2107
9065 116 5821
12466 18 928
13491 58 2950
9586 498 24934
12418 59 2956
9602 56 2849
10669 106 5320
9479 191 9559
11848 19 996
12086 79 3976
8638 25 1300
10523 295 14792
9362 156 7810
11865 21 1086
9480 146 7313
13662 155 7796
10784 97 4854
8680 226 11316
11893 88 4426
10484 90 4501
11936 10 504
8701 217 10882
10382 124 6248
11934 231 11580
11678 0 21
10743 89 4468
13568 26 1323
10719 149 7480
11644 75 3785
9617 4 222
10713 3 162
11776 58 2910
11574 194 9724
12382 159 7986
12432 25 1265
11861 7 383
11934 242 12133
11665 61 3063
9582 7 367
8646 4 201
12143 13 655
9249 340 17014
11543 251 12560
9188 91 4591
11742 245 12288
8702 107 5355
9416 59 2995
9437 292 14634
9434 48 2415
11829 66 3349
8648 274 13739
11709 4 221
13467 94 4740
12366 35 1777
13660 112 5606
9404 39 1957
9470 237 11868
9636 3 160
13583 89 4476
8441 7 395
12020 88 4431
12441 44 2237
11539 19 969
12075 287 14360
10800 225 11271
9096 109 5453
11149 131 6580
8538 111 5581
12075 45 2255
8770 145 7251
9439 106 5302
11500 7 362
9434 189 9465
9653 335 16773
9538 447 22382
11531 139 6980
10669 118 5926
9494 439 21971
10901 68 3407
8690 205 10288
10766 4 220
13569 96 4813
9508 0 47
12107 79 3980
10760 147 7381
11869 167 8375
13580 23 1198
9207 56 2833
9706 13 682
9464 75 3773
11867 108 5413
9704 200 10041
11507 89 4499
12566 279 13951
9208 197 9890
11921 302 15141
8700 65 3280
12137 16 804
10757 125 6251
13469 81 4075
9519 245 12289
10888 272 13618
11628 121 6080
10580 185 9286
12561 168 8449
12533 73 3662
9356 192 9634
10688 225 11298
8754 37 1854
10884 27 1386
10831 101 5086
8861 57 2877
10729 53 2696
11785 11 555
11867 108 5435
9379 166 8341
9201 200 10021
8894 146 7328
11998 368 18408
10704 244 12206
11539 11 586
11186 217 10875
8590 69 3465
11094 175 8793
9009 203 10200
11557 54 2723
10520 118 5913
11786 260 13015
8650 48 2424
10972 6 313
13468 18 913
11291 242 12113
11842 51 2582
11565 16 834
13454 6 342
13642 116 5819
10502 350 17535
11786 255 12794
10479 17 862
10473 346 17345
9617 21 1060
10687 164 8240
10567 85 4272
8959 230 11525
12080 150 7546
13491 7 399
12070 276 13814
10952 9 468
10574 219 10960
11972 135 6796
10563 62 3150
9679 184 9211
10712 287 14389
12137 132 6611
11721 20 1002
10654 340 17048
10520 117 5892
12091 47 2355
12514 62 3116
10590 65 3252
8504 41 2088
11766 165 8276
10505 112 5620
9226 72 3640
13467 126 6320
11197 27 1385
9310 67 3383
12459 98 4950
10850 127 6361
13693 33 1663
11693 69 3466
10737 259 12992
12552 48 2443
11570 30 1535
9461 198 9947
12369 6 334
10447 20 1011
10523 182 9148
10562 215 10764
9067 78 3949
11064 164 8250
13472 4 221
11064 116 5804
13461 11 587
8719 265 13288
9205 198 9925
9668 154 7741
12075 45 2269
8927 78 3942
9461 241 12066
12374 5 265
11976 86 4326
12095 110 5528
11984 176 8803
12566 152 7609
13652 4 250
12374 207 10356
10725 303 15178
9590 70 3531
12004 123 6187
10647 142 7129
9095 233 11664
10913 25 1293
11025 23 1175
12446 70 3539
9567 276 13830
12557 63 3187
12506 40 2019
13580 1 59
13517 5 273
9289 63 3196
8905 191 9593
10696 253 12686
8687 271 13585
10716 13 679
8617 10 523
11786 98 4936
13642 89 4468
11879 235 11799
10906 110 5537
9445 68 3430
11108 70 3512
12002 141 7082
12545 71 3567
9523 223 11188
8714 158 7931
12503 31 1588
12441 386 19323
13626 21 1078
9724 21 1064
9601 415 20764
10713 0 3
8455 65 3251
9440 224 11218
11969 126 6338
9067 12 639
11844 289 14483
11086 14 747
10818 40 2019
8926 14 702
10693 231 11557
11786 261 13099
9527 157 7867
11644 79 3977
10937 42 2111
11740 294 14746
11029 36 1807
9434 315 15760
12506 132 6604
10634 316 15833
8715 42 2137
11976 234 11723
10672 96 4810
10570 5 282
11639 53 2684
10693 130 6529
12139 21 1051
12056 232 11637
9535 305 15285
13662 155 7796
12053 5 279
11494 201 10052
13692 4 247
10520 189 9473
13671 139 6965
10696 199 9965
11278 38 1921
11700 55 2792
11763 156 7815
9438 3 187
8934 140 7007
11614 54 2712
9527 154 7706
10665 54 2735
9379 48 2409
9395 148 7409
9470 99 4956
12364 28 1401
11873 3 188
12560 109 5451
8927 73 3665
8971 246 12349
12516 43 2190
9658 54 2712
8706 81 4057
13660 192 9605
10994 212 10632
10952 244 12240
8954 73 3678
13661 43 2164
10882 4 234
10931 168 8447
13536 17 879
9710 192 9620
12454 146 7338
11291 113 5653
11083 23 1189
13545 24 1248
13561 19 967
11198 21 1093
10530 14 724
11591 102 5123
11132 2 131
11664 108 5412
12485 76 3841
11989 87 4389
13616 242 12136
8697 139 6961
11726 255 12760
9601 461 23053
9095 224 11250
9511 414 20720
8562 91 4600
10874 37 1884
8445 265 13277
12545 12 618
10993 9 473
11926 14 715
10725 123 6184
8697 138 6926
8787 62 3114
11698 82 4124
8473 28 1412
10884 225 11283
8860 14 707
11833 131 6586
12025 328 16428
13658 46 2345
8720 19 987
10307 152 7647
9372 124 6207
11906 307 15365
10744 96 4806
11723 272 13601
11963 106 5312
11844 156 7820
11134 39 1959
10660 209 10475
9191 301 15099
10687 161 8098
10660 111 5561
11996 7 389
8748 110 5549
10937 45 2259
8908 255 12784
13619 44 2230
10645 142 7136
8936 157 7884
10911 27 1379
10450 7 360
9563 317 15857
8578 35 1784
12368 118 5925
9311 129 6461
8666 48 2447
9601 415 20764
10744 107 5381
12001 70 3548
9483 215 10754
9612 35 1794
12066 47 2398
11282 26 1332
8711 75 3796
9030 162 8149
11494 131 6568
12004 305 15267
11984 180 9013
9504 54 2730
13647 13 697
8841 5 284
10713 3 152
9454 112 5601
11108 21 1092
10437 156 7821
12039 278 13917
11270 46 2307
11919 26 1316
9370 184 9211
10665 140 7021
11658 1 98
9507 32 1636
9629 10 540
11069 63 3162
9356 114 5734
13630 46 2350
9203 44 2213
9297 187 9359
8513 12 641
8784 119 5985
9001 101 5074
9466 42 2143
10580 98 4941
12091 205 10285
9346 4 213
10910 27 1381
8518 19 999
10569 115 5779
11738 16 816
8975 61 3061
8746 199 9958
9037 73 3654
12504 178 8925
9525 188 9427
10803 52 2636
9538 361 18097
8720 47 2389
12042 62 3110
11912 213 10681
12529 99 4981
8446 95 4763
9717 224 11202
10745 295 14758
8720 48 2448
9063 27 1383
11658 1 98
10597 60 3030
9108 10 526
10888 249 12484
10805 118 5926
11204 22 1117
11296 8 446
9249 171 8568
9087 24 1209
11848 268 13439
9653 335 16773
9677 165 8260
11925 141 7060
8975 63 3194
10449 221 11100
10688 16 822
11971 45 2251
11695 7 400
12454 258 12914
8414 89 4460
11667 18 919
11756 107 5354
9194 97 4862
10931 322 16105
10648 25 1262
12380 69 3489
9377 139 6956
9536 94 4706
9535 69 3467
13676 3 194
9519 120 6031
8468 50 2533
11675 124 6242
9499 53 2668
12039 33 1662
9249 254 12717
10486 55 2762
11626 1 86
10910 27 1387
10520 345 17266
12080 147 7362
10645 238 11935
9617 125 6294
10442 159 7959
9472 131 6592
11512 32 1629
9201 240 12047
10864 82 4103
13651 188 9430
11203 52 2632
8907 190 9531
11095 272 13626
8460 263 13186
11930 123 6180
11709 50 2540
9603 167 8378
12454 260 13036
11721 79 3999
10761 4 202
12382 40 2027
8454 22 1105
9546 247 12382
11829 91 4559
11765 43 2164
10578 151 7563
9519 120 6019
10645 107 5381
8680 161 8066
11776 78 3940
13621 10 505
9249 172 8613
8680 225 11280
12541 20 1014
11027 265 13293
11715 178 8925
11611 9 476
11614 176 8810
8529 218 10949
12441 143 7183
11559 65 3267
9472 58 2923
10796 288 14404
9386 333 16693
10520 305 15251
13616 305 15279
8446 95 4792
13480 50 2536
11976 361 18051
9765 83 4176
11778 57 2859
8894 71 3577
11786 261 13091
12374 126 6306
9536 8 429
8817 13 675
12389 13 692
10712 124 6219
8817 10 549
11065 113 5673
10843 77 3869
12045 164 8250
11820 273 13697
11582 24 1237
9188 68 3406
12139 30 1532
9564 521 26086
8888 137 6885
11134 134 6704
11774 65 3261
12040 2 140
9079 39 1989
10584 99 4995
9512 461 23069
8784 119 5984
9704 75 3789
11559 45 2252
12561 50 2516
9656 160 8042
8893 60 3035
10760 208 10406
11025 111 5589
10921 67 3397
11759 236 11841
12073 17 852
11720 6 334
11763 151 7554
11529 216 10833
11565 246 12337
9560 142 7105
11264 82 4133
9411 34 1701
8937 15 782
11565 246 12337
9494 83 4180
9470 289 14460
8465 168 8438
8460 260 13031
13652 4 239
8769 83 4182
13545 18 942
11971 25 1272
10712 14 725
12485 37 1880
9704 80 4018
10545 150 7550
11933 32 1619
11537 126 6344
12404 65 3290
10445 15 769
9603 286 14331
11848 48 2406
9425 31 1576
9440 225 11295
11094 225 11270
10920 115 5787
11638 1 93
11913 125 6290
12073 17 861
13484 89 4468
9338 181 9055
12073 28 1408
12094 10 545
9341 229 11456
9075 286 14344
10578 238 11930
10517 34 1737
11848 215 10758
10578 238 11905
11589 169 8464
9479 94 4744
10906 245 12272
9710 39 1964
8817 10 510
9002 289 14455
12061 124 6206
11842 51 2591
12556 45 2279
10724 181 9056
9341 24 1230
8915 76 3818
10918 9 486
10355 132 6619
13471 13 676
11545 106 5349
10784 73 3660
12502 33 1662
8888 130 6501
12056 232 11637
11291 28 1439
12002 141 7059
11120 35 1760
12066 121 6100
11540 7 358
10520 216 10812
10665 137 6896
11083 191 9563
12057 99 4963
10441 83 4153
12057 54 2721
10540 35 1788
9615 196 9817
9410 17 871
9675 63 3152
10672 150 7533
9474 5 281
10884 225 11283
12420 39 1995
11707 18 933
9068 239 11995
11953 13 660
13528 25 1278
9191 131 6597
13661 111 5594
8680 226 11309
9297 222 11132
10578 151 7585
10688 225 11292
9512 457 22893
11991 184 9213
10756 96 4810
11591 48 2446
9372 78 3905
9305 44 2227
10355 307 15394
12541 118 5921
11998 142 7127
9432 14 727
9563 389 19466
11854 59 2977
9653 344 17201
13635 32 1630
11828 20 1001
11087 6 301
9210 121 6091
10355 57 2879
8702 108 5427
9188 128 6440
10764 6 345
9658 54 2711
9338 177 8878
12495 90 4550
12070 350 17528
9425 28 1423
9567 260 13018
10382 124 6242
11979 24 1241
12506 86 4305
10743 90 4504
13644 30 1516
12025 123 6170
13660 255 12789
8617 83 4154
9345 115 5800
11740 1 93
12009 28 1416
9299 226 11340
9238 53 2663
10570 15 772
11769 117 5858
9524 6 316
11728 111 5557
13661 205 10270
8971 198 9946
9592 134 6715
11215 72 3624
12004 275 13773
10929 262 13107
13528 47 2359
8758 2 125
10693 143 7164
11095 276 13803
11296 8 435
9341 229 11451
11867 134 6705
12025 35 1757
9562 99 4971
8668 10 505
11900 54 2748
12480 74 3731
11026 61 3060
10931 320 16017
10721 152 7629
9602 648 32427
8711 75 3796
12556 59 2991
8922 2 128
11740 159 7983
9689 313 15651
10959 59 2961
11591 3 171
11557 85 4294
13517 5 276
11644 25 1273
10781 86 4323
8794 184 9249
8475 0 39
12066 260 13012
9712 122 6120
11852 13 661
9470 207 10396
9030 38 1906
10432 7 365
10623 71 3564
12541 85 4257
11187 209 10492
10574 220 11019
12504 178 8928
13479 35 1797
10569 115 5774
10952 170 8528
13688 44 2250
13587 48 2431
11907 220 11044
12040 58 2941
10743 167 8363
9292 22 1106
10505 112 5620
13580 24 1225
13477 172 8615
9617 126 6347
9527 256 12830
12073 28 1413
10890 76 3844
10974 138 6902
12068 130 6548
9331 14 723
11868 98 4943
11132 2 104
8856 9 457
12021 22 1137
9321 51 2554
11545 168 8447
9069 37 1879
9297 188 9437
8626 44 2210
12020 32 1618
10432 335 16782
11237 28 1415
10910 51 2596
9207 54 2723
9608 62 3110
11214 3 152
8666 122 6108
11110 21 1071
11707 18 938
10716 323 16172
11505 8 403
11973 30 1521
13467 88 4448
9634 13 654
9437 330 16533
9517 63 3200
13680 35 1789
8996 322 16137
12459 72 3621
12005 16 807
12366 86 4305
13629 24 1238
8758 2 123
13517 5 273
9677 164 8220
11108 54 2706
10501 197 9880
10693 210 10501
9203 44 2213
10735 204 10209
10735 108 5414
8770 103 5187
9542 28 1427
13580 191 9565
11094 42 2150
11168 101 5056
8701 158 7949
9434 100 5043
12026 18 920
11116 27 1367
10885 24 1231
10540 36 1831
11134 117 5879
8701 218 10922
10625 336 16810
10444 34 1729
9567 97 4872
12454 19 954
9024 75 3800
11187 189 9453
12032 19 986
13642 55 2791
11557 84 4210
9536 9 454
9499 485 24277
11169 19 985
9395 200 10009
10489 42 2147
11614 10 547
9563 496 24831
10478 23 1179
12091 207 10388
9603 273 13655
10735 260 13021
11529 140 7009
9238 53 2665
11763 211 10569
11753 57 2892
10674 27 1375
12451 74 3736
10644 31 1555
8701 2 147
8894 69 3454
11973 30 1521
10580 205 10274
8433 111 5555
13473 4 239
12550 61 3099
12041 135 6751
12061 3 174
11914 90 4546
8538 9 494
8964 109 5476
13675 81 4064
11866 2 140
9644 2 110
12454 29 1461
8908 20 1035
11646 15 756
11515 28 1448
8538 286 14317
11765 249 12488
10683 346 17321
13635 1 53
10719 153 7662
10478 41 2088
8739 30 1544
12442 122 6148
9466 42 2138
11066 44 2233
11149 57 2875
12495 63 3186
10438 130 6549
13561 53 2664
11512 119 5980
12066 123 6176
11815 87 4370
10762 42 2115
13660 27 1384
11618 198 9941
8899 89 4459
11494 201 10052
12083 443 22175
8791 0 4
11087 58 2910
11786 98 4932
11134 72 3614
10961 11 578
9554 18 942
11881 211 10569
11545 33 1688
10533 126 6333
12462 1 52
9348 21 1063
9232 7 386
11963 106 5312
10538 147 7370
9479 90 4550
10641 8 434
10592 353 17700
10618 42 2136
9377 159 7965
12083 84 4216
9499 485 24277
8448 116 5817
11726 41 2072
11644 65 3291
11581 85 4267
9245 345 17265
12139 130 6537
8795 33 1699
13616 209 10473
8459 35 1794
9494 322 16123
10562 214 10721
10974 139 6971
10966 39 1985
12025 244 12239
8701 4 204
11115 44 2244
9447 78 3921
9292 23 1179
10485 26 1334
8977 3 162
9440 225 11279
10663 89 4470
8709 68 3422
12000 13 682
8460 260 13005
11604 105 5268
11885 126 6305
8459 21 1089
12145 165 8266
11887 59 2994
8751 116 5832
13642 42 2125
11197 98 4916
8836 74 3737
8813 76 3814
9492 230 11539
10660 163 8189
10529 17 853
8860 48 2406
12560 40 2021
12066 25 1293
10841 30 1519
13616 2 126
11187 83 4172
13536 106 5313
9068 239 11960
11836 16 845
10520 345 17266
11960 32 1622
11691 146 7326
11494 154 7723
10788 16 806
8666 337 16863
10989 37 1889
8666 117 5875
12545 27 1353
10970 8 408
10645 235 11762
12418 62 3111
8787 39 1952
11112 132 6642
9474 5 286
10675 173 8666
8862 195 9753
8769 83 4154
9001 5 259
11074 39 1988
8905 213 10678
12054 56 2829
10897 164 8217
8995 92 4628
11971 7 395
12497 193 9699
9215 99 4963
10567 263 13186
12139 381 19056
9531 392 19630
12056 401 20079
10520 233 11681
9658 224 11246
12561 50 2503
11821 103 5184
11171 29 1453
11866 94 4718
8711 77 3861
10747 191 9600
9249 340 17033
11565 217 10892
10645 65 3269
9195 209 10470
10923 74 3701
9385 204 10214
10803 153 7680
11632 71 3590
11096 30 1535
9024 69 3459
8782 25 1257
8562 50 2522
9505 191 9560
11872 199 9998
11601 4 201
8709 121 6056
13678 207 10380
10725 28 1428
11630 181 9078
10445 223 11161
9065 120 6034
9403 17 860
11235 11 591
12013 21 1096
12380 75 3774
9026 52 2642
13623 74 3701
10516 39 1951
10750 67 3373
11119 22 1141
11759 236 11841
9079 88 4421
10757 134 6714
12042 62 3113
9348 85 4280
13630 58 2920
10593 193 9663
11728 131 6600
9324 66 3317
12495 231 11570
12438 138 6950
12446 20 1039
9477 21 1070
9535 306 15319
13484 91 4556
11915 323 16190
13617 111 5588
8548 92 4616
9597 10 515
8975 63 3187
13542 84 4237
11881 110 5504
12495 50 2503
10634 244 12218
12145 65 3273
10744 96 4818
9538 612 30633
9444 342 17111
13528 25 1287
12365 38 1931
9470 147 7360
11203 32 1640
12004 293 14661
11264 35 1753
9210 78 3929
11626 11 594
12482 171 8588
12083 73 3654
10713 7 378
11540 58 2908
12139 368 18402
9570 83 4179
12430 33 1667
9720 127 6356
12137 130 6534
10490 176 8805
11984 176 8845
12556 101 5053
9618 268 13414
10478 22 1149
10445 225 11279
9702 246 12326
9610 16 822
8431 17 882
10791 58 2930
12449 233 11681
10516 38 1906
12111 66 3349
9499 53 2654
11881 90 4534
8906 96 4816
8902 55 2763
12541 10 513
13675 159 7981
11604 105 5293
9765 82 4144
11830 136 6826
8418 63 3161
12505 94 4742
11108 70 3512
9658 54 2712
11886 56 2803
10959 76 3840
12438 88 4434
10574 42 2104
13518 22 1112
8994 177 8856
11976 234 11739
9563 493 24696
10905 100 5010
12077 45 2252
13614 91 4598
10685 22 1112
10595 122 6127
10611 40 2011
13688 190 9542
8927 71 3562
11885 98 4906
8709 67 3391
9615 195 9758
9538 363 18163
11584 141 7062
13529 10 519
9366 338 16905
8943 56 2825
9470 289 14460
8513 12 648
9545 109 5497
11285 50 2546
10747 59 2965
11619 51 2564
11885 69 3466
8751 87 4368
11885 106 5316
10544 1 68
11631 280 14016
8537 152 7619
11551 9 472
10966 15 776
9586 409 20469
11247 8 426
11656 41 2054
11108 13 679
11726 295 14772
11971 51 2569
11213 80 4027
9065 26 1325
10952 318 15908
8795 33 1699
8841 5 259
11740 294 14746
9726 354 17716
8528 32 1604
11524 129 6482
11713 119 5994
12495 90 4550
12380 186 9346
12034 109 5466
8693 11 565
11879 162 8116
11565 246 12307
8465 167 8369
9710 193 9651
11769 112 5605
11545 177 8871
8446 189 9497
11685 117 5864
10521 229 11491
10597 59 2967
10756 95 4755
11913 130 6517
11290 336 16844
10796 102 5121
11848 333 16677
10484 120 6039
9529 220 11017
9564 375 18755
8738 254 12730
12137 71 3576
10432 345 17261
9085 51 2574
9297 222 11132
13477 155 7775
9362 158 7922
8697 254 12745
10523 165 8293
9079 76 3832
11116 44 2216
9644 52 2649
11820 239 11987
12056 208 10415
8995 91 4591
8690 204 10239
13619 111 5579
12021 52 2646
10522 50 2543
8668 91 4583
8836 70 3511
9560 55 2768
10442 239 11953
9538 11 585
13629 32 1619
9587 578 28908
8897 152 7642
8680 226 11309
12558 6 333
8894 145 7297
13583 92 4617
11720 179 8985
11872 55 2788
8649 58 2932
11550 155 7755
10598 8 414
8528 32 1635
13662 149 7484
11869 135 6773
11565 281 14074
9724 22 1122
13580 165 8271
11197 95 4780
11971 7 387
11675 58 2929
10390 26 1328
11726 252 12645
10674 15 798
11895 246 12304
12145 174 8725
9546 249 12466
13630 42 2110
11134 16 833
11893 51 2597
11531 139 6977
12107 111 5585
11926 58 2925
11219 16 820
13522 10 515
8959 230 11531
9717 61 3051
12034 87 4362
11970 29 1478
9704 265 13285
10822 5 255
8995 54 2706
8926 14 725
11867 108 5435
11519 225 11252
9637 281 14052
11841 31 1566
13691 74 3735
8746 29 1483
8445 73 3692
9060 4 207
8720 47 2389
10910 29 1451
10578 231 11554
10563 179 8985
11090 132 6641
9608 104 5242
13479 97 4899
11965 294 14738
10640 26 1328
10822 24 1215
10386 32 1620
12545 132 6634
9563 508 25450
12137 19 1000
11086 139 6991
8817 13 675
11990 29 1488
12066 225 11300
11047 6 320
11095 159 7979
11714 11 576
10760 208 10436
12021 14 737
11830 264 13221
10540 98 4908
12565 309 15475
11742 161 8070
12365 36 1820
10473 55 2774
8758 2 146
10714 98 4949
10595 43 2175
9049 134 6737
11116 44 2216
12139 130 6545
13520 51 2552
11815 221 11095
9717 224 11238
12054 200 10031
12083 308 15415
9434 48 2415
11815 129 6494
9444 184 9208
10897 47 2385
11858 35 1755
9340 66 3306
13593 51 2572
9565 16 817
9067 77 3866
13643 114 5733
13471 13 676
11173 5 261
9483 214 10741
9586 409 20469
8908 288 14440
9597 347 17385
9440 225 11285
10493 111 5553
11729 5 285
9516 510 25548
11096 30 1535
9297 218 10923
11095 118 5919
11727 336 16809
8650 2 105
11636 13 654
10830 251 12561
12541 85 4284
10561 71 3554
10747 60 3044
9704 197 9871
8445 173 8652
9348 97 4882
11613 62 3112
10803 284 14249
9348 0 48
12504 135 6791
9726 94 4725
9668 117 5855
9536 20 1021
8937 26 1339
10952 168 8406
10882 5 299
9207 68 3420
12073 28 1413
11182 24 1203
11520 85 4287
8719 268 13426
12380 7 369
13479 35 1797
9617 124 6213
11047 6 320
8905 305 15272
11984 180 9013
9567 264 13228
10545 128 6408
9474 98 4924
9717 224 11202
13671 77 3867
11574 95 4768
12365 36 1813
13510 8 444
9730 50 2518
11095 0 12
10544 3 152
11071 280 14029
12545 12 618
11235 6 328
11965 75 3768
11709 128 6446
10687 156 7838
8701 217 10884
10906 181 9070
11186 152 7607
9653 272 13646
8668 47 2391
11537 49 2494
13587 48 2422
8860 70 3502
12020 18 930
10924 79 3964
9597 512 25642
9533 226 11343
9065 113 5691
12036 39 1959
9656 183 9192
8977 4 220
11094 167 8364
11631 280 14016
11927 127 6372
11637 158 7903
9240 51 2592
9620 306 15322
9503 133 6692
11684 3 200
8762 286 14318
11831 41 2100
9239 77 3857
11601 97 4880
10714 68 3444
8455 45 2300
9394 253 12679
10574 117 5899
10727 183 9193
13540 111 5551
8620 66 3343
12533 49 2499
10786 113 5671
11514 24 1209
8742 90 4536
10800 221 11054
8964 140 7044
11543 103 5177
11707 18 943
11776 14 747
9049 17 851
10478 23 1178
8918 51 2575
10540 37 1865
13563 6 309
11120 154 7728
13660 98 4940
12540 105 5275
12083 119 5973
10479 17 862
10781 88 4421
10434 47 2377
11574 55 2772
9640 84 4226
10580 76 3801
10756 187 9352
12418 9 457
8454 25 1283
9024 135 6753
9542 142 7106
8469 37 1878
10771 43 2167
9087 26 1317
9608 105 5255
9002 293 14684
11998 183 9170
8514 89 4488
10781 88 4421
10735 260 13021
9072 74 3703
12505 135 6771
13674 49 2467
13582 45 2264
11553 61 3083
12514 62 3102
12495 90 4536
11832 24 1214
9245 135 6751
9545 56 2842
11807 13 670
9612 31 1563
8700 171 8571
11574 9 484
10858 154 7746
9225 201 10094
12139 136 6820
13621 77 3870
10667 50 2545
12032 19 973
12046 61 3061
9432 3 176
9681 64 3227
9608 62 3110
11936 16 812
10569 46 2320
12054 56 2834
11881 90 4519
12139 136 6820
11974 114 5739
9144 78 3935
11926 66 3346
9640 84 4226
12070 350 17504
13691 74 3750
9037 183 9158
8878 40 2012
11842 77 3892
10668 313 15676
8894 145 7284
11095 0 12
9639 238 11916
11909 169 8461
9564 517 25895
10484 122 6123
12039 372 18626
10803 49 2498
10791 57 2886
12137 130 6511
8682 14 716
12506 132 6604
13660 77 3866
9628 21 1099
12080 182 9144
11858 35 1751
11720 6 334
11872 57 2868
9033 312 15647
12449 240 12005
10640 25 1282
9410 83 4196
10654 214 10735
9321 51 2564
8936 63 3168
11766 110 5517
11154 30 1544
11235 6 328
11879 139 6954
9727 80 4008
13461 12 636
8578 16 849
10634 316 15845
13639 87 4363
10689 42 2125
12056 320 16029
9726 273 13693
8468 23 1161
11603 16 831
13476 56 2812
10745 294 14725
9344 252 12604
11631 66 3325
12075 267 13376
8915 74 3727
10937 45 2260
10432 300 15015
9001 101 5086
9310 22 1120
13471 18 930
9572 43 2179
11786 97 4874
9243 77 3900
9694 163 8190
8700 219 10996
13660 27 1384
9628 43 2190
11728 131 6593
9065 113 5691
12533 73 3674
11504 34 1744
10897 122 6108
8802 7 370
8467 28 1410
10833 158 7950
10725 123 6197
10562 79 3968
13651 85 4253
10837 248 12441
11926 127 6384
9437 43 2198
9289 319 15992
8455 45 2300
11604 105 5282
11506 97 4872
8562 91 4596
9068 283 14189
9559 80 4044
9527 36 1827
11943 133 6679
12066 121 6100
11094 186 9337
12503 31 1588
12145 165 8274
9404 39 1957
11283 63 3152
11665 80 4035
13691 142 7114
13527 15 783
11134 23 1188
10700 283 14182
13637 13 698
11869 301 15070
10660 163 8151
9494 113 5692
8537 338 16924
11539 10 538
9437 63 3163
9563 451 22576
13465 81 4053
9529 234 11740
9679 149 7499
9482 229 11474
11667 18 919
12497 165 8263
12486 194 9741
11570 30 1523
9562 179 8982
10772 325 16293
9515 70 3531
10584 99 5000
11512 32 1629
11904 71 3570
9346 32 1623
11989 77 3871
11726 170 8534
11665 135 6776
11582 24 1237
9467 268 13410
9479 194 9703
9617 125 6290
13527 3 169
9049 15 789
11537 126 6304
9096 330 16502
12485 73 3683
12529 90 4540
10931 108 5419
9001 5 259
11508 142 7144
10505 75 3753
12517 248 12436
10486 56 2819
12533 73 3674
11780 106 5313
12514 68 3405
11492 28 1429
11973 29 1459
9515 114 5717
10901 17 862
10761 172 8636
12086 68 3424
11187 147 7357
8915 73 3651
9511 443 22197
10689 64 3217
11965 112 5642
10382 29 1460
10741 2 146
11081 1 78
10307 155 7776
10493 111 5561
9063 282 14124
9445 69 3480
8905 190 9521
11029 37 1864
11685 117 5864
10924 120 6002
9479 192 9626
13689 117 5884
8943 53 2697
11271 18 933
11762 163 8167
9524 3 163
12005 99 4955
11197 27 1385
9593 41 2076
11068 56 2846
11664 64 3237
12480 122 6107
8538 46 2347
12451 74 3736
11119 280 14027
10355 57 2894
11742 196 9820
9473 75 3798
9576 413 20668
10480 165 8259
11931 17 861
9564 517 25895
13668 55 2796
8806 93 4665
12068 158 7926
12042 62 3108
11512 28 1444
9479 214 10737
12052 18 937
8739 44 2212
11515 28 1406
11814 29 1478
11150 146 7315
9694 164 8244
8776 130 6549
13658 42 2148
8771 8 440
9346 35 1760
13665 19 988
11520 115 5758
13616 100 5004
9587 573 28651
8769 268 13416
10959 59 2969
10521 21 1091
8764 64 3205
9556 24 1232
13453 10 505
10712 287 14389
11186 103 5172
8964 111 5553
11064 176 8805
10743 134 6729
9668 84 4223
10490 176 8805
9356 14 741
9226 99 4962
10756 298 14934
13616 326 16342
12369 6 334
11495 17 858
11786 172 8632
10974 139 6989
11842 51 2590
9529 584 29209
10747 59 2987
9684 93 4670
13491 99 4978
11027 186 9305
9232 6 326
11639 53 2697
9472 51 2573
11929 141 7053
13552 49 2485
11854 75 3789
11606 313 15663
13542 47 2397
13583 54 2750
9602 35 1800
11644 140 7023
11927 162 8111
10523 20 1032
10521 22 1148
13637 18 935
9679 149 7451
10484 18 915
13661 116 5848
11494 39 1977
10869 32 1649
10929 44 2222
8991 6 344
9245 345 17267
8908 16 801
11614 30 1547
11213 16 803
9344 115 5794
9079 42 2124
11215 72 3624
8446 214 10749
11787 81 4078
12364 123 6158
10490 156 7833
9536 34 1740
11187 131 6599
11108 70 3504
11769 117 5887
10959 79 3955
10389 33 1671
10648 145 7289
8789 87 4387
9669 78 3924
9597 360 18019
11998 142 7131
9480 72 3622
11278 98 4948
12083 356 17813
8538 126 6303
9500 179 8992
12545 132 6644
12554 71 3588
11081 11 566
10574 65 3296
11494 24 1230
12485 73 3665
11519 155 7792
11672 77 3891
8427 61 3051
10766 93 4683
9525 38 1935
10861 123 6168
8856 9 490
13660 81 4072
11091 18 912
8529 29 1477
13616 337 16885
13675 5 287
11762 175 8789
9002 36 1804
11094 42 2150
11187 320 16008
12015 5 285
11203 16 847
11815 175 8783
11290 248 12448
12379 75 3799
10724 168 8404
9689 313 15651
11025 110 5506
9653 147 7376
11807 32 1620
8701 158 7903
8903 38 1915
13661 1 87
9586 325 16295
10741 2 145
11045 128 6409
9669 301 15074
12039 278 13943
13629 194 9711
9292 16 834
12462 0 14
9603 562 28101
8794 91 4585
9765 82 4144
9730 59 2988
11745 99 4956
12137 99 4957
11842 178 8934
13503 172 8626
12558 73 3673
9207 68 3420
12495 229 11479
12366 0 22
9575 8 431
11559 63 3151
10972 18 914
12057 37 1863
13537 10 513
13676 27 1393
13617 234 11748
12025 35 1757
11879 323 16191
10599 129 6483
8906 88 4419
9538 447 22382
10371 11 572
8648 272 13619
11508 144 7243
12000 85 4276
11593 118 5933
10743 134 6721
11756 213 10675
9515 511 25600
11865 17 883
9499 421 21095
8467 145 7254
12541 10 513
9196 166 8331
13661 10 503
11947 41 2092
9706 15 789
10491 126 6307
10520 117 5865
12006 40 2011
8666 335 16794
12454 19 954
12039 176 8808
11278 322 16146
9656 246 12310
11119 22 1141
12075 128 6426
11713 212 10636
11551 31 1595
11793 221 11078
11514 24 1232
10760 144 7214
10929 45 2288
12565 10 536
9030 15 772
11201 20 1031
12368 6 327
9432 32 1645
10584 99 4995
9637 276 13803
11177 35 1767
8711 79 3985
13617 40 2014
10768 59 2985
12480 54 2746
11604 61 3090
12368 6 349
9519 235 11779
11066 191 9555
10921 229 11477
10696 139 6978
9432 16 839
10719 48 2405
9524 5 272
9717 65 3267
8520 50 2517
9468 3 182
11283 112 5615
8538 111 5586
11914 80 4014
11761 91 4565
9567 276 13830
11726 283 14171
8626 44 2241
9348 226 11342
12331 2 114
11064 128 6422
10597 60 3030
9410 18 949
10599 130 6539
12380 75 3772
8476 4 218
12504 171 8579
12075 129 6452
12066 194 9709
9446 124 6202
10603 39 1977
9529 229 11499
11915 239 11959
9277 121 6097
9238 2 132
12127 3 200
13593 46 2330
13624 11 594
10692 50 2504
12025 123 6170
9668 117 5883
8888 114 5710
9446 127 6396
8931 132 6613
9037 62 3124
9072 8 410
8514 27 1385
9576 412 20638
9727 79 3987
12083 308 15415
11726 170 8534
9445 122 6112
11544 36 1819
12039 8 417
13565 107 5359
12497 274 13723
9338 26 1343
12036 72 3604
12015 5 285
8578 198 9927
10761 0 34
9240 45 2296
10897 44 2222
10307 79 3968
11291 247 12397
11759 39 1985
12006 64 3242
11553 16 847
12066 25 1293
10828 4 226
10569 119 5973
11604 105 5282
10432 301 15087
11278 121 6099
10610 69 3500
12418 59 2989
9656 183 9184
8697 140 7022
11854 38 1932
10747 191 9579
8538 111 5594
12061 94 4739
10680 117 5894
10994 21 1093
9576 412 20638
13645 28 1413
12004 123 6187
11091 111 5576
8529 218 10949
8529 200 10046
9290 135 6786
8578 198 9903
11617 125 6268
11064 128 6428
10545 61 3069
9434 47 2397
8448 113 5693
9442 104 5218
9090 218 10915
11589 198 9944
9741 7 388
8771 7 386
10634 31 1554
12534 36 1849
10855 17 889
12057 97 4897
11854 75 3789
10610 70 3546
9295 7 384
11030 59 2964
12533 9 458
8917 319 15951
9349 162 8126
10450 8 446
9289 233 11692
9041 15 764
11970 92 4614
11756 187 9379
11974 154 7723
10475 111 5560
11998 368 18430
12422 78 3913
11745 2 146
10713 5 283
9470 234 11712
11664 84 4229
12072 9 493
10843 94 4749
9563 539 26994
9486 169 8460
9338 26 1343
10687 152 7613
11756 118 5919
8888 114 5714
10990 8 425
8894 86 4310
12034 87 4362
9063 187 9388
11086 117 5857
12052 48 2413
11786 172 8650
8917 319 15977
9608 104 5204
11564 52 2634
11698 82 4124
10563 60 3002
10972 17 893
13691 131 6565
12543 297 14870
13691 142 7124
11833 79 3973
11721 118 5947
8460 24 1232
12094 10 549
9246 9 464
11591 3 182
12485 76 3822
10837 247 12393
9060 73 3682
10696 78 3931
12482 31 1560
8460 24 1247
10795 143 7180
11639 18 946
11759 229 11496
9709 57 2896
10800 5 271
13687 102 5144
10765 30 1518
12086 9 499
9724 21 1077
11282 2 102
10590 68 3431
11086 268 13402
10696 199 9969
9582 10 529
10558 105 5300
13638 217 10879
11286 91 4563
11507 82 4124
11619 177 8887
10803 284 14230
8771 8 440
11524 151 7551
12529 92 4615
11291 23 1163
11684 46 2347
10846 200 10026
11094 225 11270
10581 36 1822
10371 4 210
12006 12 626
11990 28 1411
10442 159 7959
10906 181 9055
13558 13 662
13688 193 9668
12505 94 4742
12485 156 7807
13638 172 8638
11675 175 8775
12011 6 304
13638 268 13427
8697 218 10929
13587 48 2415
9563 388 19436
10667 39 1994
11830 300 15040
13647 15 787
9669 274 13737
9063 39 1951
9238 31 1566
13676 101 5099
11187 83 4190
11809 24 1243
13687 152 7626
11848 284 14242
8914 74 3750
9217 114 5742
12002 141 7059
11553 143 7167
11531 116 5847
11581 85 4267
9472 256 12838
9482 229 11453
10654 108 5441
9656 158 7942
11094 59 2994
11134 134 6704
11800 2 118
9324 61 3095
12025 149 7467
9289 358 17925
10725 303 15157
11029 36 1807
11879 162 8131
10972 17 900
10648 24 1221
10800 221 11065
8746 199 9958
11786 227 11372
9511 623 31171
12436 38 1940
12009 28 1404
13630 46 2317
11091 204 10228
11119 262 13113
8789 85 4271
9602 52 2607
11646 80 4002
13509 79 3990
10595 122 6127
12382 19 960
8460 30 1520
9516 364 18231
12442 12 615
12514 139 6997
9529 208 10447
11707 18 938
12070 199 9979
11904 71 3559
9658 54 2745
12543 284 14230
10583 49 2454
10855 17 889
11844 169 8457
11745 2 139
10727 184 9246
8783 27 1372
9225 27 1380
10610 68 3421
8695 60 3026
9297 318 15904
9146 27 1383
11836 73 3661
8646 32 1624
9295 24 1231
11029 38 1936
13460 48 2402
11780 115 5763
9205 241 12082
11646 30 1516
10505 111 5574
8708 103 5177
8990 41 2099
11546 21 1088
11094 60 3003
10501 197 9880
11869 24 1241
10906 181 9065
10665 54 2735
11559 45 2280
11108 39 1967
11756 270 13528
9620 306 15306
9500 587 29365
11846 53 2698
13639 62 3141
12083 119 5960
8742 223 11169
9090 222 11108
9470 323 16189
11619 104 5250
11111 110 5550
9567 97 4871
8857 152 7631
8690 117 5852
13503 99 4991
10520 117 5892
9002 293 14669
10929 45 2258
10665 80 4020
12368 54 2710
8776 132 6645
9001 89 4458
9619 80 4014
11646 30 1516
8458 20 1021
9564 376 18829
10922 86 4317
8975 62 3134
11086 268 13436
9345 47 2355
13693 33 1690
8708 134 6707
9650 319 15958
10952 256 12828
11550 219 10968
13583 159 7955
11551 105 5280
11172 97 4866
13476 45 2290
8762 286 14318
10892 74 3705
9422 13 665
12497 165 8263
8460 135 6799
10680 120 6030
10928 143 7170
10711 62 3113
8959 230 11548
10781 86 4348
10727 92 4648
12071 33 1665
10473 46 2332
11619 104 5250
9527 256 12830
8878 41 2084
8943 63 3152
11815 267 13390
10921 52 2641
12039 372 18635
11291 287 14379
11820 98 4932
9542 146 7331
11911 33 1699
12508 386 19306
8935 288 14416
8855 20 1001
11120 35 1760
12062 83 4195
12442 98 4944
11290 153 7687
9470 293 14685
8538 5 261
10747 141 7061
10696 139 6978
10441 322 16107
11149 131 6580
12480 116 5850
9464 129 6491
13662 16 819
11168 108 5415
11766 269 13480
13568 104 5203
11833 256 12802
10843 77 3893
9481 171 8590
9329 127 6378
12108 66 3348
10439 137 6895
11644 65 3291
11893 51 2560
11913 185 9296
13678 207 10366
11172 58 2935
10771 194 9737
9717 225 11286
13618 94 4722
9656 183 9192
12554 71 3588
12057 22 1101
13671 77 3867
8650 3 153
10719 66 3310
13662 12 610
12039 343 17152
11976 178 8929
11535 58 2909
9044 27 1372
10516 37 1861
9694 15 800
9049 134 6737
12541 85 4284
10489 25 1256
12137 27 1352
9563 319 16000
8626 93 4655
9063 282 14147
10574 347 17355
10906 227 11357
10523 10 541
8504 39 1952
11974 45 2271
9546 66 3314
13638 77 3865
13467 198 9926
9024 114 5741
10714 106 5348
8589 199 9977
8799 77 3863
12565 24 1209
9439 108 5406
11291 97 4856
11243 64 3233
9675 111 5583
8490 23 1196
12529 191 9551
11198 78 3930
11041 16 825
12401 22 1112
8907 127 6356
13582 55 2780
8690 57 2868
10714 106 5348
8465 275 13789
10725 105 5263
11619 176 8804
10757 133 6682
8700 231 11585
8810 65 3281
12561 226 11313
12056 187 9387
10634 313 15680
12075 45 2267
12506 109 5474
11614 26 1320
10865 16 833
8975 126 6306
12451 34 1710
11680 113 5672
9531 393 19668
13476 45 2253
11851 2 114
9410 83 4197
11665 61 3063
12071 37 1887
12013 0 32
11139 94 4739
9188 140 7009
10974 104 5214
9480 69 3482
12146 20 1018
11603 16 831
12091 207 10388
11090 179 8990
11271 15 758
9297 334 16716
13468 16 820
11553 56 2807
11071 195 9784
10669 86 4328
10563 104 5223
12054 100 5032
12495 103 5163
11169 225 11267
8908 362 18108
12380 10 550
10371 4 214
12503 31 1584
10508 9 453
12069 30 1547
11766 175 8773
12046 30 1519
10475 22 1131
10959 79 3999
12449 73 3698
9065 26 1324
13503 159 7974
9505 18 903
11927 270 13547
8927 71 3562
11546 154 7730
12083 84 4218
11494 220 11006
9479 214 10737
10847 14 712
10520 144 7250
11619 142 7127
13573 7 355
11678 313 15666
12442 212 10646
10680 117 5868
8460 110 5509
9726 126 6313
11726 117 5864
12054 148 7404
9064 291 14555
10606 16 849
9637 203 10168
9620 216 10808
10688 94 4736
10591 78 3911
9410 17 872
12073 199 9960
11745 275 13791
10897 67 3366
11844 4 213
11953 65 3286
10584 296 14805
11800 56 2815
12008 13 688
8799 78 3922
12497 165 8272
8680 226 11316
11095 272 13626
10574 117 5899
8857 152 7631
9366 338 16905
12108 41 2082
10538 213 10694
13656 11 579
8971 246 12349
12108 41 2054
9226 81 4070
11120 141 7061
9563 493 24696
13588 20 1028
11290 233 11692
12041 67 3378
9556 24 1237
10521 231 11552
9427 167 8372
9386 321 16091
10803 231 11560
12053 5 270
9500 583 29154
12137 82 4124
13678 137 6867
8994 177 8891
13642 52 2623
13643 3 152
8771 7 386
11866 94 4746
10849 205 10287
13617 11 600
10959 79 3955
10732 36 1823
8994 180 9043
10475 21 1069
8650 50 2548
9668 117 5872
10688 13 682
13630 42 2101
9526 328 16428
11674 66 3314
10687 134 6706
10841 87 4392
11973 152 7627
10530 15 782
12418 38 1935
11182 176 8820
10905 3 169
9560 141 7073
11025 111 5598
9379 44 2216
12508 169 8479
11086 258 12909
8538 9 452
10704 260 13025
9546 247 12354
8914 75 3794
12533 73 3662
10791 56 2828
9090 61 3056
10994 22 1119
8908 2 120
11820 98 4948
11150 44 2213
13652 24 1242
13474 5 275
13691 131 6555
12077 0 50
11776 25 1291
11119 297 14877
11505 14 724
8782 28 1427
12504 112 5615
13674 49 2467
10714 100 5033
8971 60 3043
12543 297 14870
11081 11 566
12091 395 19782
10680 72 3635
13491 7 363
11283 63 3173
9542 212 10650
13687 6 330
12364 19 955
10668 313 15676
12080 150 7531
11927 189 9496
13510 8 407
11678 79 3973
12480 31 1590
13651 181 9098
8806 21 1068
9679 133 6651
9249 254 12714
11787 161 8082
9704 80 4018
9215 203 10195
8468 23 1161
10563 63 3190
13671 186 9321
9683 35 1779
8431 16 850
11504 77 3887
8899 89 4490
9226 98 4909
11545 106 5349
12418 38 1915
9194 98 4911
8562 91 4590
13671 77 3883
10381 6 314
8658 2 145
10818 40 2040
10601 89 4468
8711 77 3857
11237 12 609
9654 84 4249
12442 36 1814
9637 281 14060
9297 243 12151
9470 237 11868
13491 11 595
11721 74 3741
11626 1 69
11961 35 1787
10747 140 7001
13544 27 1371
9095 224 11250
11934 231 11580
10762 117 5855
9370 76 3835
10657 217 10889
8549 110 5521
8471 30 1515
12561 171 8560
13536 111 5573
11972 60 3045
10923 137 6866
12374 186 9314
13623 50 2536
8762 256 12831
11559 45 2252
10841 82 4111
11976 394 19723
13674 226 11313
10918 9 486
11998 142 7131
11906 286 14315
9379 46 2338
11071 1 58
10929 45 2258
9504 31 1583
12000 86 4350
13660 81 4056
12077 11 591
13624 37 1877
11182 47 2375
9065 33 1667
13647 15 799
10675 207 10354
13487 32 1640
11854 59 2977
11087 6 301
10436 273 13700
11815 203 10189
10432 292 14639
9434 315 15760
9562 236 11808
11027 265 13293
8996 185 9256
10843 95 4792
13619 111 5579
12506 40 2037
9563 508 25450
13687 152 7626
9579 283 14193
8616 166 8306
9668 103 5188
10938 188 9422
9603 271 13553
10355 132 6614
12496 62 3150
11715 107 5379
8783 29 1473
10668 308 15407
10444 33 1700
13661 10 503
9225 29 1494
11169 9 471
11762 253 12688
9297 221 11052
8700 176 8813
9563 541 27058
13635 1 53
9704 355 17771
10693 231 11586
13661 116 5827
8537 262 13132
11630 181 9069
10517 37 1871
12071 240 12013
9500 512 25630
9432 32 1645
8894 146 7327
13662 8 431
8709 18 934
11965 75 3766
10562 215 10759
8680 228 11408
13621 10 531
9618 81 4079
12533 53 2658
9064 18 913
10848 178 8925
8742 70 3527
11715 53 2692
10784 96 4812
10713 7 393
8960 12 606
11832 181 9085
8920 37 1871
10648 32 1642
9603 286 14331
9494 39 1956
