14824 311 15588
14427 8 426
15323 69 3475
16227 186 9349
17237 438 21902
17447 52 2649
15517 135 6792
17459 214 10723
15466 87 4388
17090 51 2589
14654 16 843
14880 54 2740
15554 160 8012
17226 62 3114
15099 2 133
14662 106 5333
16134 352 17646
17427 11 562
14223 49 2456
17334 189 9453
14556 210 10521
14956 152 7610
14338 266 13309
15530 25 1266
14564 24 1224
16112 167 8399
15641 1 77
14787 40 2046
15266 42 2133
14356 282 14124
17152 59 2987
15097 59 2991
15234 72 3645
15500 20 1030
15589 93 4670
15774 175 8752
14893 102 5109
15463 6 301
15233 14 746
15797 30 1524
15446 74 3737
17019 85 4259
17372 110 5502
14779 143 7180
14270 54 2714
16594 4 220
17057 83 4194
17100 114 5711
14185 32 1619
15479 3 179
15862 245 12282
17114 101 5082
17560 82 4140
17352 164 8210
17324 92 4626
15783 260 13010
17239 4 221
14789 88 4449
14277 112 5608
14537 9 476
15697 21 1092
14607 182 9150
15249 44 2247
15701 276 13812
14152 172 8614
14807 221 11081
14148 17 856
14934 179 8952
14152 237 11874
14763 6 343
16118 124 6202
16923 77 3886
17305 7 369
15436 342 17144
14458 8 410
16096 58 2917
14917 51 2551
14870 296 14823
17248 258 12949
14893 209 10464
15153 20 1047
17497 105 5296
14459 34 1743
17333 47 2394
17513 0 28
15243 20 1050
14609 186 9313
17372 43 2194
17426 27 1365
14707 14 708
15309 38 1908
15242 164 8205
15862 279 13989
15893 50 2544
15474 81 4074
14223 45 2292
15246 152 7632
17333 186 9337
16738 220 11044
15392 107 5352
15118 131 6555
17100 84 4245
14131 16 837
17535 31 1564
16188 157 7882
17110 33 1670
15334 13 669
14580 28 1421
16089 97 4873
15504 66 3312
16831 7 396
17106 24 1217
17415 215 10753
17494 142 7139
17208 55 2752
17522 88 4426
17044 108 5428
15471 22 1115
17482 165 8293
15267 145 7265
14446 13 677
17245 27 1394
16188 200 10023
15297 275 13778
16734 69 3452
15422 70 3515
17361 255 12751
17210 40 2035
15940 226 11306
15676 16 821
14926 79 3998
14150 63 3171
15296 133 6653
14428 82 4110
15828 264 13209
17141 36 1810
14195 16 812
14886 141 7090
14157 126 6306
16878 196 9810
16096 58 2917
14183 17 888
14876 67 3398
14270 54 2714
14453 196 9850
16916 25 1289
16952 132 6632
15223 48 2413
15701 271 13588
16921 36 1812
14634 52 2615
17408 64 3211
16552 102 5137
15251 167 8370
14770 297 14879
15933 42 2118
15500 101 5073
15639 78 3931
14475 35 1760
15161 159 7953
14891 130 6501
16006 96 4817
14643 72 3618
16172 211 10591
14537 94 4743
15383 254 12733
14598 32 1624
16374 3 198
15456 178 8943
14824 260 13039
17398 152 7633
14458 138 6907
15073 82 4123
17461 6 338
17383 140 7045
16525 104 5208
16113 75 3767
15433 48 2420
16527 95 4780
15901 267 13351
15592 27 1352
14223 177 8871
17444 9 458
14936 35 1759
15783 348 17406
17361 146 7303
17488 176 8808
17141 36 1810
15442 39 1987
14793 115 5751
14741 33 1680
17159 47 2356
15145 312 15642
14280 19 962
15800 274 13749
14270 215 10753
15231 109 5474
17559 78 3950
14136 45 2291
17334 26 1302
15115 138 6921
15528 0 5
16889 24 1250
17274 15 776
16386 27 1353
14893 209 10464
14542 181 9084
17396 23 1179
17036 301 15068
14464 106 5334
17112 139 6954
14410 175 8771
16281 226 11324
14396 66 3304
17358 22 1124
14553 223 11169
15479 290 14539
16676 128 6441
16906 18 945
17246 5 272
17055 313 15686
14886 105 5270
15286 136 6801
15901 301 15069
14464 180 9013
15870 212 10602
14283 72 3633
14423 6 334
14904 20 1031
15225 35 1792
15153 63 3169
17165 101 5093
17248 358 17929
15639 2 103
15010 6 312
15909 25 1270
16288 116 5837
16562 9 494
16978 441 22078
15161 106 5336
17275 2 114
14585 17 890
17388 41 2087
17561 70 3546
15124 1 68
14172 35 1752
15426 72 3630
14801 179 8972
14942 42 2129
15948 84 4224
17081 8 432
14410 32 1606
14707 17 899
14298 44 2217
15828 44 2233
14367 181 9074
14902 104 5244
17250 31 1586
15822 0 35
15834 113 5679
17205 218 10936
16141 122 6117
15330 9 464
14271 219 10999
14937 9 489
15457 51 2554
14673 40 2021
14243 59 2954
17326 16 803
15228 7 387
15634 22 1105
15155 9 485
14539 73 3678
16072 24 1246
17073 12 622
17349 24 1231
16137 50 2549
16849 69 3494
16916 25 1289
15451 50 2539
16038 198 9933
14976 16 821
15773 15 774
17364 71 3557
16150 352 17610
14347 14 727
17457 157 7852
15783 257 12893
16679 101 5063
14779 139 6952
15794 219 10959
17248 290 14530
17198 26 1302
15528 318 15908
17143 8 437
15916 227 11372
16424 267 13381
14707 17 899
15397 5 266
14453 135 6786
17043 48 2408
15353 45 2283
16492 25 1263
14142 15 798
14418 183 9186
17415 257 12899
15774 90 4525
14884 146 7322
15792 44 2243
14259 273 13700
14878 153 7671
15153 18 908
14368 224 11204
14957 45 2257
15473 147 7381
17267 91 4570
15323 9 496
16071 91 4585
15328 206 10349
17195 17 874
16848 18 932
16172 101 5088
14824 253 12683
14907 7 394
17029 203 10155
15491 53 2689
15182 147 7361
15386 55 2768
15639 78 3931
16527 95 4780
14376 58 2925
14338 12 603
15149 118 5942
15665 1 74
15301 41 2087
16923 181 9089
14557 65 3272
15101 55 2769
15262 84 4221
16711 147 7351
17126 156 7801
15057 1 74
14467 286 14339
17426 27 1365
16858 31 1567
14785 69 3454
14907 14 711
16188 28 1413
15348 242 12112
15246 63 3197
14654 169 8464
14369 163 8162
15927 217 10881
14475 11 597
14368 276 13840
15114 31 1557
17414 137 6869
14912 2 121
17218 31 1592
14381 28 1409
15927 343 17157
15894 13 682
15834 6 339
15640 233 11682
14553 52 2617
14976 147 7367
16741 412 20634
16310 138 6946
15383 35 1798
17400 139 6967
17364 111 5558
14537 9 476
15479 78 3903
17397 113 5693
15799 61 3081
15302 31 1584
14425 99 4968
17226 62 3114
17304 44 2216
14384 6 327
16138 33 1675
15479 299 14972
15592 58 2913
14948 262 13136
15138 29 1478
17361 126 6302
17559 1 69
17449 17 886
15774 348 17448
14191 40 2007
17383 201 10070
17449 7 386
15863 26 1334
14603 112 5635
15289 1 95
17219 1 51
15589 188 9422
14641 78 3932
17270 71 3596
17204 123 6185
15593 198 9950
16978 75 3779
14990 113 5651
15862 130 6503
14610 197 9853
14550 111 5562
14583 17 865
14611 205 10285
16340 239 11983
17361 362 18148
14760 192 9626
17114 69 3490
14623 144 7230
15013 120 6039
15924 3 166
14793 155 7775
15335 233 11697
14768 146 7327
14914 301 15069
15904 25 1296
14955 87 4376
14368 281 14081
15013 221 11053
15482 47 2361
17092 20 1002
14471 0 26
14873 307 15393
15430 82 4138
14121 156 7850
15780 111 5579
15154 181 9089
17156 82 4149
14912 159 7993
15923 344 17222
15862 241 12092
15432 29 1461
17248 324 16248
14542 171 8564
14801 194 9721
17116 0 2
14376 225 11277
14758 65 3284
14899 124 6240
15456 119 5970
14634 52 2614
17228 42 2114
15403 23 1165
17338 87 4399
17196 40 2032
15882 103 5160
17469 43 2187
14921 39 1959
14968 122 6102
17208 231 11582
17396 23 1179
16906 18 912
14911 166 8337
15449 100 5040
17087 123 6188
17407 155 7789
17095 41 2082
17055 148 7448
15491 167 8353
15323 69 3494
14934 179 8952
16114 35 1780
14535 50 2503
15603 71 3598
14450 242 12143
14553 52 2617
15479 247 12386
15844 5 287
14831 168 8421
15243 107 5356
14559 295 14781
17132 367 18391
14191 231 11588
14965 155 7760
14903 62 3123
16230 60 3038
15593 198 9950
17352 55 2781
17309 142 7111
16110 9 492
17152 78 3927
14432 8 436
15403 80 4021
15656 58 2906
14257 43 2184
14488 7 369
14880 21 1074
14475 27 1358
16499 96 4814
15933 135 6765
17219 32 1608
14537 9 476
15603 143 7179
14376 92 4634
17128 101 5099
17267 35 1764
15639 106 5336
15677 191 9581
15228 148 7407
14220 26 1315
15412 193 9663
15822 18 943
15639 2 103
15722 68 3406
17073 101 5084
14436 20 1002
17545 51 2579
15824 26 1322
14653 71 3556
17195 153 7679
14558 170 8505
17420 3 152
14904 25 1251
15429 55 2796
16171 18 902
15334 15 799
17073 8 442
14153 74 3728
15482 47 2361
14647 6 339
14607 306 15334
15073 9 488
16079 24 1215
16122 126 6326
14206 22 1127
17324 107 5388
16322 11 585
16878 196 9810
17407 137 6877
16552 17 899
15762 225 11259
14358 93 4659
15031 28 1411
16196 187 9398
17333 20 1045
15348 292 14630
14438 23 1176
16196 111 5598
15160 194 9730
15910 259 12978
17274 15 776
16262 20 1035
15783 84 4233
14793 124 6207
17394 176 8817
16962 31 1593
14749 285 14264
16433 27 1391
15355 26 1307
14298 79 3969
14824 311 15588
15673 24 1248
15463 8 416
15801 445 22260
17383 122 6136
15450 239 11976
14768 5 256
14452 1 87
17068 22 1113
15153 76 3837
14372 102 5142
17341 93 4654
17174 25 1262
14909 31 1563
15436 201 10072
17495 152 7649
15656 96 4822
15061 120 6011
16960 157 7899
14625 43 2184
16472 127 6367
17196 7 393
16109 96 4809
15386 61 3059
16424 267 13381
16346 38 1947
16802 207 10378
15528 62 3117
15923 104 5215
15494 30 1521
16076 147 7363
15428 141 7067
17453 41 2071
15500 20 1030
16094 522 26118
14634 5 279
17492 50 2509
16081 103 5191
16219 306 15310
15386 29 1470
14729 192 9610
15797 30 1524
14445 38 1943
14828 129 6477
15318 74 3713
14526 137 6856
15589 353 17698
17119 102 5106
15902 23 1156
15322 44 2212
15362 52 2650
14548 198 9944
14363 243 12151
14219 77 3862
15915 432 21603
14654 34 1743
16220 22 1139
17137 35 1751
16158 325 16275
14968 37 1900
15808 34 1739
15254 22 1126
14219 77 3862
15917 489 24478
15870 270 13517
16148 119 5985
15464 208 10438
15639 108 5417
14516 116 5806
17457 157 7852
17140 140 7031
17073 8 442
16948 54 2707
15486 292 14650
17248 290 14531
17400 12 613
15457 201 10071
15436 194 9708
17087 332 16620
16499 317 15872
15172 61 3093
14368 186 9330
17212 39 1977
15122 194 9705
14584 16 832
14580 43 2153
17482 50 2525
16489 174 8708
15589 46 2349
15154 282 14118
15433 138 6927
16411 206 10335
15771 18 923
15800 206 10349
16446 169 8455
14290 53 2699
15102 58 2927
16179 44 2247
14546 71 3590
15640 13 651
15417 21 1061
14970 94 4733
14243 95 4752
15862 119 5987
15689 138 6920
14218 133 6671
15065 38 1904
14535 103 5190
14338 1 53
15377 30 1519
15376 7 393
17534 8 429
15111 28 1443
14122 185 9293
15103 157 7871
16738 215 10767
17118 20 1043
14758 169 8453
17395 23 1157
15335 248 12438
17070 146 7315
17030 144 7246
17251 68 3426
15147 66 3329
14874 62 3145
17364 71 3557
16499 145 7260
14934 179 8952
14727 95 4791
15308 120 6036
15181 3 165
14467 14 731
17129 35 1774
14976 0 4
15116 91 4554
14877 13 654
14626 15 792
17457 124 6226
17508 71 3551
16426 5 268
15762 294 14730
15166 139 6963
15920 28 1419
15915 430 21509
17208 249 12455
14812 208 10437
14220 26 1315
14609 88 4450
15392 104 5225
15590 130 6524
14545 29 1478
16731 17 876
15504 35 1770
14313 270 13535
15115 0 45
16148 119 5985
14590 124 6239
14802 172 8639
15330 20 1045
14789 88 4449
16147 395 19780
15462 131 6558
17109 28 1415
17030 39 1998
15907 110 5544
15479 126 6338
17280 1 63
17447 153 7654
15715 64 3241
14771 225 11269
15466 250 12550
15308 4 215
14223 204 10203
17229 18 933
14392 185 9281
14878 84 4228
15264 27 1372
14831 151 7589
16066 42 2120
15222 63 3184
17199 135 6784
15589 109 5456
17308 153 7675
14706 28 1422
15463 313 15665
17168 28 1409
15402 35 1789
14734 127 6393
16073 131 6571
14546 179 8958
14880 114 5739
17316 20 1016
15710 39 1965
15348 81 4096
15115 0 45
16738 220 11044
16052 285 14276
14418 129 6451
15656 35 1752
15782 17 863
17556 65 3269
14548 135 6793
15222 63 3184
15319 13 672
14642 111 5555
14916 98 4920
17339 218 10910
15153 9 486
17371 163 8177
14664 117 5887
17361 284 14218
15154 251 12561
16301 179 8986
16310 315 15777
17156 82 4107
14173 15 775
16119 21 1096
14652 262 13125
15129 21 1077
15160 307 15362
14545 33 1697
15919 22 1111
14181 5 280
14316 5 271
14991 82 4145
14152 135 6755
15330 20 1045
14174 78 3937
17139 263 13176
14276 38 1939
14438 290 14521
15410 138 6922
14368 24 1233
14227 124 6219
17563 34 1739
14807 98 4901
17469 14 731
15913 36 1807
14396 42 2135
17073 159 7952
15780 170 8511
15415 328 16403
14712 232 11630
14920 32 1606
15774 90 4525
14807 25 1280
17198 34 1742
14828 166 8341
16118 58 2937
14513 0 49
14281 167 8358
17156 44 2221
15123 24 1209
17170 36 1811
15862 130 6503
17251 166 8346
16339 230 11550
17398 192 9608
16464 35 1787
14831 168 8421
14191 40 2007
15432 29 1461
16305 34 1740
15669 23 1176
17471 93 4681
15109 9 457
15161 135 6752
14911 109 5475
17344 102 5108
17073 147 7356
15762 187 9358
16835 5 279
14392 136 6810
17524 130 6539
17427 11 562
15225 3 182
15153 21 1097
14940 158 7913
14934 143 7167
14634 52 2614
16715 283 14151
14367 178 8935
15803 10 524
14187 96 4811
17138 6 326
15140 25 1253
14768 146 7327
16022 113 5693
16008 84 4246
14399 67 3385
15477 13 660
15403 175 8773
17541 29 1484
17112 77 3863
14712 244 12238
14807 186 9344
15312 40 2009
14278 14 717
15086 12 635
15295 34 1736
15916 371 18551
16199 461 23076
17475 3 172
17199 25 1286
14260 109 5474
17469 93 4690
17355 34 1717
14559 275 13778
17146 32 1646
15783 169 8484
17373 15 755
14736 222 11135
14408 45 2276
15394 50 2549
14981 195 9771
16835 197 9871
16325 37 1862
16514 7 366
17073 82 4116
15293 18 902
16495 76 3838
14244 29 1494
17028 64 3241
15345 10 544
17132 181 9082
14418 50 2532
15504 148 7413
14453 8 423
15369 22 1122
16159 37 1856
14907 61 3088
17028 4 235
15595 11 592
14358 57 2871
15901 276 13801
14284 1 93
15916 424 21228
16112 473 23687
14641 201 10093
16869 120 6022
17056 184 9207
16109 45 2277
14396 19 974
14392 106 5327
14293 86 4313
17444 34 1718
16802 93 4663
16172 323 16169
16818 102 5135
17169 194 9736
17043 48 2408
14411 12 610
17415 71 3560
17566 150 7517
14641 138 6906
15832 84 4236
17232 108 5422
16715 283 14151
14634 53 2661
16715 27 1355
15780 180 9020
14453 25 1295
14654 184 9208
15603 37 1898
16121 61 3089
17352 168 8441
14298 44 2217
15857 18 904
14228 31 1600
16874 441 22070
14904 29 1491
14464 106 5334
15238 84 4208
17181 55 2752
14609 299 14978
15302 28 1405
15589 4 248
14246 107 5384
15603 143 7183
16141 285 14297
14577 33 1679
15867 25 1285
16797 107 5385
14340 1 58
17028 295 14757
17237 0 7
14549 208 10428
14790 199 9965
16944 193 9680
16148 153 7652
15894 96 4847
16973 17 892
17519 10 524
15318 172 8625
15160 107 5362
14369 163 8162
14584 149 7471
17111 112 5609
15867 25 1285
17528 20 1034
14802 267 13372
15689 121 6074
14632 68 3427
14553 105 5275
16352 241 12072
15715 189 9481
14432 15 763
14749 269 13475
16901 108 5410
15103 285 14268
14611 60 3012
15155 44 2221
14798 72 3610
17164 56 2842
17561 231 11589
15771 18 923
15425 205 10282
14811 5 272
14768 178 8948
14139 213 10657
15322 32 1624
17287 150 7506
14526 137 6856
14242 40 2016
14643 122 6124
17353 39 1973
15481 18 939
16948 54 2707
15834 52 2613
14552 79 3995
15877 260 13047
14539 139 6982
14870 82 4127
17226 116 5836
15683 6 337
16172 77 3883
14912 170 8515
16226 2 103
16438 18 928
16507 43 2152
17023 208 10447
14321 21 1051
14758 101 5069
17248 212 10638
15834 52 2613
14357 40 2015
17172 5 291
14749 60 3026
14127 7 364
14220 57 2857
16525 40 2026
16119 191 9580
14637 156 7847
17566 143 7181
16889 24 1250
15360 167 8392
16428 367 18383
16507 43 2152
15528 71 3594
14949 27 1368
17195 182 9118
14263 157 7881
14185 32 1619
14610 276 13846
17158 42 2140
15264 97 4858
15935 143 7159
17316 67 3370
16310 223 11154
14297 85 4254
14743 22 1149
17413 63 3168
15917 296 14845
17389 57 2887
14358 113 5680
17144 161 8097
14539 173 8659
14642 72 3631
17132 524 26210
15689 177 8885
17308 58 2938
17327 156 7815
16910 88 4402
15156 58 2929
15922 7 362
14632 68 3427
17310 2 117
17415 200 10026
14377 158 7923
14874 158 7901
14870 9 464
17451 289 14481
15183 36 1811
17186 48 2416
15792 225 11261
17100 162 8106
15801 54 2708
16839 130 6526
16714 90 4550
17540 27 1352
14831 145 7285
14644 6 342
15479 87 4376
14925 5 256
16058 106 5339
15145 221 11072
14801 110 5549
15312 40 2009
17208 247 12369
15174 1 61
15473 183 9171
16134 80 4035
15242 98 4916
16141 150 7531
16279 23 1160
15473 19 977
16809 86 4307
15457 79 3994
17210 83 4168
15689 295 14779
16051 228 11426
17305 12 643
16818 71 3553
16562 9 494
14192 10 501
17447 52 2649
17533 100 5002
15656 88 4447
14152 164 8249
16962 79 3969
14235 42 2142
16994 127 6369
15701 463 23160
14870 296 14823
15397 97 4888
15391 269 13499
16694 148 7439
14741 157 7853
15528 318 15908
17302 33 1666
16023 464 23236
14257 149 7455
14384 6 327
14675 4 217
16770 171 8585
17458 161 8076
17135 15 786
14545 19 952
17132 80 4047
14458 8 410
14725 12 638
16807 121 6086
16051 81 4063
15407 194 9706
14467 11 597
14332 15 769
14909 152 7627
16006 395 19760
17030 70 3512
16888 246 12324
15713 244 12248
14934 66 3331
14793 155 7753
17152 129 6488
17154 24 1228
16387 25 1253
14139 92 4618
14712 232 11630
14899 311 15593
17106 7 369
17271 146 7333
15783 61 3078
17418 7 376
15872 36 1841
16948 38 1940
17327 124 6207
15603 77 3869
15927 202 10139
16655 11 551
16152 86 4335
17398 98 4923
14654 180 9018
15129 26 1319
15172 23 1161
15927 146 7311
16112 473 23687
17312 156 7805
14729 215 10753
14611 60 3012
17248 121 6066
17471 87 4376
15464 133 6652
17280 41 2085
16940 12 615
17206 144 7216
