8927 139 6983
9704 84 4208
12111 13 693
11766 295 14791
11977 175 8771
8750 177 8882
10530 155 7799
8935 338 16938
8444 9 466
10613 118 5907
11072 6 335
9367 105 5288
8971 79 3969
10625 104 5208
8708 11 585
10625 32 1626
9586 249 12464
9362 75 3752
12083 288 14434
8750 42 2138
9458 42 2130
12011 11 565
11921 183 9178
11112 242 12143
9316 27 1361
11802 33 1692
11628 188 9415
11802 33 1692
9503 181 9094
9447 14 723
10898 107 5389
9028 43 2186
8919 136 6850
9308 63 3166
11851 67 3385
11090 63 3195
10725 182 9107
8958 161 8081
11973 165 8268
11926 68 3441
13678 202 10114
11878 129 6467
12486 60 3032
10432 198 9909
12041 87 4396
10471 131 6567
9297 160 8045
8971 4 228
13463 30 1517
9407 307 15373
10625 31 1583
8935 338 16938
10656 63 3157
9503 181 9094
10448 219 10964
13629 206 10316
8514 102 5135
11762 306 15332
9467 133 6658
12029 35 1793
9459 59 2974
9362 249 12490
11618 66 3316
10857 88 4410
9068 236 11823
9545 307 15391
10951 4 227
9369 31 1583
9677 159 7956
9403 2 144
10580 29 1458
11813 167 8391
12431 137 6882
8958 161 8085
9273 25 1292
13689 47 2367
11915 168 8418
8971 4 228
10453 21 1077
8860 87 4381
8751 112 5636
11884 144 7203
10704 272 13646
9704 345 17266
9033 84 4209
9080 3 173
9080 2 147
8735 131 6568
11841 10 528
11065 174 8722
11589 126 6342
11848 245 12277
12041 87 4396
12497 11 575
11848 245 12277
12392 90 4524
10493 24 1241
10958 16 805
13476 59 2990
9095 357 17899
12543 276 13839
13693 27 1383
10884 293 14699
9277 83 4197
8406 134 6733
10625 118 5935
12016 233 11675
10523 173 8660
8771 133 6662
10951 4 227
12004 200 10014
10672 84 4202
12083 310 15509
11527 127 6359
9362 75 3752
9512 384 19202
10502 157 7868
13619 22 1149
12454 441 22095
9392 42 2136
9499 445 22286
12364 132 6619
8860 87 4381
13662 104 5225
8616 84 4211
13693 27 1383
9338 128 6421
12116 15 798
11296 40 2023
12545 129 6499
9447 14 723
9653 19 992
10648 125 6277
10551 147 7391
9273 25 1292
8899 291 14571
11842 26 1301
10741 45 2275
11071 266 13301
12052 44 2248
9525 235 11768
9612 8 410
8899 291 14571
13565 74 3709
8876 110 5519
12145 167 8363
13453 9 452
9065 5 291
10502 156 7811
13507 11 589
8735 131 6568
10603 6 302
11844 109 5462
8750 177 8867
9316 30 1510
11998 269 13488
8764 277 13892
10803 238 11929
11606 1 94
9239 48 2444
12020 85 4274
12011 11 565
9653 19 992
11912 116 5844
10905 77 3876
10648 123 6171
8616 84 4211
11707 72 3628
9080 2 147
12045 65 3266
8566 44 2217
12406 1 74
9501 104 5213
9281 97 4891
9273 24 1209
9685 49 2494
10660 215 10761
11963 374 18707
12110 95 4772
9033 86 4346
9349 151 7556
9435 90 4540
9545 243 12165
13507 11 596
10493 24 1241
9494 345 17279
10530 285 14288
9637 251 12597
9435 90 4540
10529 174 8713
11543 70 3544
8996 307 15359
12145 46 2350
12545 129 6467
10439 110 5547
12565 92 4630
10995 17 883
9041 155 7796
12052 23 1183
10648 191 9573
10656 58 2901
9022 59 2988
11815 191 9580
11727 2 144
12380 124 6209
11039 156 7849
9007 93 4680
12145 54 2725
11947 55 2797
11833 155 7792
9321 148 7438
12020 0 12
8927 139 6983
12070 294 14727
11756 226 11307
12066 83 4153
9285 130 6549
9290 106 5338
12420 97 4867
12561 96 4835
12020 85 4274
9065 8 446
13689 47 2367
9277 81 4072
13480 30 1541
11609 197 9861
8959 121 6086
11977 175 8762
12554 107 5364
9559 195 9785
12073 54 2713
8771 282 14150
11628 248 12438
9615 39 1959
11765 288 14439
12071 315 15771
9668 34 1712
9281 195 9790
8471 296 14843
11537 315 15765
9392 41 2084
12145 167 8363
10590 16 847
10798 72 3620
12045 13 697
11282 6 307
13629 206 10348
11520 31 1592
12025 72 3626
11906 291 14590
10625 104 5208
11803 125 6279
10856 81 4069
9567 291 14588
12451 52 2630
12561 23 1182
11116 114 5749
8936 273 13675
11727 67 3359
10625 31 1583
10590 16 847
9503 118 5929
12459 60 3017
10704 272 13618
11793 31 1587
10523 173 8660
10888 33 1670
11793 204 10244
9095 229 11463
8817 55 2774
9437 184 9203
10725 182 9107
10762 132 6609
11915 168 8418
13641 16 838
12431 137 6882
10389 29 1460
13565 74 3709
11545 254 12731
8764 277 13892
9395 220 11019
10371 37 1889
13474 69 3475
11578 34 1703
10931 222 11128
8672 14 717
9467 133 6658
10529 174 8713
11630 165 8261
9575 18 922
8682 4 235
9590 439 21983
9308 63 3195
10660 89 4484
13616 198 9933
12069 110 5536
8455 25 1262
10711 103 5171
9277 81 4063
10921 114 5750
8445 28 1435
10453 19 995
10672 84 4202
10530 155 7799
8471 296 14843
10845 189 9473
9065 8 442
8771 243 12186
13696 12 630
9494 345 17279
8893 54 2714
10898 105 5293
10995 17 883
12011 11 564
11687 120 6047
11582 11 552
9040 99 4956
9653 38 1935
11083 171 8580
8427 257 12877
9603 13 664
12420 113 5681
8724 20 1007
10798 78 3901
12071 288 14440
13618 73 3679
12565 267 13385
13480 86 4328
12110 227 11366
9403 3 184
9435 90 4539
9725 36 1816
10613 119 5962
10687 91 4565
8446 246 12305
9575 16 808
10790 34 1727
9095 229 11463
9307 254 12741
8427 258 12918
12139 105 5288
10613 118 5907
10902 8 438
9653 40 2008
8406 86 4307
10761 137 6900
10436 302 15129
12516 24 1239
12091 147 7362
10790 143 7183
8467 124 6243
10382 26 1345
11938 39 1963
10769 41 2086
9239 24 1218
12001 68 3443
8771 133 6662
12073 146 7316
8682 4 235
8666 35 1761
11609 197 9861
9313 12 636
12001 9 469
9583 233 11674
11072 100 5006
10445 312 15644
10894 89 4481
11127 20 1041
12545 90 4511
13476 59 2990
9617 174 8713
8919 137 6853
9277 43 2191
9650 70 3533
10479 30 1501
11726 244 12213
11998 345 17285
11094 217 10885
10647 107 5392
9467 134 6738
12380 164 8201
9649 146 7302
11618 66 3301
10719 168 8435
9026 26 1335
8996 66 3345
11791 197 9867
9586 249 12486
12095 72 3611
9289 155 7753
10928 132 6640
12497 11 575
9434 334 16709
12020 0 12
8919 125 6256
8537 245 12283
12431 116 5850
10951 2 150
9209 23 1193
12106 3 195
9637 252 12639
12083 294 14749
10655 10 534
8427 257 12877
9321 148 7438
10561 133 6699
11996 19 953
12032 35 1797
10493 24 1241
11938 39 1987
10529 174 8739
11605 218 10935
11872 234 11729
8627 8 401
9533 206 10314
9297 28 1412
9369 31 1585
12504 57 2881
9653 19 977
11664 86 4339
8433 186 9314
10719 168 8435
11896 8 424
11297 73 3694
8996 307 15359
11578 34 1703
12543 17 867
12020 0 12
13538 9 472
10931 222 11128
12083 294 14749
11766 51 2600
10471 98 4924
13536 114 5750
9603 13 664
10449 131 6556
11921 183 9168
9512 210 10542
9767 29 1469
8996 307 15359
13661 190 9508
9677 160 8029
9035 51 2571
9039 25 1268
11071 28 1403
9269 29 1466
11005 56 2801
11630 54 2715
8935 192 9612
9494 345 17296
12431 53 2652
9440 103 5188
10743 307 15394
13480 30 1521
8468 104 5210
10958 15 772
12545 28 1414
12145 52 2648
11624 31 1559
11527 17 892
11080 72 3605
11727 67 3359
11926 68 3441
10803 238 11929
12116 19 951
10870 62 3146
9499 25 1291
12061 288 14416
11895 141 7085
11071 28 1431
13643 81 4075
12032 35 1797
12459 38 1924
11791 197 9883
9226 343 17171
8433 186 9314
10439 189 9488
13474 51 2597
11926 24 1219
9575 18 922
11742 105 5258
10870 63 3176
12565 92 4648
10432 153 7673
12111 13 684
11912 20 1043
9039 25 1268
9002 127 6366
11751 115 5781
9500 130 6508
9467 133 6658
11756 226 11307
9095 357 17899
13696 12 624
11878 184 9211
11998 345 17284
12000 107 5380
11906 252 12626
10798 72 3620
10525 6 321
12073 54 2713
11720 114 5722
11802 33 1692
8455 25 1262
9273 189 9500
11872 267 13399
10578 32 1639
9500 358 17921
11609 197 9861
12431 186 9339
13520 103 5184
10921 172 8618
12091 181 9060
12071 315 15771
9525 230 11534
8406 88 4408
12431 137 6885
8529 206 10305
12083 288 14434
8919 126 6331
13580 164 8243
9300 104 5206
11947 55 2797
10561 144 7228
12045 13 697
10773 116 5832
8433 183 9197
13678 202 10114
13643 158 7906
9080 0 39
13463 30 1521
9617 250 12550
12056 339 16968
11520 153 7690
9529 128 6401
13689 47 2367
9281 192 9642
12146 29 1454
11296 40 2023
9435 90 4539
9090 47 2375
12073 54 2716
12431 137 6885
13536 114 5750
12029 35 1780
8905 237 11899
8971 4 228
9704 103 5170
9679 110 5516
11872 79 3979
9479 245 12294
10842 43 2175
10660 89 4484
8724 20 1007
11878 184 9211
10704 170 8515
9479 247 12379
9529 2 135
9002 127 6366
8882 83 4186
8738 270 13512
11073 30 1505
9338 128 6421
11005 56 2801
11071 36 1842
9395 220 11019
9369 31 1583
11791 197 9883
13647 42 2102
9617 252 12638
10592 44 2231
10858 8 410
8905 237 11899
12364 132 6624
11851 67 3385
11582 11 552
9374 38 1920
13463 30 1521
12389 59 2981
12004 27 1358
10704 272 13618
11720 114 5722
11279 54 2735
12565 92 4648
10613 119 5962
11630 165 8261
8971 79 3989
11290 222 11133
10432 173 8689
12106 3 163
9277 43 2191
11290 222 11133
8936 276 13809
9300 104 5206
12083 288 14434
11989 39 1967
10448 219 10964
9446 106 5320
12041 24 1215
9201 168 8412
12091 147 7362
9467 133 6658
8860 87 4381
10448 147 7353
9583 360 18047
12539 40 2036
8434 0 29
11543 70 3544
9049 1 56
11723 263 13161
8777 20 1042
12535 11 563
13661 190 9508
11112 242 12143
10921 114 5750
10525 9 469
11094 217 10885
10603 6 326
12004 27 1358
12495 241 12052
9744 27 1375
13460 56 2807
9030 70 3540
8445 28 1435
11872 54 2713
11091 256 12846
13505 19 955
10693 37 1861
12517 200 10018
11935 251 12553
10758 13 662
12020 85 4274
10656 63 3157
9590 439 21983
9583 226 11329
10888 251 12576
11915 168 8418
