15149 24 1204
18516 202 10117
15462 25 1263
15894 109 5488
17858 248 12422
14707 36 1831
18238 218 10907
17972 246 12303
15403 81 4064
18031 88 4403
18040 73 3661
17260 11 582
18865 5 273
15014 163 8151
17561 60 3038
15279 30 1548
17603 20 1009
18752 564 28212
17440 165 8286
15273 178 8927
18644 124 6238
18018 46 2329
15413 54 2739
16042 34 1710
16209 287 14369
14336 55 2765
15154 117 5854
18001 11 564
14824 305 15263
17172 62 3124
14329 90 4521
18756 129 6465
16835 187 9359
17371 83 4166
14218 82 4110
15113 43 2161
17046 62 3115
15234 43 2176
14223 55 2793
18031 21 1053
16095 251 12593
14768 52 2643
15966 443 22199
18712 306 15322
18764 48 2405
18933 390 19512
16355 47 2394
17850 28 1417
14335 280 14036
17522 159 7977
17237 521 26056
14369 75 3756
17344 30 1521
14642 3 163
14592 10 505
17361 155 7783
14338 232 11640
17866 20 1025
15876 51 2554
14149 127 6373
14722 39 1961
18732 359 17958
16432 13 697
14564 10 535
17973 13 685
15294 9 471
14363 14 732
14942 77 3865
18741 15 774
17300 18 901
17504 11 581
17191 31 1595
17300 18 942
18040 26 1346
14333 33 1678
18644 219 11000
16301 272 13644
16506 68 3432
18752 564 28238
14798 2 125
17978 278 13943
17524 68 3401
16832 23 1186
18779 32 1642
17046 51 2577
15403 174 8705
16878 158 7941
18516 202 10117
15511 202 10105
15677 246 12338
14450 82 4101
16798 48 2447
16144 77 3860
15014 152 7648
18481 113 5656
15014 152 7648
15296 231 11592
18662 7 373
14286 11 563
17206 326 16331
18740 45 2260
14436 80 4043
18045 14 704
17361 155 7783
17361 257 12856
14722 42 2130
14338 305 15252
15166 259 12987
14157 93 4678
14450 278 13931
15989 500 25017
16458 37 1881
17217 109 5452
17336 3 185
14764 38 1917
15391 44 2213
15279 114 5713
17875 405 20266
17985 138 6919
14450 278 13928
14319 13 690
18779 542 27146
17191 1 75
14306 180 9028
14246 122 6118
16199 309 15473
14316 8 414
15458 7 397
15297 108 5403
16058 190 9544
14970 86 4304
15383 250 12508
18701 220 11025
18009 35 1772
16832 1 67
18044 55 2796
14543 181 9094
14556 135 6786
17503 163 8169
14736 188 9449
18712 64 3238
14774 112 5603
17482 139 6989
14338 186 9312
18732 104 5240
18732 509 25473
16481 116 5836
14986 111 5599
17524 76 3804
18922 38 1924
15591 179 8978
15794 59 2995
14410 274 13741
14664 240 12002
16432 19 978
18922 26 1311
15872 69 3476
14764 38 1932
16150 103 5161
18031 88 4403
15867 73 3665
18010 101 5082
14117 24 1247
16878 168 8409
18685 484 24211
18474 217 10856
17251 215 10763
15927 178 8911
15335 188 9436
17435 49 2456
18763 0 33
17985 78 3907
17423 11 579
15273 178 8927
14545 89 4479
14610 168 8421
16199 234 11727
15774 111 5582
17696 180 9033
15941 66 3335
14546 27 1365
14774 176 8834
18244 24 1210
14903 188 9450
14377 255 12788
14772 236 11840
15965 290 14544
14707 30 1526
16150 273 13688
16442 18 932
17990 405 20276
18024 589 29462
15166 43 2182
18732 359 17991
17423 9 453
14772 240 12016
16172 472 23603
18034 65 3297
15783 85 4270
17237 55 2784
15917 503 25186
18219 154 7742
15987 177 8875
14747 39 1964
14903 79 3984
15876 51 2552
14893 200 10003
17603 17 864
14592 10 510
14291 58 2933
17985 78 3925
16783 45 2286
15970 193 9654
17696 54 2713
18249 11 584
14139 117 5872
14970 236 11805
15163 71 3590
15863 47 2388
14543 104 5231
15872 48 2426
15965 429 21458
17177 68 3415
14165 51 2594
15973 120 6033
14549 210 10529
18024 345 17275
15127 43 2160
17028 95 4785
15403 81 4064
16172 288 14422
18011 39 1968
14664 190 9541
17633 74 3746
14970 68 3425
15862 296 14807
18794 20 1024
16073 32 1647
17123 21 1070
15458 7 373
16947 94 4717
15149 64 3207
15987 199 9970
14231 25 1264
17300 10 537
18752 564 28212
18753 69 3488
15154 8 433
16227 161 8056
16051 206 10349
17955 243 12154
17300 4 217
18779 473 23688
14740 57 2853
18577 264 13216
14568 31 1559
15254 50 2516
17046 87 4370
18210 7 393
15430 41 2092
18481 38 1924
18794 20 1023
15696 76 3843
17834 52 2642
18027 54 2731
17505 27 1387
14623 288 14404
18034 141 7089
18756 111 5556
16520 71 3567
15876 72 3604
14269 41 2085
18527 545 27291
16783 48 2431
15917 386 19313
16101 56 2812
15965 429 21492
15442 176 8807
14632 79 3956
18860 116 5825
16205 493 24698
15251 108 5426
14623 88 4419
14403 47 2385
15965 478 23918
18929 118 5918
15167 81 4085
16150 142 7141
16840 38 1941
15917 353 17675
18922 599 29984
14623 17 859
18874 194 9713
17270 81 4078
14642 117 5874
17337 31 1574
14643 179 8980
14558 279 13965
16493 22 1118
17068 12 611
17312 206 10315
16118 225 11280
14764 101 5080
14148 127 6374
15053 23 1159
14772 43 2191
14733 20 1046
18489 195 9773
15484 116 5803
18492 143 7180
18009 35 1772
18779 525 26264
17367 91 4586
18024 62 3148
18662 7 373
14707 49 2489
17972 164 8237
15794 17 878
14749 61 3087
18219 152 7650
14157 66 3304
18492 223 11169
14774 176 8835
15403 81 4064
17603 26 1307
17580 2 113
18732 359 17958
17343 12 604
17522 18 909
17482 160 8012
14772 43 2175
15355 14 737
17681 18 933
15286 201 10090
15923 471 23555
17313 70 3512
18701 220 11025
15919 46 2304
15923 180 9015
16199 175 8784
18752 310 15530
15061 252 12603
15251 82 4126
15554 177 8895
15442 109 5475
14216 17 872
14970 68 3425
18631 316 15839
16379 4 241
15179 55 2754
18955 251 12551
15391 187 9392
14611 157 7862
14355 9 459
18926 21 1085
14632 79 3956
15894 39 1997
18632 156 7837
14976 162 8125
16676 307 15390
16199 176 8824
18933 182 9105
16341 18 902
16301 210 10548
17990 405 20276
16058 190 9544
16442 4 220
14768 103 5194
18011 33 1686
18922 343 17174
17326 58 2909
16118 96 4849
15989 500 25017
17394 183 9171
18740 45 2279
17028 300 15027
17493 245 12256
18527 302 15131
14269 41 2069
14697 47 2352
16227 46 2312
14623 88 4427
16893 11 587
16172 24 1233
17985 180 9023
16137 90 4527
16555 69 3480
18860 29 1493
17361 56 2831
17847 15 777
17055 433 21685
16379 32 1648
17055 428 21448
15254 49 2494
15774 449 22451
15103 129 6461
18644 219 10951
15458 57 2880
14956 310 15536
17237 22 1115
17753 148 7401
16832 1 98
14270 254 12720
15946 246 12332
15236 65 3257
14335 225 11277
15251 94 4730
18929 118 5903
15940 214 10702
17004 126 6327
17696 33 1670
18754 34 1730
15154 8 403
16431 95 4777
17055 261 13097
16186 326 16338
14202 121 6099
14431 39 1981
17990 209 10493
18732 509 25473
14721 33 1659
17580 15 792
18249 7 366
16431 196 9836
17823 99 4989
15166 162 8130
15876 52 2609
16434 46 2330
18665 209 10467
17237 235 11783
18219 154 7742
18779 32 1629
18732 89 4498
18630 50 2509
15115 63 3180
15863 50 2539
18924 121 6065
18923 623 31169
18049 45 2262
18665 11 598
17339 43 2181
16526 24 1234
16520 101 5065
17494 48 2448
18756 22 1122
18481 38 1948
17099 99 4979
17875 405 20274
15442 171 8593
15783 230 11503
14328 23 1172
14764 105 5292
15383 18 920
17053 42 2119
17592 151 7571
14195 198 9918
16063 51 2588
17990 284 14225
18685 484 24246
17327 39 1970
14546 112 5615
14403 63 3179
17505 52 2644
17757 78 3946
14356 177 8852
16119 525 26298
17973 50 2523
18024 345 17278
17237 235 11783
18753 34 1725
16041 54 2733
14117 33 1658
14154 81 4088
15862 284 14233
18249 11 584
18499 201 10066
16825 74 3708
14336 88 4402
16888 142 7126
18794 54 2707
15828 417 20871
15733 13 668
18048 365 18258
18516 202 10117
18039 46 2330
17447 85 4281
17489 196 9807
16227 46 2312
17313 70 3512
18933 390 19516
15909 222 11131
18246 39 1972
18955 231 11582
14623 249 12485
16051 206 10327
17029 152 7622
18035 162 8137
15987 233 11666
18011 39 1980
14886 75 3786
14286 5 254
14154 81 4088
18481 124 6240
17462 12 613
15154 166 8340
18011 82 4143
17055 233 11656
17322 5 293
15917 190 9533
17985 150 7527
17164 138 6936
15464 203 10194
14956 310 15523
14431 17 898
16867 271 13586
17696 176 8837
14149 188 9449
18605 38 1909
17177 62 3121
18732 50 2504
14772 108 5419
18603 184 9219
17237 235 11770
14642 117 5874
17535 70 3510
15919 36 1814
18954 75 3790
18779 551 27562
14940 155 7756
16344 54 2723
18011 35 1788
14138 95 4762
15447 160 8004
14956 236 11834
18011 35 1755
14446 17 859
14190 72 3625
17505 52 2644
17958 25 1265
15297 198 9938
15923 192 9645
18246 20 1023
18756 128 6415
17313 70 3531
15391 44 2213
15484 257 12856
16520 101 5088
16026 15 756
15074 56 2829
14410 178 8911
14774 160 8036
16921 124 6244
17337 24 1241
14446 25 1257
14556 135 6786
14642 3 163
15484 77 3858
14338 232 11626
15965 194 9744
15061 202 10117
18910 160 8009
16431 196 9841
14286 11 563
16355 47 2363
14379 210 10527
15640 71 3585
14636 102 5131
18481 124 6205
15917 515 25800
14157 49 2464
16432 19 978
18024 338 16913
15774 449 22475
18481 113 5670
14874 46 2311
17985 180 9010
15328 177 8877
17753 175 8763
14436 201 10082
18481 91 4557
17055 128 6428
17992 78 3947
16526 30 1541
15266 33 1657
14733 62 3112
14824 187 9374
14527 76 3845
16205 239 11999
18931 126 6312
18955 228 11450
16341 269 13491
18741 8 406
14277 125 6300
14458 32 1633
14542 284 14224
18481 81 4066
18931 126 6345
14901 108 5439
14564 104 5204
15733 13 657
16058 22 1143
14549 210 10529
15154 118 5942
18605 38 1922
17791 0 12
14764 101 5080
14575 4 208
18527 545 27268
16581 178 8945
18018 46 2325
17671 218 10912
17866 20 1012
18665 25 1282
15296 92 4630
18763 5 274
14902 270 13530
14356 177 8865
14795 55 2767
15696 27 1374
14642 117 5874
14543 148 7445
18685 484 24235
16344 54 2723
18474 217 10856
14218 200 10017
18931 62 3112
17505 99 4976
18732 104 5240
18662 7 356
16058 22 1143
17343 29 1463
14436 180 9006
14575 83 4169
14149 188 9448
18010 81 4071
15774 93 4698
18732 47 2363
17535 27 1353
18054 464 23237
18466 60 3047
15430 154 7703
17300 18 916
14427 143 7166
18765 291 14575
18764 32 1614
17423 11 579
18924 7 374
14379 28 1442
14202 85 4298
17116 0 19
17503 241 12094
17326 12 621
15828 87 4375
15290 29 1460
18752 564 28229
18712 249 12469
18752 199 9983
18947 309 15473
16753 62 3105
18754 34 1739
18928 96 4802
14774 176 8835
14436 180 9016
14542 284 14215
15469 318 15932
14782 73 3683
17459 105 5266
18955 136 6807
15673 53 2687
15862 296 14829
14715 41 2058
16481 116 5836
15130 50 2503
16485 30 1509
16225 155 7757
17336 4 232
14736 188 9425
17447 120 6022
16172 522 26126
15917 353 17666
17095 97 4868
15801 183 9193
14377 83 4171
18481 113 5656
16888 540 27040
15970 198 9932
18516 367 18361
14774 241 12091
17505 11 563
16798 108 5444
15383 30 1524
14543 199 9975
17875 375 18793
14409 176 8847
14279 248 12439
15154 226 11337
14450 291 14599
16893 53 2660
18024 364 18205
14722 54 2743
17366 23 1168
17592 136 6821
15689 282 14150
17140 62 3135
15446 21 1066
15113 62 3111
15103 129 6456
14795 60 3029
18516 224 11213
14636 102 5128
16835 187 9369
15425 122 6104
18779 453 22666
17324 53 2668
14336 88 4402
17494 24 1230
14338 54 2723
17633 74 3718
18752 564 28247
18756 111 5556
18044 419 20962
18756 111 5558
14901 108 5423
17482 139 6969
18953 328 16446
15322 54 2746
17361 257 12856
18765 333 16693
17696 180 9028
16355 47 2394
17344 30 1530
18632 156 7808
18752 363 18151
17874 19 968
15909 214 10743
14159 59 2979
16242 351 17574
14740 57 2858
17267 31 1598
16845 302 15110
15867 140 7013
17522 150 7530
18244 24 1241
15965 347 17373
14146 56 2848
15987 177 8876
14564 10 526
15859 338 16930
15876 51 2552
14403 63 3178
17871 34 1743
15154 249 12477
14748 34 1705
14157 30 1511
14664 190 9501
17267 81 4080
16836 51 2571
17095 97 4868
18632 156 7808
14335 220 11048
14524 36 1846
17875 421 21055
18603 7 354
17383 461 23092
15383 289 14479
17339 199 9967
16733 5 254
18018 46 2303
16798 108 5449
15989 424 21232
14768 35 1784
17840 156 7815
17326 58 2909
14575 83 4169
15511 202 10105
15464 234 11720
15403 174 8705
17493 30 1544
16298 200 10030
14133 103 5185
14746 147 7400
14190 72 3625
15863 21 1095
17208 254 12740
14425 205 10296
18499 178 8949
15442 171 8596
17620 95 4769
14218 82 4108
18923 543 27169
18748 4 249
17757 82 4130
14403 68 3402
15927 37 1895
15154 123 6200
14338 186 9307
17046 87 4380
17361 163 8191
14524 49 2469
18249 7 383
15286 186 9316
14772 73 3655
17766 33 1698
14410 178 8911
14338 232 11626
18947 287 14398
16733 18 916
18024 364 18221
14746 133 6664
18497 65 3254
17191 3 200
18765 74 3737
14403 59 2982
14450 230 11512
15099 185 9253
14816 82 4107
15696 76 3828
16798 67 3388
17371 465 23267
18763 0 42
17191 3 160
18514 555 27800
14970 86 4304
14764 38 1932
16676 153 7652
15403 174 8721
17055 367 18352
14377 113 5691
15382 204 10244
16927 17 887
16199 118 5914
17260 30 1520
15987 266 13307
17260 11 560
16144 77 3898
18697 380 19030
17874 19 995
17116 67 3373
14736 188 9442
18514 330 16501
18630 52 2649
16442 57 2863
18732 344 17214
18644 124 6221
16835 304 15237
18244 109 5466
17573 77 3867
17972 164 8250
17339 8 437
14527 76 3839
16434 46 2330
14805 52 2614
17972 91 4580
16798 19 951
14154 108 5440
14721 2 150
18035 94 4715
18687 536 26805
15279 114 5723
15909 222 11131
14291 136 6808
16172 396 19841
18039 169 8465
18514 80 4009
16867 271 13553
15252 47 2389
17636 35 1796
16889 253 12670
15927 62 3106
18874 240 12008
15409 84 4220
16809 232 11605
15970 198 9915
17168 70 3537
15965 125 6264
17633 74 3746
18210 1 54
14546 112 5615
18048 408 20446
15234 43 2171
14546 151 7590
18516 202 10117
14333 22 1144
18007 77 3891
17636 35 1796
15130 50 2503
15464 234 11731
14798 30 1550
15296 231 11592
14749 61 3094
16809 235 11771
14736 213 10657
16893 11 582
17361 342 17111
17973 50 2549
14450 278 13931
18631 369 18463
14942 251 12578
17620 122 6109
17535 28 1439
17335 25 1299
18712 306 15340
17383 461 23092
16753 47 2398
14306 137 6851
18481 120 6011
14736 213 10695
17985 167 8378
16526 28 1408
18258 126 6328
14764 105 5261
16432 13 698
14338 54 2716
16867 155 7751
18024 364 18221
16042 11 562
17423 9 461
14159 63 3193
14213 13 659
17440 76 3814
17679 6 309
17178 40 2049
18481 91 4575
14227 42 2141
16442 80 4013
14772 6 323
16205 239 11954
15800 279 13985
14722 39 1961
15923 155 7766
17116 0 19
16581 23 1172
15154 84 4201
16526 43 2178
14281 88 4432
16286 548 27438
17479 8 416
16031 2 123
18018 46 2321
16101 71 3565
17339 43 2172
17875 375 18793
15297 135 6773
15254 64 3215
15154 43 2186
18577 270 13547
16761 361 18077
16042 11 562
14825 59 2994
16186 124 6210
17636 35 1796
14782 73 3654
15941 66 3336
14436 160 8006
17068 27 1384
15442 171 8593
17662 32 1624
16836 80 4007
14901 61 3098
15917 102 5132
16493 81 4089
18666 51 2594
17361 56 2831
15383 77 3852
18926 21 1085
16341 18 922
15074 56 2829
14749 300 15003
17335 25 1290
18049 45 2262
14915 206 10325
18922 604 30214
17834 5 267
18953 355 17757
17978 133 6698
15894 39 1997
16144 77 3880
18258 123 6169
17322 5 293
17447 64 3219
17681 50 2533
18034 65 3297
17028 163 8160
15783 85 4268
15383 91 4597
18024 401 20098
14218 86 4341
14942 251 12583
17462 12 620
17791 13 662
16921 18 932
17053 110 5517
15554 177 8857
18527 360 18033
18922 26 1311
14403 63 3178
17875 330 16515
18665 25 1282
17344 30 1530
15909 214 10743
15403 95 4784
14281 88 4432
15382 185 9252
18011 82 4143
14356 177 8865
16225 155 7781
14736 213 10695
18005 77 3887
16874 99 4980
18760 259 12960
15163 42 2136
16485 30 1515
18049 45 2297
18933 57 2873
15469 194 9707
16526 68 3416
17479 8 416
14195 130 6509
15484 97 4867
14338 163 8171
15130 61 3079
18926 21 1054
15941 23 1174
14611 110 5517
16205 239 11954
17055 93 4693
14228 84 4213
18644 124 6221
16041 192 9621
18644 159 7982
18027 37 1876
17177 37 1880
15965 269 13478
17522 18 909
16167 56 2835
15469 194 9707
16227 33 1691
14975 93 4682
17152 21 1066
16847 58 2935
18953 355 17797
14643 182 9113
18752 310 15530
17177 78 3927
18040 86 4320
18514 28 1433
14795 55 2751
18678 329 16456
18514 80 4009
14771 82 4136
18764 32 1614
16878 158 7921
15080 34 1737
16921 125 6294
17116 67 3373
15446 21 1065
17592 151 7584
14702 33 1662
18923 644 32217
17089 53 2677
17973 22 1144
18499 201 10066
14768 31 1571
15776 5 256
17972 246 12337
16344 20 1032
17260 11 580
18666 61 3065
15927 57 2874
17590 10 543
14438 125 6262
14736 135 6783
17457 68 3403
16319 24 1206
16073 209 10454
14546 27 1379
14768 176 8808
17985 286 14343
15462 25 1263
14410 178 8944
14446 17 851
18034 141 7075
15130 15 786
17990 405 20276
18760 259 12968
14736 188 9450
18794 20 1045
15591 28 1414
18007 77 3891
15941 12 638
15930 455 22786
18748 153 7659
18527 302 15147
17383 116 5843
14202 85 4298
17522 90 4503
17137 91 4592
16431 196 9836
17851 324 16208
17338 86 4309
14450 72 3640
17415 77 3881
16186 160 8008
18527 302 15132
16676 330 16535
18481 113 5673
18039 169 8475
15940 123 6175
15923 310 15527
18753 69 3496
17423 9 455
14270 34 1720
14575 4 209
17494 151 7556
18923 346 17315
17462 12 604
16497 20 1023
18712 182 9142
18249 11 590
16733 17 868
15103 134 6720
14976 54 2734
17973 22 1144
17457 158 7904
14117 33 1691
17327 119 5955
15391 198 9942
18665 130 6515
17137 91 4592
14269 41 2085
18246 20 1026
16205 248 12447
14319 10 549
17336 3 185
15391 44 2213
18947 309 15473
18929 31 1557
14902 313 15683
14749 61 3077
14458 32 1633
16947 176 8803
18659 134 6741
17116 0 19
15061 252 12603
17679 10 548
15154 98 4947
16733 17 868
15430 41 2095
17206 175 8766
14592 45 2273
16209 23 1151
15115 63 3164
18034 101 5073
15163 31 1579
17766 33 1695
14319 10 539
14436 201 10082
17985 167 8378
18031 88 4410
14151 70 3506
14338 122 6110
14218 82 4108
17776 17 867
17875 330 16511
14319 13 699
14270 254 12709
14223 55 2774
18007 70 3535
15861 58 2925
15098 66 3342
14975 83 4192
17116 0 35
17462 19 959
17326 18 923
18752 363 18164
15828 506 25320
17028 212 10647
16031 12 636
15591 183 9158
17208 139 6983
17089 83 4194
14329 25 1253
14139 258 12913
17415 77 3856
16878 168 8409
15318 147 7374
15080 36 1832
17958 25 1294
18754 34 1715
14246 72 3616
15776 2 129
17237 235 11798
15318 43 2187
14795 55 2751
14328 23 1178
18697 380 19008
16867 206 10336
17671 168 8437
14431 72 3620
15383 250 12508
17505 11 560
17228 81 4077
17028 13 692
14857 203 10170
16867 260 13036
17662 27 1355
15297 198 9926
15965 347 17388
17561 177 8873
18233 141 7069
15917 353 17659
17992 15 781
16319 21 1067
17990 405 20276
14771 60 3010
15254 49 2478
18764 40 2001
15279 114 5723
15469 324 16247
16835 304 15225
18258 126 6328
14269 140 7048
16410 193 9693
18732 50 2508
14369 141 7099
15099 36 1840
18481 113 5670
18499 334 16712
14527 10 520
14545 89 4479
14764 105 5292
18666 26 1304
14223 14 746
17344 30 1532
18527 360 18031
18034 65 3297
15987 177 8876
17419 47 2400
14202 121 6078
14986 140 7045
15328 15 777
17484 274 13717
17840 337 16851
14736 135 6783
17633 74 3746
14286 8 402
17484 274 13717
17681 22 1132
14805 13 682
16845 35 1798
17243 43 2156
14450 228 11404
14271 139 6987
17681 22 1142
14795 37 1889
17973 50 2523
17479 17 882
17364 105 5259
17791 13 697
14458 4 205
17866 60 3022
15383 250 12534
14733 59 2996
17152 7 366
14269 41 2085
16979 57 2900
16867 155 7799
14218 250 12505
17338 86 4309
18024 401 20056
14227 74 3713
17364 6 338
18044 419 20992
18007 77 3853
16835 27 1370
16205 362 18103
16893 49 2484
17270 61 3074
15413 50 2533
16893 11 582
16344 37 1892
18907 165 8268
14300 181 9054
15965 269 13456
15446 39 1951
16867 271 13586
17503 241 12094
15154 123 6199
16058 26 1340
14277 38 1906
17267 31 1598
16798 108 5449
14195 198 9925
15457 76 3808
14445 0 37
17371 55 2756
15318 156 7830
18732 47 2385
17489 50 2542
14403 68 3402
17326 18 923
15127 33 1672
18028 229 11456
16526 68 3412
17383 23 1154
15113 0 14
17270 4 219
15234 7 361
16075 314 15733
16481 116 5836
17875 375 18793
18615 566 28310
18732 104 5243
17504 11 581
17333 55 2767
18574 75 3768
14611 162 8118
17973 3 155
15828 421 21068
18874 194 9713
18756 125 6292
18040 5 297
15154 8 433
17874 51 2591
14191 27 1391
16697 122 6110
15591 28 1410
14749 103 5165
18604 145 7289
15113 47 2370
18001 11 564
15910 229 11491
17055 433 21654
18947 313 15699
17140 126 6337
17099 99 4979
17875 421 21055
14746 279 13954
15828 417 20862
18258 124 6213
18651 64 3211
18765 333 16684
17827 62 3148
14363 271 13556
16172 472 23601
14377 202 10132
15970 397 19861
17343 26 1344
17343 29 1490
14216 83 4169
17972 164 8239
15529 119 5966
18687 3 180
17589 8 450
18678 329 16494
17440 165 8286
17344 69 3497
14564 10 535
18258 123 6185
15464 234 11731
15014 37 1889
16041 237 11874
18931 62 3112
14611 22 1140
17177 68 3415
17667 97 4860
17300 11 567
16442 57 2865
14975 133 6668
18748 153 7685
16219 37 1898
17055 128 6401
14377 107 5371
16581 254 12730
15591 28 1406
14143 61 3061
16825 29 1473
14149 256 12814
18779 541 27065
14642 70 3516
16809 232 11605
15859 289 14495
17992 78 3929
17972 246 12337
17530 7 365
18923 391 19600
17875 421 21055
17636 35 1796
18928 96 4849
14795 3 190
16117 34 1704
17990 284 14229
18048 378 18905
15923 388 19447
14446 17 876
17371 465 23287
17990 428 21417
18752 310 15519
18024 364 18205
17489 13 658
18910 139 6963
18955 136 6805
14425 175 8792
17875 330 16515
18007 77 3879
14329 227 11390
14390 72 3630
14546 179 8988
14148 27 1396
15469 318 15934
14564 11 567
16845 143 7176
16733 54 2706
18929 31 1573
14445 0 37
17116 67 3372
17861 381 19083
18630 50 2509
18756 12 602
15469 318 15912
17164 138 6908
17028 163 8159
17535 49 2481
18048 408 20424
16964 12 616
15794 102 5114
18605 38 1922
15529 48 2423
14403 63 3173
17603 26 1321
17152 7 366
15529 119 5966
14956 310 15536
14768 87 4391
17834 63 3181
15927 178 8901
18054 356 17810
18499 201 10071
17361 342 17138
15987 345 17299
17195 117 5873
16319 21 1059
15254 50 2516
17603 21 1057
14425 145 7285
15251 94 4702
14165 51 2594
14403 47 2360
15099 185 9259
18779 301 15084
18525 101 5056
15264 162 8134
15115 153 7694
16921 175 8755
18024 338 16914
17636 33 1679
18474 233 11653
18024 62 3148
17973 22 1144
18732 89 4474
16199 175 8784
16150 103 5198
17874 20 1002
14543 25 1292
16581 178 8923
17415 146 7322
14782 139 6976
16520 101 5088
15862 318 15925
14159 134 6723
16761 368 18429
17459 47 2356
16506 161 8066
17462 3 186
16893 49 2484
14956 310 15523
15103 89 4485
15846 116 5833
16051 146 7347
14543 25 1292
18924 0 44
17336 1 97
15328 62 3142
15640 78 3916
18028 229 11460
16826 169 8475
16227 28 1431
16209 215 10778
18035 78 3925
17326 48 2446
18928 96 4810
15179 55 2754
14151 66 3304
14722 39 1963
17383 116 5811
18756 2 108
14592 10 515
15166 43 2182
18922 157 7867
18007 91 4557
14279 49 2490
17191 28 1425
14369 107 5352
15328 177 8864
16117 58 2912
18024 476 23834
16047 24 1249
15457 170 8505
14772 43 2164
15923 180 9015
17973 13 658
16227 28 1420
17089 1 87
18732 254 12740
16186 309 15500
15927 57 2874
15640 71 3557
17875 273 13660
15236 65 3289
14782 108 5431
17371 465 23287
15130 61 3073
17462 11 586
17269 170 8513
16809 232 11636
14942 251 12583
17633 74 3712
17636 35 1796
15149 97 4872
16947 176 8805
18499 220 11020
16458 37 1877
18028 305 15289
18933 370 18524
15862 318 15950
17462 3 186
14218 200 10017
17757 46 2333
18010 101 5082
18233 40 2043
18874 199 9975
18644 124 6237
18779 301 15084
17757 82 4130
16733 17 862
14664 151 7596
14893 247 12378
18018 46 2319
14223 55 2793
14218 200 10017
14816 106 5309
16172 396 19816
16497 8 427
14673 40 2005
17823 99 4989
14607 113 5689
17766 1 67
15987 233 11666
14886 55 2751
17237 442 22129
17753 148 7401
17592 136 6840
14377 202 10132
14741 201 10073
14157 66 3322
17326 12 605
18929 76 3827
14269 65 3269
18034 65 3255
16979 9 486
15053 23 1173
15966 305 15265
18860 29 1493
16118 225 11300
15053 48 2447
18527 360 18003
14975 51 2563
15149 49 2457
16101 56 2812
17667 127 6383
18010 101 5066
17846 50 2539
18929 281 14076
14338 50 2529
16836 80 4007
17029 60 3008
17053 11 578
17481 36 1810
14746 147 7378
16172 31 1588
15430 31 1592
16835 27 1393
18907 107 5382
17834 52 2642
14772 6 304
15733 4 215
18630 52 2649
15296 92 4605
14154 108 5407
18492 238 11938
17237 22 1115
14458 46 2320
18007 70 3546
14819 10 517
18011 33 1679
18001 14 742
17776 5 252
18481 124 6205
17791 30 1524
16979 1 77
18779 301 15061
16832 1 98
14356 120 6035
15297 135 6779
15053 188 9447
15930 516 25831
17459 105 5266
17578 6 317
18010 101 5066
17191 31 1562
14427 264 13248
15828 145 7277
18514 63 3173
16458 162 8132
14390 72 3630
17447 62 3110
14968 127 6393
18662 9 476
17603 17 856
16063 92 4642
17237 515 25799
18929 220 11019
14379 28 1442
18874 128 6442
16893 11 586
14746 133 6670
18527 302 15147
15251 82 4145
16167 259 12985
17875 346 17345
15783 317 15855
17260 31 1595
17326 59 2951
16355 47 2385
15234 6 338
15053 48 2447
14231 10 524
14450 229 11473
14277 125 6300
18874 292 14650
17366 23 1168
17505 11 563
18244 34 1744
17339 127 6352
14427 264 13229
17696 176 8837
15061 244 12203
14772 240 12016
14524 36 1845
14369 45 2262
16526 68 3442
18527 302 15119
16341 269 13491
14270 8 409
14729 21 1071
16867 260 13036
18001 1 72
18756 128 6403
15425 177 8851
18233 141 7056
16075 308 15410
14721 164 8221
17204 33 1676
14143 41 2074
14970 86 4325
18005 214 10749
18712 306 15313
18603 184 9229
14886 105 5289
18732 104 5221
15252 24 1229
14772 48 2422
18010 81 4064
15780 104 5203
16172 288 14422
14446 17 900
18922 418 20947
17973 22 1144
18929 228 11421
15103 134 6720
15113 0 31
17366 23 1168
15989 512 25625
14545 89 4479
16836 18 906
18008 82 4141
14356 222 11123
15987 326 16331
14458 46 2323
18779 441 22065
14410 178 8944
18010 101 5069
15917 420 21023
18010 81 4067
16319 3 199
17415 189 9493
15486 372 18635
18018 15 779
15103 228 11426
18497 76 3812
17978 133 6671
15794 134 6723
18466 87 4365
18619 120 6011
18860 90 4544
14642 3 163
18481 38 1940
14143 61 3092
14749 301 15070
17494 12 627
18874 209 10466
16298 200 10030
14338 163 8171
16410 193 9697
17005 100 5029
17269 83 4161
14190 18 923
16219 223 11163
14575 55 2790
18499 334 16712
17324 48 2413
16227 46 2312
14795 35 1791
17447 32 1648
15236 85 4255
14410 290 14517
18008 91 4565
17992 78 3947
14543 104 5227
17875 375 18793
17972 33 1700
17327 101 5060
14300 181 9054
14338 232 11626
17270 64 3209
14902 213 10672
18514 28 1433
14410 290 14517
17371 386 19334
16798 48 2430
14306 61 3052
17505 52 2643
16101 56 2816
14816 57 2894
14149 213 10652
16446 173 8700
17313 180 9031
18028 305 15289
17228 55 2789
17696 17 881
17206 175 8766
18923 346 17347
18018 46 2303
16753 6 303
15457 70 3527
18007 39 1967
17851 342 17129
16242 265 13280
17415 77 3881
17237 493 24658
14319 2 135
14277 3 199
15970 136 6821
15965 290 14504
15458 7 381
15251 55 2759
14190 72 3604
14564 56 2835
14817 82 4103
17823 99 4989
17992 82 4127
18928 96 4810
14149 183 9177
17313 111 5579
14159 109 5485
18018 46 2321
18246 20 1010
14970 68 3425
18653 68 3449
16526 48 2415
18527 576 28847
15862 143 7178
15446 22 1109
18044 55 2757
17875 421 21055
14607 220 11005
14190 72 3604
14438 171 8591
16319 3 199
15989 156 7815
17178 40 2003
17851 259 12963
14642 70 3515
16058 22 1124
16172 80 4008
18481 120 6007
17046 74 3745
18740 45 2295
16798 67 3388
16506 80 4031
18779 542 27146
14425 175 8766
17955 259 12991
18732 57 2890
17829 62 3117
15986 61 3091
16927 21 1085
15074 74 3706
16845 271 13582
15987 370 18535
16888 413 20670
15462 168 8443
15484 290 14537
18574 75 3773
17206 483 24199
16172 64 3224
16965 322 16141
14721 2 150
18630 50 2511
17972 129 6480
17053 40 2017
16431 196 9841
18874 194 9713
18516 224 11211
17955 275 13780
17696 166 8301
18924 121 6065
14355 10 538
18044 55 2796
14722 161 8062
16481 116 5836
17177 37 1880
18701 226 11308
18763 11 597
14986 282 14144
17990 254 12738
14224 33 1693
15783 85 4270
15447 160 8006
15801 378 18922
14403 47 2360
18763 11 597
14138 41 2060
16117 58 2940
18752 363 18168
17336 38 1921
18923 646 32332
17493 245 12258
17371 55 2779
14795 3 163
18024 338 16914
16783 30 1531
14795 55 2767
18253 11 579
17620 199 9977
17671 218 10945
17144 89 4463
17671 218 10912
15862 296 14807
14270 91 4563
15863 21 1095
14277 125 6300
15403 2 132
15919 12 625
18605 38 1909
14921 7 360
17335 93 4685
18605 38 1930
18756 19 996
17851 342 17106
14450 82 4101
14190 18 949
15965 360 18012
18732 316 15830
14546 151 7590
14157 193 9677
15640 48 2402
18049 45 2262
17590 1 67
17827 5 281
15909 214 10702
18011 82 4101
18765 333 16693
18929 228 11405
18922 343 17184
14246 193 9676
17851 324 16224
14157 193 9677
16798 48 2430
15861 38 1917
14940 121 6098
17636 5 251
15403 174 8705
14542 284 14244
17985 167 8378
15640 41 2087
17343 12 617
14746 147 7397
15910 229 11500
18923 623 31169
17177 68 3415
18860 116 5823
15919 44 2250
15251 108 5426
14369 45 2262
14976 46 2301
17224 38 1932
18922 604 30242
16526 7 385
17206 216 10830
17504 8 401
14575 55 2775
17116 0 3
17361 298 14910
17530 110 5502
17875 375 18793
14782 73 3654
15115 20 1043
17366 23 1168
17866 60 3018
14772 236 11840
14564 106 5324
18527 302 15147
18933 390 19512
18779 542 27146
17004 262 13107
14546 151 7561
18049 21 1096
16520 101 5065
17322 38 1938
16442 18 917
18018 46 2324
15801 79 3994
14202 47 2379
17985 342 17122
14543 25 1292
18907 102 5146
14138 95 4762
17766 1 64
17851 342 17113
17874 19 995
17322 5 293
15909 81 4094
17415 49 2475
17423 8 425
14117 33 1658
14195 130 6509
15163 71 3578
18779 32 1642
18514 555 27800
18764 32 1614
14409 176 8815
17667 61 3074
14641 103 5155
16410 193 9678
14377 83 4172
16026 139 6969
16172 396 19816
16825 29 1473
15713 2 124
18048 408 20413
14564 1 100
14286 20 1028
17383 116 5843
15965 347 17388
14281 83 4164
17662 149 7489
15917 420 21042
15115 20 1018
16506 161 8066
14336 55 2765
16826 173 8681
18018 15 779
18011 33 1655
17177 37 1891
17493 193 9676
18644 124 6238
18008 82 4110
17322 35 1794
15919 36 1814
15987 210 10526
18665 11 598
14643 110 5520
14746 279 13972
15115 99 4971
14162 74 3729
14956 310 15523
14970 86 4325
14450 1 81
17398 64 3208
14231 19 986
14281 88 4401
14446 22 1110
15867 73 3679
17874 20 1020
18701 47 2361
17481 29 1455
14575 23 1179
17137 91 4592
17366 51 2551
15383 69 3485
18860 29 1493
14970 13 655
14546 136 6847
14542 146 7309
18753 27 1387
17239 128 6433
14290 178 8910
17603 17 859
14269 39 1998
14390 79 3975
17493 245 12256
17300 11 595
18760 259 12960
16262 10 523
18492 223 11161
16733 17 862
15986 61 3056
14545 89 4479
15591 179 8991
17312 115 5751
17343 26 1344
14190 2 128
14213 24 1247
17990 209 10477
16867 155 7786
18272 14 734
17462 19 959
15318 90 4540
14722 63 3174
15254 60 3027
18481 120 6007
14149 0 25
17681 46 2330
17326 59 2951
15273 44 2228
18756 128 6401
16893 53 2660
16432 13 698
18219 58 2904
17177 68 3415
15776 5 288
17874 20 1043
17973 70 3519
15484 280 14032
14772 48 2405
15973 116 5839
15458 12 635
16809 235 11785
14146 56 2848
18463 273 13691
17371 29 1471
16526 18 924
17667 97 4868
18001 11 567
17851 28 1417
17339 127 6352
14819 10 533
18220 103 5164
17865 99 4990
15464 160 8009
18631 316 15839
16835 38 1930
15862 294 14749
18630 50 2509
14338 163 8195
14564 11 591
17561 212 10630
15179 103 5166
15529 119 5987
14363 149 7471
14733 0 6
18048 408 20446
14279 49 2490
18040 86 4320
16047 13 679
14677 60 3025
14968 127 6393
15859 289 14495
14886 55 2787
16889 245 12294
14801 252 12610
17333 51 2565
17535 70 3510
15167 79 3998
17419 16 801
16835 304 15205
15867 140 7013
18947 40 2034
17978 278 13943
16118 96 4849
18603 184 9225
17696 8 425
17992 78 3906
17484 274 13747
17267 81 4094
14291 136 6808
14721 67 3390
14390 84 4210
17366 51 2577
14664 190 9523
17517 316 15823
18732 509 25458
16242 351 17574
15236 65 3285
18603 7 354
15591 179 8975
15113 0 31
15154 8 418
15383 289 14479
18035 94 4708
14277 125 6300
15894 87 4362
17972 246 12337
17861 351 17595
14721 164 8240
18603 189 9486
14634 66 3338
15876 52 2609
14610 161 8064
17866 60 3022
18514 28 1433
17874 19 968
15318 156 7823
17990 428 21415
18492 542 27127
17178 53 2679
15115 99 4971
18748 153 7659
14642 126 6341
14436 201 10083
14356 120 6035
17875 375 18793
17312 115 5794
14367 88 4444
15115 99 4971
16874 99 4994
15322 54 2746
14431 17 879
17034 59 2951
14623 88 4419
17992 78 3947
18631 316 15850
16493 81 4089
16431 95 4777
15828 145 7277
14154 197 9894
16835 304 15237
17419 16 801
17561 219 10960
16341 269 13471
16867 271 13553
14722 161 8058
16581 178 8944
17177 37 1889
17851 342 17106
15403 174 8731
18481 124 6202
14764 39 1999
15894 87 4384
15080 34 1737
16341 269 13491
14664 244 12236
15846 89 4482
16378 24 1245
15322 54 2746
18644 124 6237
15484 97 4867
16927 37 1853
14369 45 2262
15511 81 4092
15511 202 10105
17339 274 13726
14816 106 5309
17394 117 5881
17251 200 10030
17217 48 2428
17871 105 5290
17875 346 17317
14772 48 2422
14410 274 13728
18644 124 6233
18748 153 7665
18666 30 1544
14333 33 1677
16262 10 529
17840 337 16895
17371 29 1500
17662 32 1624
15713 2 108
14425 145 7280
16051 206 10345
18492 542 27135
16889 256 12809
14891 224 11229
15328 15 792
18044 55 2757
14231 19 963
18741 8 435
17671 168 8440
15689 273 13676
17313 136 6848
17178 83 4151
14263 285 14290
14269 154 7725
14642 8 414
18499 220 11020
15689 273 13674
18701 226 11307
18874 199 9989
16676 330 16535
16432 13 676
15801 183 9193
15099 36 1840
18794 20 1009
16733 5 254
18007 39 1964
17366 45 2266
17361 56 2831
16410 159 7994
18732 89 4474
16889 245 12294
16073 171 8578
16835 290 14516
17394 183 9171
17312 206 10315
17365 97 4875
18024 361 18094
15103 218 10917
14986 111 5599
18756 129 6465
17447 62 3110
17313 199 9984
16073 209 10459
14190 18 923
14746 108 5417
17671 218 10933
17095 97 4861
15154 69 3480
14277 125 6300
17237 233 11682
18779 512 25647
17494 155 7756
14774 241 12078
16432 13 676
14202 85 4283
16836 51 2590
14425 205 10275
14772 48 2405
17336 44 2220
14117 18 906
15909 81 4094
16355 77 3878
15252 47 2381
14545 148 7429
17504 25 1258
17394 2 106
17847 15 779
14948 279 13957
15876 52 2618
14901 72 3631
18756 125 6262
18753 27 1388
17270 4 219
17300 18 939
14363 220 11020
17237 235 11770
14363 55 2796
17333 117 5892
14409 199 9960
18907 107 5365
17530 7 397
14436 160 8050
15328 177 8864
14427 264 13248
14218 82 4108
14149 0 25
16073 32 1629
18761 81 4064
18712 64 3238
18907 107 5382
18685 484 24211
16689 6 312
17251 215 10777
16434 46 2345
14458 46 2323
17254 58 2907
14151 66 3348
18481 124 6205
14218 61 3095
16733 5 254
18040 73 3666
15966 443 22199
16301 272 13638
14390 84 4210
15167 79 3998
18024 364 18219
14543 104 5227
14771 121 6074
17206 326 16331
14409 199 9981
14117 33 1658
14901 72 3631
14446 22 1110
15940 214 10717
16927 17 887
14740 57 2883
14664 151 7596
17481 29 1455
14545 148 7408
14632 70 3527
15940 118 5917
15355 14 741
17972 164 8214
14427 243 12166
17312 115 5791
17419 28 1415
14772 236 11816
14986 80 4004
17337 11 555
17580 16 804
15894 87 4384
14771 60 3010
14446 17 885
16432 101 5088
15923 388 19438
15294 66 3306
15014 164 8217
18258 126 6302
16058 29 1470
14379 28 1410
17834 5 267
17361 200 10002
18712 182 9124
17753 17 876
17504 25 1258
15167 152 7636
16836 51 2590
14632 57 2852
17494 148 7445
18007 77 3853
14450 228 11403
14764 53 2652
15335 54 2747
17116 67 3379
15403 81 4064
15828 501 25095
15776 2 133
14986 111 5593
15430 46 2301
18048 408 20450
14410 290 14513
18603 184 9225
17861 347 17362
14623 17 869
16847 58 2923
17055 127 6396
14610 168 8421
17662 48 2402
14277 0 12
14329 199 9957
18249 11 584
18779 454 22716
18922 398 19940
17658 22 1119
18005 214 10716
17338 10 519
16286 548 27438
15447 121 6061
16432 19 978
14824 187 9374
18024 69 3485
14902 20 1050
17208 116 5817
14643 217 10857
14575 83 4190
18005 23 1164
14736 213 10657
18007 77 3861
17636 35 1773
16144 3 190
17313 70 3532
18001 1 87
14190 18 949
18040 5 297
16073 171 8573
14942 251 12563
14623 288 14404
14968 127 6393
17336 1 91
18748 4 214
15909 214 10717
15940 123 6156
16047 26 1321
17053 42 2147
14431 39 1981
16832 1 80
16199 118 5925
16431 196 9841
18044 268 13443
16867 155 7786
14575 23 1179
16058 29 1496
15266 9 464
17985 138 6904
17423 9 455
18779 512 25647
16520 101 5068
14749 300 15043
17517 316 15827
14970 236 11815
16845 143 7183
14319 13 690
15154 8 433
14329 25 1253
16319 21 1062
18010 81 4062
17522 18 914
15403 95 4784
18492 143 7180
16889 192 9635
17973 13 675
17776 5 252
17661 84 4233
18044 419 20995
17753 4 246
18732 254 12726
15673 53 2689
18644 219 11000
17371 55 2779
15254 60 3027
18929 220 11019
15273 44 2228
14281 83 4164
17504 28 1448
14774 112 5603
17840 81 4087
17033 49 2500
18756 2 108
14734 148 7443
14641 6 340
17780 44 2243
17484 274 13711
15413 54 2736
14798 38 1935
15696 8 447
17217 109 5452
16227 161 8056
18922 418 20932
18732 254 12740
18750 209 10462
18024 401 20056
14369 4 238
15469 324 16247
16836 51 2571
16889 81 4082
18651 75 3759
14450 77 3856
16047 34 1705
18665 209 10465
17419 47 2374
14277 35 1760
16867 206 10339
18764 40 2008
15154 166 8302
14157 78 3928
14697 19 978
16442 57 2863
14564 154 7724
18527 302 15105
16497 45 2268
18604 16 811
18924 7 374
16118 96 4849
18732 256 12802
17504 8 401
16150 359 17998
16497 45 2268
15127 33 1699
15923 381 19093
15335 181 9080
15909 63 3158
15917 386 19313
15909 214 10717
16298 17 881
18750 205 10281
14436 80 4043
17361 185 9277
14281 88 4401
17339 127 6352
15894 39 1997
14746 108 5443
15446 13 677
14774 112 5603
15774 111 5554
18039 46 2330
18910 160 8044
15909 63 3158
15923 180 9005
16544 152 7612
15167 141 7075
15794 17 878
14149 30 1550
14403 59 2998
16867 271 13553
17661 84 4233
15923 155 7791
15846 116 5833
18922 398 19940
17875 223 11188
16497 8 427
14819 8 423
18027 37 1863
15053 188 9432
16845 143 7183
14427 264 13229
14379 28 1442
17776 5 255
14355 2 117
14970 68 3428
18031 83 4175
14269 65 3257
18685 490 24503
16783 45 2286
14151 70 3538
18028 229 11456
16058 97 4854
17383 78 3939
17696 166 8310
17662 27 1389
15965 290 14544
18039 169 8465
17522 18 909
18631 316 15839
15328 62 3121
17260 25 1261
18779 32 1629
14306 172 8620
17636 35 1796
16798 67 3388
17985 180 9036
18794 118 5929
17590 1 67
14335 211 10574
15940 214 10702
14886 55 2751
16689 6 312
18249 7 383
17123 2 140
18923 391 19553
14316 8 414
17636 5 251
18024 345 17278
18253 11 561
14336 88 4402
18922 383 19195
14921 7 360
17681 50 2533
14223 55 2793
14281 88 4401
18748 153 7665
16845 449 22485
14355 11 593
18712 182 9138
15251 82 4106
14764 5 271
17239 163 8157
18907 107 5382
17462 11 599
16878 158 7921
16836 51 2590
16167 259 12997
16095 79 3972
14143 48 2431
17874 52 2612
14768 87 4367
14138 95 4762
15640 64 3224
14921 59 2990
18748 153 7659
14721 2 150
17366 51 2577
18603 204 10224
14715 41 2058
14774 187 9400
17336 16 832
18732 256 12820
14143 143 7151
17137 29 1488
15430 41 2095
18249 22 1143
17267 81 4080
17590 4 212
14263 103 5179
17324 53 2668
15640 48 2449
16265 16 844
15673 53 2689
15130 50 2519
18860 116 5822
18018 15 766
17990 254 12738
16041 195 9752
14564 106 5324
17178 36 1809
16225 249 12500
17337 45 2257
15987 370 18517
18024 509 25471
16410 159 7994
18007 77 3897
14336 88 4402
14664 240 12023
17326 18 923
17361 56 2831
15469 194 9707
14702 33 1663
14611 157 7892
14231 25 1290
17696 54 2724
14636 102 5127
14921 68 3404
15154 123 6200
14548 168 8442
17696 8 408
15923 155 7791
17667 97 4860
18492 238 11934
17053 110 5503
14697 47 2393
18712 182 9124
14623 17 869
17851 259 12981
15966 150 7522
15689 273 13685
17871 34 1743
18753 34 1716
17662 4 250
16242 265 13280
18685 484 24235
18031 88 4403
18034 65 3299
16761 55 2795
14319 22 1136
16753 62 3105
15166 43 2179
15383 178 8913
16410 193 9697
14643 179 8952
18007 70 3529
16341 269 13491
16434 46 2345
18750 213 10694
17840 156 7807
15457 76 3845
17322 35 1791
17337 31 1574
17504 4 245
18492 238 11938
14369 40 2043
15894 39 1997
18527 302 15127
18010 101 5062
18238 176 8821
15254 60 3027
15103 103 5156
15115 139 6999
16947 165 8288
17875 330 16515
18466 118 5920
15923 155 7791
18009 22 1106
15430 46 2301
14611 157 7862
18044 522 26136
18048 408 20446
18910 79 3982
14524 36 1846
14269 65 3257
17829 182 9130
18644 124 6238
16225 155 7757
15053 48 2447
15080 36 1832
15425 13 676
17371 149 7465
16835 38 1904
17766 33 1659
14319 2 135
16432 13 676
14154 81 4063
15919 46 2304
17990 405 20289
18024 589 29462
14749 103 5165
14161 86 4328
16965 322 16138
14921 59 2990
14191 27 1360
17866 60 3016
18651 84 4204
16965 322 16108
14546 151 7561
14271 139 6987
17753 175 8763
17419 47 2378
14328 20 1001
18712 138 6943
18760 259 12970
18045 49 2459
16119 199 9985
17590 15 763
15014 207 10393
14269 154 7713
15458 7 371
18750 205 10281
14940 51 2587
17992 2 137
18258 123 6185
18489 195 9776
15973 116 5830
16893 49 2487
17696 54 2725
18474 217 10859
16526 48 2440
18024 364 18215
14886 129 6488
14319 24 1235
15179 103 5166
15987 210 10526
14329 25 1253
17620 44 2203
18677 222 11137
18008 91 4579
15228 70 3523
14148 73 3657
15851 15 793
17335 46 2321
14450 291 14568
17206 181 9056
18024 401 20051
17028 163 8160
16265 16 813
14243 33 1677
18685 565 28262
17144 165 8298
18779 32 1642
17851 326 16324
15970 198 9932
18779 473 23660
15254 97 4884
14527 95 4800
18750 205 10254
18732 344 17214
18010 101 5073
17361 185 9266
15290 29 1460
