7001 418 20934
5456 12 614
7003 411 20560
5108 96 4837
5564 192 9627
6837 8 406
7003 960 48037
7010 1038 51946
7004 654 32730
6960 77 3855
6482 153 7696
7004 1268 63421
6968 1 89
5339 91 4557
7010 246 12334
7014 1121 56099
7010 1596 79810
6794 22 1150
7001 324 16224
7014 1411 70560
6420 43 2197
6968 2 133
7014 1640 82011
6564 83 4189
7014 429 21493
7008 890 44526
6338 44 2220
5511 48 2425
6362 83 4192
5340 96 4813
7007 22 1146
7014 1062 53131
7001 823 41193
7008 1393 69661
6680 73 3652
6663 41 2096
7014 34 1716
6467 97 4896
5441 8 414
7004 1138 56937
6030 13 693
7001 344 17241
7004 184 9203
6942 94 4701
6812 3 169
7001 891 44596
5433 153 7692
6334 15 791
7008 1464 73202
5106 192 9604
7013 193 9680
6663 41 2097
7008 675 33754
5487 28 1446
7013 193 9674
6503 60 3046
7014 5 252
6689 33 1652
7010 1447 72351
5216 85 4256
7006 337 16890
7004 1208 60403
7014 1346 67310
6765 156 7829
7003 469 23465
6697 98 4932
7010 1049 52492
6960 73 3656
7014 990 49547
6078 1 51
7008 833 41672
7008 583 29173
7008 1027 51396
6030 8 416
7012 442 22135
7010 1390 69539
6908 184 9218
7004 1278 63912
6319 47 2352
5497 12 637
6632 56 2832
7012 794 39720
6882 155 7787
7001 1025 51269
6201 58 2946
7014 1331 66566
6027 3 163
6829 123 6177
6930 15 770
7008 889 44500
7001 819 40988
7008 589 29462
6507 47 2378
6080 91 4599
7012 324 16219
7013 201 10077
5380 3 181
7014 867 43381
7010 727 36376
7008 1348 67411
6338 26 1316
7004 654 32724
5497 101 5090
7008 133 6695
7014 212 10639
7008 1029 51459
6426 26 1329
6934 77 3863
7010 1568 78403
6951 23 1167
7014 205 10266
5380 5 262
7001 185 9262
7013 187 9390
7012 1425 71271
7014 1121 56060
7008 889 44451
7001 480 24004
6951 24 1219
6315 26 1345
7014 653 32674
5042 40 2042
7010 138 6925
6752 72 3616
6211 207 10382
6827 104 5231
5564 192 9641
6027 4 226
6812 9 454
6423 75 3782
6991 64 3219
7008 510 25510
7012 1054 52712
6663 21 1076
6908 191 9583
7001 144 7224
7001 344 17227
7001 480 24033
6949 81 4057
7001 26 1327
6616 24 1232
6560 14 718
7010 1596 79837
5404 30 1540
7003 31 1559
6828 164 8219
7014 429 21481
6107 19 995
6981 39 1957
7006 558 27927
7010 1162 58138
6568 34 1743
7010 1549 77496
5151 83 4186
7003 1050 52522
6319 46 2314
7010 1270 63519
7010 1270 63543
7004 729 36483
6480 101 5082
7014 1214 60705
6359 5 272
6930 19 989
6756 42 2145
7013 238 11922
7006 588 29422
7003 1304 65238
7010 1038 51928
7003 43 2157
7003 1449 72472
7008 280 14018
7008 1387 69398
7014 867 43369
6130 13 667
6991 66 3350
7014 1346 67318
7004 1660 83017
7006 471 23592
6407 96 4837
7001 682 34130
7010 416 20801
6756 41 2092
6080 92 4637
6663 173 8679
7003 643 32154
6827 103 5191
6908 184 9246
7001 977 48900
6959 125 6270
7014 326 16318
6030 13 693
6303 83 4159
7010 280 14046
7008 1464 73203
7003 1449 72467
5557 21 1052
7004 1486 74322
6908 188 9440
6663 43 2192
7014 1121 56058
7010 579 28991
6765 210 10513
6991 68 3436
6050 9 486
7008 1393 69651
6837 154 7701
7010 1549 77471
7001 1025 51278
7003 1050 52511
7011 302 15132
7012 19 952
6170 31 1590
7012 708 35402
5146 43 2164
6217 143 7174
6960 167 8374
7003 1339 66954
5093 164 8242
7001 566 28301
7004 901 45073
7010 89 4498
7008 103 5182
7004 1268 63442
7003 228 11417
7012 529 26464
6663 46 2342
6100 14 736
7008 1051 52562
7012 1549 77474
7013 40 2027
7013 201 10074
6338 43 2157
6812 3 192
7012 1466 73310
7001 185 9260
6401 17 898
5229 7 360
7003 1318 65909
7012 1141 57080
5891 149 7452
7003 1433 71657
6441 62 3122
5487 28 1444
7004 1486 74336
7008 1387 69381
6968 7 351
5331 137 6874
6945 208 10429
7010 710 35543
4957 145 7253
6763 150 7514
6826 46 2334
5966 12 602
7012 1275 63773
6366 79 3995
6480 101 5064
7001 977 48900
6960 166 8320
6908 188 9442
5380 7 384
6359 2 132
5151 89 4467
7010 343 17176
7003 828 41434
7012 302 15106
7004 1278 63932
6616 20 1027
6106 50 2506
6977 90 4504
7001 228 11418
5155 92 4633
7010 1485 74286
7006 486 24316
7003 214 10711
6668 87 4364
4983 18 933
6410 122 6121
7001 682 34120
7003 232 11630
6616 22 1111
7008 280 14041
6955 208 10427
6882 195 9782
7001 732 36647
5195 29 1489
6991 67 3368
7010 579 28994
7003 1433 71675
7001 26 1317
7003 1437 71856
6406 119 5970
7003 228 11406
5068 95 4765
7004 1208 60421
7014 515 25789
7012 1290 64503
6930 13 691
6102 38 1905
6663 169 8458
7003 456 22819
7003 214 10734
5605 55 2769
7006 486 24303
6407 97 4883
5630 42 2129
6378 2 107
6628 44 2237
6441 62 3126
6908 188 9426
5487 20 1050
7006 486 24306
6090 76 3813
5339 47 2360
7008 890 44544
7008 1244 62224
7003 119 5951
7001 324 16212
6945 219 10959
7006 308 15402
7004 1275 63770
7012 892 44601
6286 138 6945
7010 1485 74253
5891 32 1608
7014 1003 50191
7014 1505 75289
7003 1318 65919
6366 75 3779
7003 749 37454
6401 19 968
7012 1141 57087
5541 45 2277
5331 135 6760
6407 93 4660
7001 26 1336
5339 41 2099
6918 36 1827
7008 144 7246
6930 12 650
6952 101 5052
7003 270 13513
7003 1449 72499
7014 763 38173
7003 1193 59666
6975 66 3313
7013 40 2011
6930 15 776
6633 32 1642
7010 579 28988
6765 214 10713
6467 124 6206
5497 11 571
7012 1447 72380
7001 866 43311
7001 570 28520
6763 150 7545
5966 47 2378
7008 1393 69674
7001 566 28315
5169 121 6062
7010 89 4494
7014 1121 56053
6955 211 10598
6765 157 7898
6490 38 1911
7001 144 7227
7011 308 15402
7003 643 32172
6423 75 3776
4998 132 6649
6975 66 3315
7008 144 7233
7010 668 33444
7012 442 22146
7014 653 32657
6954 3 176
7014 1640 82043
6319 45 2300
7012 246 12311
6482 152 7608
7001 1134 56707
7001 185 9264
6635 0 2
6423 75 3797
5783 93 4697
6035 3 175
7012 1485 74272
7014 34 1706
6934 13 689
6319 44 2227
6829 123 6158
6945 219 10978
6956 120 6049
7001 153 7686
7012 1485 74261
6828 163 8171
7004 206 10348
5511 40 2017
6123 8 426
7010 579 28999
7001 185 9263
6666 186 9318
7013 206 10326
7014 429 21451
7012 1659 82967
6918 35 1770
7013 193 9688
6908 56 2807
7014 1003 50188
7012 246 12350
7012 1275 63791
7008 1110 55518
6829 123 6189
7001 379 18992
6955 211 10595
6981 38 1901
7012 442 22145
7008 1321 66099
5966 48 2444
6812 1 56
6319 47 2352
6934 13 665
6777 1 77
7013 193 9671
7001 210 10501
7008 890 44543
6756 154 7737
6387 16 830
7010 220 11036
5036 20 1050
7012 302 15131
5516 22 1105
7012 1659 82963
7003 1642 82147
4957 144 7230
7010 138 6934
6090 72 3626
5401 36 1807
6482 147 7356
6286 141 7098
7012 1466 73302
7010 727 36368
6978 99 4973
7014 205 10265
7001 891 44555
5452 49 2459
7003 848 42443
6078 1 61
5339 44 2210
7001 26 1314
5331 133 6681
7014 1062 53110
6945 219 10961
7010 710 35534
7003 456 22819
7010 1049 52496
7003 456 22816
6334 14 735
7008 144 7238
5581 35 1791
7003 363 18182
6683 15 792
6632 34 1714
7012 1549 77459
7001 682 34105
5151 177 8878
5069 34 1740
6321 64 3215
6912 58 2924
7010 1447 72360
7001 210 10547
5515 96 4836
5151 163 8195
6420 43 2197
5013 27 1388
7003 784 39202
7012 1006 50343
7004 575 28781
7013 187 9382
5519 148 7450
6751 23 1163
7001 324 16213
6991 67 3356
5459 1 78
7010 48 2428
6480 127 6369
7014 34 1730
7010 1049 52465
7004 206 10347
6882 153 7659
7008 1393 69651
6528 11 553
7014 205 10294
7014 308 15442
6664 123 6160
6211 69 3457
7014 1214 60733
5996 25 1294
7008 1348 67437
6992 10 549
7004 1299 64991
7012 1485 74251
7003 1437 71869
7001 866 43342
5536 12 618
6616 28 1419
6812 3 192
7008 1010 50545
7014 326 16327
7012 708 35422
6934 71 3573
6981 40 2045
6620 150 7502
6908 55 2755
5155 38 1947
7008 889 44462
6199 75 3768
6765 212 10622
6620 151 7588
7014 1214 60733
7003 188 9407
7012 892 44641
6217 142 7114
7008 144 7244
7014 1411 70564
5966 46 2335
7001 26 1347
5497 109 5459
6548 2 104
7006 308 15415
7014 1270 63546
6812 3 181
6837 157 7891
6687 193 9698
6542 170 8512
7012 1447 72368
7010 1038 51929
7003 784 39228
7008 145 7282
6827 110 5527
7014 1062 53144
6081 13 691
7004 1435 71767
7006 558 27903
6577 33 1666
7010 1545 77286
6908 188 9440
7014 990 49532
6564 83 4156
6106 48 2428
7004 575 28776
7010 1485 74269
6934 15 789
7001 1134 56703
7014 1640 82036
5441 7 375
7012 1065 53268
7004 1164 58250
6441 65 3284
6959 124 6248
6319 29 1493
6379 94 4729
5456 18 921
7008 734 36706
7010 1562 78104
6827 110 5522
7003 413 20655
6490 38 1911
5108 97 4858
6908 51 2566
7008 924 46215
5497 16 827
6930 20 1007
6078 23 1160
7008 417 20883
7014 867 43368
7003 932 46636
7012 302 15105
6908 53 2675
5966 50 2549
7012 1141 57087
7012 1290 64532
7014 1270 63545
7001 464 23205
7004 1622 81126
7010 668 33432
7003 188 9419
6956 115 5792
6446 126 6347
7012 1290 64531
6908 57 2877
6697 100 5025
7004 184 9210
5966 44 2201
6548 1 99
7008 889 44458
7003 1437 71881
6503 57 2865
6826 42 2128
5966 50 2523
6828 169 8486
6628 45 2259
7014 216 10846
6956 115 5753
7004 901 45055
7001 682 34137
7008 103 5169
7004 184 9231
7001 566 28313
6959 127 6384
6831 59 2978
7008 890 44536
6763 142 7141
7008 417 20853
5229 6 309
5456 12 622
6945 216 10844
6666 15 783
5331 137 6856
7008 994 49743
7010 84 4242
7003 270 13511
6542 166 8328
7012 1635 81757
6650 20 1015
7013 206 10348
6918 33 1684
6211 66 3301
4983 46 2320
6338 44 2247
6503 58 2948
5487 50 2509
5108 92 4627
6564 84 4216
6812 4 212
6930 13 682
6828 169 8469
7014 205 10270
6945 219 10961
5996 22 1138
5966 0 5
5581 35 1791
7003 411 20579
6480 101 5083
6683 15 764
6568 36 1811
6656 40 2019
7012 1061 53074
6896 17 859
7003 214 10746
6687 192 9629
7001 210 10516
7013 193 9688
6334 15 771
6837 4 202
7010 246 12338
6375 57 2870
7014 950 47536
7008 466 23333
6916 123 6178
5783 86 4301
6687 191 9596
7004 1622 81150
7010 1447 72393
6401 13 669
5000 41 2052
6362 101 5096
7001 823 41178
6628 44 2210
5497 106 5327
7008 786 39311
7003 411 20593
7012 1549 77456
7010 649 32466
7003 1111 55576
6359 7 383
7003 852 42646
6467 123 6192
7001 210 10501
7008 145 7299
7010 416 20841
7001 566 28301
7008 1051 52565
6912 60 3044
6968 6 320
6826 40 2041
6794 21 1071
5404 30 1532
7010 1270 63503
7013 154 7733
6912 59 2977
7014 515 25787
7001 682 34118
6616 26 1335
6945 212 10636
5190 3 178
7014 1184 59211
6623 82 4144
6387 19 992
6560 17 884
7004 1622 81126
7014 1331 66579
6286 138 6919
7003 828 41420
7012 1275 63761
7004 1605 80290
6908 190 9549
7004 514 25712
6334 8 442
7014 867 43375
5441 83 4167
7014 1582 79102
7004 1435 71797
5401 36 1807
4983 6 317
6579 47 2391
6697 100 5020
7003 31 1576
7013 238 11927
6990 19 957
6918 34 1712
6827 108 5430
6482 153 7696
7013 224 11220
7001 1025 51251
7008 280 14022
7014 867 43371
7014 212 10639
7010 19 990
5108 96 4847
5108 90 4519
7008 890 44526
7004 1624 81236
6687 196 9804
5458 157 7853
6908 191 9584
6027 3 163
7013 108 5404
5169 36 1834
7012 794 39711
5042 47 2375
7014 5 270
5331 130 6501
5154 155 7791
7013 238 11914
6620 127 6387
5630 39 1996
6687 191 9587
6908 191 9571
7003 1642 82147
7001 153 7674
5456 13 669
7012 1730 86503
7003 1318 65948
6837 152 7619
7012 442 22101
7003 232 11641
7011 308 15402
5000 46 2328
6560 18 913
7010 1068 53414
7012 914 45736
7003 643 32174
6387 11 586
7010 343 17180
7010 1343 67162
5190 2 108
6620 149 7473
6401 21 1099
7014 1331 66557
6572 174 8731
7003 1734 86714
7010 579 28984
7004 1278 63944
7003 1449 72459
6030 7 388
5404 37 1875
5169 35 1798
4998 132 6616
7014 53 2682
7003 1304 65240
7008 195 9787
7010 138 6936
7004 1208 60441
7010 84 4237
6956 115 5796
5547 74 3723
7014 1184 59234
7001 480 24018
6930 18 946
7001 295 14786
7010 1343 67159
5519 148 7450
6934 79 3991
6021 187 9399
5564 192 9642
7014 1505 75258
7014 10 545
6942 94 4729
6579 48 2448
7001 866 43314
7003 1734 86722
6359 4 223
7012 529 26462
6663 24 1217
6912 193 9700
7008 1110 55541
7008 1387 69361
7004 514 25717
6881 136 6820
7012 302 15117
6338 43 2157
7014 1214 60724
7003 1658 82901
7014 5 273
7010 8 435
5586 148 7406
6615 168 8446
7010 1049 52466
7001 344 17241
6300 124 6223
5382 179 8989
6945 208 10429
6663 175 8791
6548 3 171
5155 49 2474
6378 2 140
7014 326 16325
5019 115 5798
7014 990 49504
6663 18 939
7001 866 43342
7003 232 11619
6664 182 9101
6908 51 2576
6420 45 2300
7010 1042 52116
7003 411 20589
6482 150 7525
7012 529 26477
6981 128 6448
7001 464 23212
7014 53 2668
7003 1375 68778
6918 33 1654
6650 20 1039
6614 110 5539
5511 49 2495
7010 48 2449
7008 280 14014
4971 187 9360
6078 3 199
5093 161 8053
7003 1642 82135
7001 208 10433
6828 167 8383
6535 87 4376
5891 158 7936
7012 1730 86543
7003 700 35021
7001 480 24001
5497 102 5129
7012 1659 82972
7012 302 15133
6623 61 3051
7004 1622 81125
7013 238 11913
7012 324 16249
7003 960 48037
7008 1244 62244
7006 308 15408
7010 579 28968
6401 14 716
7004 1208 60403
7012 19 999
7012 1054 52740
6420 40 2016
6362 101 5077
6564 81 4092
7010 1042 52131
7003 749 37479
6401 13 684
5151 89 4491
6992 9 475
7008 145 7259
6577 37 1899
7010 84 4235
7013 193 9696
6756 40 2031
7001 823 41151
6548 84 4206
7012 442 22114
7001 819 40954
5106 184 9240
5497 19 959
5511 46 2313
7012 708 35428
6664 182 9101
7012 1141 57055
6319 47 2351
7008 1348 67415
5586 87 4352
6025 99 4981
6322 42 2101
5077 31 1557
7012 1054 52723
5605 57 2879
6102 38 1905
7013 40 2035
6091 100 5039
7004 1622 81126
7013 224 11231
7001 823 41166
6366 75 3779
7008 1078 53928
7012 1220 61027
6751 25 1262
5783 88 4444
7003 119 5961
5926 13 661
5013 2 108
7003 119 5991
5380 8 445
6930 20 1021
6407 92 4631
5921 17 855
7001 228 11437
6956 197 9851
5511 45 2275
7008 633 31675
7001 480 24031
7008 1393 69694
7014 34 1713
7008 1348 67404
6036 33 1698
6882 153 7674
7008 734 36723
7003 214 10707
6123 1 68
5459 178 8943
6959 122 6150
6991 68 3444
6794 22 1150
6960 73 3673
5078 3 178
7006 588 29413
5108 91 4578
7001 295 14769
6535 89 4471
7011 302 15108
7006 308 15436
6616 27 1361
5519 149 7494
7003 363 18199
7014 308 15406
6211 69 3457
7004 1624 81236
7008 144 7224
7012 708 35448
7008 1051 52579
6577 37 1899
7012 302 15105
7013 108 5424
6991 68 3436
7010 27 1375
6666 12 618
7008 833 41685
7001 144 7205
6908 191 9571
7008 1393 69677
7008 734 36706
7010 1447 72393
7010 727 36361
6560 10 503
7004 1622 81109
6334 8 425
7008 146 7318
7008 280 14050
7014 763 38200
7010 1343 67168
7013 193 9690
6560 10 503
7004 575 28764
7014 326 16338
6542 166 8303
6078 6 302
6050 0 1
6828 162 8145
6321 70 3511
7014 1270 63519
7012 1466 73325
6960 79 3967
5459 3 171
7010 1038 51938
4971 110 5502
6406 115 5791
7008 924 46203
7004 1299 64963
6319 46 2324
6656 41 2068
6794 18 918
7014 53 2699
6162 213 10689
7003 1050 52510
6579 43 2194
6954 6 332
6666 12 603
5926 13 677
7010 1049 52498
7010 280 14026
7010 1343 67151
6782 2 129
6404 174 8703
7010 1049 52494
7014 1054 52741
6406 119 5970
7003 413 20690
6960 79 3967
5065 24 1217
5487 52 2642
7008 1321 66095
7008 777 38867
6827 101 5076
6912 195 9761
7008 1321 66063
7014 653 32669
6951 20 1037
6827 101 5076
7004 1435 71783
7014 867 43398
6663 16 841
6334 111 5583
7004 1268 63401
6406 115 5796
6882 152 7618
6407 98 4901
7014 34 1748
6756 47 2371
7003 1658 82901
5977 194 9743
6912 59 2977
6956 190 9501
7012 1730 86510
5947 158 7901
7008 924 46243
6991 65 3298
6123 8 412
6106 49 2459
7013 201 10058
6955 212 10630
7014 763 38152
7004 1340 67021
7001 185 9254
6829 122 6102
6882 129 6500
6572 58 2945
7013 185 9292
7003 1413 70700
6230 97 4872
6123 10 536
7003 1318 65908
7003 1375 68778
7004 654 32704
6568 34 1743
5380 1 78
7004 1622 81137
5229 7 368
6664 72 3649
7012 1447 72392
7014 1728 86427
7014 867 43381
6956 120 6036
7001 344 17204
6664 120 6037
6106 48 2444
5401 37 1861
6763 158 7918
7004 184 9210
7010 579 28994
5459 180 9020
5151 177 8878
6827 103 5182
6467 98 4924
6763 166 8301
6954 14 724
7006 486 24350
6765 212 10610
7008 675 33770
7001 264 13249
7006 486 24345
5586 141 7080
6577 34 1705
6666 12 603
6201 57 2864
6765 212 10621
5185 74 3720
7012 1290 64540
6749 44 2232
5519 147 7397
7008 1029 51455
7010 27 1359
7010 84 4244
7008 1464 73246
7010 89 4484
6752 72 3650
7010 441 22086
7012 1290 64503
7011 308 15419
7008 1470 73518
7008 1078 53915
6650 18 935
7003 784 39244
7008 195 9767
6981 39 1957
7003 411 20559
7010 441 22089
6826 46 2350
6923 35 1788
7008 1387 69361
7012 1065 53283
6507 46 2344
6952 101 5061
7003 232 11632
5456 18 921
5229 2 141
7013 193 9682
5000 41 2052
6102 38 1949
6959 125 6256
6934 13 665
6908 186 9342
6572 57 2878
6030 13 698
7014 867 43398
7012 892 44618
7001 324 16207
7010 1562 78133
6379 38 1929
7008 583 29179
7010 1568 78408
6666 187 9381
6162 213 10672
6230 97 4872
7008 885 44290
6387 12 621
7010 579 28995
7004 118 5913
5155 89 4475
7003 469 23475
6945 213 10658
6080 89 4468
6912 193 9668
5370 52 2628
7003 848 42442
7014 990 49519
7010 280 14043
6828 160 8005
5586 85 4287
6319 48 2430
7003 31 1591
7003 1387 69355
5071 13 692
7003 119 5961
7008 144 7243
7014 1184 59231
6933 83 4197
7006 471 23551
7004 309 15491
7013 108 5417
7008 890 44509
7008 144 7224
7003 932 46623
7014 867 43377
5497 12 637
7001 1025 51269
7008 146 7318
5106 183 9186
7010 138 6936
7011 302 15124
6831 55 2793
7003 1734 86729
6281 32 1632
7012 1065 53256
7004 1138 56917
7008 1348 67433
7001 866 43335
7001 480 24049
6664 193 9659
5404 38 1902
7012 1425 71271
5977 194 9745
5195 61 3074
7008 72 3606
6896 18 917
6286 140 7029
7012 1141 57051
6442 28 1426
6528 12 610
7003 1513 75683
7014 53 2667
6831 59 2991
6956 117 5879
7003 643 32172
6560 10 535
6366 83 4173
7012 1479 73983
7008 675 33755
7014 515 25772
7008 103 5173
6871 187 9399
7008 195 9776
5108 96 4840
7003 1437 71881
7014 1054 52736
7008 280 14022
7012 1141 57094
6923 30 1546
7003 784 39231
6535 91 4563
7008 1348 67407
7012 781 39057
6231 109 5458
6933 86 4341
7014 216 10816
5077 19 956
7006 471 23562
7010 1042 52143
7008 133 6653
6942 94 4729
7003 1437 71866
5516 25 1290
7012 892 44602
6908 50 2506
7001 344 17249
6288 175 8755
5512 189 9491
7003 228 11441
6831 59 2986
6173 32 1612
5385 160 8039
5459 9 487
5511 48 2408
5331 134 6739
5515 67 3372
6030 14 734
6303 79 3967
5155 49 2463
7012 1126 56307
5013 29 1470
6763 150 7514
7001 566 28328
6568 36 1806
5404 37 1875
7010 668 33441
7004 309 15457
7014 308 15405
6535 89 4484
7010 1390 69527
7001 295 14800
7003 1437 71886
7014 950 47503
5380 8 445
7014 429 21462
7012 1006 50324
7004 118 5949
7003 411 20560
6542 164 8214
6952 91 4593
7004 1268 63447
6650 20 1020
5519 146 7322
7003 1304 65215
7013 206 10312
7014 867 43368
6286 78 3910
7008 72 3614
7008 280 14039
6975 64 3213
6663 18 947
7012 892 44601
6896 15 788
6334 111 5600
7014 1184 59222
7003 1050 52537
7013 193 9698
6211 66 3301
5506 51 2574
7010 84 4227
6933 81 4062
5586 142 7135
7003 31 1569
6334 12 619
7010 1447 72384
6616 22 1111
5541 40 2024
6577 32 1631
6991 69 3473
6321 69 3466
6934 75 3795
7003 262 13136
7001 682 34120
7012 1466 73303
5331 138 6925
6663 19 959
7004 654 32704
7010 1042 52103
7010 48 2441
7001 185 9261
7003 31 1585
7008 890 44506
5547 74 3715
6756 42 2142
6650 18 943
6954 10 547
7014 867 43362
7012 1466 73341
7008 994 49735
6366 13 663
5498 4 223
6036 53 2677
7001 819 40988
7001 682 34148
6650 22 1147
6366 19 973
7003 31 1552
6078 3 199
7012 246 12326
5070 55 2779
7003 1044 52245
7008 633 31684
7004 1605 80267
7001 228 11418
6442 33 1680
7010 649 32492
7006 558 27917
7008 589 29460
6359 6 309
5459 175 8785
6956 112 5632
7004 654 32712
7003 1044 52214
6765 212 10624
7010 1042 52120
7006 324 16211
7013 193 9680
7008 885 44276
7014 662 33112
5013 9 478
7013 238 11913
6951 25 1285
6945 215 10795
7003 1433 71668
6975 69 3485
7008 890 44529
6426 23 1167
6765 210 10503
7014 515 25787
7013 206 10323
7012 442 22146
4983 46 2320
7012 529 26456
7012 1186 59315
6663 45 2259
6888 90 4536
6420 45 2267
6656 42 2126
5547 72 3648
5137 8 441
6379 94 4729
7008 146 7308
6923 12 607
7006 308 15422
6959 122 6150
7004 514 25704
7008 1244 62204
6284 60 3042
7013 108 5417
6831 51 2600
6664 123 6154
6535 93 4660
7008 583 29158
7001 866 43313
7012 1275 63781
6401 14 707
6981 42 2130
6945 213 10664
6616 25 1271
5630 41 2058
7010 1162 58138
7003 469 23496
6912 60 3044
7001 324 16212
6765 156 7837
5380 5 269
5497 103 5160
5557 20 1035
6564 81 4090
5497 109 5479
7003 469 23500
7003 1513 75686
6564 82 4120
6923 14 711
7001 264 13249
7004 1622 81120
6960 73 3696
6827 110 5516
6027 5 275
6420 45 2300
7001 542 27110
6664 181 9080
5512 210 10511
6689 35 1787
6749 44 2212
6284 63 3162
7008 885 44276
7008 1010 50530
6490 36 1824
6632 57 2869
6375 30 1525
5055 52 2609
7008 589 29485
6888 90 4515
7008 144 7247
6888 50 2519
7003 456 22811
7008 734 36719
5380 9 491
7012 892 44642
7008 195 9793
6170 38 1923
7003 828 41406
7004 514 25741
5459 2 107
7010 369 18476
6812 4 212
7010 649 32465
7004 1622 81114
6981 40 2016
6831 50 2515
7014 1505 75258
7007 22 1143
6616 22 1126
5401 31 1577
7004 206 10314
6882 210 10509
7012 892 44650
6616 23 1186
6882 153 7671
5516 24 1229
6756 153 7689
7003 1044 52201
6991 70 3541
5497 16 827
6036 56 2834
7003 932 46626
7004 1138 56917
6973 40 2004
6765 212 10621
7013 154 7745
7014 308 15407
5557 23 1194
6123 9 463
6882 156 7833
7001 208 10413
6882 153 7674
6882 195 9771
7004 961 48065
6782 2 138
5891 158 7930
7004 1340 67021
7003 775 38758
7008 885 44254
7010 416 20826
6918 66 3322
6918 37 1886
5497 11 572
6871 187 9394
6548 2 104
5441 89 4470
6871 187 9394
7010 649 32452
7006 486 24315
6683 13 700
5068 34 1713
7008 466 23304
7004 654 32722
6837 151 7594
7010 1485 74296
6446 123 6200
7014 10 548
7008 417 20889
6975 66 3313
7003 1387 69393
7014 326 16327
5459 170 8540
7003 1437 71865
7001 823 41192
5586 87 4379
7010 416 20807
5385 160 8039
7003 775 38756
7014 1582 79147
4957 142 7102
7010 1562 78108
6837 8 402
7014 1411 70562
6975 71 3594
7003 643 32174
7014 653 32656
7001 153 7683
7004 1278 63912
7008 786 39330
6697 100 5020
6663 25 1272
7012 708 35424
7003 228 11428
7014 1062 53138
7008 734 36730
7004 1299 64963
7011 302 15108
6503 56 2806
7006 486 24327
5512 189 9462
7010 1042 52103
7010 8 441
6542 165 8293
6827 104 5210
5541 41 2091
7003 1433 71695
5969 46 2316
7010 727 36357
6765 212 10644
6080 92 4611
7010 1270 63503
7014 990 49516
7014 10 514
6991 69 3486
7006 604 30249
6952 91 4571
7004 961 48088
7014 1270 63506
7008 145 7264
7003 848 42429
6205 95 4756
5783 93 4693
7008 417 20884
7003 775 38785
6949 78 3916
6912 201 10052
7004 729 36455
6763 158 7918
7014 216 10847
5042 49 2457
7014 1411 70584
7012 1466 73327
6837 154 7749
6564 84 4216
7008 1348 67437
6548 0 47
6440 57 2900
5370 56 2819
7013 193 9683
5370 57 2851
7003 1513 75651
7001 210 10539
6908 188 9427
6629 8 430
5519 144 7236
7014 429 21494
7013 206 10326
7004 654 32712
6446 124 6250
7003 31 1558
5151 163 8195
6955 208 10427
7012 1006 50304
7004 654 32707
7012 1466 73341
6123 9 491
7004 1319 65957
7003 1387 69379
5380 3 195
6623 61 3064
7014 662 33147
7003 1304 65232
6666 12 621
6837 8 434
5169 37 1859
6035 7 382
7004 654 32713
7008 1464 73244
6960 167 8361
7010 1270 63544
7008 833 41672
6650 19 953
6482 148 7447
7013 201 10058
6933 87 4374
7006 604 30208
6123 9 467
6959 123 6171
6442 34 1732
7008 1078 53915
6765 210 10503
7004 514 25713
5339 45 2300
7006 558 27943
7010 668 33401
6379 38 1947
5441 6 309
7010 1068 53407
6945 215 10799
6765 158 7920
7008 510 25517
6697 100 5025
6407 93 4660
7014 763 38164
6078 23 1160
7014 1346 67346
6956 116 5830
7014 1270 63545
6908 52 2619
6025 98 4923
7014 1640 82009
7003 31 1558
5891 149 7452
7004 1340 67012
7008 1027 51397
6579 43 2151
6535 91 4558
7001 210 10538
6981 65 3270
7003 1111 55571
7003 232 11622
7007 22 1143
7003 119 5991
6548 91 4552
7013 40 2023
5497 100 5004
5071 19 960
6908 188 9422
5029 172 8650
7012 1061 53061
6205 95 4789
7003 643 32163
7001 208 10420
7012 529 26489
7014 1411 70552
7004 1319 65967
6321 71 3576
6483 0 12
7012 1065 53256
7008 1010 50545
7003 852 42649
7010 138 6940
6968 1 89
7008 1387 69351
7010 668 33444
6930 17 886
7001 823 41156
5996 23 1169
7006 324 16220
7003 1375 68799
6230 58 2910
7003 214 10711
7010 27 1389
7003 1513 75692
7012 794 39747
7012 1186 59333
7008 133 6667
5891 148 7425
5456 14 739
6930 18 935
6035 3 175
7010 1343 67165
7010 1447 72351
7003 924 46239
7001 566 28315
7012 302 15113
7014 1640 82029
5611 102 5120
6973 43 2173
6426 27 1387
7010 579 28984
6981 37 1888
7007 22 1146
7008 1027 51377
6945 213 10662
7004 901 45073
5106 183 9176
7004 206 10348
5106 184 9240
6288 175 8796
5448 11 580
5966 8 434
7014 429 21451
6954 10 547
6334 7 366
7003 31 1561
6036 34 1739
7014 515 25759
6934 74 3711
6359 6 309
7010 8 420
6548 87 4389
6359 5 288
6379 31 1557
6908 191 9584
6572 168 8437
6992 9 475
6528 13 684
5154 152 7612
6751 27 1351
6615 172 8613
7003 80 4048
6375 30 1550
5136 61 3053
7001 682 34140
7008 102 5118
5586 139 6983
7014 1214 60727
7010 1390 69526
7003 228 11417
6401 21 1100
7014 653 32653
6548 63 3152
5108 92 4634
5511 43 2196
7014 515 25755
7012 19 981
5497 102 5112
6211 64 3233
7014 1003 50181
6480 110 5524
7014 1582 79141
6934 77 3882
6656 38 1937
6407 90 4539
7003 784 39202
7006 324 16243
5380 0 5
6090 78 3936
6666 185 9299
6507 45 2294
6030 8 446
7008 145 7285
6507 46 2342
5382 170 8508
7008 102 5134
6896 13 654
6981 65 3282
6908 190 9523
7014 1331 66553
7003 775 38797
7014 662 33148
7010 19 990
7014 5 270
7004 901 45081
7001 228 11446
6960 77 3861
7008 280 14045
7001 153 7683
5331 133 6681
7003 411 20561
6973 43 2186
7014 53 2665
7003 1318 65912
6483 0 12
5146 43 2164
6942 93 4654
7003 469 23482
7010 1038 51908
6303 126 6311
7004 1023 51172
7014 308 15419
6664 180 9006
6918 68 3435
6853 106 5340
7001 977 48873
6379 37 1883
7012 529 26489
6426 27 1387
7003 852 42619
6960 166 8320
7003 119 5978
6106 49 2457
5069 34 1740
7010 48 2443
7012 1126 56309
6908 50 2550
7001 228 11449
6663 20 1037
7012 892 44606
6918 65 3291
6401 21 1063
7010 727 36372
6828 165 8278
7012 246 12323
7004 575 28761
7014 1411 70563
7008 885 44292
6480 107 5363
5557 24 1236
7010 1390 69550
7008 102 5112
6315 25 1258
7001 26 1314
6687 196 9847
6756 153 7698
7012 1479 73973
7013 206 10323
7013 187 9384
6756 43 2189
7013 224 11247
7006 604 30201
7012 1447 72376
7012 1141 57053
6319 49 2476
6628 43 2173
6930 15 774
7001 566 28307
6366 80 4028
6828 162 8145
6829 122 6102
4998 132 6649
7008 1051 52563
7004 1164 58209
7012 1006 50313
7010 220 11048
4983 48 2440
7008 589 29494
7004 206 10314
7008 417 20876
6945 213 10658
6956 197 9872
6090 78 3950
7008 280 14018
6614 157 7869
6794 17 899
6407 96 4843
6482 150 7525
6663 18 911
5404 34 1731
6952 97 4875
7004 253 12673
6812 1 94
5459 182 9124
6955 212 10630
6991 69 3458
6404 173 8691
7004 1023 51198
6683 15 764
7001 418 20920
7008 583 29163
6542 165 8293
6756 40 2043
7013 193 9699
7003 411 20568
7012 1485 74264
7008 102 5147
7012 246 12311
7012 1054 52722
7004 901 45066
6535 87 4376
7004 1278 63943
6959 119 5990
6934 18 904
5065 2 140
7004 901 45097
6206 129 6465
7008 746 37312
5497 108 5439
6882 154 7717
6173 32 1612
7008 1029 51484
6908 190 9549
7004 1164 58227
7004 253 12672
5966 48 2403
7004 1486 74342
6091 103 5163
7001 185 9300
7008 833 41662
7012 1186 59301
7001 700 35036
7012 1220 61012
6930 20 1007
7014 5 252
7003 270 13543
5433 159 7952
5401 38 1906
7012 1141 57088
6401 21 1099
7014 1582 79113
7008 1348 67415
7001 295 14755
7014 653 32694
7003 924 46239
7003 228 11426
7014 144 7213
6650 17 896
7003 31 1568
6362 83 4171
6751 25 1281
5511 40 2017
6577 35 1761
7014 867 43371
7004 1275 63777
6467 98 4924
7008 675 33795
6080 89 4498
7013 154 7704
7014 1640 82010
6162 213 10695
7013 224 11220
6975 56 2818
6366 13 694
6528 14 702
7014 1505 75268
5497 101 5090
5498 8 406
7014 326 16322
4995 8 413
5512 213 10686
7004 1023 51197
7001 700 35037
6831 53 2656
5169 34 1746
5996 22 1138
6934 76 3820
7001 464 23223
7001 379 18972
7014 326 16342
5380 0 47
7001 324 16213
6426 22 1125
7013 201 10078
7010 138 6947
7014 34 1706
7010 1568 78417
6975 57 2889
7011 302 15123
7012 1186 59346
7001 264 13212
7001 464 23238
7003 400 20002
7003 270 13547
7012 1659 82959
6507 45 2294
6666 186 9318
5401 33 1684
6888 0 47
5401 31 1597
7003 188 9405
5891 141 7095
7004 118 5937
7003 875 43798
6442 28 1416
7014 1346 67318
7006 558 27942
5339 96 4846
5459 177 8878
6577 37 1872
5511 48 2408
7014 1582 79108
6751 27 1389
6406 115 5796
7010 1562 78131
7008 734 36729
7004 1278 63943
7004 1622 81102
6620 127 6366
7003 828 41432
7012 1054 52744
7001 26 1322
7003 469 23488
5519 147 7352
6021 185 9293
6211 67 3370
5452 46 2345
6882 195 9783
7003 1387 69375
6036 32 1634
5452 47 2370
6170 38 1918
7010 19 983
7004 1660 83002
7013 201 10051
6201 55 2770
6756 42 2145
6912 195 9761
7001 891 44569
7001 208 10408
7008 1244 62235
7003 852 42647
5891 155 7755
7012 708 35419
7004 1208 60441
7003 1111 55565
6690 147 7367
7003 1193 59666
6752 70 3514
7004 1208 60418
7003 1513 75695
6991 67 3357
6444 37 1867
4983 44 2238
7010 8 401
6507 47 2388
6201 64 3250
7014 1214 60705
7012 1061 53052
7008 1321 66063
5380 2 127
7001 1025 51254
5154 72 3643
7003 1111 55583
6782 0 20
5433 156 7826
7003 228 11440
6765 212 10610
6123 8 426
6560 10 506
7003 1111 55557
6664 72 3619
7014 990 49547
7013 40 2041
6401 13 684
7008 195 9767
6480 110 5524
7012 529 26496
5519 142 7117
6359 0 1
7010 246 12343
6908 54 2730
7003 456 22836
7008 145 7276
6334 12 618
6503 58 2948
5459 177 8878
7010 441 22057
7012 1730 86543
5783 86 4338
6973 43 2173
6991 65 3298
7001 700 35040
6908 52 2604
6837 152 7635
6960 166 8310
6090 80 4005
6663 44 2241
7008 466 23308
7003 411 20558
7003 960 48030
6956 112 5612
5511 46 2349
7012 1466 73310
6812 3 181
7003 643 32156
6366 13 694
7003 1413 70665
7003 1734 86737
6663 21 1076
7001 210 10526
7003 188 9422
6362 76 3815
6942 93 4658
6975 69 3485
6590 25 1279
7014 5 258
6663 19 959
5000 43 2171
6379 34 1738
7014 515 25783
6572 172 8608
7001 418 20905
7004 206 10329
7001 480 24009
7010 84 4237
6577 32 1631
6036 53 2677
7013 193 9668
7013 238 11917
6934 75 3799
7008 786 39311
7003 1449 72486
7004 1275 63771
6955 204 10243
6837 7 383
7008 1078 53942
6690 149 7491
7008 889 44460
7010 441 22054
7012 708 35404
7003 119 5966
7003 1413 70682
7014 34 1719
5921 19 974
6334 14 735
7012 1447 72362
6366 74 3708
5547 72 3646
5557 92 4634
7001 542 27123
6542 170 8518
5216 81 4074
7003 363 18174
7003 924 46233
6959 124 6222
6441 61 3070
5519 144 7236
7014 205 10272
6366 12 604
7003 119 5994
7004 1435 71800
7012 1061 53093
6853 100 5046
6201 65 3251
5071 19 960
7010 48 2412
6615 169 8484
5519 146 7322
7001 324 16221
7004 184 9225
7003 413 20661
7010 710 35547
7012 1035 51798
7003 1050 52545
6021 187 9381
6959 120 6039
7008 1387 69388
6036 56 2847
7003 413 20655
6406 116 5804
6404 108 5431
5459 178 8943
7008 72 3610
6528 11 553
7010 1162 58106
7003 1413 70665
6315 26 1343
7003 1304 65224
7003 1304 65239
7001 480 24031
7011 308 15418
6954 6 311
7014 1062 53110
7008 1244 62225
7003 31 1592
6828 164 8247
7003 1413 70693
7001 977 48897
7004 654 32739
6211 204 10206
6107 26 1337
7004 1275 63770
6663 18 911
7004 1624 81209
7008 746 37312
5515 62 3108
7012 794 39711
6960 163 8192
7003 1318 65915
5401 31 1577
7001 682 34105
7004 1268 63428
7010 1545 77286
7014 34 1750
6548 3 171
6912 58 2924
7008 885 44291
6616 26 1335
6663 173 8685
6375 57 2855
7008 133 6679
6973 38 1931
7012 1479 73977
7003 932 46620
7013 185 9256
7012 708 35419
6653 126 6328
7013 201 10094
7012 1730 86529
6366 75 3773
7008 889 44451
7013 193 9696
6751 26 1305
6170 36 1819
7003 1527 76396
7008 786 39350
