8646 35 1769
8578 198 9927
10901 17 887
9336 266 13350
10906 181 9070
9470 99 4956
11740 338 16910
10592 353 17700
8666 106 5341
9653 335 16773
10669 16 835
10520 118 5913
11840 10 542
13691 142 7124
10505 75 3753
11546 21 1088
13469 81 4075
10479 18 905
11969 63 3191
10884 225 11283
9602 31 1558
8562 91 4590
12365 36 1820
10674 27 1375
10803 153 7680
11524 151 7551
9432 3 176
11087 6 301
9560 142 7105
11832 181 9085
8666 304 15201
12565 137 6874
10994 21 1093
11977 138 6919
13660 112 5606
9694 15 800
11091 111 5576
13661 227 11396
9113 8 416
11557 93 4654
8706 80 4038
9410 17 871
10520 117 5865
9603 525 26276
13623 74 3701
11550 155 7755
11665 109 5473
11494 24 1230
9519 120 6019
13491 7 399
12025 51 2568
11608 34 1713
8905 305 15272
9628 43 2190
12368 6 327
9564 409 20473
12056 208 10415
10719 149 7480
9668 154 7741
11831 41 2100
11064 206 10340
12369 9 451
11820 98 4948
13674 226 11342
11601 97 4880
10569 115 5779
11885 106 5316
12005 99 4960
9563 451 22576
10725 321 16089
9024 113 5689
10786 114 5750
10595 122 6127
13621 10 505
9425 28 1418
13569 63 3188
8908 362 18108
11619 104 5250
12070 10 516
12442 67 3358
11214 3 152
10831 102 5142
10931 322 16105
9348 0 48
8757 11 592
9529 274 13748
11111 110 5550
10696 139 6978
9563 389 19466
10855 17 889
11852 55 2760
12441 300 15025
12061 124 6206
12073 28 1413
10824 73 3690
8927 71 3562
9246 9 464
11791 80 4001
9590 70 3531
11858 35 1790
9348 85 4280
13520 51 2552
13693 33 1663
13617 11 600
9586 409 20469
8504 39 1952
11025 111 5598
12137 82 4124
9650 64 3242
10432 300 15023
9273 115 5757
10721 152 7629
10959 59 2961
10307 152 7626
11065 95 4790
8817 10 549
9427 167 8372
11842 51 2582
11861 7 383
8668 10 505
12380 75 3774
12495 231 11570
9618 81 4079
12111 5 254
8802 6 332
12137 82 4124
12368 95 4768
11134 72 3614
11626 11 594
12139 30 1541
11080 139 6971
9653 344 17201
11720 179 8985
11546 21 1088
9432 14 727
9238 31 1566
11786 261 13091
13630 42 2110
11630 74 3736
11182 47 2374
11559 65 3267
12442 36 1814
11182 47 2375
10705 219 10956
11960 32 1622
10520 118 5913
13687 73 3673
8562 50 2522
13470 59 2973
10667 39 1994
10608 15 787
11913 185 9296
12365 36 1820
12025 35 1757
8936 63 3168
11846 100 5005
12449 73 3698
12560 40 2021
10952 170 8528
12086 9 499
12454 29 1461
11976 40 2034
13623 50 2536
10863 26 1310
11909 206 10336
8650 50 2548
11090 113 5690
10725 123 6184
10906 227 11357
9069 37 1879
12451 57 2896
11508 142 7144
9668 106 5334
8646 33 1659
12418 59 2956
11675 124 6242
10610 69 3500
12057 22 1128
12137 27 1352
8817 13 675
9024 114 5741
9564 517 25895
10562 214 10715
8888 137 6885
11139 94 4739
12442 142 7145
12505 94 4742
10567 265 13258
11604 61 3090
11614 26 1320
8751 36 1814
11515 28 1448
11531 135 6758
11924 10 532
8906 89 4482
11508 159 7972
13477 172 8615
11494 50 2544
8817 10 510
12025 328 16428
10788 16 806
13638 172 8638
12002 100 5003
9668 117 5855
11025 111 5589
8902 55 2763
9338 26 1343
11786 172 8650
12066 121 6096
10725 302 15114
11931 33 1653
9215 203 10195
11139 100 5004
8905 190 9521
8714 159 7954
12103 2 130
10444 34 1729
8454 22 1105
12545 12 646
9669 307 15380
10533 126 6332
11285 50 2546
8928 45 2278
13522 10 515
12004 275 13773
12071 33 1665
10624 185 9264
10493 111 5561
9583 148 7439
11675 124 6242
12008 12 623
11177 35 1767
9679 149 7451
10906 179 8978
9437 295 14781
10789 0 20
10714 107 5399
10625 176 8814
9637 276 13803
10747 141 7061
8905 191 9577
11110 21 1071
9491 74 3701
10848 178 8925
9582 7 367
12066 314 15738
8708 25 1289
13465 6 321
9523 223 11188
9597 344 17250
12482 8 450
12039 33 1662
11879 235 11799
12083 84 4218
9483 215 10754
8538 37 1877
8711 75 3796
13643 3 152
11630 148 7428
11766 110 5541
10972 9 484
11171 81 4087
10489 43 2173
10906 181 9065
13520 124 6236
9072 7 369
11604 105 5282
10724 168 8404
12004 312 15618
10668 307 15371
10905 107 5363
13617 40 2014
12068 135 6780
10590 68 3431
8460 260 13031
11237 28 1415
10713 0 3
12545 52 2604
9297 243 12151
8418 64 3230
9432 32 1645
10938 149 7497
10704 296 14850
11553 16 847
11906 286 14315
11973 69 3467
9494 89 4458
9467 53 2681
10583 49 2454
9215 203 10195
9438 3 187
11630 119 5952
11973 30 1521
10489 24 1243
9169 1 92
9379 142 7137
10803 153 7680
12091 236 11826
9281 166 8344
8996 332 16607
8476 28 1429
10735 259 12997
11729 5 285
9538 11 585
8537 262 13114
13478 147 7378
13660 222 11148
9249 170 8509
12368 6 320
8750 149 7496
9681 64 3227
11096 30 1535
10897 50 2511
10508 9 453
10969 148 7417
11867 108 5435
12495 229 11467
10735 260 13021
10714 59 3000
11813 148 7447
10484 58 2946
11972 42 2135
13454 6 342
12504 178 8925
9724 24 1207
10521 289 14462
10929 45 2258
9517 63 3200
11029 38 1936
8996 333 16688
9668 108 5406
13668 82 4145
9470 234 11712
9480 146 7313
9512 555 27760
9521 27 1394
9030 60 3013
10712 286 14328
12389 13 692
9538 361 18097
10874 37 1884
12379 75 3799
11786 172 8632
11128 18 923
11029 38 1942
9720 131 6554
9479 94 4744
12503 31 1588
9310 19 953
9239 76 3841
10521 21 1091
10355 132 6614
11846 72 3648
9561 66 3336
9087 24 1209
10558 24 1206
11885 98 4906
11086 258 12909
12053 5 270
11171 68 3410
11544 60 3017
11963 321 16063
10864 82 4110
13691 74 3750
8529 218 10949
10660 163 8189
11766 206 10345
9203 44 2213
11914 80 4014
9079 39 1989
9649 1 68
11816 56 2823
8806 93 4665
9079 42 2124
11780 106 5313
11815 267 13390
10897 67 3366
13517 5 280
9324 66 3317
10755 48 2431
12541 85 4284
12061 38 1944
11695 7 400
13635 1 53
13651 188 9430
8562 91 4590
11953 13 665
12056 160 8037
9289 233 11692
12565 180 9027
12075 45 2269
13617 11 600
11998 368 18408
8650 3 153
11848 307 15376
10475 111 5560
11644 81 4074
8467 145 7254
11854 59 2977
11644 75 3785
13537 14 716
11557 84 4210
8975 61 3061
11494 50 2541
9065 33 1685
11169 68 3431
12041 67 3378
9297 221 11052
11132 2 104
9395 200 10009
11203 32 1637
9030 162 8149
9602 648 32427
9437 330 16533
13680 35 1789
12075 45 2269
11134 36 1850
9704 80 4018
10693 258 12913
10735 258 12910
11119 297 14864
8616 166 8306
12406 2 120
13582 55 2780
9404 39 1957
9710 39 1964
11842 51 2591
12504 79 3965
11829 66 3349
11171 68 3410
9464 75 3773
12013 21 1096
10488 34 1720
11869 135 6773
11067 15 781
13552 49 2485
10974 139 6989
8435 69 3477
8975 63 3187
9348 201 10071
11529 140 7009
11495 17 858
8688 104 5225
11926 14 715
11591 3 171
10442 241 12065
8739 30 1544
11776 58 2910
12091 47 2394
10833 17 880
12482 66 3350
12446 33 1653
11198 78 3930
10597 60 3030
9563 508 25450
11984 100 5021
12015 5 285
9694 22 1125
13563 6 309
9576 412 20638
12004 293 14661
10449 221 11100
11198 290 14547
10362 41 2088
10940 33 1667
11974 114 5739
11570 30 1535
12137 132 6611
11187 320 16008
8490 26 1319
13476 56 2830
10634 313 15680
10598 8 437
9672 6 346
12495 78 3914
11291 4 217
9069 56 2847
8468 23 1161
8578 17 852
8893 57 2878
11901 33 1663
12506 86 4305
12378 40 2018
8700 176 8813
12459 136 6845
13676 3 157
12331 2 114
12068 135 6771
12505 183 9163
9567 96 4818
11875 11 555
11568 29 1457
13491 7 363
13674 154 7735
12139 136 6819
11519 155 7792
13583 89 4476
10688 225 11292
11094 201 10099
11829 106 5325
10538 216 10841
9567 96 4811
10693 231 11557
10667 50 2545
11064 213 10656
10574 117 5899
9593 41 2076
8742 90 4536
11505 14 724
8700 36 1816
8795 33 1699
12077 11 591
10529 17 853
9637 203 10168
9542 201 10073
12034 87 4376
11604 30 1506
8927 73 3665
10599 130 6539
11685 117 5864
13476 56 2830
12139 130 6537
9238 31 1566
9464 129 6491
11128 18 923
11984 10 523
9065 113 5691
10371 3 188
11646 31 1551
10696 78 3931
9563 317 15857
11907 220 11044
10761 4 202
13478 147 7353
11211 28 1409
10743 134 6721
12042 62 3113
8769 83 4182
8917 317 15860
8918 94 4747
9564 517 25895
10920 115 5787
11532 132 6619
9713 56 2833
8626 44 2241
10610 115 5783
8650 48 2424
10901 17 862
9519 125 6291
11559 45 2280
8585 23 1187
12052 50 2545
9499 485 24277
10883 121 6094
12369 9 465
10439 176 8809
12004 268 13447
11628 146 7344
9467 260 13023
10741 4 247
9479 92 4649
8446 95 4763
10483 110 5512
11508 293 14659
9464 123 6186
13568 26 1323
11543 10 501
11895 246 12304
12004 123 6187
13588 20 1028
11027 265 13293
12137 71 3598
10563 63 3190
13650 0 36
9702 246 12326
11756 270 13527
11215 72 3624
8750 149 7496
9090 61 3056
8922 2 128
12485 73 3683
11879 162 8116
11927 162 8111
13583 73 3678
10437 156 7821
13616 305 15279
9479 192 9626
12449 233 11681
10791 57 2886
11680 94 4712
12045 53 2692
10669 118 5926
9281 166 8313
11544 36 1819
9095 233 11664
11745 275 13758
13687 152 7614
8742 70 3527
11852 15 791
12374 207 10356
9479 191 9576
9603 321 16096
11237 12 609
10841 87 4392
8908 20 1035
12466 33 1675
11169 19 985
11066 44 2233
11605 32 1621
13522 10 515
8894 69 3454
12083 427 21397
8529 217 10895
8739 31 1554
8538 3 155
9225 27 1380
10974 139 6989
11554 34 1729
9432 14 727
13528 47 2359
10747 59 2987
13621 75 3780
11965 75 3773
8650 60 3049
12021 52 2646
11751 46 2313
9447 77 3887
8626 85 4259
9063 284 14234
8927 71 3562
8590 199 9994
11866 94 4746
11134 117 5879
9349 162 8126
11169 225 11267
10545 128 6408
8742 105 5281
10445 15 769
8650 5 279
8715 42 2137
9065 116 5821
11290 153 7687
11802 50 2526
11912 76 3828
11969 112 5635
9519 299 14980
9724 21 1064
11278 54 2734
12374 5 265
10724 181 9056
11745 81 4089
11613 59 2968
10688 14 701
13503 99 4991
11149 310 15548
11865 27 1356
11926 58 2925
9374 42 2146
12062 83 4195
10442 239 11953
8915 29 1458
8719 265 13288
11065 95 4763
11741 104 5203
10520 189 9496
9538 453 22685
11570 30 1523
10818 40 2019
11913 291 14586
10390 68 3449
12454 260 13033
8918 51 2597
11108 13 660
13683 85 4261
11095 159 7979
13674 134 6744
12561 226 11313
10888 272 13618
9538 53 2674
8888 130 6501
11553 143 7167
10508 74 3711
10857 196 9811
9538 448 22433
13453 29 1475
10966 15 776
11829 106 5314
10574 42 2104
13661 10 503
10712 240 12037
8471 30 1515
10818 40 2040
11559 45 2252
13626 21 1078
12449 240 12005
8977 3 162
10486 56 2810
8908 81 4095
11972 42 2107
12506 132 6604
12558 6 333
9203 36 1815
8701 217 10882
9344 115 5794
11546 29 1457
11096 61 3064
12013 0 32
8936 157 7884
12139 210 10518
10486 56 2819
9529 234 11740
9225 201 10100
9444 194 9740
12001 46 2303
8941 50 2507
9597 314 15737
12454 288 14423
10760 208 10436
8648 274 13739
9226 99 4962
9207 54 2723
10447 55 2780
11604 202 10125
13479 35 1797
11614 142 7137
8435 70 3517
8971 246 12349
11959 67 3370
9205 199 9958
11678 313 15666
10705 28 1410
10760 144 7214
9710 192 9620
11025 23 1175
11998 142 7131
10688 276 13804
10921 52 2641
8513 10 547
8894 36 1829
11927 270 13547
11780 115 5763
10931 168 8447
10869 32 1649
11726 283 14171
13629 153 7668
8626 44 2210
11094 225 11270
10680 72 3647
11537 126 6304
10641 11 573
9704 356 17813
13629 177 8884
9033 25 1258
13517 5 276
10735 108 5414
10741 4 247
12034 87 4362
9403 17 881
10478 23 1178
10786 114 5750
12083 308 15415
12025 123 6170
8794 53 2678
11154 30 1544
13623 74 3701
12052 2 128
8666 115 5767
11606 313 15663
8796 141 7075
11848 215 10758
11828 20 1001
13618 94 4722
12077 45 2252
11769 117 5887
11296 41 2070
8784 119 5985
9567 98 4914
12374 186 9311
11646 31 1567
11879 124 6224
8964 140 7044
8908 253 12675
11494 201 10052
9521 17 879
11728 94 4704
9289 319 15992
11096 30 1535
12006 12 605
11026 61 3063
10906 245 12272
11198 164 8239
9437 147 7396
9546 66 3314
9536 9 454
8908 288 14440
8764 144 7221
9249 340 17014
12070 36 1809
9560 188 9417
9669 307 15392
8460 24 1232
11851 2 114
8758 2 125
12380 75 3784
13638 182 9121
10561 71 3554
10989 34 1733
9536 20 1021
9067 78 3949
10885 24 1231
8648 153 7674
10700 283 14182
9080 137 6864
13487 88 4401
11972 60 3014
9603 166 8348
10603 39 1977
9525 188 9427
9529 584 29209
13568 67 3387
12127 0 46
10389 33 1671
9516 364 18231
11713 212 10636
10834 317 15890
9515 22 1140
8700 174 8729
9631 72 3643
12368 54 2710
11709 51 2551
9188 68 3406
10520 186 9350
10478 59 2955
8894 146 7328
12364 19 980
12514 139 6997
10669 99 4981
9410 81 4099
10530 15 782
10897 122 6108
10910 51 2596
13565 107 5359
13479 50 2543
10574 347 17355
11965 294 14736
8468 50 2533
12451 74 3736
9348 88 4411
10520 117 5892
11264 35 1753
9474 98 4924
11286 91 4563
11929 141 7053
10837 247 12369
12495 50 2503
8994 180 9043
11589 198 9944
9519 120 6031
11936 16 812
8964 111 5553
9379 46 2338
11867 134 6705
9299 226 11340
12066 204 10233
11608 34 1713
12100 6 350
11953 65 3286
10574 43 2187
13662 16 819
12554 71 3588
10434 47 2377
11963 457 22855
10974 177 8888
12566 152 7609
9063 39 1951
8448 116 5817
13621 10 531
11854 75 3789
11169 126 6346
9067 12 639
9191 131 6597
9675 51 2569
9533 38 1925
9205 30 1505
11742 161 8070
11095 222 11111
11531 189 9483
11854 75 3789
9477 21 1070
9717 230 11547
9439 108 5406
10355 307 15394
9512 555 27760
11087 44 2247
9188 91 4591
10545 61 3069
10657 217 10889
10953 15 783
10993 9 473
8460 24 1247
12034 19 957
10743 134 6721
11973 29 1459
11869 301 15070
9281 162 8110
10660 209 10475
12091 172 8629
11027 186 9305
11830 173 8652
11604 105 5293
8513 12 648
8680 226 11316
10581 36 1822
11698 82 4124
9410 83 4197
10478 117 5889
9536 8 429
11776 25 1291
12543 222 11114
9567 97 4872
10998 10 517
11969 63 3173
12080 182 9144
12368 118 5925
9546 249 12474
13614 91 4598
10307 152 7647
9053 5 273
11551 105 5280
11927 189 9496
8538 111 5586
11813 159 7998
13593 46 2330
10563 60 3002
10574 117 5899
9724 21 1077
13676 3 194
11848 19 996
9542 149 7470
8787 39 1952
9546 66 3316
11291 23 1163
11793 109 5481
12056 251 12582
8666 267 13395
10713 7 393
9504 31 1583
9434 47 2397
10382 43 2174
11512 28 1420
9410 18 949
9385 206 10337
11574 9 484
10521 210 10550
11589 123 6183
12068 158 7926
11509 52 2603
8589 199 9977
12441 44 2237
12367 30 1520
12380 7 369
9586 325 16295
10595 43 2175
11973 0 8
9644 39 1992
10713 7 378
12496 62 3150
9074 6 330
9068 239 11995
13614 75 3783
9563 539 26994
13565 107 5359
10847 12 613
11611 9 466
11791 72 3639
11589 33 1694
12000 108 5421
11917 16 818
10517 34 1737
9356 114 5734
10693 238 11904
9297 333 16677
10884 281 14064
11973 166 8312
12005 56 2839
9494 113 5692
13536 98 4936
13528 25 1287
13478 112 5638
8455 65 3291
10688 13 682
12545 132 6644
9068 310 15533
10822 7 393
11913 205 10260
9196 162 8109
8467 30 1521
11821 103 5161
9370 184 9211
8894 71 3577
13662 155 7796
10307 79 3968
9037 62 3124
12071 240 12013
13660 192 9605
10884 28 1435
10648 145 7289
11135 7 359
12011 18 919
8433 111 5555
13540 111 5551
11991 127 6379
10473 46 2332
10700 285 14283
9586 498 24930
11970 29 1459
11762 253 12688
11724 183 9172
8702 108 5427
9563 539 26963
8771 8 440
10478 23 1179
11763 211 10569
11083 191 9563
8885 30 1505
12145 81 4056
9024 69 3459
11603 16 831
12025 215 10775
13536 119 5960
8412 23 1178
9386 261 13058
9679 149 7499
10727 183 9193
8701 158 7903
9064 291 14555
12558 73 3673
11619 104 5250
9374 45 2287
9188 140 7009
12139 381 19056
9009 202 10149
11664 84 4212
10901 68 3407
11540 58 2908
10696 253 12686
11565 281 14074
9511 518 25934
8715 0 16
13583 255 12760
12565 397 19859
11278 121 6099
9644 52 2610
11557 93 4657
10355 130 6537
10924 120 6002
11815 175 8783
10606 16 849
10570 5 282
11064 176 8805
13454 37 1889
9345 114 5714
13647 13 652
10687 161 8098
9583 148 7439
11973 152 7627
8578 16 849
9637 281 14063
9545 316 15823
10959 76 3825
10432 345 17297
9466 42 2143
11836 63 3187
10694 100 5044
12046 61 3061
13633 40 2026
11904 71 3597
11071 280 14037
8445 172 8648
8706 84 4250
12374 186 9314
8431 17 882
10648 24 1221
10906 227 11357
8650 2 122
13549 8 450
8690 57 2868
13587 48 2415
9348 100 5019
10689 64 3217
12441 227 11358
10969 21 1090
12550 61 3099
11934 231 11580
12374 126 6306
12094 10 545
9362 73 3686
11929 108 5437
12032 19 973
8964 140 7046
9049 134 6737
13536 98 4936
11900 54 2748
11930 123 6180
10747 60 3044
9684 62 3150
10721 263 13191
11644 65 3291
13680 44 2225
9535 306 15319
9717 225 11286
10501 197 9880
12006 12 626
11066 22 1127
13537 10 513
12482 171 8588
12073 17 852
11763 151 7554
10567 263 13186
12508 169 8479
10442 159 7959
11206 32 1610
8783 27 1372
12533 73 3674
11187 209 10492
11970 29 1482
8578 211 10570
10972 6 313
10505 112 5620
9602 643 32175
8529 200 10046
9278 67 3386
10516 37 1861
8791 0 4
11692 22 1129
9564 375 18755
11186 217 10875
8445 265 13277
11494 261 13092
11869 167 8375
9620 306 15306
9535 328 16403
9201 200 10021
13580 165 8269
11761 91 4565
9281 163 8182
11737 188 9426
8971 198 9946
12046 30 1519
9090 222 11108
11707 18 938
12052 51 2594
12529 99 4981
8794 183 9159
11854 38 1932
9717 61 3051
12561 326 16331
10583 53 2685
9658 54 2711
9500 273 13694
10719 66 3310
10922 86 4317
12094 15 788
11094 42 2150
12418 54 2741
10634 316 15845
9499 421 21096
10687 134 6706
9348 164 8213
10972 17 900
11187 189 9453
10969 21 1057
12054 74 3721
9689 313 15651
12554 71 3588
13676 101 5099
9440 225 11285
9444 184 9208
11971 45 2251
12083 119 5973
13536 17 879
12495 90 4536
8990 41 2099
10654 214 10735
11197 95 4780
12429 2 114
10355 132 6619
11700 55 2792
8908 81 4095
10591 78 3911
10724 181 9079
12139 381 19091
13583 159 7955
11083 172 8601
11786 260 13015
9225 201 10094
9560 55 2768
10597 59 2967
12083 206 10329
11979 24 1241
9249 341 17068
11927 270 13547
10631 61 3051
8538 126 6303
8762 286 14318
8995 91 4591
11644 164 8238
12383 44 2228
13467 126 6320
9203 44 2213
11605 140 7034
12139 73 3699
9395 199 9958
9470 183 9157
9677 61 3062
9336 278 13913
13635 32 1630
10743 136 6841
8886 17 870
10379 32 1638
8547 239 11975
11094 98 4910
13652 4 250
11537 126 6344
10622 9 459
10447 20 1024
11619 177 8887
11821 103 5184
13583 73 3673
11715 53 2692
12066 123 6176
11228 4 235
11866 62 3148
11025 111 5598
10591 78 3925
8894 147 7374
9446 127 6396
13558 13 662
10855 17 889
11963 106 5312
9512 556 27828
9069 37 1871
10540 35 1788
13629 32 1648
8433 232 11609
8701 4 204
8418 63 3161
13616 100 5004
10765 46 2304
10959 79 3955
10490 176 8835
11141 5 260
10843 76 3801
10928 103 5191
11095 0 12
12497 274 13723
8795 33 1699
9324 61 3095
13688 193 9668
10563 8 431
11974 154 7723
8720 86 4319
11532 3 200
8680 225 11280
12497 193 9699
10307 155 7776
8817 13 675
12540 111 5595
9499 421 21095
10449 220 11013
12036 72 3604
9480 69 3482
10725 303 15178
12552 30 1511
9444 184 9208
11726 117 5864
8666 337 16863
11848 307 15376
9370 236 11846
10735 253 12666
11866 94 4742
9563 496 24831
13638 93 4666
9079 88 4421
13678 207 10366
12508 6 315
11081 20 1038
11168 40 2007
11831 38 1913
13542 84 4237
11921 273 13683
11904 71 3559
9026 55 2759
8475 0 39
11728 131 6600
11213 80 4027
10712 17 866
12431 138 6944
10966 39 1985
10611 40 2019
10580 76 3801
9603 286 14331
8861 57 2877
13668 82 4127
8964 140 7041
9065 113 5691
8708 134 6707
11742 196 9820
10760 208 10406
11766 110 5517
13477 60 3043
13638 268 13427
13635 1 53
10713 2 125
10811 78 3939
13542 47 2397
8700 35 1762
10781 88 4421
10761 0 34
11108 13 679
12091 307 15385
9341 229 11451
10927 120 6034
13678 55 2781
10601 22 1122
11618 124 6223
11934 242 12133
9311 129 6465
8414 86 4330
8897 153 7678
10969 147 7380
9226 253 12700
9545 56 2842
9511 443 22197
10479 17 862
10601 89 4468
9500 512 25630
12083 119 5960
9386 43 2159
11723 272 13601
8459 18 941
9637 281 14052
12057 42 2129
11990 28 1411
11589 33 1694
9492 233 11656
12514 62 3109
11551 11 578
11900 54 2748
12025 149 7497
12368 95 4789
12005 16 807
12062 134 6707
10693 258 12913
10906 228 11431
9704 46 2350
12506 40 2037
10923 74 3701
11630 74 3736
12436 38 1940
10578 238 11915
11665 122 6132
10580 98 4938
11960 30 1544
12137 82 4120
10884 30 1502
12565 10 536
12016 414 20716
13693 33 1690
12111 66 3349
9372 125 6287
9354 9 468
12454 258 12914
8934 140 7007
12446 20 1039
11631 280 14016
8738 254 12730
12380 108 5434
9561 66 3316
8975 63 3194
9096 117 5870
9534 155 7772
10574 345 17296
11614 176 8847
9628 21 1099
11678 333 16658
8538 127 6354
8548 32 1634
12066 194 9709
9632 59 2985
9215 256 12806
8702 107 5355
10538 213 10694
11759 39 1985
13674 226 11313
11842 77 3892
8987 4 205
10952 256 12828
8975 232 11622
10634 244 12218
11696 50 2550
13624 37 1877
11494 50 2541
11514 9 492
11971 2 107
9565 16 817
9472 58 2923
12364 123 6158
13629 64 3209
12545 12 618
9524 6 316
9486 169 8498
9675 63 3152
10929 45 2258
10597 60 3030
11025 110 5506
13547 41 2086
11947 94 4727
8771 7 386
9545 108 5444
10680 120 6030
8995 90 4504
10374 15 793
8460 30 1520
8666 266 13306
11673 49 2466
9240 60 3046
11726 283 14171
12103 2 145
13479 35 1797
11723 259 13000
10483 112 5604
8668 43 2180
10475 21 1069
11842 178 8934
9410 17 871
11591 48 2446
10841 30 1519
11291 242 12113
8796 122 6104
12514 47 2363
9226 98 4909
10432 308 15423
10645 65 3269
10765 30 1518
12016 435 21784
10696 139 6978
12541 118 5921
11182 176 8820
12095 110 5528
10355 57 2879
12052 50 2545
9240 51 2592
10590 65 3252
11865 21 1086
12077 0 50
9617 125 6294
9499 53 2654
12011 6 304
8471 30 1515
11068 50 2534
10689 42 2149
10580 75 3792
9340 66 3306
9096 207 10399
9321 102 5137
8995 92 4628
10480 86 4324
12430 33 1667
10648 16 824
12552 48 2443
12556 133 6669
11971 7 395
13674 49 2467
11763 203 10196
12422 188 9416
9621 5 262
11687 118 5930
11291 113 5653
11247 8 426
12495 229 11479
11094 167 8364
8648 275 13751
9709 57 2896
9277 121 6097
13480 50 2542
9741 8 436
11505 14 723
10672 97 4862
11108 39 1967
9559 80 4044
11845 177 8863
13453 10 505
9637 282 14129
10490 191 9581
8708 25 1289
12433 6 333
8770 108 5434
9385 204 10214
11565 246 12337
11235 11 591
9564 516 25808
12495 243 12196
12382 159 7986
11494 108 5401
11095 159 7979
11186 103 5172
13509 79 3990
13630 42 2101
8687 271 13585
9311 134 6745
11974 103 5152
9044 27 1372
11505 28 1412
9297 334 16716
11779 189 9475
13510 8 444
8735 118 5906
9542 142 7106
11984 176 8803
10599 130 6507
12108 41 2082
12056 232 11637
9576 412 20638
11088 45 2272
12069 167 8368
8806 21 1082
10756 95 4755
11119 293 14675
8709 121 6056
8714 158 7931
11059 22 1149
12497 165 8263
9694 163 8190
11738 129 6478
8751 86 4349
11976 334 16746
10567 263 13195
11197 104 5225
12366 35 1777
13593 51 2572
11965 294 14738
9618 268 13414
12145 165 8266
9379 48 2409
9434 48 2415
10382 30 1505
8936 157 7884
13503 159 7974
12539 73 3676
10786 113 5671
11774 65 3261
11756 270 13528
12053 5 279
11848 284 14242
12021 14 737
8860 48 2406
11976 394 19723
11090 132 6641
12020 32 1632
11675 116 5839
13453 13 655
10745 294 14725
9341 28 1440
8445 72 3603
9698 85 4264
11915 323 16190
9037 73 3698
13638 224 11232
11294 58 2937
9684 93 4670
9440 224 11218
11815 87 4370
8708 103 5177
9434 48 2415
9512 457 22893
11684 46 2347
8799 78 3922
11869 201 10084
12442 122 6148
10484 91 4599
8963 64 3246
11829 91 4559
11709 4 221
12070 82 4135
12057 37 1863
10647 151 7553
13678 137 6897
13662 122 6128
12075 287 14360
10436 273 13700
11550 219 10968
11830 264 13221
12480 31 1600
11081 11 566
9434 189 9465
11614 96 4833
12442 121 6065
10490 137 6889
13678 113 5696
8700 17 875
9720 168 8415
8720 85 4252
10884 27 1386
11853 0 17
10647 142 7109
9297 249 12459
13671 77 3867
9629 10 540
10634 31 1554
9295 7 384
12442 12 615
11068 56 2846
12379 60 3031
9538 363 18181
8806 19 953
9249 169 8488
12533 49 2478
12365 36 1813
10450 7 360
8650 26 1317
9194 97 4862
12001 70 3548
11644 140 7019
8680 226 11309
13660 98 4940
11025 112 5610
11071 195 9784
11027 265 13293
9587 578 28908
10847 12 626
9063 282 14124
11505 8 403
10308 63 3152
8460 260 13005
11524 151 7567
11881 211 10569
11664 108 5412
11169 19 971
9079 76 3832
11738 265 13289
8626 93 4655
10800 221 11065
10834 302 15121
13660 255 12789
11879 162 8131
9597 349 17493
10574 347 17355
8751 87 4368
11740 294 14746
8762 79 3972
10583 55 2756
9191 301 15099
9444 342 17111
13678 137 6867
11071 1 58
13549 8 403
12544 32 1608
8680 227 11399
10772 338 16940
8504 41 2088
12480 122 6107
9201 242 12113
12366 86 4305
12485 73 3683
11715 178 8925
10882 4 234
10583 50 2529
8708 135 6784
11064 116 5804
12080 150 7531
12504 112 5615
12139 368 18402
11763 156 7815
11726 41 2072
11030 61 3054
9508 0 47
9065 120 6034
12004 29 1497
11149 131 6580
12108 41 2054
8709 67 3391
9240 45 2296
13520 38 1926
9709 58 2915
10910 27 1381
11565 195 9796
9689 313 15651
9644 52 2649
11283 103 5170
11977 71 3552
10741 0 49
12139 97 4888
12011 6 304
9479 192 9626
10864 82 4103
12110 207 10357
10480 273 13690
12073 17 861
11781 9 475
10846 200 10026
13520 38 1931
11844 4 213
10484 122 6123
13658 46 2345
10583 53 2685
12364 28 1401
12556 101 5053
9297 318 15904
8668 48 2441
12566 279 13951
11116 104 5248
11801 33 1658
8473 28 1412
9232 6 326
13529 10 519
11171 29 1453
13484 80 4030
12565 268 13421
10569 300 15032
9432 32 1630
12071 140 7040
13691 131 6565
11793 221 11078
12071 37 1887
9366 338 16905
8537 262 13132
10796 102 5121
12086 63 3193
8747 75 3779
13671 159 7959
9637 281 14060
10386 30 1501
12091 47 2355
9481 303 15167
9582 10 529
13656 11 579
12514 62 3102
11559 63 3151
11973 29 1459
13678 173 8690
9615 196 9817
11765 249 12488
8935 288 14416
8996 322 16137
9461 198 9947
9024 76 3834
9289 63 3196
11807 32 1620
9024 75 3800
11561 59 2986
8445 72 3603
10674 15 798
11965 75 3768
10959 59 2969
13517 5 273
8971 132 6612
8802 7 370
9331 17 871
13674 134 6743
10969 14 733
13629 194 9711
13658 42 2148
9554 27 1353
13687 102 5144
8911 17 895
8504 41 2088
11639 18 946
10897 120 6011
8963 30 1502
11885 69 3466
10937 45 2260
12368 6 349
12057 60 3030
12137 130 6534
10910 27 1387
11278 322 16146
9348 226 11342
11872 199 9998
12083 84 4216
9470 147 7360
10478 22 1149
10623 69 3451
11212 25 1259
9037 183 9158
10800 5 271
11215 78 3910
13479 97 4899
12418 36 1814
11520 85 4287
9529 212 10616
10841 105 5292
11786 260 13015
11933 32 1619
9492 230 11539
10901 18 923
8856 9 457
9726 94 4725
10584 296 14805
8537 338 16910
11793 109 5481
10660 209 10475
11674 6 316
10501 197 9880
12404 65 3265
10382 74 3741
8862 195 9753
11846 135 6759
13688 149 7457
9146 27 1383
13467 61 3082
8436 48 2450
10693 210 10501
11829 141 7096
11693 34 1722
13569 96 4813
10520 216 10812
11086 268 13402
9033 125 6300
11914 90 4546
9266 3 192
9444 184 9212
10390 32 1609
8853 33 1692
8754 37 1854
10647 254 12736
11296 8 446
12025 123 6170
12541 10 513
11604 105 5282
9480 72 3622
10649 137 6859
9556 24 1232
9656 246 12310
13660 81 4072
11071 280 14029
8926 11 591
11852 13 661
8680 228 11408
11041 16 825
8943 63 3152
10574 220 11032
12053 18 906
13580 165 8271
11206 48 2430
11069 63 3162
12420 39 1995
8697 162 8111
8650 63 3198
8799 177 8863
10665 25 1299
9144 78 3935
9612 35 1794
9617 125 6290
9704 65 3262
8937 15 782
11846 90 4511
11064 168 8425
11960 30 1544
12438 138 6950
11969 126 6338
8934 125 6259
11842 51 2590
11832 133 6663
11187 83 4172
13477 13 691
9499 53 2668
9289 35 1754
9049 16 834
13503 172 8626
12004 39 1984
8537 261 13059
8954 73 3678
10712 287 14389
8529 29 1477
12077 0 50
8926 14 702
9033 52 2630
13527 3 169
9717 225 11286
9562 99 4971
9432 32 1645
10743 89 4468
12083 206 10320
10569 115 5774
11557 54 2723
10762 117 5855
9527 255 12763
8465 168 8438
10892 76 3843
11515 28 1448
12441 166 8345
10791 58 2930
9561 68 3410
9519 120 6031
9144 78 3935
11294 58 2911
10974 139 6983
12533 49 2499
10517 34 1734
11842 161 8054
11283 112 5615
11879 139 6954
8448 113 5693
12021 22 1137
12021 22 1137
10441 85 4264
8446 214 10749
10712 14 725
8791 3 199
9065 26 1324
11186 286 14347
13661 43 2164
12086 9 499
13639 62 3141
13471 12 636
9517 180 9030
12442 98 4944
10845 36 1849
12139 136 6820
9727 78 3939
9726 354 17716
8711 6 343
11172 97 4884
8746 27 1400
9277 121 6097
10757 133 6682
11550 237 11893
13660 27 1384
9560 141 7073
10473 46 2332
8783 29 1473
10643 2 114
10931 323 16151
11820 98 4932
10938 188 9422
9538 53 2674
10593 193 9690
8975 79 3964
12004 275 13773
13467 94 4740
8971 196 9846
11934 242 12144
11989 87 4389
9603 286 14346
11658 1 98
10540 98 4948
8782 28 1427
12111 107 5383
10432 345 17260
11869 24 1241
11545 159 7968
9356 114 5734
9684 341 17069
13536 111 5573
9519 167 8353
9717 224 11238
9080 136 6834
8991 6 344
11186 153 7656
10490 156 7833
11529 216 10833
11729 17 865
11187 83 4190
9562 99 4971
11885 126 6305
9425 31 1576
13503 172 8626
11064 164 8250
8903 38 1915
11881 51 2572
9651 340 17049
12497 41 2060
10578 238 11930
8764 64 3205
11235 6 328
13692 24 1209
11090 179 8968
10660 109 5490
12006 64 3242
12086 79 3976
9210 121 6091
13638 77 3865
12438 88 4434
12039 278 13917
13647 13 697
9307 58 2945
9567 264 13228
13474 5 275
11559 45 2252
12541 10 513
10843 94 4749
8995 98 4948
9706 15 789
10905 70 3531
11742 245 12288
11637 158 7903
8697 140 7022
9356 192 9634
9494 439 21971
12454 146 7338
9201 240 12047
13545 24 1248
10696 199 9969
11780 106 5328
9370 75 3778
10680 117 5868
10668 313 15676
12004 123 6187
8709 18 934
9188 129 6499
11943 167 8372
11559 28 1437
11893 51 2560
11134 72 3614
8855 36 1841
8514 89 4488
12016 435 21784
10910 70 3511
11047 6 320
11815 87 4370
10645 235 11762
11753 57 2892
10473 55 2774
13689 9 458
11543 251 12560
11196 205 10300
13453 10 505
9060 4 207
12139 253 12678
9639 238 11916
11991 69 3464
9188 72 3634
11895 256 12828
10833 58 2921
10432 301 15087
12075 287 14360
12418 29 1455
9717 61 3051
11845 57 2888
10584 99 4995
10523 295 14792
9049 17 851
9538 616 30845
13510 8 407
11075 1 96
11885 106 5316
13587 48 2431
9481 171 8590
9507 33 1655
10714 98 4949
8905 191 9593
8771 8 440
10660 211 10571
9494 39 1956
9546 247 12354
10489 25 1256
8697 234 11721
11898 22 1113
12541 85 4284
12533 73 3662
13687 6 330
9575 8 431
13475 69 3453
8720 47 2389
9500 644 32235
10520 214 10716
9612 31 1563
9061 147 7387
11915 239 11959
9481 172 8637
9603 275 13756
11108 26 1314
9063 187 9388
8908 255 12784
11094 86 4322
12036 39 1959
11644 25 1273
11494 110 5543
10545 150 7550
13638 152 7637
12441 143 7183
9336 268 13443
9603 350 17537
8695 60 3026
10569 119 5973
13616 326 16342
12145 65 3273
11173 14 732
12418 3 159
9217 114 5742
11678 79 3973
13528 25 1278
11940 16 803
8697 161 8071
10824 140 7045
12539 25 1293
12056 160 8013
13463 3 167
9410 83 4196
8739 30 1544
9096 330 16502
12075 287 14364
10657 122 6105
9494 83 4180
13477 60 3043
11776 78 3940
9297 188 9437
12383 49 2500
9620 306 15301
13469 68 3425
8697 254 12745
10490 177 8859
11866 94 4718
10696 138 6914
10822 5 255
12418 62 3111
9582 10 540
10355 57 2894
11881 90 4519
10574 65 3288
11537 126 6344
13546 0 34
11973 166 8311
10833 158 7950
8905 114 5710
9113 10 522
8538 9 494
10800 226 11340
9188 128 6440
10910 29 1451
9656 160 8042
13479 97 4899
11707 18 943
9597 313 15685
9225 29 1494
12111 100 5037
12441 227 11380
9597 10 515
8720 48 2448
11604 130 6532
11786 227 11372
10569 46 2320
10545 149 7461
8959 103 5187
11714 30 1501
11095 276 13803
13561 53 2664
11909 219 10982
8996 182 9103
9658 54 2745
11514 24 1232
10484 18 915
10580 205 10274
11845 175 8797
9033 312 15647
9372 124 6207
8648 272 13619
9507 33 1655
11065 20 1028
12110 188 9411
9386 322 16150
12556 45 2279
12529 92 4606
12545 78 3902
11756 213 10657
12565 24 1209
12145 174 8725
10473 48 2413
11990 28 1410
11591 91 4564
13639 87 4363
10865 12 633
10711 27 1371
11504 77 3887
9669 301 15074
8650 3 153
10382 124 6242
10490 130 6543
11713 175 8757
12565 62 3131
13454 37 1886
10858 154 7746
11197 95 4780
13661 1 87
9474 5 286
12054 100 5032
10803 284 14230
12008 13 688
8697 138 6926
9249 172 8613
13674 49 2467
11581 85 4267
9445 68 3430
8693 11 565
13467 94 4740
11264 27 1357
11278 98 4948
11537 49 2456
11182 24 1203
9440 225 11295
12533 73 3662
12442 71 3591
9494 567 28393
11945 132 6648
8817 10 532
11779 189 9497
11492 28 1429
9467 246 12334
9500 583 29154
8719 264 13250
10857 148 7403
10884 225 11283
9512 456 22810
9653 224 11233
11971 21 1080
10485 7 362
8954 73 3678
12139 34 1724
10563 103 5175
9536 31 1563
9205 241 12082
10574 65 3296
12441 166 8345
10959 59 2969
11064 128 6422
12466 18 928
11628 146 7344
9617 5 262
9445 198 9915
9668 84 4223
11709 50 2540
12438 138 6950
10884 209 10491
11907 121 6064
9377 159 7994
10952 319 15958
9427 166 8346
13687 152 7626
12108 66 3348
11570 63 3181
10888 12 640
9239 77 3857
11742 23 1178
11608 53 2663
10449 2 113
11780 115 5763
9340 136 6835
9366 191 9577
12446 70 3539
11814 29 1478
8888 114 5710
10687 156 7838
12506 132 6604
10687 164 8240
10595 122 6127
9427 169 8471
13529 10 519
10432 345 17261
11628 213 10682
8937 26 1339
9529 583 29180
11614 176 8810
11134 39 1959
11512 32 1629
9706 12 616
10570 15 772
8746 199 9958
11998 142 7127
10491 126 6307
10822 24 1215
11996 7 389
8666 120 6036
11094 175 8770
11906 204 10241
10646 14 725
11720 55 2759
11961 35 1787
9720 168 8415
10569 224 11212
9241 63 3167
10502 350 17535
10882 5 299
10781 86 4323
11680 113 5688
11664 84 4229
12486 145 7294
12442 65 3290
12529 191 9551
11926 66 3346
9610 25 1253
8810 65 3281
11963 106 5318
9292 23 1179
13651 181 9098
12543 297 14870
10744 96 4818
9060 73 3682
10688 225 11298
10766 93 4683
11667 18 919
8548 92 4605
13472 4 242
12039 120 6042
9362 158 7922
10523 10 541
11991 184 9238
9407 268 13439
10483 113 5690
12503 31 1584
9602 69 3467
10700 283 14198
10665 80 4020
8666 335 16794
9563 388 19436
12057 60 3035
10737 259 12992
11829 121 6060
9603 324 16247
10580 98 4941
10668 313 15676
12422 129 6477
9765 82 4144
10800 5 286
12565 309 15475
11172 97 4866
9410 82 4111
12438 88 4419
9617 4 222
8538 111 5594
9702 244 12231
11108 5 288
12106 28 1444
13466 167 8397
11786 255 12794
11867 108 5435
10610 69 3470
11728 131 6593
12057 54 2721
11740 1 93
11119 22 1141
9215 98 4905
12039 440 22040
12145 43 2182
13467 28 1441
13688 149 7500
11756 118 5919
10940 96 4837
12073 28 1413
12380 7 369
10956 20 1004
12071 106 5322
9001 101 5086
9024 135 6753
12139 30 1532
12016 435 21788
8617 10 523
10591 78 3911
12025 321 16054
9473 76 3810
9245 345 17267
8700 219 10996
9340 192 9614
9087 26 1317
8810 65 3296
9668 117 5883
12031 0 16
9002 36 1804
8762 222 11146
11219 16 820
12517 248 12436
10750 67 3373
11778 57 2859
8907 127 6356
12066 25 1293
12545 27 1353
8578 35 1784
11283 26 1314
9507 118 5904
8578 198 9903
10688 94 4702
8465 273 13660
12075 162 8136
9096 329 16461
11769 96 4844
12127 3 200
12020 32 1618
11064 128 6428
10906 110 5537
10521 22 1148
8994 177 8891
9090 218 10915
8994 177 8856
9486 169 8460
13517 5 273
9741 7 388
12045 164 8250
11926 127 6368
10994 21 1093
9511 541 27087
11515 28 1406
9437 292 14634
12502 44 2229
10688 280 14011
11197 98 4916
11728 131 6600
9207 68 3420
10888 249 12484
9310 27 1391
9535 69 3467
11820 304 15203
9479 214 10737
11614 30 1547
10538 147 7370
8700 231 11585
11215 72 3624
9510 22 1130
11728 224 11220
13645 0 8
10821 213 10679
11646 30 1516
11626 1 69
13642 116 5819
9030 60 3013
9239 118 5936
10608 15 787
9338 177 8878
11740 294 14746
11971 21 1097
11990 28 1411
9538 363 18163
9311 131 6565
10857 148 7435
8701 2 147
10892 74 3705
9653 271 13599
10857 196 9837
10885 2 104
10837 248 12441
11247 14 731
10890 76 3844
9653 147 7376
8742 71 3593
9554 18 942
11785 11 555
8711 75 3787
12529 128 6444
8791 3 166
12040 98 4935
11294 64 3210
11726 8 449
9386 302 15131
11721 79 3999
12516 6 313
12066 225 11300
10974 104 5214
11895 306 15325
9194 98 4911
12418 38 1935
9386 41 2051
13587 48 2415
9305 44 2227
11213 16 803
11879 293 14655
11120 141 7061
11582 24 1237
12543 284 14250
11644 140 7023
10478 23 1194
10745 295 14758
12380 75 3772
11134 134 6704
13688 150 7515
11846 53 2678
9467 268 13410
8739 44 2212
11707 161 8094
12016 38 1931
12031 0 16
11776 25 1291
9560 61 3076
9634 13 654
9602 52 2607
10959 79 3955
12368 54 2743
10618 42 2136
11848 127 6357
8446 95 4792
11581 85 4267
11134 16 833
12025 215 10785
9108 10 526
12485 37 1863
11628 146 7301
10537 47 2380
13648 107 5365
11095 55 2767
11520 115 5758
10645 107 5381
8897 152 7642
11700 5 256
12422 78 3913
11565 246 12337
13618 96 4828
12462 1 52
12034 87 4362
12013 0 32
8794 91 4585
11609 216 10816
10432 300 15015
11990 6 320
10641 9 492
9386 263 13193
13661 111 5562
9379 166 8341
11927 160 8017
8917 319 15977
8537 338 16924
9321 51 2564
8666 48 2445
9372 78 3905
12480 122 6107
11149 57 2875
12502 33 1662
11681 119 5988
11644 69 3486
12054 148 7420
10692 111 5581
11094 186 9347
9461 45 2292
8538 274 13721
8905 213 10678
10804 76 3847
9724 22 1122
13555 1 52
10570 15 772
12533 76 3820
12482 123 6165
11604 61 3078
11678 0 21
11108 70 3512
12083 154 7702
10883 120 6002
10683 62 3141
11832 133 6663
9386 333 16693
10574 220 11019
10432 302 15116
10716 323 16172
11684 3 200
12566 162 8125
9239 201 10087
11881 90 4534
10533 107 5374
10828 4 226
12143 13 655
11680 113 5672
13617 19 952
11593 118 5933
12504 135 6791
9602 31 1558
12057 71 3588
11723 272 13631
10928 143 7170
12077 9 484
12095 110 5513
8646 33 1659
13617 40 2014
11091 204 10228
9437 301 15056
12103 2 114
11521 155 7771
11786 319 15960
8446 91 4569
10796 288 14404
11879 323 16191
9095 224 11250
10831 93 4665
8937 26 1339
9269 64 3205
10970 8 408
11829 106 5325
10906 179 8978
8538 111 5581
11952 8 422
10595 42 2109
12137 130 6511
12504 178 8915
11836 16 845
10520 144 7250
8903 37 1877
12107 111 5585
11074 62 3139
13671 186 9307
9085 51 2574
10843 24 1213
11507 89 4499
9494 322 16123
11064 168 8439
9458 58 2917
9603 562 28101
10795 168 8432
8648 153 7674
12000 85 4276
13614 132 6637
10595 42 2109
9617 21 1060
9395 283 14182
9546 247 12382
9215 258 12929
9679 135 6767
9560 55 2768
9644 2 110
9067 7 358
11912 213 10681
11278 337 16879
9503 133 6692
10584 99 5000
10680 72 3635
13617 111 5588
11836 73 3661
9618 266 13307
9470 323 16189
13683 232 11627
10508 9 478
12534 36 1849
10897 44 2222
11726 79 3954
10953 12 648
10781 86 4348
9049 35 1781
9511 443 22197
13691 131 6555
8806 21 1068
11721 118 5947
8720 19 987
9348 163 8156
13687 168 8449
13536 96 4811
8492 32 1640
11832 24 1214
11742 289 14467
8697 218 10948
11531 116 5847
13675 81 4064
12070 350 17528
11786 261 13099
10540 36 1831
13635 32 1618
9730 59 2988
13461 12 636
12495 90 4550
9612 31 1563
11551 105 5277
9434 315 15760
9310 26 1317
11086 139 6991
13619 44 2230
12091 207 10388
11713 133 6699
