15774 439 21964
17556 65 3269
16894 188 9442
14743 170 8545
15589 93 4670
15097 59 2991
14558 14 746
16262 20 1035
16889 89 4469
15118 131 6555
17100 208 10417
15061 195 9784
14805 294 14727
16428 367 18383
15013 120 6039
17559 78 3950
14453 25 1295
14831 168 8421
14297 19 964
17196 31 1556
15481 18 935
15057 1 74
14542 181 9084
14577 33 1679
14191 40 2007
14418 129 6451
15923 104 5215
16916 25 1289
14807 25 1280
17373 15 755
17561 70 3546
15502 87 4372
15486 292 14650
14870 39 1958
16172 323 16169
15227 159 7981
14136 45 2291
17400 12 613
17135 61 3053
15154 181 9089
15511 51 2585
14610 276 13846
17250 31 1586
17525 0 27
16877 57 2883
15479 126 6338
15915 104 5211
15471 22 1115
14575 50 2535
17407 137 6877
16150 129 6489
17395 23 1157
15099 2 133
15335 143 7200
14408 45 2276
16734 69 3452
14736 222 11135
14916 159 7974
16387 25 1253
14934 179 8952
15362 52 2650
16011 134 6701
14991 12 633
16110 9 492
15116 91 4554
16150 352 17610
14539 212 10602
14642 72 3631
14911 109 5475
14729 192 9610
15466 124 6234
14768 133 6690
17129 35 1774
14902 290 14535
17208 231 11582
17239 121 6057
16119 516 25806
17136 19 961
15451 50 2539
17560 142 7108
17219 1 51
15425 150 7509
17302 33 1666
17427 11 562
17269 163 8191
17174 25 1262
14965 155 7760
15428 111 5568
14903 98 4906
14516 98 4938
15479 290 14539
16878 196 9810
15897 74 3714
15234 176 8809
14368 24 1233
15923 154 7712
14152 164 8249
16169 164 8224
14192 10 501
16071 91 4585
17333 47 2394
16267 108 5402
15785 252 12628
14122 185 9293
15783 260 13010
17146 32 1646
15410 10 527
15803 10 524
15074 48 2405
15361 218 10901
14824 260 13039
17333 186 9337
15949 171 8598
14642 111 5555
14938 107 5362
17541 29 1484
17361 146 7329
14831 168 8421
14925 172 8633
14884 146 7322
15433 138 6927
17247 14 707
14779 139 6952
15118 61 3094
17194 2 123
14467 11 597
15443 68 3402
16831 7 396
17171 40 2019
14814 63 3173
16867 229 11464
15403 175 8773
17308 58 2938
14924 17 895
14793 124 6207
17413 343 17191
15464 11 580
15603 71 3598
17139 317 15899
15677 194 9714
15603 143 7179
15554 160 8012
17100 84 4245
14152 172 8614
17264 3 197
17310 2 117
15249 44 2247
15862 130 6503
15264 97 4858
17316 20 1016
17106 24 1217
17260 71 3598
15916 301 15099
15403 80 4021
14356 180 9040
17159 44 2242
15639 108 5417
15890 24 1238
15916 227 11372
16948 60 3035
14654 88 4439
15410 138 6922
15923 344 17222
16230 60 3038
16310 223 11154
15915 198 9946
14734 127 6393
17513 0 28
14990 113 5651
14793 155 7753
15822 18 943
16499 145 7260
17560 149 7479
16125 8 408
16011 134 6701
14760 184 9238
14464 106 5334
15147 66 3329
15155 9 485
14396 66 3304
15466 178 8936
16006 395 19760
14880 54 2740
15872 10 518
16802 19 975
14934 179 8952
14631 165 8258
14191 79 3988
14384 6 327
15457 51 2554
14903 62 3123
15031 28 1411
15264 101 5062
14436 186 9305
17398 98 4923
16760 21 1086
17251 176 8819
17196 7 393
15479 299 14972
14368 186 9330
14136 62 3136
14225 65 3261
14548 198 9950
16196 36 1814
14259 80 4042
14807 186 9344
14817 62 3117
14902 104 5244
14369 163 8162
16731 17 876
16171 18 902
15640 233 11682
15328 206 10349
17073 159 7952
17308 7 370
17138 72 3612
14245 81 4099
16118 58 2937
14770 247 12381
16076 113 5684
15319 13 672
14807 221 11081
15167 66 3320
15145 294 14741
14293 195 9787
15013 54 2724
17205 158 7917
17270 71 3596
16008 388 19419
14741 157 7853
14452 156 7815
17495 97 4880
14147 26 1303
17372 110 5502
15792 44 2243
14652 262 13125
16962 79 3969
17308 153 7675
14521 9 468
15873 145 7253
14152 135 6755
16188 157 7882
17138 6 326
15266 20 1016
14409 261 13071
14790 199 9965
15639 2 103
14293 86 4313
14903 275 13797
14830 3 165
14220 57 2857
14635 7 370
17028 4 235
17208 55 2752
14789 88 4449
17305 12 643
14722 95 4797
15902 381 19094
17248 212 10638
14467 223 11157
17019 85 4259
17469 43 2187
17240 398 19947
15828 195 9757
14916 98 4920
15353 45 2283
17128 101 5099
15308 4 215
15254 22 1126
17400 139 6967
14824 311 15588
17210 119 5970
14356 282 14124
14195 113 5680
15960 124 6206
15514 157 7884
14936 35 1759
15432 128 6424
15161 106 5336
17447 52 2649
16676 256 12823
16411 193 9652
14877 104 5205
14187 96 4811
14383 39 1982
14598 32 1624
15834 52 2613
16973 24 1244
15927 312 15650
17280 41 2085
17561 148 7433
15463 6 301
14981 197 9860
15154 282 14118
14824 311 15588
15266 42 2133
14878 153 7671
15933 42 2118
15160 107 5362
15124 1 68
14259 22 1119
14801 310 15505
15924 3 166
15145 312 15642
16052 285 14276
14467 14 731
14816 213 10677
14368 181 9074
17287 150 7506
17528 20 1034
15669 23 1176
14584 16 832
16011 115 5777
17158 105 5286
15463 6 301
14548 198 9944
14758 232 11623
15603 77 3869
15800 274 13749
17522 88 4426
15416 99 4980
14623 224 11224
15449 100 5040
15099 27 1394
14991 13 664
14194 76 3821
14664 210 10545
14764 77 3874
15801 513 25662
14749 285 14264
14291 173 8659
15464 125 6269
16426 5 268
15302 38 1937
17204 123 6185
15915 31 1573
15243 107 5356
15467 5 289
15944 18 920
17141 36 1810
14654 16 843
16738 220 11044
17159 37 1864
15227 159 7960
14410 175 8771
16428 15 765
14338 1 53
14358 113 5680
16787 59 2994
14789 88 4449
14559 295 14781
17413 8 427
17116 0 2
17469 14 731
14139 254 12717
17073 147 7356
15383 254 12733
17556 65 3269
15391 44 2222
14979 22 1137
16305 34 1740
17232 32 1614
14760 170 8531
14298 79 3969
15362 52 2650
17169 140 7024
15639 2 103
17339 218 10910
14722 124 6201
17316 67 3370
15500 20 1030
17389 57 2887
17307 122 6146
16096 58 2917
14546 179 8958
15348 81 4096
14626 15 792
14121 156 7850
17030 13 658
15482 47 2361
15682 54 2701
14634 5 279
17226 62 3114
17267 35 1764
16172 101 5088
15122 194 9705
14475 11 597
17361 358 17934
14293 192 9637
15446 87 4365
17248 290 14531
17248 290 14530
16960 157 7899
15800 50 2510
15824 18 919
14539 139 6982
14300 72 3630
14907 14 711
15254 93 4675
14942 24 1246
17560 82 4140
17424 13 700
17181 81 4062
14970 94 4733
15149 118 5942
15528 237 11853
15446 39 1976
15335 248 12438
16188 200 10023
14427 8 426
15394 50 2549
14920 32 1606
15722 160 8033
17070 142 7124
16114 35 1780
14246 107 5384
15862 72 3616
17118 20 1043
17533 100 5002
14356 191 9593
14811 5 272
14907 14 711
17228 42 2114
15486 325 16266
14332 15 769
16592 1 83
15640 13 651
15162 111 5595
14228 31 1600
16525 40 2026
16676 183 9169
15927 146 7311
14564 45 2279
16878 108 5446
17030 144 7246
16973 17 892
16888 246 12324
16679 101 5063
15877 0 38
14139 29 1486
14716 42 2129
17208 249 12455
16227 188 9423
14358 57 2871
15391 269 13499
15701 335 16753
15386 61 3059
17448 166 8311
14611 54 2725
16159 4 228
15634 105 5265
14381 28 1409
15382 146 7335
14768 5 256
15078 15 785
15463 361 18074
16726 170 8519
14557 65 3272
14904 20 1031
14771 299 14997
15410 138 6922
15282 105 5265
15297 275 13778
16858 31 1567
15161 135 6752
14436 148 7408
14886 141 7090
15486 3 161
15589 353 17698
14260 109 5474
15762 294 14730
14564 24 1224
14758 101 5069
15073 9 488
17407 155 7789
17143 8 437
17540 27 1352
17398 50 2535
17453 41 2071
14555 107 5376
15145 175 8780
17420 3 152
14139 213 10657
17011 282 14125
14957 45 2257
15882 36 1846
17213 76 3806
15832 84 4236
16158 325 16275
14740 14 717
17508 71 3551
15639 78 3931
15456 119 5970
16807 121 6086
17177 21 1095
17451 289 14481
14321 21 1051
15916 420 21039
17426 27 1365
15862 241 12092
15893 50 2544
14756 47 2397
14712 232 11614
15710 39 1965
15677 191 9581
17563 69 3473
14907 14 711
15361 60 3028
15867 25 1285
17194 22 1128
14575 48 2447
15659 4 230
15500 261 13063
17158 65 3290
14550 111 5562
17324 92 4626
17361 255 12751
14537 9 476
16507 43 2152
15425 205 10282
14464 180 9013
16158 519 25984
16219 306 15310
15446 74 3737
15715 64 3241
17440 90 4524
15965 118 5910
15394 50 2549
15882 11 579
16835 5 279
14643 72 3618
16279 23 1160
15259 29 1477
15730 8 426
17110 33 1670
15153 90 4507
15878 0 12
15155 44 2221
14654 169 8464
17447 52 2649
16329 14 727
15491 54 2728
14279 49 2457
14558 170 8505
14228 31 1600
15156 11 599
14270 84 4232
15286 276 13842
16166 38 1939
15409 85 4290
14556 157 7867
15778 37 1862
16525 40 2026
15917 344 17231
14377 158 7923
14458 123 6179
14363 243 12151
17111 236 11838
15799 246 12314
14990 160 8045
14623 144 7230
14453 135 6786
15792 225 11261
16507 43 2152
15774 211 10588
14191 40 2007
17097 11 551
14127 7 364
17076 6 304
14358 93 4659
17132 524 26210
14957 45 2257
17152 59 2987
15328 88 4407
14399 67 3385
16158 328 16433
14488 7 369
14610 197 9853
15697 21 1092
17519 10 524
14545 33 1697
16923 77 3886
17132 431 21594
16148 18 903
14548 136 6819
17361 126 6302
14745 86 4303
16727 300 15035
15140 1 83
14772 121 6060
16137 50 2549
14725 12 638
14553 52 2617
15701 276 13812
15774 90 4525
14828 129 6477
17271 181 9070
14122 168 8427
15151 96 4819
14904 29 1491
15466 250 12550
14802 172 8639
15457 201 10071
14526 137 6856
14358 219 10981
14436 31 1586
17556 77 3869
14537 9 476
16809 86 4307
15115 138 6921
15251 138 6921
15430 82 4138
14998 37 1862
14793 117 5869
14886 101 5090
14912 170 8515
15589 109 5456
16906 18 912
16603 17 890
14203 28 1434
15479 78 3903
15902 448 22444
14191 120 6049
15834 6 339
14631 141 7087
17100 53 2686
15783 84 4233
17056 184 9207
17383 201 10070
17132 390 19526
14953 13 672
16738 220 11044
15243 20 1050
17140 19 960
17219 32 1608
16552 102 5137
16346 38 1947
14432 75 3795
16874 441 22070
15634 22 1105
15430 159 7966
17304 44 2216
14245 60 3033
16339 230 11550
15940 226 11306
16952 132 6632
17195 17 874
15302 38 1937
16581 77 3895
15053 58 2901
14712 82 4110
15481 18 939
15948 84 4224
16119 7 361
17559 109 5497
15469 207 10358
14949 27 1368
15828 488 24408
15436 342 17144
14926 79 3998
15799 226 11330
14812 314 15710
14775 26 1312
15098 22 1134
16141 285 14297
16288 116 5837
16272 199 9994
16411 206 10335
16310 138 6946
14277 312 15635
16878 196 9810
14583 17 865
15656 58 2906
16113 75 3767
15677 149 7490
14526 52 2643
15927 312 15650
16978 409 20475
14516 116 5806
14219 77 3862
14968 122 6102
14298 44 2217
14802 60 3001
14779 25 1286
16036 410 20510
17309 152 7638
16769 92 4639
15103 57 2875
14410 278 13905
14250 14 722
14707 14 708
16283 82 4119
15106 206 10334
14642 86 4333
17360 106 5328
17535 31 1564
14195 16 812
16921 36 1812
15153 0 5
15103 285 14268
14367 178 8935
17557 66 3340
15828 44 2233
17139 279 13958
14553 223 11169
15590 242 12133
17140 140 7031
15511 51 2585
15348 242 12112
14877 13 654
15822 0 35
17229 18 933
15412 193 9663
17388 43 2164
17250 76 3821
15808 54 2746
14372 102 5142
14706 28 1422
15894 13 682
16906 18 945
17471 93 4681
17164 145 7259
17371 163 8177
16764 39 1989
17229 14 718
17308 153 7675
14280 19 962
14453 133 6657
16901 108 5410
17352 55 2781
14632 68 3427
15436 201 10072
16864 90 4545
15462 131 6558
16122 229 11491
17170 36 1811
14453 8 423
14878 84 4228
14142 15 798
15394 50 2549
14148 17 856
14151 118 5929
16336 72 3646
14707 17 899
14947 4 209
17156 50 2508
15172 49 2484
15593 198 9950
17316 20 1016
14284 1 93
17109 1 70
16562 9 494
17254 0 9
15436 342 17144
14173 15 775
15334 13 669
16438 18 928
17116 62 3112
17356 50 2545
15234 128 6427
17165 88 4424
14980 106 5316
16978 75 3779
15432 29 1461
15520 67 3393
17312 156 7805
15923 437 21857
15426 102 5117
16714 175 8761
15799 246 12314
14893 209 10464
15799 268 13442
17497 227 11390
15780 180 9020
14758 65 3284
17383 113 5695
15318 172 8625
16352 241 12072
17475 3 172
15927 343 17157
15801 54 2708
16051 228 11426
16843 208 10407
17478 127 6372
14343 33 1681
15595 11 592
14673 40 2021
17208 49 2468
14277 112 5608
16464 35 1787
16066 42 2120
15514 79 3986
17137 216 10821
15783 169 8484
15464 121 6099
15473 147 7381
15477 13 660
14396 42 2135
14316 27 1390
15800 206 10349
15177 27 1355
14901 307 15387
15799 61 3081
15689 177 8885
15301 41 2087
16109 96 4809
15910 7 400
17036 196 9801
17152 91 4574
14903 62 3123
15894 96 4847
16109 66 3309
15302 31 1584
17355 34 1717
17448 45 2282
17114 69 3490
14955 87 4376
17199 25 1286
15227 140 7021
15528 2 127
16685 165 8265
14329 109 5489
17132 524 26210
16839 130 6526
15872 36 1841
17002 38 1938
15433 48 2420
15294 35 1792
15457 218 10947
15225 3 182
17475 178 8911
14907 14 711
15857 18 904
14632 68 3427
15689 224 11227
16073 131 6571
14537 9 476
15054 85 4296
14541 174 8737
14458 85 4292
17469 93 4690
14940 158 7913
14734 45 2294
14369 137 6854
17383 113 5695
16158 16 814
17249 147 7392
17407 137 6877
14363 0 31
14139 29 1486
16486 2 139
15073 82 4123
15160 194 9730
15504 35 1770
16807 121 6081
14338 266 13309
14910 51 2554
14411 12 610
15603 37 1898
17559 109 5497
15065 38 1904
15780 49 2479
14921 94 4727
14907 61 3088
14664 117 5887
15431 57 2862
17248 324 16248
17030 13 658
15183 36 1811
16840 43 2173
15703 4 201
17073 8 442
15981 148 7439
17165 101 5093
17308 115 5779
14376 225 11277
16112 328 16438
14458 138 6907
15360 167 8392
14552 79 3995
16188 28 1413
16310 315 15777
15242 164 8205
15312 40 2009
17137 216 10821
16424 267 13381
15774 175 8752
16150 189 9467
14893 209 10464
16006 96 4817
15410 104 5245
16891 139 6967
16558 54 2744
17030 70 3512
15458 137 6874
16846 329 16467
15428 141 7067
15462 131 6558
14279 49 2457
14316 5 271
14513 0 49
15771 18 923
17341 93 4654
15355 26 1307
17187 7 376
16676 128 6441
14948 219 10986
17371 562 28119
14220 26 1315
15227 159 7981
16262 20 1035
15797 30 1524
15639 108 5429
14139 213 10657
15074 11 578
14446 13 677
14438 154 7725
17361 146 7303
14458 120 6027
17339 254 12737
16492 25 1263
15528 62 3117
16022 268 13420
17073 82 4116
15782 17 863
15751 7 390
17265 24 1246
16023 464 23236
15397 5 266
14347 14 727
15494 30 1521
14758 17 889
14991 165 8268
16358 55 2794
14259 21 1069
17390 48 2445
14899 124 6240
16199 461 23076
15155 9 485
17312 261 13051
15183 36 1811
15882 103 5160
15834 52 2613
16137 76 3817
16527 95 4780
14645 50 2532
17388 41 2087
14551 33 1662
17139 105 5255
15780 68 3450
17043 48 2408
14779 143 7180
14806 141 7067
17457 157 7852
16141 150 7531
14940 147 7363
15386 19 997
15464 208 10438
14535 50 2503
14597 86 4308
17533 100 5002
15103 157 7871
15183 16 841
15152 81 4095
15601 12 614
17199 135 6784
15774 299 14960
16076 7 379
14418 184 9244
15447 217 10863
16283 82 4119
17566 143 7181
16148 129 6479
17478 18 938
17458 36 1821
17561 231 11589
15828 134 6734
17364 111 5558
15181 3 165
14445 78 3940
14934 179 8952
15335 233 11697
15902 489 24455
14445 78 3940
15153 63 3169
17414 61 3054
14641 138 6906
14223 45 2292
17131 141 7059
15238 84 4208
14453 133 6657
17415 200 10026
17349 24 1231
15289 1 95
17132 181 9082
17237 119 5981
17195 182 9118
17158 42 2140
14910 6 349
15464 133 6652
17239 4 221
15859 81 4080
17135 15 786
17270 74 3717
17219 1 51
17245 27 1394
15808 34 1739
14174 78 3937
15154 181 9089
15392 107 5352
16428 470 23544
16150 129 6489
16557 111 5595
14432 15 763
16858 101 5077
14644 6 342
14873 307 15393
14467 286 14339
17198 34 1742
14559 52 2608
14888 4 214
17331 14 707
16769 114 5725
14789 148 7438
14948 262 13136
14372 270 13546
15794 219 10959
17111 112 5609
16186 142 7113
16715 86 4340
15846 38 1918
15153 76 3837
15123 24 1209
16022 113 5693
17226 62 3114
14458 8 410
16148 119 5985
14947 7 359
17534 8 429
14824 253 12683
15500 101 5073
17251 68 3426
15129 21 1077
14874 158 7901
15656 96 4822
15339 45 2285
17226 116 5836
15149 118 5942
15251 167 8370
14136 45 2291
14453 112 5639
15463 435 21758
17137 35 1751
17195 153 7679
15014 96 4833
15872 36 1841
15824 18 919
16835 197 9871
14970 233 11685
14375 140 7005
17121 5 279
16112 292 14623
16511 52 2646
17206 144 7216
14257 178 8945
17028 295 14757
15222 63 3184
17181 55 2752
14342 259 12979
17472 12 612
15593 198 9950
15466 87 4388
14452 37 1895
14223 204 10203
17251 52 2648
15463 435 21758
14475 27 1358
14956 143 7157
17324 107 5388
17414 137 6869
14213 62 3118
17481 8 447
15228 148 7407
17372 110 5502
17047 38 1901
16119 537 26855
14886 141 7090
16517 12 644
17344 102 5108
14229 14 735
15927 97 4859
15922 7 362
14745 119 5983
14893 165 8279
17156 44 2221
17251 166 8346
14356 282 14124
14874 62 3145
14768 178 8948
14545 29 1478
17559 1 69
16243 125 6262
15783 257 12893
16119 191 9580
14347 48 2442
14634 52 2614
15382 50 2545
17141 14 702
14239 16 821
14537 9 476
14787 40 2046
14408 38 1936
14150 63 3171
14609 88 4450
14585 17 890
17561 70 3546
17333 20 1045
15530 25 1266
17248 258 12949
15322 44 2212
14548 22 1140
15429 55 2796
17493 142 7142
14909 152 7627
15237 29 1477
16118 124 6202
15097 157 7875
14942 42 2129
14893 102 5109
15457 201 10071
15916 371 18551
15801 299 14984
15715 94 4709
17158 3 183
14802 267 13372
14956 152 7610
16845 381 19084
14749 60 3026
14750 28 1419
15701 271 13588
17027 40 2042
15161 159 7953
14553 52 2617
17100 114 5711
15491 167 8353
15482 47 2361
14870 296 14823
15398 324 16211
14244 29 1494
