17965 265 13254
17220 23 1199
13714 133 6685
14212 184 9213
18603 170 8521
16875 14 705
13929 10 508
13715 92 4601
14985 170 8539
17307 17 896
16499 233 11665
17243 13 651
18692 299 14987
14553 294 14748
13803 171 8579
16101 102 5129
17521 84 4211
18514 105 5276
16109 148 7431
17990 129 6490
14401 91 4554
16499 224 11221
14726 29 1487
17840 242 12110
17251 43 2157
14985 64 3211
17414 190 9526
17871 250 12539
13702 164 8233
15862 5 293
17955 206 10319
14673 16 841
16965 123 6184
18034 86 4311
15250 73 3691
16853 63 3171
15291 232 11620
18225 449 22454
18482 21 1051
15004 12 624
14451 15 799
17387 10 514
15808 51 2577
17132 182 9147
15900 138 6912
15923 344 17214
15442 51 2567
14611 222 11126
18021 283 14193
14530 8 446
18795 50 2541
14592 69 3490
17137 83 4169
16741 40 2005
17985 229 11488
15507 5 300
14549 141 7053
14597 144 7226
15086 184 9239
16147 327 16393
17364 93 4684
15231 157 7865
13929 12 650
14912 134 6731
18021 283 14156
14981 199 9989
13799 30 1520
15386 23 1156
17325 5 260
17987 18 931
15423 38 1941
18697 238 11923
18267 3 166
15397 53 2678
16122 108 5448
17960 207 10385
15274 35 1762
14392 238 11947
18753 124 6250
17303 32 1632
17849 168 8425
14877 173 8685
16101 81 4073
15677 229 11489
14121 47 2360
16339 207 10379
16106 53 2682
17620 13 652
14771 34 1711
15783 215 10753
16272 320 16049
14592 81 4061
17978 30 1501
15877 245 12294
13809 135 6798
13913 66 3323
17853 7 400
17186 32 1631
18527 279 13997
15409 6 337
13861 127 6385
14428 194 9713
17847 57 2873
18701 270 13544
14749 191 9597
14058 65 3273
14127 182 9137
14203 52 2609
15257 3 191
16529 33 1662
17727 38 1942
15722 36 1803
16023 336 16823
14924 135 6790
13745 119 5996
17955 206 10319
18527 716 35850
14677 29 1499
17029 179 8999
14009 63 3197
13732 33 1671
15174 105 5271
15961 95 4781
17144 14 725
15099 35 1754
17458 55 2787
15427 8 426
18955 117 5851
15086 168 8436
15345 148 7434
16466 56 2849
14009 97 4883
17043 98 4902
14067 156 7849
15330 96 4825
16228 232 11650
15676 184 9236
14293 70 3516
15808 31 1561
18035 183 9151
14582 1 86
13982 109 5469
17108 32 1644
15149 93 4697
17975 52 2622
14123 39 1989
15961 352 17649
14611 182 9120
15785 59 2984
17383 115 5787
13799 30 1520
17630 96 4847
16158 182 9101
15762 330 16544
18631 62 3102
15593 178 8934
14583 5 260
15061 71 3565
17087 361 18080
17956 251 12584
17164 112 5639
17352 44 2249
17144 14 725
17369 26 1317
17087 317 15874
18935 71 3575
15174 58 2926
15106 240 12006
16221 38 1944
14067 147 7389
14122 45 2296
18741 27 1400
16122 161 8063
14736 256 12802
17978 123 6197
14726 60 3050
14129 3 164
15846 167 8366
14899 285 14280
17353 12 626
17683 7 369
17125 35 1757
15396 145 7295
18955 54 2748
14569 159 7995
13708 2 118
18218 185 9255
15238 5 266
14122 45 2296
17596 46 2310
16762 1 58
14756 63 3180
13965 7 377
14981 135 6796
18794 56 2843
16847 0 7
17091 63 3170
15774 343 17154
14749 63 3197
17239 266 13322
18035 230 11531
14122 54 2722
17131 192 9602
14036 12 622
16867 276 13827
18733 41 2079
17667 9 482
13763 93 4674
15103 12 620
17727 38 1950
16152 111 5555
14736 256 12802
17696 53 2695
13773 224 11238
14067 15 789
15959 78 3947
16158 108 5417
15130 37 1879
17137 61 3058
15174 204 10202
14413 2 111
17144 22 1133
17162 171 8557
17387 38 1910
18057 4 234
17578 11 579
18646 78 3944
15115 7 363
17407 141 7092
17144 22 1133
15411 113 5684
18863 35 1789
14603 15 792
17349 104 5207
14401 99 4959
14438 74 3721
13935 227 11367
17514 54 2739
18495 102 5141
14103 75 3774
14080 115 5799
13707 121 6087
13779 87 4389
17365 29 1487
17344 118 5927
16172 471 23589
14030 71 3554
16013 212 10623
18052 49 2465
16962 191 9562
18657 37 1852
17840 242 12110
13736 51 2597
13739 19 952
14749 128 6447
14088 48 2436
18923 304 15244
17467 5 263
17869 92 4638
14455 95 4791
17306 68 3431
17087 359 17961
18713 14 747
17503 247 12383
17696 53 2680
14112 59 2956
18021 429 21489
18882 106 5340
18773 30 1506
15872 38 1935
18024 366 18343
17701 2 108
14828 198 9937
18615 438 21945
17095 16 830
15415 225 11269
16877 32 1634
13991 33 1655
14281 158 7902
18631 54 2741
17955 49 2461
15166 247 12364
18495 102 5112
16906 46 2328
14112 190 9510
17226 34 1715
16986 38 1926
15491 46 2348
14409 155 7756
18923 416 20828
16226 66 3303
17137 146 7304
14939 67 3379
18615 438 21945
17055 18 924
13913 142 7122
14043 66 3340
16874 403 20189
18954 271 13591
14350 9 496
13913 55 2792
14592 69 3484
17312 203 10159
18048 267 13363
17998 145 7287
18021 370 18520
13929 10 508
18760 224 11218
18010 225 11296
15114 28 1425
18515 57 2895
14545 6 318
17131 203 10162
15877 87 4365
16052 7 358
16540 15 789
15136 92 4635
17352 44 2249
17598 18 941
15785 256 12827
17840 369 18480
15783 362 18115
18497 328 16403
18927 53 2668
18497 206 10345
15900 143 7200
17354 40 2032
13739 19 991
17354 20 1038
15125 67 3362
18665 240 12014
16962 101 5087
18922 196 9843
17030 44 2224
18040 69 3459
17206 388 19415
18701 21 1082
18506 90 4521
18048 89 4465
17506 69 3475
18242 15 775
13805 282 14127
13865 113 5661
14246 116 5830
15466 256 12837
16889 250 12543
17451 326 16331
17621 175 8796
13721 25 1296
14390 122 6124
18760 149 7470
17637 115 5775
16112 20 1042
16011 154 7712
17851 58 2919
13895 78 3938
18712 403 20166
17451 311 15578
14468 119 5964
16802 250 12548
14191 209 10464
16852 70 3523
13732 103 5192
17435 16 831
14124 155 7779
16221 28 1418
18918 142 7135
14993 66 3308
17840 369 18480
15398 357 17862
15463 246 12350
16317 86 4317
14824 231 11557
13780 143 7156
14673 57 2879
16162 71 3586
14122 92 4638
18794 60 3034
16162 72 3609
15061 181 9069
14873 291 14582
17849 168 8425
16109 29 1474
14802 70 3539
15785 155 7780
15766 36 1815
18692 139 6968
17985 181 9096
17367 42 2150
17955 72 3644
14901 200 10039
13791 54 2750
18031 225 11291
16162 72 3624
14007 29 1494
15410 77 3872
14186 194 9726
16216 105 5251
18488 314 15706
17475 164 8240
15099 26 1331
15762 233 11670
15873 256 12818
15397 219 10969
14067 58 2904
16506 5 295
16679 64 3227
17307 4 209
15851 92 4626
16818 96 4845
18488 560 28039
18031 262 13139
17973 36 1807
14107 89 4476
17243 86 4312
15125 134 6725
14545 112 5628
15350 138 6903
17683 89 4483
16091 28 1438
13809 135 6759
18685 9 453
17255 24 1224
16028 421 21100
15167 36 1825
17125 21 1090
13876 260 13011
15774 490 24537
16978 298 14919
15106 240 12006
14553 197 9894
15783 213 10695
18922 15 782
15231 157 7869
17044 10 523
17696 53 2695
15234 101 5075
18034 62 3102
14431 65 3296
15426 83 4164
17648 50 2549
15676 184 9236
15409 17 857
18733 41 2070
14335 232 11643
13862 79 3987
18032 249 12493
16158 260 13023
16169 64 3210
14771 214 10721
13725 126 6349
14592 57 2880
17497 127 6380
14543 95 4754
17166 0 29
14067 192 9607
15715 192 9620
15291 266 13305
17401 8 431
17683 89 4483
14030 104 5209
15933 290 14511
18282 94 4725
15527 19 996
15167 126 6331
14673 16 841
16749 79 3986
16446 192 9604
16446 192 9604
17769 26 1341
14067 192 9607
18257 109 5491
15774 249 12481
17352 290 14528
14766 7 374
15386 23 1184
18032 250 12517
18024 291 14557
14981 9 471
13913 91 4562
16847 0 34
15517 24 1212
15965 497 24868
14550 280 14006
14985 10 538
15915 129 6466
14597 70 3547
16028 226 11345
14784 69 3474
18225 561 28079
17373 136 6818
17560 100 5005
17724 53 2661
16952 0 35
14924 158 7918
17566 42 2125
14891 46 2326
15111 289 14466
17853 2 119
15350 197 9881
17164 78 3923
14043 39 1958
13708 71 3584
18794 85 4256
17479 21 1091
13803 16 838
13864 89 4460
18673 52 2604
18244 284 14202
18924 103 5177
17367 18 941
15436 119 5984
18794 7 365
18228 125 6292
17169 347 17378
16960 47 2400
16778 73 3674
18733 41 2052
14392 96 4815
13862 174 8708
16036 318 15910
14030 74 3713
13792 65 3284
16228 230 11521
15801 487 24389
15116 282 14141
17089 121 6057
16750 33 1656
16929 134 6730
17506 69 3498
15116 281 14055
14372 83 4152
14030 89 4487
17591 86 4350
17641 18 929
13787 23 1177
17478 125 6285
17701 55 2752
15440 44 2216
17196 55 2782
13773 252 12648
17763 42 2118
16292 76 3845
13767 88 4407
14040 28 1439
15154 74 3724
14597 101 5088
15246 126 6341
14598 43 2191
17196 55 2782
15257 127 6389
15492 32 1634
16906 32 1619
16101 81 4073
15392 114 5713
16286 473 23696
18923 162 8134
17998 3 185
16119 186 9314
14726 60 3050
16894 224 11211
13762 64 3229
14768 115 5778
14543 103 5179
17387 5 267
14080 240 12024
18048 352 17611
17493 214 10704
18244 307 15367
13921 47 2360
17383 398 19912
15395 29 1497
13773 113 5675
17210 229 11487
14535 109 5472
15794 119 5971
18793 31 1600
18741 27 1400
18615 0 46
18226 215 10793
17739 19 966
16109 148 7414
15411 153 7690
16298 110 5524
15501 96 4814
17087 4 229
15592 175 8767
14040 28 1439
14771 204 10221
18779 86 4345
13861 125 6291
15286 12 635
14220 39 1961
18794 162 8142
14598 46 2303
18765 320 16019
16122 452 22631
13950 94 4732
16322 1 93
18510 339 16985
16965 69 3464
13766 118 5929
17701 2 108
13935 227 11399
13770 10 529
14897 153 7663
14626 143 7166
18673 47 2373
15125 134 6725
14438 254 12714
14874 133 6691
14259 82 4103
18678 302 15150
16506 5 257
18026 166 8335
15915 162 8144
14985 30 1536
18927 65 3269
14014 162 8140
18245 199 9975
16978 298 14902
17312 203 10159
15859 109 5467
17414 40 2038
18631 178 8936
18286 58 2914
17693 153 7667
15222 99 4975
13861 28 1412
14040 101 5062
18265 160 8005
18021 260 13001
17648 13 693
13945 285 14264
17414 40 2032
13745 39 1967
18574 340 17024
15794 119 5971
16250 17 898
18286 21 1086
16826 362 18103
17004 9 475
13929 10 508
15961 188 9436
15111 282 14143
16158 32 1619
17698 6 336
15961 71 3562
18031 291 14597
15697 29 1492
18954 3 160
14080 205 10275
16753 112 5643
17663 21 1095
17726 15 774
16962 191 9562
14939 60 3013
18685 35 1781
18954 250 12519
17169 246 12344
15017 116 5837
15783 167 8382
16307 49 2479
16926 172 8629
17204 108 5409
15762 63 3160
16849 118 5932
17132 91 4584
17410 60 3035
17144 22 1115
18244 30 1517
16875 22 1102
17196 55 2782
14816 152 7611
14965 203 10178
17869 42 2139
16852 316 15830
14093 182 9137
14165 54 2749
18218 300 15001
16158 211 10594
15486 177 8888
14749 223 11164
15386 96 4820
15177 20 1020
13720 10 507
15923 451 22592
17755 14 737
15989 307 15361
15927 38 1902
14959 16 826
16849 187 9390
18733 41 2070
15464 162 8111
17090 64 3246
17851 173 8651
17271 66 3331
15423 41 2051
18795 111 5588
15762 98 4924
15966 18 906
14583 28 1415
13861 141 7088
18646 2 145
14067 161 8094
14464 124 6202
16424 305 15286
18615 117 5867
15593 178 8926
14639 39 1988
17560 49 2462
18502 11 569
18048 406 20348
15267 163 8199
14592 81 4085
15961 391 19556
16875 22 1102
17451 311 15592
14789 112 5619
14203 18 950
15851 53 2660
14914 33 1678
18637 138 6907
17128 108 5401
16023 336 16823
16272 320 16049
17169 157 7883
18244 98 4934
17620 227 11384
14543 103 5154
16731 90 4533
18924 4 247
18678 303 15163
17655 57 2885
18506 79 3991
15639 176 8820
16762 37 1900
18244 144 7244
16529 91 4574
14123 114 5705
18782 39 1965
17996 103 5172
18733 41 2056
15701 510 25547
17410 2 141
17671 410 20513
15416 122 6116
18228 125 6292
17383 416 20806
16852 70 3523
18953 116 5827
16021 433 21671
16148 220 11044
17137 215 10795
14209 79 3955
16910 171 8600
17422 5 261
15976 101 5084
13762 57 2894
15592 120 6040
17986 186 9348
15391 201 10077
15416 122 6109
16119 186 9314
17973 46 2336
15423 41 2096
18935 95 4799
17307 31 1551
16524 389 19498
18929 173 8690
17521 37 1865
15397 219 10977
14464 240 12009
15900 138 6912
14597 144 7235
18021 188 9432
15252 14 731
18959 17 892
18922 258 12930
14375 133 6683
18244 362 18112
16158 66 3316
17731 20 1008
14350 32 1636
17166 5 273
14981 63 3181
13945 178 8901
16743 21 1061
15955 24 1226
16894 5 286
16875 22 1102
15415 226 11302
17692 190 9532
18935 31 1583
18468 53 2680
15115 126 6330
17053 113 5678
17087 45 2280
17853 2 119
15883 39 1951
17661 29 1478
13874 11 579
18910 88 4402
14093 182 9122
18218 300 15001
17648 12 630
17087 45 2276
14725 161 8098
14458 102 5139
13725 126 6349
13702 47 2367
15099 68 3408
17169 101 5071
17990 46 2332
17853 186 9330
14107 89 4458
18048 186 9335
17726 74 3739
14212 184 9213
18021 422 21119
14184 34 1720
17087 359 17961
15111 71 3568
14907 181 9080
17138 52 2603
18659 109 5489
17578 2 140
13962 13 661
16339 159 7962
18005 199 9972
17338 56 2824
14891 10 515
13767 91 4583
18794 162 8149
14063 245 12264
13732 99 4966
18482 25 1254
17986 72 3617
14257 237 11853
17578 12 605
18782 24 1236
14136 26 1317
14171 47 2374
15669 29 1455
14986 104 5241
14165 116 5829
15339 180 9021
17034 239 11993
15792 222 11148
14597 27 1368
17521 20 1027
14959 201 10075
17210 66 3336
17724 14 720
15634 126 6312
17482 77 3894
18031 274 13726
14998 188 9430
16821 208 10433
17195 118 5901
14124 108 5424
15682 106 5305
18286 78 3911
17138 102 5106
15966 369 18456
17169 298 14924
14644 281 14081
18794 52 2649
15116 302 15131
18018 43 2152
15592 8 407
14212 184 9234
17030 93 4674
14080 140 7049
15106 240 12006
16920 9 467
14549 217 10888
17578 11 558
17871 25 1252
16172 413 20671
17592 93 4675
15179 22 1102
13865 251 12570
16867 163 8172
17598 39 1995
17195 209 10459
16852 316 15830
17314 48 2417
15762 193 9697
17846 131 6560
16551 373 18691
16119 273 13699
15592 66 3302
17087 45 2280
18794 52 2643
16199 27 1370
14205 12 642
18225 140 7049
14108 112 5625
16910 171 8600
17243 100 5006
14553 292 14616
18010 225 11255
14725 122 6134
15701 3 193
18793 60 3003
17726 51 2568
15098 47 2361
18021 77 3894
16169 357 17899
15442 35 1766
16894 12 633
15118 186 9339
18931 50 2528
18010 225 11255
14539 50 2511
18218 216 10820
15103 106 5341
18933 95 4788
13911 147 7399
14186 194 9745
17327 75 3755
15222 94 4714
13773 69 3476
18268 5 253
15800 48 2429
18040 43 2165
16317 40 2005
17667 71 3598
18218 160 8003
18044 230 11543
18603 170 8539
17974 255 12761
17990 100 5020
15466 256 12837
16172 377 18856
16529 33 1660
17325 5 260
18928 35 1760
17467 80 4032
14729 133 6687
16726 187 9375
17195 209 10497
17955 190 9527
18026 180 9033
16094 242 12107
17849 86 4324
18753 124 6224
14580 143 7187
16119 463 23166
14026 90 4540
16340 422 21147
17164 78 3903
14828 198 9910
14603 15 792
16051 85 4262
15167 9 498
16023 462 23148
18034 136 6825
15774 313 15651
15103 225 11286
13803 195 9783
15593 167 8389
18489 219 10983
18765 183 9193
16221 4 231
17210 198 9942
16513 15 795
14063 231 11569
15116 302 15131
16021 302 15119
15783 263 13176
13799 42 2111
13861 125 6275
15267 77 3862
18044 329 16477
14739 5 292
13935 110 5505
18265 149 7459
14924 93 4652
17186 2 119
18235 30 1509
14555 23 1194
14327 26 1337
16847 0 34
16169 301 15075
18474 260 13021
17985 149 7488
16978 298 14902
14882 92 4634
13709 30 1548
15486 320 16002
14062 5 271
18218 111 5565
14421 11 571
17087 316 15811
13913 91 4572
15588 297 14857
17524 101 5095
16579 51 2598
16159 150 7516
17314 66 3335
16271 82 4150
17724 34 1747
18495 102 5141
16852 178 8930
15880 26 1325
16222 157 7861
16422 23 1178
17220 23 1199
15350 54 2715
15473 240 12023
17246 2 122
15872 38 1940
14438 137 6874
16028 421 21100
14592 81 4062
14597 33 1653
14985 64 3222
15179 22 1102
16506 124 6243
13739 21 1055
17451 23 1153
13707 126 6305
18923 243 12185
16051 85 4258
14186 15 779
14559 282 14105
14912 73 3694
18235 41 2075
16317 40 2005
13911 147 7399
18685 182 9105
14874 239 11965
16172 419 20974
17314 66 3315
13767 46 2305
17563 79 3964
17793 41 2064
16158 345 17294
13791 97 4896
13729 80 4045
14438 254 12710
15877 26 1313
13970 8 419
14024 10 522
14357 5 289
14218 7 397
13763 131 6589
14715 57 2871
17560 49 2462
15004 10 513
15682 99 4993
14936 23 1175
14756 107 5370
17004 286 14311
17206 104 5206
15382 78 3942
16159 158 7945
18024 573 28681
18032 249 12493
17095 16 830
14282 2 147
17164 112 5639
18469 185 9290
17620 227 11371
18678 327 16370
18031 262 13139
15411 151 7597
16060 173 8676
14458 69 3464
17763 1 53
14281 158 7902
18771 50 2506
16551 328 16413
16112 474 23723
17401 98 4942
14335 232 11609
18748 151 7573
17662 129 6497
17325 5 260
14080 205 10262
17793 41 2088
16529 33 1660
14611 182 9129
18928 157 7852
17544 8 433
14560 0 21
13770 2 110
14959 277 13874
17407 105 5279
16753 112 5611
13809 41 2089
14789 41 2081
14009 63 3197
16524 389 19498
18862 391 19582
15783 233 11683
18031 291 14560
15426 41 2069
16286 473 23688
18044 230 11511
17987 138 6944
13767 50 2528
17663 21 1074
17663 21 1095
17367 90 4540
17098 64 3227
18779 17 897
18218 111 5565
13708 85 4266
17030 44 2224
18760 191 9586
13979 181 9091
18760 150 7515
18935 391 19583
18938 17 895
17963 53 2699
14551 41 2097
14220 25 1258
15859 180 9042
13763 93 4674
18515 57 2874
15061 181 9069
14409 155 7777
17309 43 2168
17302 43 2151
14882 137 6883
13979 20 1004
18665 250 12549
17132 205 10267
17479 7 361
16118 79 3963
18935 257 12862
17131 2 143
16802 234 11708
18631 83 4165
18646 65 3289
14038 64 3236
15446 66 3302
14030 58 2921
17091 45 2266
17497 197 9868
17500 18 918
14708 34 1715
17090 64 3246
15894 0 45
14067 58 2904
18218 147 7391
15954 208 10415
16891 131 6594
16051 85 4262
17243 78 3907
17853 45 2296
18488 314 15706
15130 70 3521
17034 221 11096
14310 1 57
17669 85 4283
14690 25 1267
14334 72 3622
13709 18 923
17840 200 10035
17383 412 20602
16867 40 2018
18062 241 12096
18784 3 185
15969 105 5288
14690 21 1096
16112 207 10388
14464 84 4219
17596 47 2379
15877 62 3128
14746 88 4414
14024 24 1241
16906 32 1644
16759 7 397
17458 55 2787
14725 118 5901
16499 225 11258
14030 58 2948
16199 27 1370
17684 154 7731
17367 18 911
16949 437 21870
17985 159 7973
17521 20 1027
17655 393 19654
13940 16 803
16358 49 2497
14603 88 4419
18678 226 11338
14068 68 3407
17545 10 501
14686 61 3061
16950 84 4214
13763 247 12396
13923 25 1264
15923 326 16347
16172 105 5290
18645 40 2041
17592 125 6298
17666 212 10633
17745 16 844
15588 354 17744
14363 34 1707
16172 224 11235
16826 362 18103
17620 127 6389
16845 86 4320
14431 47 2391
17849 118 5901
17560 41 2081
14530 8 422
15478 52 2636
13763 244 12229
17727 25 1278
15353 170 8541
15766 15 797
16119 524 26249
18527 279 13978
16112 0 36
16826 362 18149
15398 372 18628
15154 74 3724
17137 115 5784
13791 8 435
17137 3 151
18665 329 16456
18760 191 9595
16172 103 5195
15130 26 1318
17830 25 1286
17055 146 7334
18794 362 18144
13791 8 443
17630 161 8072
15900 143 7186
14186 15 767
15174 58 2926
14558 55 2763
16499 233 11685
15466 256 12808
14686 79 3998
14117 12 644
14690 17 883
14725 118 5902
14438 178 8904
17367 133 6667
17662 129 6495
17137 16 818
15412 132 6629
18054 436 21827
18712 409 20494
16134 370 18516
15246 124 6235
15799 193 9683
17521 84 4206
14888 217 10876
14549 141 7053
17956 128 6440
18044 468 23427
16776 222 11124
18469 185 9287
15074 15 782
16169 100 5011
14108 88 4426
14436 215 10788
17497 197 9868
18731 224 11225
16172 301 15094
15222 237 11875
17960 207 10385
14623 23 1184
17998 125 6271
14959 16 838
16226 66 3303
15517 46 2309
17754 75 3777
15111 47 2382
15486 177 8888
17030 44 2213
15969 105 5288
18933 95 4788
16743 21 1053
16433 85 4296
15154 74 3705
17240 243 12169
14220 43 2185
18795 50 2542
15592 59 2997
16753 112 5618
15851 19 951
16852 25 1291
17349 6 347
15017 197 9900
18021 386 19324
15420 7 359
14977 20 1045
15116 282 14141
14271 253 12693
17467 80 4029
15592 138 6940
15880 26 1325
18923 446 22316
13714 72 3631
16008 133 6679
17328 29 1451
17137 41 2054
16228 230 11521
17087 336 16843
18923 408 20441
17563 79 3968
17144 22 1115
18286 111 5562
18054 15 781
15398 228 11425
14375 133 6695
13729 80 4020
18527 674 33741
16021 433 21671
14218 10 528
16894 20 1046
14553 190 9521
17661 46 2344
14165 70 3505
13767 0 7
15103 106 5341
18026 187 9359
17095 73 3658
17596 47 2379
13861 28 1416
15491 330 16504
16052 208 10445
18286 97 4868
18603 170 8521
18765 183 9192
15851 92 4626
18929 173 8680
15308 5 278
17791 48 2445
14801 40 2021
16466 88 4401
18910 77 3874
14124 155 7795
13982 34 1704
14453 139 6969
18495 82 4148
17874 3 197
17869 44 2244
14107 89 4458
18235 230 11525
18923 284 14204
17307 2 116
15101 76 3822
17057 80 4042
18577 291 14576
18516 364 18240
18021 77 3852
15128 145 7277
13935 70 3542
18021 438 21935
17563 79 3964
14569 77 3886
14537 117 5854
15862 5 288
18032 270 13504
18021 637 31896
17387 40 2002
18794 68 3433
17592 93 4698
17206 486 24319
15492 4 232
14209 125 6276
16205 104 5244
18741 27 1397
14789 122 6107
16023 454 22703
18062 241 12060
17500 60 3021
18021 370 18542
15592 8 407
14882 92 4634
17500 67 3381
13913 288 14435
15593 139 6951
14902 135 6765
14807 239 11997
17186 32 1631
15931 521 26076
16172 380 19021
14375 138 6931
18527 274 13720
15446 66 3302
17990 129 6490
14543 95 4754
14874 178 8945
16965 210 10503
14096 91 4580
17422 0 16
15504 85 4288
18007 76 3801
15416 85 4270
14553 294 14748
17972 157 7854
17978 126 6319
17853 186 9345
14582 60 3030
18032 261 13065
18673 13 668
15701 3 193
18466 48 2436
13719 1 73
17853 7 400
13714 72 3631
18678 317 15895
14530 8 446
16551 328 16431
14537 52 2650
16726 85 4270
17255 14 741
15291 319 15953
15828 249 12493
18272 75 3782
14038 93 4678
15931 14 743
13745 197 9864
13779 8 406
13762 260 13048
17851 58 2924
17739 23 1192
16094 534 26705
17137 149 7468
14725 16 829
18676 493 24675
13732 128 6414
18225 24 1208
15174 53 2696
14068 68 3407
14059 84 4215
14555 141 7051
14743 44 2244
14319 18 934
18005 229 11466
14080 169 8466
15335 125 6270
18261 4 245
15017 116 5837
15640 6 328
14293 252 12627
14912 38 1911
16089 372 18614
15125 67 3362
18699 180 9037
15111 71 3568
15149 22 1132
18024 366 18322
18496 74 3722
14766 22 1148
17055 18 924
14171 51 2560
14582 60 3031
16169 362 18149
14899 87 4351
17560 138 6941
15396 38 1948
17851 173 8673
15469 271 13563
16584 94 4709
14924 39 1954
14955 90 4535
17793 41 2088
18010 225 11255
15322 63 3189
15588 297 14851
15751 52 2629
17620 69 3474
18918 116 5824
18697 238 11904
13791 195 9781
17467 80 4032
13957 2 126
15961 70 3549
15099 118 5948
15017 5 257
17383 412 20607
14191 209 10464
16809 240 12038
14551 204 10239
14375 73 3684
16499 188 9447
15252 14 731
14673 70 3506
17144 101 5099
17422 5 269
14580 5 277
18765 60 3006
15482 116 5831
18044 329 16458
17561 3 183
13937 40 2015
14535 156 7811
18794 162 8104
18923 291 14562
14093 196 9841
15894 118 5904
17137 146 7333
15014 146 7306
13862 164 8228
18489 219 10983
15391 285 14298
14535 109 5472
13935 227 11399
17521 34 1707
17169 6 309
18719 179 8966
18765 183 9189
14220 39 1962
18872 1 92
17521 18 907
13911 140 7039
15592 114 5738
15952 132 6609
18574 401 20078
14603 88 4419
14418 139 6967
14959 16 838
15098 79 3954
17693 42 2116
18035 230 11501
16504 149 7457
14392 88 4443
18018 78 3902
18733 43 2161
15882 198 9914
17474 46 2335
17974 165 8267
16094 464 23242
14639 39 1988
18229 41 2068
17128 148 7419
14431 41 2094
14935 130 6516
15457 194 9745
16491 14 722
15479 354 17728
14631 27 1362
18752 161 8067
17986 186 9339
16101 0 50
17144 21 1085
18244 143 7188
13913 55 2790
17186 32 1631
17521 34 1707
14555 114 5736
16216 88 4421
18005 112 5637
18574 401 20078
14467 293 14677
13929 12 650
14362 75 3786
15473 57 2881
17990 82 4142
18026 166 8335
18756 54 2708
14814 114 5702
18685 501 25066
18510 339 16976
16169 301 15075
16584 94 4709
17078 65 3289
13707 5 268
17137 61 3058
18793 56 2839
17544 7 380
16504 149 7457
15382 20 1044
13935 227 11399
16422 20 1045
16679 83 4200
15417 24 1244
14220 18 938
13792 42 2104
15851 19 968
17691 55 2763
16341 416 20825
16013 20 1011
16731 459 22995
15426 83 4151
18863 86 4315
14913 62 3106
16894 20 1046
16867 40 2002
14362 33 1667
13921 47 2358
15986 191 9558
16975 70 3549
14924 229 11461
13702 58 2937
15927 82 4124
18773 12 601
17851 58 2919
18741 27 1397
15593 178 8918
15436 0 40
17693 153 7667
16052 464 23206
18673 105 5300
18953 260 13003
15314 47 2367
16852 197 9887
15386 23 1184
14632 102 5108
18794 56 2843
16172 27 1367
17701 55 2773
17055 202 10125
16028 226 11345
14171 17 900
15592 59 2997
15959 78 3927
15397 197 9880
16266 199 9973
15433 170 8506
14007 121 6068
14446 24 1208
18054 436 21821
18032 242 12136
16891 154 7712
17853 2 119
17217 70 3504
14453 107 5381
14924 147 7362
14901 7 396
18753 57 2852
15828 429 21477
13714 50 2528
17089 104 5238
14542 289 14461
15486 8 421
17726 74 3726
16935 364 18243
13945 178 8901
13707 144 7241
17978 119 5961
17985 229 11488
14771 214 10721
18242 162 8140
17678 6 340
16315 59 2969
16821 195 9751
14067 191 9553
17986 72 3604
14891 46 2326
16731 491 24579
16540 15 760
17874 57 2863
17186 32 1631
17631 20 1022
14038 39 1977
16544 117 5896
15527 3 194
15916 207 10366
18923 565 28282
18218 253 12698
17522 59 2962
16529 30 1550
15762 296 14813
17666 212 10633
17620 13 652
17596 6 314
14124 108 5424
16222 145 7251
14729 178 8910
18021 222 11146
15794 119 5971
18615 319 15957
16986 14 708
18882 58 2905
16679 83 4186
14458 37 1861
16021 219 10980
17307 4 208
14438 178 8904
14124 176 8818
17858 71 3557
16852 70 3501
16051 85 4258
16894 134 6727
14024 24 1235
15125 174 8736
15457 194 9707
14789 70 3542
15697 60 3017
17726 74 3726
14816 152 7614
13897 32 1617
17521 20 1027
15409 52 2636
17662 57 2889
18724 33 1677
14455 38 1907
16134 375 18795
18514 105 5255
14436 300 15049
17661 50 2530
15766 37 1871
14807 300 15022
17255 4 203
13936 23 1170
17098 64 3206
16986 26 1332
17686 274 13727
17975 253 12662
16159 158 7945
16867 276 13827
18202 89 4459
17077 61 3086
16889 250 12543
15238 5 266
18492 323 16177
15415 245 12284
13739 19 991
17596 33 1686
14080 140 7049
17323 23 1199
14549 217 10872
16750 92 4638
17594 72 3624
15183 40 2047
17596 47 2355
17847 120 6032
14080 205 10287
14044 32 1646
17557 17 894
17355 78 3918
14977 15 751
17662 64 3227
16169 220 11036
18882 143 7154
17246 7 399
17503 247 12383
13762 57 2897
17596 47 2371
13762 86 4305
15507 4 206
15257 170 8531
17316 41 2060
16676 68 3406
17048 72 3640
14597 70 3547
18496 78 3947
18010 232 11648
17524 126 6312
16874 443 22196
17309 17 878
15469 291 14589
14067 48 2426
17530 69 3469
17858 64 3234
18692 299 14987
17731 20 1008
14771 34 1711
15079 15 795
17965 268 13432
16849 95 4769
18482 25 1296
18574 393 19654
17830 25 1296
18771 51 2573
18753 49 2489
17986 10 510
13714 40 2013
15111 289 14466
13799 40 2034
16529 38 1905
14558 147 7396
16877 16 827
16307 49 2451
18021 373 18675
15595 13 682
16112 487 24355
14342 288 14421
17874 3 198
14935 290 14531
14901 310 15514
17990 64 3205
16750 1 76
17783 141 7053
13982 109 5499
17684 75 3755
17196 55 2782
15987 335 16785
17726 126 6350
13708 55 2796
15923 48 2405
14007 84 4216
18677 142 7149
14558 147 7396
17641 31 1561
17761 63 3199
17098 64 3206
17763 12 630
18026 105 5277
14562 71 3565
17849 16 841
17206 337 16875
15174 204 10202
17367 61 3070
14580 9 494
14335 226 11317
16228 219 10978
16947 129 6469
14708 24 1233
14743 187 9364
14924 135 6787
14555 273 13691
16107 86 4332
16122 161 8063
14007 121 6098
18267 40 2019
14186 207 10352
15469 273 13666
18218 300 15029
18574 349 17485
17667 9 482
16107 33 1695
18935 383 19168
14122 45 2281
13708 2 118
16845 199 9971
17662 57 2865
13957 2 132
18021 260 13030
18615 438 21945
17090 64 3246
17169 67 3357
14555 141 7073
16122 452 22626
16109 148 7414
18714 165 8281
13937 60 3014
14392 238 11947
15257 6 303
17030 93 4677
16205 314 15722
16867 37 1889
14877 232 11614
17213 81 4063
17325 5 263
17783 111 5577
15254 143 7182
14749 223 11164
14372 13 663
17451 300 15024
16317 67 3369
14802 286 14340
15730 0 11
18701 116 5834
13991 46 2305
16228 158 7941
15877 245 12294
17686 274 13750
17630 1 66
18922 574 28707
15588 297 14857
16169 333 16688
17302 51 2565
14067 58 2904
13936 23 1170
14623 52 2631
14108 121 6076
15274 35 1789
16038 192 9601
17111 182 9147
18495 82 4146
15970 334 16728
14357 5 289
15915 180 9018
15507 2 123
18615 438 21945
16038 246 12308
15154 74 3719
16471 51 2567
14597 100 5011
14455 95 4797
17615 4 218
16752 10 501
17666 50 2527
16741 82 4150
14729 89 4493
18685 501 25094
14562 59 2991
15161 60 3017
18021 386 19342
17206 388 19450
15428 62 3113
15634 126 6312
15931 521 26051
18765 104 5213
14699 11 567
13907 16 837
15125 174 8736
14801 30 1513
16075 283 14195
14229 82 4115
17271 12 614
14140 33 1691
17693 163 8198
17132 225 11291
17322 53 2655
18724 33 1677
14764 63 3160
15427 12 615
18701 27 1369
15242 182 9121
15386 38 1942
14768 190 9529
15412 167 8382
17004 242 12133
17524 127 6383
17053 91 4556
13929 10 508
18286 169 8489
13791 97 4896
14044 30 1541
17325 26 1337
18021 507 25380
13803 195 9797
14007 121 6098
17684 89 4498
16752 10 501
14009 90 4539
17524 54 2715
15125 66 3307
15909 36 1838
16119 273 13676
16960 47 2400
18235 236 11827
17697 15 769
15315 6 336
13714 113 5666
17243 13 651
15222 99 4976
13937 58 2929
14171 17 900
17724 50 2537
14007 0 9
18238 255 12763
18021 373 18675
18782 72 3647
18733 43 2170
17217 70 3549
15115 118 5941
17108 25 1259
13725 194 9719
16357 50 2508
14729 29 1472
15251 159 7968
13712 74 3711
15395 95 4783
16540 1 76
15403 149 7474
14172 46 2310
17255 43 2168
17206 254 12733
14550 301 15100
15592 8 443
15909 36 1838
17239 187 9387
18676 558 27945
17162 177 8894
16199 444 22210
14220 45 2288
17213 83 4173
18021 454 22711
18235 156 7827
17482 112 5613
14458 1 51
14772 142 7132
14413 2 111
17743 44 2224
13803 16 806
13715 53 2674
18225 93 4666
14877 232 11626
15785 155 7776
15411 153 7690
17166 7 355
15360 23 1181
16158 6 323
18244 143 7167
14771 214 10721
17684 127 6379
13993 79 3970
14436 300 15049
17524 79 3993
18903 356 17811
13913 91 4572
17555 1 51
18054 447 22384
17869 42 2139
14882 143 7157
14998 67 3385
16340 416 20827
17196 57 2899
15308 5 278
15128 229 11487
15986 42 2114
17398 246 12330
14464 237 11859
17098 64 3206
17302 14 736
14080 181 9051
17724 14 734
15479 282 14147
14550 10 532
13945 246 12329
16433 25 1254
17522 59 2962
15345 148 7427
14801 150 7527
17766 43 2197
18779 69 3484
17987 80 4013
17367 18 911
15456 100 5013
16216 88 4421
15785 74 3712
14729 188 9403
18760 150 7504
17840 369 18480
18057 38 1926
18910 157 7877
16507 31 1557
18574 401 20078
17307 126 6321
14146 55 2771
18733 47 2386
15360 137 6898
18615 150 7517
14805 29 1498
15883 26 1325
15961 391 19556
17648 10 521
18488 559 27979
17853 7 400
14344 14 736
17467 5 263
17851 173 8685
16894 135 6782
17349 104 5207
18463 177 8887
15397 152 7627
18574 340 17017
16726 187 9375
16356 18 906
14977 15 789
14539 234 11712
14021 4 219
17985 159 7974
14186 207 10352
15291 125 6267
15274 35 1789
16761 380 19004
16036 471 23578
13929 0 28
13709 30 1548
18790 336 16830
14281 52 2645
18760 149 7486
14291 138 6904
13911 140 7025
17164 112 5639
17144 118 5918
16471 46 2314
15397 57 2897
18910 140 7035
17684 150 7516
15167 9 498
15252 20 1011
14350 42 2149
17985 229 11488
14306 198 9916
14455 38 1907
14377 130 6547
15900 196 9837
17128 25 1273
15862 180 9040
14319 5 268
15478 226 11307
15923 497 24871
14165 122 6135
15636 0 23
18631 54 2722
14535 109 5472
14739 5 292
16776 222 11128
17111 182 9147
14436 88 4427
14784 57 2860
14617 32 1624
15353 164 8243
17874 22 1115
18228 182 9130
17663 21 1095
14631 108 5428
18915 331 16583
17210 229 11463
16221 4 201
15386 107 5394
16339 171 8554
14146 12 633
18496 12 647
17726 15 753
18927 61 3094
14924 228 11414
16778 73 3674
18959 39 1985
17195 196 9849
17344 118 5913
15923 344 17214
17972 39 1959
14112 59 2995
14891 179 8984
15409 17 900
13937 58 2929
16471 80 4044
18005 112 5637
17722 121 6094
16109 49 2471
14185 8 422
15894 185 9260
15792 222 11149
13799 30 1520
17631 20 1021
17620 69 3474
17208 191 9552
14428 188 9432
17166 8 434
13715 92 4607
13714 113 5666
17029 99 4970
16741 354 17726
14784 9 488
17761 63 3196
16075 341 17073
17722 121 6089
15125 174 8722
18794 112 5603
14413 0 35
13732 99 4961
15222 99 4975
14788 49 2488
17328 29 1484
18527 466 23329
15785 59 2984
14746 88 4414
17503 233 11673
18713 4 215
16162 0 50
18527 466 23302
14026 98 4923
14372 83 4196
14067 47 2373
16232 186 9334
16281 433 21651
17217 106 5328
15464 162 8111
14229 7 400
14146 12 633
17048 85 4271
15415 52 2615
17724 34 1733
18235 247 12367
15960 128 6442
17521 1 66
17655 410 20528
15395 95 4751
15507 4 226
14626 143 7195
15234 174 8722
15766 24 1240
18286 90 4533
15800 206 10327
14959 31 1580
15167 20 1034
17978 135 6782
15491 86 4320
16109 148 7431
17458 55 2787
18732 16 840
14281 52 2618
18673 47 2352
15976 72 3606
17545 59 2993
18955 222 11105
15116 282 14141
17684 75 3780
15902 436 21828
17865 96 4808
18010 232 11603
15125 134 6725
15867 64 3235
17766 15 763
14726 94 4719
14882 143 7157
16169 362 18106
14560 5 285
15715 221 11079
15882 198 9914
16891 243 12191
15931 198 9944
14912 75 3773
17874 57 2874
16228 113 5670
16158 260 13023
17169 322 16141
14038 37 1872
14458 83 4184
14768 6 304
17493 95 4794
18645 68 3450
16743 21 1094
17004 240 12001
14784 39 1954
14062 54 2718
17055 295 14781
13982 100 5044
17578 2 120
14965 141 7066
14464 66 3342
15682 28 1438
13770 16 839
13736 177 8856
14690 25 1260
17722 3 153
16891 131 6565
14562 59 2991
18488 314 15722
17144 86 4335
16341 416 20825
16894 5 286
13773 53 2668
17030 44 2213
16726 16 821
17652 50 2521
17240 512 25612
13779 8 439
14096 66 3337
17034 221 11096
13913 55 2792
14568 25 1287
18651 14 707
17592 125 6298
18678 309 15489
15636 13 684
16513 15 778
14998 17 859
15507 4 206
14901 7 396
14814 175 8764
14743 187 9364
15961 370 18533
17372 103 5152
16529 38 1905
14530 1 73
18026 166 8335
17985 338 16945
16894 89 4478
17691 19 953
18918 139 6978
14063 92 4613
17169 23 1188
13896 31 1585
15923 344 17224
16356 17 862
16975 112 5647
17383 444 22219
15923 367 18372
15291 204 10204
14112 122 6144
13767 91 4583
18574 393 19654
16172 32 1632
15382 239 11974
15106 240 12037
14062 263 13194
18018 43 2194
18021 370 18538
18782 72 3647
18021 454 22746
16752 15 788
15762 253 12657
17986 227 11391
15099 35 1787
15301 117 5862
14582 1 65
18035 41 2073
17489 147 7356
17011 16 820
14458 25 1295
16946 130 6508
16134 166 8319
17614 211 10577
14007 126 6340
16089 372 18610
16726 143 7176
18228 187 9380
16735 59 2991
18617 22 1110
18713 4 215
17208 69 3468
15492 28 1429
14985 10 504
13791 195 9751
14763 56 2824
18741 21 1073
15479 75 3755
16852 311 15591
18615 438 21945
18218 300 15001
15395 29 1497
15927 320 16035
14080 181 9051
16173 191 9593
16378 39 1962
14030 50 2509
14372 84 4213
13803 16 838
16222 12 625
17367 133 6665
13897 39 1987
14590 92 4641
16891 131 6565
15836 35 1794
17024 13 678
16243 174 8741
14956 60 3001
18218 219 10977
17667 257 12871
15391 201 10077
17620 241 12077
15851 19 995
18752 534 26735
17965 11 570
15463 210 10547
17398 246 12330
14824 231 11557
14611 182 9120
18935 167 8376
14129 44 2212
18286 191 9561
15267 163 8199
15257 127 6389
15970 93 4665
17166 0 29
18933 95 4766
15074 15 782
18631 54 2736
17029 179 8999
17755 14 737
16199 126 6338
18244 35 1774
16205 122 6103
15715 65 3269
17667 246 12336
17514 3 169
14446 11 573
14993 66 3308
18741 27 1397
16158 32 1619
17874 64 3216
15593 178 8926
13729 87 4361
13942 75 3761
17055 295 14781
17108 25 1259
18714 179 8996
15440 26 1320
17858 168 8431
18028 66 3340
17545 36 1802
17987 76 3843
15111 71 3597
18044 230 11543
14021 75 3786
14209 120 6042
18922 574 28707
18603 170 8534
17255 28 1413
15846 112 5635
13950 21 1094
18021 77 3899
13937 40 2015
13702 141 7083
14882 96 4824
14812 89 4455
15350 239 11960
15946 534 26704
13791 122 6124
18021 386 19340
14677 0 9
14975 78 3903
14549 83 4200
15873 256 12818
18031 291 14558
17089 49 2462
17493 214 10704
16948 103 5200
16119 273 13676
15425 40 2044
14965 257 12863
16271 82 4134
17472 17 896
17701 49 2462
18678 317 15895
14183 25 1299
18795 1 73
18764 42 2137
17545 10 501
17783 66 3339
14882 57 2859
16315 59 2962
13895 62 3128
14535 156 7819
17791 2 112
15916 233 11658
16094 244 12224
14874 8 406
17302 64 3212
14789 70 3533
18021 514 25719
14715 34 1739
15403 156 7802
15959 50 2521
14631 27 1362
15989 440 22004
18782 72 3647
16172 229 11457
13970 5 255
14977 8 436
18959 17 867
18615 231 11567
17217 68 3433
16506 124 6243
16158 66 3343
17522 15 800
14985 10 538
18265 208 10432
15478 358 17930
17849 103 5195
18779 77 3881
15792 222 11105
15491 330 16546
17840 132 6645
17956 128 6449
18021 77 3856
17851 128 6411
16825 99 4977
15482 116 5848
15079 26 1302
15415 226 11342
16121 75 3781
13937 40 2047
15322 149 7496
16976 36 1838
14743 44 2201
18935 386 19323
17631 51 2574
16679 12 622
13896 24 1219
15916 290 14529
14874 17 851
16222 12 625
17871 250 12539
14136 26 1317
13913 199 9962
17724 53 2661
13807 38 1915
18910 157 7877
18272 29 1477
14159 183 9176
17204 43 2176
15762 80 4004
17614 117 5872
13921 61 3078
17528 24 1227
18242 178 8931
14372 248 12448
18676 493 24675
15639 194 9702
16281 85 4270
14873 249 12468
14021 75 3786
14220 39 1962
15339 262 13107
18753 138 6906
18057 137 6877
18574 387 19372
16845 113 5675
13923 25 1264
14399 145 7286
14690 26 1326
18910 132 6624
16852 94 4729
16437 8 428
16023 21 1094
14634 123 6178
16735 59 2957
14372 63 3168
18218 341 17089
15409 6 337
15251 110 5504
18761 9 487
18673 159 7972
14789 70 3533
18218 160 8003
16752 17 884
18244 334 16748
15403 149 7471
17169 23 1188
14392 214 10717
14802 286 14340
14044 32 1646
14335 160 8008
13861 127 6385
17684 44 2228
15590 71 3584
15961 188 9429
15792 222 11105
14375 224 11234
13707 126 6327
15901 183 9190
18795 82 4101
18782 52 2618
14043 57 2858
18935 257 12871
14801 39 1976
16134 297 14893
15098 39 1967
15927 84 4248
17678 37 1897
15149 22 1132
14959 269 13468
15252 34 1728
13739 19 952
17661 78 3908
17514 3 169
18286 78 3911
17861 396 19806
18923 446 22316
14152 47 2354
13757 50 2544
14067 57 2889
15806 14 720
18685 501 25094
15456 184 9214
14212 222 11143
16104 55 2773
17851 34 1706
18048 379 18997
18872 1 89
16524 25 1276
13861 148 7440
15322 149 7475
14157 60 3021
14123 114 5722
16411 87 4384
18761 40 2037
15593 97 4863
15422 46 2311
18218 219 10989
16524 383 19166
13770 10 529
13965 34 1731
18615 438 21945
16222 54 2722
18218 174 8740
15463 246 12350
14784 9 488
18286 33 1673
17162 171 8557
15713 294 14713
13929 12 650
17560 49 2462
15762 100 5005
15099 34 1704
15106 240 12006
15469 281 14058
15477 7 373
17978 126 6343
16906 84 4211
17057 76 3821
18954 3 160
16679 12 624
17407 141 7092
17978 221 11070
17695 1 91
14959 31 1580
17522 59 2962
14030 116 5812
14121 183 9161
17210 229 11463
18495 105 5256
13773 249 12458
14708 41 2097
18733 50 2530
16122 161 8063
14229 7 379
14455 38 1907
15382 239 11974
13721 60 3028
16544 117 5856
13805 273 13656
17210 230 11534
18678 317 15895
17667 246 12336
17851 113 5684
17390 21 1100
15780 136 6812
18021 655 32791
15397 226 11350
13803 195 9793
13773 53 2668
17528 18 920
13865 76 3804
15118 186 9339
14438 178 8904
16994 169 8491
16551 373 18691
16506 316 15849
15722 89 4460
17840 132 6615
17560 41 2080
18039 110 5531
14259 120 6015
18497 206 10337
14766 7 358
13865 251 12570
16960 47 2400
15590 171 8554
14310 1 96
15254 65 3300
14580 9 493
13791 54 2723
17383 398 19943
17257 15 768
17652 55 2799
17651 6 308
13732 103 5195
18935 71 3575
15155 34 1719
15961 370 18539
17846 131 6580
17369 24 1245
16073 105 5281
18645 68 3437
15140 182 9116
17371 269 13495
18026 180 9042
16159 158 7945
17128 8 413
18048 320 16020
14446 15 766
16158 108 5402
17108 32 1649
15479 33 1699
15766 15 775
15701 332 16623
13791 201 10065
18687 351 17556
16852 311 15591
17479 6 315
14063 92 4613
18024 291 14574
15783 362 18108
15086 30 1505
13767 11 596
15339 28 1433
16994 37 1883
15900 127 6399
14874 160 8016
17365 29 1462
15395 89 4461
15267 163 8196
17739 19 966
18794 56 2827
14310 0 3
17204 108 5409
15395 95 4783
16894 89 4478
15166 335 16760
15867 142 7129
18469 145 7285
14186 15 779
14687 11 569
15923 248 12427
14038 107 5396
14186 15 779
18235 236 11827
13864 55 2781
13714 25 1283
13719 50 2505
14610 273 13673
16315 8 418
17213 83 4173
18032 270 13504
14257 237 11854
14763 30 1531
18795 1 93
16802 234 11706
14446 24 1235
16205 259 12966
17524 41 2085
17521 50 2510
18228 117 5852
16759 7 393
17726 51 2558
15882 198 9914
16540 1 76
17611 105 5269
18466 48 2418
17195 209 10498
15960 241 12059
14611 182 9124
15923 367 18396
17166 8 434
17973 46 2320
16172 465 23283
14059 84 4213
16348 98 4935
17727 38 1909
18245 210 10502
15428 252 12619
14438 74 3716
14229 82 4115
13791 148 7430
13732 99 4961
14981 173 8697
16101 69 3452
15909 36 1838
13721 60 3006
17695 1 91
15111 57 2893
17011 199 9969
14882 169 8468
15527 12 625
16776 8 440
18903 356 17811
15242 182 9106
16852 148 7418
17302 78 3918
15254 143 7166
16061 7 387
18463 177 8875
18242 93 4667
16172 462 23122
17435 16 831
16825 99 4977
18026 166 8335
14080 140 7049
18574 340 17017
18753 124 6224
17390 21 1095
14543 132 6635
17090 64 3246
15862 5 287
18795 143 7194
17312 186 9324
17566 160 8035
14550 188 9426
14343 37 1887
17853 15 760
15828 302 15114
13864 15 763
16520 37 1864
16778 77 3852
15397 152 7627
17865 55 2751
16051 85 4262
16028 460 23019
14582 1 70
14549 106 5301
16119 13 697
16052 208 10431
16200 75 3771
17978 126 6319
14619 151 7597
15486 160 8050
15086 30 1505
15498 152 7644
15161 79 3966
17614 35 1751
18765 60 3006
16013 212 10617
17514 86 4341
17095 16 830
16226 3 185
18469 139 6981
15867 111 5555
18938 4 205
14458 84 4213
17663 21 1074
13807 98 4916
16169 362 18128
15588 297 14851
18760 121 6058
14399 145 7286
16852 197 9872
17686 274 13750
17631 7 376
17029 179 8999
14418 139 6967
15888 24 1211
16491 14 722
18225 492 24613
14455 38 1907
17698 6 336
18954 115 5758
18927 20 1018
13732 99 4966
18510 256 12848
17029 158 7913
14152 47 2354
17975 72 3603
15894 0 16
16228 40 2033
18765 60 3016
18717 43 2171
15382 20 1044
17724 53 2656
18646 2 113
17029 99 4970
16975 191 9576
15315 30 1549
15257 127 6389
15862 287 14383
16424 135 6782
16778 77 3852
15880 26 1325
14313 270 13515
18692 299 14987
15106 208 10420
15339 0 34
14399 17 851
14332 75 3773
17231 90 4509
18764 42 2137
17701 55 2773
14708 24 1212
14319 18 934
16965 123 6184
18795 235 11792
14059 84 4213
15130 30 1521
14543 221 11075
15774 343 17154
18910 140 7024
14438 179 8974
15350 197 9881
17011 199 9960
17666 50 2523
18039 55 2800
17631 51 2555
14580 9 493
14401 91 4569
16843 299 14996
17973 27 1365
16540 19 960
16821 243 12193
14455 147 7355
16222 12 625
18865 34 1744
15416 77 3894
14539 234 11702
16089 372 18641
17053 113 5678
14067 47 2373
13805 282 14127
16119 501 25055
17521 25 1277
17545 10 501
17990 444 22220
16776 222 11135
16021 478 23943
15966 347 17363
14399 47 2398
14631 27 1362
15395 29 1492
15397 152 7627
17349 46 2327
17658 73 3693
16317 67 3352
14580 23 1180
16226 18 934
14313 107 5371
16877 24 1215
18218 160 8003
15774 490 24524
17125 37 1877
17726 51 2568
15701 255 12789
17521 25 1277
13762 27 1386
17667 85 4288
17569 7 397
17990 64 3245
17243 84 4214
18218 62 3144
16847 4 203
15250 73 3691
17724 27 1379
15987 258 12940
18954 328 16431
17144 22 1133
16529 73 3678
16101 44 2227
18021 390 19514
13763 254 12701
13907 16 837
16158 32 1619
17686 28 1413
17675 48 2410
15701 218 10927
14882 96 4824
15382 78 3942
14446 11 552
14784 57 2860
15151 283 14189
16726 85 4270
16960 47 2400
17004 229 11478
17693 82 4125
17648 13 693
17410 60 3035
13970 5 255
17865 22 1101
18733 41 2070
17727 22 1148
16021 478 23943
17615 4 218
16852 316 15830
17306 68 3432
16216 88 4421
17426 2 142
15783 343 17167
14768 115 5762
17344 83 4184
15478 358 17930
18954 328 16431
18018 43 2160
14108 110 5515
16169 78 3938
13862 4 250
13714 113 5655
15061 122 6102
13809 41 2099
15291 38 1904
14530 8 422
16513 15 772
18005 229 11484
15457 212 10636
17983 27 1363
14802 301 15051
14582 1 65
14451 15 799
14431 62 3148
18673 50 2520
14026 39 1966
13913 66 3342
15828 302 15114
15179 22 1117
16228 158 7946
14464 66 3325
16750 1 95
17726 25 1284
18021 536 26826
17132 226 11306
16158 53 2674
16221 23 1183
14372 138 6947
15987 252 12619
18024 366 18343
15931 42 2138
18701 21 1068
18685 29 1456
14569 77 3897
15457 184 9205
14297 138 6915
17569 18 940
14067 100 5034
15762 149 7472
15004 1 77
18039 55 2800
18765 320 16042
14291 25 1268
17763 12 637
17367 90 4540
17978 135 6792
14556 130 6501
17560 87 4378
15701 218 10927
14873 249 12468
14766 7 358
13763 14 750
14205 12 642
16173 201 10093
14446 11 573
14310 1 57
15900 138 6912
16935 188 9430
16221 1 64
17208 159 7991
15166 70 3531
15469 32 1646
14686 19 999
15382 78 3915
16694 327 16374
18039 12 639
15771 58 2919
18760 150 7503
17869 180 9042
16891 243 12171
17240 22 1121
15291 125 6267
17314 57 2851
15238 175 8767
16584 94 4709
15697 29 1471
14117 12 644
16433 85 4299
14392 24 1201
18021 260 13001
16188 135 6779
18959 39 1985
17696 9 472
18044 230 11539
15122 62 3102
14975 102 5141
15800 11 592
17243 84 4241
14438 254 12733
14814 175 8764
13709 18 912
15917 285 14255
18242 170 8528
16676 260 13029
13763 132 6611
14763 17 884
14306 145 7267
17316 115 5753
14550 300 15004
16094 534 26719
17684 75 3780
16529 33 1660
17684 150 7516
14582 60 3044
17793 41 2064
13712 127 6380
17661 50 2530
14641 193 9679
18021 507 25355
18218 160 8003
17560 56 2819
17955 68 3419
18714 175 8795
16150 209 10472
15166 149 7461
13721 60 3028
16726 16 821
17667 85 4288
16679 64 3240
13895 41 2068
14229 61 3080
18764 42 2110
15099 15 783
14068 93 4674
14007 121 6098
14873 41 2059
18637 138 6924
15867 145 7265
18202 89 4459
15715 197 9857
14468 110 5505
13950 180 9029
15246 128 6446
18760 149 7476
16821 207 10396
14607 67 3358
17869 44 2219
18653 258 12934
17251 180 9036
17630 23 1180
14319 18 901
16168 42 2114
18244 98 4934
18924 4 201
18733 50 2530
14080 240 12026
17493 214 10704
14917 3 191
14107 72 3619
13807 25 1275
18701 8 425
15017 122 6128
15592 222 11106
16499 514 25733
18527 716 35803
16060 102 5133
17965 15 751
14597 65 3263
15801 140 7032
15079 15 795
13907 16 808
14375 78 3943
17726 131 6564
15800 262 13146
15916 461 23083
17754 75 3777
16250 17 898
14739 5 292
15146 61 3076
18031 291 14584
13803 16 838
17271 93 4686
18034 62 3116
18793 31 1576
17783 141 7053
13861 46 2336
18692 299 14974
17387 40 2046
15492 28 1429
14043 57 2858
17615 4 218
16118 120 6040
14446 18 912
13895 42 2127
13701 74 3734
17055 18 936
17323 27 1378
18953 316 15848
16060 173 8676
14956 60 3001
14736 271 13569
18935 167 8376
16094 534 26705
15783 252 12623
18267 33 1655
14814 114 5702
18612 93 4670
18958 10 516
18692 299 14974
14030 58 2921
13714 25 1283
14874 178 8906
17349 19 990
14186 75 3753
17986 10 510
17691 55 2763
15762 147 7376
15322 137 6882
16845 117 5854
13807 208 10415
17963 66 3319
16422 20 1029
17323 27 1378
14446 18 912
14335 160 8008
14350 2 103
18760 317 15862
15339 262 13107
13809 135 6759
16802 234 11739
15901 183 9154
17965 255 12794
18272 29 1477
16101 69 3484
15106 17 872
16588 195 9778
18767 23 1166
18685 238 11921
18062 234 11702
16147 248 12404
16867 40 2018
17671 320 16011
14912 148 7402
18052 49 2465
16935 101 5055
14467 162 8149
17095 130 6515
17521 50 2510
14917 3 158
15517 71 3573
14291 24 1201
17541 18 945
15417 2 138
14899 285 14259
17684 75 3780
16759 7 385
17091 64 3230
18229 1 60
14117 12 644
16356 17 862
17314 66 3341
17472 17 862
16158 53 2676
14760 3 166
13725 126 6349
17196 56 2841
14157 60 3039
15960 300 15015
18228 189 9475
17053 26 1347
14985 64 3211
18235 182 9108
18032 186 9323
17210 230 11541
17126 118 5904
18218 62 3126
18034 62 3116
13736 51 2587
18039 175 8761
18263 126 6323
18724 19 984
17514 3 169
16726 16 821
18953 260 13003
14453 169 8467
17146 13 654
17344 118 5927
15960 140 7016
18265 8 449
16826 193 9684
13791 108 5423
14729 115 5752
18225 79 3957
15766 15 797
17077 8 438
17853 47 2386
14580 23 1180
18733 50 2541
18685 238 11921
18741 17 863
17500 67 3385
18021 514 25705
15403 156 7802
18692 78 3938
17592 76 3804
17661 29 1458
17326 81 4067
18650 46 2328
18865 72 3629
15161 186 9317
17955 158 7913
17524 137 6873
18713 4 215
17312 186 9324
18495 127 6395
17648 50 2549
18685 501 25096
16994 37 1869
18882 119 5962
18488 560 28039
17858 64 3201
16741 116 5850
13950 180 9029
14014 162 8140
16776 222 11124
15828 292 14624
14603 15 792
18005 180 9028
15931 0 45
17344 118 5913
13982 34 1710
14553 190 9549
15339 180 9006
17793 41 2088
17169 322 16141
15656 48 2406
16101 81 4060
16188 159 7960
15873 256 12818
13792 118 5915
16877 11 570
15955 39 1987
17684 44 2222
18044 449 22498
15806 121 6055
18233 171 8577
16112 20 1042
13940 16 835
15464 156 7804
17630 96 4848
17435 16 831
15350 43 2176
15174 91 4569
14021 4 219
16168 44 2237
15128 209 10496
18026 166 8335
16118 79 3963
18615 117 5859
17615 6 306
16778 113 5673
14551 50 2549
16199 27 1370
17132 205 10258
18793 56 2829
16150 92 4618
18923 183 9180
15267 77 3862
16891 154 7712
18286 111 5591
15762 40 2050
14105 32 1626
15154 65 3261
17975 72 3647
17727 36 1849
15888 24 1219
14293 63 3169
18665 329 16456
14153 18 924
15478 157 7892
14464 84 4219
17847 277 13865
17985 225 11272
15877 58 2908
17974 264 13232
15473 57 2856
13878 33 1659
17541 26 1322
14191 204 10228
17987 76 3828
15415 52 2615
14220 18 938
17637 16 811
17726 74 3739
17722 121 6069
15928 53 2696
15901 183 9154
14537 52 2650
13865 89 4494
18931 90 4510
15966 369 18456
17596 47 2371
18724 19 984
16158 66 3307
14313 270 13515
18679 105 5276
18527 716 35803
16271 48 2431
17648 10 512
16741 347 17355
15098 57 2880
16975 191 9576
13791 244 12245
17478 87 4382
17111 212 10616
16962 290 14507
15116 281 14055
18057 137 6877
15106 208 10433
17985 203 10187
17652 50 2501
16776 222 11128
15976 72 3606
16387 45 2275
18040 43 2165
14873 41 2059
17208 83 4178
18244 263 13189
18603 256 12823
18927 65 3272
16520 27 1362
18651 172 8633
17177 23 1153
13780 143 7156
17591 67 3384
17648 0 35
15634 158 7931
18646 48 2444
18238 255 12798
15794 56 2820
14726 94 4714
17840 330 16531
15398 357 17867
18032 270 13504
15486 227 11386
14965 141 7064
13709 114 5705
17100 67 3399
16444 83 4154
18514 68 3425
15360 122 6137
18286 58 2924
15061 71 3565
15486 227 11386
17726 15 753
14068 224 11247
15415 65 3284
18282 94 4704
18244 353 17657
18701 21 1082
17849 2 142
18005 199 9982
18267 25 1261
15851 19 995
18463 177 8888
18794 85 4256
14592 49 2462
14080 140 7049
14583 69 3486
18793 56 2839
15166 350 17542
16169 100 5011
15411 119 6000
14580 143 7158
15792 76 3822
18724 33 1697
16339 159 7962
14936 23 1175
18910 114 5744
16348 98 4935
14159 214 10729
18926 106 5338
15395 89 4461
18717 39 1981
15792 222 11148
16158 343 17184
15136 36 1837
17497 160 8006
14026 109 5473
14205 27 1364
15057 122 6132
17206 332 16630
16387 45 2275
14736 268 13422
16172 85 4294
15792 222 11129
14007 4 226
15409 6 317
15762 233 11691
14631 257 12883
13708 71 3555
14726 29 1487
15722 89 4460
15954 208 10412
14669 65 3259
15952 132 6646
18923 474 23725
15952 74 3719
18678 338 16902
17169 383 19157
14592 69 3484
18927 45 2276
18773 28 1407
15966 151 7590
16962 10 547
14555 157 7857
14438 22 1123
18062 241 12092
16845 140 7006
17195 32 1616
18463 177 8875
15766 37 1885
14306 228 11406
18024 366 18343
17987 38 1904
17724 34 1739
16286 473 23696
17596 47 2371
15183 9 480
17630 122 6148
15491 270 13510
14127 248 12445
18527 674 33705
17091 27 1395
17514 86 4341
14306 198 9910
16112 487 24400
15915 129 6490
16250 36 1828
15382 229 11464
18678 317 15861
15426 151 7552
18765 320 16042
13911 140 7025
14171 47 2374
14531 35 1783
18933 66 3309
16341 347 17359
17126 7 370
17592 79 3993
18954 115 5797
18659 109 5483
15246 126 6339
14729 57 2877
13862 35 1800
17449 46 2333
17560 56 2819
13895 42 2124
15257 170 8510
14725 64 3233
17217 68 3433
17328 29 1484
15783 128 6433
15116 117 5899
18021 454 22746
15398 222 11106
18731 109 5469
13763 14 750
17479 26 1311
17030 93 4674
17033 70 3545
18933 66 3309
16544 102 5118
15492 32 1612
17344 118 5913
18032 175 8798
18760 149 7478
15222 54 2720
14093 136 6838
18031 274 13737
17383 512 25638
15792 222 11148
14690 21 1096
17972 127 6396
15267 77 3862
17323 27 1381
18947 143 7184
16731 459 22979
18673 92 4650
13773 250 12543
17614 35 1753
14062 241 12052
18793 56 2839
14423 19 967
14603 15 792
17169 322 16141
16821 409 20463
14590 60 3012
16411 208 10432
15592 96 4815
17853 7 400
18935 174 8724
13862 79 3975
14112 90 4543
18032 242 12136
17637 73 3688
17034 64 3203
14468 26 1336
14818 97 4874
16228 203 10167
14617 32 1633
17504 31 1590
14924 146 7337
15395 87 4369
15136 92 4635
17975 52 2634
18699 161 8089
18024 291 14557
16849 118 5932
15017 87 4371
14453 169 8467
16286 89 4469
15397 219 10977
16340 416 20839
15412 167 8382
14673 57 2865
14956 240 12049
15411 241 12087
18935 391 19583
17036 433 21699
16750 1 76
15902 214 10748
14350 32 1624
17231 57 2882
17987 18 941
18773 30 1506
14959 269 13468
14543 103 5171
14914 250 12532
13982 34 1710
14212 184 9246
17615 4 218
16529 36 1841
15339 177 8899
16228 230 11521
14764 63 3172
17302 46 2313
13895 41 2068
15828 443 22172
15828 319 15960
18794 56 2843
15917 285 14255
18732 26 1322
17974 264 13213
17955 206 10319
14603 15 792
15160 258 12922
16960 3 187
18054 264 13242
18244 353 17657
13937 40 2015
18235 16 831
17226 34 1715
14105 124 6220
18692 170 8533
17955 206 10319
14985 64 3222
15103 12 620
18795 235 11792
17563 79 3964
18793 40 2015
15921 137 6879
16529 33 1660
14122 45 2281
18495 102 5141
15965 497 24868
18034 62 3116
18910 157 7877
14209 22 1111
17475 164 8213
16226 18 939
14975 102 5141
16994 37 1869
14431 47 2366
15640 144 7207
13707 144 7241
14924 229 11478
17529 22 1123
15873 200 10030
14122 36 1806
16275 108 5436
17306 68 3432
15160 61 3077
16529 91 4598
18244 279 13973
16073 105 5292
18760 191 9578
18603 256 12803
18699 161 8089
17840 284 14208
14750 22 1135
13792 100 5023
18225 79 3994
16858 173 8695
14760 149 7451
16741 481 24052
14750 17 895
15931 14 743
15806 121 6080
15430 57 2895
15116 281 14055
14553 292 14616
15862 287 14383
15166 70 3531
16150 92 4618
16172 126 6312
14882 43 2171
17701 55 2800
16173 191 9571
17089 33 1699
15430 70 3530
16411 11 566
16232 86 4327
16121 31 1574
13862 153 7652
15931 521 26051
16389 64 3250
15722 89 4458
18463 177 8888
17414 99 4977
13779 223 11151
15593 169 8451
15478 132 6617
15894 67 3386
16023 300 15033
14899 73 3669
14541 167 8386
14259 9 474
15128 229 11498
17383 115 5787
14067 48 2416
14079 166 8333
16228 186 9302
13762 64 3218
14788 49 2476
17493 95 4794
15762 91 4551
14067 60 3029
18506 90 4504
17302 78 3918
14000 54 2719
16731 165 8281
17126 45 2280
16576 37 1896
18021 77 3852
17560 41 2081
16199 444 22210
18794 113 5651
18021 260 13001
18242 101 5083
18005 180 9048
14555 273 13691
14729 31 1560
18951 115 5770
17655 271 13587
16107 58 2928
15183 12 601
13913 66 3342
18673 105 5254
18951 306 15345
18637 138 6907
16281 74 3718
18764 42 2115
18044 452 22615
18497 351 17568
14186 75 3764
18923 408 20425
14186 75 3764
13896 99 4958
16852 178 8905
17996 103 5172
15179 132 6640
18034 86 4311
14107 72 3619
14914 101 5090
14784 6 327
18678 317 15895
17726 83 4171
18733 25 1262
18488 536 26833
14153 96 4841
18506 79 3967
14789 116 5819
18010 225 11255
17401 98 4920
15894 118 5904
15440 44 2239
15952 134 6704
15970 330 16544
17851 173 8685
18482 25 1296
15409 6 337
15989 307 15361
13803 171 8564
16867 100 5017
15128 177 8852
15639 169 8492
16962 10 547
17724 34 1747
17029 99 4998
17379 24 1202
14026 109 5473
16853 0 21
14981 117 5863
13991 46 2305
13715 92 4613
14975 63 3161
17169 23 1188
18021 422 21124
18913 38 1928
16006 476 23804
17648 13 673
15961 370 18539
14124 203 10178
14829 4 208
15652 20 1019
17691 8 449
15709 25 1298
17078 101 5099
13970 29 1484
17257 15 768
16891 10 549
17240 517 25857
17435 16 805
14040 28 1427
15867 10 511
15986 234 11713
16513 15 778
16168 42 2114
18699 161 8060
15828 446 22333
14062 56 2820
18794 68 3450
18516 372 18637
14644 281 14072
17965 265 13254
14939 60 3013
14067 192 9607
16222 54 2733
16109 148 7414
14590 92 4617
17401 11 589
18733 41 2070
16852 197 9872
17869 44 2244
17985 321 16097
14750 25 1261
17246 7 399
16906 46 2337
15128 229 11498
16188 32 1615
16232 156 7825
13712 127 6380
18495 157 7867
13780 143 7191
18021 77 3851
16051 200 10019
15386 96 4820
16875 22 1102
14220 43 2185
18795 167 8376
18910 86 4302
17111 105 5275
13945 61 3070
18713 7 371
18933 332 16630
17851 182 9135
18031 138 6920
14401 226 11303
18048 89 4465
17053 113 5684
15282 56 2804
16089 372 18641
14801 240 12035
13897 37 1883
14750 17 895
15312 67 3352
17653 30 1530
14067 30 1518
17255 43 2152
15442 51 2567
15114 98 4928
17691 19 953
15308 46 2322
18699 180 9016
14413 2 111
16504 94 4744
14749 209 10466
16152 39 1957
14956 309 15457
15466 256 12808
18028 96 4834
15412 282 14133
18527 279 13962
14555 141 7051
15099 151 7583
15954 208 10415
16889 48 2401
17990 365 18298
13896 70 3550
17383 398 19943
16169 113 5674
17503 128 6414
17853 186 9316
14103 105 5262
18733 25 1262
15417 7 396
17840 362 18129
13950 21 1083
18731 224 11227
17726 83 4171
14560 6 338
17029 99 4963
13720 10 512
17169 23 1187
15851 92 4621
17727 38 1942
18612 87 4386
15417 2 114
16935 46 2313
15828 367 18362
18923 629 31460
15783 233 11683
17467 60 3023
14080 205 10277
18054 339 16998
17034 64 3203
15382 184 9233
14401 103 5172
17177 26 1306
18048 260 13033
15433 170 8506
13965 18 926
17598 18 917
18245 186 9349
14749 4 215
17091 64 3242
13780 143 7190
16579 76 3811
16221 31 1591
18733 7 355
15828 292 14603
17631 7 376
16205 298 14913
13762 27 1386
17087 45 2282
15593 44 2243
14306 145 7296
14550 288 14424
16894 224 11211
16750 1 95
15639 189 9475
14729 57 2877
16188 159 7960
17422 26 1342
15004 1 64
18927 91 4580
16852 197 9870
15715 34 1746
18760 149 7496
16247 69 3483
14043 20 1030
17177 10 516
16271 8 412
16094 46 2330
13907 16 837
17972 39 1951
17166 5 278
15430 57 2895
14936 32 1604
15099 151 7583
14335 160 8008
13864 143 7152
17978 47 2386
14000 57 2857
15479 33 1666
15527 18 941
16524 112 5615
16877 16 802
16158 66 3343
13762 260 13050
16826 193 9684
13709 18 912
13862 104 5218
17311 149 7470
18233 73 3655
15507 2 123
16731 418 20917
17955 206 10319
17686 274 13750
14438 254 12710
16172 121 6095
17408 20 1019
15479 76 3842
14366 31 1561
15931 0 10
15873 123 6189
15492 28 1429
14993 66 3308
14729 89 4451
18761 40 2037
14611 182 9120
16433 39 1951
15167 36 1803
17098 64 3225
17965 263 13160
16348 98 4935
17108 25 1288
14542 289 14455
16874 468 23417
14569 77 3897
18469 44 2226
17978 193 9696
14342 288 14434
16446 282 14121
14607 47 2365
17631 7 355
15386 23 1184
13714 113 5655
15339 126 6347
15242 74 3713
18233 245 12295
14067 57 2885
18527 674 33741
18244 163 8164
16387 45 2275
