7008 675 33754
7010 727 36376
7008 144 7224
5065 24 1217
6490 38 1911
5516 25 1290
6542 166 8328
7001 228 11437
5404 30 1540
6616 22 1111
5459 177 8878
7012 1659 82959
5947 158 7901
7008 889 44462
6933 87 4374
7014 662 33148
6284 63 3162
6379 38 1947
7003 784 39244
7001 185 9264
7004 1340 67021
7012 1141 57053
5380 0 47
6956 197 9851
7013 206 10326
7008 280 14039
6366 19 973
5966 8 434
7001 418 20905
7001 208 10420
6170 36 1819
6406 116 5804
7008 889 44451
7014 429 21462
6829 123 6177
6908 191 9584
7004 1319 65967
7013 193 9682
6211 207 10382
7001 977 48900
6908 188 9427
7003 228 11426
5783 86 4301
7001 566 28301
5512 210 10511
5996 23 1169
6650 22 1147
5511 48 2408
7014 1214 60733
7008 1321 66063
6827 110 5522
6827 103 5182
5441 8 414
6173 32 1612
7006 558 27943
7012 19 981
7004 1622 81120
5459 178 8943
6426 26 1329
7010 1049 52496
7004 206 10347
5077 31 1557
6930 12 650
6664 181 9080
7004 1622 81125
6683 15 792
5891 158 7936
5169 121 6062
6564 83 4189
6942 94 4701
7014 1582 79113
7013 193 9699
7012 442 22135
6480 110 5524
7008 589 29494
7004 1486 74342
6650 20 1020
6407 96 4837
7014 1582 79141
7014 867 43398
7008 146 7318
7001 185 9260
7003 1111 55583
6440 57 2900
7014 1331 66566
7004 1208 60403
6687 193 9698
5497 102 5112
5511 40 2017
7012 302 15117
6837 8 402
7004 1208 60418
7001 324 16221
7004 1622 81137
7008 1078 53942
6751 25 1262
7003 31 1561
7008 144 7224
6406 119 5970
6956 120 6036
5511 40 2017
5512 213 10686
5151 83 4186
7010 710 35534
7012 708 35404
7010 1049 52498
7003 214 10711
7010 138 6934
6535 89 4471
6956 120 6049
6981 37 1888
6934 13 665
7008 885 44292
5541 45 2277
6908 191 9583
6620 127 6387
7004 1208 60441
7008 417 20876
7001 153 7674
6765 212 10610
7001 379 18992
6490 38 1911
7010 1049 52465
7012 529 26456
4983 18 933
6960 73 3656
7012 1447 72376
6426 27 1387
6542 170 8518
6616 26 1335
6650 19 953
5557 20 1035
7003 784 39202
6319 46 2324
6420 43 2197
5783 88 4444
6379 34 1738
7001 1025 51269
7010 579 28968
6315 26 1345
6837 4 202
5380 5 262
7008 1244 62244
6871 187 9394
7014 1411 70552
4971 110 5502
7012 1466 73341
7014 1054 52741
7003 643 32172
7004 901 45073
6763 158 7918
7008 102 5134
7012 1006 50313
7001 1025 51251
6912 201 10052
5108 96 4837
7001 819 40988
6107 19 995
5519 148 7450
6366 75 3779
7012 1186 59301
6217 143 7174
7001 210 10516
7010 1545 77286
6666 12 603
7014 5 258
7004 1023 51198
5497 102 5129
7014 326 16322
6286 141 7098
7004 1660 83017
7001 823 41192
7001 324 16224
5497 109 5479
6503 58 2948
6956 190 9501
6446 124 6250
7010 1162 58138
7004 206 10348
7006 558 27917
6751 25 1281
6908 50 2550
6918 33 1654
7003 31 1552
6752 72 3616
6387 12 621
6827 101 5076
5380 3 195
7012 708 35402
7014 308 15407
6812 4 212
7011 302 15108
7013 185 9292
7012 529 26462
7003 43 2157
7008 144 7244
6426 27 1387
6683 15 764
6794 21 1071
7003 232 11632
7012 1065 53256
7001 1025 51254
7012 1466 73325
7004 1435 71797
6211 66 3301
7014 1270 63545
6366 13 663
7004 514 25704
5401 31 1577
7003 852 42619
7008 146 7318
7003 643 32156
7001 1025 51278
6211 64 3233
7004 575 28781
7003 270 13513
7014 1214 60733
7003 1318 65948
7012 1006 50343
7003 119 5961
7001 344 17227
6211 67 3370
7003 270 13547
5106 183 9186
6548 87 4389
7001 480 24009
7014 653 32653
6482 153 7696
7001 185 9254
7012 1485 74251
7013 206 10323
5093 161 8053
7003 1050 52510
7004 1208 60403
7012 1447 72362
7010 441 22089
6981 40 2016
7014 1640 82009
7001 480 24049
7003 848 42443
7008 890 44529
7010 1568 78417
7013 201 10058
6697 100 5025
7003 960 48030
6828 169 8486
7010 280 14026
7003 643 32163
7006 588 29422
6756 40 2031
7008 72 3614
6338 43 2157
7010 1562 78108
5891 141 7095
5380 5 269
7004 1268 63442
6664 123 6160
7014 653 32656
7006 486 24306
5586 148 7406
7001 1025 51269
6812 4 212
7003 411 20560
6319 49 2476
6959 122 6150
7012 1141 57080
7001 866 43342
7013 206 10323
7012 1054 52723
6078 23 1160
7003 1734 86737
7012 708 35448
7003 363 18199
6480 127 6369
6955 208 10427
6401 21 1100
5029 172 8650
6882 153 7671
5605 57 2879
7010 1270 63503
5497 16 827
5013 9 478
5783 86 4338
6664 182 9101
6123 8 412
6535 87 4376
6837 152 7619
7008 144 7246
7008 1010 50545
7003 1111 55557
7001 866 43342
6315 25 1258
6628 45 2259
7010 579 28984
7014 1003 50181
6991 64 3219
5581 35 1791
7006 471 23562
6387 19 992
6945 213 10662
7003 1513 75686
6362 101 5077
7014 205 10265
6930 20 1007
7013 187 9384
6560 10 535
6199 75 3768
7012 442 22114
6426 23 1167
6375 57 2855
7008 1029 51484
6756 153 7689
6036 33 1698
5459 1 78
7014 205 10266
7014 205 10270
7008 1348 67411
6942 94 4729
7001 823 41193
7003 411 20558
7010 48 2428
5404 34 1731
7014 1270 63546
7003 932 46623
5506 51 2574
6123 8 426
7010 1568 78408
7014 212 10639
7006 308 15436
6831 50 2515
7014 867 43369
5516 22 1105
7003 1513 75692
6930 18 935
7004 1208 60421
7001 464 23238
5966 48 2403
7012 1054 52744
6359 2 132
7007 22 1146
6021 185 9293
7014 5 252
7014 1121 56099
6908 54 2730
7003 469 23475
7014 1054 52736
7013 154 7704
7003 228 11441
7010 416 20807
6407 97 4883
5216 85 4256
5519 144 7236
7003 119 5991
7012 1186 59333
7012 1006 50324
5966 50 2523
6881 136 6820
5891 32 1608
7010 343 17176
6827 110 5516
6284 60 3042
7014 1582 79108
6321 71 3576
7004 901 45081
6968 6 320
5459 175 8785
7014 326 16342
6952 97 4875
7008 890 44526
6480 110 5524
7003 228 11440
6106 49 2457
6036 53 2677
5093 164 8242
7014 950 47536
7014 1640 82043
7008 734 36723
7001 542 27110
7012 1290 64540
4983 6 317
6765 212 10624
7010 19 990
7012 442 22145
6467 124 6206
6410 122 6121
6528 13 684
6949 81 4057
5497 108 5439
6359 6 309
7006 604 30201
7008 583 29173
7004 184 9225
7012 1290 64503
6951 24 1219
7001 185 9262
6666 12 621
7008 133 6679
7010 649 32492
7008 734 36706
7004 309 15457
7008 1387 69388
6794 18 918
6888 0 47
7012 1220 61012
5169 36 1834
7004 1268 63447
6577 33 1666
7008 417 20884
6952 101 5061
6968 7 351
7003 411 20559
5229 6 309
7013 201 10077
7003 188 9407
7014 1062 53131
6423 75 3797
7001 228 11446
7010 1596 79810
5996 25 1294
5146 43 2164
7003 1449 72467
7003 1111 55571
7010 138 6925
7004 654 32704
7012 1035 51798
6379 31 1557
7001 1134 56707
7004 184 9203
5331 135 6760
6975 57 2889
7013 193 9696
7014 53 2682
7010 1049 52492
6441 61 3070
7003 1433 71695
7001 153 7683
7013 193 9674
7003 1642 82147
6882 155 7787
7008 195 9793
6080 92 4611
7008 133 6653
5404 38 1902
7014 1214 60705
5108 96 4847
6837 8 406
6952 91 4571
6442 28 1416
7012 1061 53074
7010 1343 67151
6882 195 9782
6628 44 2237
5966 47 2378
6664 193 9659
6663 45 2259
6650 20 1015
7004 1605 80290
7004 206 10348
6945 212 10636
5169 35 1798
6404 174 8703
6100 14 736
6334 15 771
6663 18 939
5547 74 3715
6375 30 1525
7014 1728 86427
6981 39 1957
6078 1 51
7004 1622 81150
6749 44 2232
6315 26 1343
7001 570 28520
7012 1141 57088
7010 579 28988
6975 66 3315
7010 1568 78403
7010 1447 72360
7004 1023 51197
7008 1470 73518
7012 1126 56309
6030 13 698
6482 148 7447
7014 1062 53144
7008 145 7264
7004 1268 63428
7014 662 33112
7008 1244 62224
7003 775 38797
7008 1321 66063
6923 12 607
7008 1348 67415
6319 44 2227
7010 579 28984
7008 1010 50530
6882 210 10509
7001 866 43313
6535 91 4558
6564 83 4156
7014 429 21451
6663 16 841
6507 45 2294
7003 400 20002
5581 35 1791
6528 14 702
7014 1582 79102
6663 21 1076
7014 1346 67318
5106 192 9604
6635 0 2
5996 22 1138
6620 150 7502
7001 682 34118
5966 44 2201
7004 654 32712
6930 18 946
6542 166 8303
7001 344 17204
7010 668 33444
7003 1437 71881
6401 13 669
6577 32 1631
5921 19 974
7003 1375 68778
6590 25 1279
5433 153 7692
6027 4 226
6170 31 1590
6633 32 1642
7008 1078 53928
7001 210 10547
7008 833 41672
7001 264 13212
7014 990 49504
7003 852 42646
6949 78 3916
6441 62 3126
6090 72 3626
6697 100 5025
6908 188 9426
5036 20 1050
5042 47 2375
6837 151 7594
7008 994 49735
5459 2 107
5154 152 7612
7004 729 36455
6080 92 4637
6407 90 4539
7012 1447 72380
7013 193 9683
7008 924 46243
6201 65 3251
6765 156 7837
6882 156 7833
7008 1029 51459
6564 82 4120
7006 308 15408
6765 210 10503
7003 924 46239
7013 201 10078
6548 63 3152
7014 326 16325
7012 1730 86510
6401 21 1063
6338 26 1316
7012 1466 73310
6404 108 5431
5459 3 171
6975 66 3313
7001 324 16213
6441 62 3122
6956 112 5612
5151 163 8195
7003 1318 65912
6960 77 3855
5339 47 2360
7004 309 15491
7012 1054 52740
6908 184 9246
7004 1208 60441
7008 145 7285
6656 40 2019
7010 1485 74296
7014 867 43398
6106 49 2459
7007 22 1143
5512 189 9491
7014 515 25783
6560 17 884
7008 280 14045
6106 48 2428
7014 34 1719
7014 1062 53110
6423 75 3782
6303 79 3967
7003 228 11428
7003 31 1558
7008 72 3606
7001 153 7686
7014 34 1716
6102 38 1905
7003 270 13543
7012 1275 63791
6211 204 10206
6908 191 9584
7001 464 23223
6614 157 7869
7013 193 9690
5068 95 4765
7003 924 46233
7012 1126 56307
7014 867 43375
6338 44 2247
7003 775 38758
7008 280 14041
6379 94 4729
7008 1393 69694
5969 46 2316
7014 1411 70562
7011 302 15108
5331 134 6739
6507 47 2388
6230 58 2910
7003 1437 71886
7014 1331 66553
5541 40 2024
6794 22 1150
7008 1051 52579
7010 1343 67159
6027 3 163
6564 81 4090
5783 93 4693
7008 195 9776
6572 58 2945
5511 43 2196
7010 1049 52466
5013 27 1388
6960 79 3967
7013 193 9671
7008 833 41672
6955 212 10630
7003 214 10734
6945 216 10844
7012 781 39057
6319 29 1493
7001 732 36647
7004 1622 81109
6535 87 4376
7003 1658 82901
6663 21 1076
7003 214 10746
7004 1268 63401
6782 0 20
7001 210 10526
5891 155 7755
7008 746 37312
7014 308 15442
7003 413 20655
7013 108 5404
6322 42 2101
7003 456 22836
5108 92 4627
5511 45 2275
7008 1393 69651
6978 99 4973
6620 127 6366
5452 49 2459
7006 471 23592
6933 81 4062
6908 184 9218
7014 10 548
7008 1027 51396
6490 36 1824
6366 79 3995
5966 12 602
7008 280 14014
5456 12 614
5380 1 78
6752 70 3514
7001 682 34120
6442 28 1426
7003 1413 70700
7012 892 44601
7010 416 20801
6467 97 4896
7013 224 11220
6945 219 10978
4983 46 2320
7008 890 44509
7006 308 15402
7010 649 32452
7001 295 14755
6030 14 734
7010 1042 52143
6930 13 682
5497 103 5160
5497 12 637
6467 98 4924
7008 583 29163
6991 68 3444
7012 324 16249
6918 36 1827
7003 1734 86722
6407 93 4660
7001 823 41151
6548 0 47
6359 7 383
5564 192 9641
7003 775 38785
7004 1299 64991
7012 529 26464
6319 47 2352
6918 34 1712
7001 891 44596
5401 31 1577
7012 1220 61027
6362 101 5096
7013 238 11927
6615 172 8613
6751 26 1305
6507 47 2378
7006 588 29413
7003 1193 59666
6908 51 2566
6918 35 1770
6616 26 1335
5487 52 2642
7013 238 11913
6837 154 7701
6918 37 1886
6765 210 10503
6991 66 3350
5339 91 4557
6090 78 3936
7014 1270 63506
7013 224 11220
6080 91 4599
7008 1244 62235
4998 132 6649
7003 80 4048
5557 92 4634
5547 74 3723
6616 25 1271
7001 185 9261
7001 26 1322
5459 177 8878
5497 12 637
6960 167 8374
6231 109 5458
6666 12 618
5169 34 1746
6362 83 4171
7014 1062 53110
7012 892 44642
7001 819 40954
5456 18 921
7012 529 26489
6908 188 9440
7003 214 10711
7008 1110 55518
6882 129 6500
7010 246 12343
7008 133 6695
5065 2 140
6945 219 10959
7014 5 270
7008 1078 53915
6765 210 10513
7003 828 41432
6036 56 2847
6426 22 1125
7010 727 36372
7003 1449 72459
6211 69 3457
6162 213 10695
7012 1549 77474
7004 1486 74322
6930 20 1021
7013 224 11231
6201 58 2946
7014 216 10847
7008 144 7243
5448 11 580
7008 1321 66099
5487 28 1444
5630 41 2058
7013 201 10051
7012 1290 64503
7011 308 15418
7008 1464 73202
7008 144 7238
7008 280 14022
5459 170 8540
7004 184 9231
7010 8 441
5456 12 622
7001 295 14800
5404 37 1875
7006 604 30249
7003 1050 52522
7014 216 10846
7012 1466 73302
6628 43 2173
7012 708 35419
7012 1466 73341
7010 8 401
6050 9 486
7014 653 32674
7003 1433 71657
7003 1044 52245
7014 10 545
7010 27 1375
7001 823 41178
7014 326 16338
6288 175 8796
7008 777 38867
7004 1275 63777
7014 1121 56053
7010 84 4235
6482 153 7696
6991 68 3436
7008 1464 73244
7014 1003 50188
7003 1513 75683
6690 149 7491
5630 42 2129
6170 38 1918
6568 36 1811
6548 1 99
7013 193 9698
7001 977 48900
7008 1393 69651
6956 116 5830
7010 579 28995
6828 163 8171
6663 20 1037
6975 71 3594
6991 67 3357
6837 7 383
5564 192 9642
6407 93 4660
6763 166 8301
5077 19 956
7012 19 952
7001 344 17249
6912 60 3044
7014 867 43381
5000 43 2171
6366 75 3773
7008 589 29460
7004 729 36483
6812 9 454
6908 188 9422
6366 12 604
6668 87 4364
6303 126 6311
7014 1331 66579
7010 89 4498
6206 129 6465
5459 180 9020
6912 59 2977
7003 262 13136
5452 46 2345
5151 163 8195
6503 58 2948
7001 208 10408
5385 160 8039
6829 123 6158
6406 119 5970
7003 1111 55565
6401 13 684
5497 11 572
6934 15 789
7013 238 11922
7014 1003 50191
6548 3 171
7003 1304 65240
7012 1485 74264
7001 682 34148
7010 138 6940
6908 190 9549
6130 13 667
5547 72 3648
7003 31 1559
7006 486 24345
5380 0 5
6973 43 2186
5456 18 921
6837 8 434
6930 13 691
7001 480 24033
6334 8 425
7003 1413 70693
7001 324 16212
7003 1449 72499
6664 180 9006
6406 115 5791
7004 1278 63912
7010 649 32465
7014 1582 79147
7004 253 12672
6960 77 3861
6211 69 3457
7014 5 270
7012 302 15105
6446 126 6347
7012 1549 77456
7003 1413 70665
6548 2 104
7003 1304 65232
6482 150 7525
6959 123 6171
7001 26 1317
6663 175 8791
6663 18 947
6528 11 553
7012 1466 73327
5155 38 1947
7001 464 23212
6812 3 169
7012 1479 73973
6882 195 9783
6123 10 536
7004 901 45097
6908 50 2506
5519 147 7397
6827 104 5210
7008 589 29462
6420 43 2197
6912 59 2977
7003 228 11406
6387 11 586
6217 142 7114
5511 48 2425
6960 167 8361
6401 19 968
6102 38 1949
6945 213 10664
5069 34 1740
6359 0 1
6205 95 4789
6036 56 2834
6912 195 9761
7003 469 23496
6828 164 8247
5586 139 6983
7003 784 39202
7014 763 38173
5519 142 7117
4998 132 6649
7010 343 17180
6091 103 5163
7004 118 5949
7008 280 14018
6503 56 2806
7012 1447 72392
7001 682 34120
7008 786 39350
7003 31 1569
6992 10 549
7001 566 28313
7013 193 9680
6882 154 7717
6404 173 8691
7010 280 14043
7010 1545 77286
6934 75 3799
6379 94 4729
5019 115 5798
7014 1331 66557
7004 1319 65957
5536 12 618
6362 83 4192
7012 794 39747
7003 31 1591
7001 26 1347
7014 1640 82010
6945 208 10429
7013 206 10326
6366 80 4028
7012 1290 64531
7001 566 28307
7014 515 25789
7008 1051 52565
7012 246 12311
6812 1 56
7014 1411 70564
7004 1275 63770
6981 65 3270
5519 144 7236
7003 1437 71869
7003 1044 52214
7003 232 11619
6828 160 8005
6080 89 4468
6827 101 5076
6689 35 1787
6548 3 171
7003 228 11417
6828 167 8383
7010 1562 78131
7012 529 26489
7010 27 1359
6663 44 2241
7003 119 5991
5401 37 1861
7012 1061 53093
7004 1275 63771
7007 22 1146
7001 977 48897
5071 19 960
5458 157 7853
6334 12 619
7014 53 2667
6205 95 4756
7003 784 39228
6321 69 3466
7003 456 22811
5401 38 1906
6945 208 10429
7001 823 41166
7014 867 43368
7003 188 9422
7013 40 2023
7010 89 4494
5564 192 9627
7003 1193 59666
6387 16 830
7012 1730 86503
7003 775 38756
7010 710 35543
5511 46 2349
7008 1029 51455
5401 33 1684
7010 1162 58106
7008 466 23308
6286 140 7029
5586 87 4379
6992 9 475
7010 1042 52116
5966 50 2549
7008 885 44291
7014 1121 56058
7003 1437 71866
7003 1387 69393
7014 1640 82029
6319 47 2351
7010 1485 74269
7014 308 15419
6908 55 2755
7001 153 7683
7013 193 9688
7014 1270 63519
7003 1050 52537
7003 1527 76396
6977 90 4504
5459 178 8943
5071 13 692
7004 1275 63770
6106 50 2506
7012 1290 64532
6756 42 2145
5487 50 2509
7014 653 32694
7014 515 25759
6359 6 309
7004 1299 64963
6036 53 2677
7001 682 34137
6535 89 4484
7004 901 45066
6752 72 3650
7004 1622 81102
6882 153 7674
7014 429 21481
7008 885 44254
7014 763 38152
7014 990 49547
7014 990 49519
6366 75 3779
7008 1244 62204
7008 889 44451
7008 1348 67437
6030 13 693
7001 823 41156
7014 34 1706
6321 64 3215
7014 1346 67310
7010 441 22086
6882 152 7618
6666 185 9299
6697 100 5020
5331 133 6681
7012 1065 53283
6968 2 133
6908 53 2675
6615 169 8484
6991 70 3541
7014 429 21493
7010 441 22057
7010 27 1389
6912 193 9700
6831 51 2600
6687 192 9629
6366 13 694
6663 41 2097
7010 84 4237
6334 111 5600
7004 575 28761
7010 48 2443
7001 228 11418
7004 1340 67021
7014 990 49547
5519 146 7322
6954 14 724
7003 469 23482
6765 156 7829
7014 53 2665
7014 5 252
7014 867 43371
6756 42 2145
6837 154 7749
6401 17 898
7004 901 45055
7013 238 11917
6908 188 9442
6933 83 4197
7013 193 9668
7010 89 4484
6401 21 1099
7013 187 9382
6934 74 3711
6896 15 788
7013 40 2035
6577 37 1899
6945 219 10961
7014 34 1730
7003 1437 71881
6663 18 911
6162 213 10672
5216 81 4074
7014 1184 59211
7012 246 12323
5487 28 1446
6827 110 5527
6102 38 1905
7014 1121 56060
7010 1390 69550
6975 56 2818
6507 46 2344
6756 42 2142
7014 990 49516
4971 187 9360
7012 1479 73983
6666 187 9381
6794 17 899
7014 867 43371
5401 36 1807
6853 106 5340
6401 14 707
7013 154 7733
7014 763 38164
7001 566 28315
6981 39 1957
6960 73 3673
6923 30 1546
6564 84 4216
7003 228 11417
6503 57 2865
7012 1054 52712
7003 960 48037
7010 1049 52494
6829 123 6189
7001 480 24018
6663 25 1272
6080 89 4498
5108 90 4519
6362 76 3815
7003 1433 71668
7012 892 44602
5154 72 3643
7001 418 20920
6765 212 10610
6334 111 5583
6616 22 1126
7008 890 44506
6441 65 3284
7008 1387 69398
6960 79 3967
6888 50 2519
6959 122 6150
7014 1062 53138
7001 682 34130
7006 604 30208
6442 34 1732
5966 46 2335
6666 186 9318
7003 413 20655
7003 643 32174
7001 682 34105
7012 442 22101
7008 890 44544
6375 30 1550
7012 1275 63761
5106 184 9240
6025 99 4981
7003 1375 68799
7001 324 16212
6560 10 503
7001 264 13249
6930 15 774
6078 3 199
6090 78 3950
7003 363 18174
7014 212 10639
6663 41 2096
7003 1318 65909
7014 216 10816
7012 1730 86543
6794 22 1150
6973 43 2173
7004 654 32722
7008 1464 73203
7010 441 22054
6956 115 5753
5380 3 181
7008 1393 69677
5497 19 959
7013 154 7745
7010 220 11036
6036 32 1634
7010 1447 72351
6954 10 547
7003 749 37454
7001 566 28301
7010 579 28999
7003 852 42649
5511 46 2313
7008 1387 69351
7004 1164 58227
7001 566 28315
7010 280 14046
6912 58 2924
5108 96 4840
5605 55 2769
7012 1447 72368
6078 3 199
6201 64 3250
6683 13 700
6480 101 5064
7014 653 32669
7008 786 39330
7014 1505 75268
7003 456 22819
7014 515 25787
7003 1413 70665
5487 20 1050
6756 47 2371
7004 654 32730
6992 9 475
7008 510 25510
7001 324 16207
7010 710 35547
7014 1214 60727
6981 65 3282
5512 189 9462
7001 26 1314
6664 72 3619
5519 147 7352
7001 324 16213
6908 188 9440
7003 643 32174
7014 53 2668
6959 119 5990
7012 794 39720
5385 160 8039
7004 1278 63944
7006 486 24316
6123 8 426
5783 93 4697
7003 31 1568
5331 138 6925
7001 418 20934
6765 212 10621
7008 833 41685
6503 60 3046
7004 206 10329
7001 210 10501
7013 185 9256
6560 18 913
5382 170 8508
5151 89 4467
6782 2 129
7012 1006 50304
6616 27 1361
7012 1186 59346
7010 1042 52103
7004 654 32712
5068 34 1713
6955 204 10243
6664 182 9101
6975 66 3313
7010 668 33441
7003 119 5961
6756 41 2092
7004 1164 58209
6763 158 7918
6896 18 917
5557 24 1236
7010 1485 74286
6444 37 1867
6959 127 6384
7013 206 10348
7012 1141 57051
7012 1549 77459
6334 7 366
5155 49 2463
5382 179 8989
6035 7 382
6689 33 1652
6579 43 2194
7008 890 44543
7003 119 5978
7010 668 33401
6663 18 911
6123 9 463
6934 75 3795
6616 23 1186
5169 37 1859
6090 80 4005
7012 1635 81757
6930 19 989
7008 734 36719
7014 1346 67346
7010 416 20826
7012 794 39711
7012 246 12350
7008 103 5169
7004 654 32707
7010 1038 51929
6653 126 6328
6828 165 8278
6975 64 3213
7003 232 11630
7003 270 13511
6934 71 3573
7003 214 10707
7001 542 27123
6656 38 1937
7001 26 1336
6959 125 6256
4957 145 7253
6916 123 6178
7008 195 9787
7010 1549 77496
7010 1343 67168
7008 833 41662
4983 48 2440
7010 138 6936
7014 1270 63545
5229 7 368
7001 208 10433
7004 1435 71783
7008 1027 51397
7008 146 7308
7003 848 42429
7010 1270 63543
7014 1640 82011
6359 4 223
6666 186 9318
7010 1390 69526
7006 486 24350
7010 19 990
7012 914 45736
6812 3 181
7008 633 31684
5155 92 4633
7008 417 20853
6930 15 770
7004 184 9210
7010 84 4244
7004 206 10314
7001 228 11449
7001 700 35036
6359 5 288
6680 73 3652
7008 510 25517
6623 61 3064
6542 165 8293
6664 72 3649
6945 213 10658
7012 302 15133
5515 96 4836
6078 23 1160
6123 9 467
7004 1622 81126
7003 413 20690
5511 48 2408
7014 950 47503
7003 1449 72472
7012 1065 53268
7001 208 10413
6945 215 10795
6568 34 1743
6888 90 4536
7001 210 10539
6030 13 693
7010 19 983
7004 1278 63932
7001 682 34140
6577 35 1761
5966 48 2444
7014 5 273
7014 34 1750
7001 379 18972
6616 22 1111
7010 8 435
7001 891 44569
6697 100 5020
7010 727 36357
6959 124 6222
7008 885 44276
7010 1562 78104
7001 866 43314
6831 59 2986
6930 15 776
7004 184 9210
6379 37 1883
7012 442 22146
7008 885 44290
6991 69 3458
6663 19 959
7014 34 1706
7012 529 26496
7008 1110 55541
6960 166 8320
5380 2 127
7014 326 16327
5497 106 5327
6334 12 618
7003 784 39231
7001 682 34105
7003 828 41434
6577 32 1631
6379 38 1929
7011 308 15419
6211 66 3301
6442 33 1680
5195 61 3074
7014 429 21451
5013 2 108
7004 1278 63943
7012 1061 53052
7012 19 999
6829 122 6102
7008 103 5173
5497 109 5459
7010 727 36368
6956 112 5632
6027 3 163
6535 91 4563
7003 413 20661
7003 1304 65239
6991 69 3486
5515 62 3108
7008 583 29179
5331 133 6681
7004 514 25717
7014 653 32657
7008 633 31675
6968 1 89
6930 17 886
4957 142 7102
4983 44 2238
7003 232 11641
6831 59 2991
7012 892 44601
5146 43 2164
6480 107 5363
7006 324 16220
6663 173 8679
5611 102 5120
6973 43 2173
7008 103 5182
7014 429 21494
7013 201 10058
6650 20 1039
6632 56 2832
7001 866 43311
7003 932 46636
6366 83 4173
6912 60 3044
7006 486 24315
6756 153 7698
7014 1411 70584
6945 219 10961
5433 156 7826
6955 208 10427
5519 149 7494
7014 205 10272
6828 164 8219
7001 480 24031
7008 734 36729
7014 1346 67318
7014 763 38200
7013 224 11247
7008 144 7233
5515 67 3372
7008 145 7276
6812 3 192
6401 13 684
7004 1138 56937
7014 515 25755
7008 890 44526
5339 41 2099
5459 182 9124
7003 411 20561
6827 103 5191
7010 246 12338
7003 1513 75695
7011 302 15123
7008 102 5118
7012 302 15106
7004 514 25713
7006 558 27903
6959 125 6270
7006 324 16211
7012 1730 86529
7014 1640 82036
6826 40 2041
6025 98 4923
6656 41 2068
7010 649 32466
5452 47 2370
6542 165 8293
7001 228 11418
5401 36 1807
7012 1141 57087
6091 100 5039
7008 1244 62225
6173 32 1612
7001 295 14786
7010 1343 67165
6763 150 7514
6614 110 5539
5498 4 223
7001 185 9263
7014 308 15405
7003 1449 72486
6560 14 718
7006 308 15415
7012 1061 53061
7010 84 4227
6954 10 547
7013 193 9696
6482 152 7608
6968 1 89
7012 1659 82967
6579 43 2151
5108 97 4858
7008 924 46203
7012 1425 71271
5340 96 4813
6687 196 9804
7010 1068 53414
7004 654 32739
7010 48 2449
6933 86 4341
7003 1050 52545
6482 147 7356
7008 1078 53915
7003 960 48037
7003 1433 71675
5380 9 491
6507 45 2294
7012 892 44641
7010 727 36361
7004 961 48065
7013 108 5417
7006 486 24303
7003 456 22816
7003 828 41420
7003 411 20568
7004 1138 56917
6934 76 3820
7014 867 43362
7012 324 16219
5977 194 9743
6201 57 2864
6749 44 2212
7010 1068 53407
6407 92 4631
5331 130 6501
7008 734 36730
6945 215 10799
7008 1348 67404
7010 8 420
7001 566 28328
6623 61 3051
7008 1010 50545
5229 7 360
5516 24 1229
7003 932 46620
7012 892 44618
5370 56 2819
6548 2 104
7014 34 1713
5190 3 178
7004 1340 67012
7008 102 5112
6959 120 6039
6954 3 176
6871 187 9394
5497 101 5090
6420 45 2300
7014 1184 59234
7004 961 48088
5401 31 1597
7014 1505 75258
6338 43 2157
6378 2 140
6334 15 791
5921 17 855
7013 40 2011
7014 867 43368
6036 34 1739
7003 1375 68778
7003 1658 82901
7001 344 17241
7008 675 33755
6908 191 9571
6666 15 783
7007 22 1143
5456 13 669
6334 14 735
7004 575 28776
5586 85 4287
6579 47 2391
6620 149 7473
7013 201 10094
6908 57 2877
7010 84 4237
6975 69 3485
6934 79 3991
6991 67 3368
7014 1411 70563
6482 150 7525
6548 91 4552
7008 1387 69381
6955 211 10598
7004 253 12673
7014 662 33147
6828 162 8145
7003 1642 82135
7014 144 7213
7012 1065 53256
6763 150 7545
6572 172 8608
6572 174 8731
7013 108 5424
7004 1299 64963
7004 1624 81236
6951 23 1167
7004 1164 58250
5557 23 1194
7008 1051 52563
6420 45 2267
5966 0 5
6765 157 7898
6952 101 5052
6650 18 935
7008 1464 73246
6990 19 957
6375 57 2870
7001 210 10538
5331 137 6856
7010 138 6947
6401 14 716
7003 643 32172
6568 34 1743
7012 1275 63781
6951 25 1285
5106 184 9240
6882 153 7659
6027 5 275
7010 138 6936
7003 852 42647
7014 308 15406
6756 40 2043
7004 1624 81209
7012 1141 57094
7010 1596 79837
5977 194 9745
6763 150 7514
7008 195 9767
4995 8 413
7010 1038 51928
6828 169 8469
6777 1 77
6319 45 2300
6664 120 6037
7008 889 44460
7008 280 14022
7001 700 35040
6078 6 302
6882 195 9771
6081 13 691
6650 18 943
7008 924 46215
7001 295 14769
7010 48 2441
7001 464 23205
6812 3 192
6827 104 5231
5891 158 7930
6423 75 3776
6078 1 61
6896 13 654
7003 1734 86714
7003 1734 86729
6973 40 2004
7008 102 5147
7014 1214 60724
6956 115 5796
6629 8 430
7013 40 2041
7011 308 15402
7004 1138 56917
6934 18 904
5497 11 571
6960 73 3696
5926 13 677
5151 89 4491
7013 193 9688
6991 68 3436
7012 708 35428
7008 466 23333
7012 442 22146
7012 302 15105
7010 1447 72384
6577 34 1705
6973 38 1931
6765 212 10644
7008 145 7259
7003 749 37479
7004 1278 63943
6923 35 1788
7010 1038 51946
7003 1387 69375
7003 188 9405
6826 46 2350
7003 469 23500
5151 177 8878
5000 41 2052
7010 1390 69527
6918 65 3291
6123 9 491
6560 10 506
7003 411 20579
6528 11 553
7008 145 7299
7010 668 33444
7013 187 9390
7014 326 16318
7008 734 36706
7003 1437 71865
6954 6 311
7008 144 7247
6697 98 4932
6572 168 8437
6319 47 2352
7010 1549 77471
7003 411 20593
7004 575 28764
6782 2 138
6908 191 9571
6286 78 3910
7008 72 3610
7010 1447 72393
6467 98 4924
6942 93 4654
6030 8 446
7003 31 1576
6334 14 735
7008 1393 69661
6123 1 68
7010 1270 63519
7010 84 4242
7004 654 32724
7010 579 28991
6106 48 2444
7001 185 9300
6981 38 1901
7008 1393 69674
7014 867 43381
6853 100 5046
7008 280 14050
6955 211 10595
7004 514 25741
6568 36 1806
7012 1054 52722
7003 31 1558
5433 159 7952
4983 46 2320
6960 163 8192
6959 124 6248
6991 65 3298
6286 138 6945
6991 65 3298
7013 193 9680
5013 29 1470
6107 26 1337
5996 22 1138
5137 8 441
7003 188 9419
7014 1184 59231
6366 74 3708
7001 480 24004
6281 32 1632
5380 8 445
7001 819 40988
6666 12 603
7010 1162 58138
7014 515 25787
6230 97 4872
6765 212 10621
6623 82 4144
6406 115 5796
7014 53 2699
7003 1318 65919
6663 24 1217
6615 168 8446
5136 61 3053
7012 794 39711
7003 31 1585
6908 52 2604
6991 67 3356
6230 97 4872
7013 238 11913
5891 149 7452
7012 1659 82963
6286 138 6919
7011 302 15124
6751 27 1351
6170 38 1923
7003 1111 55576
7012 708 35422
5155 89 4475
6896 17 859
7003 411 20589
6507 46 2342
6763 142 7141
7006 471 23551
5380 8 445
5519 148 7450
6908 52 2619
7012 1659 82972
5331 137 6874
5557 21 1052
5339 45 2300
6378 2 107
7003 1413 70682
7001 144 7224
5339 96 4846
6765 158 7920
6401 21 1099
6577 37 1899
7003 1642 82147
6828 162 8145
6030 8 416
7010 1038 51908
7012 1275 63773
6035 3 175
7012 246 12311
5441 89 4470
6826 46 2334
7008 746 37312
7001 1134 56703
5069 34 1740
7003 875 43798
7012 892 44606
7001 891 44555
7014 867 43377
7003 31 1592
6548 84 4206
7008 786 39311
6882 153 7674
7012 246 12326
7004 654 32713
7008 994 49743
7001 480 24001
7004 1624 81236
7008 133 6667
5891 148 7425
6663 169 8458
6687 191 9596
6918 66 3322
6406 115 5796
7010 1447 72393
7014 10 514
7004 1605 80267
6483 0 12
6664 123 6154
6467 123 6192
6687 196 9847
6542 170 8512
7014 1184 59222
7003 1318 65915
7003 1304 65215
6480 101 5083
7003 1437 71856
5071 19 960
6934 13 689
5404 37 1875
6303 83 4159
6162 213 10689
7008 1051 52562
6663 19 959
7010 579 28994
7008 1348 67415
5185 74 3720
7014 1214 60705
6908 56 2807
7010 1042 52120
6616 28 1419
6945 213 10658
4998 132 6616
7003 411 20560
6975 69 3485
5630 39 1996
6090 76 3813
6288 175 8755
5042 40 2042
7003 1050 52511
6420 45 2300
5404 30 1532
6564 81 4092
7010 1562 78133
7003 1304 65238
5055 52 2609
7010 579 28994
7012 708 35424
6663 46 2342
6321 70 3511
7003 1304 65224
7011 308 15402
6021 187 9381
6334 8 442
7008 1348 67407
6954 6 332
7004 901 45073
7012 1141 57087
7004 1660 83002
5000 41 2052
5459 9 487
6021 187 9399
7013 206 10312
6030 7 388
5891 149 7452
6572 57 2878
7012 1141 57055
5441 7 375
7012 1485 74272
7014 1505 75289
5497 101 5090
7014 1505 75258
6663 173 8685
7014 326 16327
6201 55 2770
5441 83 4167
6050 0 1
5380 7 384
5586 141 7080
7006 324 16243
5078 3 178
6620 151 7588
7001 144 7205
6528 12 610
5108 91 4578
7001 264 13249
6632 57 2869
6683 15 764
7006 558 27927
7010 369 18476
6908 190 9523
5370 52 2628
6650 17 896
7012 1186 59315
7010 1447 72351
7008 280 14018
6831 55 2793
6407 98 4901
6812 3 181
7004 118 5913
7003 1387 69379
6751 27 1389
7010 1042 52103
6687 191 9587
7003 469 23465
7008 1387 69361
5456 14 739
7014 34 1748
7010 1343 67162
5106 183 9176
7003 932 46626
5155 49 2474
7003 469 23488
7008 417 20889
7003 232 11622
7003 700 35021
7003 848 42442
7008 885 44276
7003 119 5951
5586 142 7135
7004 1435 71800
7012 1730 86543
7008 1027 51377
6952 91 4593
7008 675 33770
7004 1435 71767
6359 5 272
6918 68 3435
5151 177 8878
7010 416 20841
5586 87 4352
7004 1278 63912
7003 119 5994
6366 13 694
7008 675 33795
7003 1318 65908
7003 924 46239
6579 48 2448
6934 77 3863
6560 10 503
6960 166 8320
7004 654 32704
7003 1339 66954
7001 26 1314
6338 44 2220
5229 2 141
6616 20 1027
7012 1466 73303
7001 700 35037
6930 20 1007
5497 100 5004
5070 55 2779
6690 147 7367
6912 195 9761
7012 1479 73977
6765 212 10622
7003 828 41406
7012 302 15113
7003 456 22819
7004 1268 63421
7008 466 23304
5154 155 7791
7010 1390 69539
7012 302 15131
6480 101 5082
6955 212 10630
7013 201 10074
6942 94 4729
7012 1425 71271
7014 1411 70560
5511 49 2495
7004 1023 51172
5042 49 2457
6420 40 2016
6564 84 4216
7012 708 35419
7008 1387 69361
7010 1270 63544
6960 166 8310
6826 42 2128
7010 668 33432
6535 93 4660
7008 195 9767
7003 1387 69355
7001 480 24031
7010 1042 52131
7008 417 20883
5190 2 108
7001 977 48873
7004 1486 74336
7003 643 32154
5926 13 661
6829 122 6102
6812 1 94
7003 119 5966
5441 6 309
7012 1466 73310
7008 889 44500
7008 589 29485
6837 157 7891
7001 210 10501
7003 1513 75651
7006 558 27942
6912 58 2924
5195 29 1489
7003 1044 52201
7004 1622 81126
7008 145 7282
7003 363 18182
6831 59 2978
6837 152 7635
6319 48 2430
6956 115 5792
5339 44 2210
6981 128 6448
7010 246 12334
6831 53 2656
4957 144 7230
7012 892 44650
6319 46 2314
7008 1348 67433
6577 37 1872
6912 193 9668
7008 890 44536
7001 866 43335
5498 8 406
6616 24 1232
6756 43 2189
6956 197 9872
7006 337 16890
6446 123 6200
7004 1622 81126
6991 69 3473
7014 205 10294
5547 72 3646
6300 124 6223
6632 34 1714
6871 187 9399
6908 190 9549
7012 1485 74261
7008 889 44458
7010 48 2412
6951 20 1037
6956 117 5879
7004 514 25712
6934 77 3882
5497 16 827
7008 786 39311
6483 0 12
7013 108 5417
7008 1348 67437
6751 23 1163
6628 44 2210
7008 583 29158
7001 26 1327
6908 186 9342
7010 1270 63503
6765 214 10713
7010 1485 74253
7004 1622 81114
6934 13 665
6663 43 2192
7001 144 7227
7006 486 24327
7013 238 11914
6908 51 2576
7013 40 2027
6918 33 1684
6888 90 4515
7008 1321 66095
7011 302 15132
5108 92 4634
6981 42 2130
5000 46 2328
6827 108 5430
7001 344 17241
5541 41 2091
7010 1038 51938
5370 57 2851
7006 308 15422
6923 14 711
6656 42 2126
7010 220 11048
6942 93 4658
7004 118 5937
6756 154 7737
7014 990 49532
6035 3 175
7012 529 26477
6542 164 8214
5519 146 7322
7004 206 10314
6407 96 4843
7014 515 25772
6981 40 2045
