13702 58 2937
16965 123 6184
13720 10 507
17858 64 3234
14062 263 13194
17475 164 8213
14965 141 7066
18771 50 2506
14431 65 3296
16307 49 2451
16845 140 7006
18732 26 1322
18026 166 8335
18021 188 9432
18922 574 28707
15715 34 1746
15115 7 363
16162 72 3624
14882 43 2171
17367 18 911
14335 226 11317
14446 18 912
17240 243 12169
15931 14 743
14543 103 5154
17323 27 1378
15873 200 10030
17652 50 2521
18676 558 27945
18235 30 1509
17684 75 3755
16221 31 1591
15417 7 396
15828 302 15114
18938 17 895
16101 81 4073
16028 421 21100
14550 300 15004
17695 1 91
16776 222 11124
14828 198 9910
15061 181 9069
17648 12 630
17137 146 7304
13803 195 9797
18724 19 984
16802 234 11706
14067 147 7389
14068 93 4674
15792 222 11148
16112 20 1042
16579 76 3811
18021 438 21935
17524 79 3993
18034 62 3116
13935 227 11399
17726 83 4171
14040 28 1439
16852 70 3523
18261 4 245
14096 66 3337
16169 357 17899
14901 200 10039
14464 240 12009
17240 22 1121
16152 111 5555
16169 362 18149
14186 15 767
17701 55 2773
16778 77 3852
14739 5 292
14062 56 2820
14257 237 11854
15883 39 1951
18228 125 6292
17667 9 482
14899 87 4351
17985 338 16945
18282 94 4725
15486 8 421
17390 21 1095
15446 66 3302
14362 75 3786
18024 291 14557
18795 1 93
18612 93 4670
17410 60 3035
17769 26 1341
14760 149 7451
18793 31 1576
17095 130 6515
17853 47 2386
16950 84 4214
17849 168 8425
16852 70 3501
17529 22 1123
14375 78 3943
18044 468 23427
18615 117 5867
16121 31 1574
18631 178 8936
16875 22 1102
17630 161 8072
18032 250 12517
15149 22 1132
13791 8 435
14907 181 9080
18933 95 4766
17739 23 1192
18615 117 5859
13861 148 7440
17871 250 12539
16906 84 4211
14040 28 1427
17985 229 11488
14428 194 9713
15116 282 14141
15762 91 4551
14715 34 1739
16158 345 17294
17365 29 1487
18923 162 8134
15517 24 1212
17963 66 3319
18765 60 3006
14549 141 7053
15639 189 9475
15715 197 9857
17990 129 6490
14789 70 3533
16158 32 1619
18026 180 9033
18923 446 22316
15291 204 10204
17975 72 3647
18574 393 19654
15959 78 3947
16317 86 4317
17206 388 19415
14686 79 3998
13707 144 7241
14438 178 8904
15398 372 18628
16507 31 1557
18931 90 4510
18678 303 15163
13725 126 6349
13736 51 2587
18794 85 4256
14582 1 70
14611 182 9120
18935 391 19583
14580 143 7158
13791 8 443
16731 165 8281
17387 40 2046
17655 57 2885
18685 29 1456
18463 177 8875
18764 42 2137
14067 48 2416
18034 62 3116
14067 47 2373
18756 54 2708
15909 36 1838
15466 256 12808
17243 13 651
15222 94 4714
18733 50 2530
18265 160 8005
14451 15 799
15774 343 17154
16825 99 4977
15151 283 14189
14186 207 10352
15469 273 13666
18286 78 3911
18748 151 7573
17620 13 652
17731 20 1008
14220 39 1962
14542 289 14461
15442 51 2567
16162 72 3609
13803 16 806
15639 169 8492
16101 44 2227
17955 72 3644
18676 493 24675
17108 25 1259
16540 15 760
13732 103 5195
18927 53 2668
14535 109 5472
16852 70 3523
16341 347 17359
17849 103 5195
17683 7 369
17560 41 2080
16679 64 3240
15927 84 4248
17166 0 29
15894 0 45
14530 8 446
15395 87 4369
18244 144 7244
18226 215 10793
17956 128 6440
17186 32 1631
16172 462 23122
17691 19 953
17727 38 1942
17724 27 1379
18034 62 3116
17451 311 15592
18657 37 1852
18021 77 3852
14026 109 5473
15873 123 6189
16679 12 624
18021 77 3894
13709 114 5705
16148 220 11044
15923 48 2405
16802 234 11739
14603 15 792
15872 38 1935
17034 239 11993
18286 90 4533
16894 20 1046
15588 297 14857
18685 501 25066
17763 1 53
16023 454 22703
17514 3 169
17451 326 16331
14956 240 12049
18678 327 16370
18218 300 15001
15498 152 7644
17030 93 4677
17648 10 521
15114 28 1425
14220 43 2185
18506 79 3967
17435 16 831
18678 317 15895
15479 33 1699
17240 517 25857
14063 231 11569
18054 339 16998
14306 198 9916
18631 83 4165
18032 242 12136
18007 76 3801
13799 40 2034
14293 70 3516
18245 186 9349
13803 171 8564
16094 46 2330
16006 476 23804
18225 79 3994
18244 263 13189
18021 77 3899
17390 21 1100
16499 224 11221
17662 129 6497
15766 37 1885
14446 24 1235
18574 340 17024
15634 158 7931
15801 487 24389
15478 132 6617
18882 143 7154
13807 38 1915
14914 33 1678
14310 0 3
15106 208 10420
14726 60 3050
18286 111 5591
16119 524 26249
14746 88 4414
17217 70 3549
17220 23 1199
18731 109 5469
18021 637 31896
15697 60 3017
14291 24 1201
16119 273 13676
14044 30 1541
15154 65 3261
17029 179 8999
15177 20 1020
17975 72 3603
17596 47 2371
15851 19 968
16158 343 17184
13935 70 3542
14185 8 422
18010 232 11648
15457 184 9205
15409 52 2636
16867 163 8172
17693 82 4125
17169 322 16141
18733 41 2070
16847 0 34
18793 56 2829
18035 41 2073
15592 8 407
15409 6 317
17960 207 10385
14891 46 2326
17302 43 2151
14259 120 6015
14708 41 2097
18933 332 16630
15966 369 18456
15426 41 2069
14392 214 10717
18286 33 1673
14873 41 2059
14550 188 9426
18646 2 145
14801 30 1513
17726 74 3739
17972 157 7854
15867 111 5555
15492 28 1429
14438 137 6874
17763 42 2118
13709 18 912
14271 253 12693
15416 77 3894
16172 471 23589
17972 127 6396
16073 105 5281
16023 336 16823
14157 60 3021
17521 25 1277
15254 143 7166
18752 534 26735
14772 142 7132
18603 256 12803
17663 21 1074
14390 122 6124
13792 100 5023
16158 66 3316
14080 240 12024
16576 37 1896
15118 186 9339
14924 135 6787
18463 177 8887
14026 39 1966
16089 372 18614
18933 95 4788
16847 0 7
18021 77 3852
18954 271 13591
18793 40 2015
18233 245 12295
14080 240 12026
17478 125 6285
16750 1 76
17030 93 4674
14401 91 4554
17514 86 4341
17683 89 4483
18482 25 1296
14626 143 7166
15238 175 8767
17793 41 2088
16960 3 187
15254 143 7182
15412 282 14133
15959 50 2521
16052 208 10445
15183 12 601
17186 32 1631
17125 35 1757
14344 14 736
18048 260 13033
15491 46 2348
15161 60 3017
15291 38 1904
18794 362 18144
14913 62 3106
13809 135 6759
17544 7 380
18574 387 19372
14543 221 11075
16679 64 3227
17830 25 1296
18724 33 1697
14550 10 532
16036 318 15910
15423 41 2051
18021 422 21119
17383 444 22219
14007 84 4216
18021 454 22746
13739 19 991
13767 91 4583
17414 40 2038
15111 71 3568
18795 111 5588
16679 12 622
15966 347 17363
14399 17 851
15291 266 13305
16118 120 6040
14824 231 11557
16389 64 3250
15766 15 775
16499 233 11685
14203 18 950
17596 33 1686
17963 53 2699
14327 26 1337
13982 34 1710
15222 99 4975
13897 37 1883
17661 46 2344
17369 24 1245
15808 51 2577
18031 262 13139
14436 215 10788
15267 163 8199
15423 38 1941
17087 359 17961
14784 57 2860
18923 243 12185
14146 12 633
18218 253 12698
16845 86 4320
15859 109 5467
15927 82 4124
18951 306 15345
14122 92 4638
13991 46 2305
14899 73 3669
16356 17 862
16471 80 4044
17091 63 3170
18482 25 1296
15722 36 1803
16266 199 9973
15246 128 6446
15469 291 14589
18701 8 425
15592 175 8767
18615 438 21945
18286 78 3911
18795 143 7194
17696 53 2680
17196 57 2899
14708 24 1233
14438 254 12733
16504 149 7457
15877 87 4365
13799 30 1520
16411 87 4384
14882 96 4824
17257 15 768
15593 178 8926
15588 297 14851
14597 144 7226
16109 49 2471
17849 16 841
17497 127 6380
17166 8 434
13937 40 2015
17210 198 9942
16743 21 1061
17077 8 438
14631 108 5428
16222 157 7861
13874 11 579
18760 150 7515
13721 25 1296
17630 96 4847
17090 64 3246
17034 64 3203
14569 77 3886
18021 260 13001
17307 4 209
18733 41 2070
16852 197 9870
14220 43 2185
14218 10 528
17111 182 9147
16926 172 8629
15486 177 8888
18676 493 24675
18574 349 17485
17354 40 2032
16348 98 4935
17055 295 14781
17144 22 1115
14699 11 567
15592 138 6940
18054 264 13242
15762 100 5005
18794 60 3034
15106 240 12006
16052 7 358
16889 250 12543
13729 80 4020
16821 409 20463
14186 194 9726
18741 27 1400
17095 16 830
14080 140 7049
15433 170 8506
17367 18 911
17053 113 5678
13791 244 12245
18267 25 1261
18021 390 19514
18793 60 3003
14617 32 1624
18245 199 9975
16584 94 4709
17369 26 1317
13911 147 7399
15867 145 7265
16529 33 1660
18024 573 28681
16849 187 9390
17724 14 720
17722 121 6094
16910 171 8600
14539 234 11712
17853 7 400
18882 119 5962
13714 113 5666
14080 115 5799
17783 111 5577
16994 37 1869
18005 180 9048
15762 98 4924
13773 53 2668
14673 70 3506
16109 148 7414
15257 127 6389
16281 74 3718
17407 141 7092
16119 186 9314
13865 251 12570
14157 60 3039
14959 16 838
18935 167 8376
14917 3 158
18032 186 9323
18685 182 9105
15118 186 9339
18218 160 8003
17089 121 6057
16322 1 93
17087 45 2280
17698 6 336
14067 58 2904
13792 118 5915
17131 192 9602
15430 57 2895
15902 436 21828
13791 97 4896
18699 161 8089
17598 18 941
18057 137 6877
15308 5 278
15403 156 7802
17144 22 1133
17091 64 3242
14229 7 400
14021 75 3786
17239 187 9387
13965 18 926
15403 149 7474
13862 79 3987
15783 233 11683
18057 38 1926
14350 42 2149
18574 340 17017
13763 93 4674
16021 478 23943
18931 50 2528
17053 91 4556
17662 64 3227
15479 75 3755
18713 7 371
15339 180 9006
17724 53 2661
16205 104 5244
17978 135 6782
18026 180 9042
13799 42 2111
18574 401 20078
16960 47 2400
16052 208 10431
17973 36 1807
18026 166 8335
18044 230 11543
16169 362 18128
17521 20 1027
17132 205 10258
18235 16 831
17087 359 17961
15322 149 7496
18794 112 5603
17986 10 510
18659 109 5483
14981 199 9989
16529 33 1662
14639 39 1988
17479 21 1091
16845 117 5854
17701 55 2773
15987 252 12619
16894 89 4478
17853 7 400
14580 143 7187
15715 192 9620
17871 250 12539
14123 114 5705
16588 195 9778
14549 217 10888
17630 96 4848
18923 183 9180
16216 88 4421
17493 95 4794
17724 14 734
18918 142 7135
15527 19 996
14802 286 14340
15115 118 5941
13736 177 8856
18024 366 18322
15415 225 11269
14912 73 3694
18005 229 11466
17731 20 1008
16743 21 1053
18506 79 3991
14067 30 1518
16122 452 22631
16158 66 3343
15701 218 10927
16965 69 3464
18218 300 15029
17578 11 558
17620 227 11371
17684 75 3780
17853 45 2296
14975 63 3161
14112 122 6144
18760 149 7496
18048 186 9335
16112 487 24400
15017 197 9900
14220 45 2288
14392 88 4443
17869 180 9042
16411 208 10432
14768 115 5778
16540 1 76
16216 88 4421
14560 5 285
14543 95 4754
14981 173 8697
14749 209 10466
15923 451 22592
18673 105 5254
17978 126 6319
14107 72 3619
17666 212 10633
17506 69 3475
18229 41 2068
15486 160 8050
17521 20 1027
14409 155 7756
17493 214 10704
15762 233 11691
17563 79 3964
14582 1 65
17095 16 830
16731 491 24579
17349 104 5207
14569 77 3897
15427 12 615
17098 64 3206
18005 112 5637
18673 47 2352
15386 23 1184
17693 163 8198
18228 125 6292
14093 196 9841
13799 30 1520
16221 4 231
18935 257 12871
16286 473 23696
14582 60 3031
15099 118 5948
18244 353 17657
13766 118 5929
17195 32 1616
17521 84 4211
15792 76 3822
17217 68 3433
18062 234 11702
17978 193 9696
16894 12 633
17108 25 1259
14807 239 11997
17325 5 263
18953 260 13003
18021 536 26826
17761 63 3199
16112 474 23723
17367 90 4540
15862 5 288
15174 91 4569
15412 167 8382
13929 12 650
14768 115 5762
16112 20 1042
18733 25 1262
17985 229 11488
14569 159 7995
17231 90 4509
14362 33 1667
16891 131 6594
14882 92 4634
14814 114 5702
14220 39 1961
18665 250 12549
17514 3 169
17126 45 2280
15931 14 743
18701 21 1082
15086 168 8436
17663 21 1095
13929 0 28
15386 23 1184
15442 51 2567
14901 7 396
15079 26 1302
13773 249 12458
16891 131 6565
14603 88 4419
17407 105 5279
14939 60 3013
15785 74 3712
17974 264 13232
15785 155 7776
13865 89 4494
16424 305 15286
15713 294 14713
16119 273 13699
17309 43 2168
15794 119 5971
17684 75 3780
16499 514 25733
14549 141 7053
17029 99 4970
18713 14 747
17500 60 3021
18923 474 23725
15961 70 3549
15517 46 2309
17684 75 3780
16520 37 1864
16221 38 1944
15766 36 1815
15701 3 193
17220 23 1199
16228 186 9302
15851 53 2660
15851 92 4621
17243 84 4241
17869 42 2139
17243 13 651
14993 66 3308
16821 195 9751
18024 366 18343
14464 66 3342
16424 135 6782
15894 185 9260
16551 373 18691
16228 158 7946
18488 560 28039
15527 3 194
13732 99 4961
16356 17 862
15252 34 1728
18286 191 9561
15916 233 11658
17661 29 1458
14431 62 3148
18054 447 22384
18865 34 1744
14749 4 215
18794 52 2649
18021 507 25355
18933 66 3309
13942 75 3761
14436 300 15049
15970 334 16728
13862 174 8708
15464 156 7804
17125 21 1090
13913 66 3342
14965 141 7064
17990 82 4142
14453 139 6969
15254 65 3300
16011 154 7712
14729 57 2877
18926 106 5338
14468 110 5505
18959 39 1985
17255 28 1413
15785 155 7780
13725 126 6349
14555 141 7051
17965 255 12794
15590 71 3584
18018 78 3902
13770 10 529
13897 32 1617
15517 71 3573
15350 54 2715
13791 148 7430
17666 50 2523
16205 259 12966
17972 39 1959
15952 74 3719
15766 24 1240
16169 78 3938
17226 34 1715
16315 8 418
18959 39 1985
15593 178 8918
16731 459 22995
14067 192 9607
18031 291 14560
16275 108 5436
17055 18 936
15116 117 5899
17620 227 11384
17137 61 3058
14124 108 5424
13773 53 2668
14282 2 147
17349 104 5207
14455 38 1907
16172 377 18856
13763 244 12229
15415 245 12284
16228 230 11521
15715 65 3269
17169 67 3357
17307 17 896
15136 92 4635
14136 26 1317
18034 136 6825
18794 162 8149
15116 281 14055
17724 50 2537
18765 320 16019
15392 114 5713
15130 37 1879
14936 32 1604
16307 49 2479
15350 239 11960
13712 127 6380
18923 284 14204
18753 49 2489
16845 113 5675
17955 190 9527
14455 147 7355
15491 86 4320
15592 8 443
13982 34 1704
17493 95 4794
17869 42 2139
16994 37 1869
17978 47 2386
18062 241 12060
14914 101 5090
17472 17 862
16158 32 1619
17560 87 4378
14458 25 1295
15783 215 10753
17169 322 16141
16529 91 4598
14310 1 57
15086 184 9239
17965 15 751
18244 362 18112
15774 490 24537
13739 19 991
17004 240 12001
15415 52 2615
14874 239 11965
13864 89 4460
14293 252 12627
18242 101 5083
13763 14 750
15701 218 10927
17521 18 907
17631 51 2574
18733 25 1262
14040 101 5062
16023 462 23148
14009 97 4883
17111 105 5275
17364 93 4684
14418 139 6967
15382 20 1044
15588 297 14857
13702 47 2367
17328 29 1484
15960 300 15015
15928 53 2696
18506 90 4504
13945 61 3070
14350 32 1624
15136 36 1837
18773 30 1506
14801 240 12035
16875 22 1102
16109 148 7414
17311 149 7470
14093 182 9137
15099 26 1331
18021 386 19342
16340 416 20839
16169 100 5011
16169 333 16688
18021 514 25705
16762 1 58
14708 34 1715
17435 16 831
16226 66 3303
14399 145 7286
13957 2 126
18032 249 12493
15883 26 1325
17663 21 1074
18026 166 8335
18760 191 9578
16891 154 7712
15423 41 2096
16205 298 14913
15335 125 6270
16935 364 18243
14555 141 7051
18935 386 19323
14789 122 6107
17057 76 3821
15492 28 1429
15267 163 8196
15456 184 9214
14644 281 14072
16802 234 11708
16524 383 19166
13913 66 3342
18773 12 601
14127 182 9137
17169 6 309
17620 127 6389
18495 157 7867
13708 2 118
16894 20 1046
18615 438 21945
18032 249 12493
17379 24 1202
17164 112 5639
14768 6 304
14212 184 9234
15291 232 11620
13773 113 5675
14080 140 7049
16978 298 14902
18044 230 11539
15128 209 10496
17637 16 811
17186 2 119
17255 43 2168
17684 154 7731
14756 63 3180
13895 41 2068
13803 171 8579
15386 96 4820
17701 49 2462
18699 161 8060
13770 2 110
16228 158 7941
14766 22 1148
15433 170 8506
17598 18 917
18225 492 24613
14874 160 8016
15166 335 16760
17271 12 614
14335 160 8008
15507 4 206
14319 18 934
16222 12 625
14153 96 4841
15639 194 9702
17451 300 15024
14335 232 11643
18218 300 15001
15315 30 1549
14438 178 8904
14080 181 9051
13767 91 4583
17504 31 1590
17087 4 229
14924 146 7337
18794 56 2827
17596 47 2379
14549 106 5301
16743 21 1094
15116 282 14141
14038 107 5396
17314 48 2417
18927 61 3094
17987 18 931
14067 57 2885
17208 159 7991
14936 23 1175
17847 277 13865
16894 89 4478
15900 143 7186
17479 7 361
17661 50 2530
18244 143 7188
14186 194 9745
17985 225 11272
14080 140 7049
17164 112 5639
16021 478 23943
15111 47 2382
14998 67 3385
16172 465 23283
18031 291 14558
15420 7 359
14172 46 2310
17095 73 3658
15592 59 2997
17851 113 5684
15894 118 5904
15492 4 232
13895 78 3938
17955 206 10319
17087 45 2276
14112 59 2995
13780 143 7156
17524 101 5095
13739 19 952
15257 127 6389
17793 41 2088
17620 13 652
17865 55 2751
17990 365 18298
15315 6 336
18021 260 13001
17043 98 4902
13779 8 439
14212 184 9213
17144 22 1133
18793 56 2839
15862 5 293
16776 222 11135
15398 357 17862
16962 191 9562
18717 43 2171
14598 43 2191
15386 23 1184
18268 5 253
16134 375 18795
14555 141 7073
18228 189 9475
18044 452 22615
14975 78 3903
15959 78 3927
15166 350 17542
17344 118 5913
18044 230 11511
17302 51 2565
15395 95 4783
18263 126 6323
15800 48 2429
17851 58 2919
13864 15 763
18010 225 11255
15382 239 11974
16491 14 722
17089 104 5238
15806 14 720
14580 9 493
18048 89 4465
15634 126 6312
18927 65 3272
13937 58 2929
18794 52 2643
18923 408 20441
15330 96 4825
17467 5 263
17545 10 501
18713 4 215
18631 54 2722
14458 102 5139
17367 42 2150
13896 70 3550
14030 58 2948
14171 47 2374
14537 117 5854
13876 260 13011
17435 16 831
13962 13 661
17387 10 514
14438 254 12710
18678 302 15150
18733 41 2079
18495 102 5141
14093 182 9122
15477 7 373
17089 49 2462
15762 296 14813
17648 50 2549
14873 291 14582
18527 274 13720
17521 20 1027
18488 314 15706
15588 297 14851
17990 100 5020
13714 72 3631
14313 270 13515
16226 66 3303
15154 74 3724
16499 233 11665
16172 413 20671
15428 62 3113
17503 128 6414
18733 43 2161
14421 11 571
14917 3 191
18954 115 5758
17851 58 2919
17701 55 2752
15099 35 1787
15397 226 11350
14458 69 3464
18903 356 17811
16172 380 19021
17257 15 768
13921 47 2358
14306 145 7267
18650 46 2328
17098 64 3206
17661 78 3908
15397 219 10969
17686 28 1413
15669 29 1455
18794 113 5651
14743 44 2201
17528 18 920
14044 32 1646
13936 23 1170
14159 183 9176
14021 75 3786
14446 11 573
15386 23 1156
14597 27 1368
18495 82 4148
17128 8 413
15339 126 6347
17783 141 7053
14186 15 779
17684 89 4498
17355 78 3918
15128 229 11487
17847 120 6032
14959 16 826
14555 157 7857
13945 246 12329
17555 1 51
17479 26 1311
16172 105 5290
17851 182 9135
16986 26 1332
15701 510 25547
13729 87 4361
14209 125 6276
17055 18 924
14977 20 1045
16877 16 802
13770 10 529
16168 42 2114
17566 42 2125
16852 316 15830
15466 256 12837
15098 79 3954
15167 20 1034
14007 121 6098
15391 201 10077
17669 85 4283
15780 136 6812
18923 291 14562
16172 224 11235
18760 317 15862
14784 9 488
14736 268 13422
13702 141 7083
14580 23 1180
18753 124 6224
14543 103 5171
17177 26 1306
14766 7 358
16109 148 7431
17302 78 3918
18062 241 12096
16852 316 15830
14597 70 3547
14549 83 4200
16726 187 9375
17078 101 5099
18938 4 205
13715 92 4607
14209 22 1111
18935 174 8724
16159 158 7945
17352 44 2249
18955 54 2748
16169 301 15075
15398 357 17867
17383 398 19943
14067 192 9607
14603 15 792
15396 145 7295
15965 497 24868
17592 93 4675
18244 353 17657
17667 85 4288
18935 391 19583
17325 5 260
17307 2 116
17985 159 7974
18760 150 7504
15880 26 1325
15155 34 1719
16089 372 18610
18929 173 8680
16726 16 821
17697 15 769
18225 24 1208
13965 7 377
18918 116 5824
18242 162 8140
15395 29 1497
17849 168 8425
17383 398 19943
18863 86 4315
18794 162 8104
14467 162 8149
17578 12 605
15125 134 6725
14805 29 1498
18712 403 20166
15274 35 1789
15161 186 9317
16875 22 1102
15676 184 9236
17849 2 142
17978 30 1501
14592 69 3484
17497 197 9868
14080 205 10262
14901 310 15514
15115 126 6330
17383 416 20806
15877 62 3128
16023 21 1094
14342 288 14434
16874 443 22196
14413 2 111
17137 149 7468
15877 58 2908
14559 282 14105
16446 282 14121
18779 77 3881
18795 235 11792
17475 164 8240
17956 251 12584
18953 316 15848
15130 26 1318
14009 90 4539
13862 79 3975
15425 40 2044
17965 268 13432
14631 27 1362
17978 135 6792
17309 17 878
16109 148 7414
14814 175 8764
16875 14 705
17213 83 4173
18910 140 7035
17090 64 3246
14802 70 3539
15314 47 2367
17467 80 4032
16694 327 16374
15312 67 3352
16119 186 9314
18603 256 12823
17316 115 5753
17726 83 4171
18933 95 4788
15986 191 9558
17314 66 3335
18910 157 7877
16109 29 1474
14569 77 3897
13767 88 4407
15792 222 11129
16676 260 13029
17128 108 5401
18235 236 11827
15167 9 498
18039 55 2800
16852 94 4729
13911 140 7039
17998 125 6271
14687 11 569
18753 57 2852
14464 66 3325
18057 137 6877
13799 30 1520
13712 74 3711
17210 230 11534
18954 328 16431
16920 9 467
15386 38 1942
15382 229 11464
16101 0 50
18257 109 5491
15004 1 64
17521 25 1277
14673 57 2879
17578 2 140
17686 274 13750
14816 152 7614
14024 24 1241
18910 140 7024
16358 49 2497
14377 130 6547
18225 93 4666
17196 56 2841
18760 149 7478
15915 129 6466
13929 10 508
13709 30 1548
14229 7 379
16513 15 778
18021 370 18538
15106 208 10433
18795 50 2541
14873 249 12468
17684 150 7516
17407 141 7092
17131 203 10162
17693 153 7667
14121 183 9161
13762 86 4305
13708 85 4266
17793 41 2064
17960 207 10385
16107 58 2928
17615 4 218
16317 40 2005
16544 117 5856
18034 86 4311
17985 321 16097
15880 26 1325
14597 100 5011
15086 30 1505
17410 60 3035
18954 328 16431
14063 245 12264
18719 179 8966
18923 416 20828
18021 260 13001
16188 135 6779
17754 75 3777
15350 43 2176
17164 112 5639
14882 143 7157
18764 42 2110
13732 99 4966
16867 40 2002
16471 46 2314
17722 3 153
14399 47 2398
15149 93 4697
17620 69 3474
17303 32 1632
17851 173 8685
15360 122 6137
15106 240 12006
17965 263 13160
17591 67 3384
17162 177 8894
18514 105 5255
16013 212 10623
15086 30 1505
18954 250 12519
18741 21 1073
17874 64 3216
15128 229 11498
18678 338 16902
14975 102 5141
17648 13 693
14729 178 8910
15931 0 45
17132 226 11306
15828 367 18362
17701 2 108
18048 89 4465
15593 167 8389
15242 182 9121
14306 228 11406
18924 103 5177
17132 225 11291
17029 179 8999
14690 25 1260
14007 126 6340
15894 67 3386
17990 444 22220
17996 103 5172
14401 226 11303
18646 48 2444
15774 313 15651
13745 119 5996
16021 433 21671
18218 62 3144
18202 89 4459
17840 369 18480
13921 61 3078
17987 76 3843
15590 171 8554
17177 23 1153
17111 212 10616
15794 119 5971
17986 186 9339
17131 2 143
16188 159 7960
14080 169 8466
14146 55 2771
14165 54 2749
17662 57 2889
18882 106 5340
16826 362 18103
14203 52 2609
18653 258 12934
16317 40 2005
17846 131 6580
15234 101 5075
17077 61 3086
14413 0 35
15411 241 12087
18760 191 9595
18612 87 4386
15969 105 5288
15125 174 8736
15074 15 782
14677 0 9
14530 1 73
16975 191 9576
16584 94 4709
17367 90 4540
16540 15 789
17641 31 1561
16529 33 1660
14708 24 1212
16221 23 1183
18714 165 8281
15291 125 6267
15252 14 731
13719 1 73
18724 33 1677
17560 100 5005
14112 190 9510
16075 341 17073
16150 92 4618
18741 27 1397
16119 463 23166
14763 56 2824
18701 21 1068
18773 28 1407
15966 18 906
15179 22 1102
16891 154 7712
17210 229 11487
13911 140 7025
17661 50 2530
14935 130 6516
17592 93 4698
15397 152 7627
15442 35 1766
14122 45 2281
18697 238 11904
15900 138 6912
17684 44 2228
14021 4 219
16935 101 5055
16021 219 10980
15098 47 2361
17255 43 2152
17371 269 13495
18782 52 2618
13993 79 3970
18862 391 19582
17078 65 3289
14375 138 6931
15427 8 426
18267 40 2019
16150 92 4618
15923 248 12427
15167 36 1803
15411 153 7690
17701 2 108
18527 674 33705
14582 60 3044
15466 256 12837
15915 129 6490
14044 32 1646
18495 102 5141
17569 18 940
14828 198 9937
17849 86 4324
15722 89 4458
14729 89 4493
18272 29 1477
16965 210 10503
14771 214 10721
17522 59 2962
15877 26 1313
17426 2 142
18028 96 4834
15677 229 11489
14259 9 474
17029 179 8999
17743 44 2224
16038 246 12308
13725 126 6349
14165 116 5829
15955 39 1987
17569 7 397
17128 25 1273
14446 18 912
17206 104 5206
17011 16 820
18692 170 8533
13762 57 2894
18724 33 1677
15350 197 9881
15267 77 3862
15976 72 3606
14801 40 2021
13715 92 4601
16962 290 14507
16159 158 7945
14590 92 4641
16471 51 2567
17965 11 570
15149 22 1132
17766 15 763
15592 222 11106
16849 118 5932
17387 40 2002
15701 255 12789
17327 75 3755
14580 5 277
14464 84 4219
14107 89 4458
17137 41 2054
17596 46 2310
17874 3 198
18515 57 2874
15873 256 12818
16060 173 8676
17861 396 19806
14686 19 999
17851 34 1706
16158 32 1619
17365 29 1462
13935 227 11367
15397 152 7627
17352 44 2249
14467 293 14677
18603 170 8521
15103 225 11286
15882 198 9914
15783 233 11683
18741 17 863
17615 4 218
13940 16 835
14543 95 4754
14959 269 13468
18617 22 1110
15682 28 1438
17726 74 3726
18228 117 5852
13719 50 2505
16271 82 4134
13780 143 7156
16341 416 20825
14127 248 12445
17306 68 3432
14067 192 9607
17472 17 896
18031 291 14584
17196 55 2782
14924 135 6790
17196 55 2782
16466 88 4401
16216 88 4421
15464 162 8111
16051 85 4258
15794 56 2820
16491 14 722
14438 74 3716
18242 178 8931
15828 429 21477
16986 38 1926
17186 32 1631
16750 1 95
15128 229 11498
16778 73 3674
17506 69 3498
17846 131 6560
15888 24 1211
15901 183 9154
18005 229 11484
18233 73 3655
14357 5 289
17195 209 10497
14165 122 6135
16960 47 2400
14610 273 13673
18924 4 247
18489 219 10983
14673 16 841
15652 20 1019
15246 126 6341
15099 34 1704
17240 512 25612
16340 422 21147
16753 112 5611
15762 330 16544
15916 207 10366
14186 15 779
17637 73 3688
17653 30 1530
18495 82 4146
14350 32 1636
16060 102 5133
16437 8 428
17596 47 2379
16169 301 15075
14788 49 2476
13937 40 2047
14014 162 8140
13715 92 4613
15017 116 5837
18760 224 11218
18010 232 11603
16315 59 2969
18574 340 17017
13803 195 9783
14000 54 2719
17560 49 2462
17998 145 7287
15961 95 4781
14690 21 1096
13773 224 11238
14062 241 12052
17592 79 3993
14446 11 552
14736 256 12802
17693 42 2116
17323 27 1381
16947 129 6469
17630 1 66
18765 183 9192
18238 255 12763
14007 121 6098
15783 343 17167
14592 69 3490
17545 36 1802
14985 30 1536
15862 287 14383
14212 184 9213
15061 181 9069
14124 155 7779
14743 187 9364
15486 177 8888
18527 466 23329
14543 132 6635
17696 9 472
15416 85 4270
14998 17 859
15099 151 7583
18692 299 14987
14603 15 792
14464 124 6202
15902 214 10748
18218 219 10989
17367 18 941
17169 23 1188
16339 171 8554
13923 25 1264
17126 118 5904
15851 19 951
18502 11 569
15762 63 3160
13982 100 5044
14530 8 422
17996 103 5172
14366 31 1561
15166 247 12364
16929 134 6730
14363 34 1707
15486 320 16002
15952 132 6646
17090 64 3246
14535 109 5472
15106 240 12037
17033 70 3545
18713 4 215
13762 260 13048
18765 320 16042
15463 210 10547
16172 121 6095
16051 85 4262
14936 23 1175
18032 175 8798
18765 183 9189
14455 38 1907
14729 31 1560
16867 276 13827
16852 316 15830
14036 12 622
18282 94 4704
18040 43 2165
13913 199 9962
16271 48 2431
14912 38 1911
15103 12 620
16112 207 10388
14985 10 538
14582 1 65
14607 67 3358
18244 35 1774
15923 344 17224
14981 135 6796
18021 283 14193
13957 2 132
14619 151 7597
14729 133 6687
13762 27 1386
17791 48 2445
13970 5 255
17387 5 267
18673 159 7972
17514 86 4341
17840 284 14208
17169 347 17378
18685 238 11921
14541 167 8386
18286 58 2924
14209 79 3955
15416 122 6109
16877 32 1634
14105 32 1626
18701 21 1082
13936 23 1170
15397 219 10977
14981 63 3181
17691 55 2763
14955 90 4535
17307 31 1551
17522 15 800
18651 172 8633
18712 409 20494
17726 51 2568
18048 406 20348
17482 112 5613
17853 7 400
16506 124 6243
15183 9 480
17978 126 6343
17726 25 1284
16906 46 2337
17500 67 3385
15426 151 7552
15267 77 3862
17029 99 4970
14446 24 1208
15952 134 6704
17251 180 9036
16422 20 1029
16529 36 1841
17458 55 2787
15457 212 10636
17479 6 315
14357 5 289
14597 144 7235
14545 112 5628
15339 177 8899
15783 167 8382
15397 197 9880
14726 29 1487
18793 31 1600
14725 122 6134
16529 38 1905
16272 320 16049
18794 68 3450
14736 271 13569
18026 187 9359
18685 35 1781
14171 17 900
17246 2 122
14453 169 8467
14453 169 8467
14764 63 3160
13763 14 750
17004 9 475
16112 487 24355
16052 464 23206
15116 302 15131
14784 6 327
14152 47 2354
14551 50 2549
17053 26 1347
14592 49 2462
17755 14 737
15473 57 2881
18516 364 18240
14024 24 1235
13773 250 12543
18286 97 4868
16679 83 4186
13721 60 3028
14959 201 10075
18021 283 14156
18235 230 11525
17146 13 654
15473 57 2856
17667 246 12336
17840 132 6645
18782 72 3647
15766 15 797
13714 113 5666
15222 237 11875
15916 461 23083
16199 27 1370
18731 224 11225
17727 38 1950
14446 11 573
14553 190 9549
16158 108 5402
13907 16 837
18527 716 35850
17522 59 2962
18760 150 7503
16173 191 9593
14807 300 15022
14750 17 895
13779 87 4389
13708 2 118
18228 187 9380
18527 716 35803
18923 565 28282
14891 179 8984
18202 89 4459
18955 222 11105
17998 3 185
15634 126 6312
17955 206 10319
17210 66 3336
16150 209 10472
14981 9 471
17137 83 4169
17137 3 151
15252 20 1011
17255 24 1224
14592 69 3484
17243 84 4214
18021 370 18520
15697 29 1471
17596 6 314
14431 41 2094
17614 117 5872
14789 116 5819
14530 8 422
17983 27 1363
13965 34 1731
15246 126 6339
15774 343 17154
14914 250 12532
14123 114 5722
17497 160 8006
17204 108 5409
17684 127 6379
16826 193 9684
13921 47 2360
17630 23 1180
18872 1 92
14553 197 9894
16821 207 10396
14690 25 1267
17614 35 1753
17871 25 1252
16158 260 13023
18923 408 20425
14882 169 8468
14592 81 4062
15339 0 34
15592 96 4815
16852 148 7418
13913 55 2792
18242 15 775
18035 230 11501
14205 12 642
17137 215 10795
17874 3 197
16821 208 10433
18794 68 3433
18795 82 4101
15353 164 8243
18615 319 15957
15722 89 4460
14453 107 5381
15917 285 14255
14975 102 5141
16752 15 788
18516 372 18637
13762 260 13050
15174 58 2926
18959 17 892
15251 159 7968
13809 135 6759
14021 4 219
15166 149 7461
14124 155 7795
16875 22 1102
14468 119 5964
14063 92 4613
15004 1 77
14555 114 5736
18021 370 18542
16112 0 36
13709 18 923
17098 64 3227
18724 19 984
17030 44 2224
18229 1 60
16159 150 7516
16250 36 1828
16935 188 9430
13714 133 6685
14401 103 5172
17662 57 2865
13937 40 2015
15154 74 3705
18741 27 1397
18496 12 647
15900 143 7200
15128 145 7277
14372 248 12448
18615 231 11567
17144 14 725
17853 2 119
