17138 102 5106
16676 68 3406
13791 195 9751
18463 177 8888
17596 46 2310
18615 438 21945
17840 330 16531
15411 153 7690
13719 50 2505
14058 65 3273
18574 340 17017
16978 298 14919
15961 370 18539
16250 36 1828
18782 52 2618
13911 147 7399
17132 182 9147
17169 157 7883
17467 5 263
15250 73 3691
17169 322 16141
16444 83 4154
14535 156 7819
15851 53 2660
16529 33 1662
16159 150 7516
16504 149 7457
14873 291 14582
14549 217 10888
14375 138 6931
16679 83 4200
14998 67 3385
18054 447 22384
15873 256 12818
16169 333 16688
18265 208 10432
17667 85 4288
15017 87 4371
14157 60 3039
18955 222 11105
14038 64 3236
16340 416 20827
18765 104 5213
16150 92 4618
17696 53 2695
16877 16 802
14438 254 12714
16060 173 8676
15931 198 9944
17344 118 5927
18699 180 9016
15762 98 4924
17243 13 651
18795 82 4101
14246 116 5830
15291 38 1904
18514 105 5255
17662 64 3227
15111 57 2893
15851 19 995
15491 330 16546
16036 471 23578
14549 141 7053
16975 112 5647
15507 2 123
14067 192 9607
18760 150 7504
13714 113 5655
16433 39 1951
18218 160 8003
18712 409 20494
13865 113 5661
18482 25 1254
14009 90 4539
15966 369 18456
14981 63 3181
18010 225 11296
15154 74 3724
13767 11 596
18646 78 3944
13864 15 763
18244 143 7167
17307 4 209
17727 38 1950
15397 152 7627
16952 0 35
15593 178 8926
15766 15 775
17578 2 140
15859 180 9042
14756 63 3180
17726 51 2558
13929 10 508
14530 1 73
16540 15 789
15987 335 16785
17306 68 3432
17840 132 6645
18268 5 253
15478 157 7892
14569 159 7995
18282 94 4704
17479 7 361
15785 155 7776
13862 79 3975
15877 62 3128
14220 18 938
13861 28 1412
17661 50 2530
14021 4 219
17352 44 2249
16232 156 7825
17563 79 3964
15894 0 16
17686 274 13750
16446 192 9604
16446 192 9604
16348 98 4935
15800 206 10327
14549 106 5301
17986 186 9339
17630 23 1180
14582 60 3044
16948 103 5200
14726 94 4719
15900 143 7186
14788 49 2488
17615 4 218
14816 152 7611
14708 34 1715
15360 137 6898
18218 219 10989
15464 162 8111
16121 75 3781
14686 19 999
14965 141 7064
15466 256 12837
15828 367 18362
13807 208 10415
15238 175 8767
14891 10 515
17206 388 19450
15828 292 14603
17974 255 12761
18225 140 7049
14766 7 358
14458 69 3464
16960 47 2400
15961 188 9429
17726 83 4171
16205 104 5244
17186 2 119
15086 168 8436
15382 239 11974
15867 10 511
16759 7 397
17955 206 10319
14568 25 1287
14764 63 3172
18741 21 1073
17648 50 2549
18637 138 6924
15397 53 2678
15931 42 2138
17683 7 369
17965 255 12794
16109 148 7431
15486 177 8888
14558 55 2763
13803 195 9783
15774 249 12481
18034 136 6825
17987 76 3843
18021 507 25355
15931 521 26076
18021 514 25705
16894 5 286
17630 1 66
18760 191 9595
14212 184 9246
18235 230 11525
18218 185 9255
17985 229 11488
13942 75 3761
14611 182 9120
17314 66 3315
16172 121 6095
16159 158 7945
16849 95 4769
18282 94 4725
17739 19 966
17592 79 3993
17302 51 2565
14535 109 5472
15267 163 8196
18031 291 14597
15636 0 23
17087 45 2282
18263 126 6323
17326 81 4067
18765 183 9193
16172 85 4294
14372 63 3168
14897 153 7663
15395 29 1497
16121 31 1574
13791 54 2723
16867 163 8172
17965 265 13254
16226 18 939
13945 178 8901
13792 100 5023
14209 79 3955
14062 241 12052
15417 24 1244
16061 7 387
14080 205 10275
18044 230 11543
14977 15 789
14186 194 9726
18495 105 5256
15639 169 8492
15969 105 5288
15395 89 4461
15867 64 3235
13709 30 1548
14939 60 3013
16387 45 2275
18862 391 19582
17620 13 652
14939 67 3379
13791 201 10065
15398 357 17862
14063 92 4613
14107 89 4458
17698 6 336
17240 243 12169
13911 140 7025
17978 221 11070
17963 66 3319
16051 200 10019
17858 71 3557
16858 173 8695
14108 88 4426
14539 234 11702
16112 0 36
17847 277 13865
15507 4 206
15322 63 3189
15959 50 2521
16101 81 4073
18782 24 1236
17349 6 347
16221 28 1418
17166 7 355
17177 26 1306
17998 125 6271
15149 93 4697
15246 126 6341
17998 145 7287
15479 282 14147
14038 93 4678
18923 629 31460
15851 19 968
14062 54 2718
14877 232 11614
16281 74 3718
16424 135 6782
15339 126 6347
17034 221 11096
17164 112 5639
14725 64 3233
18048 320 16020
18924 103 5177
17560 49 2462
15846 112 5635
18765 320 16042
17769 26 1341
14874 178 8945
18228 182 9130
16271 8 412
14543 95 4754
16152 39 1957
17098 64 3225
15183 12 601
15103 106 5341
14739 5 292
17410 2 141
14372 138 6947
14067 192 9607
15923 451 22592
14127 182 9137
18202 89 4459
18958 10 516
17874 3 198
13708 55 2796
17100 67 3399
16529 38 1905
14431 41 2094
18733 43 2170
15593 178 8926
16199 126 6338
15128 177 8852
15411 119 6000
17791 48 2445
14392 238 11947
13864 89 4460
14607 47 2365
16776 222 11128
15395 95 4783
16843 299 14996
17352 44 2249
16994 37 1869
15682 99 4993
17383 398 19912
17965 15 751
15222 99 4976
15330 96 4825
18031 274 13726
18692 170 8533
16847 0 34
18510 256 12848
17271 66 3331
16962 191 9562
17239 187 9387
16676 260 13029
18794 162 8142
14553 294 14748
17078 101 5099
15382 78 3942
14801 240 12035
17578 11 579
17401 98 4942
17401 8 431
17246 7 399
16894 89 4478
14186 15 767
14626 143 7195
18054 436 21827
13911 140 7039
15859 109 5467
13715 53 2674
14007 84 4216
14306 198 9916
15517 71 3573
16221 4 201
16935 46 2313
18044 230 11511
14626 143 7166
15828 302 15114
17355 78 3918
16147 248 12404
18225 79 3994
16960 47 2400
17048 85 4271
17973 27 1365
14912 73 3694
15916 233 11658
15426 83 4151
13861 141 7088
15403 156 7802
17793 41 2088
14590 92 4617
17847 120 6032
14558 147 7396
16524 389 19498
17323 23 1199
17560 41 2081
17095 73 3658
18021 77 3856
16743 21 1053
18492 323 16177
17474 46 2335
15593 44 2243
17849 168 8425
18469 185 9290
17387 40 2046
16112 207 10388
14899 87 4351
17544 7 380
15894 67 3386
17663 21 1074
13861 125 6275
14789 70 3533
17560 41 2080
18034 86 4311
16422 23 1178
17853 186 9330
18795 111 5588
14998 17 859
15403 156 7802
16358 49 2497
16036 318 15910
17666 50 2523
18922 258 12930
14291 24 1201
17722 121 6094
18753 124 6224
18026 166 8335
17169 6 309
14597 70 3547
18657 37 1852
15339 177 8899
18924 4 201
16906 46 2328
18021 370 18542
18024 366 18343
13809 135 6759
14080 205 10287
18021 77 3851
15116 302 15131
18488 560 28039
16579 51 2598
14040 28 1427
13763 254 12701
17986 72 3617
15099 34 1704
18229 41 2068
14924 229 11461
14708 41 2097
16584 94 4709
14281 158 7902
17955 206 10319
17169 322 16141
17522 15 800
17671 320 16011
16172 224 11235
15291 204 10204
15183 40 2047
18659 109 5483
13935 227 11399
18010 225 11255
18651 14 707
13792 118 5915
14975 102 5141
15398 357 17867
13940 16 835
18225 449 22454
18645 68 3450
14062 263 13194
16028 460 23019
18955 117 5851
16513 15 795
13937 40 2015
14438 74 3716
17726 51 2568
16847 0 7
14818 97 4874
15517 24 1212
14124 108 5424
15257 170 8510
16845 117 5854
17686 28 1413
15353 170 8541
16271 48 2431
13862 164 8228
18021 422 21119
18910 157 7877
17206 332 16630
17973 36 1807
18923 304 15244
16101 0 50
15254 143 7166
17372 103 5152
14043 66 3340
17309 17 878
14401 103 5172
14026 98 4923
17255 43 2168
17307 4 208
14350 42 2149
17693 82 4125
16761 380 19004
13702 141 7083
18018 78 3902
16867 40 2018
13895 78 3938
14592 81 4085
17090 64 3246
16216 105 5251
15442 51 2567
17478 87 4382
18761 40 2037
16809 240 12038
17648 50 2549
14108 110 5515
18951 115 5770
13896 99 4958
18021 429 21489
14977 8 436
14431 47 2391
18031 262 13139
18039 110 5531
15128 229 11498
17637 73 3688
18933 332 16630
18044 230 11539
15291 266 13305
14122 36 1806
17162 177 8894
13929 0 28
15125 67 3362
13732 33 1671
16875 14 705
15061 122 6102
18021 283 14156
17592 93 4698
17727 38 1909
15931 521 26051
16540 19 960
14802 286 14340
14007 0 9
18760 224 11218
14205 12 642
15382 239 11974
14824 231 11557
16849 118 5932
14165 70 3505
17521 20 1027
15246 128 6446
15954 208 10412
18489 219 10983
17482 77 3894
16023 21 1094
18685 29 1456
17631 20 1021
14172 46 2310
14901 200 10039
16023 300 15033
17458 55 2787
18954 328 16431
17960 207 10385
15267 163 8199
18935 383 19168
15783 362 18108
17196 57 2899
16119 501 25055
16424 305 15286
17521 18 907
15730 0 11
14771 214 10721
15965 497 24868
18692 299 14974
17754 75 3777
17869 44 2244
14959 16 838
15098 39 1967
16422 20 1029
18495 82 4146
18233 73 3655
17648 12 630
18024 291 14574
15339 28 1433
17761 63 3199
15492 28 1429
15242 74 3713
18882 106 5340
15136 36 1837
14455 38 1907
16852 178 8930
18701 116 5834
17545 10 501
14401 226 11303
16852 311 15591
13937 58 2929
14067 100 5034
15098 79 3954
16752 17 884
17217 68 3433
17137 61 3058
14464 124 6202
17220 23 1199
17569 7 397
17990 64 3245
18286 78 3911
17521 37 1865
18773 12 601
18678 317 15895
15989 440 22004
18733 41 2052
17596 47 2371
14464 84 4219
18574 401 20078
18039 55 2800
15286 12 635
17987 76 3828
16112 20 1042
16107 86 4332
18765 183 9189
15106 208 10433
15799 193 9683
14183 25 1299
17555 1 51
18795 143 7194
13913 288 14435
17871 25 1252
17691 8 449
13770 16 839
17144 22 1133
17861 396 19806
13913 91 4562
17874 57 2863
15079 15 795
14451 15 799
14024 10 522
18733 25 1262
18678 302 15150
14874 239 11965
18959 17 867
15314 47 2367
18010 225 11255
18910 140 7035
16222 54 2722
15464 156 7804
17410 60 3035
13982 100 5044
14165 122 6135
14551 41 2097
17684 89 4498
14067 60 3029
14749 63 3197
17973 46 2320
15409 6 337
14882 143 7157
17849 2 142
15722 89 4460
14436 300 15049
14030 116 5812
16544 117 5856
15257 170 8531
14451 15 799
16962 191 9562
16906 32 1644
13708 85 4266
15701 332 16623
17472 17 896
14597 70 3547
14229 7 400
17615 4 218
15167 9 498
18794 60 3034
16169 362 18106
16778 73 3674
14569 77 3897
16821 207 10396
18040 43 2165
15106 240 12006
15254 143 7182
14882 169 8468
14772 142 7132
18673 47 2352
14007 121 6098
15478 52 2636
14553 294 14748
18495 102 5141
18935 391 19583
18488 536 26833
14543 103 5171
14409 155 7756
16188 159 7960
17213 83 4173
14891 46 2326
15409 6 337
16008 133 6679
16216 88 4421
14007 121 6068
14592 69 3484
18865 72 3629
14690 26 1326
15593 178 8918
17755 14 737
14409 155 7777
17726 74 3726
14186 15 779
18933 95 4788
16965 210 10503
15486 227 11386
17620 227 11371
17662 57 2889
14814 114 5702
14985 64 3222
18923 446 22316
16172 27 1367
14603 15 792
15282 56 2804
17521 34 1707
17195 196 9849
17011 199 9960
17137 146 7333
14768 115 5762
17204 43 2176
17087 359 17961
15469 281 14058
18218 300 15001
17307 17 896
18463 177 8875
17726 126 6350
14959 31 1580
16845 140 7006
14281 52 2618
15783 343 17167
15167 126 6331
18228 117 5852
13861 127 6385
13791 8 435
16172 465 23283
14580 143 7158
17986 186 9348
17851 34 1706
14801 150 7527
17985 203 10187
15397 197 9880
13714 72 3631
14551 204 10239
15391 201 10077
17206 388 19415
16852 94 4729
14592 69 3484
13805 282 14127
15877 58 2908
16094 534 26705
14467 293 14677
14059 84 4213
14375 133 6683
18713 7 371
17328 29 1484
17793 41 2088
14428 194 9713
15676 184 9236
17675 48 2410
15099 151 7583
17144 21 1085
17840 369 18480
15883 26 1325
15417 2 138
14597 33 1653
14080 140 7049
16200 75 3771
14335 160 8008
17125 21 1090
18225 561 28079
18733 47 2386
13715 92 4613
18021 373 18675
18933 66 3309
16802 234 11708
18761 9 487
14291 25 1268
16101 81 4073
14788 49 2476
17974 264 13232
17210 198 9942
16172 377 18856
17034 64 3203
15382 229 11464
15952 132 6646
18756 54 2708
15894 118 5904
13929 10 508
17869 42 2139
15486 8 421
15395 29 1497
17132 205 10258
14993 66 3308
14453 169 8467
15486 177 8888
16109 148 7414
15927 82 4124
17030 93 4674
14067 147 7389
17029 179 8999
14542 289 14461
13702 47 2367
14375 78 3943
14530 8 422
15682 106 5305
17500 60 3021
15851 92 4626
15409 6 337
16109 148 7414
17985 229 11488
15099 26 1331
14749 209 10466
15174 204 10202
17390 21 1095
13791 97 4896
16317 40 2005
18244 98 4934
16524 25 1276
18953 260 13003
17493 214 10704
17693 153 7667
13721 60 3028
18793 40 2015
17846 131 6560
14186 194 9745
15125 174 8736
16544 102 5118
14431 47 2366
15086 184 9239
17853 7 400
15456 184 9214
18659 109 5489
15427 8 426
14038 107 5396
18021 655 32791
18954 3 160
15976 72 3606
15397 152 7627
13762 86 4305
17695 1 91
14917 3 191
14350 2 103
15391 201 10077
14080 140 7049
14136 26 1317
15057 122 6132
17985 159 7974
17743 44 2224
14580 9 493
14771 34 1711
14560 0 21
16281 85 4270
17840 200 10035
18286 21 1086
18005 112 5637
18026 166 8335
13708 71 3584
15808 31 1561
17164 78 3923
17691 19 953
15111 71 3597
17210 230 11541
17701 55 2800
14756 107 5370
15430 57 2895
14673 57 2865
17349 104 5207
17352 290 14528
15167 9 498
17621 175 8796
14766 7 358
15155 34 1719
14024 24 1241
17217 106 5328
14350 32 1624
18514 68 3425
13895 41 2068
16292 76 3845
14873 249 12468
17132 225 11291
15463 246 12350
18054 339 16998
17316 41 2060
16021 302 15119
14537 117 5854
16752 10 501
16520 37 1864
18701 21 1082
16894 5 286
15463 210 10547
18676 493 24675
15291 125 6267
18760 150 7515
16894 224 11211
15174 53 2696
17087 45 2280
16122 452 22631
14392 96 4815
16023 454 22703
15457 194 9707
18731 109 5469
15004 1 77
14673 57 2879
14766 7 374
16205 314 15722
17561 3 183
14044 30 1541
14768 190 9529
15482 116 5831
17793 41 2064
15251 110 5504
15430 57 2895
18226 215 10793
16021 433 21671
18923 291 14562
13803 16 838
16199 27 1370
14136 26 1317
14632 102 5108
18631 54 2736
16221 1 64
14203 52 2609
16826 362 18103
17144 101 5099
14107 72 3619
13763 93 4674
16228 186 9302
17138 52 2603
15902 436 21828
15308 46 2322
15479 76 3842
17793 41 2088
16094 46 2330
14771 214 10721
14784 57 2860
17683 89 4483
15257 127 6389
18021 390 19514
15965 497 24868
15894 185 9260
14877 232 11626
15492 4 232
18244 362 18112
16122 108 5448
18218 62 3126
18495 157 7867
18665 240 12014
14807 239 11997
18021 188 9432
17055 18 924
17053 91 4556
16471 80 4044
17983 27 1363
15130 37 1879
18574 393 19654
17701 49 2462
18242 101 5083
13929 12 650
14030 104 5209
15592 96 4815
13799 40 2034
13991 33 1655
18218 300 15001
14063 92 4613
16529 33 1660
16529 33 1660
18753 138 6906
15593 167 8389
14259 120 6015
14917 3 158
15592 120 6040
17701 55 2773
15867 145 7265
17853 2 119
15806 14 720
13767 0 7
17271 93 4686
18931 50 2528
17078 65 3289
15862 287 14383
13721 25 1296
15806 121 6080
14736 256 12802
17246 2 122
13791 8 443
17521 50 2510
14639 39 1988
15701 255 12789
13767 91 4583
17524 54 2715
18910 132 6624
17325 5 260
15397 219 10969
16750 1 95
14438 178 8904
15106 17 872
16094 534 26705
17560 87 4378
17986 72 3604
14165 116 5829
17367 18 911
17684 75 3780
14062 5 271
15111 71 3568
14611 182 9124
15382 78 3942
18235 41 2075
14673 70 3506
14259 82 4103
14965 141 7066
14030 58 2921
16852 316 15830
18229 1 60
18676 493 24675
14291 138 6904
17528 18 920
18021 422 21124
13911 140 7025
14924 135 6787
16929 134 6730
17701 2 108
18753 49 2489
14059 84 4215
17302 64 3212
17978 126 6319
14088 48 2436
14421 11 571
13803 171 8579
17489 147 7356
17521 20 1027
18005 199 9982
18793 56 2839
16867 276 13827
15446 66 3302
14446 18 912
14335 226 11317
18935 71 3575
15382 78 3915
14468 26 1336
18615 117 5859
13913 55 2792
14981 173 8697
17367 61 3070
14431 62 3148
18935 167 8376
15901 183 9154
17865 55 2751
17692 190 9532
15395 87 4369
14392 88 4443
17514 3 169
18933 66 3309
14220 39 1961
14229 82 4115
14413 2 111
18010 232 11648
14784 9 488
18574 340 17024
18923 183 9180
13745 39 1967
18938 17 895
17683 89 4483
18242 178 8931
14159 214 10729
17592 93 4675
15098 47 2361
17566 42 2125
15517 46 2309
17407 141 7092
18040 69 3459
14458 25 1295
18733 41 2070
16094 464 23242
15386 96 4820
18244 144 7244
13715 92 4601
15715 34 1746
17479 21 1091
18021 260 13001
14686 61 3061
18753 124 6224
14438 178 8904
16307 49 2479
14597 27 1368
18773 28 1407
18463 177 8888
16109 49 2471
17667 71 3598
16776 222 11124
18794 52 2649
14592 57 2880
13937 40 2047
17220 23 1199
17521 84 4206
14981 117 5863
15969 105 5288
16172 105 5290
17684 127 6379
13895 62 3128
14306 145 7296
13897 32 1617
13803 195 9793
17731 20 1008
18245 199 9975
14372 13 663
13937 40 2015
16109 148 7431
18954 115 5758
17569 18 940
18631 62 3102
14129 44 2212
14327 26 1337
16317 67 3369
15882 198 9914
14802 70 3539
17410 60 3035
13773 53 2668
14899 73 3669
17354 20 1038
15504 85 4288
16826 362 18103
14467 162 8149
17830 25 1296
18218 300 15029
14122 45 2296
18924 4 247
14413 2 111
17087 316 15811
17869 92 4638
15409 52 2636
14428 188 9432
14306 145 7267
15339 180 9006
14080 140 7049
14171 51 2560
14375 224 11234
18615 231 11567
18057 137 6877
17637 16 811
17137 16 818
17691 55 2763
16107 33 1695
18035 41 2073
14293 252 12627
16965 123 6184
17684 44 2222
14550 301 15100
18244 30 1517
13803 16 838
15478 132 6617
14784 69 3474
14725 122 6134
17111 105 5275
13732 99 4961
15959 78 3947
18612 93 4670
14562 59 2991
14550 288 14424
13708 71 3555
15395 95 4783
16821 243 12193
15398 228 11425
15762 100 5005
15987 258 12940
17763 12 630
14319 18 934
15403 149 7471
14038 37 1872
15111 289 14466
18865 34 1744
17369 24 1245
14699 11 567
17338 56 2824
14350 32 1636
17974 165 8267
14541 167 8386
16731 459 22995
18915 331 16583
18514 105 5276
18218 111 5565
18717 39 1981
16753 112 5611
13862 153 7652
15440 44 2239
15715 221 11079
15125 134 6725
18039 12 639
14124 203 10178
16894 134 6727
17240 22 1121
15836 35 1794
18007 76 3801
16013 20 1011
18794 113 5651
17620 69 3474
15477 7 373
18794 85 4256
18685 182 9105
16243 174 8741
13895 42 2127
15478 358 17930
18794 85 4256
14617 32 1624
17678 6 340
14874 160 8016
17195 209 10497
18923 565 28282
13791 244 12245
17662 129 6495
18773 30 1506
17196 56 2841
13807 98 4916
15345 148 7434
17701 2 108
17874 3 197
14220 45 2288
15473 57 2881
15397 219 10977
18218 160 8003
16778 113 5673
14030 50 2509
17514 86 4341
14583 5 260
15479 75 3755
17243 78 3907
15961 71 3562
18764 42 2115
14959 277 13874
13895 42 2124
14729 89 4451
16947 129 6469
13707 5 268
18228 125 6292
14464 84 4219
18927 61 3094
14038 39 1977
14677 29 1499
16679 64 3240
15433 170 8506
15989 307 15361
14401 91 4554
15888 24 1219
17095 130 6515
15382 184 9233
18646 48 2444
17089 104 5238
16986 14 708
15116 281 14055
17011 199 9969
17985 229 11488
17057 76 3821
17596 33 1686
17451 23 1153
17630 161 8072
14801 30 1513
14789 70 3533
18039 55 2800
15828 443 22172
17169 347 17378
18225 492 24613
14766 22 1148
15792 222 11148
18574 401 20078
14617 32 1633
17972 39 1951
16199 27 1370
13923 25 1264
18272 29 1477
18026 166 8335
17169 23 1188
13950 180 9029
18031 291 14560
15099 151 7583
15785 256 12827
14093 182 9122
14117 12 644
15267 77 3862
16060 102 5133
16158 345 17294
16949 437 21870
14975 78 3903
16962 101 5087
16158 32 1619
17514 54 2739
18044 329 16458
14418 139 6967
16891 10 549
14436 215 10788
18926 106 5338
14956 309 15457
16726 85 4270
17451 311 15578
18018 43 2160
18040 43 2165
14122 45 2281
14453 107 5381
16205 298 14913
17955 206 10319
17987 18 941
15415 225 11269
13805 282 14127
14063 231 11569
16875 22 1102
17344 118 5913
15417 2 114
18923 408 20441
18927 53 2668
14736 268 13422
14009 63 3197
17691 19 953
17615 4 218
14007 126 6340
17243 84 4214
15900 196 9837
14067 161 8094
15894 118 5904
14068 68 3407
15017 122 6128
18922 196 9843
14907 181 9080
17648 13 693
15128 229 11487
13792 65 3284
15017 116 5837
16158 66 3307
14464 66 3325
15954 208 10415
17387 40 2002
17724 53 2656
14108 121 6076
17667 246 12336
15976 72 3606
14080 181 9051
17004 240 12001
14096 91 4580
14882 137 6883
15960 300 15015
15099 118 5948
17055 18 924
14882 92 4634
17055 18 936
16266 199 9973
14882 143 7157
13991 46 2305
13708 2 118
15315 30 1549
13913 91 4572
17217 70 3504
14750 17 895
18238 255 12763
16356 17 862
16466 56 2849
14924 93 4652
18760 191 9586
17594 72 3624
14543 103 5179
13780 143 7190
16825 99 4977
16051 85 4262
16994 37 1883
13714 40 2013
18527 674 33741
18764 42 2137
14357 5 289
18724 33 1677
16199 444 22210
17144 118 5918
15386 96 4820
18741 27 1397
17108 32 1649
15061 71 3565
15828 319 15960
14603 88 4419
15639 176 8820
18228 189 9475
14468 119 5964
18910 77 3874
16158 211 10594
17661 29 1458
13709 18 912
15593 97 4863
14350 9 496
14310 0 3
15416 77 3894
17630 122 6148
17541 18 945
17422 0 16
18510 339 16985
14108 112 5625
17307 126 6321
13799 30 1520
17367 42 2150
14784 6 327
15274 35 1789
18218 341 17089
15946 534 26704
15125 174 8736
17312 186 9324
14549 217 10872
17316 115 5753
17522 59 2962
15762 296 14813
18034 86 4311
16853 0 21
16134 375 18795
17479 6 315
18488 559 27979
16852 316 15830
14582 1 86
16867 100 5017
15828 302 15114
13714 50 2528
17661 29 1478
18261 4 245
15766 36 1815
18603 170 8521
18603 170 8534
16741 82 4150
16158 53 2676
16978 298 14902
16826 193 9684
17563 79 3964
16158 260 13023
18026 105 5277
15391 285 14298
15697 29 1492
15846 167 8366
14335 232 11609
13913 66 3342
16159 158 7945
17169 23 1188
16726 143 7176
18244 35 1774
17030 93 4674
17036 433 21699
17087 4 229
18235 30 1509
18741 27 1397
15970 93 4665
16891 131 6565
14550 300 15004
17034 64 3203
15590 71 3584
18713 4 215
18034 62 3116
18218 62 3144
17493 95 4794
14882 96 4824
15426 151 7552
18928 157 7852
17210 66 3336
14814 175 8764
14079 166 8333
16741 40 2005
14530 8 446
15915 129 6490
17435 16 805
15154 74 3719
18469 139 6981
18923 162 8134
13874 11 579
16222 157 7861
13707 126 6327
18235 247 12367
15527 3 194
16499 225 11258
18032 186 9323
18685 35 1781
17648 13 693
18021 438 21935
16826 193 9684
15350 197 9881
14555 141 7051
18024 291 14557
14760 149 7451
17985 159 7973
16122 161 8063
15491 86 4320
14768 6 304
14549 83 4200
14464 237 11859
13861 148 7440
14569 77 3886
18732 16 840
16158 108 5417
14455 38 1907
17033 70 3545
13773 252 12648
16199 27 1370
18713 14 747
17761 63 3196
16874 443 22196
16889 250 12543
17371 269 13495
16315 59 2969
16852 178 8905
17169 383 19157
17164 112 5639
17972 127 6396
15116 282 14141
14592 81 4062
16551 328 16431
17131 192 9602
14924 158 7918
15479 354 17728
16119 273 13676
13762 64 3229
15274 35 1762
14611 222 11126
17089 33 1699
14458 84 4213
16906 46 2337
17996 103 5172
14550 10 532
14597 144 7226
13773 53 2668
16286 89 4469
14000 57 2857
15970 334 16728
18235 156 7827
17726 131 6564
18005 112 5637
18062 234 11702
15222 99 4975
17701 55 2773
13702 58 2937
15862 287 14383
13799 42 2111
15398 372 18628
17973 46 2336
18026 166 8335
17560 49 2462
17475 164 8240
13862 104 5218
16524 389 19498
14592 81 4061
14749 223 11164
16994 169 8491
13799 30 1520
15079 15 795
14902 135 6765
14555 141 7051
16735 59 2991
13962 13 661
17004 9 475
14814 114 5702
14874 133 6691
15116 117 5899
18714 165 8281
16759 7 385
14392 238 11947
16726 85 4270
15301 117 5862
18724 33 1697
14026 109 5473
14551 50 2549
18918 142 7135
18052 49 2465
18795 1 73
14184 34 1720
17955 68 3419
15640 6 328
15428 62 3113
18731 224 11227
16028 226 11345
13993 79 3970
18527 674 33741
18782 72 3647
14553 197 9894
16849 118 5932
18923 243 12185
16222 12 625
17521 84 4211
15322 149 7475
14229 61 3080
18515 57 2874
17239 266 13322
16169 113 5674
15395 29 1492
14423 19 967
17206 486 24319
14401 99 4959
18574 401 20078
14186 15 779
14446 15 766
14985 64 3211
14377 130 6547
17684 44 2228
15507 5 300
14641 193 9679
17126 7 370
16889 250 12543
13732 103 5192
13791 122 6124
17978 119 5961
15960 241 12059
16006 476 23804
14043 57 2858
18244 353 17657
15149 22 1132
13791 148 7430
17323 27 1381
16852 311 15591
17671 410 20513
18048 186 9335
15353 164 8243
17387 10 514
14344 14 736
15916 290 14529
17314 66 3341
15234 101 5075
15128 145 7277
16150 209 10472
15783 233 11683
16874 403 20189
18265 160 8005
18731 224 11225
16965 123 6184
14446 24 1208
16776 222 11128
15411 151 7597
17726 25 1284
17648 10 512
14080 205 10277
17960 207 10385
17666 212 10633
14690 17 883
16551 328 16413
13807 25 1275
18218 147 7391
15592 8 407
18733 41 2070
15792 222 11148
15923 248 12427
14739 5 292
17615 6 306
15339 180 9021
15234 174 8722
17387 38 1910
15867 111 5555
18935 257 12862
15179 22 1102
16119 186 9314
18935 31 1583
13982 109 5499
18793 31 1576
18527 716 35803
17111 212 10616
14562 71 3565
18631 54 2741
14736 256 12802
18794 68 3433
18685 238 11921
15479 33 1699
15161 186 9317
13736 51 2597
16471 46 2314
17091 64 3242
15411 241 12087
16094 242 12107
16109 148 7414
15160 258 12922
17302 46 2313
13982 34 1710
13897 39 1987
18034 62 3102
13913 91 4572
18026 180 9033
16228 203 10167
15415 226 11302
14543 221 11075
18882 143 7154
15251 159 7968
18021 77 3899
17055 295 14781
15900 138 6912
15771 58 2919
16506 124 6243
16726 16 821
13864 55 2781
16150 92 4618
14631 27 1362
15335 125 6270
18469 145 7285
17686 274 13750
18933 95 4788
17043 98 4902
14539 234 11712
18732 26 1322
17611 105 5269
18506 79 3991
18286 58 2924
16524 383 19166
17373 136 6818
16544 117 5896
16847 4 203
16825 99 4977
15179 22 1102
13770 2 110
18574 393 19654
15166 70 3531
13950 21 1083
16853 63 3171
15469 32 1646
17566 160 8035
14205 12 642
14726 94 4714
16168 42 2114
17328 29 1451
18265 149 7459
18935 174 8724
18922 574 28707
14673 16 841
18235 236 11827
14603 15 792
16891 154 7712
16466 88 4401
17500 67 3385
14375 133 6695
16753 112 5618
17467 60 3023
15396 145 7295
17972 157 7854
17383 115 5787
13921 47 2360
17196 55 2782
14000 54 2719
18024 366 18343
15291 232 11620
17724 14 720
14212 184 9234
17479 26 1311
14998 188 9430
14146 12 633
15800 262 13146
15592 59 2997
14122 45 2281
18765 183 9192
17132 91 4584
17596 47 2371
14582 1 70
18779 86 4345
15766 37 1871
16741 347 17355
13921 61 3078
18795 235 11792
17965 265 13254
14068 224 11247
15709 25 1298
16250 17 898
14438 22 1123
16778 73 3674
17985 338 16945
16307 49 2451
16021 478 23943
18701 21 1068
17661 46 2344
17851 173 8685
17208 159 7991
16159 158 7945
17955 49 2461
18679 105 5276
16173 201 10093
14801 39 1976
17990 444 22220
18032 270 13504
17034 221 11096
14901 7 396
15457 194 9745
15257 127 6389
15469 291 14589
16446 282 14121
13913 66 3323
14580 23 1180
14186 75 3764
18021 260 13030
17975 52 2622
18913 38 1928
18527 716 35850
17726 74 3726
17739 19 966
15116 282 14141
16339 159 7962
17098 64 3206
14453 139 6969
18733 7 355
14080 205 10262
17544 8 433
16169 100 5011
18615 438 21945
16101 44 2227
13732 99 4961
17500 18 918
14582 1 65
13803 16 838
18044 452 22615
18697 238 11923
17724 34 1739
13791 108 5423
18577 291 14576
14901 7 396
14912 38 1911
18225 24 1208
14159 183 9176
17108 25 1259
14067 57 2889
17865 22 1101
14956 60 3001
14959 269 13468
14080 240 12026
17251 180 9036
17349 19 990
16028 421 21100
16875 22 1102
17793 41 2064
17226 34 1715
14191 209 10464
13865 89 4494
14040 101 5062
16317 40 2005
17131 2 143
17972 39 1959
15415 245 12284
15652 20 1019
15478 358 17930
18959 39 1985
17853 2 119
16119 273 13676
15715 192 9620
18488 314 15706
16169 301 15075
18779 69 3484
15360 23 1181
17132 205 10267
17521 20 1027
17696 53 2695
17666 212 10633
14030 58 2921
17853 2 119
15339 0 34
17144 22 1115
14743 187 9364
16891 131 6594
16112 20 1042
14259 9 474
13773 69 3476
17528 24 1227
18692 299 14987
14171 17 900
16104 55 2773
14342 288 14434
17302 78 3918
15915 180 9018
15061 181 9069
16119 13 697
15715 197 9857
14362 75 3786
16889 48 2401
16422 20 1045
16845 113 5675
16491 14 722
14555 114 5736
15420 7 359
17661 50 2530
16750 92 4638
17840 284 14208
16920 9 467
18765 60 3006
14784 39 1954
18910 114 5744
14105 124 6220
14690 21 1096
14310 1 57
14729 115 5752
16875 22 1102
16168 42 2114
17506 69 3498
17367 90 4540
17522 59 2962
14007 121 6098
17763 12 637
17004 229 11478
14686 79 3998
15103 12 620
18931 90 4510
14343 37 1887
17684 150 7516
16339 207 10379
13862 79 3987
15396 38 1948
16357 50 2508
14739 5 292
15410 77 3872
18527 279 13997
14220 39 1962
18953 116 5827
14186 15 779
16946 130 6508
15386 23 1184
16119 463 23166
14123 114 5705
18021 454 22711
15412 282 14133
13805 273 13656
14399 47 2398
14899 285 14280
14282 2 147
17524 126 6312
17323 27 1378
14877 173 8685
13729 80 4045
15877 26 1313
15115 126 6330
15923 497 24871
15762 253 12657
17865 96 4808
14619 151 7597
15785 155 7780
18021 386 19342
14597 65 3263
14959 16 838
18935 391 19583
17869 44 2244
16852 316 15830
14956 240 12049
18010 225 11255
13762 260 13048
18927 20 1018
15592 8 407
16726 187 9375
18510 339 16976
16540 15 760
13945 285 14264
18469 44 2226
16389 64 3250
17231 90 4509
15794 119 5971
18733 25 1262
15916 207 10366
17783 66 3339
15125 174 8722
13878 33 1659
16094 244 12224
16158 260 13023
17658 73 3693
18244 307 15367
16172 462 23122
17851 128 6411
17407 105 5279
16588 195 9778
14936 32 1604
17978 126 6319
15783 213 10695
14063 245 12264
14559 282 14105
17169 67 3357
16935 364 18243
14912 134 6731
17195 32 1616
16978 298 14902
15174 105 5271
15350 138 6903
15931 0 10
14985 30 1536
13763 247 12396
18637 138 6907
15806 121 6055
16877 16 827
15931 14 743
18733 41 2070
15774 490 24524
17840 242 12110
15923 48 2405
17240 512 25612
18903 356 17811
14749 191 9597
17524 79 3993
18953 260 13003
18062 241 12096
15099 35 1754
18032 261 13065
16579 76 3811
13762 27 1386
16101 102 5129
18678 226 11338
17503 128 6414
17098 64 3206
17978 193 9696
18218 219 10977
18760 317 15862
17087 45 2280
15486 320 16002
14220 39 1962
15116 282 14141
15386 23 1184
15086 30 1505
15106 240 12006
13721 60 3006
17271 12 614
17257 15 768
15017 5 257
18010 225 11255
15466 256 12808
15491 270 13510
16060 173 8676
18935 95 4799
16852 70 3523
14912 148 7402
16228 219 10978
15101 76 3822
14582 60 3031
14784 57 2860
13732 128 6414
15397 226 11350
18482 21 1051
15966 347 17363
15955 39 1987
17497 197 9868
14067 57 2885
