6359 9 460
6992 11 588
7001 1134 56744
7026 133 6651
7049 614 30718
7049 1161 58069
5216 22 1104
6503 58 2913
7008 146 7330
6951 24 1219
7020 1929 96473
6882 154 7725
7003 80 4041
7023 50 2506
7008 833 41670
7018 41 2060
7017 775 38785
7010 513 25692
6918 33 1698
7012 1186 59332
7055 739 36982
7054 1177 58883
5541 49 2464
7010 1447 72392
7003 119 5953
7003 1437 71854
6912 228 11419
7049 1627 81388
7021 557 27870
6795 7 363
7012 1485 74292
7020 1349 67451
7049 1927 96372
7055 230 11528
7003 1044 52242
5547 72 3649
6199 75 3796
7020 1797 89879
6589 113 5653
5497 101 5057
7026 448 22449
7006 471 23566
7025 435 21762
7006 440 22028
7020 199 9963
6829 129 6465
7012 1290 64524
7003 228 11423
7014 326 16314
7014 1411 70574
6689 36 1811
7020 1824 91240
6952 158 7940
7001 700 35047
6572 167 8358
7021 579 29000
7025 609 30477
7012 19 982
7003 1449 72498
7054 1455 72799
7434 139 6985
7014 653 32689
7046 102 5134
7018 570 28510
7054 320 16011
7010 727 36366
7049 807 40393
7017 827 41355
7020 927 46367
7054 1944 97230
7020 1612 80649
6650 17 867
7013 224 11221
7049 988 49449
7014 34 1745
7003 1317 65873
5195 29 1472
7017 1119 55951
7010 651 32600
7004 184 9250
7017 824 41206
7023 1934 96748
7014 429 21492
7017 440 22020
7049 732 36611
6616 28 1425
7054 1888 94415
7006 324 16235
7003 643 32166
7020 1725 86281
7023 50 2506
7026 176 8819
6366 17 855
7004 1624 81205
6573 27 1365
5396 60 3035
7012 1659 82973
7006 588 29438
7055 406 20302
5624 21 1055
7008 144 7224
6687 194 9739
7055 629 31492
6785 21 1064
5042 42 2107
6975 57 2860
7017 1591 79565
7054 1480 74050
7017 474 23716
7023 1671 83572
7504 15 775
7010 220 11024
7017 994 49731
7054 1888 94406
6951 23 1190
7010 1421 71056
7003 123 6168
7017 656 32810
7054 166 8340
6696 5 282
7017 939 46961
7026 108 5429
7012 1730 86504
7004 206 10322
7046 18 948
7010 84 4238
7017 828 41401
5487 51 2562
7020 1852 92645
7049 700 35049
7012 1726 86320
5564 189 9485
7021 32 1626
5339 94 4731
7006 85 4296
7017 1119 55983
6589 110 5525
7054 1009 50492
6170 33 1665
7012 1065 53282
7003 1304 65222
6952 101 5061
7026 381 19070
7001 866 43326
7006 558 27936
7025 385 19264
7018 178 8948
7048 81 4056
7023 50 2542
7145 8 439
7017 875 43791
7026 518 25949
7026 52 2607
7012 713 35666
5093 169 8495
7049 1627 81391
7008 280 14027
7003 31 1577
5906 122 6145
6697 104 5201
7001 376 18840
7008 146 7327
7003 1734 86728
6683 11 571
7021 782 39121
6829 123 6158
7019 219 10959
7020 1852 92603
6334 10 545
7048 125 6280
6751 32 1633
5891 141 7095
7010 1549 77492
5077 20 1042
7017 656 32840
5977 199 9957
7020 207 10369
7012 529 26473
6663 21 1074
7014 1260 63012
7004 1138 56913
6354 138 6938
5557 99 4971
7010 1556 77805
7022 126 6345
7054 1728 86432
7003 1433 71667
6697 94 4711
7049 696 34822
6918 64 3214
6300 122 6104
7013 238 11937
7010 1366 68339
6918 37 1886
7017 299 14988
7017 359 17966
7049 700 35044
7054 1290 64532
7049 1672 83604
7018 602 30128
7023 362 18142
6936 160 8039
7055 457 22891
6446 127 6400
6572 175 8800
7001 1101 55083
6211 69 3457
7025 272 13647
7004 1319 65967
7001 1080 54030
7023 510 25524
7049 1927 96370
7049 46 2303
7003 456 22838
7006 337 16866
7055 406 20317
6683 11 571
7006 337 16856
7008 102 5114
5154 124 6247
7055 543 27179
5557 20 1003
7018 776 38814
7004 1340 67013
7017 1133 56665
7012 1126 56321
7010 1562 78108
6359 3 199
7019 213 10680
7019 479 23957
5229 4 221
4957 148 7420
7008 146 7330
6664 182 9129
7388 17 870
7054 1157 57860
7026 634 31723
7054 875 43781
7017 1637 81874
5608 2 101
7017 955 47787
7019 466 23317
7046 102 5142
7006 440 22039
7003 1437 71900
7019 213 10656
6616 26 1325
6206 43 2165
7020 43 2168
7010 1447 72380
7049 46 2303
7013 187 9385
7013 40 2026
7008 994 49737
7008 1110 55547
6992 12 624
7001 819 40978
7645 138 6911
7021 466 23304
6527 104 5230
7008 1464 73210
7003 232 11647
6035 3 175
5452 44 2216
6954 6 346
6206 47 2396
7017 1332 66643
7001 418 20922
7003 932 46608
7004 1138 56913
7055 230 11509
7372 75 3770
6991 73 3697
7020 346 17326
7020 1580 79026
7004 1622 81107
5331 137 6856
7006 471 23581
7023 1378 68921
7026 108 5434
7008 583 29180
7023 487 24381
5331 136 6830
7022 126 6327
7017 79 3984
7026 176 8821
7055 490 24525
6440 56 2824
5013 5 299
7017 665 33289
7023 1795 89777
7020 417 20896
7018 743 37170
7048 38 1941
6589 106 5323
7020 1580 79006
5013 5 299
7046 35 1789
6628 42 2104
7055 174 8739
6080 89 4498
7054 1480 74041
7049 154 7743
7017 14 706
6749 44 2230
7016 211 10551
6912 193 9661
7054 348 17447
6960 166 8348
6916 123 6178
6036 54 2712
6934 16 819
7049 822 41113
7049 1055 52792
7019 479 23982
7004 1340 67018
5586 84 4207
7003 1437 71881
7055 406 20304
7010 89 4478
7001 26 1327
7020 1349 67451
7054 791 39593
6960 169 8462
6689 29 1467
6829 128 6438
6483 6 316
7001 511 25584
7010 1366 68304
7017 419 20955
7054 320 16048
6407 95 4799
7021 32 1625
7010 1366 68343
7003 1339 66963
6812 1 64
7014 515 25765
6090 39 1971
7003 551 27578
7021 692 34618
7026 381 19065
7010 1421 71094
7001 144 7229
7010 651 32556
7010 1556 77825
7017 419 20955
5136 61 3053
7018 399 19968
5339 96 4811
7017 474 23704
7008 924 46235
7054 1009 50470
7021 404 20204
7017 362 18125
7049 1161 58068
7017 1723 86198
7017 875 43781
7003 123 6175
7007 22 1136
7010 48 2425
7018 743 37190
6827 106 5344
7046 35 1792
6211 206 10349
7021 557 27864
5093 161 8091
7003 1050 52543
7008 746 37322
7021 513 25668
6359 6 321
5586 90 4534
7049 696 34822
5013 20 1003
7026 774 38741
7054 1944 97249
6956 193 9677
7049 1750 87538
6334 3 166
7012 781 39062
6991 69 3458
7010 651 32556
7049 1967 98391
7054 791 39597
7010 1562 78140
6211 71 3581
7020 1612 80631
7003 1339 66972
7003 1044 52237
7012 990 49518
7003 262 13144
7008 72 3609
7054 1250 62543
7021 773 38673
7004 347 17378
6653 125 6295
7018 147 7386
7003 188 9413
6420 42 2117
7010 52 2626
6614 157 7876
6528 13 655
7048 99 4979
7017 828 41424
7013 205 10270
6954 6 346
7012 708 35448
6050 7 375
7003 400 20019
5155 89 4500
7048 38 1944
6620 149 7453
7017 877 43853
7049 931 46559
7054 1455 72799
7013 238 11929
7017 827 41387
7023 804 40225
7054 320 16019
7008 885 44253
7017 1119 55955
7049 732 36644
6930 21 1088
7010 1545 77283
7004 1622 81147
7049 822 41122
7025 609 30457
7004 667 33357
7017 827 41372
7004 901 45081
7054 912 45634
7026 700 35044
7004 1660 83008
5078 7 358
7001 566 28311
7010 1562 78141
7049 46 2340
6981 128 6410
7055 43 2196
7049 931 46559
7055 230 11517
5339 47 2368
7014 429 21498
7010 1485 74263
6992 10 514
7008 777 38885
7020 1580 79030
6635 1 96
7012 892 44628
7008 226 11306
7008 1464 73233
7020 331 16568
7004 1275 63770
7013 40 2009
7055 684 34205
7003 1437 71893
7021 748 37436
7025 295 14777
7018 570 28505
7023 805 40257
5151 177 8859
5564 192 9637
6420 43 2158
7003 775 38774
7026 634 31730
7017 1748 87412
7021 750 37515
7003 123 6184
7017 1332 66643
7023 50 2512
7020 1117 55878
6837 8 418
7003 411 20592
7049 399 19980
7023 1675 83791
7026 176 8828
7054 875 43765
6366 82 4140
7013 238 11919
7049 154 7732
7049 696 34837
6616 25 1287
7014 1346 67342
6664 118 5923
7054 320 16004
7008 633 31683
7026 381 19065
7008 102 5116
6951 28 1403
7016 165 8294
7049 2015 100775
6632 55 2780
7026 448 22418
7003 363 18200
7055 174 8713
7020 972 48622
6930 13 668
7012 892 44623
6756 42 2139
7054 1273 63700
7012 781 39100
5204 158 7901
7049 696 34806
7006 440 22042
4998 132 6637
7001 480 24021
6756 47 2357
7001 511 25561
7018 570 28522
7012 324 16231
7021 348 17434
7004 1605 80291
7003 1449 72500
7018 863 43173
6211 70 3543
6837 7 383
6765 212 10624
6090 74 3739
7021 456 22809
7004 1023 51160
7017 877 43891
7017 47 2399
7017 827 41355
6401 13 695
7026 140 7035
7021 773 38698
7023 1378 68907
7017 440 22033
6979 27 1369
7021 348 17434
7003 1032 51620
6589 109 5462
7010 1447 72376
6663 20 1034
7017 675 33759
7012 324 16239
7020 1824 91231
7014 662 33111
6756 153 7675
7022 126 6306
7408 121 6071
7003 932 46605
7010 19 978
7020 1903 95192
7020 312 15637
7017 1004 50212
7003 1375 68755
7010 84 4212
7003 643 32161
7019 286 14330
7004 118 5916
7054 944 47206
7014 429 21498
7003 43 2183
7021 782 39108
7019 578 28936
7014 326 16344
7019 580 29007
7019 91 4560
7014 1400 70009
6548 0 39
7010 1562 78141
7020 312 15618
7055 739 36976
7021 466 23314
7026 52 2607
7049 679 33954
7004 654 32701
7008 746 37318
7014 34 1718
7019 466 23308
7014 1411 70595
5036 21 1086
7049 1967 98392
6936 157 7861
5169 37 1869
5459 5 288
6991 66 3301
7001 566 28307
7003 1304 65241
6779 28 1413
6827 109 5452
6936 159 7964
7026 52 2607
6749 44 2234
7049 988 49447
7018 481 24088
6663 41 2082
5331 136 6827
7417 27 1391
6991 71 3598
7016 41 2068
7008 1078 53932
7051 67 3371
7008 746 37322
7054 1441 72077
7014 150 7527
6036 30 1529
7003 336 16806
7006 85 4296
7017 1458 72922
6975 58 2926
7020 1762 88133
7008 885 44253
5093 170 8516
7014 1270 63537
7017 955 47782
7014 990 49542
7010 1556 77848
7008 133 6697
7003 1413 70663
7001 732 36621
5497 102 5139
7004 1435 71784
7010 441 22056
7003 31 1588
7004 514 25730
7003 1449 72474
7014 205 10282
7054 875 43759
6503 62 3140
7054 400 20003
5380 0 50
7017 665 33265
7026 634 31712
7006 85 4296
5516 25 1279
7017 469 23453
6951 24 1219
7018 631 31563
7008 146 7313
7017 1119 55973
7020 1852 92621
7020 842 42147
7021 579 28972
5000 37 1887
6663 24 1211
7017 955 47756
6956 197 9861
7001 977 48863
7054 1944 97220
7014 867 43377
6923 36 1830
7023 510 25504
6366 79 3954
7004 1208 60434
6632 33 1657
7054 1728 86423
7047 110 5549
7003 400 20043
7014 10 523
7003 1317 65897
7019 219 10959
7003 119 5988
7021 378 18912
7003 456 22841
7023 1068 53436
7049 1672 83604
7018 863 43158
7020 1669 83495
7010 610 30513
7018 178 8920
5498 1 62
7054 1159 57992
7010 1562 78133
7049 1303 65196
7012 708 35411
7014 1270 63545
7017 824 41224
7023 204 10220
6378 2 128
7023 1378 68913
6632 55 2780
7021 748 37419
7012 1730 86524
7021 593 29652
5380 5 269
7001 264 13207
5996 27 1369
6340 176 8809
5977 201 10095
7055 684 34205
6837 1 95
7023 50 2506
7006 486 24334
7020 43 2161
7010 651 32561
6420 43 2189
7012 1479 73967
7049 679 33993
5204 158 7901
7026 176 8844
6572 57 2861
7054 1157 57860
6663 17 861
7051 67 3365
7008 144 7229
7003 1387 69385
6321 71 3574
5216 52 2603
5036 25 1287
6663 41 2097
7004 1624 81208
6632 33 1657
6106 49 2456
7145 8 439
6968 2 120
6036 32 1613
7054 537 26897
7504 16 812
6043 173 8662
7020 331 16558
7008 72 3627
5448 13 687
7055 490 24537
7054 1159 57961
5106 181 9082
7049 1744 87213
7017 828 41424
6975 57 2860
7021 557 27870
7054 1710 85508
7054 537 26892
7055 684 34233
7003 1032 51626
7017 1591 79592
6503 60 3049
7003 456 22838
7019 479 23972
6334 4 204
7049 732 36629
6423 74 3704
6827 109 5452
7001 153 7659
7025 435 21762
7008 777 38889
6507 47 2370
6090 43 2186
7504 16 812
7010 48 2418
6696 9 486
7054 1888 94440
7016 23 1158
7023 362 18120
7025 435 21763
7010 166 8347
7026 728 36435
5077 15 776
7054 537 26881
7001 210 10516
6527 112 5624
7006 337 16881
7012 1275 63792
6689 36 1811
7021 761 38062
7003 875 43770
7006 85 4256
7019 578 28945
7047 110 5530
7012 1275 63793
5401 33 1652
7012 1054 52715
7010 1343 67155
5380 2 126
7014 763 38168
6782 0 30
7001 1144 57247
7014 367 18398
7023 337 16900
7023 1221 61085
7010 1421 71090
7004 1525 76263
7026 654 32735
5154 68 3402
7012 1061 53058
7103 13 662
7023 300 15001
6078 9 474
7025 435 21762
6303 125 6281
7049 1934 96741
6503 60 3044
7020 1580 79021
7054 1888 94450
7018 41 2074
7049 807 40368
7023 1286 64331
6031 101 5081
7003 1339 66976
7026 700 35030
6826 49 2480
7011 302 15120
6696 5 282
7025 88 4407
7025 445 22274
7014 1728 86435
7008 924 46227
7010 1270 63543
7001 185 9264
7001 379 18982
7025 435 21762
5564 191 9572
7020 755 37774
7012 1290 64540
7010 727 36398
6756 41 2065
7054 400 20024
7008 133 6676
7003 1339 66997
7013 238 11947
7020 383 19160
7008 885 44289
6663 19 952
7001 1080 54027
6663 174 8720
6683 11 579
7020 199 9963
7001 532 26633
6366 18 948
7049 1161 58099
6837 5 289
7023 1454 72701
6379 33 1665
7018 178 8917
7001 480 24022
5339 47 2368
6656 42 2102
7054 1273 63680
7001 210 10549
6837 5 289
7022 97 4877
7046 35 1757
7019 580 29045
5966 49 2500
7017 1133 56670
7006 85 4289
7017 824 41224
5452 40 2014
7020 1349 67451
7012 1659 82973
7001 264 13240
6979 23 1165
7003 775 38795
7003 214 10722
7003 852 42630
7017 331 16565
7022 126 6345
6036 56 2839
7004 1525 76251
7025 72 3628
6031 219 10994
7010 1556 77835
7003 1375 68755
7003 749 37455
7023 805 40285
5154 166 8309
5380 6 308
7010 166 8330
6035 7 364
7003 411 20595
5459 4 215
7003 1050 52535
7049 1967 98364
7008 1321 66054
7049 1927 96370
6837 3 188
7013 205 10271
5516 28 1401
5380 2 126
6959 119 5974
6918 67 3397
7001 1080 54012
7021 32 1616
5339 40 2047
7014 10 528
7025 435 21798
5331 133 6664
6959 122 6146
7008 583 29159
5497 107 5364
7004 253 12673
7023 192 9623
7013 205 10271
7003 1734 86728
7017 665 33284
5154 122 6133
7023 1346 67322
7020 207 10367
6211 206 10331
7046 41 2057
7049 46 2340
5459 175 8770
5029 168 8450
7019 91 4560
7014 1260 63012
6359 8 429
7010 610 30540
7001 26 1348
7049 177 8859
6882 211 10589
6968 9 481
7001 732 36611
7008 1387 69398
7010 1366 68304
7014 1260 63012
7008 146 7324
7115 43 2163
6751 29 1481
6483 3 181
7008 144 7201
7013 238 11947
7003 1449 72458
7021 471 23570
7010 1421 71088
7001 264 13220
7003 456 22836
7023 1068 53447
7004 1138 56948
7025 385 19267
7010 1562 78142
6628 41 2085
7008 734 36743
7513 76 3829
7006 486 24341
6616 20 1034
7026 425 21276
7003 1339 66991
7018 602 30113
7055 614 30726
7055 543 27154
7008 1110 55530
5019 108 5434
7010 48 2420
6795 7 381
6338 110 5508
7017 1163 58177
7008 1027 51381
7018 570 28538
7018 147 7365
7001 511 25598
7023 1068 53409
7003 1050 52520
7020 331 16573
6663 174 8720
7020 950 47514
7018 743 37187
6170 30 1507
7054 239 11963
7054 944 47223
7003 775 38777
7023 1579 78970
7047 110 5519
7003 31 1561
7054 755 37798
6837 5 276
5042 48 2435
7012 442 22119
7019 445 22259
7017 681 34081
6955 205 10261
7017 1459 72979
7020 1051 52595
7021 404 20202
6420 43 2158
7049 1750 87506
7004 1340 67013
7021 748 37436
7054 537 26897
7054 223 11194
7014 1260 63041
7006 588 29446
5065 2 110
6078 9 474
7003 1050 52520
6426 22 1136
7026 700 35049
7003 1346 67340
7010 166 8345
6956 194 9730
5977 199 9978
5169 36 1834
7019 210 10523
7016 41 2067
7054 1944 97245
7017 875 43800
5487 51 2581
7021 466 23314
7014 367 18379
7023 569 28457
7018 519 25975
6827 101 5100
7023 50 2521
7054 2010 100541
7001 228 11435
7023 1548 77424
7017 824 41207
7021 773 38700
7023 487 24390
7006 486 24310
7008 103 5154
7046 35 1793
6527 104 5230
7054 1269 63466
6078 9 474
7017 225 11294
7004 1299 65000
7008 889 44456
6981 128 6410
6081 4 225
5564 191 9572
7025 250 12529
6030 10 513
7023 1454 72704
7054 1710 85529
6756 45 2276
7003 1032 51616
7020 207 10367
7001 379 18974
7391 360 18003
7004 1319 65960
7003 784 39228
7020 1612 80611
7001 480 24019
7017 1748 87433
7026 654 32729
7012 713 35666
6683 17 870
7008 145 7294
7048 125 6298
7023 1346 67318
7025 88 4424
6441 61 3070
6785 21 1091
7013 40 2041
7026 448 22440
7047 109 5486
7017 1119 55951
7054 912 45618
7008 1010 50524
7003 336 16815
7010 89 4478
6765 212 10610
6663 174 8720
7049 1469 73482
6080 94 4711
7724 144 7245
7026 654 32735
5013 5 299
5151 177 8855
7021 68 3450
7023 1671 83572
7049 1222 61104
7046 41 2053
7021 466 23332
6572 56 2845
6779 28 1413
7003 262 13126
7020 312 15637
5459 9 488
7020 1725 86294
6826 44 2247
6952 92 4613
5185 78 3938
7049 988 49447
6653 125 6295
7004 1319 65967
5108 97 4884
6340 173 8669
7020 950 47514
7019 445 22275
7003 456 22814
7020 1903 95191
7054 1157 57865
7003 1375 68777
6059 51 2551
5487 51 2562
7048 99 4979
7054 320 16048
6683 17 883
7003 749 37499
7021 748 37441
6407 92 4631
7049 1744 87218
7001 144 7229
7003 932 46615
7054 1290 64523
7016 106 5344
7054 1273 63658
7018 602 30128
7008 102 5114
5783 97 4883
7017 1723 86178
6616 23 1186
7055 230 11524
6918 68 3418
7008 589 29466
6853 104 5233
7023 510 25524
7049 1927 96370
7003 80 4041
7054 223 11176
7001 511 25592
6080 98 4945
6882 195 9770
6162 216 10822
7014 429 21459
7049 700 35006
7020 950 47502
7014 1411 70595
7014 212 10626
6812 8 408
7021 593 29663
7012 324 16203
7046 95 4773
6826 40 2017
7012 302 15111
6319 45 2291
5169 34 1742
7054 400 20002
7012 708 35420
7014 515 25771
7054 1290 64506
7004 206 10322
6956 198 9921
7006 471 23592
7054 1273 63689
7004 184 9226
7021 750 37517
7008 1393 69653
7054 1728 86436
7014 1728 86419
5036 28 1422
6968 7 371
7023 700 35019
7020 383 19160
7023 700 35050
6881 105 5280
7014 367 18352
7003 852 42638
5448 10 546
7055 256 12848
6572 59 2971
7049 924 46208
7026 381 19052
7001 700 35029
7021 556 27802
7020 504 25207
5487 51 2599
7008 885 44262
7021 748 37413
7017 994 49722
7012 1730 86524
5216 22 1134
7049 1927 96379
6960 169 8462
7004 1299 64973
5385 162 8117
6912 201 10063
7006 486 24319
6614 109 5479
7010 1447 72351
7010 84 4250
7008 1029 51465
7014 515 25779
7017 474 23730
5448 10 546
5515 63 3164
6366 17 855
6589 104 5209
6503 57 2877
7020 950 47514
7003 749 37479
7025 250 12501
7020 1824 91246
7055 174 8738
7012 288 14423
7054 1273 63699
7014 429 21455
7017 225 11285
6827 110 5545
6826 43 2194
7054 320 16006
7006 211 10576
7001 480 24037
7017 1163 58168
7001 1101 55063
6090 74 3739
7017 225 11270
7046 95 4760
5155 89 4500
7018 178 8939
7017 522 26104
7004 1011 50566
7020 903 45174
7003 80 4022
7055 174 8747
7003 852 42601
5541 49 2487
6960 166 8348
7048 81 4071
5340 92 4634
7017 225 11262
7055 717 35899
6359 0 9
7023 1934 96739
6444 38 1916
6923 36 1830
7010 1549 77492
6954 3 173
6923 33 1678
7014 429 21458
7017 299 14998
5547 72 3609
6407 91 4571
7003 1387 69377
7021 761 38062
7025 507 25377
7023 1937 96887
6059 50 2514
7014 1728 86434
7017 681 34086
7026 518 25939
7017 522 26125
7008 675 33795
7010 19 985
7003 643 32186
7001 542 27138
7010 1545 77293
7019 445 22278
7010 1562 78127
7020 1852 92621
7054 223 11194
5487 51 2599
6211 72 3611
7026 700 35020
7017 1002 50135
7006 324 16238
7055 175 8769
7003 119 5988
7004 1121 56069
5783 85 4280
6912 204 10202
7019 578 28924
5339 90 4539
6689 26 1329
7023 654 32737
7055 457 22885
6420 43 2158
7010 1049 52471
6785 20 1037
7004 347 17372
7013 205 10297
6955 208 10433
7055 174 8723
7020 851 42593
6859 110 5512
7018 41 2094
6211 206 10349
7012 1061 53100
7017 1133 56697
7021 117 5861
7025 445 22262
7021 234 11740
7012 1549 77472
7049 596 29829
6765 212 10639
7014 1003 50193
7012 529 26465
7025 203 10177
7049 46 2323
7017 1119 55954
7004 1121 56075
7004 1208 60427
6683 14 742
7003 1437 71895
7003 480 24030
7021 579 28972
5977 192 9644
7020 1117 55868
7021 563 28151
7008 1321 66074
7049 1161 58055
6589 100 5013
7017 1458 72913
7054 1944 97205
7003 232 11616
7055 490 24523
5441 90 4542
7013 187 9391
7026 108 5401
7008 1393 69690
7003 1304 65202
7003 1375 68758
5586 140 7017
7001 1144 57212
7003 1449 72474
7013 205 10270
7003 775 38795
6359 0 9
6407 97 4891
7003 1437 71891
7019 373 18692
6548 0 37
6663 175 8791
7003 80 4033
6426 24 1242
7010 48 2425
7003 1437 71895
7018 178 8911
7003 749 37498
7012 302 15117
7003 1339 66993
7021 692 34629
7010 84 4243
7003 232 11635
7017 1119 55993
7049 1967 98375
6663 167 8382
7001 542 27111
7054 87 4376
7008 1051 52589
7010 48 2407
7014 990 49521
6614 110 5504
7021 404 20234
7023 1795 89793
7003 80 4041
7010 138 6933
7019 31 1573
7014 216 10834
7001 228 11406
7023 745 37294
7021 750 37544
6090 35 1769
7054 1441 72084
7016 106 5343
6683 17 855
6078 9 474
7020 1321 66100
7010 343 17198
7019 445 22251
7003 875 43766
7054 1944 97220
6882 153 7689
7019 210 10510
7017 1536 76820
7020 331 16567
7013 185 9274
7048 125 6258
6664 193 9676
7003 214 10730
5557 92 4634
6036 54 2736
7003 1304 65245
7019 31 1571
7010 651 32570
6951 23 1181
7054 400 20021
6882 199 9980
7003 188 9439
7001 819 40981
5608 11 556
7010 610 30535
7049 2015 100789
6812 8 430
7004 1208 60434
7513 76 3829
6664 182 9109
7001 1101 55077
7012 1035 51777
7012 246 12320
7003 1437 71895
5947 158 7909
7054 537 26864
7014 1214 60724
7017 877 43853
7011 302 15140
4998 132 6637
6687 197 9866
7054 537 26892
6303 125 6281
7474 144 7221
7054 320 16019
7021 295 14757
6951 22 1103
7013 206 10343
6362 83 4166
7016 196 9841
7001 682 34142
5581 38 1924
7008 786 39309
7054 1710 85542
7021 579 28985
6321 73 3673
7001 732 36620
6628 42 2104
6765 212 10610
7006 588 29444
7010 1366 68328
7018 975 48768
7025 609 30476
7026 654 32735
7008 1393 69653
6106 49 2491
7012 1126 56336
7012 324 16205
5581 33 1691
7014 150 7527
7016 196 9841
7023 1675 83769
5340 91 4558
6170 37 1883
7003 1346 67328
6689 36 1811
6853 105 5254
6366 76 3832
7010 1447 72371
6981 66 3317
7008 510 25515
7018 570 28522
7017 827 41384
7003 1449 72465
7018 363 18191
7051 67 3365
7010 710 35545
7008 146 7332
5608 5 293
7012 324 16236
7008 994 49726
7018 631 31563
7004 1660 83008
7018 519 25974
7008 144 7238
5229 6 338
7004 118 5913
7008 1027 51377
7023 77 3876
6827 108 5440
7049 1216 60850
7020 1725 86294
7049 1055 52782
7049 2025 101296
7055 43 2200
7054 1710 85542
7003 1449 72458
7020 504 25223
7054 166 8348
6756 42 2139
7023 192 9611
6036 32 1613
7003 1375 68777
7004 309 15497
6968 0 17
6423 76 3802
7004 1121 56069
5339 90 4546
7046 35 1757
6080 95 4754
7003 924 46248
7019 31 1554
7001 542 27119
6030 6 342
7003 700 35047
7020 207 10369
7010 651 32556
7004 347 17378
7282 27 1365
7008 833 41661
5229 4 221
7014 216 10850
6211 127 6384
6616 23 1186
6951 23 1181
6632 55 2780
6829 127 6397
6696 0 31
7049 1854 92705
7003 1317 65874
7003 1318 65928
7003 43 2199
6321 64 3219
7049 1161 58071
7001 532 26604
5547 71 3552
7020 331 16558
6334 3 166
7018 975 48768
7008 1321 66054
7048 27 1393
7049 1161 58067
6319 44 2212
7019 373 18692
7021 750 37514
7020 1135 56753
7003 119 5951
6779 28 1413
7001 353 17653
7003 924 46209
7054 1710 85537
5093 165 8259
6829 127 6397
7025 295 14755
7054 1878 93933
7055 354 17742
7006 486 24310
7022 126 6312
6751 23 1161
7026 33 1691
6696 0 31
7008 510 25515
7049 649 32478
7026 52 2606
7010 246 12305
5586 84 4247
6031 216 10813
7019 437 21884
7012 529 26477
7025 295 14757
7020 1762 88125
7008 890 44515
5169 34 1746
7017 827 41374
5487 51 2562
6140 35 1766
7017 1536 76842
7021 750 37514
6991 65 3298
5519 142 7102
5977 200 10007
7023 343 17157
6527 113 5679
7012 19 982
7026 518 25909
7023 337 16870
7025 88 4424
7013 206 10343
7012 1035 51784
7003 1317 65873
7008 1348 67404
7008 833 41671
7054 1611 80599
7008 1078 53924
5013 5 299
5370 54 2707
7017 775 38786
7019 213 10656
7023 1346 67343
6090 78 3929
6923 33 1678
5229 9 498
7054 598 29941
7003 456 22809
7023 1454 72704
7013 154 7720
7020 1051 52563
7001 542 27119
7003 232 11635
7001 228 11447
6379 39 1965
7017 299 14991
6689 34 1716
6826 46 2319
7023 1346 67343
7014 34 1745
6078 9 474
6211 206 10331
6211 207 10390
7010 166 8341
7023 1881 94099
7012 442 22116
6918 64 3214
7010 89 4477
7019 213 10656
7003 643 32173
6288 175 8764
6829 126 6340
7003 960 48047
7010 8 413
7003 1387 69385
7010 1596 79802
5154 178 8949
6407 91 4571
7008 72 3637
6664 125 6277
7054 1177 58897
6954 7 383
7025 445 22273
7020 383 19184
7014 205 10297
7013 205 10251
7017 827 41387
7012 708 35411
7055 256 12848
7017 474 23726
7023 1378 68943
7003 1339 66991
7023 745 37258
7003 188 9439
7054 400 20045
7017 675 33762
7006 85 4282
7020 207 10389
7023 852 42640
7013 238 11929
7025 178 8919
7055 230 11502
7135 71 3555
7008 133 6674
7054 643 32181
7010 1545 77260
7021 748 37436
7054 1728 86436
7010 369 18464
6021 182 9150
7019 210 10502
6859 142 7140
7414 42 2104
7026 133 6671
7021 750 37525
5370 53 2682
7003 214 10745
7004 1525 76284
7055 205 10294
6483 9 466
7004 1268 63416
7014 1270 63530
7010 138 6929
7049 1627 81382
7003 1449 72458
7014 1214 60715
7026 89 4498
7003 214 10730
7003 1734 86734
7026 654 32735
7018 363 18191
7010 1447 72376
7004 1605 80290
7017 1748 87433
7008 280 14046
7049 1303 65169
7049 1744 87249
6960 169 8467
7054 875 43756
7025 445 22273
6615 168 8402
5433 158 7944
7054 1317 65895
5339 94 4731
7010 48 2407
7299 24 1220
7020 950 47548
7055 406 20304
7004 1435 71784
5441 88 4426
5000 40 2004
6826 47 2355
5154 118 5950
6616 28 1434
