7003 400 20014
7054 1269 63476
7012 1035 51787
7001 511 25553
7282 27 1365
7019 286 14330
7003 363 18167
7008 1029 51465
7003 1317 65874
6423 76 3802
7049 2015 100784
6211 72 3611
7001 1025 51291
7055 174 8747
7145 8 439
7026 654 32735
5557 20 1003
7021 750 37542
7004 1525 76263
7014 1260 63012
5029 168 8450
6696 5 282
6991 71 3555
7023 1249 62469
7001 228 11450
6359 0 9
6956 198 9921
6199 75 3796
7010 1455 72787
7023 362 18126
7025 445 22273
7023 1781 89083
6211 206 10349
6401 13 695
7017 827 41384
7014 5 292
7051 67 3371
7003 1734 86734
6078 9 474
7021 378 18919
5564 191 9572
7022 126 6306
7054 1480 74050
7054 875 43800
7003 232 11635
6036 31 1589
7010 610 30540
7023 1899 94997
7001 732 36620
5169 35 1766
7001 823 41157
6981 128 6410
5498 1 62
7003 80 4041
6979 23 1165
7010 48 2407
7021 15 787
7021 782 39120
7049 1417 70893
7054 1944 97249
7019 118 5939
6319 46 2328
7008 72 3638
7010 84 4238
7014 10 528
7003 1032 51620
7020 417 20865
7055 230 11502
7020 574 28739
6779 28 1413
6765 211 10557
6632 55 2780
7025 272 13623
7010 1042 52103
7020 1824 91231
7049 696 34806
7055 175 8759
7004 347 17371
6572 59 2971
7021 750 37525
5586 91 4599
7001 210 10539
7019 479 23972
6663 41 2082
7017 1232 61603
7021 748 37436
7020 43 2162
6954 6 338
7014 429 21458
7003 80 4022
7003 1375 68785
6812 8 430
7012 781 39062
7017 47 2355
7006 85 4296
7023 700 35050
7018 570 28549
7004 1340 67007
7049 1967 98375
7054 1646 82315
6548 0 1
7054 1441 72084
7055 175 8760
7025 295 14755
7049 732 36611
7055 230 11502
7049 2015 100771
7025 203 10177
7017 1536 76846
7001 264 13249
7046 18 948
7013 238 11919
7023 1579 78985
7003 1449 72458
7003 749 37479
5487 51 2562
5441 90 4542
7001 153 7660
7006 85 4282
7001 1101 55061
7001 210 10549
5331 133 6664
7001 511 25592
7021 748 37440
7010 1549 77492
7012 442 22116
7012 713 35666
7049 1161 58069
7054 1944 97220
7012 1290 64550
7003 31 1568
6826 47 2355
7008 994 49737
7020 1852 92645
7014 34 1745
7012 781 39100
6765 212 10610
7054 400 20002
6572 56 2849
6930 20 1022
7021 18 903
7026 89 4498
7003 1044 52237
7018 863 43173
7010 1162 58120
7004 1278 63950
7016 211 10596
7001 228 11406
7012 1730 86504
7055 490 24525
7049 649 32478
5380 5 269
7047 110 5530
7001 1101 55083
7023 510 25510
7021 466 23314
6366 82 4140
7434 139 6985
7017 225 11285
7010 89 4468
6979 24 1234
5977 201 10095
7014 1214 60715
7019 219 10959
7001 153 7685
6050 7 399
7020 755 37786
7008 103 5154
7023 1579 78994
7006 588 29444
7021 563 28161
5169 37 1869
6420 46 2302
7025 250 12501
7014 1640 82025
6882 154 7725
7012 324 16236
7003 119 5953
5996 27 1369
6812 8 444
7017 331 16569
5547 72 3649
7003 1339 66963
6199 75 3799
7049 177 8859
7026 176 8828
7003 1317 65897
6829 129 6465
7004 1319 66000
7014 1214 60718
7054 1273 63689
7135 71 3555
7023 556 27847
7055 717 35868
6319 30 1512
6663 50 2546
7020 312 15633
7017 1133 56670
7017 331 16598
7008 786 39309
6981 38 1949
7016 196 9841
7026 381 19081
6322 43 2195
7014 1270 63537
7055 684 34233
7003 1437 71895
6321 73 3673
7021 748 37440
7417 27 1391
7003 43 2172
5458 159 7969
7021 18 903
7023 238 11941
7049 1469 73482
5452 42 2102
7054 598 29937
5331 137 6856
6078 9 474
7013 206 10328
7054 643 32164
7010 8 412
6078 9 474
5042 42 2107
6548 0 6
7055 490 24523
7017 675 33762
7018 631 31578
7008 1244 62229
7014 1728 86434
6951 23 1181
6664 121 6064
7023 1781 89073
7021 557 27870
7008 195 9799
7055 827 41351
7014 367 18369
7023 1934 96748
6503 57 2877
6483 7 388
7018 776 38814
7023 50 2506
7001 228 11435
6795 7 363
6589 106 5323
6663 175 8791
7003 1050 52520
5339 47 2368
7001 1144 57240
6423 74 3704
7023 1068 53448
7008 146 7313
6756 47 2357
7023 1378 68913
7049 1222 61150
7018 399 19968
6918 37 1886
7004 901 45081
7003 924 46248
7054 1317 65895
7004 527 26400
7021 750 37534
7010 84 4250
7025 272 13647
6751 27 1361
7010 1545 77293
7020 755 37789
7003 1734 86728
7012 529 26477
6837 3 188
7008 885 44253
7017 1536 76820
6635 1 91
5154 65 3278
7008 675 33795
7017 1163 58168
6407 97 4891
7645 138 6911
7020 312 15629
5000 38 1937
7003 643 32173
5340 92 4634
6812 1 64
7026 634 31741
5077 20 1042
7014 1270 63547
7010 89 4470
7049 696 34822
6426 20 1015
7004 1340 67018
6107 21 1097
7055 739 36994
5459 175 8770
7003 119 5951
7004 1605 80290
7006 440 22042
7013 185 9268
7054 1290 64505
7010 727 36398
4998 132 6637
7049 46 2340
6366 76 3832
7010 138 6929
7001 264 13207
7055 614 30707
7021 748 37441
6078 9 474
6614 157 7876
5157 100 5046
7004 1275 63770
7001 1134 56716
6656 40 2005
7017 775 38786
7021 32 1626
6366 75 3764
6955 208 10433
5586 90 4534
6441 61 3070
6081 4 225
7020 1580 79006
5331 133 6664
7049 1161 58099
7046 35 1792
7049 1934 96724
7012 1447 72367
7012 1035 51784
5586 146 7305
7021 466 23301
7023 654 32710
7017 225 11270
6583 15 774
7010 369 18464
7003 214 10745
7046 111 5552
7003 960 48031
7004 206 10322
6572 56 2845
7049 1750 87538
6650 17 867
7019 445 22278
6211 207 10390
7010 369 18468
7010 84 4212
7022 126 6315
7020 346 17330
7054 1455 72799
5891 152 7643
5783 85 4280
7004 1138 56948
6382 191 9579
7010 1447 72392
7049 679 33993
5339 47 2368
6955 208 10433
7054 1269 63492
7017 665 33284
5229 9 490
7004 654 32738
7054 598 29932
7010 48 2416
6952 158 7940
7003 1317 65897
6664 118 5923
7054 1480 74021
7049 1222 61150
6827 109 5452
7006 337 16894
7003 1044 52242
7025 88 4441
7014 205 10255
7003 119 5978
7006 471 23581
7654 10 530
6635 1 96
6981 128 6410
7023 192 9623
7001 480 24037
7004 1138 56913
7004 1208 60434
7026 133 6651
7019 91 4556
6382 191 9571
7017 522 26128
6696 5 282
7018 147 7386
7001 264 13210
7003 1339 66992
5452 45 2276
7003 1346 67316
5608 2 101
6697 96 4810
7008 144 7201
7020 1903 95192
7010 343 17198
7010 19 973
6548 0 37
7010 1562 78127
7003 1318 65928
7014 990 49542
7014 515 25765
6206 43 2165
7055 614 30726
7013 187 9391
7020 1117 55868
7054 348 17433
5586 146 7305
5077 20 1026
7018 116 5833
5065 2 110
7017 853 42693
7014 1623 81180
6975 57 2860
7016 196 9801
7013 187 9386
7023 1249 62479
7026 654 32749
6882 195 9770
7014 1640 82026
7020 1669 83469
6828 166 8323
7020 1725 86294
5106 181 9082
7017 939 46961
7055 205 10255
7020 1797 89887
7049 399 20000
7008 583 29180
7017 656 32840
5452 41 2093
6955 205 10261
7026 654 32735
7010 1049 52468
7018 570 28522
7007 22 1150
7014 367 18354
6956 198 9912
7023 1221 61068
7020 1725 86271
6528 13 655
7008 133 6676
6420 43 2158
7012 1549 77464
7055 717 35899
7023 654 32749
7049 988 49416
6589 113 5653
7006 471 23592
7010 1447 72376
7023 50 2506
7014 1400 70009
7017 225 11294
6975 66 3317
5019 108 5434
6378 2 128
6853 104 5233
7023 1346 67322
5042 46 2301
7020 207 10389
7008 924 46228
7023 1548 77424
6446 127 6400
5515 62 3139
7049 399 19953
7003 1044 52237
7003 31 1561
7054 2010 100541
7008 1393 69677
7014 1623 81152
7020 1117 55868
7020 346 17330
7008 226 11306
7049 988 49449
7010 1421 71090
7018 863 43158
7010 1556 77848
7054 1441 72077
7006 211 10576
7020 1903 95191
7012 1275 63792
7017 1163 58179
7017 994 49723
6340 173 8669
6956 191 9556
7013 201 10071
5204 158 7901
5459 9 488
7023 50 2542
7012 324 16239
7054 1455 72799
7049 679 33962
6420 43 2158
7049 1927 96370
7004 253 12689
6918 33 1698
6444 35 1791
7017 359 17966
7014 150 7527
5586 147 7358
7010 651 32556
7018 570 28538
7046 18 948
6334 3 166
7025 88 4424
6199 75 3799
7026 448 22415
7014 34 1745
7010 19 978
6288 175 8764
7023 1881 94099
6954 7 383
5036 28 1422
7026 108 5401
7049 1366 68311
7003 1375 68758
7026 143 7175
7020 1852 92621
6916 123 6178
7049 177 8867
7020 755 37792
7054 912 45634
6991 66 3301
7018 41 2074
4971 117 5874
5013 9 478
7054 1888 94415
6765 212 10639
6923 32 1605
7014 1640 82005
7054 1157 57891
7003 336 16815
7012 246 12320
5339 96 4811
7012 1485 74277
7013 238 11929
7017 448 22447
7014 326 16336
7026 176 8828
7004 1023 51167
7400 140 7007
7017 955 47772
7021 234 11740
7388 17 870
7023 745 37258
7023 569 28457
7022 126 6327
7021 32 1625
5154 166 8309
6319 30 1513
7008 885 44289
7008 924 46227
7017 362 18125
7021 348 17404
6664 126 6314
7016 211 10551
7103 13 662
5586 89 4470
7724 144 7245
5433 158 7944
7049 1469 73469
6689 36 1811
7010 220 11024
6483 9 466
5136 61 3053
7003 188 9439
7001 542 27138
7054 1878 93943
5331 136 6827
7018 116 5833
7008 833 41661
7004 1268 63422
6300 122 6104
7049 399 19980
6923 33 1678
7003 232 11647
6628 42 2104
7054 1273 63680
7010 1562 78133
6030 6 342
7025 435 21762
7049 385 19263
7013 40 2026
7012 1065 53297
6650 19 985
7054 239 11963
7474 144 7221
7400 140 7010
7049 1750 87506
7001 379 18982
5155 89 4478
7021 234 11716
7055 739 36976
7026 448 22449
7001 866 43348
7026 700 35044
6628 42 2104
6923 30 1549
7026 448 22418
6090 73 3687
7049 988 49416
7054 1273 63673
4998 132 6637
7017 1748 87429
5339 96 4811
6956 194 9730
7018 602 30128
6548 0 10
7010 166 8347
7014 1260 63012
5564 189 9485
7003 1318 65928
7006 324 16246
7049 46 2303
7001 144 7229
5512 213 10677
7010 1556 77835
7013 187 9357
5459 175 8770
6616 24 1203
7021 32 1627
7014 515 25779
7023 1781 89083
7054 1273 63700
7008 1110 55530
6628 41 2085
7048 38 1944
7021 748 37419
7017 827 41372
7003 775 38795
7004 206 10322
6573 22 1146
7008 146 7330
7049 1222 61107
6090 74 3739
5977 199 9957
6918 68 3418
6751 30 1525
7018 776 38827
7012 1549 77468
5340 91 4558
7017 522 26144
7049 931 46559
6689 29 1467
7004 184 9211
7049 807 40393
6078 9 474
7513 73 3666
7004 1525 76284
7014 1184 59243
7017 1591 79565
7049 1469 73455
6749 44 2234
6882 211 10589
6968 7 395
6362 83 4166
7008 195 9793
7023 1579 78957
6334 4 204
6981 66 3317
6420 46 2302
7012 1549 77472
6923 36 1830
7020 927 46400
7021 761 38062
7026 108 5434
7003 1642 82110
7054 1778 88905
7049 732 36622
7017 1458 72922
7023 1286 64313
7025 385 19274
7055 174 8713
7055 256 12848
7021 773 38700
7010 343 17198
6379 39 1965
7001 998 49932
7010 1562 78108
7021 750 37515
7017 824 41206
7008 786 39309
6375 120 6006
7018 147 7396
5229 6 338
7006 85 4289
6359 9 460
5459 4 215
6952 92 4613
7049 807 40396
7054 875 43781
7010 1343 67155
6683 14 742
5458 153 7698
6340 168 8415
7012 1485 74256
7003 775 38774
6930 13 668
5459 175 8785
5966 0 47
7004 1622 81147
7016 211 10596
7025 609 30487
7006 486 24310
7008 1078 53933
5557 24 1211
5339 94 4731
7001 511 25561
7026 425 21276
7001 210 10505
6826 46 2319
7013 224 11221
7054 598 29941
7049 2015 100789
7018 519 25975
6441 58 2946
7003 784 39238
7012 997 49896
7018 41 2060
7017 469 23453
5036 25 1287
7008 145 7294
7014 1270 63502
7017 1002 50135
7025 435 21762
7019 479 23982
5459 8 405
5216 22 1140
6359 0 9
7008 1464 73210
5093 170 8516
7014 1346 67350
7025 295 14777
7046 35 1757
7054 755 37798
7010 1366 68339
7504 20 1031
7003 875 43770
7001 700 35029
7008 1470 73505
7006 337 16866
7026 518 25909
7014 1003 50193
6288 174 8703
7006 486 24341
7001 823 41172
7006 324 16235
7001 353 17697
7012 442 22150
7021 773 38660
7017 828 41424
5216 52 2603
7017 440 22016
7054 1728 86450
7003 400 20043
7023 1454 72701
7023 1221 61085
5339 90 4539
7055 690 34518
7014 1640 82026
6837 8 418
6036 32 1613
7003 932 46605
7047 110 5532
6812 8 408
6050 2 102
7003 1339 66972
7013 206 10328
7003 700 35047
7026 700 35049
6050 7 399
7008 1110 55530
7026 89 4466
7054 1728 86436
7020 1135 56753
7017 877 43853
7025 178 8919
7010 1270 63543
7003 1339 66999
7010 579 28954
7047 110 5519
7046 35 1789
7006 324 16238
7054 791 39595
7001 819 40978
7046 102 5122
7003 119 5953
7008 102 5116
6663 175 8769
6979 27 1369
7049 1417 70885
7023 804 40230
7020 1580 79030
7049 696 34822
6420 48 2402
7003 643 32186
7054 400 20021
7019 373 18692
7020 331 16558
6548 61 3079
7004 184 9250
6934 16 827
7008 1464 73236
7003 1032 51620
7012 997 49898
7003 1437 71893
7025 445 22273
6756 42 2139
6975 66 3347
7026 634 31723
7017 362 18125
7010 48 2418
7003 1346 67340
7013 40 2046
7020 755 37776
7003 784 39228
7006 324 16235
5093 165 8259
7012 1006 50313
6955 212 10646
7025 435 21762
5966 0 7
6615 170 8541
7010 1568 78414
7020 1349 67496
7023 300 15009
7008 1393 69653
7048 99 4958
5519 148 7401
7017 656 32840
7017 681 34083
7001 480 24009
7014 1623 81180
7014 515 25779
7049 679 33971
6031 216 10813
7008 1321 66054
7003 119 5988
7006 486 24319
7046 95 4794
6548 0 39
7049 1161 58055
7012 794 39706
7055 406 20302
7054 1944 97205
7006 85 4256
6827 110 5545
7014 1411 70595
7017 1133 56673
5608 11 556
7014 10 533
7017 994 49708
7014 1062 53138
7012 1726 86320
7020 1725 86294
7008 1393 69651
7025 609 30471
7025 88 4424
7003 400 20019
7003 700 35008
7003 1044 52228
7048 27 1367
5966 49 2482
7006 558 27915
5783 97 4883
6650 21 1089
6589 102 5119
7014 10 533
7049 270 13524
7021 750 37514
7010 166 8345
7025 385 19254
7010 1485 74263
7001 228 11407
7016 267 13360
5154 118 5933
7016 165 8295
7051 67 3390
7010 1562 78141
7017 1002 50135
6991 69 3458
7025 88 4407
6951 24 1219
7012 1126 56321
6043 172 8645
7017 905 45299
6211 69 3457
6379 31 1573
7014 1260 63041
7017 474 23716
6696 0 31
6826 43 2194
7006 85 4254
7026 52 2606
7054 1157 57860
7020 1580 79021
7003 749 37498
6829 128 6438
7021 456 22805
6031 101 5081
7049 679 33966
7026 108 5429
7020 1258 62922
7020 851 42593
6050 7 375
5331 133 6664
6951 23 1181
7054 1888 94440
7049 971 48556
7003 932 46615
6572 171 8581
7008 72 3637
5396 60 3035
7014 429 21458
6059 51 2551
7018 570 28505
6632 33 1657
6666 13 679
6687 197 9866
7013 224 11228
7020 1051 52595
7008 1244 62214
7055 174 8739
5013 28 1409
7008 885 44284
7023 1675 83769
7003 1318 65911
6751 32 1633
7004 1340 67013
7004 1624 81208
7049 154 7732
6881 97 4878
7012 1065 53282
7014 1121 56058
7006 308 15419
7020 1349 67451
7017 827 41355
7012 1659 82973
7046 22 1138
6837 1 95
6407 95 4799
7049 1934 96734
6882 195 9786
6090 77 3880
7023 1378 68941
7016 152 7624
7010 48 2425
6992 10 514
7001 542 27119
6959 119 5974
7003 784 39228
6696 0 31
7049 1222 61104
7022 97 4862
7054 1728 86423
7014 1400 70034
7011 302 15119
7017 79 3984
7012 1054 52740
5557 99 4971
6420 43 2158
7010 1447 72380
7020 1824 91246
7003 852 42649
7017 827 41355
7054 1290 64523
7008 146 7330
7054 537 26881
7003 1449 72465
7010 1545 77283
6420 43 2158
7016 152 7640
7014 1331 66563
7014 990 49521
7341 18 937
6968 0 39
7010 1545 77260
7022 126 6345
7020 504 25223
7008 786 39303
6884 32 1632
7008 195 9792
7026 728 36435
6324 93 4661
7008 1110 55512
7001 1080 54012
7025 250 12538
7013 185 9268
7001 144 7229
7003 749 37499
6751 29 1481
7001 376 18802
7003 1387 69377
7055 490 24522
7003 1437 71881
7004 1299 64987
7023 1378 68921
7008 1387 69398
7006 558 27936
6319 47 2372
7013 154 7720
7014 763 38168
7054 320 16048
7004 347 17386
7046 22 1116
7008 786 39309
7016 196 9841
7003 1339 66993
7010 1562 78142
6794 18 939
7003 1387 69385
7017 1133 56697
5977 199 9978
6503 60 3044
7054 1480 74041
7055 457 22891
7051 67 3365
7003 749 37455
7020 851 42574
7006 471 23581
6211 71 3581
7049 822 41126
7023 805 40285
7010 1545 77262
7020 1117 55859
7054 1944 97223
7010 246 12305
7004 1435 71784
7049 154 7743
7054 1577 78891
5401 33 1652
6656 42 2102
6632 55 2780
6663 45 2268
6779 28 1413
7008 102 5106
7049 270 13538
7011 302 15120
6090 74 3739
7017 828 41416
7026 108 5425
7021 750 37537
7010 1343 67189
7010 1562 78148
7023 343 17157
6968 9 481
7020 1135 56751
7008 1029 51452
7017 419 20990
7049 1672 83604
7023 1346 67318
5541 49 2487
6615 175 8771
6756 45 2276
7008 786 39309
6620 149 7453
7018 631 31578
7004 1624 81205
5000 37 1887
7054 537 26897
7010 1556 77805
7004 184 9250
7020 383 19160
7025 295 14755
6934 15 775
6080 95 4754
7008 924 46204
7008 885 44253
7049 1750 87501
7003 1050 52532
7049 1967 98364
7054 1878 93943
7017 1133 56675
7008 746 37318
6912 204 10202
7001 1080 54030
6572 59 2971
7023 620 31042
6765 212 10610
5608 2 147
7008 885 44253
7020 755 37789
7010 220 11003
7017 1458 72915
7003 43 2192
5108 97 4884
5013 5 299
6334 3 166
6650 19 959
7006 471 23591
5515 63 3164
7004 1023 51160
7003 1032 51646
6170 30 1507
7001 866 43346
7049 1303 65169
7026 33 1691
6027 4 248
7008 1393 69652
7006 85 4296
7003 1449 72458
7018 743 37190
7026 700 35044
7020 1156 57812
7019 219 10959
7023 620 31029
7020 1135 56755
7017 359 17978
7513 76 3829
7014 1640 82026
7012 1006 50321
6528 17 874
7020 383 19160
7017 994 49731
7022 126 6345
7012 708 35444
7282 30 1513
7017 1748 87412
7014 216 10850
6036 56 2839
7025 250 12529
7003 1318 65920
6923 34 1745
7054 320 16048
7020 312 15618
7004 1622 81107
7049 1750 87532
5155 89 4500
7004 1622 81110
7023 1776 88803
7055 543 27154
7055 230 11538
7014 662 33104
7012 708 35411
7768 1 73
7046 35 1794
7003 932 46629
7020 927 46367
7048 27 1374
6616 26 1325
7048 38 1947
7013 205 10271
5547 70 3549
7054 791 39593
7026 52 2607
7012 892 44628
5077 20 1042
7010 651 32556
7010 1485 74251
7008 146 7324
6882 154 7725
7012 302 15117
5151 177 8859
6366 79 3954
7049 1161 58069
6043 173 8662
7012 1447 72369
6664 118 5923
7023 300 15001
6653 124 6225
7003 1734 86736
7018 975 48768
7391 360 18003
7565 73 3652
7003 1304 65222
7008 1078 53932
7003 480 24030
5516 28 1401
7006 324 16246
5487 51 2581
7004 347 17378
7049 1744 87218
7020 1903 95171
6992 11 588
7017 828 41401
7023 1579 78983
7014 1411 70574
7021 750 37534
7003 924 46215
7017 1591 79596
7021 750 37534
7023 1934 96739
7026 700 35030
7020 1580 79021
5068 91 4584
7055 684 34230
7047 48 2447
7017 1748 87447
7019 286 14334
7004 1525 76294
6426 22 1136
7008 1027 51377
7046 35 1789
7054 1157 57865
7017 1119 55974
6527 113 5679
7023 654 32749
7001 977 48897
7049 1627 81388
7004 514 25730
7008 890 44547
5340 98 4935
7003 1317 65868
7008 133 6697
6080 98 4945
7054 598 29932
7001 1134 56744
7010 1270 63520
6362 83 4166
6837 7 394
7049 1161 58067
6426 24 1242
5516 28 1401
6968 3 162
7055 175 8769
7049 2025 101269
7012 1479 73995
7021 692 34629
7001 532 26633
7019 31 1573
7007 22 1136
7020 903 45174
7008 833 41670
7054 1009 50479
6090 35 1769
7010 441 22056
7020 199 9963
7019 578 28924
7014 205 10255
7017 1119 55955
6483 9 459
6837 1 95
7054 1728 86436
7054 223 11194
7001 1101 55063
7006 486 24342
7020 1762 88133
7051 67 3352
7001 26 1327
7054 875 43765
7010 19 973
7055 256 12841
7003 1449 72500
6756 44 2225
6664 193 9676
7008 583 29159
6785 21 1064
7023 1454 72704
7004 1299 64973
6503 61 3090
6960 166 8348
6829 127 6397
7012 246 12348
7014 1411 70595
7026 634 31730
7008 144 7238
7010 166 8341
6696 9 461
6653 126 6317
7021 557 27864
6334 3 154
7003 31 1577
7017 299 14991
7003 188 9413
6918 37 1862
7021 32 1625
7012 302 15117
7001 998 49932
6936 159 7964
7012 302 15129
6090 39 1971
7025 435 21780
7013 238 11940
5106 180 9013
5564 191 9572
7023 343 17166
7020 927 46367
7018 147 7386
6696 0 31
7054 1009 50470
7017 1748 87433
7017 955 47771
6826 49 2480
6951 22 1103
7012 997 49882
7049 696 34822
7023 1454 72704
6366 18 948
6338 110 5508
5093 169 8495
6975 71 3594
7010 19 978
6968 0 17
7049 1366 68336
6548 0 42
7010 1447 72376
7025 385 19267
7049 931 46594
6573 29 1460
6689 29 1465
7014 1260 63024
7017 1004 50212
7020 1725 86264
7055 569 28459
6572 57 2861
7017 474 23716
5093 170 8516
6572 175 8800
6975 58 2926
6334 3 152
7004 347 17378
6090 35 1769
7023 1579 78999
7012 19 982
7012 781 39100
5042 48 2435
7021 750 37514
7018 602 30113
7017 123 6171
7020 1669 83476
6837 5 276
7003 1304 65241
5036 19 989
7004 1299 64987
7010 1421 71088
7047 109 5491
7023 1549 77455
7014 653 32689
7023 1068 53436
6036 53 2664
7049 732 36611
7003 119 5957
7010 89 4477
7008 280 14027
7003 43 2171
7003 784 39236
7017 824 41224
5019 113 5651
7003 960 48028
7055 256 12832
5459 9 487
7010 1366 68343
6021 188 9408
7012 708 35443
6340 169 8468
7054 643 32181
7018 147 7386
7026 774 38728
7008 1051 52589
7017 1119 55951
7012 1659 82973
7054 320 16004
7004 667 33357
6211 206 10331
7008 1321 66058
5216 22 1134
7017 1591 79555
7008 195 9756
7004 1525 76251
7018 602 30113
7012 1126 56306
7012 1126 56336
7001 26 1348
6795 7 381
7003 232 11635
7022 97 4877
7049 700 35006
7014 653 32653
7008 144 7224
7023 654 32710
7003 123 6164
5921 16 829
7020 43 2168
7513 76 3829
7055 457 22890
7003 1050 52543
7003 1339 66992
7026 133 6686
7001 1080 54012
7026 381 19052
7014 367 18352
7010 19 985
7018 526 26307
5013 20 1003
6687 196 9824
7016 165 8253
7003 875 43797
7016 211 10596
6837 5 289
6751 26 1348
7003 749 37498
7001 542 27119
7010 513 25692
6837 5 289
7019 31 1573
7021 117 5861
5380 6 308
7010 1447 72371
6955 209 10466
7049 270 13513
7055 490 24536
5445 8 446
7054 223 11176
7023 620 31003
6912 193 9661
7020 1852 92603
7282 34 1714
7049 1303 65196
6956 193 9677
7020 950 47548
7019 91 4560
7054 912 45634
5339 40 2047
7012 288 14405
7014 326 16344
7017 1002 50114
6334 10 545
7004 1319 65967
5216 52 2603
7048 125 6280
7008 146 7332
7004 1299 65000
7054 791 39574
5497 101 5057
7013 205 10271
7025 72 3628
7003 1304 65245
6616 26 1325
7008 1321 66074
7054 1009 50492
7003 43 2199
7021 466 23314
7003 232 11635
7010 651 32600
6423 75 3771
7008 777 38889
7048 125 6267
7003 123 6168
7054 1157 57860
6483 9 478
7010 246 12305
7055 490 24536
7017 1458 72913
6098 47 2382
7049 399 19979
6954 6 306
7054 1273 63699
6837 9 459
7008 1464 73233
7049 988 49447
7001 511 25584
6059 49 2498
7761 34 1714
7054 944 47223
7003 1437 71895
5608 5 293
6881 105 5280
5452 41 2093
7017 994 49737
6829 129 6465
7003 775 38795
7004 1299 64974
7054 400 20024
6827 108 5428
6912 228 11419
7055 406 20304
7016 152 7639
7008 102 5104
7008 890 44543
7018 116 5835
7001 480 24021
6319 44 2212
7003 1449 72474
7020 1051 52563
7019 578 28912
7003 852 42624
5380 2 126
7003 960 48047
7025 435 21798
6090 34 1743
7017 79 3984
7054 1888 94448
7023 654 32718
7003 1375 68777
7010 1545 77262
7054 944 47206
7021 15 791
7049 614 30718
6690 150 7518
7017 827 41387
7003 119 6000
7021 748 37413
7023 1346 67343
6956 197 9861
7047 110 5549
7047 48 2407
7054 239 11963
7049 1469 73461
7012 19 955
6319 29 1461
7049 822 41113
7020 312 15629
7023 1671 83572
7048 27 1383
7003 1722 86148
7026 108 5401
7023 510 25504
7012 997 49851
6036 54 2712
7023 300 15001
7049 807 40368
6837 7 383
7003 400 20043
7008 633 31683
7003 1734 86728
7012 1290 64540
7049 1161 58068
7054 400 20045
6881 126 6309
7054 166 8348
6666 13 679
6366 76 3832
7001 1144 57247
7023 852 42640
5487 51 2599
7003 480 24015
7055 739 36968
6968 0 39
7145 12 630
7008 786 39308
7001 144 7204
7017 225 11262
7020 1612 80649
7021 556 27802
6756 44 2225
5382 178 8909
7055 256 12848
7010 1366 68328
7021 750 37515
5487 51 2599
5557 20 1003
7014 10 523
7014 990 49542
7020 1797 89879
7016 106 5344
7023 1899 94952
5042 46 2301
7017 665 33289
7055 690 34536
6663 19 952
7026 774 38741
7023 654 32718
5229 10 517
7017 419 20955
7013 238 11929
7003 1375 68755
7048 125 6280
7021 234 11740
7017 824 41207
7003 960 48038
7017 362 18125
7019 210 10535
7018 570 28510
7010 651 32556
7008 146 7324
7023 343 17175
5380 0 50
6614 157 7876
6689 36 1811
7001 532 26604
6859 142 7140
7017 665 33292
6663 20 1035
7021 404 20204
7054 1009 50466
7049 1161 58071
5339 90 4546
7017 994 49722
7017 1119 55993
7049 1216 60850
7049 988 49449
6031 101 5054
7010 1455 72779
7014 662 33111
6960 169 8462
7023 1454 72735
6321 71 3574
5229 10 517
7023 1068 53436
6696 0 31
7008 1393 69651
7023 1068 53447
6080 94 4711
7010 1562 78148
7023 804 40243
6663 17 861
7054 1159 57992
6785 14 731
6765 210 10503
7019 445 22288
6751 24 1215
7020 346 17318
7008 144 7229
7016 23 1158
5783 96 4828
7020 950 47502
7017 522 26125
7023 1671 83578
7018 975 48768
7054 537 26892
7025 385 19283
7017 955 47783
7003 411 20595
7013 154 7723
6162 216 10822
6080 94 4711
7020 1884 94230
7049 1934 96727
7023 510 25524
7003 852 42640
7023 654 32737
7014 367 18398
5977 192 9644
7019 373 18662
7008 1110 55512
5459 6 308
7014 5 294
7008 994 49706
7006 558 27927
7012 1485 74292
7055 684 34205
6664 182 9109
7021 579 29000
6975 64 3245
7010 1343 67155
7014 867 43377
7707 7 385
7008 145 7252
7020 312 15601
6319 44 2212
7018 481 24088
7017 675 33759
6616 20 1034
7046 41 2057
7016 41 2067
6021 93 4672
5608 11 586
7003 643 32166
7017 47 2377
7021 579 28985
6991 71 3598
6812 0 22
6968 2 120
7008 890 44533
7055 175 8776
6697 94 4711
7049 596 29829
5586 84 4247
7013 238 11947
