16148 201 10057
17524 130 6539
14903 62 3123
17114 99 4987
15225 35 1792
14396 19 974
15923 344 17222
16517 12 644
14329 253 12687
15913 36 1807
16374 3 198
15222 175 8780
15713 157 7867
14934 66 3331
15844 5 287
15499 5 283
14631 141 7087
15102 58 2927
14243 59 2954
14446 29 1479
14643 72 3618
14377 124 6235
15916 65 3282
14886 101 5090
14712 82 4110
16787 59 2994
17139 317 15899
15086 12 635
15410 138 6922
16134 80 4035
14399 67 3385
15859 81 4080
14368 0 25
16022 113 5693
15665 1 74
17044 108 5428
14300 72 3630
15403 23 1165
16676 256 12823
15259 29 1477
17097 11 551
14152 254 12714
15473 183 9171
14222 12 633
14280 19 962
14801 194 9721
17471 87 4376
14209 135 6794
17373 84 4223
15834 6 339
15882 11 579
14934 179 8952
15482 47 2361
15917 344 17231
15803 10 524
15155 44 2221
14956 152 7610
14464 106 5334
15789 33 1653
14979 22 1137
16527 95 4780
17132 80 4047
15589 4 248
17245 27 1394
15167 61 3060
14172 35 1752
17415 200 10043
17331 14 707
17136 19 961
15915 430 21509
14228 31 1600
14912 2 121
15166 139 6963
15731 8 440
16428 225 11292
15086 121 6100
14220 26 1315
15115 0 45
16038 198 9933
15242 164 8205
17308 7 370
14453 39 1972
17415 257 12899
14151 118 5929
15334 15 799
17228 42 2114
17388 17 851
16011 115 5777
15154 282 14118
14775 26 1312
17414 137 6869
15282 129 6457
14336 87 4353
17093 120 6015
15225 3 182
17205 218 10936
14136 70 3526
16940 12 615
15916 202 10124
15377 30 1519
14526 137 6856
15403 23 1165
16802 93 4663
15715 64 3241
15799 226 11330
14940 147 7363
14556 210 10521
17451 277 13854
15916 424 21228
15286 136 6801
17245 27 1394
16322 11 585
15403 23 1165
15715 94 4709
15017 13 684
17396 23 1179
16526 55 2763
15730 8 426
14290 53 2699
14607 306 15334
16869 120 6022
17280 41 2085
14642 72 3621
15473 19 977
15153 20 1047
14516 98 4938
16433 27 1391
15227 159 7960
15499 74 3730
15231 109 5474
17302 33 1666
17152 78 3927
14134 15 782
16006 395 19760
16499 145 7260
17250 76 3821
14807 98 4901
14779 139 6952
14734 127 6393
17271 167 8394
14740 14 717
15463 361 18074
16310 223 11154
14220 57 2857
16073 131 6571
15409 85 4290
16112 473 23687
15870 109 5474
17341 47 2387
16973 17 892
14316 27 1390
17114 69 3490
16978 409 20475
17394 83 4154
14976 147 7367
15154 181 9089
17525 0 27
17036 196 9801
16188 28 1413
17090 51 2589
14807 186 9344
15528 237 11853
14207 1 89
17043 48 2408
17260 71 3598
17458 161 8076
14298 66 3350
14904 25 1251
15640 13 651
16499 96 4814
15353 45 2283
17248 212 10638
16051 81 4063
17210 119 5970
17265 90 4504
14970 233 11685
17353 25 1278
16738 215 10767
16764 39 1989
14758 65 3284
15486 292 14650
15785 45 2283
15986 161 8068
15161 135 6752
17561 70 3546
16158 16 814
16906 18 912
16158 325 16275
17316 20 1016
15589 4 248
14772 121 6060
16715 283 14151
14768 5 256
15118 61 3094
15161 159 7953
16096 73 3686
17111 236 11838
14541 174 8737
16831 7 396
17224 37 1889
15368 152 7643
15863 26 1334
15431 57 2862
17413 63 3168
15464 133 6652
15669 13 683
15514 79 3986
15491 53 2689
16109 66 3309
15457 201 10071
14634 53 2661
14991 13 664
15554 160 8012
14654 180 9018
15910 7 400
16094 522 26118
16946 231 11567
17158 3 183
14458 123 6179
17415 215 10753
16858 31 1567
15774 175 8752
17541 29 1484
16849 69 3494
14369 163 8162
17248 121 6066
14277 189 9470
14548 22 1140
17171 40 2019
17519 10 524
17308 3 160
14159 94 4747
15800 50 2510
17239 121 6057
16272 14 730
15808 71 3590
14831 168 8421
14550 111 5562
14722 95 4797
16726 170 8519
15466 124 6234
14942 42 2129
15430 82 4138
16150 129 6489
17208 49 2468
17482 165 8293
16137 76 3817
15242 98 4916
17415 61 3089
14812 208 10437
16809 86 4307
15500 20 1030
14609 299 14978
14539 73 3678
16486 2 139
14458 8 410
17187 7 376
15116 91 4554
15103 157 7871
15355 26 1307
15589 353 17698
16319 1 96
14745 86 4303
16283 82 4119
14243 130 6547
14907 14 711
15386 29 1470
16952 132 6632
15149 118 5942
14559 202 10144
14585 17 890
14934 179 8952
17194 2 123
16846 329 16467
17152 91 4574
17011 282 14125
14467 286 14339
14194 76 3821
17481 8 447
15362 52 2650
14831 168 8421
15504 35 1770
17560 82 4140
15073 82 4123
17232 32 1614
14257 178 8945
17439 22 1130
16227 188 9423
14707 17 899
15145 294 14741
15266 49 2473
15481 18 935
15920 28 1419
17469 14 731
16346 38 1947
16281 226 11324
15794 219 10959
14306 117 5852
15302 38 1937
16310 315 15777
15103 57 2875
15297 275 13778
14801 310 15505
14206 22 1127
15669 23 1176
15153 0 5
17361 362 18148
17172 5 291
14384 6 327
15362 52 2650
14537 9 476
15345 10 544
15464 142 7107
17271 181 9070
14955 87 4376
16562 9 494
15502 87 4372
15464 121 6099
15106 206 10334
14552 79 3995
15780 111 5579
15462 131 6558
15800 206 10349
15302 34 1705
15042 4 241
14228 40 2003
17533 108 5423
16507 43 2152
14423 6 334
17540 27 1352
15701 55 2785
14259 22 1119
15834 113 5679
15464 241 12059
15147 66 3329
14652 223 11200
17316 20 1016
17267 91 4570
17194 22 1128
15682 54 2701
14641 201 10093
15123 24 1209
17139 105 5255
14381 28 1409
17364 71 3557
14793 155 7753
14535 103 5190
15554 42 2141
16770 171 8585
15517 135 6792
14934 143 7167
14558 170 8505
15689 224 11227
15155 4 211
17251 68 3426
15282 101 5100
14553 223 11169
14904 29 1491
15228 126 6350
15778 37 1862
15901 267 13351
17165 79 3980
14902 104 5244
14297 85 4254
16906 18 945
14899 124 6240
14989 180 9031
16066 42 2120
16942 78 3931
14316 5 271
14293 86 4313
15944 18 920
17102 15 758
17449 7 386
15097 157 7875
17165 101 5093
17274 15 776
15824 18 919
16060 164 8201
15828 44 2233
17028 4 235
16109 45 2277
15397 5 266
15894 13 682
15302 38 1937
15862 130 6503
17126 156 7801
15593 198 9950
14746 63 3180
15834 52 2613
15433 138 6927
15715 64 3241
14300 72 3630
15915 198 9946
17138 72 3612
17254 0 9
14338 12 603
15228 148 7407
15933 42 2118
15397 233 11683
14997 70 3529
16411 193 9652
15391 70 3530
15458 137 6874
14556 157 7867
16472 127 6367
17317 20 1026
14445 38 1943
15491 54 2728
17383 201 10070
15580 30 1548
17397 53 2695
16172 323 16169
17141 14 702
17208 247 12369
17361 255 12751
17478 18 938
17339 199 9956
15266 20 1016
17154 24 1228
17196 40 2032
14173 15 775
14654 169 8464
14947 4 209
14516 116 5806
14807 221 11081
15902 23 1156
15145 312 15642
15361 218 10901
17444 9 458
14793 155 7753
15318 74 3713
17144 161 8097
14384 6 327
14243 130 6547
17181 81 4062
15677 191 9581
15463 151 7578
15462 131 6558
17361 146 7303
17171 0 47
15464 125 6269
15916 284 14239
17447 52 2649
15702 19 993
17112 139 6954
14274 100 5032
15181 3 165
16113 75 3767
16089 97 4873
15783 260 13010
16305 48 2402
15432 29 1461
15415 177 8875
15862 245 12282
15482 47 2361
16148 129 6479
14891 130 6501
14921 94 4727
15771 18 923
14631 165 8258
15297 131 6569
14741 157 7853
15589 46 2349
17114 101 5082
15457 156 7807
14455 8 410
14298 44 2217
14376 225 11277
15500 20 1030
17557 66 3340
14634 5 279
14798 72 3610
15451 50 2539
14914 301 15069
15828 195 9757
17339 254 12737
16714 175 8761
14880 54 2740
17209 31 1598
17073 159 7952
17036 301 15068
14642 86 4333
15851 7 352
15339 45 2285
14736 122 6109
15160 107 5362
14597 86 4308
14223 49 2456
15464 133 6652
17341 93 4654
14329 109 5489
15970 472 23615
17556 65 3269
17447 153 7654
16148 237 11894
15246 152 7632
15138 29 1478
14242 40 2016
15713 244 12248
14686 32 1648
15801 513 25662
17341 93 4654
16874 441 22070
14653 71 3556
15893 50 2544
17274 15 776
16199 280 14031
17226 62 3114
16119 267 13352
15010 6 312
15167 150 7507
17036 79 3982
14392 185 9281
14901 307 15387
14632 68 3427
16655 11 551
14779 25 1286
14915 142 7111
14801 179 8972
15703 4 201
14257 43 2184
15407 194 9706
17327 124 6207
17251 166 8346
15673 24 1248
17019 85 4259
17453 41 2071
14453 133 6657
14831 151 7589
14645 50 2532
14903 62 3123
17096 10 513
17308 58 2938
14313 270 13535
14801 110 5549
14436 88 4424
17169 140 7024
15639 108 5417
16262 20 1035
14654 184 9208
14632 68 3427
15785 37 1869
16910 88 4402
16076 113 5684
15491 253 12665
17100 77 3867
16891 139 6967
17140 63 3191
14878 84 4228
15348 242 12112
14134 263 13167
17156 44 2221
14392 136 6810
15386 61 3059
15254 93 4675
14551 33 1662
14575 50 2535
16051 228 11426
16008 84 4246
15402 35 1789
17030 155 7758
14789 88 4449
16150 180 9014
17199 25 1286
17472 12 612
15528 318 15908
14893 102 5109
15676 16 821
14626 30 1513
14183 7 384
14245 81 4099
17475 178 8911
14321 21 1051
14802 60 3001
17493 142 7142
14609 16 845
15167 113 5679
17333 110 5547
17311 4 231
15514 157 7884
17135 15 786
15641 1 77
14316 5 271
16923 181 9089
15807 13 673
15983 146 7311
15875 428 21442
14223 204 10203
17471 93 4681
17132 431 21594
15639 78 3931
15227 159 7981
15603 143 7183
14934 179 8952
17371 163 8177
14907 14 711
15486 120 6006
14436 31 1586
17270 74 3717
16138 33 1675
17383 478 23926
15154 251 12561
15322 32 1624
14580 43 2153
16081 103 5191
15774 299 14960
17265 24 1246
14223 45 2292
14368 224 11204
16022 268 13420
15656 35 1752
16172 315 15775
17390 0 44
14228 31 1600
15361 73 3687
17390 48 2445
17413 8 427
17333 20 1045
17282 49 2458
17509 23 1154
15422 70 3515
17073 12 622
17156 50 2508
15097 59 2991
16166 38 1939
14626 15 792
17280 1 63
17206 144 7216
16715 283 14151
14545 29 1478
16110 9 492
14611 205 10285
15425 150 7509
17106 24 1217
15156 11 599
15167 66 3320
17005 73 3652
15394 50 2549
15447 217 10863
14203 28 1434
14721 122 6119
14418 50 2532
14376 92 4634
17205 107 5378
15316 158 7916
15246 63 3197
16172 211 10591
17360 6 342
17333 47 2394
16978 75 3779
14549 208 10428
15774 439 21964
15262 84 4221
14467 14 731
17027 40 2042
15800 206 10349
14399 67 3385
15477 13 660
17352 15 781
15099 27 1394
14923 12 626
15103 285 14268
15282 101 5100
14760 170 8531
15246 172 8633
14244 29 1494
14802 172 8639
16150 352 17610
17408 64 3211
14824 311 15588
15099 2 133
15902 381 19094
15822 18 943
14712 244 12238
14139 29 1486
14550 267 13360
16112 17 887
16141 150 7531
15872 10 518
15659 4 230
15901 301 15069
14934 179 8952
15335 143 7200
16021 167 8369
15479 78 3903
14363 0 31
16552 17 899
15183 16 841
15182 147 7361
15479 294 14727
14191 231 11588
17030 13 658
15469 207 10358
14245 60 3033
15774 211 10588
15528 43 2151
17271 146 7333
14824 260 13039
17232 108 5422
14557 65 3272
15322 44 2212
14603 112 5635
14270 212 10611
15603 143 7179
14127 7 364
17489 155 7795
16158 519 25984
14893 165 8279
16722 162 8121
17418 7 376
14789 88 4449
17251 176 8819
14904 20 1031
14285 2 110
17559 109 5497
17407 137 6877
17140 19 960
15799 268 13442
16340 239 11983
16227 186 9349
14467 52 2640
15428 141 7067
14991 165 8268
16199 222 11144
15098 22 1134
14227 124 6219
14458 8 410
15410 138 6922
15160 307 15362
15458 112 5628
14559 52 2608
17302 33 1666
15916 301 15099
15456 134 6726
15410 104 5245
14453 135 6786
17267 63 3176
17560 142 7108
17451 289 14481
16358 55 2794
15927 146 7311
15443 68 3402
15797 30 1524
15486 325 16266
14418 250 12512
17448 45 2282
15907 110 5544
14428 82 4110
17388 41 2087
15222 63 3184
15463 435 21758
14768 146 7327
14802 172 8639
16715 86 4340
17308 58 2938
17400 12 613
17396 4 208
15689 295 14779
16809 126 6343
15403 175 8773
17324 107 5388
14912 159 7993
17240 398 19947
17559 78 3950
16134 352 17646
17420 3 152
17535 40 2037
14546 179 8958
17165 101 5093
17305 12 643
15949 171 8598
15172 61 3093
17224 53 2673
14225 41 2098
14409 261 13071
14139 213 10657
17240 122 6147
14816 213 10677
15800 274 13749
14550 68 3423
14877 13 654
14546 71 3590
15153 63 3169
14185 32 1619
17559 1 69
15479 247 12386
15689 177 8885
15323 69 3494
14981 195 9771
15294 35 1792
15335 94 4731
17229 14 718
17287 150 7506
14306 210 10533
16159 4 228
17388 41 2087
15286 276 13842
17156 82 4107
17365 11 574
17339 218 10910
15427 202 10115
14149 189 9466
15309 38 1908
17471 93 4681
16594 4 220
17348 9 487
14368 181 9074
17205 158 7917
14564 45 2279
15162 111 5595
17559 109 5497
14772 121 6060
15940 226 11306
15822 0 35
16112 328 16438
15978 24 1248
16864 90 4545
16858 101 5077
14368 276 13840
15457 51 2554
14181 5 280
17237 119 5981
17030 70 3512
17219 1 51
15074 11 578
14559 275 13778
17563 34 1739
16196 36 1814
14989 55 2783
15589 93 4670
14475 27 1358
14270 54 2714
17457 157 7852
16446 169 8455
15463 6 301
16199 461 23076
17528 20 1034
15479 126 6338
17028 64 3241
17140 140 7031
15013 54 2724
17023 208 10447
14621 2 137
14592 9 464
15318 172 8625
15701 92 4605
14284 9 463
14607 182 9150
17383 113 5695
15783 204 10247
14968 122 6102
17123 15 781
15677 149 7490
15634 22 1105
15595 11 592
16424 267 13381
14779 143 7180
15182 71 3599
17144 161 8097
15877 260 13047
15386 74 3729
15922 7 362
14376 243 12198
17457 62 3102
14598 32 1624
14758 232 11623
17361 358 17934
14875 34 1748
17154 34 1740
15882 38 1936
16101 201 10081
14737 29 1493
14770 247 12381
17482 120 6003
15867 25 1285
16036 410 20510
14418 129 6451
15323 69 3475
14281 167 8358
14191 79 3988
14183 17 888
14300 72 3630
14722 124 6201
14937 9 489
17427 11 562
17226 116 5836
16148 153 7652
16352 241 12072
15262 84 4221
15751 7 390
16867 229 11464
16118 58 2937
16209 341 17056
16845 381 19084
14410 175 8771
14376 58 2925
16171 18 902
17208 249 12455
16096 58 2917
16760 21 1086
16978 251 12576
17036 272 13631
17109 1 70
15639 108 5429
17111 112 5609
14139 213 10657
15446 74 3737
15103 150 7502
14831 156 7810
14369 163 8162
14153 74 3728
16888 246 12324
16220 22 1139
16817 239 11973
14590 9 498
17457 124 6226
14611 60 3012
17304 44 2216
15353 116 5808
14924 149 7494
14771 225 11269
15639 2 103
14280 19 962
16310 138 6946
15639 128 6449
14537 9 476
14276 38 1939
14970 94 4733
15415 328 16403
15883 1 57
14916 98 4920
17057 83 4194
14664 227 11353
16676 128 6441
14190 3 164
14244 29 1494
17334 26 1302
15369 22 1122
15639 159 7989
15430 159 7966
14332 15 769
16807 121 6081
15182 135 6795
17181 55 2752
15808 54 2746
15762 187 9358
16562 9 494
14195 16 812
16731 17 876
14893 209 10464
15160 187 9362
15589 188 9422
16096 58 2917
16022 268 13420
14270 215 10753
14976 0 4
17338 87 4399
14910 51 2554
15862 241 12092
15264 97 4858
16901 108 5410
15109 9 457
15592 27 1352
14329 253 12687
14298 79 3969
15456 178 8943
15916 371 18551
17204 123 6185
14438 154 7725
17308 7 370
17100 208 10417
15870 270 13517
16711 147 7351
14667 17 852
14293 192 9637
15386 55 2768
16734 69 3452
15783 169 8484
17169 194 9736
17371 459 22953
14771 225 11269
14347 48 2442
16546 146 7346
14432 75 3795
17334 12 640
16209 294 14716
17424 13 700
15155 9 485
17226 62 3114
17488 176 8808
17245 27 1389
14218 133 6671
15416 99 4980
16464 35 1787
16022 113 5693
15243 107 5356
14453 196 9850
17274 15 776
15902 489 24455
15981 18 904
15783 61 3078
14293 220 11022
16527 95 4780
15013 120 6039
15603 77 3869
14539 212 10602
15902 448 22444
15145 221 11072
17388 43 2164
15933 135 6765
15915 104 5211
17159 44 2242
16878 108 5446
17383 122 6136
15656 88 4447
15061 195 9784
14899 124 6240
17400 139 6967
16489 174 8708
14213 62 3118
15792 44 2243
14610 276 13846
15915 31 1573
15634 22 1105
15916 227 11372
14637 156 7847
17309 142 7111
17383 140 7045
15403 23 1165
15935 143 7159
15924 3 166
17533 100 5002
15361 60 3028
15295 34 1736
15279 70 3524
17168 28 1409
17494 142 7139
15882 7 400
17131 141 7059
17186 48 2416
17198 34 1742
14801 260 13027
14136 45 2291
17415 200 10026
17540 27 1352
16286 267 13397
15520 67 3393
15683 6 337
15223 48 2413
14758 101 5069
15446 87 4365
15061 120 6011
14121 156 7850
15780 180 9020
16119 191 9580
15348 292 14630
15432 29 1461
17073 82 4116
14874 62 3145
17251 52 2648
17407 137 6877
17156 82 4149
17349 12 614
14662 106 5333
16038 161 8092
17533 100 5002
16110 5 290
15479 290 14539
16878 196 9810
14716 42 2129
15482 47 2361
14785 69 3454
14611 11 584
14878 153 7671
14644 215 10793
14763 6 343
16179 44 2247
15154 181 9089
15124 1 68
15639 2 103
15145 312 15642
14154 174 8720
14257 149 7455
16119 21 1096
14259 21 1069
14453 25 1295
15897 74 3714
16288 116 5837
16948 54 2707
16079 24 1215
14368 281 14081
17030 13 658
14458 85 4292
17556 65 3269
17426 27 1365
16495 76 3838
17073 8 442
15471 22 1115
17249 147 7392
15491 36 1813
15183 36 1811
15948 84 4224
14396 66 3304
14578 75 3760
16962 31 1593
14122 168 8427
14246 107 5384
15078 15 785
17081 8 432
14356 191 9593
15172 49 2484
15153 21 1097
16438 18 928
15116 281 14099
14956 143 7157
15783 257 12893
14436 20 1002
14870 127 6395
14652 262 13125
14243 92 4627
14537 9 476
17360 16 841
14756 47 2397
15334 13 669
14910 6 349
15228 7 387
14914 301 15069
16008 388 19419
14634 52 2614
15491 167 8353
14641 138 6906
14277 312 15635
17451 151 7595
14149 273 13686
16159 37 1856
17132 387 19359
14770 297 14879
14358 57 2871
15872 36 1841
15901 276 13801
17056 184 9207
14164 27 1364
14870 9 464
17043 48 2408
14438 290 14521
14206 97 4857
15590 130 6524
17128 101 5099
