11889 11 597
13691 136 6832
10719 26 1331
8508 6 324
12543 131 6575
8804 126 6319
11998 57 2871
12046 94 4716
11751 107 5372
8416 98 4942
10772 118 5921
11867 69 3493
12418 33 1674
8433 32 1644
8562 154 7719
11668 71 3595
10819 8 405
12485 116 5802
12145 191 9597
8548 105 5278
13683 19 999
11972 43 2196
8746 59 2988
11921 169 8490
11512 107 5352
9605 51 2589
8987 144 7201
10906 217 10872
11601 32 1604
12004 283 14173
11906 166 8341
8799 11 556
12543 131 6586
10988 255 12763
9545 218 10929
9243 120 6022
9535 57 2895
8915 113 5680
11664 89 4494
10998 69 3494
12496 20 1002
8419 1 97
10449 206 10323
10856 34 1721
9533 13 688
12565 123 6162
8707 6 307
11738 246 12327
8626 81 4074
9632 126 6326
10592 297 14886
10708 43 2176
9651 355 17770
11747 3 181
11879 40 2016
11527 1 99
8585 35 1778
9473 22 1137
11707 134 6743
12554 86 4339
9028 9 469
9681 77 3869
11593 98 4922
12066 41 2078
8862 49 2463
11119 69 3499
9579 45 2286
8852 50 2511
9583 278 13908
11913 137 6857
8889 67 3386
12054 45 2282
12142 28 1439
9627 17 891
9592 274 13739
10819 6 332
11913 281 14072
10519 71 3586
12070 130 6512
8700 132 6605
10850 223 11169
9704 117 5873
9507 243 12167
9583 202 10137
10905 111 5582
8894 30 1537
9621 22 1132
9279 1 53
12404 82 4102
10483 61 3051
11963 171 8569
12383 7 368
9726 184 9220
9438 93 4687
11779 269 13463
11091 165 8268
11924 8 410
10858 124 6228
9080 31 1577
9061 52 2641
8897 28 1442
9065 82 4131
13542 138 6906
9463 91 4573
8987 143 7157
11274 12 601
12504 159 7981
12566 251 12594
10646 97 4882
8579 24 1236
11707 1 93
11278 82 4137
8529 137 6890
9080 34 1715
11507 6 338
9677 55 2753
10822 68 3436
10705 166 8330
12542 164 8224
9344 244 12213
10592 183 9162
11930 79 3993
12426 64 3248
9267 23 1199
8549 113 5660
11776 30 1506
8626 82 4136
10483 54 2746
8409 19 992
8714 140 7045
11797 3 153
10441 126 6320
11512 12 608
11539 60 3022
12454 425 21252
8589 168 8449
12544 19 990
10800 15 756
8416 129 6476
11879 311 15588
8934 47 2361
11751 287 14379
11861 6 345
9362 248 12404
9542 296 14819
11751 282 14135
8735 4 249
10593 79 3973
11623 108 5406
12565 292 14640
12499 5 271
10624 192 9631
10864 114 5713
13617 114 5703
9285 170 8505
11512 87 4390
9632 60 3049
11001 13 658
9444 329 16496
10850 78 3934
11926 293 14656
13580 58 2907
10545 145 7276
11824 9 479
11741 26 1336
9639 216 10823
8433 191 9561
11648 58 2919
12508 266 13323
12374 88 4417
12542 164 8224
8419 3 155
11529 28 1434
11935 63 3179
9379 242 12122
12549 100 5005
12543 308 15424
11879 311 15588
10998 69 3494
8915 114 5729
9567 431 21583
8958 221 11086
9341 216 10810
8957 235 11792
9326 36 1814
12066 140 7046
9345 63 3177
11629 52 2627
13638 145 7264
13623 82 4134
11953 34 1745
9618 263 13173
11678 32 1635
12145 73 3675
9592 271 13562
11090 202 10124
10648 42 2139
8735 5 254
9702 78 3922
11066 212 10640
11593 41 2071
13661 81 4059
11935 222 11116
11921 138 6918
9411 65 3283
11707 131 6556
10756 10 547
11230 17 878
10850 225 11274
10737 287 14388
11993 0 5
9215 104 5245
9024 46 2324
12145 73 3675
9463 91 4573
11135 49 2460
12446 21 1072
9364 25 1277
10906 221 11084
12558 56 2801
11726 300 15008
11965 136 6802
10765 12 638
9008 118 5937
8922 20 1039
11601 139 6952
8852 37 1886
11134 43 2158
12046 94 4716
9439 117 5889
12086 31 1555
10850 84 4246
12555 10 533
10883 125 6288
12383 7 373
9704 118 5924
8460 227 11386
12066 41 2054
13583 127 6388
9694 167 8395
8958 186 9346
10434 21 1052
8957 233 11658
9656 332 16620
11527 108 5427
9028 9 469
9191 39 1998
9024 45 2282
8852 48 2437
12561 284 14238
11922 107 5391
11614 158 7915
12070 163 8181
9457 85 4264
9486 213 10673
8958 186 9335
11963 79 3969
12438 12 649
8683 203 10173
12039 109 5488
9704 118 5908
11922 70 3505
11779 0 24
12496 20 1037
13695 40 2025
8433 99 4972
11243 82 4112
11632 4 217
10545 146 7345
10848 110 5545
8918 122 6120
9713 64 3210
8889 64 3229
13662 81 4062
13671 124 6220
9511 325 16288
9651 188 9450
9390 7 374
8934 47 2378
11194 1 81
13675 73 3683
11867 109 5494
10592 182 9104
10972 57 2851
9651 186 9313
13661 9 495
11921 169 8468
11653 46 2333
11678 8 448
10625 230 11511
10708 42 2138
10858 128 6403
12071 304 15201
11096 113 5671
9679 44 2241
9712 24 1207
8508 6 334
13616 245 12282
11519 188 9427
8963 61 3063
11926 6 305
10590 40 2031
9454 136 6845
8416 128 6449
13688 125 6261
9090 144 7230
10712 318 15935
11930 57 2859
10849 229 11488
11228 34 1717
12454 425 21287
9243 120 6042
9285 172 8610
10821 12 635
11558 5 275
12039 109 5486
10475 191 9582
11935 29 1482
9694 168 8440
11868 51 2574
10501 18 937
13542 138 6937
10434 105 5254
11648 58 2919
10444 15 780
11726 233 11692
11664 89 4454
10483 58 2919
10471 35 1799
10906 221 11076
9068 104 5217
10660 327 16354
11116 126 6343
9620 44 2217
9195 224 11239
8915 113 5687
9726 184 9220
12566 262 13147
8936 113 5676
12374 88 4417
8918 122 6120
10449 206 10322
8994 164 8248
9712 43 2174
10624 177 8851
11995 33 1653
10646 97 4882
13658 11 569
9215 104 5245
9464 83 4198
13661 9 480
10593 79 3975
10580 222 11122
9651 129 6472
9710 183 9177
9694 170 8516
12036 121 6086
12079 100 5018
12075 48 2410
12538 29 1474
11292 6 348
9702 77 3854
11196 63 3159
8784 57 2894
11828 11 580
8897 25 1296
12145 191 9574
11957 71 3594
10574 19 951
9607 40 2015
9457 86 4320
8669 12 631
10778 182 9118
10660 326 16341
8740 37 1894
12485 117 5889
11186 108 5418
11776 179 8985
11738 171 8580
12145 73 3675
9061 53 2685
10590 43 2190
11842 41 2078
10821 12 648
9470 96 4822
12496 103 5192
12075 112 5646
13583 178 8948
11206 21 1074
12549 90 4543
10609 129 6481
12508 266 13348
11075 12 626
10483 57 2879
11066 212 10640
11668 86 4335
12542 19 951
12374 153 7680
10712 318 15935
12454 425 21252
10672 68 3450
9675 82 4119
8853 199 9996
11529 243 12169
12025 86 4321
13619 53 2683
11759 25 1270
12079 66 3338
10610 270 13534
11492 3 173
13675 235 11796
12558 18 935
9665 8 401
8853 188 9411
9225 129 6499
11861 38 1902
9675 0 1
13477 40 2011
8433 205 10282
11619 60 3026
9191 40 2044
11515 27 1389
12091 185 9296
8810 90 4510
9298 76 3802
10925 56 2806
9702 89 4464
11657 13 664
9052 31 1560
9464 85 4299
11745 53 2698
12565 123 6198
13678 34 1707
12036 5 261
9632 118 5927
8416 106 5348
8549 113 5651
12556 67 3394
9679 105 5292
10518 12 606
11564 26 1305
9563 268 13407
11527 81 4079
8541 25 1260
9516 325 16260
8690 39 1983
8934 47 2367
9395 346 17312
10727 120 6015
9542 298 14920
12000 46 2344
12540 157 7899
11080 103 5191
8918 123 6169
12566 262 13147
10696 255 12765
9037 235 11785
8762 282 14101
10672 68 3442
8996 292 14602
10998 69 3458
11741 5 270
12009 32 1610
11227 3 166
10623 19 956
8695 11 553
8963 21 1071
11933 224 11227
12023 23 1200
9267 25 1283
9681 80 4030
11728 180 9007
11080 277 13889
9627 16 833
10850 23 1159
9030 41 2069
9651 132 6609
10648 53 2676
10660 241 12062
12039 201 10061
13504 74 3727
10623 19 967
9037 236 11822
13634 25 1293
9338 109 5470
10848 110 5514
9267 24 1209
9702 78 3902
10434 21 1094
10501 46 2323
12449 147 7361
12442 179 8990
13467 144 7249
9704 119 5959
8697 122 6121
11515 27 1379
13643 110 5503
9279 0 43
11721 157 7864
12066 274 13715
10883 165 8300
9243 120 6022
9195 225 11277
13621 40 2034
10850 197 9864
9210 254 12722
11821 71 3568
13503 191 9576
11716 74 3702
9632 118 5921
12426 64 3218
13630 57 2874
10449 207 10353
11278 224 11220
10434 21 1094
10906 207 10381
9438 35 1767
11187 230 11507
9601 123 6179
11963 2 123
8697 123 6183
9394 128 6421
8996 292 14602
13623 82 4139
10883 216 10826
8994 163 8152
10580 222 11112
11593 4 212
11111 92 4632
9656 333 16663
12073 65 3282
11632 4 240
13629 31 1599
11935 27 1394
11751 220 11039
13564 7 360
10483 57 2896
9238 128 6428
8894 84 4236
10757 88 4446
10913 222 11115
11913 118 5948
12039 3 186
10819 6 346
10449 126 6333
8859 17 862
9470 94 4710
9075 292 14647
8669 12 619
9668 118 5942
12431 39 1982
10711 101 5091
12383 3 181
9563 391 19591
13621 40 2034
11119 69 3476
9457 87 4385
13639 83 4197
13661 174 8745
11921 288 14438
13676 84 4206
9464 87 4362
11921 4 237
11066 91 4557
9632 128 6420
11970 78 3948
10606 12 614
13582 16 802
11963 153 7675
10765 12 643
10819 6 326
9188 18 918
10501 39 1999
8714 152 7617
10883 174 8712
11878 10 527
11919 185 9257
12066 41 2065
11278 35 1776
13623 54 2729
12485 117 5890
9404 126 6328
8909 48 2430
11685 149 7476
9579 114 5736
9444 326 16338
13503 191 9579
9345 206 10350
9535 57 2875
11618 42 2119
11519 72 3637
8996 288 14427
10747 50 2521
11963 2 123
13470 46 2346
9615 25 1288
10449 126 6336
10837 165 8266
10592 298 14937
9640 108 5423
9579 115 5792
8862 52 2621
11707 93 4693
10660 324 16209
8433 204 10235
11759 25 1292
10592 180 9031
10848 105 5269
11972 21 1079
9726 256 12850
9410 71 3569
9500 2 146
10449 127 6398
9679 105 5298
13618 35 1787
10705 2 147
9090 138 6938
9713 67 3375
11842 15 788
11182 87 4352
9247 44 2204
8915 117 5877
11872 75 3797
11648 58 2934
9028 11 591
11508 160 8040
13675 208 10449
9545 210 10504
11868 51 2574
9405 11 571
11514 32 1636
12073 24 1224
11589 59 2977
10624 193 9700
12145 191 9597
9533 14 713
9439 116 5823
11965 420 21005
8690 41 2067
11763 76 3811
10449 208 10436
9267 24 1209
11759 25 1274
11071 8 409
12095 133 6653
10390 62 3103
9632 39 1975
13683 19 956
11976 371 18582
8905 52 2620
8439 19 997
13623 116 5828
9068 105 5279
9677 55 2753
11724 6 307
10692 103 5152
12039 201 10087
10579 9 451
9620 56 2812
11001 17 889
10599 114 5719
11891 156 7827
8690 164 8215
10592 295 14784
11237 23 1152
10858 124 6217
11776 59 2954
11817 0 39
9324 39 1999
11237 42 2121
8994 24 1242
9024 185 9263
10434 114 5745
11564 108 5406
8959 183 9197
8782 15 761
11619 3 192
9439 115 5760
9341 215 10787
13623 116 5834
8716 95 4792
10773 85 4251
10747 50 2505
13617 114 5729
11712 1 61
11228 34 1704
9681 80 4010
11025 95 4775
13638 145 7264
8852 32 1636
11001 13 658
11879 128 6437
10647 81 4100
11292 6 348
8707 7 372
11551 92 4618
8445 191 9570
8735 4 211
9326 37 1851
10660 200 10043
10822 68 3448
9394 124 6203
9639 215 10787
11169 217 10892
11957 92 4650
11527 106 5312
10442 10 503
12485 222 11129
11259 16 832
11614 14 718
9668 193 9697
11668 71 3595
9442 172 8618
11965 345 17293
11991 100 5011
10712 304 15245
9196 3 162
13569 145 7267
12066 41 2069
8416 128 6449
11867 14 743
11924 8 424
12486 74 3706
11707 101 5074
9615 26 1341
13580 58 2934
11741 40 2013
13695 40 2010
9507 243 12162
11543 122 6122
11847 74 3712
10838 50 2547
13548 4 242
11998 134 6721
9345 205 10294
10712 314 15706
10660 240 12006
11872 120 6048
10694 159 7956
8918 122 6126
8746 208 10414
11889 17 887
8413 11 576
12538 3 199
10501 45 2278
9354 38 1946
13538 13 682
8416 80 4030
11601 297 14864
12039 3 187
10858 127 6366
11186 258 12938
9394 126 6323
11779 6 333
9395 346 17315
12566 251 12594
9457 86 4310
10551 117 5889
11872 120 6028
11878 224 11247
11728 10 535
11747 27 1380
10804 91 4552
9285 169 8490
9308 33 1663
8454 27 1373
10437 140 7036
11963 359 17993
11763 108 5411
8620 131 6576
11913 137 6859
11080 103 5163
8915 117 5861
11551 108 5436
13683 10 547
11529 291 14598
10519 72 3623
10635 67 3359
11091 165 8284
11544 3 154
8957 235 11792
9285 172 8609
12508 266 13341
11891 103 5152
11727 288 14421
12554 86 4339
12392 19 990
12549 100 5014
8416 106 5312
11976 371 18557
11779 269 13469
9196 3 161
9065 95 4785
11801 15 760
9619 154 7708
8770 57 2864
8853 201 10066
10434 114 5705
12566 262 13118
11691 38 1916
11508 29 1456
10449 126 6326
10850 23 1159
12070 187 9396
8695 20 1007
11969 18 922
13467 144 7244
10609 134 6721
8746 57 2883
11763 76 3849
10471 35 1769
13676 50 2530
10520 81 4097
12558 18 920
12426 64 3228
10756 12 647
11984 87 4394
11728 218 10912
11519 192 9650
10921 243 12195
10449 207 10355
13662 81 4062
11911 16 849
9195 84 4246
8782 16 816
11915 24 1202
10711 44 2216
9366 127 6385
11885 82 4135
9516 249 12491
9620 46 2345
8541 25 1261
9285 172 8609
11599 59 2978
9702 89 4470
9461 108 5413
9545 218 10950
10821 13 676
11922 26 1327
9533 14 713
12023 23 1153
11989 81 4087
9545 181 9075
9651 129 6455
12508 266 13323
8626 81 4075
11601 139 6998
13635 72 3623
11776 146 7327
13477 38 1918
8959 183 9153
8852 37 1886
13491 59 2980
13629 109 5467
11965 383 19159
9516 484 24214
11707 146 7301
9090 135 6787
8852 50 2511
8746 208 10413
11820 253 12693
9386 63 3197
10590 43 2164
9254 23 1189
12054 45 2287
11119 304 15206
8894 84 4225
11792 16 846
13542 153 7700
11664 119 5975
11998 399 19966
10906 205 10283
9075 49 2454
11866 71 3581
10353 0 16
8413 14 715
11885 42 2135
12556 67 3357
9535 319 15994
12071 302 15137
8413 11 592
12508 140 7036
11599 50 2532
12549 100 5050
11213 63 3191
11740 11 563
8936 114 5712
12377 5 265
13671 124 6239
12091 367 18362
11514 37 1855
12077 166 8307
10609 142 7130
9090 136 6814
10606 11 552
11187 319 15994
12025 86 4313
11926 293 14656
8740 35 1772
12036 115 5788
13565 35 1751
11080 3 194
8416 80 4033
11182 171 8551
11551 108 5404
13491 54 2744
13687 1 57
11872 227 11371
10592 182 9122
11508 114 5717
9511 323 16198
10773 150 7502
11842 41 2066
10692 103 5198
8687 212 10635
13552 57 2886
10858 124 6248
10716 144 7215
10883 216 10812
11774 30 1532
10520 81 4071
10624 176 8815
11868 66 3348
10609 140 7032
10551 117 5881
11134 78 3934
12517 239 11964
9448 62 3119
13583 72 3648
8862 52 2624
10520 81 4060
11085 2 115
11116 126 6327
11492 3 185
10353 0 18
11972 120 6042
9196 0 46
11619 3 196
11187 217 10856
9247 42 2114
13470 95 4790
9709 8 426
9386 18 938
11505 29 1460
11617 179 8973
9483 217 10881
10623 17 893
11707 134 6743
11664 119 5986
9679 106 5331
9464 83 4172
10520 81 4093
9605 51 2555
10850 79 3955
9620 301 15072
9094 5 283
11119 115 5798
9239 149 7484
11545 266 13330
10905 111 5570
10522 182 9108
10846 121 6069
10837 144 7249
10666 42 2136
10436 305 15290
13491 59 2953
10609 135 6765
9464 87 4362
10625 231 11592
11977 7 368
9639 216 10823
11927 59 2957
13542 153 7692
10748 68 3444
9656 331 16596
10660 324 16209
11842 15 752
9338 107 5391
10580 221 11066
10647 81 4057
11977 30 1534
8468 55 2758
10716 119 5972
10951 29 1469
11618 42 2106
9068 43 2166
11738 250 12502
8529 276 13817
13614 26 1328
10448 100 5028
10520 213 10666
12070 187 9371
12441 113 5682
10635 65 3258
11606 175 8783
11601 1 77
8419 0 41
11540 64 3209
10822 66 3340
9341 217 10886
11707 131 6576
9338 107 5363
9470 46 2322
10913 219 10990
12054 152 7638
9618 262 13114
8957 256 12827
8915 121 6077
11186 166 8340
11751 220 11034
11917 21 1061
11576 29 1483
11520 271 13555
10883 174 8708
12091 185 9275
10864 19 979
12557 71 3585
10905 110 5541
9061 52 2647
8707 7 394
12566 251 12589
11995 33 1682
11913 80 4047
11974 26 1316
11885 42 2103
11002 3 170
10574 19 986
8441 189 9498
10966 251 12579
10883 125 6298
10609 141 7098
8957 233 11698
10773 110 5510
9386 184 9244
10848 110 5545
12039 99 4954
11527 134 6724
11738 184 9221
10906 207 10377
13648 80 4003
9639 218 10903
9061 51 2553
10437 141 7056
9210 0 35
11878 153 7664
12540 12 607
9516 329 16478
11763 16 828
13675 73 3698
13688 7 352
13634 17 884
11075 12 647
10848 110 5534
9726 186 9340
11751 25 1256
9410 73 3665
9090 138 6938
12039 84 4201
10822 70 3537
12066 41 2065
9656 333 16693
10848 112 5618
10475 192 9646
8994 24 1234
12000 65 3283
10822 70 3529
11599 50 2523
11119 48 2419
10838 47 2360
13691 29 1475
9632 128 6439
8587 79 3981
11565 120 6035
12000 97 4860
8702 200 10015
13626 67 3376
9345 60 3017
11991 10 548
10353 0 16
12542 19 955
8897 27 1371
11111 92 4625
9344 52 2624
9065 82 4131
12027 33 1673
10660 241 12066
9651 130 6539
11274 12 601
9615 25 1288
9196 2 119
11763 108 5424
10748 65 3271
13619 53 2667
10719 12 648
10719 25 1294
13642 62 3148
9679 48 2435
8958 188 9442
9345 206 10317
13692 71 3566
8750 214 10722
9516 213 10655
8746 57 2859
11786 285 14283
11551 92 4618
9024 44 2207
11957 71 3566
9068 41 2068
9298 79 3998
10696 234 11711
11933 186 9318
8994 19 978
12557 71 3592
10756 12 647
11135 74 3711
10846 123 6179
8784 58 2929
9554 31 1557
9030 135 6783
8700 83 4186
8735 5 289
9341 216 10845
9621 21 1083
10592 298 14910
12110 219 10963
10705 8 413
10599 114 5712
12560 86 4306
11000 17 893
11747 3 192
9210 254 12722
11601 200 10031
10756 70 3536
11861 6 303
11508 183 9186
11841 25 1254
10846 121 6069
10434 95 4796
13454 19 956
11745 15 790
9668 116 5815
9195 224 11239
10972 57 2851
11664 16 837
9188 19 964
13648 80 4036
10771 246 12314
13470 72 3636
9545 210 10541
12438 102 5143
8690 42 2147
9620 301 15092
11998 57 2877
12392 8 450
11922 136 6814
12379 11 591
8687 212 10606
11830 39 1975
8419 6 315
11726 161 8094
9470 48 2429
11830 114 5722
12079 61 3061
9345 61 3075
11119 309 15483
10756 80 4011
11741 26 1336
11527 7 389
11847 74 3740
10925 124 6231
12449 83 4166
8902 35 1777
9324 55 2771
8922 19 989
9217 22 1107
10535 19 976
10756 70 3531
12079 61 3068
9196 1 76
10858 128 6439
9225 129 6499
9620 44 2236
13678 24 1240
9639 215 10787
12066 41 2085
9632 60 3050
9390 7 374
11965 54 2731
9009 146 7335
9454 134 6718
8957 234 11739
9519 263 13175
8936 112 5614
10711 100 5003
8958 190 9515
12066 41 2062
10520 73 3652
9379 243 12155
9345 207 10396
9035 139 6979
8695 7 373
9442 173 8685
9384 56 2802
10660 323 16168
10522 180 9009
11713 43 2189
11957 71 3566
12540 12 605
13542 138 6937
8416 80 4030
11963 359 17990
9075 47 2354
8782 16 815
11830 133 6652
13629 229 11488
11619 19 1000
9439 115 5760
8894 30 1505
13618 31 1587
13656 12 645
12442 179 8967
9694 169 8469
8904 65 3299
13676 15 793
9583 277 13863
8902 34 1705
8695 22 1105
8468 55 2751
12029 27 1363
12425 38 1942
10883 165 8260
12383 64 3237
11492 3 176
9640 110 5527
8702 198 9913
11913 137 6859
13552 57 2879
11921 178 8948
8701 224 11223
9470 48 2402
10623 18 929
9438 35 1775
9298 54 2723
12056 37 1888
11551 106 5342
10623 18 928
9507 243 12167
8770 271 13551
10625 230 11520
9669 189 9466
10883 165 8274
12459 107 5359
9028 8 426
8889 64 3234
9454 104 5235
13695 99 4976
9601 125 6262
10925 124 6215
13463 22 1129
10501 45 2278
11878 119 5969
9304 104 5227
12543 131 6570
13583 7 372
8698 84 4247
10483 60 3006
10756 10 527
10569 4 235
8762 305 15264
13630 35 1785
10844 73 3673
13565 67 3384
10579 9 460
10747 18 917
12505 87 4365
10449 126 6317
8964 184 9231
10906 128 6450
10705 8 413
9369 34 1743
8695 9 457
11078 20 1009
11088 4 210
11830 191 9574
8915 113 5671
8508 7 358
9080 31 1577
11119 309 15456
11884 54 2749
9470 96 4804
10748 68 3444
12508 164 8232
9675 82 4115
12506 9 493
9362 248 12413
12556 8 413
10606 12 614
13477 38 1924
8620 129 6498
11529 1 58
8909 47 2354
13638 46 2325
11972 21 1060
11887 88 4435
9298 77 3866
12039 99 4954
10755 122 6148
13675 73 3699
12549 96 4847
11094 187 9376
13623 82 4134
13655 29 1488
9516 329 16452
10665 238 11906
8468 56 2841
12383 3 182
9679 105 5298
8750 217 10873
13536 74 3713
8934 47 2378
8697 122 6121
11515 27 1379
8852 50 2528
9709 7 360
13629 229 11488
11913 137 6857
9394 125 6292
13477 54 2745
13542 138 6918
11119 309 15483
10737 289 14490
11519 192 9618
8994 163 8194
9384 55 2767
9030 41 2093
8433 202 10112
9618 264 13201
13678 118 5910
13504 74 3730
11094 91 4583
13675 19 986
11589 146 7306
8897 25 1278
8419 4 214
9214 126 6319
11957 92 4650
10666 43 2159
13565 35 1780
9704 119 5978
8922 21 1065
8508 5 269
12379 96 4817
8915 121 6077
12075 134 6725
10849 229 11463
12000 97 4880
11913 318 15923
13683 10 530
10624 176 8836
9567 156 7834
9567 158 7931
9557 2 147
13620 53 2663
9542 293 14669
10592 296 14818
11926 239 11987
13675 19 968
9702 88 4445
11821 70 3539
12073 98 4922
10569 6 313
8959 210 10515
12377 5 256
13616 245 12274
10793 58 2947
11551 123 6170
9438 34 1740
12482 295 14761
9324 39 1968
9427 153 7677
8579 21 1099
12438 102 5143
11884 265 13254
11878 85 4262
8915 118 5950
10449 287 14373
10448 100 5048
11738 109 5466
12036 121 6091
13692 71 3587
11186 108 5439
11103 60 3046
10850 84 4242
11778 13 652
9632 123 6170
8909 45 2290
10756 10 547
10773 82 4129
11879 228 11404
12497 13 688
10800 21 1062
8471 20 1011
10445 157 7852
13491 54 2744
10593 72 3631
12517 239 11969
8697 121 6075
12508 99 4978
9694 170 8529
9028 6 315
10609 134 6715
10355 265 13286
11833 88 4443
11879 244 12207
11977 7 383
8471 20 1011
9473 23 1188
13675 208 10407
11187 230 11507
12000 97 4886
9369 34 1743
8959 184 9217
8720 124 6226
11658 11 566
11071 270 13543
13634 25 1298
9075 46 2329
9326 37 1887
8987 140 7039
11599 61 3096
9195 85 4264
10688 84 4245
10578 17 881
9298 27 1380
9583 501 25063
11821 94 4746
12374 88 4448
13643 110 5536
11601 211 10574
10905 106 5347
9210 0 35
10480 111 5578
12004 193 9692
11087 18 947
8448 134 6714
11915 31 1574
9281 70 3528
9267 25 1261
9345 62 3113
10750 12 644
8740 35 1763
10660 197 9860
10520 81 4097
11135 74 3711
12383 7 389
10972 58 2916
10609 141 7070
8746 60 3018
11923 146 7346
10838 47 2362
9583 500 25003
8458 80 4050
10822 66 3326
11878 119 5987
10445 160 8043
10551 117 5881
11866 71 3577
13477 99 4977
9068 107 5385
11913 80 4047
11963 332 16622
11763 234 11731
9454 104 5235
9437 30 1510
9709 9 469
11196 28 1437
11601 165 8274
8677 10 531
11866 71 3578
8862 49 2463
10449 127 6369
9632 60 3012
8433 97 4896
8747 123 6189
9618 264 13201
8416 128 6450
8454 27 1373
13658 11 569
10811 48 2449
8541 24 1245
12442 42 2132
8909 43 2190
10906 132 6626
11601 1 88
13561 23 1169
13503 191 9589
8700 206 10346
12446 87 4368
10569 7 353
10696 234 11705
9243 120 6018
13542 153 7652
10436 305 15290
11965 136 6802
9379 243 12193
9225 131 6574
9427 154 7724
8458 78 3919
12392 19 990
12449 83 4156
11243 42 2134
11965 165 8257
12383 3 182
8914 20 1015
12075 134 6732
11537 8 449
10727 119 5969
11953 34 1728
10434 21 1052
11601 211 10553
9677 9 494
11924 269 13500
13504 12 641
9621 20 1044
11896 21 1096
10756 75 3792
13580 146 7347
10800 15 756
13691 135 6785
13675 78 3919
12566 232 11624
11878 224 11235
10609 132 6638
11515 27 1389
11751 220 11039
11776 47 2366
9410 71 3569
12377 5 288
8959 208 10432
10712 316 15841
9030 121 6086
12004 283 14173
11707 146 7332
10748 65 3291
13616 245 12253
8859 17 851
10545 145 7300
12441 401 20064
9304 105 5276
13491 59 2990
11604 155 7755
10580 222 11109
11993 0 33
10635 67 3384
9247 42 2114
10434 21 1075
12406 5 297
12070 313 15678
13454 7 374
9679 46 2334
10640 28 1421
10592 183 9182
10475 192 9646
10727 117 5860
11071 8 409
11922 70 3529
9344 245 12299
12039 84 4234
10483 58 2948
11520 54 2729
8958 188 9442
9533 10 544
9546 83 4196
10441 125 6261
12392 19 993
10748 65 3274
9668 193 9656
9702 88 4405
10593 72 3644
9037 236 11822
9601 120 6026
9041 83 4170
9461 107 5356
11521 57 2900
9438 93 4653
11741 36 1829
13548 4 211
8548 75 3752
11243 82 4133
11727 288 14421
11989 81 4073
9461 107 5367
8433 202 10113
11943 121 6094
10950 19 988
11926 122 6143
10449 127 6384
13691 136 6843
11673 29 1467
8770 271 13551
8897 25 1264
11926 239 11953
10811 48 2420
9035 138 6909
8700 133 6662
11998 134 6750
8711 0 30
11169 129 6482
8859 14 707
10727 117 5852
9557 1 89
11921 252 12639
11664 119 5985
9072 127 6373
9444 327 16387
9298 29 1470
9338 107 5391
8996 291 14575
8859 14 731
12077 166 8326
13618 110 5534
10864 115 5766
9651 132 6624
13561 114 5723
13569 145 7267
12039 218 10950
8915 116 5842
11935 222 11116
9500 0 8
12073 187 9399
13623 116 5817
9298 77 3894
9500 6 348
11202 7 354
8958 186 9335
11738 250 12502
9394 125 6258
10837 142 7141
9499 309 15456
10635 65 3265
10520 81 4093
11002 3 196
11134 43 2163
13477 40 2011
10747 17 886
9675 2 133
11924 8 450
11921 17 894
12077 56 2801
8959 207 10393
10696 281 14093
9515 104 5221
10747 50 2513
9439 117 5854
12036 121 6086
11599 50 2532
10672 68 3450
13675 235 11800
11521 43 2196
11842 15 760
9473 22 1137
8690 164 8225
8539 38 1912
9651 129 6496
9411 64 3245
11972 147 7381
10848 112 5618
11094 115 5782
10747 19 971
8922 23 1162
10708 39 1966
12027 14 703
9386 255 12795
9035 139 6961
13618 110 5534
12441 401 20069
13583 72 3648
9677 54 2749
10434 105 5278
9442 4 229
11186 108 5419
11119 155 7755
10646 97 4882
8687 190 9549
10449 127 6391
9583 277 13886
8996 290 14501
10905 106 5303
10437 142 7114
10390 63 3156
8959 208 10432
11601 200 10050
13691 23 1195
11629 10 532
11184 21 1057
10705 166 8330
10606 3 156
12077 166 8347
11991 71 3552
9061 52 2635
11668 86 4346
11779 227 11380
11096 50 2503
8690 39 1990
10590 42 2133
11589 212 10607
9554 33 1687
10906 205 10292
11833 80 4035
12079 83 4178
12418 33 1672
11001 17 895
12009 32 1610
11087 47 2362
10822 71 3570
11564 108 5418
10711 101 5091
12073 128 6444
9188 123 6198
9511 324 16203
9668 12 605
11776 59 2971
11182 87 4359
10545 145 7272
11878 224 11237
9554 33 1687
9620 288 14409
10688 103 5157
12079 10 534
13691 29 1458
8862 133 6688
12052 6 348
12364 111 5571
10850 225 11291
9238 131 6580
9627 16 833
9453 1 57
9515 104 5221
12036 1 91
11521 43 2182
10434 113 5653
9214 128 6436
11912 87 4391
10829 11 586
10683 272 13645
9195 222 11149
9344 244 12205
9713 66 3308
11726 188 9431
11589 146 7305
8458 78 3939
8915 113 5680
8695 8 428
11169 129 6491
8810 93 4656
10545 146 7329
9238 131 6593
10545 145 7297
8994 162 8111
12508 266 13331
9637 84 4218
12032 9 485
8620 129 6497
9090 136 6836
12075 49 2492
9453 1 57
10950 18 920
10501 18 915
10696 254 12740
12073 65 3295
9516 249 12483
13662 132 6616
12020 14 705
13623 97 4897
10906 128 6437
9546 84 4235
11589 205 10263
8529 276 13830
9500 393 19655
9090 136 6836
11214 54 2726
9035 138 6909
9500 2 146
9390 7 391
13580 4 212
11150 5 292
11935 247 12396
10729 51 2581
11759 208 10438
10483 58 2926
9627 17 854
12426 9 494
11830 191 9576
11139 4 224
9438 34 1740
12426 87 4398
9243 120 6044
9225 130 6541
10845 192 9648
11900 28 1434
11751 25 1300
8746 59 2961
13623 54 2723
9394 124 6232
8905 49 2453
11976 371 18582
12056 368 18442
8746 85 4275
8894 30 1547
11957 71 3571
11913 323 16196
10906 213 10680
13688 125 6296
11913 137 6853
8735 5 270
11091 165 8293
10434 113 5665
10988 186 9312
10672 68 3424
10771 244 12207
10864 114 5741
13583 178 8948
11926 6 350
10757 103 5169
12449 83 4187
10665 240 12008
10520 217 10874
12542 164 8211
11589 59 2987
12079 100 5025
11957 92 4640
10390 63 3192
11593 98 4922
8720 163 8169
11589 205 10295
9411 66 3307
10822 71 3564
11779 6 333
9362 246 12304
12520 12 647
11532 49 2489
10756 80 4015
10711 98 4920
9464 85 4283
11087 47 2362
11842 49 2488
8746 59 2961
11933 224 11214
11922 3 184
10592 297 14860
10660 326 16327
10755 126 6318
11291 33 1685
10811 49 2492
9080 30 1525
12091 367 18356
11933 128 6403
9072 128 6422
11668 71 3591
11529 28 1431
11174 1 69
10665 240 12045
11564 26 1324
11707 126 6314
9583 281 14095
11135 74 3708
9080 33 1660
11065 166 8308
8914 18 913
11965 136 6802
8859 17 851
10692 101 5070
10811 48 2440
8714 140 7007
9632 127 6353
10837 144 7222
13565 35 1760
9341 217 10886
8804 126 6345
9230 0 15
9668 193 9675
10819 8 405
8735 4 247
9470 48 2405
11879 228 11448
9239 149 7481
13504 12 647
11972 43 2196
9386 20 1014
11162 32 1629
10660 241 12054
9583 216 10804
10778 180 9004
10773 111 5589
10569 5 256
11878 10 527
11728 218 10912
13675 208 10407
8409 19 995
10883 165 8273
13633 32 1628
13583 72 3624
10569 4 231
8909 45 2269
9405 12 610
13537 1 90
10683 155 7773
9364 25 1298
11194 1 86
11512 87 4379
11169 217 10856
9094 4 206
9075 48 2407
8695 22 1148
9009 146 7335
9669 190 9544
9035 135 6774
11830 114 5710
13580 4 247
9713 64 3214
8936 111 5584
9304 107 5370
8859 15 782
10475 187 9355
9681 79 3987
10737 287 14370
9454 107 5379
8508 6 328
8762 305 15277
11080 103 5158
8441 190 9545
11943 236 11814
10522 181 9078
8859 15 758
10647 81 4068
9188 19 964
9567 156 7834
13695 99 4976
8994 163 8198
9470 93 4673
10483 54 2727
8419 5 266
13667 2 110
9362 248 12417
10574 24 1249
11935 29 1482
10449 287 14375
10688 83 4154
9505 216 10832
13454 19 977
12070 359 17957
9454 105 5270
10545 146 7334
9545 181 9085
11721 152 7633
12497 13 688
9601 124 6246
11519 72 3629
8879 106 5322
9254 24 1201
11721 1 93
9621 20 1044
8909 43 2191
11728 336 16832
10765 13 670
8987 141 7057
9717 310 15526
11880 17 865
10574 25 1270
8996 292 14622
13626 82 4147
9717 309 15499
10471 35 1768
8446 311 15553
11972 68 3432
11879 40 2016
13687 1 91
9321 90 4515
8936 109 5454
8714 140 7007
10998 42 2121
11957 71 3578
13638 46 2332
9035 136 6810
12466 39 1996
9702 77 3854
11527 108 5427
11103 60 3037
11740 84 4211
10719 25 1289
10837 143 7199
11779 55 2799
9404 127 6378
8853 201 10058
9090 144 7207
11507 6 331
9340 91 4563
9702 89 4495
10569 6 341
13626 45 2287
10648 53 2654
12554 86 4327
12039 272 13643
10475 191 9577
10606 3 162
10848 194 9722
10648 69 3475
8994 162 8116
11664 119 5975
12056 112 5601
11521 43 2158
9615 27 1359
10647 81 4100
11759 25 1264
9344 88 4425
12025 86 4313
8918 123 6167
10635 65 3295
11119 110 5515
9516 126 6329
13586 0 31
9615 25 1281
9345 208 10408
11134 43 2183
11508 160 8014
8468 56 2841
11878 225 11293
11514 32 1639
8852 37 1892
11551 106 5329
13527 24 1225
11519 72 3637
9344 246 12336
10711 100 5029
13564 7 360
10712 307 15357
12543 308 15411
9030 121 6098
10518 11 579
9454 104 5222
12079 10 529
12485 82 4121
9583 205 10281
8683 203 10179
10517 28 1410
11135 73 3700
10592 181 9063
11830 148 7402
9712 25 1273
10449 127 6369
11186 166 8308
11727 296 14807
11707 53 2696
9545 211 10557
12086 31 1555
11953 34 1728
12075 49 2497
9390 7 391
11965 420 21004
11776 146 7303
10449 206 10344
9327 11 591
11751 150 7529
11599 61 3061
11741 102 5146
10848 105 5286
9340 92 4605
9304 107 5358
10837 165 8262
9238 131 6591
10489 48 2439
12556 67 3357
8762 283 14178
11135 74 3709
8762 282 14125
8914 19 968
11150 5 293
13467 150 7520
11879 228 11404
13583 7 364
8697 123 6161
12496 96 4809
10483 58 2947
11776 146 7326
10517 29 1460
12364 40 2023
8620 130 6510
9386 184 9235
10829 11 587
12079 61 3078
10442 12 605
9453 3 182
9632 118 5944
10437 140 7019
10906 205 10292
8548 103 5154
11085 2 141
10471 35 1768
11066 91 4571
12545 40 2042
13692 71 3574
8585 35 1783
8701 224 11233
12066 274 13718
9500 0 8
10931 106 5319
9717 310 15545
10705 0 44
11278 51 2565
9583 500 25003
10773 113 5673
11673 43 2171
12485 82 4136
8750 216 10822
10711 101 5070
10850 84 4246
10660 241 12076
12506 9 493
11776 11 560
10832 61 3063
8419 1 56
8897 26 1324
11774 4 228
11707 53 2681
9210 253 12660
9188 19 995
10850 22 1138
11599 59 2978
11933 101 5074
10590 5 280
10624 267 13352
8433 204 10210
8441 191 9567
13477 54 2729
8690 163 8167
9444 326 16349
13583 72 3630
11779 63 3192
13561 95 4764
10442 11 584
9411 64 3245
11119 10 531
8915 119 5954
8852 48 2437
12369 58 2943
8740 35 1759
9442 173 8688
12506 9 455
10848 111 5570
8579 21 1090
10609 141 7054
11776 105 5287
10748 65 3291
11926 265 13275
10913 222 11114
10625 233 11698
13692 17 868
12364 40 2017
9713 65 3283
12094 6 318
10757 102 5143
11707 93 4693
12565 123 6185
11512 87 4382
13618 110 5507
10611 99 4953
9651 107 5360
13629 134 6750
8914 19 965
11085 2 110
9009 147 7359
10590 41 2053
9457 86 4310
9072 127 6373
8620 128 6432
12070 371 18593
11589 210 10519
13467 150 7540
9324 80 4024
12066 274 13731
10931 103 5160
12441 401 20064
8905 50 2504
8996 57 2876
12079 61 3078
11623 108 5411
8419 5 271
9410 72 3633
11792 11 554
9453 4 208
8915 120 6046
11187 217 10856
10906 213 10695
11896 9 458
10696 234 11721
9605 71 3554
13676 49 2485
12000 65 3290
12039 77 3884
11678 32 1618
12056 330 16532
10611 103 5176
12368 49 2473
10437 142 7113
10593 79 3973
12404 82 4125
9500 391 19594
12543 308 15434
11884 68 3427
11614 6 341
11841 19 972
9726 239 11958
9557 2 134
11614 158 7904
12073 187 9375
11564 94 4713
11887 159 7953
10822 68 3407
12066 94 4721
11845 29 1493
12504 149 7493
10390 62 3103
9651 187 9381
10729 51 2557
10849 220 11028
8589 168 8450
12025 272 13623
10623 15 767
12004 113 5687
9726 186 9316
8770 271 13577
11943 254 12712
10837 142 7102
8918 123 6165
12566 262 13138
11601 165 8275
10813 70 3542
11847 74 3720
9583 215 10797
10756 12 633
11512 12 608
9238 128 6428
11922 13 680
8959 183 9153
9464 85 4299
11618 30 1528
11096 85 4299
12404 29 1499
9675 1 65
10625 231 11593
10660 327 16356
9024 44 2235
9065 82 4106
8957 233 11692
8419 6 315
8465 258 12917
8702 197 9859
9470 165 8290
11514 37 1876
12418 33 1693
8695 7 374
9470 91 4582
10444 15 766
10578 13 675
9090 142 7134
10660 325 16289
11601 211 10597
11935 222 11132
11000 16 832
11738 184 9216
9030 122 6148
12542 19 951
12070 130 6518
11991 57 2895
12504 149 7456
10849 228 11406
10850 197 9889
12418 33 1660
10646 96 4820
13505 9 470
9345 62 3113
13564 7 355
9470 46 2304
11230 17 875
10660 239 11985
11071 8 440
8914 19 981
11685 123 6157
9386 18 940
9651 129 6472
12004 283 14167
13639 83 4166
8695 11 579
13623 97 4896
13661 70 3525
11614 158 7932
8419 4 209
11922 70 3535
9620 289 14483
11759 25 1292
8697 123 6152
12005 89 4490
13537 1 74
8799 12 643
12023 23 1200
10580 239 11993
9068 106 5328
11935 250 12524
11930 276 13837
11090 202 10130
13588 4 231
8787 93 4668
9030 121 6086
8508 6 334
9651 129 6496
13618 31 1562
8750 214 10722
10483 54 2748
11709 57 2868
12070 24 1237
8957 235 11761
8416 129 6463
11080 103 5152
9473 20 1028
9470 91 4582
9379 241 12051
9668 244 12250
8905 50 2504
13586 0 21
11792 11 554
13691 135 6767
8714 152 7617
9712 43 2151
9345 63 3177
11891 130 6549
11001 14 733
8994 164 8205
12485 220 11023
9681 80 4024
11963 171 8577
9442 7 359
8620 128 6445
11591 57 2875
11878 225 11277
9340 90 4548
8918 123 6161
8666 55 2788
11119 110 5548
8705 77 3866
11879 228 11448
9519 255 12784
9463 92 4623
9665 8 411
8537 268 13437
13467 147 7368
13583 127 6386
11926 293 14662
11884 249 12480
8861 38 1925
9473 20 1002
11187 230 11509
9444 327 16351
13695 99 4991
9386 255 12800
11119 155 7755
12404 55 2762
9677 55 2795
11119 304 15232
9505 219 10970
8735 5 289
9470 45 2253
11527 0 18
10708 39 1995
11866 71 3577
9545 210 10521
9080 30 1534
10547 69 3483
9726 188 9424
9327 12 620
10648 53 2676
12426 9 466
11658 11 557
10520 213 10656
11709 57 2864
9632 118 5944
11681 55 2772
10838 50 2547
13678 118 5902
10858 124 6248
8419 3 190
8447 57 2888
9427 153 7677
8695 22 1147
10848 112 5615
11741 26 1336
8620 131 6576
12566 251 12592
10800 21 1090
10905 106 5347
9281 75 3796
10574 25 1269
11637 39 1978
11237 23 1152
11025 95 4775
12071 302 15111
9285 172 8627
10449 208 10437
9075 46 2318
12555 10 548
9068 43 2172
9668 118 5915
8959 210 10515
11963 171 8569
11072 16 830
9238 128 6445
9583 206 10323
9444 328 16444
10765 12 643
11927 44 2216
8935 111 5556
10938 37 1865
9656 331 16595
9461 109 5467
11692 2 120
12496 96 4816
9464 87 4394
13470 46 2308
10850 86 4339
9298 27 1380
10711 99 4965
12518 22 1137
11527 81 4076
9601 124 6246
8810 93 4661
8465 256 12814
10567 136 6823
12565 170 8535
11738 246 12327
11972 148 7428
10390 62 3145
8740 38 1928
13617 114 5729
12077 166 8307
12036 112 5624
9515 98 4937
10574 24 1217
10660 197 9868
10719 10 518
11776 146 7303
8433 202 10112
9075 44 2247
11066 91 4557
11619 3 196
10716 143 7196
11545 266 13345
13635 77 3874
10436 304 15229
13678 133 6658
11887 77 3877
9024 45 2286
8700 206 10346
9546 83 4159
8909 43 2167
11913 288 14419
9030 137 6867
10771 246 12344
11589 146 7305
10694 159 7964
8620 128 6445
8996 290 14501
11601 200 10024
11508 114 5743
11524 201 10061
9717 310 15543
9438 93 4697
12404 82 4137
11998 134 6723
11182 75 3792
11728 61 3056
9035 135 6767
12449 285 14287
12110 219 10974
13626 82 4140
8549 113 5699
9542 297 14890
12485 117 5889
13565 35 1800
11508 29 1473
8957 233 11692
8447 58 2909
9390 7 372
13561 114 5723
9410 71 3599
11514 22 1116
8810 89 4467
11087 18 950
9679 44 2250
9615 25 1281
11565 84 4220
8937 50 2538
9632 128 6420
11972 147 7358
11653 46 2333
13676 49 2461
12023 23 1153
9618 264 13235
10905 83 4200
8539 39 1999
11759 146 7327
11943 121 6094
11514 32 1641
9546 84 4216
10449 206 10321
9453 1 83
10913 220 11009
10434 104 5229
12482 295 14789
13588 4 239
10837 142 7120
11972 148 7420
9195 241 12051
11275 109 5489
10711 33 1665
9404 125 6282
9675 2 133
11075 12 626
9677 54 2739
13565 67 3370
11884 261 13056
9709 8 408
11957 71 3585
9515 102 5107
10819 7 355
9354 39 1970
8701 225 11287
10545 146 7349
13565 67 3370
10501 18 938
12549 90 4533
9463 92 4613
10951 29 1459
11762 18 939
11913 323 16184
