9572 43 2179
13691 131 6565
10843 95 4751
11278 322 16146
9603 286 14331
8446 95 4763
9239 76 3841
12139 130 6545
13624 37 1877
10901 68 3407
9348 88 4411
9346 4 213
12052 50 2545
8548 92 4605
9554 27 1353
12545 71 3567
13652 4 239
8650 63 3198
8435 69 3486
13503 172 8646
9567 260 13018
8959 230 11548
9194 93 4695
9437 301 15075
8748 112 5617
12566 162 8125
9602 643 32175
10563 103 5175
10747 191 9600
9292 16 834
11832 133 6663
9542 201 10073
8460 260 13005
11759 47 2351
9467 55 2773
11913 291 14592
11729 17 864
10520 189 9473
9341 28 1440
11604 105 5282
10805 118 5926
9479 191 9559
12418 59 2989
11094 201 10099
10713 7 378
13479 97 4899
12045 164 8250
11927 127 6372
8994 177 8856
9096 117 5870
12091 207 10388
8460 260 13031
12137 82 4120
9188 128 6440
12459 136 6845
12070 199 9979
10846 319 15954
9245 347 17376
10959 79 3999
12380 108 5434
10906 181 9065
12558 73 3673
11924 10 532
10646 187 9398
10523 165 8293
12004 268 13447
8784 119 5984
9297 188 9437
8589 199 9977
13467 94 4740
11214 3 152
12454 29 1461
9249 169 8488
13621 10 531
9507 118 5904
8878 41 2084
9527 256 12830
11545 106 5349
8504 39 1952
8666 267 13395
9511 518 25934
13478 58 2938
9651 340 17049
11173 9 465
12561 50 2503
13662 16 819
13687 152 7626
10517 37 1871
13674 226 11342
8894 105 5263
11911 33 1699
10680 72 3647
9201 200 10021
11559 63 3151
12095 110 5528
11976 394 19723
12070 276 13841
10646 14 725
9628 21 1099
9525 177 8882
12052 51 2594
9545 56 2842
10928 141 7086
9717 225 11286
12466 18 928
11628 146 7344
12420 39 1995
8431 17 882
10719 149 7480
10545 150 7550
12069 4 202
9481 171 8590
11728 111 5557
9470 293 14685
11630 181 9078
9188 140 7009
10379 158 7921
9486 164 8240
9683 35 1779
8666 48 2445
10382 30 1540
9345 115 5800
11029 37 1864
11830 264 13221
9500 512 25630
13658 26 1350
11524 211 10553
11783 50 2510
10610 71 3598
12137 19 980
10478 23 1178
8762 256 12831
13468 16 820
11149 131 6580
9434 48 2415
12565 180 9027
8813 76 3814
11665 80 4035
9470 143 7153
8714 158 7931
8964 140 7044
8433 232 11609
10683 346 17321
11763 211 10569
11290 248 12448
11872 57 2868
9277 121 6097
13629 194 9711
12505 94 4712
11848 268 13439
11119 22 1141
8787 39 1952
11201 20 1031
9030 60 3033
11930 123 6180
12441 166 8345
10490 156 7833
10623 72 3648
11203 16 847
8666 48 2447
11544 60 3017
10750 67 3373
10520 118 5913
8537 262 13114
9765 82 4144
11543 10 501
9427 167 8372
9654 84 4249
13580 10 524
8658 2 145
9238 53 2663
9033 22 1143
12039 440 22040
10647 151 7553
13467 89 4455
8538 46 2347
12103 2 114
10837 247 12393
10583 49 2454
12068 135 6780
10874 37 1884
13453 10 505
9310 22 1120
10929 44 2222
8475 0 39
9440 225 11279
10669 99 4981
9095 224 11250
10645 142 7136
11120 154 7728
11543 251 12560
12095 110 5513
10382 29 1460
11973 0 50
13683 202 10129
10712 286 14328
13561 53 2664
11531 139 6980
10432 300 15015
13453 29 1475
12145 165 8266
12495 90 4536
11608 164 8218
12379 60 3031
11171 29 1453
9345 46 2349
11841 31 1566
9090 218 10915
9592 135 6773
13573 7 355
12139 136 6820
9321 51 2564
10641 8 434
11745 2 146
12031 0 16
12145 65 3273
13647 15 787
11088 41 2081
11095 159 7979
8690 118 5917
11247 8 426
11969 63 3173
10490 176 8805
10994 212 10632
12331 2 114
11973 30 1521
11086 14 747
10712 17 866
12080 150 7531
11915 239 11959
10665 54 2735
10563 60 3002
9559 81 4068
9694 163 8190
11865 21 1086
12056 401 20079
11025 111 5589
11087 58 2910
11911 33 1670
9080 136 6834
9529 583 29180
13522 10 515
10540 98 4908
10478 41 2088
9037 62 3124
9233 70 3507
11769 117 5858
10441 322 16107
9445 68 3430
13674 134 6744
9348 21 1063
10501 19 979
9472 51 2573
13470 59 2973
12040 2 140
12497 165 8263
12000 78 3931
12454 146 7338
11723 259 13000
11728 224 11220
13638 154 7740
10597 59 2993
10693 143 7164
11168 100 5048
8739 30 1544
12002 100 5003
12066 25 1293
12383 44 2228
9395 283 14182
10800 226 11340
8995 92 4628
10972 18 914
9710 195 9798
9440 226 11321
9563 317 15857
11095 0 12
10693 258 12913
9386 263 13193
9564 521 26086
13536 98 4936
13469 68 3425
11707 18 933
10714 98 4949
11094 167 8379
9668 103 5188
13469 81 4086
9410 83 4197
9434 45 2294
11187 320 16006
11524 129 6482
8796 92 4623
9201 240 12047
12561 171 8560
10390 26 1328
9531 393 19668
12368 6 327
8776 130 6549
8458 20 1021
9602 648 32427
8905 305 15272
8490 23 1196
8771 8 440
10713 3 152
10432 335 16782
10882 5 299
10923 74 3701
10475 20 1031
12561 168 8449
10540 36 1831
10382 30 1505
11283 106 5332
9297 187 9359
11726 170 8534
8975 63 3187
12002 141 7059
9533 226 11343
13651 85 4253
12146 20 1018
10521 22 1148
9726 354 17716
11508 144 7243
10952 244 12240
12016 435 21784
11963 106 5312
10595 122 6127
8697 161 8071
9653 271 13599
9534 113 5657
10660 209 10475
9615 196 9817
10795 143 7180
9724 21 1064
9479 92 4649
10538 216 10841
9517 63 3200
9379 48 2409
9238 31 1566
12485 76 3841
11971 21 1080
8907 127 6356
11756 270 13527
11149 310 15548
11845 175 8800
9525 38 1935
8915 76 3818
12137 130 6534
10929 45 2258
11852 13 661
8764 64 3205
13484 80 4030
13616 100 5004
11291 23 1163
10484 120 6039
11929 108 5437
8751 36 1814
10841 105 5253
10484 91 4599
9348 97 4882
10724 181 9056
9239 201 10087
11665 61 3063
11969 112 5635
9704 80 4018
11723 234 11726
12566 279 13951
8964 111 5553
10517 34 1734
9586 406 20330
8528 32 1604
10857 195 9773
9425 28 1423
13680 63 3181
12111 107 5383
8697 138 6926
9348 163 8156
11041 54 2713
11709 128 6446
13621 10 505
9454 112 5601
10563 179 8985
9538 11 585
9535 561 28058
9500 409 20490
8514 89 4488
11291 113 5653
13617 11 600
9562 236 11808
12091 47 2355
12066 25 1293
9030 108 5426
12454 258 12930
9561 66 3316
9210 78 3929
9567 96 4811
11609 271 13581
12137 82 4124
9067 8 410
8687 271 13585
11842 51 2590
13629 64 3209
10761 0 34
9470 289 14460
8742 71 3593
10704 260 13025
10719 150 7536
11724 245 12297
8791 3 166
9203 44 2213
11128 8 413
8975 199 9979
9597 512 25642
8738 254 12730
10669 118 5926
9217 117 5862
8857 152 7631
12054 56 2834
10445 225 11279
9564 377 18899
9694 18 916
10719 153 7662
9724 24 1207
10693 258 12913
11039 130 6550
8668 64 3243
11745 2 139
10989 37 1889
11667 18 919
12514 139 6997
11494 39 1977
11041 16 825
9563 389 19466
11141 6 303
12495 231 11570
11611 9 466
12025 244 12239
10520 233 11681
10580 206 10350
10961 11 555
12495 63 3186
12025 35 1757
10843 95 4792
11833 131 6586
8537 152 7619
11854 59 2977
8762 286 14318
9188 72 3634
13688 44 2250
11664 84 4212
10713 7 378
9092 13 680
11854 75 3789
8817 10 532
13671 186 9307
13520 51 2552
11630 148 7428
11709 50 2540
10747 191 9579
8711 79 3985
12497 274 13723
11872 199 9998
8513 10 547
11508 293 14659
10442 159 7959
8476 28 1429
10952 256 12828
10712 124 6219
9564 517 25895
10625 176 8814
10784 96 4812
9576 413 20668
11271 15 758
11581 85 4267
11071 242 12144
9727 78 3939
11766 113 5669
11094 60 3003
8928 45 2278
11215 78 3910
10884 225 11283
9356 117 5871
13645 28 1413
9656 158 7942
10888 272 13618
12070 350 17528
12451 74 3711
10970 8 408
11658 1 98
8467 30 1521
12137 71 3576
13638 224 11232
12364 19 980
13660 81 4072
12543 222 11114
12551 5 277
10869 32 1649
9065 26 1325
10437 156 7821
11726 262 13114
10583 49 2454
10747 191 9579
13568 26 1323
11196 205 10300
12482 31 1560
11531 70 3516
11565 246 12307
13477 60 3043
8769 361 18065
10843 24 1213
11927 270 13547
13689 117 5884
10618 42 2136
10665 80 4020
10493 111 5561
10688 94 4736
10489 42 2119
12480 74 3731
10599 129 6483
12011 19 990
10580 201 10084
9684 93 4670
8770 103 5187
10865 12 633
9560 59 2965
13529 10 519
12545 52 2604
12103 2 145
10483 113 5690
9634 13 654
8920 36 1840
10727 183 9193
11685 117 5864
11604 75 3787
9292 16 835
11546 21 1088
8795 33 1699
12137 16 804
8538 286 14317
11740 1 93
11169 19 971
9640 84 4226
10994 22 1119
10888 12 640
11807 13 670
8927 71 3562
9349 162 8134
13476 45 2253
12539 25 1293
9511 541 27087
8720 19 987
12368 118 5925
11698 82 4124
12011 6 304
10831 93 4665
12426 85 4259
13635 1 53
9617 126 6347
11554 34 1729
11963 143 7184
13517 5 273
10711 27 1394
8702 108 5427
8810 65 3281
8538 127 6354
8746 199 9958
9597 101 5095
12502 44 2229
8894 146 7328
10913 31 1595
10784 73 3660
13477 155 7775
11119 293 14675
12503 31 1588
12040 25 1260
10473 46 2332
9249 340 17033
12042 62 3113
8445 263 13168
9002 289 14455
12139 136 6820
11187 147 7357
9395 200 10009
11589 198 9944
9191 301 15099
10665 95 4761
11574 95 4768
12541 10 513
12442 212 10646
12554 71 3588
10884 30 1502
11264 82 4133
10821 111 5594
12378 40 2018
9483 214 10741
12533 49 2478
12086 79 3976
9293 11 574
8918 94 4747
11591 91 4586
12368 95 4789
11759 236 11841
11719 16 825
9370 236 11846
12406 2 120
11914 90 4546
11852 55 2760
13642 116 5819
9432 32 1645
11846 107 5354
11603 16 831
11726 255 12760
10846 200 10026
10747 141 7061
12056 251 12582
12516 43 2190
8907 190 9531
12052 50 2545
11081 1 78
8687 275 13798
13580 53 2667
10371 3 188
9225 201 10094
10672 96 4801
11766 269 13480
13587 48 2415
8742 223 11169
9481 303 15171
13621 77 3900
10545 149 7461
8709 67 3391
11840 10 542
9072 8 410
11605 300 15032
9341 252 12608
11283 45 2264
9069 56 2847
8445 173 8652
10563 189 9458
13479 50 2543
12441 227 11358
13652 4 250
8806 93 4665
12495 229 11479
11283 63 3152
11769 112 5605
12543 297 14870
9500 644 32235
11134 36 1850
10822 24 1215
11128 18 923
11913 143 7171
9639 26 1319
10913 31 1595
11559 45 2280
8787 62 3114
11953 13 660
9567 277 13865
12083 308 15415
13616 337 16885
9410 86 4307
9444 191 9587
9427 166 8346
9499 53 2668
12057 37 1863
10952 236 11808
9636 3 160
12034 19 957
8905 191 9577
9720 168 8415
9356 192 9634
10479 17 862
12139 30 1532
10521 208 10448
12009 14 737
9466 42 2138
13616 305 15279
13638 93 4666
12108 41 2054
10608 14 708
9470 207 10396
13503 172 8626
12529 92 4645
10665 80 4020
10831 101 5086
11973 0 8
10998 10 517
11779 189 9475
12110 207 10357
10696 117 5852
9720 127 6356
10897 122 6138
11570 30 1523
10756 87 4360
10781 37 1899
13642 17 874
10689 63 3184
9579 283 14193
10625 336 16810
9215 256 12806
11283 26 1314
9668 117 5883
9546 249 12474
10641 9 492
11972 135 6796
9295 7 384
10634 31 1554
10578 151 7563
10680 120 6025
10920 115 5787
10905 70 3531
10888 269 13452
13540 111 5551
8796 122 6104
11820 98 4932
11720 179 8985
8709 121 6056
12025 149 7467
10657 217 10889
10610 70 3546
8445 265 13277
9508 0 47
12004 275 13773
11134 23 1188
11765 43 2164
10660 163 8189
8537 261 13059
9377 159 7994
10719 66 3310
8414 86 4330
12442 36 1814
11907 220 11044
8711 6 343
9640 127 6397
11842 51 2591
13467 88 4448
9525 188 9427
10931 323 16151
9292 16 850
13565 107 5359
9563 508 25450
10689 42 2125
11846 135 6759
10386 30 1501
11285 50 2546
10906 227 11357
10570 5 282
9765 83 4176
11524 211 10553
9245 345 17265
11171 81 4087
10355 132 6614
11519 233 11664
9536 31 1563
9567 276 13830
9479 194 9703
10705 219 10956
9226 72 3640
8467 28 1410
11665 135 6776
8791 1 56
11197 104 5225
11628 146 7344
12002 141 7082
11154 30 1544
12543 260 13003
13678 137 6867
9628 22 1139
11728 111 5553
12036 39 1970
10355 132 6619
11094 98 4910
13691 104 5233
10645 107 5381
12068 158 7926
12442 65 3290
11963 106 5312
13691 142 7124
8562 93 4665
11678 333 16658
12442 142 7145
12480 31 1600
11972 60 3014
8446 189 9497
12442 252 12626
9065 26 1324
10711 27 1371
9437 147 7396
8770 145 7251
9706 15 789
8861 57 2877
11713 212 10636
11912 76 3828
9546 171 8598
9576 412 20638
11785 11 555
10928 103 5191
8688 101 5056
11574 194 9716
10473 46 2332
13527 15 783
9470 237 11868
13467 198 9926
12068 135 6798
9249 171 8568
10910 29 1451
13565 81 4088
10789 0 20
9069 37 1879
13629 194 9711
11893 51 2597
13582 45 2264
10931 108 5419
12025 149 7497
13583 92 4630
12504 79 3965
11869 135 6773
10591 78 3911
10442 239 11953
11740 159 7983
13674 226 11313
12454 260 13036
11637 158 7903
12054 74 3721
10918 9 486
12004 305 15267
10475 22 1131
10449 2 113
8893 57 2878
11720 55 2759
11197 98 4916
11636 13 654
12145 165 8274
9215 203 10195
10445 223 11161
9249 172 8613
11644 75 3785
11678 313 15666
10590 105 5280
13661 142 7147
8578 198 9927
13520 124 6205
12139 253 12678
13638 217 10879
12006 64 3242
11742 23 1178
11080 181 9056
13678 207 10380
10781 86 4348
10822 7 393
10647 254 12736
9290 135 6786
11976 234 11739
11917 16 818
10520 342 17104
13638 152 7637
11960 30 1544
13676 27 1393
9311 129 6465
8650 48 2424
13478 58 2908
12091 340 17023
12368 95 4768
10490 137 6889
11738 135 6766
13454 37 1886
8971 243 12151
10833 57 2862
12075 267 13376
8903 38 1915
12045 164 8250
10712 72 3631
10648 16 824
10355 57 2879
13683 85 4261
8902 55 2763
10791 58 2930
11543 258 12936
13618 142 7129
10969 18 934
9527 256 12830
11494 201 10052
11793 109 5481
9425 28 1418
12034 19 957
11885 106 5316
11976 334 16746
12137 82 4124
8468 23 1161
10760 144 7214
13453 10 505
10922 86 4317
12053 18 906
11815 221 11095
10689 64 3217
8513 10 518
9564 376 18829
11973 29 1459
10800 5 271
8514 27 1385
10501 197 9880
9669 274 13737
11913 185 9296
11656 41 2054
11608 91 4566
11780 106 5328
8620 66 3343
11168 108 5415
11111 110 5550
10737 259 12992
11637 158 7903
9608 62 3110
9297 218 10923
11196 154 7724
11800 2 118
9505 191 9560
9542 142 7106
11931 17 866
9297 188 9437
12077 39 1967
12039 278 13917
9030 162 8149
8975 200 10008
10432 292 14639
13665 19 988
10741 0 49
10592 93 4689
8701 2 147
12083 427 21397
9724 21 1077
11848 48 2406
9289 35 1754
13671 77 3883
9269 66 3320
10574 220 11032
12401 22 1112
11971 45 2294
10755 48 2431
8782 25 1257
9704 355 17771
12000 85 4276
8697 254 12745
10741 2 145
10537 47 2380
10439 137 6895
9517 180 9030
12025 149 7468
9001 101 5074
10610 69 3500
10781 88 4421
11557 54 2723
11141 6 303
10969 148 7417
11674 48 2405
9610 16 822
12365 38 1931
13674 134 6743
11646 15 756
13520 38 1931
10921 36 1826
9727 79 3987
11626 11 594
9001 110 5533
9069 56 2807
10578 147 7369
11626 1 86
11763 203 10196
9535 306 15319
12462 0 14
10574 347 17355
10669 16 841
11742 161 8070
10648 25 1262
10931 322 16105
13617 111 5588
8894 145 7284
10570 14 738
11963 106 5313
8459 16 801
13623 74 3701
11848 307 15376
11974 114 5739
11494 201 10052
10765 46 2304
9096 330 16502
10538 147 7370
10713 2 125
9473 61 3058
9483 215 10754
11728 131 6593
9324 66 3330
10692 142 7111
11243 64 3233
13476 56 2830
11644 140 7019
9437 43 2198
10848 178 8929
12057 54 2735
11646 31 1567
11026 61 3060
8467 145 7259
9649 2 133
12068 135 6771
9410 17 871
9499 421 21095
11829 106 5314
12062 134 6729
9348 100 5019
9203 36 1815
11095 222 11111
12449 240 12005
12143 36 1807
13529 10 519
10857 147 7387
12422 129 6477
9709 58 2915
8617 83 4154
8562 52 2623
11559 45 2252
13475 69 3453
9586 325 16276
9480 146 7313
12560 40 2049
12145 165 8251
9386 43 2159
13688 149 7500
9515 511 25600
12032 19 973
13478 79 3958
10648 24 1221
11646 31 1551
10931 200 10017
11793 109 5481
10864 82 4110
13537 14 716
11674 6 316
10756 96 4810
11045 128 6409
11551 11 578
11264 82 4133
11786 227 11372
8465 167 8369
10520 345 17266
11094 186 9347
9617 124 6213
10781 8 432
11970 29 1482
11713 160 8016
9437 295 14781
12091 207 10388
10444 33 1700
10927 120 6034
13536 98 4936
9717 61 3051
11829 66 3349
9486 169 8498
11667 18 919
8751 32 1627
9586 498 24930
11713 175 8757
8885 30 1505
10597 59 2967
11169 68 3431
10741 2 117
9669 303 15180
11904 71 3570
11915 235 11772
11693 34 1722
12485 51 2586
9511 623 31171
12075 45 2255
13587 48 2422
10562 214 10714
10713 5 283
9536 8 429
11858 35 1790
9546 247 12382
11203 52 2632
12379 60 3031
9240 57 2895
10897 44 2222
12069 183 9155
9563 493 24696
9087 26 1317
11604 61 3090
9482 229 11474
9410 18 949
10724 181 9079
12466 33 1675
12565 397 19859
11713 137 6885
8937 15 782
11090 179 8980
10906 245 12272
11745 275 13758
12071 240 12013
12052 2 128
11976 86 4326
9064 18 913
9494 113 5692
12077 45 2252
9562 171 8592
9090 222 11108
11544 69 3458
9567 264 13228
11779 189 9475
11619 104 5250
12073 28 1408
10744 96 4818
10791 57 2886
12552 48 2443
8414 89 4460
13691 74 3750
10484 90 4501
13678 207 10366
11720 6 334
9560 55 2768
9379 46 2338
12005 56 2839
10382 74 3741
10484 19 992
9437 292 14634
11565 246 12337
10858 154 7746
11528 23 1166
11766 175 8773
8715 42 2137
11574 30 1527
9730 50 2518
9610 28 1425
11765 249 12488
12086 9 499
10741 4 247
9546 247 12354
9480 72 3622
9427 169 8471
10795 144 7214
10595 43 2175
9203 36 1815
9281 162 8110
10735 204 10209
9290 135 6786
13650 0 36
10355 132 6625
10675 207 10354
11707 177 8867
8626 85 4259
9717 231 11564
8751 87 4368
10885 23 1169
12070 82 4135
11869 24 1241
9717 65 3267
12539 73 3676
11913 65 3292
13505 25 1268
10565 38 1946
10533 108 5450
8427 61 3051
12368 6 349
11494 110 5543
11685 161 8094
10584 99 4969
11068 50 2534
8680 228 11408
9232 5 256
10743 134 6721
10580 98 4938
11524 151 7567
13473 4 239
8936 157 7884
11644 25 1273
13472 4 242
10712 17 866
11766 165 8276
11504 34 1744
11177 35 1767
11721 74 3741
12533 73 3662
8626 44 2241
12091 47 2394
10974 139 6971
11820 304 15203
13484 62 3116
10966 15 776
12071 33 1665
9602 633 31654
10538 216 10830
9307 58 2945
11278 38 1921
12075 45 2269
11759 39 1985
9494 318 15940
10843 77 3893
11543 103 5177
11904 71 3559
10687 134 6706
11081 20 1038
12045 9 474
9542 146 7331
10307 152 7626
11845 175 8755
9278 106 5340
13661 111 5562
9281 163 8182
13660 81 4056
10490 29 1473
10768 59 2985
11614 26 1320
9440 204 10250
13629 177 8884
10857 148 7435
12111 74 3714
8920 75 3784
8707 96 4814
9467 268 13410
11762 175 8789
12056 232 11637
13637 13 698
11282 2 102
10432 301 15095
8799 77 3863
13536 111 5573
9542 212 10650
11514 9 492
9603 321 16096
9295 24 1231
9336 268 13443
9556 24 1232
9232 4 240
12382 15 789
8650 60 3049
13680 44 2225
8894 146 7327
8975 61 3061
13647 15 799
10595 122 6127
9049 15 789
10390 32 1609
10714 100 5033
8448 116 5817
9249 254 12714
12011 6 304
9669 307 15392
9348 226 11342
9603 525 26276
11745 99 4956
10371 11 572
11519 225 11252
9612 35 1794
8771 7 386
9169 1 92
12066 204 10233
9741 8 436
8789 86 4320
8994 180 9043
13642 116 5819
10563 104 5223
10580 206 10343
11545 177 8871
11726 8 449
10634 316 15833
11570 63 3181
11065 20 1028
11969 107 5395
13671 139 6965
12073 199 9963
10704 244 12206
9472 58 2923
10668 308 15407
9608 62 3110
12039 343 17152
12032 19 986
10884 225 11283
12543 206 10337
10781 86 4323
9410 17 872
9395 148 7417
9515 307 15370
8862 195 9753
11776 58 2910
9395 199 9958
8529 29 1477
10725 123 6197
13647 13 697
9570 86 4326
10910 51 2596
9095 233 11664
8701 217 10884
11696 50 2550
8700 171 8571
12529 92 4606
10929 45 2258
8538 46 2347
10578 238 11930
9479 214 10737
11848 19 996
9481 171 8590
10843 76 3820
11672 77 3891
10952 170 8528
10969 147 7380
9024 75 3800
13469 81 4075
11756 213 10657
13583 73 3678
11972 60 3045
12422 188 9413
11630 119 5952
12072 9 493
8856 9 490
13461 12 636
12533 9 458
9628 43 2190
13692 4 247
9590 70 3531
9065 2 137
9404 12 614
8538 111 5594
13671 77 3867
8908 20 1035
9709 57 2896
8964 108 5422
12497 165 8264
8585 24 1234
12422 129 6477
11630 74 3736
8860 14 707
10693 231 11557
11206 48 2430
13552 49 2485
12505 135 6771
10700 283 14198
9210 73 3661
13635 32 1618
11929 89 4497
8853 33 1692
12083 443 22175
10669 118 5926
11848 292 14604
9348 0 48
8648 272 13619
9637 281 14060
10725 303 15157
11963 106 5318
8701 158 7903
12454 19 954
9679 150 7523
9620 279 13967
11893 88 4426
8709 68 3422
13491 58 2950
9603 275 13756
12380 75 3772
11971 2 107
9704 141 7052
9065 113 5691
11064 164 8214
9644 52 2610
11235 6 328
8585 23 1187
11630 119 5954
9060 46 2313
11644 79 3977
12369 6 334
10432 345 17260
13583 221 11094
9215 99 4963
12137 19 975
11970 29 1459
10864 8 417
9602 31 1558
8742 105 5281
12145 81 4056
10558 105 5300
8460 263 13186
11128 18 923
11639 53 2684
11867 108 5413
8697 161 8071
10969 21 1057
12137 130 6511
9295 24 1231
9602 571 28575
13671 139 6991
8941 50 2507
9239 202 10134
8987 4 205
10563 185 9279
11807 32 1620
9511 443 22197
9481 172 8637
12541 20 1014
11714 11 576
9001 101 5086
8806 19 953
11285 28 1413
10761 172 8636
10953 15 783
10828 4 226
9704 46 2350
11494 131 6568
12529 99 4981
13637 18 935
11494 261 13092
13671 186 9321
12556 101 5053
11204 22 1117
12094 10 549
10952 319 15958
9349 118 5928
10952 9 468
8538 126 6303
9710 193 9651
11574 194 9724
11709 51 2551
10953 12 648
12495 90 4550
10574 220 11019
10523 295 14792
10741 4 247
9468 3 182
9658 54 2712
11844 169 8457
10768 59 2985
12429 2 114
11815 87 4370
10841 87 4392
9188 68 3406
12369 9 451
11187 320 16008
10781 88 4421
11675 175 8775
11781 9 469
12021 52 2646
11780 106 5313
11728 131 6600
11086 268 13402
11531 135 6758
9492 227 11351
9432 14 727
9603 562 28101
10501 197 9880
11609 216 10816
13568 104 5203
12025 215 10775
10719 48 2405
9208 203 10161
9454 113 5665
10822 5 255
12565 10 536
13693 33 1690
8649 59 2972
8548 32 1634
12137 27 1352
8917 319 15951
11991 184 9213
11907 223 11172
9437 63 3163
11821 103 5184
8836 70 3511
11865 27 1356
8529 197 9899
9089 38 1923
11574 55 2772
11589 198 9944
11675 116 5839
9679 135 6767
11608 53 2663
8617 10 523
11557 84 4210
12039 33 1662
11829 121 6060
11614 54 2712
9348 88 4411
10634 31 1554
8787 12 648
10747 144 7245
8975 62 3134
10745 295 14758
8750 149 7496
11829 106 5325
8817 10 510
9009 202 10149
11879 124 6224
9226 81 4070
11524 151 7551
12529 128 6444
9461 45 2292
10520 305 15251
10562 215 10764
11726 283 14171
10432 345 17297
10505 112 5620
10484 18 915
12083 154 7702
10611 125 6262
10959 59 2969
8580 36 1849
8548 92 4616
10574 65 3296
12504 178 8915
10864 82 4103
10442 239 11953
8747 156 7835
9470 234 11712
11550 237 11893
10727 92 4648
13491 7 363
10716 13 679
9717 225 11286
10974 104 5214
9527 154 7706
10584 99 5000
10884 281 14064
9386 41 2051
10696 201 10096
11071 1 58
13460 48 2402
12418 38 1915
13583 255 12760
12026 18 920
9593 41 2076
11845 177 8867
11074 39 1988
12565 268 13421
8959 103 5187
10562 214 10715
9370 184 9211
11559 45 2252
11553 16 847
12083 356 17813
11926 127 6357
8446 91 4569
9726 273 13693
8795 36 1833
11067 15 781
9085 51 2574
8905 114 5701
11235 9 475
11286 91 4563
10688 14 701
9297 218 10923
10657 215 10783
11934 231 11580
13479 97 4899
11083 191 9563
9515 70 3531
9592 134 6715
8668 48 2441
11187 83 4172
11879 139 6954
8936 63 3168
9546 249 12466
10824 140 7045
11197 27 1385
8905 213 10678
11737 97 4884
11631 66 3325
11565 217 10892
11724 245 12283
10888 10 527
11990 6 320
10757 134 6714
8769 268 13416
12086 63 3193
12497 193 9699
8995 90 4504
9379 44 2216
9225 202 10126
10800 225 11271
9215 99 4982
9511 147 7378
9310 26 1317
8537 261 13088
8836 70 3511
10744 96 4806
10669 16 835
10733 53 2668
11187 131 6599
9340 138 6914
10371 11 572
11984 100 5021
11494 220 11006
9292 23 1179
9563 508 25450
11801 33 1658
10897 121 6089
10921 229 11477
13630 46 2317
13660 27 1384
9372 125 6287
9030 133 6655
10905 70 3531
10841 105 5292
10567 263 13186
10592 333 16681
12382 159 7986
8915 29 1458
11953 65 3286
11116 122 6138
12368 6 320
9563 539 26963
11531 116 5847
11976 145 7272
12495 231 11570
12482 123 6165
8538 111 5581
9704 65 3262
9194 98 4911
10906 228 11431
13638 268 13427
11756 187 9379
12103 2 145
13688 193 9668
12034 87 4362
9074 6 330
9324 66 3317
11786 261 13099
10968 25 1295
8908 81 4095
8720 86 4319
11614 96 4803
11134 134 6704
9511 516 25831
10696 78 3931
11080 139 6971
8906 89 4482
10884 28 1435
13688 190 9542
13461 12 636
13479 35 1797
10439 176 8841
10892 74 3705
11186 26 1336
11027 186 9305
9075 269 13479
10756 95 4755
8459 21 1089
10972 9 484
9108 10 526
11909 219 10982
9372 124 6207
11068 50 2534
11177 6 344
11996 7 389
11568 29 1457
8589 193 9676
9442 104 5218
9194 97 4875
11535 58 2909
10371 3 159
11979 24 1241
8789 85 4271
9370 74 3725
12505 94 4742
12004 39 1984
8687 271 13585
11604 105 5282
8666 117 5875
8742 106 5346
8668 64 3243
13520 51 2553
11769 96 4844
12441 143 7183
11756 270 13528
11926 276 13840
8528 32 1635
8745 47 2386
12046 30 1519
11989 77 3871
11094 167 8364
10847 13 692
9516 510 25548
10892 76 3843
12009 28 1416
11972 42 2107
11071 195 9784
8894 146 7328
10901 17 887
9563 539 26963
11769 112 5605
10994 21 1093
10493 111 5553
12529 191 9551
10857 148 7403
9531 331 16587
8666 120 6036
10745 294 14725
11778 57 2877
9024 113 5689
8473 28 1412
11081 59 2973
10834 317 15890
8465 275 13789
11149 57 2875
12139 30 1541
12493 69 3464
13552 18 911
9698 85 4264
10486 55 2762
12070 276 13821
11550 219 10968
9597 513 25655
11728 94 4704
10645 235 11762
11896 2 111
9470 323 16189
11081 11 566
10743 90 4504
11171 29 1453
8471 30 1515
11756 259 12990
11726 170 8534
11913 125 6290
10545 61 3069
11550 155 7755
9067 12 639
12508 6 315
11742 289 14467
11604 105 5293
8959 230 11531
10567 79 3974
11879 323 16191
8855 20 1001
11991 127 6357
8783 29 1473
9095 224 11250
13536 17 879
10382 124 6248
8927 71 3562
8711 75 3796
11095 118 5919
11540 58 2908
9030 162 8149
12561 326 16331
11644 81 4074
9026 52 2642
12442 67 3358
11094 175 8770
13635 1 53
10713 3 162
11614 26 1320
9293 11 574
11726 283 14171
8578 212 10623
11881 211 10569
11182 176 8820
13475 69 3453
11171 68 3410
9679 185 9273
12442 35 1792
10654 110 5548
12545 120 6039
9608 105 5255
11867 108 5435
10574 347 17355
10583 55 2756
11933 32 1619
12025 144 7242
8747 75 3779
13454 37 1889
10441 263 13163
9656 160 8042
10593 193 9663
12364 28 1401
11998 368 18430
13617 40 2014
9554 18 942
11842 122 6115
8746 29 1483
9445 69 3480
10729 53 2696
12000 108 5421
12080 182 9144
12364 123 6158
12495 103 5194
9617 282 14147
11296 8 435
11617 50 2519
13629 17 900
9656 160 8013
11203 52 2632
8878 40 2012
10968 25 1295
13614 132 6637
10672 150 7533
9669 304 15212
11723 272 13631
9144 78 3935
11848 333 16677
8934 125 6259
11960 32 1622
12025 244 12239
12070 276 13814
10756 95 4800
13661 116 5827
11832 181 9085
10989 34 1733
13517 5 276
12016 38 1931
13479 71 3552
9030 60 3013
9310 111 5585
9470 181 9095
11186 103 5172
12127 3 200
10520 186 9350
12083 443 22175
11247 14 731
12565 137 6874
10610 115 5783
12418 36 1814
9684 63 3177
8435 69 3477
9215 258 12929
8908 81 4095
8894 145 7284
9348 201 10071
13661 116 5848
10570 15 772
11067 4 216
11681 119 5988
9650 64 3242
10952 170 8528
8888 114 5714
8418 63 3161
10765 30 1518
10712 14 725
11224 3 193
11940 16 803
9477 21 1070
9519 245 12289
11727 105 5252
11169 223 11156
12514 47 2363
11830 300 15040
12020 32 1632
11120 35 1760
12004 275 13773
11613 17 886
11119 262 13113
13545 24 1248
10675 173 8666
11829 91 4559
9519 125 6291
9030 15 772
8701 2 147
12066 121 6100
8857 152 7631
10478 22 1149
9065 113 5691
13503 159 7974
11813 159 7998
10505 75 3753
9461 45 2275
12041 67 3378
11182 47 2375
10599 130 6518
12418 54 2741
10725 123 6184
8954 73 3678
8996 333 16688
9479 194 9703
11786 172 8632
10611 40 2011
9561 65 3259
11873 3 188
13647 28 1402
12517 248 12436
10521 210 10550
11120 35 1760
11648 110 5544
10771 195 9758
8960 12 606
13569 91 4568
9562 181 9092
12091 47 2394
10569 119 5973
12374 186 9314
9704 197 9871
9394 253 12679
9385 206 10337
11201 20 1004
10692 50 2504
8841 5 259
10771 40 2028
10583 50 2529
9640 84 4226
11059 22 1149
13568 26 1323
9341 229 11451
11745 81 4089
8445 266 13315
11644 65 3291
11228 4 235
12369 6 334
11648 167 8382
9379 142 7137
9321 102 5137
11971 25 1272
9297 222 11132
9586 409 20469
11973 152 7627
12529 92 4615
8894 145 7297
13680 35 1789
13510 8 444
12005 16 807
10822 5 255
9710 192 9620
12451 74 3736
8708 135 6784
11091 18 912
12418 59 2956
11724 307 15375
9480 69 3482
10574 43 2187
9603 321 16096
9483 212 10628
12446 70 3539
11071 280 14029
13467 94 4740
9481 303 15167
8435 70 3517
10924 79 3964
10660 163 8151
10563 185 9263
12145 65 3273
11086 203 10159
8937 26 1339
8529 218 10949
12103 2 130
13674 68 3424
8431 16 850
12013 0 32
12422 232 11616
9567 98 4914
13658 46 2345
11531 139 6977
10719 153 7662
12091 172 8629
11166 95 4784
12057 42 2129
9713 56 2833
8959 230 11548
13549 8 450
11664 108 5412
11742 245 12288
9536 94 4706
11505 14 723
11836 16 845
11687 118 5930
12070 199 9979
11281 11 559
10929 45 2288
11853 0 17
9096 207 10399
10517 108 5411
11763 151 7554
8841 5 284
9675 63 3152
8711 75 3787
9474 98 4924
8680 256 12842
13520 38 1926
11559 65 3267
11816 56 2823
12433 6 333
12039 372 18635
13617 19 952
8538 9 452
8578 198 9903
11608 34 1713
10803 231 11560
8971 246 12349
12070 10 516
11283 103 5170
11077 115 5775
12502 33 1662
13668 82 4127
11786 172 8650
10580 76 3801
11934 231 11580
11815 87 4370
8697 218 10948
10841 82 4111
9529 212 10616
11984 176 8845
11291 28 1439
9041 15 764
8680 227 11399
8995 98 4948
9538 361 18063
9679 149 7451
11294 64 3210
11229 7 396
8996 181 9089
8800 54 2741
9494 113 5692
8702 107 5355
11665 61 3063
10595 43 2175
11947 41 2092
12560 40 2021
8908 288 14440
11630 181 9069
13671 88 4420
10974 177 8888
13465 89 4495
11529 216 10833
11747 18 912
12540 111 5595
10940 32 1610
11913 291 14586
10672 152 7618
12482 171 8588
12504 178 8925
11540 7 358
12366 0 22
11846 72 3648
10837 247 12369
8856 9 457
13453 30 1502
10434 47 2377
10647 142 7129
10665 25 1299
12482 66 3350
11755 15 791
11707 18 938
9603 286 14346
10857 196 9837
9677 60 3045
9538 453 22685
11601 4 201
11070 219 10992
11930 123 6180
10505 75 3753
12056 208 10415
9366 298 14939
9479 191 9576
9620 216 10808
11532 132 6619
10390 68 3449
11984 176 8803
12561 171 8597
11551 105 5280
9526 328 16428
10592 93 4696
9470 181 9052
13471 13 676
12025 35 1757
8888 130 6501
10694 100 5044
10725 302 15114
10569 115 5779
11776 25 1291
8418 64 3230
9681 65 3256
11537 126 6304
11952 27 1383
9669 274 13716
9297 187 9359
9245 50 2543
12365 36 1813
13474 5 275
9386 322 16150
8810 65 3281
12016 119 5961
11644 3 166
10611 40 2019
13617 111 5588
8996 322 16137
10568 22 1109
11603 16 831
8789 87 4387
10680 120 6030
12449 233 11681
8885 151 7575
9239 118 5936
9725 60 3021
11778 57 2859
11494 154 7723
11926 127 6384
9684 341 17069
10729 53 2696
8650 2 105
13588 20 1028
13616 100 5004
9273 115 5757
12056 160 8013
10520 214 10716
10371 4 214
12086 9 499
10583 53 2685
11508 142 7144
11724 183 9172
8468 24 1207
10959 79 3955
11537 126 6344
11820 239 11987
11858 35 1751
11237 12 609
10597 60 3030
10696 80 4005
13616 242 12136
8492 32 1640
12541 118 5921
10570 15 772
11087 6 301
10897 120 6011
12052 18 937
9649 1 68
13472 18 937
13537 10 513
12061 124 6206
11540 86 4306
9324 66 3317
12504 178 8928
10743 134 6721
9404 39 1957
8836 74 3737
13645 10 524
8908 2 120
9717 224 11238
8799 177 8863
9612 31 1563
11515 28 1406
12032 19 986
9586 324 16214
11836 63 3187
10645 64 3236
9586 511 25581
13623 50 2536
12374 5 265
10523 182 9148
9519 120 6031
10584 99 4995
12057 22 1128
11135 7 359
13676 101 5099
11065 95 4790
10569 300 15032
11781 9 475
12418 62 3111
12139 136 6819
11904 71 3597
10603 39 1977
9694 22 1125
10485 7 362
9563 493 24696
11973 30 1521
11912 76 3828
11582 24 1237
9205 241 12082
11108 70 3512
13662 16 819
9560 142 7105
11617 125 6268
8646 4 201
12485 73 3683
11508 293 14659
8714 22 1107
11557 85 4294
11971 7 395
11924 37 1876
11168 100 5042
11766 110 5517
11506 97 4872
10432 300 15023
12021 22 1137
10725 28 1428
11756 107 5354
10449 25 1296
9346 35 1760
8836 75 3791
9527 255 12763
12514 68 3405
9049 35 1781
11173 123 6166
13629 24 1238
11074 62 3134
11830 136 6826
13656 11 579
11626 1 69
11197 27 1385
9473 75 3798
8806 94 4716
11614 142 7137
10441 322 16107
10645 65 3269
9500 192 9646
12045 83 4156
8513 12 641
10959 76 3840
11532 102 5138
10593 193 9690
9340 139 6963
12139 130 6537
9201 242 12113
10766 4 220
8860 48 2406
9467 260 13023
10843 76 3801
9395 199 9958
9245 135 6751
9597 314 15737
13580 1 59
12431 18 924
9392 55 2797
11664 64 3237
9341 24 1230
13484 89 4468
8548 92 4616
8638 25 1300
11545 177 8871
13619 111 5579
13509 79 3990
11886 56 2837
12117 0 31
8445 72 3603
13561 53 2664
12529 90 4540
9620 306 15322
8668 47 2391
11219 16 820
13619 111 5579
13639 101 5066
9689 312 15626
11740 338 16910
11169 215 10753
12057 54 2721
11831 38 1913
11529 140 7009
8739 30 1544
12545 12 618
9344 115 5794
12000 86 4350
10724 168 8404
8943 63 3152
13643 173 8678
10644 30 1511
10583 53 2685
11763 211 10569
11991 69 3459
11998 405 20254
9621 54 2724
10924 120 6002
8704 0 6
11550 173 8668
9341 229 11456
11172 97 4884
13475 24 1231
9445 198 9915
13520 124 6236
11759 229 11496
10725 29 1494
13467 126 6320
11729 17 865
10725 29 1492
8448 116 5817
13668 55 2796
9535 569 28453
11756 213 10675
12533 53 2658
10355 57 2894
10660 211 10571
9563 388 19436
9617 21 1060
12505 94 4742
9001 5 259
9002 293 14669
13476 56 2812
12056 251 12598
11068 22 1109
10857 26 1348
12057 99 4963
10837 248 12441
9194 97 4862
11029 36 1807
9348 85 4280
10719 149 7480
11237 28 1415
10693 172 8619
11614 30 1547
10649 137 6859
12496 62 3150
13472 5 296
11539 19 969
11065 113 5673
11589 169 8464
13643 114 5733
9516 364 18231
13593 51 2572
8739 31 1554
8996 206 10332
10538 215 10776
9533 38 1925
8742 70 3527
10931 89 4471
13465 81 4053
9534 155 7772
10923 109 5499
9199 7 385
10665 81 4063
10608 15 787
13617 234 11748
11589 198 9902
9704 75 3789
10520 144 7250
8697 218 10929
8715 42 2137
11927 228 11436
11869 201 10084
13630 46 2350
11169 19 985
11680 113 5672
9636 3 160
8964 140 7046
11820 122 6140
9603 274 13701
8487 0 39
12062 134 6707
11929 108 5437
12462 1 52
12083 84 4216
10732 36 1823
11182 47 2391
10910 27 1387
8794 184 9249
11895 256 12828
12039 278 13943
11169 126 6346
9205 198 9925
11707 18 938
13688 149 7457
8465 168 8438
9492 230 11539
12495 229 11467
9500 273 13694
11963 457 22855
11965 75 3768
9608 104 5204
9669 78 3924
9704 202 10104
8668 91 4583
9470 146 7330
8806 21 1068
12495 78 3914
8885 116 5801
10623 71 3564
10845 36 1849
13558 13 662
12506 40 2037
9538 363 18181
11973 166 8312
9538 447 22382
8758 2 146
11906 204 10241
9432 32 1630
8701 217 10882
11064 168 8425
8690 57 2868
8894 71 3577
10725 303 15178
10611 40 2029
9494 567 28393
10432 306 15317
8931 132 6613
12449 73 3698
12066 225 11279
9289 358 17925
9517 53 2679
9579 283 14193
11719 21 1085
11557 93 4654
11203 32 1637
9281 163 8182
11879 162 8131
9225 29 1494
8735 118 5906
8693 11 595
10833 58 2921
10756 97 4861
12504 112 5615
9704 265 13285
11945 132 6648
13460 48 2402
12040 58 2941
9519 120 6031
12514 69 3463
11628 213 10682
9597 360 18019
13642 52 2623
10516 38 1906
11813 148 7447
10490 176 8835
9586 498 24934
11976 40 2034
11925 141 7060
12422 78 3923
10445 15 771
12482 8 450
10818 40 2019
10693 238 11904
11976 330 16544
9511 623 31171
8907 36 1802
10441 85 4264
8975 232 11622
11766 206 10306
10537 47 2375
10735 260 13021
11064 213 10656
9113 8 416
13617 11 600
10599 130 6539
11660 32 1623
13638 77 3865
12094 10 545
10581 36 1822
9440 225 11285
12364 123 6159
11508 293 14663
10648 145 7289
11565 195 9796
10654 108 5441
8750 149 7496
11664 84 4229
8648 274 13739
10864 8 417
12380 186 9345
11927 127 6372
13467 177 8889
11846 90 4511
10629 105 5290
11614 53 2673
9494 83 4180
13660 98 4940
9567 97 4872
11685 117 5864
8626 44 2210
11867 134 6705
9215 203 10195
8668 10 505
10563 185 9285
10863 26 1310
11591 102 5123
10668 150 7516
12486 186 9332
10478 23 1179
11283 63 3173
9675 62 3149
8469 37 1878
11064 206 10340
12025 123 6170
12066 52 2632
9470 99 4956
10623 70 3541
13671 19 991
13617 40 2014
13662 8 431
11665 122 6132
8547 239 11975
13569 63 3188
11815 267 13390
10475 111 5560
13633 40 2026
9565 16 817
9226 301 15062
11509 52 2603
8935 288 14416
8754 37 1854
12095 110 5528
13580 165 8271
9033 52 2630
8719 265 13288
11793 221 11078
9567 97 4871
9562 181 9080
12480 31 1595
11833 256 12802
9619 80 4014
13690 57 2897
9561 66 3313
12482 66 3320
11675 124 6242
11842 77 3892
9060 4 207
11829 141 7096
10437 115 5787
10843 95 4751
11865 21 1086
9658 54 2712
13662 155 7796
11886 56 2803
9620 306 15301
10796 106 5346
13587 48 2415
10490 137 6878
9049 17 851
8460 135 6799
8817 13 675
8649 58 2932
11529 213 10699
11741 104 5203
13674 49 2467
13661 19 990
10501 195 9783
12432 25 1265
8529 218 10949
8745 48 2415
11977 71 3552
10505 111 5574
11505 14 724
9706 13 682
11684 3 200
11108 13 660
8782 28 1436
11095 159 7979
8776 132 6645
11064 116 5804
12070 350 17504
11294 18 922
10972 16 811
9243 77 3900
12436 38 1940
9511 444 22224
11998 183 9170
10584 99 4995
13687 152 7626
8806 21 1068
10669 106 5320
13662 155 7796
10727 92 4648
10803 49 2498
9656 183 9192
9536 34 1740
11198 290 14547
11931 17 861
10696 199 9969
11108 70 3512
12383 49 2500
10803 52 2636
9434 315 15760
13561 19 967
13689 9 458
8476 28 1444
9681 64 3227
12077 11 591
12438 138 6950
9030 108 5406
11685 329 16451
9232 7 386
8666 115 5767
13678 55 2781
9445 211 10558
12454 19 954
9297 333 16677
9479 90 4550
10974 139 6983
9225 27 1380
11990 29 1488
13643 3 152
13692 24 1209
12541 10 513
12066 225 11300
8751 87 4368
8791 3 199
11068 22 1111
11969 107 5395
12516 6 313
10952 256 12828
9668 117 5855
10841 30 1519
9639 238 11916
11540 84 4206
9053 9 495
10824 73 3690
11025 110 5506
9529 208 10447
11094 225 11270
9681 64 3225
11094 59 2994
8855 36 1841
11619 177 8887
11885 60 3018
11537 126 6304
11618 124 6223
12533 49 2499
9362 73 3686
8650 5 279
10654 108 5432
8648 151 7567
10595 42 2109
8446 95 4792
11745 275 13791
10821 213 10679
10668 204 10236
9305 44 2227
9615 196 9817
11235 6 328
8666 106 5341
11550 173 8659
11836 73 3661
11550 173 8668
8578 35 1784
9474 5 286
11632 71 3590
8856 9 490
11535 83 4171
10389 33 1671
12004 312 15618
11844 4 213
9432 2 108
12066 260 13012
11971 62 3116
8455 45 2300
12366 86 4305
11720 6 334
11875 11 555
11700 5 256
13629 146 7329
9348 100 5019
11027 266 13303
13467 177 8889
11551 9 472
9499 485 24277
9538 616 30845
9726 354 17716
8520 50 2517
10772 338 16940
9215 99 4963
12020 32 1618
9694 164 8244
10998 12 610
10634 313 15680
9668 117 5855
10688 94 4736
10762 117 5855
10843 94 4749
11960 30 1544
9529 229 11499
12139 381 19056
9512 555 27760
11065 95 4763
9587 578 28908
11644 69 3486
11264 27 1357
11738 129 6478
10362 41 2088
13466 65 3265
11115 44 2238
8666 337 16863
9362 158 7922
9507 33 1655
11086 117 5857
9313 21 1088
10484 58 2946
8995 54 2706
12442 71 3591
10906 181 9055
