15517 71 3573
17557 17 894
16891 154 7712
14123 39 1989
17849 168 8425
13907 16 837
14063 231 11569
14805 29 1498
17467 60 3023
13799 30 1520
18527 674 33741
14756 107 5370
17840 242 12110
17641 31 1561
17422 0 16
15246 126 6339
17871 250 12539
16172 462 23122
17955 72 3644
18794 162 8104
17514 3 169
14205 27 1364
18048 406 20348
16205 104 5244
18927 91 4580
18044 329 16477
15463 246 12350
15115 7 363
13935 227 11399
14981 135 6796
17091 64 3242
14749 191 9597
17390 21 1100
13929 10 508
14009 97 4883
17569 18 940
14372 13 663
18954 328 16431
18733 50 2530
14129 3 164
13770 10 529
16150 209 10472
14044 32 1646
15783 215 10753
14828 198 9910
14281 52 2618
15382 239 11974
15588 297 14857
15806 14 720
15469 291 14589
14882 57 2859
18039 55 2800
17451 23 1153
17648 50 2549
14220 43 2185
17983 27 1363
14455 38 1907
15479 33 1666
13709 30 1548
18760 150 7515
17973 36 1807
14040 28 1439
14610 273 13673
18010 225 11255
14021 4 219
15928 53 2696
16520 37 1864
14122 45 2296
14413 0 35
15430 70 3530
14291 24 1201
15183 12 601
17128 108 5401
17615 4 218
17029 99 4998
14121 183 9161
17965 268 13432
13725 194 9719
17169 23 1188
15715 192 9620
15491 330 16504
15130 37 1879
15923 344 17214
14220 39 1962
17451 311 15578
13712 127 6380
14171 47 2374
17648 10 521
17596 6 314
18024 291 14557
15154 74 3724
14726 94 4714
15014 146 7306
18923 446 22316
18238 255 12798
13864 55 2781
13732 99 4961
18267 33 1655
17475 164 8213
14891 46 2326
17996 103 5172
15762 253 12657
17569 7 397
15927 84 4248
13709 30 1548
14549 83 4200
15921 137 6879
15125 174 8722
14392 214 10717
15456 100 5013
14468 26 1336
16466 56 2849
16317 67 3352
17302 51 2565
16506 5 257
17791 48 2445
15456 184 9214
17630 161 8072
14545 112 5628
17246 7 399
14468 119 5964
15167 126 6331
13803 195 9783
14080 140 7049
13773 249 12458
14545 6 318
14729 89 4451
13762 260 13050
14555 23 1194
17524 101 5095
13739 19 991
15417 7 396
16852 316 15830
18244 307 15367
14401 226 11303
15931 42 2138
16437 8 428
14530 8 446
14539 234 11712
15382 20 1044
17869 44 2219
17869 42 2139
18673 159 7972
17325 5 260
18515 57 2874
14824 231 11557
17240 517 25857
14117 12 644
15125 174 8736
17830 25 1286
14080 205 10287
14377 130 6547
14956 60 3001
14981 117 5863
14814 175 8764
16741 116 5850
18286 58 2924
18235 41 2075
18048 379 18997
17851 58 2919
17840 132 6615
15106 240 12037
15783 167 8382
14912 73 3694
15507 2 123
15386 96 4820
16759 7 393
15970 330 16544
17204 108 5409
18031 291 14558
13799 42 2111
17126 45 2280
14375 138 6931
17793 41 2064
18612 93 4670
18717 39 1981
17724 53 2656
17653 30 1530
18225 449 22454
18938 4 205
14392 24 1201
16499 233 11685
14912 148 7402
16910 171 8600
15527 18 941
14399 17 851
18218 216 10820
15128 209 10496
17011 199 9960
16731 459 22979
17726 74 3739
15167 9 498
15783 213 10695
15442 51 2567
18021 370 18520
15397 219 10977
14897 153 7663
16119 186 9314
17978 123 6197
16122 161 8063
14891 179 8984
15491 330 16546
17986 227 11391
14771 214 10721
14708 24 1212
14423 19 967
17307 4 209
14438 178 8904
14784 69 3474
15174 204 10202
17691 55 2763
15101 76 3822
14530 8 446
15412 132 6629
14335 226 11317
14124 155 7795
17146 13 654
13739 19 952
17208 191 9552
17726 131 6564
17089 33 1699
14553 197 9894
17177 23 1153
14350 9 496
18653 258 12934
15395 29 1497
17986 10 510
14743 187 9364
17307 4 208
17726 74 3726
14453 169 8467
17693 153 7667
14784 9 488
18955 117 5851
15469 271 13563
18955 222 11105
18637 138 6924
18631 54 2736
17541 18 945
18495 102 5141
15115 118 5941
17144 21 1085
14959 201 10075
14392 96 4815
17162 177 8894
15116 281 14055
17985 321 16097
16551 328 16431
18795 50 2542
14464 84 4219
17095 16 830
18516 372 18637
17726 51 2568
17239 266 13322
16877 11 570
17231 90 4509
17701 49 2462
15715 221 11079
18699 180 9016
18760 191 9595
18468 53 2680
13929 12 650
14171 47 2374
14771 34 1711
17631 51 2555
16891 131 6594
17364 93 4684
14067 47 2373
17637 73 3688
15386 107 5394
16169 362 18149
18054 15 781
13770 2 110
15976 72 3606
13803 16 806
14530 1 73
18615 438 21945
18527 466 23329
15976 72 3606
14597 101 5088
13721 60 3028
17451 311 15592
17987 80 4013
16134 297 14893
15931 521 26051
16802 234 11708
16802 234 11706
13862 153 7652
18795 235 11792
16759 7 397
13957 2 132
15412 282 14133
13950 94 4732
16852 178 8930
17312 203 10159
15427 12 615
15923 497 24871
16743 21 1061
14186 15 779
15254 143 7182
14582 1 65
14603 15 792
17422 26 1342
15900 127 6399
16513 15 772
13707 144 7241
14186 15 767
15701 332 16623
14736 256 12802
14446 24 1235
15004 1 77
15701 3 193
17365 29 1462
15166 247 12364
14580 9 494
17972 157 7854
14220 39 1962
18235 236 11827
17435 16 805
14431 41 2094
14763 56 2824
16847 0 34
15851 92 4621
15916 461 23083
17125 35 1757
18923 408 20425
17658 73 3693
15234 174 8722
14431 47 2366
17467 80 4032
14007 0 9
13862 35 1800
16172 32 1632
18244 353 17657
17206 332 16630
15592 96 4815
13803 16 838
18482 25 1296
17648 10 512
17196 57 2899
13982 34 1710
13732 128 6414
15986 191 9558
14874 8 406
18218 62 3144
15469 273 13666
14014 162 8140
15353 170 8541
14026 90 4540
17307 31 1551
18782 72 3647
14350 42 2149
17793 41 2088
15697 29 1492
15762 91 4551
15242 182 9106
17497 127 6380
17087 316 15811
14977 20 1045
16158 66 3343
16424 135 6782
14281 52 2645
16118 79 3963
17620 127 6389
18482 21 1051
13773 53 2668
15593 178 8934
14431 47 2391
13767 88 4407
15715 65 3269
17840 369 18480
18724 19 984
14556 130 6501
17726 74 3726
16150 92 4618
17506 69 3498
18741 17 863
15291 319 15953
17307 2 116
17029 99 4963
17596 47 2379
16867 40 2018
14993 66 3308
17865 96 4808
13861 127 6385
16021 478 23943
18527 674 33705
18794 7 365
15149 22 1132
16935 101 5055
17541 26 1322
13725 126 6349
18923 291 14562
14788 49 2476
14959 16 826
18021 370 18538
15880 26 1325
14882 137 6883
13907 16 837
15828 292 14624
14801 240 12035
14436 300 15049
14030 58 2948
15774 313 15651
18244 163 8164
16776 222 11135
17132 182 9147
15246 126 6341
16946 130 6508
18005 199 9982
16499 224 11221
18863 35 1789
18005 112 5637
16845 140 7006
14067 48 2416
18615 117 5867
18793 56 2839
17578 11 579
17435 16 831
16891 131 6565
17727 38 1942
15828 319 15960
16986 14 708
14067 47 2373
16205 314 15722
14350 32 1624
14067 15 789
13707 126 6327
14729 29 1472
17754 75 3777
17684 150 7516
14580 5 277
16109 148 7414
15859 180 9042
16023 336 16823
13862 174 8708
14080 205 10277
16499 188 9447
14220 18 938
13957 2 126
16935 46 2313
18261 4 245
16168 42 2114
15099 151 7583
14375 73 3684
16112 0 36
18741 27 1397
16867 40 2018
18773 12 601
18761 40 2037
14549 217 10888
14038 93 4678
17169 23 1188
17407 105 5279
17766 43 2197
13803 171 8579
18039 175 8761
15411 241 12087
18692 299 14987
16741 481 24052
16089 372 18641
16286 473 23696
15799 193 9683
18933 66 3309
16158 343 17184
14543 103 5154
14220 45 2288
14043 66 3340
17349 104 5207
14562 59 2991
17521 50 2510
14067 100 5034
18927 53 2668
17169 23 1187
18228 125 6292
17030 44 2224
17521 18 907
14122 45 2296
17367 18 911
18882 106 5340
16222 145 7251
18764 42 2137
16529 33 1662
13762 57 2894
16726 16 821
14535 109 5472
15166 350 17542
16867 37 1889
13720 10 507
14789 70 3533
17731 20 1008
15987 258 12940
14335 160 8008
17975 72 3647
18265 8 449
14598 43 2191
18713 14 747
18732 26 1322
14079 166 8333
13907 16 808
15339 180 9006
16875 22 1102
18497 206 10337
15154 65 3261
18959 39 1985
17986 72 3617
14438 74 3716
17563 79 3964
17761 63 3199
17458 55 2787
16506 5 295
15099 35 1754
18794 85 4256
14040 28 1439
16411 87 4384
18021 386 19324
14362 33 1667
13803 16 838
14108 110 5515
15709 25 1298
18574 340 17017
14107 72 3619
15762 40 2050
18733 41 2052
17667 257 12871
16735 59 2957
14673 16 841
17563 79 3964
16109 148 7414
16849 118 5932
17095 130 6515
18242 93 4667
18044 230 11543
18731 224 11227
14186 15 779
17578 2 120
13715 92 4613
14464 66 3342
17055 18 924
17722 3 153
17655 410 20528
18021 77 3894
14096 91 4580
14985 64 3222
16158 66 3343
14814 114 5702
18496 74 3722
18910 86 4302
14080 181 9051
17128 148 7419
15801 487 24389
14802 70 3539
18516 364 18240
17631 51 2574
13937 40 2015
17763 1 53
14335 160 8008
16169 301 15075
16524 112 5615
18286 111 5591
13787 23 1177
15593 167 8389
14874 133 6691
14771 214 10721
15395 29 1497
16867 40 2002
15883 26 1325
17323 27 1378
17036 433 21699
13965 18 926
14598 46 2303
15398 228 11425
17479 7 361
17240 243 12169
14924 39 1954
14021 4 219
16232 186 9334
17793 41 2088
14975 63 3161
18228 125 6292
17560 56 2819
17849 168 8425
15901 183 9154
14112 59 2995
17874 57 2874
18021 422 21124
15128 145 7277
15103 106 5341
17327 75 3755
17975 72 3603
15588 297 14851
15397 152 7627
17111 182 9147
17328 29 1451
14203 18 950
16107 86 4332
18793 31 1576
16852 197 9872
17186 32 1631
14626 143 7166
14122 45 2281
15634 126 6312
17662 129 6495
13862 79 3975
15774 343 17154
14873 291 14582
17955 206 10319
16158 53 2674
18021 637 31896
16529 38 1905
15959 50 2521
18018 43 2152
15792 222 11149
15106 240 12006
17144 86 4335
14592 81 4062
17087 45 2282
16965 123 6184
16222 54 2733
18615 438 21945
14058 65 3273
16875 22 1102
13707 121 6087
16750 1 76
13709 114 5705
15111 71 3568
15130 26 1318
16540 15 789
17255 43 2168
15322 149 7496
15492 32 1612
14310 1 57
18603 170 8539
14729 31 1560
17029 179 8999
18018 43 2160
14807 300 15022
17851 58 2924
18765 320 16019
18233 245 12295
15136 92 4635
16752 15 788
17322 53 2655
18244 284 14202
16726 187 9375
17029 179 8999
17034 64 3203
16750 1 95
15322 63 3189
14888 217 10876
17196 55 2782
17849 86 4324
16101 69 3484
15098 39 1967
18527 674 33741
13935 227 11367
17522 59 2962
17560 100 5005
15639 189 9475
13791 148 7430
18793 60 3003
14553 190 9521
13779 223 11151
14044 30 1541
18615 319 15957
16112 487 24400
15486 177 8888
15396 145 7295
18021 655 32791
17500 67 3385
15360 137 6898
17138 52 2603
16529 33 1660
18733 47 2386
15923 451 22592
18765 320 16042
17849 103 5195
14619 151 7597
13861 125 6275
18010 232 11603
16172 121 6095
17528 18 920
14146 12 633
17500 18 918
17684 44 2228
16221 38 1944
18218 253 12698
18733 25 1262
14229 82 4115
15464 162 8111
17840 132 6645
18753 138 6906
13714 72 3631
17137 83 4169
17596 33 1686
18678 317 15895
16433 85 4299
17169 23 1188
15909 36 1838
15900 143 7186
14924 229 11478
17974 264 13232
17195 32 1616
18935 71 3575
18044 468 23427
14438 74 3721
14024 24 1241
14067 58 2904
18245 199 9975
15251 159 7968
15061 122 6102
15086 168 8436
17727 38 1942
18506 79 3991
16411 11 566
17960 207 10385
14553 294 14748
16761 380 19004
18685 182 9105
13770 16 839
16551 373 18691
17560 87 4378
17637 115 5775
18782 72 3647
15762 233 11670
14993 66 3308
18527 279 13978
16008 133 6679
15479 282 14147
14639 39 1988
14981 63 3181
15785 256 12827
15282 56 2804
18527 279 13997
18765 183 9192
17503 247 12383
15415 225 11269
16975 70 3549
13911 140 7025
13962 13 661
13803 195 9797
16960 47 2400
18685 501 25096
18959 39 1985
18673 13 668
18699 161 8089
17696 53 2680
14611 222 11126
16852 178 8905
16506 316 15849
17414 190 9526
14146 12 633
18753 124 6224
14186 194 9745
15179 22 1102
17055 295 14781
17655 57 2885
16826 362 18103
18005 229 11484
14059 84 4213
15479 33 1699
16358 49 2497
17663 21 1074
15339 28 1433
17851 173 8651
17034 221 11096
17166 8 434
15491 46 2348
16158 32 1619
17840 330 16531
14080 140 7049
15103 12 620
15420 7 359
16965 210 10503
18692 139 6968
18028 66 3340
14899 285 14280
15479 75 3755
15783 128 6433
17414 99 4977
17500 67 3381
13803 171 8564
18527 716 35803
18469 145 7285
16845 86 4320
17055 18 936
18773 30 1506
17851 58 2919
17987 138 6944
15125 174 8736
14726 60 3050
16152 39 1957
17727 36 1849
15931 0 10
17986 72 3604
17849 16 841
18933 332 16630
17314 57 2851
15250 73 3691
17206 388 19415
14124 203 10178
17408 20 1019
18959 17 867
18048 260 13033
14319 18 934
13732 103 5192
15442 35 1766
17137 215 10795
15774 343 17154
15397 226 11350
16726 85 4270
17213 83 4173
14789 70 3542
14080 181 9051
18034 62 3102
17972 39 1959
17246 2 122
18935 167 8376
14873 249 12468
17217 68 3433
17087 359 17961
18469 185 9287
14975 102 5141
14458 37 1861
17482 77 3894
17164 112 5639
17631 20 1021
18760 150 7504
14812 89 4455
14959 31 1580
18631 54 2722
18062 241 12092
14568 25 1287
18574 393 19654
15697 60 3017
14455 95 4791
14877 232 11626
13763 132 6611
18760 317 15862
17615 4 218
18761 9 487
14007 121 6068
14760 3 166
14965 141 7064
14603 15 792
17186 32 1631
17144 22 1115
15588 297 14851
16172 380 19021
17344 83 4184
17467 5 263
14955 90 4535
18923 416 20828
17701 55 2773
15808 31 1561
15862 287 14383
17401 11 589
14372 84 4213
16339 159 7962
14007 121 6098
15965 497 24868
17373 136 6818
18665 329 16456
17727 25 1278
13940 16 803
14553 292 14616
18034 86 4311
14375 133 6695
15486 320 16002
15669 29 1455
15486 227 11386
17497 197 9868
17596 47 2371
14259 120 6015
17522 59 2962
15398 372 18628
16158 32 1619
16466 88 4401
18685 35 1781
15766 24 1240
16847 0 7
14021 75 3786
17255 28 1413
16169 333 16688
16994 37 1869
18233 73 3655
17307 17 896
14059 84 4213
15517 24 1212
13897 37 1883
13895 78 3938
14108 88 4426
16094 46 2330
15409 52 2636
14455 38 1907
18057 4 234
18263 126 6323
17164 78 3903
16802 250 12548
16051 85 4258
18044 230 11543
16023 454 22703
15106 17 872
14059 84 4215
17596 47 2355
15888 24 1211
14105 124 6220
15766 15 775
16023 336 16823
16529 38 1905
16307 49 2479
14310 1 57
17561 3 183
16169 301 15075
15862 5 288
14690 25 1267
17960 207 10385
18741 27 1400
14914 33 1678
16169 357 17899
16216 88 4421
14907 181 9080
14901 7 396
15915 129 6466
18659 109 5489
16222 54 2722
15900 138 6912
15952 74 3719
15923 248 12427
18238 255 12763
16051 85 4262
15322 149 7475
15174 204 10202
14372 138 6947
16965 123 6184
15894 118 5904
15989 307 15361
18712 409 20494
17851 173 8685
14632 102 5108
18021 222 11146
14542 289 14461
17853 2 119
15639 194 9702
18764 42 2137
18026 180 9033
17091 63 3170
13773 53 2668
17594 72 3624
15900 138 6912
16315 8 418
16226 18 939
18031 262 13139
14080 169 8466
14726 29 1487
17451 326 16331
17314 66 3315
17091 64 3230
14553 292 14616
15902 436 21828
14372 63 3168
14569 77 3897
18502 11 569
18026 166 8335
18673 105 5254
15894 0 45
17521 25 1277
15473 240 12023
13921 47 2358
16172 85 4294
14220 18 938
18021 260 13001
16949 437 21870
14453 107 5381
17210 230 11541
16356 17 862
17693 153 7667
17727 22 1148
17666 212 10633
17521 25 1277
13940 16 835
16778 113 5673
18923 243 12185
13763 14 750
15952 132 6646
18959 17 892
18244 98 4934
18724 33 1677
13714 133 6685
18659 109 5483
18463 177 8875
16726 16 821
16778 77 3852
16348 98 4935
18024 291 14574
18731 109 5469
14749 128 6447
16228 186 9302
13865 89 4494
18510 339 16976
18021 260 13001
14157 60 3021
15111 47 2382
16994 169 8491
17344 118 5927
14789 112 5619
16849 187 9390
17195 209 10498
16148 220 11044
17726 83 4171
17166 0 29
17312 203 10159
13809 135 6759
16875 14 705
16679 12 624
16818 96 4845
14993 66 3308
16199 126 6338
15900 196 9837
14030 71 3554
18488 536 26833
15179 22 1117
17231 57 2882
16387 45 2275
13862 4 250
18673 105 5300
13979 20 1004
17524 127 6383
15931 521 26051
14956 309 15457
14146 55 2771
14539 50 2511
17367 90 4540
15114 28 1425
14136 26 1317
15423 38 1941
16119 463 23166
16894 20 1046
18701 270 13544
18931 50 2528
15412 167 8382
14985 10 538
16676 68 3406
18054 264 13242
17217 70 3549
17684 44 2222
13720 10 512
14592 69 3490
15877 26 1313
16060 173 8676
14413 2 111
14784 57 2860
18272 29 1477
14555 157 7857
13937 40 2047
17978 30 1501
15676 184 9236
14375 133 6683
17137 61 3058
17125 21 1090
14802 286 14340
14399 145 7286
17325 5 260
14357 5 289
16023 462 23148
18761 40 2037
13773 113 5675
18021 77 3899
16776 8 440
14582 1 70
15478 157 7892
17055 18 924
13991 33 1655
18794 56 2843
18882 58 2905
13929 10 508
16226 66 3303
17620 241 12077
13721 60 3006
17727 38 1950
15636 13 684
16802 234 11739
14550 300 15004
15416 122 6116
14936 23 1175
14726 60 3050
15987 252 12619
14372 248 12448
17667 9 482
14080 205 10275
15593 169 8451
15257 170 8510
18021 507 25380
14007 84 4216
17078 65 3289
17851 128 6411
13791 244 12245
16422 23 1178
18218 300 15001
16341 416 20825
14801 39 1976
17990 100 5020
15004 12 624
13950 180 9029
17196 55 2782
13709 18 912
14438 254 12714
16894 5 286
18021 390 19514
14550 280 14006
18044 452 22615
14771 214 10721
17458 55 2787
13913 55 2790
14965 203 10178
18021 507 25355
17996 103 5172
14592 69 3484
18953 116 5827
16821 409 20463
16158 66 3316
17521 1 66
17766 15 763
18923 629 31460
16094 464 23242
18685 501 25094
17965 263 13160
16119 273 13676
13766 118 5929
16858 173 8695
14801 150 7527
18489 219 10983
18235 230 11525
15160 61 3077
15766 15 797
17521 84 4206
17724 14 734
13865 76 3804
17701 2 108
18021 536 26826
18713 7 371
15590 71 3584
18057 38 1926
14282 2 147
17524 137 6873
16172 465 23283
15122 62 3102
14007 121 6098
18692 299 14974
13791 201 10065
15989 440 22004
18765 60 3006
16112 207 10388
16205 298 14913
17210 230 11534
15391 201 10077
15339 180 9021
18244 30 1517
18506 90 4504
14914 101 5090
16731 90 4533
17598 39 1995
14789 122 6107
14580 23 1180
17111 105 5275
16101 44 2227
17560 41 2081
14590 92 4641
13767 11 596
18466 48 2436
13702 141 7083
14451 15 799
18685 9 453
14332 75 3773
17853 186 9330
14122 45 2281
16894 12 633
17210 198 9942
17691 55 2763
18514 105 5276
15004 10 513
16121 31 1574
16994 37 1869
14436 88 4427
18244 362 18112
16504 94 4744
14453 139 6969
14319 5 268
17435 16 831
14975 78 3903
16826 193 9684
18910 157 7877
14431 62 3148
17637 16 811
17521 34 1707
15312 67 3352
14736 271 13569
14297 138 6915
15872 38 1935
16843 299 14996
15396 38 1948
14611 182 9124
15466 256 12837
15416 77 3894
16867 276 13827
15130 70 3521
15118 186 9339
14592 81 4061
13865 251 12570
16852 316 15830
16094 534 26719
16119 501 25055
18282 94 4725
18760 149 7486
17344 118 5927
17726 15 774
15862 5 293
13763 14 750
15592 8 407
16852 70 3523
14729 57 2877
18218 62 3126
18913 38 1928
15238 5 266
13762 27 1386
16847 4 203
15426 151 7552
18954 115 5797
16752 17 884
17783 66 3339
15397 152 7627
17662 57 2865
15923 367 18372
18685 238 11921
15634 126 6312
13803 195 9793
18795 1 73
17503 233 11673
17090 64 3246
18218 111 5565
14212 222 11143
14464 124 6202
15116 282 14141
13950 180 9029
18021 386 19340
17166 5 278
17312 186 9324
16529 33 1660
18924 4 247
13970 8 419
13779 87 4389
18795 167 8376
18218 160 8003
16118 120 6040
14607 47 2365
17169 157 7883
15987 335 16785
17858 71 3557
15440 26 1320
15873 200 10030
15125 134 6725
17132 225 11291
16753 112 5643
13874 11 579
17090 64 3246
16199 444 22210
18928 35 1760
16529 91 4598
15828 292 14603
17661 50 2530
14220 25 1258
15954 208 10415
18031 262 13139
17614 35 1751
18958 10 516
17186 2 119
15267 77 3862
15411 113 5684
17472 17 896
18574 340 17017
18733 7 355
14559 282 14105
18760 224 11218
17493 95 4794
14458 25 1295
15762 149 7472
18929 173 8680
17985 338 16945
17592 125 6298
17365 29 1487
18646 2 145
16378 39 1962
15403 156 7802
13708 2 118
17663 21 1095
17521 20 1027
18685 501 25066
15762 80 4004
16340 416 20827
18612 87 4386
17661 29 1458
17691 8 449
14592 49 2462
15098 57 2880
14562 71 3565
14191 204 10228
15234 101 5075
16317 40 2005
16588 195 9778
13921 61 3078
14009 63 3197
15715 34 1746
16172 413 20671
18760 191 9586
18035 230 11531
18010 225 11255
16743 21 1053
18935 257 12871
13913 91 4562
13929 12 650
14007 29 1494
16520 27 1362
15592 138 6940
15079 15 795
16852 70 3523
18235 156 7827
18574 401 20078
15902 214 10748
14750 22 1135
13708 85 4266
17011 199 9969
17853 45 2296
18496 78 3947
16159 158 7945
16106 53 2682
17978 126 6319
17853 186 9316
14673 57 2879
16679 83 4186
16826 362 18149
16762 37 1900
15395 95 4783
18218 160 8003
17077 8 438
17217 70 3504
16122 108 5448
17029 99 4970
18245 210 10502
18495 82 4148
14580 143 7158
16544 117 5896
16298 110 5524
18927 45 2276
13895 62 3128
15762 147 7376
17131 2 143
17701 55 2773
18527 279 13962
16051 85 4262
15106 240 12006
13913 66 3342
17851 113 5684
17166 7 355
17504 31 1590
17166 0 29
17166 5 273
13732 99 4966
18685 501 25094
17302 43 2151
17195 209 10497
14592 57 2880
14985 170 8539
16676 260 13029
16894 224 11211
15017 116 5837
14153 18 924
16317 67 3369
17662 64 3227
13896 99 4958
14313 270 13515
15517 46 2309
17410 60 3035
13937 40 2015
14103 75 3774
16169 220 11036
14959 16 838
17387 10 514
15880 26 1325
17131 192 9602
18492 323 16177
18927 65 3269
15167 9 498
16975 191 9576
15722 89 4460
17053 91 4556
14939 60 3013
18765 60 3006
17978 221 11070
17131 203 10162
17615 4 218
15291 266 13305
17973 46 2336
14165 122 6135
16275 108 5436
13991 46 2305
17271 93 4686
15308 46 2322
17591 86 4350
18514 105 5255
15423 41 2051
15099 118 5948
14093 196 9841
14555 273 13691
18955 54 2748
17560 138 6941
13923 25 1264
14334 72 3622
17596 47 2371
18922 574 28707
15116 282 14141
17840 200 10035
15766 15 797
14549 141 7053
16169 113 5674
14306 145 7267
17669 85 4283
14631 27 1362
17985 203 10187
16162 72 3624
18527 716 35850
17521 20 1027
18665 250 12549
17206 388 19450
17497 197 9868
14569 77 3897
14080 140 7049
14535 109 5472
16504 149 7457
18794 56 2843
17090 64 3246
14464 66 3325
13913 66 3323
17053 26 1347
17684 75 3780
15099 26 1331
14350 2 103
17095 16 830
14725 64 3233
14438 254 12733
17620 13 652
16173 191 9571
17371 269 13495
14766 7 374
17271 12 614
15130 30 1521
13861 28 1416
13861 46 2336
15125 67 3362
17956 251 12584
14319 18 901
18244 263 13189
17251 180 9036
15952 132 6609
17874 57 2863
18794 68 3433
15923 344 17224
14583 69 3486
13861 127 6385
14350 32 1636
16158 66 3307
16162 72 3609
18764 42 2110
15238 5 266
15590 171 8554
14617 32 1624
18463 177 8888
16735 59 2991
18040 43 2165
18646 2 113
17177 26 1306
17144 14 725
14291 25 1268
16159 158 7945
15636 0 23
14874 239 11965
14068 93 4674
15242 182 9121
13757 50 2544
15785 59 2984
18218 111 5565
17678 37 1897
16471 80 4044
15785 155 7776
15479 354 17728
15946 534 26704
17722 121 6089
16339 159 7962
18026 187 9359
18673 47 2373
14802 301 15051
15894 185 9260
18631 54 2741
14725 118 5902
15339 0 34
14725 16 829
15828 429 21477
18226 215 10793
13807 25 1275
17874 22 1115
16052 464 23206
15872 38 1940
16348 98 4935
15498 152 7644
15486 227 11386
14030 58 2921
18753 124 6224
18697 238 11904
14673 70 3506
14985 10 538
17144 22 1115
14965 141 7066
14124 108 5424
15386 23 1184
15079 15 795
16172 419 20974
16867 100 5017
17098 64 3227
17255 4 203
17869 92 4638
14816 152 7614
15851 19 995
18779 69 3484
13712 127 6380
15179 132 6640
17435 16 831
16926 172 8629
18795 235 11792
16513 15 778
15923 344 17214
16952 0 35
18935 257 12862
15415 52 2615
18645 40 2041
17524 126 6312
14212 184 9213
15106 240 12006
16107 33 1695
16986 38 1926
15722 89 4458
18007 76 3801
17196 55 2782
18882 119 5962
15238 175 8767
16852 94 4729
18026 166 8335
17955 158 7913
17560 41 2080
16271 48 2431
17164 112 5639
17865 55 2751
18685 29 1456
15446 66 3302
16188 135 6779
13732 33 1671
17955 49 2461
14924 93 4652
17978 119 5961
18021 386 19342
15931 14 743
14446 24 1208
14127 248 12445
14067 30 1518
17560 41 2081
15828 446 22333
14882 96 4824
15867 111 5555
13732 103 5195
17137 149 7468
18603 170 8534
13770 10 529
16948 103 5200
16889 250 12543
15774 249 12481
17978 193 9696
18765 183 9193
15851 92 4626
16579 76 3811
15639 169 8492
16089 372 18641
16825 99 4977
13929 10 508
18678 338 16902
14024 24 1235
17479 21 1091
17545 10 501
14112 190 9510
15491 270 13510
18489 219 10983
15411 151 7597
17493 95 4794
18678 302 15150
16228 203 10167
14036 12 622
15927 82 4124
17206 337 16875
18235 236 11827
16411 208 10432
14582 60 3044
15873 256 12818
17521 84 4211
14007 126 6340
14446 11 552
17398 246 12330
16109 148 7431
16341 416 20825
17353 12 626
17955 68 3419
14293 252 12627
15222 99 4976
18724 33 1677
16962 10 547
16199 444 22210
16094 244 12224
14580 143 7187
18954 328 16431
18035 230 11501
13929 12 650
13709 18 923
16845 117 5854
17243 86 4312
15314 47 2367
18713 4 215
15846 112 5635
17383 398 19943
18928 157 7852
13896 31 1585
18676 493 24675
15116 281 14055
16228 230 11521
14874 160 8016
18651 14 707
16894 20 1046
15160 258 12922
13791 8 435
17671 410 20513
15397 53 2678
14038 64 3236
14293 63 3169
14891 46 2326
13714 72 3631
14828 198 9937
14093 136 6838
15862 180 9040
13701 74 3734
14998 188 9430
14560 6 338
15440 44 2216
17030 93 4674
14551 204 10239
17500 60 3021
15339 262 13107
16172 471 23589
17675 48 2410
17661 50 2530
16158 6 323
14271 253 12693
15397 152 7627
17053 113 5684
17783 141 7053
16743 21 1094
13729 87 4361
17055 146 7334
15154 74 3724
18782 72 3647
15436 119 5984
15061 181 9069
16752 10 501
15426 83 4164
14088 48 2436
15877 87 4365
17098 64 3225
13911 147 7399
15074 15 782
15017 87 4371
17840 242 12110
14357 5 289
18765 60 3016
17251 43 2157
17985 181 9096
17793 41 2064
18731 224 11225
16853 0 21
17503 128 6414
15291 232 11620
17956 128 6440
17987 18 931
14209 79 3955
13773 69 3476
18482 25 1296
17095 16 830
18793 31 1600
18677 142 7149
18031 291 14584
15335 125 6270
17220 23 1199
15417 2 114
14708 34 1715
13805 282 14127
16826 193 9684
17349 6 347
14603 88 4419
17514 54 2739
13767 91 4583
18717 43 2171
18021 283 14156
16013 20 1011
17691 19 953
18923 304 15244
17696 53 2695
16825 99 4977
14535 109 5472
16222 12 625
14644 281 14081
17851 173 8685
18692 299 14974
15492 4 232
13780 143 7191
17169 347 17378
15345 148 7434
14912 38 1911
17975 253 12662
15989 307 15361
17325 5 260
16226 3 185
15409 6 337
15386 23 1156
14924 146 7337
13791 108 5423
18048 89 4465
14007 4 226
17563 79 3968
14555 273 13691
18057 137 6877
16852 70 3501
14431 65 3296
18794 162 8149
13913 142 7122
13896 70 3550
14597 144 7235
15136 92 4635
14080 240 12026
17478 87 4382
16228 230 11521
14901 310 15514
15851 19 995
14171 17 900
14209 22 1111
16228 113 5670
17684 154 7731
14038 107 5396
15166 70 3531
15961 95 4781
18286 33 1673
15894 67 3386
15954 208 10412
14421 11 571
15762 233 11691
13791 195 9781
18225 561 28079
16091 28 1438
18935 391 19583
16513 15 795
16891 131 6565
18699 161 8060
13714 40 2013
15410 77 3872
16011 154 7712
14603 15 792
17684 89 4498
14814 114 5702
18218 300 15001
13809 41 2099
14344 14 736
15257 127 6389
16821 195 9751
14043 39 1958
15222 54 2720
17598 18 941
15882 198 9914
18795 82 4101
17620 69 3474
18760 150 7503
17196 55 2782
15961 188 9429
18910 140 7035
15592 120 6040
15592 59 2997
15167 20 1034
14375 224 11234
17678 6 340
17620 227 11371
14882 92 4634
17306 68 3431
13982 100 5044
17615 6 306
16228 219 10978
13791 97 4896
15430 57 2895
17849 2 142
14438 179 8974
13745 197 9864
14319 18 934
17410 60 3035
16849 95 4769
18794 68 3450
18021 454 22746
16158 211 10594
16266 199 9973
13945 246 12329
14401 91 4569
15792 222 11148
18615 438 21945
18048 89 4465
13807 38 1915
18021 373 18675
18701 21 1082
14924 158 7918
17783 111 5577
17853 2 119
15851 92 4626
14229 7 379
14543 95 4754
17560 56 2819
18767 23 1166
18687 351 17556
18863 86 4315
15382 229 11464
18685 238 11921
17611 105 5269
17137 3 151
13864 89 4460
18733 41 2056
18267 3 166
13896 24 1219
15146 61 3076
18488 314 15706
14764 63 3172
15931 14 743
14313 270 13515
14186 15 779
16188 32 1615
16935 364 18243
13929 10 508
16821 207 10396
17544 7 380
15783 263 13176
16529 33 1660
16315 59 2962
17048 72 3640
15862 287 14383
17684 127 6379
16112 20 1042
18005 199 9972
17011 16 820
14899 73 3669
15800 48 2429
17667 246 12336
16122 161 8063
16874 403 20189
15382 78 3942
17169 246 12344
13799 40 2034
15391 201 10077
18882 143 7154
14152 47 2354
17383 412 20602
17367 42 2150
18286 58 2914
18678 303 15163
16038 246 12308
16272 320 16049
15457 184 9205
15416 85 4270
17596 47 2371
18040 43 2165
14560 0 21
16073 105 5292
16250 36 1828
14743 187 9364
18760 149 7476
16356 18 906
17053 113 5678
17667 85 4288
14771 34 1711
14560 5 285
15154 74 3719
18048 352 17611
18915 331 16583
15167 36 1803
15927 38 1902
18021 77 3852
15103 12 620
14413 2 111
14569 159 7995
16584 94 4709
15061 181 9069
14582 1 65
17724 34 1747
16172 229 11457
16317 40 2005
15652 20 1019
18218 147 7391
18235 247 12367
17323 23 1199
13763 93 4674
15915 129 6490
14562 59 2991
15350 239 11960
13767 0 7
15593 178 8926
17166 8 434
18953 316 15848
14736 256 12802
15412 167 8382
18793 40 2015
13861 141 7088
13729 80 4045
17325 26 1337
17514 86 4341
15416 122 6109
17033 70 3545
15806 121 6055
16551 373 18691
16529 91 4574
17684 75 3755
15917 285 14255
14468 110 5505
13792 118 5915
18676 558 27945
16281 85 4270
15174 58 2926
14597 33 1653
15398 357 17867
15931 521 26076
15395 89 4461
15640 144 7207
15492 28 1429
17726 126 6350
14673 57 2865
17739 23 1192
13732 99 4966
15792 222 11129
17383 512 25638
14789 116 5819
15961 391 19556
17686 28 1413
16169 362 18128
15762 296 14813
13767 91 4583
15395 89 4461
16119 273 13699
15491 86 4320
15166 335 16760
14063 92 4613
16243 174 8741
17830 25 1296
17239 187 9387
13907 16 837
14467 293 14677
17963 53 2699
16446 282 14121
17724 34 1747
15959 78 3927
14583 5 260
18482 25 1254
18678 317 15895
18265 160 8005
16152 111 5555
17655 393 19654
17693 82 4125
18760 121 6058
16101 0 50
17614 35 1753
13913 288 14435
18225 79 3994
17493 214 10704
16506 124 6243
13791 8 443
17630 1 66
17874 3 198
