15776 5 288
15909 43 2172
17394 2 128
14390 84 4210
18760 65 3285
18010 101 5099
17349 61 3093
17791 37 1880
16947 166 8327
18756 129 6464
16731 172 8648
18763 5 270
14902 213 10688
14355 11 571
14940 101 5093
18752 564 28246
18021 662 33123
18021 138 6946
17661 84 4203
15297 135 6764
16927 35 1778
15154 233 11699
18712 71 3579
17270 35 1761
17116 115 5790
14527 70 3549
14771 196 9836
17834 52 2647
16265 12 621
15909 67 3377
18860 155 7777
16158 526 26305
17394 2 117
17361 298 14913
14277 35 1760
15413 54 2742
17827 28 1431
18044 522 26145
14903 119 5996
15391 187 9360
14450 77 3856
18860 155 7777
17662 176 8841
15469 324 16244
16026 102 5149
18605 38 1929
14277 35 1760
18021 662 33138
14363 149 7478
18929 73 3680
18923 645 32296
15800 279 13984
18756 19 975
15800 279 13984
16031 68 3421
15335 257 12884
16319 24 1218
17866 20 1006
15149 67 3353
15464 234 11723
17270 35 1761
15318 147 7390
17337 45 2258
18760 65 3292
14191 33 1667
17394 155 7772
17829 62 3108
14191 33 1667
16526 30 1542
15103 103 5181
17144 37 1884
16137 42 2104
18746 17 864
18021 78 3945
16947 166 8327
18712 71 3579
17696 17 852
17270 47 2398
15125 186 9350
17636 33 1671
14986 250 12538
18253 16 817
15154 233 11661
14816 181 9051
18021 138 6926
16262 49 2472
18752 62 3147
16150 2 108
17089 9 454
18619 120 6037
16301 29 1474
14231 7 385
15318 78 3932
17589 8 407
14771 129 6485
14921 7 352
16847 140 7007
17191 34 1724
16341 301 15085
14338 174 8713
17791 37 1880
14986 23 1166
14143 41 2051
16809 232 11625
16341 301 15085
17343 26 1315
17237 22 1132
14611 60 3020
14970 13 659
16889 192 9635
15382 209 10454
17034 211 10567
18028 305 15283
15103 129 6480
14143 41 2051
16047 5 300
14270 16 836
17661 84 4203
14901 38 1925
18750 213 10663
14768 63 3196
14121 240 12005
17313 65 3266
16172 81 4095
18615 566 28332
17089 9 454
17495 139 6962
17371 149 7488
16117 64 3237
15966 443 22191
16089 6 305
17493 226 11325
16150 2 108
15389 25 1263
14143 48 2437
14363 149 7478
17208 196 9827
14356 222 11117
14319 22 1103
16137 42 2104
16295 243 12167
18011 82 4124
14319 13 657
17662 180 9010
15391 44 2238
15447 46 2312
14377 83 4161
15973 116 5839
18577 252 12626
18748 153 7659
14915 1 64
18024 127 6366
14948 279 13998
17371 382 19136
18024 69 3487
18021 138 6902
17535 50 2545
14157 193 9669
18034 101 5055
15074 74 3701
18760 307 15360
17753 4 217
18753 27 1365
14157 78 3947
18756 12 639
17364 52 2613
14677 22 1117
15335 257 12884
14746 279 13988
15713 30 1536
14425 160 8003
18779 453 22693
14319 13 657
14231 7 385
18492 143 7177
15243 37 1851
15989 75 3797
18712 64 3218
16761 43 2193
18233 141 7083
18752 259 12981
17753 148 7423
17776 5 275
18666 51 2598
16298 17 891
16761 361 18066
14379 63 3170
14636 102 5124
16583 258 12931
17339 204 10219
14734 57 2874
17172 28 1406
17312 115 5767
17447 85 4274
16840 84 4212
18756 19 975
16847 140 7007
16485 30 1509
14290 90 4519
14375 114 5711
15689 156 7843
18249 7 390
15458 7 353
17125 97 4882
16458 31 1551
14546 179 8965
17447 1 58
17260 31 1595
15254 97 4884
14157 78 3910
14121 240 12005
15989 75 3762
17671 159 7980
18923 346 17337
17394 155 7763
14390 84 4244
18044 412 20620
16227 11 586
18923 346 17337
15061 244 12239
18761 81 4066
18233 141 7083
16265 12 621
15859 154 7738
14543 140 7029
14319 22 1103
18021 138 6946
14281 183 9189
17283 9 492
14218 250 12529
17394 74 3717
17034 59 2981
16544 73 3700
14319 22 1103
17300 4 232
15430 102 5110
14290 178 8933
14623 249 12485
15296 92 4609
17662 176 8841
15923 484 24226
14286 12 624
17866 20 1006
17696 8 427
18021 138 6902
18685 20 1009
16697 129 6481
14768 63 3196
16262 49 2472
15391 85 4274
17191 48 2427
14816 243 12198
14165 77 3881
18923 391 19597
16379 4 237
14942 65 3265
18011 82 4124
15469 324 16244
14768 63 3196
16513 87 4379
18714 4 232
16583 258 12931
17667 97 4880
17313 180 9022
16242 351 17584
16513 87 4379
15828 501 25078
15074 56 2808
18954 245 12288
18746 17 864
18044 522 26101
17371 149 7488
17394 74 3717
14921 59 2990
17089 9 466
16927 35 1778
14306 180 9031
15074 74 3701
18760 307 15392
14263 103 5179
14641 98 4933
15987 199 9982
17239 106 5334
14749 103 5165
17514 61 3095
18666 61 3058
14165 77 3881
15413 54 2742
15458 17 858
17419 7 394
14157 4 202
14782 73 3683
18712 64 3218
14915 1 64
14740 39 1995
18644 159 7990
14545 89 4484
15689 114 5709
15141 65 3280
15074 118 5950
17514 61 3097
16047 24 1239
17958 22 1144
17055 155 7795
18253 2 134
15689 156 7845
17131 205 10257
17871 105 5261
17005 92 4638
16319 3 170
18244 214 10705
14263 87 4361
18031 83 4200
18760 307 15360
16118 250 12501
15946 478 23944
17195 86 4323
14772 46 2301
15308 93 4683
17636 5 263
17339 314 15735
14641 98 4933
17339 63 3179
16526 30 1542
15794 176 8804
18011 82 4144
17344 1 100
17260 25 1289
14772 95 4762
17028 212 10650
18021 662 33108
15322 28 1401
18021 577 28858
18748 172 8624
14543 148 7445
14903 119 5996
15061 244 12239
15163 25 1291
15430 102 5107
15391 44 2238
17636 33 1671
18244 14 750
18246 20 1039
17834 52 2637
15266 9 484
15222 121 6065
18756 22 1144
15689 156 7843
17620 199 9981
16041 237 11891
14921 59 2990
14921 7 352
14558 110 5526
17978 315 15790
18021 78 3902
15897 1 99
18756 22 1144
17671 346 17311
17394 2 117
14338 54 2735
15689 156 7845
15446 39 1969
17492 82 4118
17415 100 5008
17034 211 10567
18499 343 17154
17313 65 3266
18219 58 2904
14333 33 1666
16581 23 1172
17313 43 2159
16026 102 5149
18760 307 15392
14942 251 12563
17327 39 1984
18929 118 5918
18244 214 10705
16481 122 6145
14782 73 3683
14901 72 3631
17495 139 6962
16095 109 5480
17260 11 573
17495 139 6962
15464 234 11706
17185 57 2851
14527 9 454
18632 127 6390
17191 48 2427
14986 250 12538
17125 10 529
16031 68 3421
14161 109 5456
16847 140 7007
16888 98 4908
16835 290 14529
18021 662 33108
14901 38 1925
16042 34 1717
17662 156 7805
18021 577 28886
16219 258 12910
17260 25 1289
17125 97 4882
15391 187 9383
14270 16 836
14764 105 5259
16379 4 237
18574 230 11517
14157 127 6377
17620 122 6137
18604 16 802
14545 89 4484
15446 39 1969
17493 226 11325
17300 4 232
18752 259 12981
17834 52 2647
17371 149 7488
18756 12 610
18210 7 385
15484 289 14456
17636 33 1671
17364 118 5936
15383 178 8917
17028 212 10650
14564 11 580
17753 148 7423
17855 240 12029
15389 55 2796
17131 205 10257
14356 301 15058
18605 38 1929
14564 19 1000
17561 212 10604
16947 165 8264
16761 361 18066
14564 11 580
14771 129 6486
14228 84 4245
18685 487 24366
17829 62 3108
14375 6 321
17517 316 15826
18258 124 6224
17875 355 17761
14410 274 13720
16481 122 6145
18233 115 5788
18527 360 18027
17337 45 2255
16319 24 1218
14707 30 1523
17116 115 5790
14291 194 9707
17172 28 1406
18685 484 24243
15382 209 10454
16888 177 8856
18021 78 3902
16697 129 6481
17208 196 9827
14921 59 2990
16265 12 624
18752 259 12981
14564 1 70
16581 26 1325
15130 61 3084
17866 60 3018
17089 9 484
17620 199 9981
16761 43 2193
14543 148 7431
17371 149 7460
18653 175 8788
17580 2 149
14190 18 942
15946 524 26203
17349 61 3056
14764 53 2660
14543 148 7431
14736 86 4347
18253 2 134
16832 42 2125
18039 80 4026
15897 46 2319
15689 156 7843
17494 155 7781
