15337 0 20
17129 35 1774
15403 80 4021
15807 13 673
14798 1 97
16978 251 12576
17563 34 1739
15603 37 1898
15592 27 1352
14802 60 3001
16112 17 887
16894 188 9442
17427 11 562
17156 50 2508
16802 207 10378
14471 0 26
17327 156 7815
15228 126 6350
14729 192 9610
15116 91 4554
16137 50 2549
16387 25 1253
14298 79 3969
14244 29 1494
15115 138 6921
14277 312 15635
14907 14 711
15894 96 4847
14592 9 464
16818 71 3553
17333 186 9337
15923 344 17222
15432 29 1461
15933 135 6765
15174 1 61
14396 66 3304
14223 204 10203
17495 152 7649
15183 36 1811
17226 62 3114
17372 110 5502
15271 17 864
14553 223 11169
17478 18 938
15514 79 3986
17426 27 1365
14549 208 10428
15124 1 68
14577 33 1679
16022 268 13420
16188 157 7882
15394 50 2549
14707 17 899
16525 40 2026
15464 133 6652
15639 128 6449
14934 179 8952
16158 519 25984
14625 43 2184
14293 86 4313
15927 312 15650
17250 31 1586
16319 1 96
16676 183 9169
14921 39 1959
15916 420 21039
17208 247 12369
14227 124 6219
14516 98 4938
16272 14 730
15511 51 2585
14368 276 13840
14559 295 14781
16525 40 2026
17132 80 4047
15915 31 1573
15289 1 95
14749 285 14264
14452 37 1895
16276 12 613
15481 18 935
17224 37 1889
17126 156 7801
14191 120 6049
15458 112 5628
15528 71 3594
14259 80 4042
17232 105 5294
15479 3 179
17414 139 6984
16113 75 3767
14934 179 8952
17407 155 7789
14643 122 6124
17389 57 2887
17132 387 19359
15111 145 7288
16076 7 379
16286 267 13397
16022 268 13420
17269 163 8191
14603 112 5635
15361 73 3687
15486 378 18918
15156 11 599
14920 7 380
14369 137 6854
15160 187 9362
14432 8 436
16066 42 2120
14942 42 2129
17159 47 2356
17461 6 338
14789 148 7438
17559 109 5497
14148 17 856
14741 33 1680
15386 61 3059
14771 225 11269
17100 208 10417
17132 524 26210
15335 143 7200
15254 22 1126
16126 35 1784
15862 279 13989
14914 301 15069
15335 233 11697
15883 1 57
14338 1 53
16358 55 2794
15901 276 13801
14970 163 8169
16562 9 494
15225 35 1792
14244 29 1494
14652 249 12465
17251 176 8819
14375 140 7005
17415 257 12899
14634 52 2614
15677 191 9581
15689 295 14779
14270 54 2714
14942 42 2129
14239 16 821
15504 148 7413
15875 428 21442
14425 99 4968
15246 152 7632
14329 253 12687
16089 97 4873
14223 177 8871
17509 23 1154
14801 179 8972
15417 21 1061
17282 49 2458
15901 301 15069
16715 283 14151
15782 17 863
14548 135 6793
15960 124 6206
14965 155 7760
14377 124 6235
15890 24 1238
14535 103 5190
15774 299 14960
14376 58 2925
16227 188 9423
15901 267 13351
17210 40 2035
14301 86 4314
14831 168 8421
15467 5 289
14228 31 1600
17373 84 4223
14270 215 10753
15783 260 13010
14824 253 12683
16867 229 11464
15182 71 3599
15870 109 5474
15701 335 16753
15481 18 939
14321 21 1051
14280 19 962
15361 218 10901
14654 265 13270
17212 39 1977
14749 60 3026
14548 22 1140
17095 13 663
14904 25 1251
17181 55 2752
15425 205 10282
16199 461 23076
14916 159 7974
16558 54 2744
14886 141 7090
17556 65 3269
14749 60 3026
14223 236 11803
15295 34 1736
15783 84 4233
15778 37 1862
15870 270 13517
15701 271 13588
14219 77 3862
17365 11 574
17132 390 19526
14191 40 2007
15927 281 14069
14749 269 13475
17533 100 5002
16196 187 9398
14750 28 1419
14452 156 7815
14539 212 10602
17073 147 7356
17356 50 2545
17154 24 1228
15403 175 8773
14372 102 5142
14907 139 6986
15799 268 13442
14418 250 12512
14722 124 6201
15262 84 4221
17519 10 524
15922 7 362
16196 36 1814
17070 146 7315
17522 88 4426
15656 58 2906
16148 201 10057
17036 301 15068
16923 77 3886
15639 2 103
15469 207 10358
14873 307 15393
16150 129 6489
15894 13 682
15391 269 13499
14768 5 256
16022 113 5693
14911 127 6378
17140 19 960
15383 254 12733
14787 40 2046
15355 6 330
14583 17 865
17344 102 5108
14139 92 4618
17556 65 3269
15464 11 580
17475 178 8911
15824 18 919
16119 7 361
15318 172 8625
16495 76 3838
17482 165 8293
14904 29 1491
15862 130 6503
16172 323 16169
15318 74 3713
14121 156 7850
17360 106 5328
16172 315 15775
17388 17 851
14148 132 6613
14779 143 7180
15450 239 11976
17559 1 69
15386 74 3729
15426 102 5117
17090 51 2589
15227 159 7981
17073 101 5084
15715 64 3241
14770 297 14879
15862 119 5987
14195 16 812
14298 66 3350
14812 314 15710
14760 184 9238
17364 71 3557
16472 127 6367
15683 6 337
15061 120 6011
15010 8 438
14475 11 597
14206 22 1127
17312 156 7805
15428 290 14543
15682 54 2701
14357 40 2015
14934 179 8952
16172 211 10591
14562 78 3936
17492 50 2509
17198 81 4066
15469 201 10090
16944 193 9680
15774 90 4525
14445 38 1943
17361 126 6302
17152 91 4574
15751 7 390
17420 3 152
15799 246 12314
15266 20 1016
14149 273 13686
14875 34 1748
14924 17 895
14213 62 3118
16424 267 13381
14142 15 798
14438 23 1176
16109 96 4809
17170 36 1811
14270 84 4232
15330 9 464
15797 30 1524
16021 167 8369
17096 10 513
14409 261 13071
15383 35 1798
15673 24 1248
15456 134 6726
15407 194 9706
17152 78 3927
14516 116 5806
15464 121 6099
15428 141 7067
16148 119 5985
15228 148 7407
17208 249 12455
14925 5 256
17413 63 3168
15689 224 11227
14537 9 476
15162 111 5595
15103 150 7502
17338 87 4399
15282 105 5265
15799 61 3081
14921 94 4727
14632 68 3427
14293 195 9787
14187 96 4811
17095 41 2082
14915 142 7111
14159 94 4747
17471 93 4681
17205 158 7917
15415 177 8875
15656 35 1752
15376 7 393
17109 28 1415
14801 194 9721
17447 52 2649
15391 70 3530
17251 52 2648
15520 67 3393
15482 129 6485
15153 18 908
15924 3 166
16581 77 3895
14610 197 9853
15153 20 1047
14384 6 327
15783 61 3078
15172 61 3093
14598 42 2139
14976 0 4
15900 212 10650
17449 17 886
17073 8 442
17152 129 6488
17415 61 3089
14277 112 5608
15589 353 17698
15167 113 5679
17408 64 3211
15978 24 1248
15322 32 1624
15377 83 4158
16888 246 12324
16676 128 6441
14432 75 3795
16787 59 2994
17560 149 7479
15713 157 7867
15149 118 5942
16226 2 103
16199 222 11144
17566 150 7517
14779 139 6952
14888 4 214
16096 58 2917
17168 33 1659
14758 17 889
16150 189 9467
15528 43 2151
14948 262 13136
14450 242 12143
15402 35 1789
16011 115 5777
15115 0 45
14545 29 1478
15183 36 1811
14635 7 370
15114 31 1557
14274 100 5032
17121 5 279
17204 123 6185
16011 134 6701
15151 96 4819
14218 199 9992
14607 306 15334
15641 1 77
17023 208 10447
14758 105 5253
17535 31 1564
17218 31 1592
17395 23 1157
14526 137 6856
16527 95 4780
16119 516 25806
17106 24 1217
14152 172 8614
14279 49 2457
14801 260 13027
14139 213 10657
16150 352 17610
14285 2 110
15155 9 485
16386 27 1353
15486 3 161
14392 185 9281
17334 26 1302
16411 193 9652
15466 87 4388
16286 524 26215
14902 104 5244
16125 8 408
16499 145 7260
17316 20 1016
17400 12 613
14134 15 782
14300 72 3630
17111 236 11838
14250 14 722
17118 20 1043
15368 152 7643
14940 3 188
14801 92 4641
14235 42 2142
16517 110 5546
15808 54 2746
17248 358 17929
14745 86 4303
14195 16 812
14558 14 746
17219 1 51
17364 111 5558
15293 18 902
17140 140 7031
14793 124 6207
15590 242 12133
14559 202 10144
15511 224 11218
16809 126 6343
14631 165 8258
14151 118 5929
15323 69 3475
16079 24 1215
16171 18 902
17143 8 437
16148 18 903
17109 1 70
15345 10 544
17239 121 6057
15161 135 6752
14139 254 12717
14150 63 3171
16166 38 1939
14611 60 3012
14545 33 1697
15783 375 18767
16923 181 9089
17413 8 427
17316 67 3370
15792 225 11261
16008 388 19419
14771 299 14997
17028 295 14757
14937 9 489
17030 13 658
16910 88 4402
17165 79 3980
14707 17 899
14452 18 925
17533 100 5002
15785 252 12628
14558 170 8505
17128 101 5099
16148 119 5985
14338 266 13309
14907 61 3088
17102 15 758
17308 58 2938
16546 146 7346
16051 228 11426
16948 54 2707
15923 104 5215
17047 38 1901
14912 170 8515
17308 7 370
14874 188 9401
14721 122 6119
14790 199 9965
17424 13 700
15243 107 5356
15429 55 2796
14243 95 4752
17418 7 376
14771 121 6073
17528 20 1034
14893 209 10464
17056 184 9207
15427 202 10115
15267 145 7265
14746 61 3083
16734 69 3452
15318 161 8096
17352 168 8441
17218 17 860
14729 51 2587
15410 10 527
17383 140 7045
15774 211 10588
16552 17 899
14916 98 4920
16341 70 3539
15634 105 5265
14207 22 1106
16411 206 10335
17100 114 5711
17246 5 272
15302 38 1937
15701 463 23160
17257 82 4122
15902 489 24455
17019 85 4259
14225 65 3261
14991 13 664
15491 54 2728
17398 50 2535
15436 201 10072
16096 58 2917
15222 63 3184
16058 106 5339
15386 19 997
16714 90 4550
16592 1 83
17097 11 551
14377 158 7923
15264 27 1372
17448 166 8311
15511 238 11925
17396 23 1179
15801 462 23128
14368 186 9330
16305 34 1740
14172 35 1752
17508 71 3551
16310 138 6946
15800 206 10349
17111 112 5609
15916 284 14239
17371 562 28119
15639 106 5336
15236 159 7952
14922 16 826
15640 233 11682
15341 54 2724
15316 158 7916
14976 16 821
17372 110 5502
17226 116 5836
14980 106 5316
15149 118 5942
15828 103 5174
14611 11 584
14712 82 4110
17171 40 2019
15302 38 1937
16877 57 2883
17267 91 4570
17248 290 14531
17388 41 2087
16023 464 23236
14596 8 411
14368 19 983
14537 94 4743
17073 8 442
16878 196 9810
14306 117 5852
17043 48 2408
17458 36 1821
14990 160 8045
14399 67 3385
14611 54 2725
17144 161 8097
16339 230 11550
17248 258 12949
14467 52 2640
17226 62 3114
14546 71 3590
17339 199 9956
16486 2 139
14152 164 8249
15433 48 2420
16110 5 290
15302 28 1405
17232 32 1614
16802 93 4663
14641 201 10093
14174 78 3937
17251 166 8346
14552 79 3995
15103 160 8020
15873 145 7253
15494 30 1521
14467 300 15045
14763 6 343
17353 25 1278
14686 32 1648
14652 262 13125
15500 101 5073
15223 48 2413
16076 7 379
14551 33 1662
17144 161 8097
15923 154 7712
14458 85 4292
15227 159 7960
15308 120 6036
17559 78 3950
15473 183 9171
16169 164 8224
14772 121 6060
14277 189 9470
14925 172 8633
17158 65 3290
16230 60 3038
14712 232 11630
15353 116 5808
15266 42 2133
14271 219 10999
15822 18 943
14736 222 11135
14436 88 4424
14458 138 6907
16769 114 5725
15528 0 5
14634 52 2615
17331 14 707
15479 247 12386
15457 93 4668
15870 212 10602
14802 172 8639
17030 155 7758
16694 148 7439
17240 398 19947
14923 12 626
17414 61 3054
15397 233 11683
15589 4 248
17248 212 10638
14427 8 426
15603 143 7179
17349 24 1231
16051 228 11426
14806 141 7067
16715 283 14151
14610 276 13846
17361 255 12751
14209 135 6794
15294 35 1792
17311 4 231
16267 108 5402
14245 60 3033
17560 82 4140
17524 130 6539
14899 124 6240
17245 27 1394
14981 197 9860
14877 104 5205
15592 58 2913
15155 44 2221
14245 81 4099
15432 29 1461
15500 261 13063
14316 5 271
15641 1 77
16906 18 945
14726 42 2134
15902 23 1156
14772 121 6060
14475 27 1358
15014 96 4833
15225 3 182
15181 3 165
16711 5 262
14564 24 1224
15639 78 3931
17274 15 776
16196 111 5598
15249 44 2247
14396 42 2135
17116 0 2
15634 22 1105
15464 241 12059
14464 106 5334
14342 259 12979
14270 54 2714
15722 160 8033
17195 182 9118
14743 22 1149
14340 1 58
16878 196 9810
14831 145 7285
17397 113 5693
14793 155 7775
15639 2 103
14758 65 3284
17372 43 2194
17390 0 44
15785 45 2283
15603 77 3869
14343 153 7698
15145 294 14741
15145 312 15642
17172 5 291
17540 27 1352
17469 43 2187
14396 19 974
16840 43 2173
15103 157 7871
14989 180 9031
17280 41 2085
15882 11 579
15917 296 14845
15473 147 7381
14185 32 1619
15410 138 6922
17137 35 1751
17057 83 4194
14368 24 1233
17131 228 11413
15659 0 45
15243 20 1050
14458 8 410
14772 283 14158
15859 167 8391
14191 231 11588
15794 219 10959
15246 172 8633
15410 138 6922
15355 26 1307
14329 109 5489
15862 130 6503
15917 344 17231
15774 439 21964
17493 142 7142
17349 12 614
17139 263 13176
16901 108 5410
15182 147 7361
14542 171 8564
17158 42 2140
15167 66 3320
17324 107 5388
16845 381 19084
15103 83 4166
16243 125 6262
14223 64 3214
17205 218 10936
14358 93 4659
15116 281 14099
15722 68 3406
14356 282 14124
15409 85 4290
17447 52 2649
17135 15 786
14473 8 413
15451 50 2539
14513 0 49
17333 47 2394
15154 282 14118
16158 16 814
15061 195 9784
15335 248 12438
15916 227 11372
15115 0 45
16507 43 2152
16322 11 585
16118 58 2937
14585 17 890
17308 115 5779
16726 170 8519
15246 63 3197
15335 94 4731
14537 9 476
17488 176 8808
15882 38 1936
17561 70 3546
14957 45 2257
15479 126 6338
14584 16 832
14779 143 7180
17341 93 4654
17398 192 9608
14281 167 8358
15308 4 215
17308 153 7675
15846 38 1918
15458 137 6874
15800 206 10349
16869 120 6022
15797 30 1524
16305 48 2402
14368 224 11204
16890 53 2694
15286 136 6801
14356 180 9040
17209 31 1598
15901 276 13801
16770 171 8585
15466 178 8936
15382 146 7335
15917 489 24456
15834 6 339
14634 52 2614
14886 22 1133
14877 13 654
14737 29 1493
14802 172 8639
16122 126 6326
17559 109 5497
14807 25 1280
17361 362 18148
14550 111 5562
17308 153 7675
17156 82 4149
15528 237 11853
14545 19 952
15153 76 3837
14831 168 8421
14124 171 8589
16889 24 1250
14458 123 6179
15665 1 74
16962 79 3969
15500 20 1030
17106 7 369
14626 30 1513
17451 115 5788
16715 27 1355
14338 12 603
14830 3 165
14270 212 10611
14968 122 6102
17386 26 1346
17307 122 6146
17415 200 10026
16122 229 11491
17383 113 5695
15774 175 8752
17239 147 7361
15916 16 816
16499 96 4814
17254 0 9
16962 31 1593
14645 50 2532
15913 19 991
14418 183 9186
15054 85 4296
14805 294 14727
14192 10 501
16346 38 1947
14878 84 4228
14376 243 12198
17388 41 2087
17036 272 13631
14152 237 11874
15227 140 7021
14250 14 722
14899 124 6240
14458 120 6027
16076 147 7363
16858 31 1567
14408 45 2276
17002 38 1938
17132 181 9082
16109 45 2277
17267 63 3176
14654 184 9208
17352 164 8210
15828 134 6734
15297 275 13778
16764 39 1989
15122 194 9705
15677 194 9714
15917 489 24478
15231 109 5474
14824 62 3134
14880 54 2740
15343 165 8281
15904 25 1296
16526 55 2763
15416 99 4980
15762 225 11259
17195 153 7679
14924 195 9777
15677 149 7490
17249 147 7392
16169 164 8224
17561 231 11589
15479 78 3903
14259 22 1119
14903 62 3123
14242 40 2016
15042 4 241
17144 79 3970
15471 22 1115
17361 358 17934
14418 50 2532
15323 69 3494
17226 116 5836
15703 4 201
15659 4 230
14453 39 1972
16769 122 6103
14297 19 964
14575 77 3865
14831 156 7810
17388 43 2164
16138 33 1675
16594 4 220
14901 307 15387
14488 7 369
14195 113 5680
16603 17 890
16374 3 198
14381 28 1409
15286 276 13842
14580 43 2153
17333 110 5547
16874 441 22070
17093 120 6015
15774 90 4525
17556 65 3269
17213 76 3806
15394 50 2549
17248 121 6066
17195 17 874
15392 104 5225
16809 86 4307
14580 28 1421
14970 94 4733
17396 4 208
14535 50 2503
16889 89 4469
14910 6 349
15689 138 6920
14632 68 3427
15862 245 12282
15499 5 283
15153 63 3169
15172 44 2235
14957 45 2257
16310 315 15777
15762 187 9358
17112 77 3863
14458 8 410
16715 86 4340
17260 71 3598
14392 136 6810
14372 270 13546
16846 329 16467
14893 165 8279
14909 152 7627
15919 22 1111
15234 128 6427
15603 143 7183
17265 24 1246
17208 55 2752
14725 30 1526
17177 21 1095
15640 13 651
17081 8 432
16114 35 1780
15828 195 9757
14880 114 5739
16874 369 18458
17208 49 2468
14590 13 678
14136 45 2291
16096 73 3686
15160 194 9730
15944 18 920
15783 377 18869
15301 41 2087
15676 212 10623
15916 424 21228
17271 146 7333
15715 64 3241
14526 137 6856
14798 72 3610
15528 318 15908
15913 36 1807
14219 77 3862
14909 31 1563
16262 20 1035
16916 25 1289
16802 19 975
17459 214 10723
16935 263 13163
15031 28 1411
16161 40 2008
16978 441 22078
15436 342 17144
15294 35 1792
15222 63 3184
16008 388 19419
14356 191 9593
15862 241 12092
16426 5 268
17106 24 1217
17205 107 5378
15882 171 8583
15167 150 7507
14467 11 597
14557 65 3272
15328 206 10349
15863 26 1334
17198 26 1302
14793 115 5751
14553 105 5275
16562 9 494
14453 8 423
14392 136 6810
14652 131 6580
16807 121 6086
15362 52 2650
15254 134 6750
14384 6 327
14458 138 6907
15222 175 8780
17078 30 1528
17100 84 4245
15264 101 5062
15923 154 7712
17198 34 1742
17513 0 28
14343 33 1681
16552 102 5137
14367 181 9074
15491 253 12665
15177 27 1355
17164 145 7259
15601 12 614
14801 110 5549
14768 146 7327
14870 82 4127
15353 45 2283
14367 178 8935
15780 111 5579
15145 281 14100
15302 34 1705
15897 74 3714
16676 128 6441
14884 217 10890
14712 244 12238
17123 15 781
14410 278 13905
15824 26 1322
15377 30 1519
15792 44 2243
15361 60 3028
16891 139 6967
14760 192 9626
14990 113 5651
17158 105 5286
17413 343 17191
16112 328 16438
17100 77 3867
14626 15 792
15780 68 3450
16962 125 6281
15677 120 6048
14899 124 6240
15430 159 7966
17449 7 386
14136 70 3526
14947 4 209
14203 28 1434
15762 294 14730
15466 250 12550
15862 72 3616
14455 8 410
14223 49 2456
15780 49 2479
14768 133 6690
14870 296 14823
15161 106 5336
15780 170 8511
16171 18 902
15154 282 14118
14664 227 11353
15147 66 3329
16179 44 2247
15174 85 4270
17352 15 781
15234 72 3645
17181 81 4062
15234 176 8809
16219 306 15310
17497 227 11390
15242 164 8205
15449 100 5040
16722 162 8121
14667 81 4053
15156 58 2929
14707 17 899
15463 361 18074
17426 27 1365
16011 134 6701
16141 122 6117
15102 58 2927
15491 53 2689
15360 167 8392
16060 164 8201
17250 76 3821
14284 9 463
15153 21 1097
14642 72 3621
14824 260 13039
14991 165 8268
14934 66 3331
17237 438 21902
17361 146 7303
14127 7 364
17146 32 1646
14521 9 468
15369 22 1122
15172 49 2484
14428 82 4110
14598 32 1624
14903 98 4906
15426 72 3630
15529 21 1077
15432 29 1461
17448 45 2282
17132 367 18391
17036 301 15068
17100 53 2686
17439 22 1130
15603 77 3869
17407 137 6877
15463 6 301
14362 51 2559
17545 51 2579
14369 163 8162
17174 25 1262
14173 15 775
17028 4 235
14768 178 8948
15463 214 10714
16711 147 7351
15464 133 6652
14712 232 11630
15910 7 400
15140 25 1253
14740 14 717
17302 81 4054
17159 37 1864
15251 167 8370
17270 71 3596
14453 133 6657
14541 174 8737
15514 19 978
16864 90 4545
17396 23 1179
14191 94 4702
14139 29 1486
14162 60 3033
14609 133 6675
14438 154 7725
14917 51 2551
16036 410 20510
15296 133 6667
15098 22 1134
17563 69 3473
16158 325 16275
14586 16 803
14195 113 5680
17239 4 221
14372 102 5108
14743 170 8545
16727 300 15035
15844 5 287
15013 54 2724
14245 175 8781
14139 29 1486
15801 445 22260
15160 107 5362
17073 12 622
15828 488 24408
14764 77 3874
15474 81 4074
15361 60 3028
15801 513 25662
16921 36 1812
14467 223 11157
15391 44 2222
14756 47 2397
15446 74 3737
14432 15 763
14423 6 334
17469 93 4690
14770 247 12381
15479 87 4376
17308 58 2938
14634 53 2661
14807 98 4901
17453 41 2071
14789 88 4449
15242 98 4916
16109 66 3309
15595 11 592
14662 106 5333
14741 157 7853
14758 169 8453
15149 118 5942
16336 72 3646
14550 111 5562
15446 39 1976
17168 28 1409
15801 299 14984
15330 20 1045
14793 155 7753
16831 7 396
15878 0 12
15312 40 2009
16948 38 1940
14793 155 7753
16489 174 8708
17497 105 5296
16283 82 4119
15145 175 8780
15323 9 496
15902 489 24455
14376 225 11277
14526 52 2643
16110 9 492
14183 7 384
17140 63 3191
16148 129 6479
15183 16 841
15517 135 6792
16073 131 6571
14553 52 2617
16446 169 8455
17169 194 9736
14727 95 4791
17169 140 7024
16948 207 10362
16769 114 5725
16807 121 6086
15309 38 1908
15834 113 5679
14300 72 3630
14940 147 7363
14584 149 7471
14707 14 708
15464 208 10438
15497 177 8871
14516 56 2834
15013 120 6039
14298 44 2217
17305 7 369
14154 174 8720
17302 33 1666
17132 431 21594
14152 254 12714
17132 524 26210
14772 283 14158
14956 152 7610
17271 167 8394
15916 301 15099
16916 25 1289
15129 26 1319
17165 101 5093
14768 146 7327
15702 19 993
15497 12 647
17030 144 7246
15152 81 4095
15530 25 1266
15447 217 10863
16006 96 4817
14637 156 7847
14874 158 7901
16152 86 4335
14278 14 717
16517 12 644
17165 101 5093
16511 52 2646
14956 78 3942
14611 60 3012
14641 78 3932
17247 14 707
14948 219 10986
16514 7 366
15916 65 3282
17309 152 7638
15172 23 1161
14220 26 1315
15890 24 1238
17138 6 326
16839 130 6526
17170 36 1811
14824 311 15588
16112 473 23687
16925 52 2603
16188 200 10023
14488 7 369
14253 10 527
15473 19 977
14257 149 7455
14938 107 5362
14736 136 6825
14293 192 9637
14893 102 5109
14760 170 8531
14185 32 1619
17110 33 1670
16172 77 3883
17251 68 3426
17348 9 487
15301 80 4006
16109 66 3309
14575 50 2535
14955 87 4376
15970 472 23615
14911 166 8337
16807 121 6081
17305 12 643
14243 59 2954
15463 8 416
15656 88 4447
17457 124 6226
17444 9 458
14358 113 5680
14516 116 5806
14122 168 8427
15915 430 21509
14358 219 10981
15118 120 6016
16112 473 23687
17196 40 2032
15442 39 1987
15225 50 2522
14336 87 4353
14300 72 3630
17494 142 7139
17471 93 4681
15590 130 6524
17226 62 3114
17158 42 2140
17358 22 1124
14578 75 3760
17304 44 2216
17116 62 3112
16848 18 932
15422 70 3515
14828 129 6477
14609 299 14978
15834 52 2613
14631 141 7087
15397 97 4888
17390 48 2445
14293 195 9787
15242 164 8205
14904 25 1251
15554 42 2141
17139 317 15899
14934 143 7167
17159 44 2242
15799 268 13442
14446 29 1479
17245 27 1389
17271 181 9070
16507 43 2152
17541 29 1484
15464 125 6269
14647 6 339
14654 202 10147
14207 1 89
15111 28 1443
16272 199 9994
14611 205 10285
14293 220 11022
17364 71 3557
17326 16 803
16818 102 5135
17308 7 370
15701 55 2785
17451 289 14481
14467 14 731
16948 54 2707
17240 122 6147
14745 119 5983
16141 285 14297
16978 409 20475
15369 296 14819
15514 157 7884
16921 36 1812
17334 12 640
15182 147 7361
14758 101 5069
17055 148 7448
15238 84 4208
17360 17 883
14293 195 9787
14824 311 15588
17206 144 7216
17339 218 10910
14259 21 1069
17248 180 9042
15057 1 74
14225 41 2098
15391 44 2222
17415 200 10043
15167 61 3060
16839 130 6526
17158 3 183
15689 177 8885
14654 88 4439
15302 31 1584
14284 1 93
17138 72 3612
14968 37 1900
14873 282 14110
17308 3 160
15463 435 21758
15639 159 7989
15443 68 3402
14793 103 5155
17471 87 4376
15422 82 4120
14764 80 4012
17043 48 2408
15097 157 7875
14590 9 498
17447 52 2649
14445 78 3940
16227 188 9423
14222 12 633
15354 66 3308
14623 224 11224
14316 5 271
15410 128 6410
15479 78 3903
17232 108 5422
14801 310 15505
14298 44 2217
15867 25 1285
17398 152 7633
16094 522 26118
17114 101 5082
16148 237 11894
16006 395 19760
14886 101 5090
14874 240 12042
15097 59 2991
15182 135 6795
17076 6 304
15482 47 2361
15923 437 21857
15872 10 518
14181 5 280
17036 196 9801
15266 49 2473
15160 307 15362
14546 179 8958
16262 20 1035
15433 138 6927
17199 25 1286
15403 23 1165
14907 14 711
17070 228 11439
14467 286 14339
14291 173 8659
17534 8 429
14734 127 6393
14539 73 3678
15348 292 14630
17561 70 3546
15296 133 6653
14891 130 6501
16150 180 9014
15348 242 12112
15504 66 3312
14789 88 4449
17371 459 22953
14190 3 164
14408 38 1936
14641 201 10093
15322 44 2212
14621 5 281
16066 42 2120
15504 35 1770
17361 255 12751
15099 27 1394
15801 54 2708
14306 210 10533
17560 142 7108
14654 16 843
15328 88 4407
14642 86 4333
17156 44 2221
14418 184 9244
16279 23 1160
15456 119 5970
16906 18 912
14136 62 3136
15462 131 6558
14153 74 3728
15639 108 5429
15502 87 4372
14453 25 1295
16152 86 4335
14643 72 3618
15160 31 1565
17478 127 6372
14149 140 7033
17341 47 2387
14644 6 342
17481 8 447
14229 14 735
14779 25 1286
15486 292 14650
17027 40 2042
17407 137 6877
15356 37 1862
14228 19 984
16562 9 494
15086 12 635
15425 150 7509
15449 17 872
14936 35 1759
14257 43 2184
16769 92 4639
17194 11 574
14911 109 5475
14899 311 15593
15783 169 8484
16715 283 14151
14356 282 14124
14642 111 5555
14734 45 2294
15872 36 1841
17245 27 1394
15882 36 1846
17475 3 172
15940 226 11306
14332 15 769
14870 296 14823
15528 62 3117
15316 132 6644
14989 43 2199
17164 56 2842
14653 71 3556
15428 111 5568
17087 332 16620
14384 6 327
16428 15 765
15099 2 133
14902 290 14535
17028 64 3241
15354 66 3308
15233 14 746
15237 29 1477
14559 275 13778
15403 23 1165
15457 201 10071
15415 328 16403
14998 54 2704
15780 180 9020
14991 82 4145
17360 6 342
14290 53 2699
15086 121 6100
14986 48 2415
17317 20 1026
15101 19 998
16741 412 20634
17135 61 3053
15430 82 4138
17440 171 8562
17044 108 5428
16112 292 14623
14446 13 677
16122 126 6326
14453 135 6786
15163 52 2650
16946 231 11567
14902 104 5244
14667 17 852
14548 198 9950
15392 107 5352
16676 256 12823
16038 198 9933
15981 148 7439
14893 209 10464
15634 22 1105
15528 318 15908
14411 12 610
14376 92 4634
15153 0 5
15477 13 660
14807 186 9344
15432 128 6424
15589 4 248
15915 104 5211
15078 15 785
14749 215 10754
17302 33 1666
17383 443 22192
16118 124 6202
16738 220 11044
15986 161 8068
15656 96 4822
17248 290 14530
14817 62 3117
17383 201 10070
17383 113 5695
17030 13 658
17237 119 5981
14377 19 964
14664 117 5887
14149 239 11989
14664 117 5887
14191 40 2007
15010 8 438
14771 225 11269
17248 324 16248
14438 290 14521
15118 61 3094
15893 50 2544
14828 166 8341
15463 6 301
17472 12 612
17187 7 376
15805 13 689
14981 195 9771
14878 153 7671
17165 88 4424
15639 78 3931
16247 75 3764
15981 18 904
16076 113 5684
15145 312 15642
15783 204 10247
14459 34 1743
14392 106 5327
17334 189 9453
17312 261 13051
17194 13 688
17373 2 148
17210 119 5970
15882 7 400
15491 167 8353
15138 29 1478
15589 109 5456
15161 159 7953
15867 25 1285
14453 196 9850
15857 18 904
17114 69 3490
14555 107 5376
16973 24 1244
15145 221 11072
14396 42 2135
15877 0 38
17210 83 4168
17373 147 7370
15639 2 103
14556 210 10521
15153 90 4507
15254 93 4675
14654 34 1743
16038 161 8092
14725 12 638
14712 232 11614
15730 8 426
17199 135 6784
17265 90 4504
14916 18 950
17100 162 8106
14363 0 31
17541 4 231
15166 139 6963
14475 35 1760
16310 223 11154
16121 61 3089
15017 13 684
14997 70 3529
15920 28 1419
15603 37 1898
14642 72 3631
15851 7 352
16963 285 14283
15103 57 2875
14876 67 3398
17068 22 1113
15489 170 8537
14901 307 15387
14436 31 1586
17030 70 3512
15431 57 2862
17112 139 6954
17030 21 1065
16685 165 8265
15409 85 4290
15713 218 10920
16112 167 8399
17019 85 4259
14920 32 1606
14297 85 4254
15170 105 5285
14874 62 3145
17274 15 776
14675 4 217
15382 50 2545
14383 39 1982
14399 67 3385
15302 15 753
17140 19 960
15589 188 9422
17270 74 3717
16864 90 4545
17139 105 5255
14912 2 121
16428 470 23544
17444 34 1718
14912 159 7993
14564 45 2279
17073 159 7952
15166 133 6683
17352 55 2781
16272 199 9994
15902 381 19094
14814 63 3173
15074 11 578
14191 79 3988
14870 39 1958
17165 88 4424
17447 153 7654
14316 27 1390
16527 95 4780
14164 27 1364
15065 38 1904
14263 157 7881
16797 107 5385
14279 49 2457
16714 175 8761
14122 185 9293
15457 201 10071
14811 5 272
14793 117 5869
17552 19 988
15482 47 2361
17219 1 51
16655 11 551
17036 79 3982
14644 215 10793
16992 21 1060
15909 25 1270
14642 111 5555
14418 272 13650
15457 79 3994
14559 52 2608
17361 284 14218
17361 146 7329
14623 144 7230
16557 111 5595
15463 313 15665
14575 48 2447
14368 181 9074
16738 215 10767
15701 92 4605
15511 51 2585
17371 163 8177
17248 258 12949
16041 269 13478
16071 91 4585
15504 203 10185
14436 148 7408
15456 178 8943
15103 285 14268
15828 44 2233
14475 27 1358
14134 263 13167
14907 14 711
17154 34 1740
15731 8 440
16301 179 8986
16874 441 22070
17355 34 1717
15916 202 10124
15669 23 1176
15799 246 12314
15446 87 4365
14542 181 9084
14716 42 2129
14418 129 6451
14368 0 25
17341 93 4654
15412 193 9663
14131 16 837
14979 22 1137
17339 254 12737
16489 174 8708
15927 202 10139
14228 40 2003
17267 91 4570
15335 3 169
14870 127 6395
14548 136 6819
17096 10 513
15589 46 2349
14831 151 7589
16694 35 1767
16150 129 6489
16973 17 892
16022 113 5693
14157 126 6306
15689 121 6074
14263 157 7881
15916 534 26749
14953 13 672
14652 223 11200
15715 94 4709
14410 32 1606
14313 270 13535
15822 0 35
14223 45 2292
17275 2 114
14903 62 3123
17137 216 10821
17228 42 2114
14707 34 1728
14746 63 3180
16325 37 1862
14452 1 87
16006 395 19760
17557 66 3340
17469 14 731
16081 103 5191
15907 110 5544
14607 182 9150
14347 14 727
14300 72 3630
14558 14 746
17339 254 12737
17560 149 7479
15047 17 877
15243 82 4114
17274 15 776
15803 10 524
15771 18 923
15010 6 312
15154 181 9089
15297 131 6569
17030 39 1998
16424 267 13381
16008 84 4246
15862 262 13109
14970 233 11685
14147 26 1303
17451 151 7595
14934 179 8952
14183 17 888
14903 275 13797
14464 180 9013
14880 21 1074
17141 36 1810
16835 197 9871
14136 45 2291
15800 274 13749
15386 29 1470
15783 348 17406
16978 75 3779
16433 27 1391
15312 40 2009
15902 448 22444
14162 10 503
15859 81 4080
15140 1 83
14243 130 6547
16141 150 7531
14270 230 11519
17073 82 4116
15588 200 10034
16119 267 13352
15983 146 7311
16948 60 3035
14206 97 4857
15013 221 11053
17309 142 7111
17394 83 4154
17457 62 3102
14722 95 4797
17114 99 4987
17082 30 1508
15714 21 1100
17092 20 1002
17070 142 7124
16186 142 7113
17415 71 3560
14368 281 14081
15466 124 6234
17360 16 841
14904 20 1031
14436 20 1002
16835 5 279
14259 273 13700
15330 20 1045
15251 138 6921
17440 90 4524
16473 49 2488
14886 141 7090
15927 97 4859
15789 33 1653
15701 276 13812
15463 151 7578
14369 163 8162
16288 116 5837
17482 120 6003
15074 48 2405
14458 8 410
14368 181 9074
16119 537 26855
17414 137 6869
14453 133 6657
14134 94 4719
14758 232 11623
17383 478 23926
14550 68 3423
16159 4 228
15639 108 5417
15154 251 12561
15464 142 7107
14934 179 8952
14557 65 3272
16283 82 4119
15949 171 8598
14621 2 137
15882 103 5160
15785 37 1869
17310 2 117
14329 253 12687
15118 131 6555
15279 70 3524
14149 189 9466
17566 143 7181
15397 129 6492
15073 9 488
14884 146 7322
14464 106 5334
16849 69 3494
17339 318 15922
16329 14 727
15774 348 17448
16679 101 5063
17136 19 961
14658 7 364
14551 268 13417
17533 108 5423
14358 57 2871
17327 124 6207
14914 301 15069
15824 18 919
14949 27 1368
15339 45 2285
17229 18 933
15479 290 14539
15457 51 2554
17267 35 1764
15500 20 1030
14445 78 3940
17087 123 6188
14976 147 7367
17087 389 19485
16738 220 11044
14907 14 711
17383 203 10161
14368 186 9330
16492 25 1263
14736 122 6109
16109 66 3309
16051 81 4063
17489 155 7795
16952 132 6632
15262 84 4221
15182 135 6795
16281 226 11324
15910 259 12978
17457 157 7852
14634 5 279
17196 40 2032
14537 9 476
14870 9 464
14363 243 12151
15398 324 16211
15153 9 486
17237 0 7
14609 16 845
15402 35 1789
17224 53 2673
17327 57 2879
14571 34 1744
14187 96 4811
15808 71 3590
14539 173 8659
15603 71 3598
14664 210 10545
15771 18 923
15322 44 2212
17457 157 7852
17353 39 1973
14537 9 476
15457 218 10947
17137 216 10821
15935 143 7159
15877 260 13047
16112 17 887
17005 73 3652
17371 148 7416
15042 4 241
17141 36 1810
14886 105 5270
15155 9 485
17371 3 168
17219 32 1608
15123 24 1209
15785 37 1869
17394 176 8817
14934 179 8952
15106 206 10334
17196 31 1556
14947 7 359
15155 4 211
17055 313 15686
17011 282 14125
15669 13 683
15948 84 4224
15697 21 1092
15457 156 7807
16137 1 64
16878 108 5446
17427 11 562
14220 26 1315
17112 139 6954
17229 14 718
14942 24 1246
14706 28 1422
14347 48 2442
15259 29 1477
15053 58 2901
15915 432 21603
17194 2 123
16119 191 9580
15355 57 2888
17333 20 1045
15394 50 2549
15589 93 4670
16227 186 9349
14550 267 13360
16817 239 11973
16188 28 1413
16340 239 11983
14924 149 7494
17141 14 702
14910 51 2554
15927 217 10881
14807 221 11081
14436 186 9305
15436 194 9708
14410 175 8771
16159 37 1856
14246 107 5384
17415 215 10753
17458 36 1821
14907 7 394
16205 227 11381
16759 83 4158
17196 7 393
15715 189 9481
15397 5 266
15466 87 4388
15146 43 2178
15593 236 11836
15319 13 672
15554 160 8012
14597 86 4308
15334 13 669
16310 315 15777
17535 40 2037
14139 213 10657
15799 226 11330
15915 198 9946
16760 21 1086
15282 101 5100
14245 60 3033
14940 158 7913
14812 208 10437
17525 0 27
16940 12 615
14220 57 2857
15528 2 127
15499 74 3730
16352 241 12072
15479 299 14972
16220 22 1139
15334 15 799
15161 159 7953
14556 157 7867
15834 52 2613
15227 159 7981
16731 17 876
15774 90 4525
14926 79 3998
16072 24 1246
17451 277 13854
14280 19 962
14306 91 4569
17139 279 13958
15965 118 5910
15872 36 1841
16172 101 5088
15875 333 16673
17383 122 6136
14998 37 1862
14257 178 8945
17556 77 3869
14218 133 6671
17313 29 1480
14228 31 1600
14673 40 2021
15901 210 10530
17458 161 8076
14991 12 633
17043 48 2408
15927 146 7311
14368 181 9074
17029 203 10155
14276 38 1939
15462 131 6558
17316 20 1016
16891 139 6967
14553 52 2617
17240 398 19947
15154 181 9089
15486 325 16266
15927 312 15650
15362 52 2650
16119 21 1096
14453 112 5639
15482 47 2361
14934 179 8952
17287 150 7506
16148 153 7652
15783 257 12893
15870 182 9105
17400 139 6967
15933 42 2118
17453 41 2071
15463 435 21758
15832 84 4236
17495 97 4880
14729 215 10753
16112 473 23687
14989 55 2783
14806 22 1138
17482 50 2525
16994 127 6369
14816 213 10677
14260 109 5474
14152 135 6755
16137 76 3817
16960 157 7899
14907 14 711
16052 285 14276
16147 395 19780
16438 18 928
15403 23 1165
15486 120 6006
15491 36 1813
17414 135 6774
14243 92 4627
16464 35 1787
14548 198 9944
15264 97 4858
17194 22 1128
15580 30 1548
17186 48 2416
14427 183 9196
17156 82 4107
15808 34 1739
14641 138 6906
17324 92 4626
15436 342 17144
15710 39 1965
16428 367 18383
15403 23 1165
14654 180 9018
15676 16 821
14590 124 6239
17373 15 755
17408 64 3211
15479 294 14727
15109 9 457
16196 111 5598
14785 69 3454
15282 101 5100
15228 7 387
15713 244 12248
15386 55 2768
17398 98 4923
14539 139 6982
14283 72 3633
15800 50 2510
16525 104 5208
15101 55 2769
14654 169 8464
16199 280 14031
14802 267 13372
17131 141 7059
14194 76 3821
17561 148 7433
15282 129 6457
14956 143 7157
15593 198 9950
15348 81 4096
14934 179 8952
17280 1 63
17397 53 2695
17208 231 11582
17171 0 47
16843 208 10407
17264 3 197
16158 328 16433
16134 80 4035
16134 352 17646
15593 198 9950
14243 130 6547
16499 317 15872
16858 101 5077
17119 102 5106
16209 341 17056
14775 26 1312
15073 82 4123
15828 264 13209
15410 104 5245
16013 96 4824
14768 178 8948
14609 88 4450
16110 109 5487
16889 24 1250
16209 294 14716
15129 21 1077
14446 29 1479
17152 59 2987
15916 371 18551
16101 201 10081
16428 225 11292
14609 186 9313
14537 9 476
15773 15 774
17540 27 1352
17083 41 2099
16942 78 3931
15927 343 17157
