17566 150 7517
15042 4 241
17383 113 5695
15362 52 2650
14452 156 7815
15319 13 672
15013 54 2724
17271 167 8394
17237 438 21902
14218 133 6671
14162 60 3033
17413 63 3168
17396 23 1179
14658 7 364
16341 70 3539
16262 20 1035
15073 82 4123
15603 143 7183
17305 12 643
15431 57 2862
15457 156 7807
14789 88 4449
17352 55 2781
15916 424 21228
16921 36 1812
14749 215 10754
16888 246 12324
15870 212 10602
15927 312 15650
15101 55 2769
15689 295 14779
17135 61 3053
14923 12 626
14924 149 7494
14162 10 503
16137 76 3817
15446 39 1976
16802 19 975
17333 186 9337
16022 113 5693
14134 263 13167
15430 82 4138
16148 18 903
17112 77 3863
17030 13 658
15282 101 5100
15491 53 2689
15154 282 14118
14270 84 4232
14653 71 3556
16973 17 892
15115 138 6921
15669 13 683
15397 129 6492
17561 70 3546
14377 19 964
16172 211 10591
14418 183 9186
14811 5 272
14707 14 708
17095 41 2082
14194 76 3821
14899 311 15593
14758 101 5069
17493 142 7142
15106 206 10334
16122 126 6326
17364 111 5558
16839 130 6526
14458 8 410
14940 158 7913
15155 9 485
16769 114 5725
17389 57 2887
15713 157 7867
16921 36 1812
17156 44 2221
15482 47 2361
17114 99 4987
14459 34 1743
15145 312 15642
17274 15 776
15528 237 11853
15155 9 485
14513 0 49
17457 124 6226
14874 158 7901
16172 101 5088
17361 284 14218
14458 8 410
15446 74 3737
15502 87 4372
14937 9 489
17208 231 11582
14914 301 15069
17560 149 7479
16925 52 2603
17482 165 8293
15482 129 6485
14899 124 6240
14793 155 7775
17361 146 7329
14816 213 10677
15160 194 9730
15780 68 3450
15479 294 14727
17457 157 7852
16148 119 5985
14793 117 5869
17159 37 1864
16464 35 1787
14664 117 5887
17070 142 7124
14878 153 7671
14831 151 7589
14712 232 11614
14607 306 15334
16948 207 10362
15464 133 6652
16906 18 945
17208 247 12369
14475 35 1760
17333 20 1045
14408 38 1936
17316 67 3370
17371 148 7416
17556 77 3869
14912 2 121
15402 35 1789
14537 9 476
15792 225 11261
15153 90 4507
17326 16 803
15641 1 77
16843 208 10407
14642 86 4333
17355 34 1717
14779 143 7180
15500 261 13063
14998 37 1862
17029 203 10155
17030 39 1998
15940 226 11306
14641 201 10093
14712 232 11630
15337 0 20
16150 189 9467
15890 24 1238
15432 29 1461
15118 61 3094
15774 90 4525
14749 285 14264
14675 4 217
15641 1 77
17458 36 1821
14741 33 1680
14464 106 5334
17426 27 1365
14559 52 2608
16219 306 15310
17398 192 9608
15486 3 161
15500 20 1030
15383 35 1798
14545 19 952
17471 87 4376
16076 147 7363
15463 361 18074
17390 0 44
17164 56 2842
15138 29 1478
15983 146 7311
15676 16 821
15601 12 614
17056 184 9207
16581 77 3895
17280 41 2085
14955 87 4376
16158 519 25984
15181 3 165
16199 280 14031
15386 19 997
17307 122 6146
15933 135 6765
15659 4 230
17334 12 640
14375 140 7005
14642 111 5555
16279 23 1160
15382 146 7335
15386 55 2768
17232 105 5294
14664 227 11353
17372 110 5502
14806 141 7067
17415 257 12899
14625 43 2184
14772 121 6060
16152 86 4335
14271 219 10999
15783 84 4233
15266 20 1016
14888 4 214
14245 60 3033
16558 54 2744
17100 84 4245
15919 22 1111
14279 49 2457
14257 43 2184
15116 281 14099
15427 202 10115
17309 142 7111
17028 295 14757
17158 65 3290
16916 25 1289
14293 195 9787
14722 124 6201
14746 63 3180
17333 110 5547
16473 49 2488
15289 1 95
16835 197 9871
17308 7 370
17497 105 5296
15799 61 3081
16428 225 11292
14580 28 1421
17453 41 2071
14590 124 6239
16060 164 8201
16978 251 12576
17195 182 9118
14874 188 9401
16008 388 19419
14830 3 165
14644 215 10793
14989 180 9031
17251 52 2648
16910 88 4402
17304 44 2216
17311 4 231
17181 81 4062
15933 42 2118
15099 27 1394
17195 153 7679
17475 178 8911
14643 72 3618
15457 218 10947
15361 218 10901
17305 7 369
15703 4 201
14934 179 8952
17245 27 1389
16112 473 23687
16122 229 11491
16158 16 814
14153 74 3728
16764 39 1989
15822 0 35
17534 8 429
14445 78 3940
14368 224 11204
15824 18 919
14293 195 9787
17237 0 7
14893 209 10464
16424 267 13381
15061 120 6011
15103 160 8020
16797 107 5385
15391 269 13499
17440 171 8562
14475 27 1358
14807 186 9344
14947 4 209
15923 437 21857
16731 17 876
16352 241 12072
15172 23 1161
14321 21 1051
17356 50 2545
14654 169 8464
17073 82 4116
15590 242 12133
15254 93 4675
14642 72 3621
14207 1 89
15457 79 3994
17229 18 933
14127 7 364
17165 101 5093
15436 342 17144
15479 78 3903
15341 54 2724
16809 86 4307
14920 32 1606
15588 200 10034
17316 20 1016
17559 1 69
15334 13 669
15432 29 1461
14209 135 6794
15391 70 3530
14438 154 7725
17047 38 1901
15436 194 9708
17111 236 11838
17204 123 6185
14436 148 7408
15154 282 14118
17339 254 12737
17383 201 10070
14749 60 3026
14768 178 8948
16906 18 912
14793 115 5751
15857 18 904
14418 184 9244
14635 7 370
15593 198 9950
14997 70 3529
16272 199 9994
15751 7 390
14368 276 13840
14122 185 9293
14452 18 925
14749 269 13475
14552 79 3995
14293 220 11022
17371 3 168
14280 19 962
16220 22 1139
16890 53 2694
15500 20 1030
14725 12 638
15924 3 166
16738 215 10767
17073 8 442
15182 135 6795
14760 192 9626
14122 168 8427
14368 24 1233
17469 43 2187
14585 17 890
16076 7 379
16227 186 9349
15639 159 7989
17327 156 7815
15412 193 9663
14893 102 5109
14151 118 5929
14611 205 10285
15302 38 1937
17339 218 10910
15479 87 4376
16387 25 1253
17170 36 1811
17219 1 51
14383 39 1982
14557 65 3272
14911 166 8337
15463 214 10714
15834 6 339
15639 78 3931
15859 81 4080
16546 146 7346
15010 8 438
17011 282 14125
15356 37 1862
15166 139 6963
17237 119 5981
17324 107 5388
17194 2 123
15893 50 2544
16807 121 6086
15433 138 6927
14228 31 1600
17352 164 8210
14357 40 2015
15403 23 1165
15267 145 7265
15479 78 3903
17146 32 1646
15870 270 13517
14152 135 6755
14725 30 1526
14642 72 3631
15774 348 17448
15410 138 6922
15376 7 393
14903 62 3123
16923 181 9089
15428 141 7067
17159 44 2242
15916 65 3282
14598 42 2139
15160 31 1565
15361 73 3687
16492 25 1263
17361 146 7303
15172 44 2235
17226 62 3114
15353 45 2283
17106 7 369
16428 470 23544
14399 67 3385
16715 283 14151
15528 318 15908
15074 48 2405
14632 68 3427
14521 9 468
15701 55 2785
17198 81 4066
15433 48 2420
16948 54 2707
17109 1 70
17212 39 1977
15870 182 9105
14553 105 5275
14772 121 6060
17087 123 6188
14203 28 1434
14338 266 13309
15875 428 21442
14912 170 8515
16714 175 8761
14537 94 4743
14290 53 2699
17199 135 6784
15473 147 7381
17187 7 376
15803 10 524
15183 36 1811
17140 63 3191
14131 16 837
17246 5 272
16738 220 11044
17070 228 11439
14787 40 2046
15639 128 6449
15149 118 5942
14222 12 633
15457 201 10071
14936 35 1759
17209 31 1598
14332 15 769
16305 48 2402
17248 358 17929
15242 164 8205
15916 284 14239
14453 112 5639
14901 307 15387
14535 50 2503
15355 57 2888
15031 28 1411
15301 80 4006
15123 24 1209
14550 111 5562
15528 2 127
15805 13 689
14537 9 476
17109 28 1415
15322 44 2212
15312 40 2009
17132 367 18391
16802 93 4663
16517 12 644
16994 127 6369
15456 178 8943
16011 134 6701
17440 90 4524
15464 121 6099
15308 4 215
15981 148 7439
16340 239 11983
14219 77 3862
17196 40 2032
17302 33 1666
15603 37 1898
15927 343 17157
14453 135 6786
14893 209 10464
15486 325 16266
15335 94 4731
14970 163 8169
16243 125 6262
14907 14 711
15801 513 25662
14313 270 13535
15479 299 14972
15807 13 673
15639 2 103
14293 195 9787
16169 164 8224
14880 54 2740
17198 26 1302
17559 109 5497
14632 68 3427
14909 152 7627
17327 57 2879
16196 187 9398
15986 161 8068
16676 128 6441
16319 1 96
14418 272 13650
15783 375 18767
15182 147 7361
14609 186 9313
15701 271 13588
14546 179 8958
14223 204 10203
15554 160 8012
15451 50 2539
16110 109 5487
15348 292 14630
17164 145 7259
15689 121 6074
15140 1 83
14218 199 9992
15870 109 5474
15801 462 23128
17152 91 4574
15353 116 5808
15862 130 6503
14157 126 6306
14192 10 501
14257 149 7455
15801 54 2708
17005 73 3652
17457 157 7852
14903 275 13797
17138 6 326
14789 148 7438
15883 1 57
15302 15 753
17271 181 9070
16288 116 5837
14270 215 10753
16112 292 14623
15783 169 8484
14764 80 4012
14183 17 888
17194 11 574
14356 282 14124
14559 202 10144
17170 36 1811
15417 21 1061
16715 283 14151
15479 126 6338
14329 253 12687
15639 2 103
14277 112 5608
14446 13 677
14652 249 12465
14450 242 12143
17360 16 841
14246 107 5384
14368 186 9330
14277 312 15635
14516 98 4938
15156 58 2929
15264 27 1372
15354 66 3308
14368 186 9330
16978 441 22078
14293 86 4313
14611 11 584
17344 102 5108
15639 106 5336
15722 160 8033
15330 9 464
14548 198 9950
14609 88 4450
16946 231 11567
15415 177 8875
14220 57 2857
14363 0 31
15916 420 21039
14645 50 2532
15297 275 13778
14980 106 5316
17036 301 15068
14824 260 13039
17415 61 3089
17036 301 15068
14907 7 394
14147 26 1303
14584 16 832
14284 9 463
15162 111 5595
15894 13 682
17081 8 432
15762 187 9358
14471 0 26
14425 99 4968
17239 147 7361
14121 156 7850
14453 8 423
17219 32 1608
17087 332 16620
15154 251 12561
15464 11 580
16901 108 5410
17177 21 1095
14817 62 3117
15392 107 5352
15916 227 11372
17250 76 3821
15669 23 1176
14806 22 1138
14798 1 97
14149 273 13686
17427 11 562
17248 324 16248
15927 312 15650
17138 72 3612
17251 166 8346
17427 11 562
14592 9 464
14542 181 9084
15259 29 1477
15449 100 5040
14376 225 11277
16848 18 932
15589 188 9422
17248 121 6066
14376 243 12198
14152 254 12714
16734 69 3452
16305 34 1740
14904 20 1031
16188 200 10023
15403 23 1165
14956 143 7157
14729 192 9610
17030 70 3512
15099 2 133
14368 281 14081
17251 176 8819
16109 66 3309
15590 130 6524
17513 0 28
16525 104 5208
15862 119 5987
14770 297 14879
17248 258 12949
17397 53 2695
15882 7 400
16940 12 615
17364 71 3557
14743 22 1149
15369 22 1122
15153 63 3169
15116 91 4554
15429 55 2796
17019 85 4259
16188 28 1413
17339 254 12737
14372 102 5108
17030 13 658
14164 27 1364
17308 153 7675
14641 201 10093
15603 71 3598
15902 489 24455
14336 87 4353
15867 25 1285
17194 13 688
15103 150 7502
17360 17 883
14654 265 13270
14768 146 7327
14831 168 8421
15656 35 1752
15323 69 3494
14411 12 610
15677 120 6048
16119 7 361
14154 174 8720
17426 27 1365
16196 111 5598
17533 100 5002
15799 226 11330
15335 3 169
15242 98 4916
14358 93 4659
17508 71 3551
14586 16 803
15799 246 12314
14458 123 6179
15017 13 684
17139 105 5255
17076 6 304
15231 109 5474
17458 161 8076
14654 88 4439
14901 307 15387
15282 101 5100
14740 14 717
17043 48 2408
14458 120 6027
17116 62 3112
17257 82 4122
14942 24 1246
17139 317 15899
15489 170 8537
15463 151 7578
15264 97 4858
15659 0 45
16891 139 6967
14553 223 11169
15697 21 1092
15922 7 362
14225 65 3261
15109 9 457
14396 42 2135
14750 28 1419
16110 5 290
15402 35 1789
16158 328 16433
17114 101 5082
15318 161 8096
15901 267 13351
17100 77 3867
17313 29 1480
15486 378 18918
15771 18 923
16978 409 20475
17353 25 1278
14418 250 12512
15425 205 10282
15917 344 17231
14634 5 279
17036 196 9801
17172 5 291
17208 49 2468
16011 134 6701
14644 6 342
14768 133 6690
17396 4 208
14899 124 6240
15154 181 9089
15301 41 2087
17165 88 4424
14976 16 821
17132 181 9082
14228 31 1600
17248 290 14531
15927 281 14069
14991 12 633
17334 189 9453
14298 44 2217
14902 104 5244
14223 64 3214
17156 82 4149
15282 129 6457
16770 171 8585
15149 118 5942
16272 14 730
14870 127 6395
17196 31 1556
17371 459 22953
16726 170 8519
17541 4 231
16818 102 5135
14195 113 5680
14557 65 3272
16205 227 11381
17352 15 781
16960 157 7899
16112 17 887
14801 179 8972
15382 50 2545
15862 262 13109
15182 147 7361
16150 129 6489
14228 40 2003
14907 14 711
15086 12 635
17248 258 12949
15147 66 3329
17308 3 160
14136 70 3526
15828 264 13209
16109 96 4809
14768 178 8948
17497 227 11390
14706 28 1422
15882 103 5160
17408 64 3211
15124 1 68
15463 435 21758
14870 39 1958
17353 39 1973
15348 242 12112
14559 275 13778
15762 225 11259
14907 139 6986
16685 165 8265
17396 23 1179
14293 192 9637
14976 0 4
15504 35 1770
15859 167 8391
16715 283 14151
14396 42 2135
14384 6 327
16845 381 19084
14771 225 11269
14907 14 711
16112 167 8399
14185 32 1619
17341 47 2387
15915 31 1573
16889 89 4469
15042 4 241
16148 129 6479
16411 193 9652
15808 34 1739
14775 26 1312
17482 120 6003
14152 172 8614
16486 2 139
15528 71 3594
14467 52 2640
14139 29 1486
15528 43 2151
17407 137 6877
15234 72 3645
14948 262 13136
14712 244 12238
15167 61 3060
14550 267 13360
14284 1 93
14603 112 5635
17361 358 17934
14259 273 13700
15233 14 746
15504 148 7413
15294 35 1792
16119 191 9580
15345 10 544
14358 113 5680
17509 23 1154
16962 125 6281
16715 27 1355
14418 50 2532
14874 240 12042
14458 85 4292
14551 268 13417
17030 155 7758
15902 381 19094
15302 34 1705
17226 116 5836
14922 16 826
16433 27 1391
16118 124 6202
17358 22 1124
14191 79 3988
16802 207 10378
14191 40 2007
14316 27 1390
15397 233 11683
15482 47 2361
17240 398 19947
14134 15 782
17561 148 7433
17205 107 5378
17213 76 3806
17073 159 7952
14801 310 15505
15394 50 2549
17386 26 1346
16514 7 366
17451 151 7595
14609 133 6675
15797 30 1524
17447 52 2649
17383 122 6136
15589 353 17698
16051 228 11426
14281 167 8358
14369 163 8162
16944 193 9680
15386 74 3729
14464 180 9013
14956 78 3942
17451 289 14481
16310 315 15777
17100 162 8106
16076 7 379
14475 27 1358
17090 51 2589
17475 3 172
15479 3 179
14124 171 8589
14707 17 899
16267 108 5402
17563 34 1739
16096 73 3686
14410 278 13905
16109 66 3309
16023 464 23236
14263 157 7881
15603 77 3869
17394 83 4154
14626 30 1513
15916 371 18551
16051 81 4063
17267 35 1764
14662 106 5333
15318 172 8625
17224 53 2673
15323 9 496
16952 132 6632
15442 39 1987
15593 198 9950
17360 6 342
15473 183 9171
14621 2 137
17471 93 4681
17096 10 513
15800 274 13749
15785 252 12628
16119 516 25806
16446 169 8455
17019 85 4259
15797 30 1524
16878 108 5446
14626 15 792
17415 200 10043
15948 84 4224
14183 7 384
16079 24 1215
14342 259 12979
14384 6 327
14473 8 413
16148 201 10057
15514 157 7884
16076 113 5684
14195 16 812
17265 24 1246
14558 14 746
16738 220 11044
17126 156 7801
17210 83 4168
14376 58 2925
17112 139 6954
17308 115 5779
15689 138 6920
15656 58 2906
15377 30 1519
17165 79 3980
14734 45 2294
16807 121 6086
17495 97 4880
17556 65 3269
15170 105 5285
15151 96 4819
15394 50 2549
17541 29 1484
14957 45 2257
17556 65 3269
15354 66 3308
17186 48 2416
14285 2 110
15328 88 4407
14259 22 1119
15673 24 1248
14610 276 13846
14356 282 14124
14910 6 349
15466 178 8936
15243 20 1050
15771 18 923
17116 0 2
14641 138 6906
15909 25 1270
14814 63 3173
14298 66 3350
16112 473 23687
14446 29 1479
15808 71 3590
15397 5 266
17196 7 393
14916 18 950
17143 8 437
14142 15 798
15115 0 45
14555 107 5376
17267 91 4570
16874 369 18458
14623 224 11224
14223 45 2292
15316 132 6644
17073 12 622
16118 58 2937
17159 47 2356
14584 149 7471
14228 19 984
15161 135 6752
14686 32 1648
17137 216 10821
15634 105 5265
14647 6 339
15302 28 1405
15901 276 13801
15834 113 5679
17128 101 5099
16426 5 268
15166 133 6683
15348 81 4096
17566 143 7181
14673 40 2021
14316 5 271
16759 83 4158
16283 82 4119
15246 152 7632
16172 315 15775
14174 78 3937
17141 14 702
14526 137 6856
17533 108 5423
15799 246 12314
17447 52 2649
14914 301 15069
14940 3 188
16172 323 16169
14990 113 5651
16209 341 17056
17352 168 8441
14965 155 7760
15061 195 9784
14904 29 1491
16711 147 7351
14907 14 711
14467 14 731
17140 140 7031
16499 96 4814
17118 20 1043
14921 39 1959
17245 27 1394
16148 119 5985
14356 180 9040
16849 69 3494
16948 38 1940
14870 296 14823
14408 45 2276
14245 60 3033
14270 54 2714
16096 58 2917
15391 44 2222
15463 435 21758
16036 410 20510
16963 285 14283
16122 126 6326
15010 8 438
17206 144 7216
14642 111 5555
14306 210 10533
17174 25 1262
15774 90 4525
17398 152 7633
14764 77 3874
15308 120 6036
16557 111 5595
15160 107 5362
14621 5 281
15923 104 5215
15334 15 799
14880 21 1074
14562 78 3936
15362 52 2650
14824 311 15588
15234 128 6427
14938 107 5362
14548 22 1140
14986 48 2415
17388 17 851
15514 19 978
15447 217 10863
14934 66 3331
17535 31 1564
17219 1 51
15145 294 14741
14438 23 1176
14611 60 3012
17561 231 11589
15529 21 1077
17270 71 3596
16148 153 7652
17371 163 8177
15457 93 4668
14877 13 654
15528 62 3117
15462 131 6558
14721 122 6119
14235 42 2142
15862 130 6503
15154 181 9089
14372 270 13546
17030 21 1065
15225 35 1792
14924 17 895
14583 17 865
15901 301 15069
14298 44 2217
15223 48 2413
14631 141 7087
14785 69 3454
14274 100 5032
15915 198 9946
17372 110 5502
17097 11 551
14763 6 343
14243 130 6547
15361 60 3028
15902 448 22444
17198 34 1742
16112 328 16438
16424 267 13381
14970 94 4733
14396 66 3304
15174 1 61
15801 445 22260
15118 120 6016
15286 136 6801
15246 172 8633
17240 398 19947
17324 92 4626
15140 25 1253
16119 267 13352
14409 261 13071
17232 32 1614
14139 213 10657
17132 80 4047
17481 8 447
17154 34 1740
17373 2 148
14542 171 8564
15916 202 10124
14824 62 3134
14453 25 1295
17561 70 3546
17407 155 7789
17280 1 63
16339 230 11550
14279 49 2457
17471 93 4681
14300 72 3630
17232 108 5422
15466 124 6234
17557 66 3340
14467 223 11157
17302 33 1666
17349 12 614
14185 32 1619
14726 42 2134
14558 170 8505
15491 167 8353
15466 87 4388
14917 51 2551
14418 129 6451
14942 42 2129
14707 34 1728
15013 221 11053
15901 276 13801
14707 17 899
15923 154 7712
17361 255 12751
14453 133 6657
14877 104 5205
15410 10 527
16196 111 5598
14535 103 5190
14824 253 12683
16113 75 3767
15867 25 1285
15778 37 1862
15528 0 5
15410 128 6410
15458 112 5628
16527 95 4780
15783 348 17406
14771 121 6073
14654 184 9208
17251 68 3426
14436 20 1002
16152 86 4335
14741 157 7853
14516 56 2834
15828 134 6734
15702 19 993
16715 86 4340
16186 142 7113
14768 5 256
15862 245 12282
14347 48 2442
14768 146 7327
14564 24 1224
16507 43 2152
17540 27 1352
16159 37 1856
17055 148 7448
17168 28 1409
14537 9 476
17448 45 2282
15432 29 1461
17339 318 15922
15392 104 5225
14559 295 14781
16094 522 26118
15360 167 8392
15228 126 6350
14664 117 5887
15228 7 387
15243 82 4114
14876 67 3398
14597 86 4308
15917 489 24478
16962 79 3969
15595 11 592
16022 113 5693
16096 58 2917
14743 170 8545
15355 26 1307
14953 13 672
15783 377 18869
14427 183 9196
17036 79 3982
15339 45 2285
15425 150 7509
14363 243 12151
17028 64 3241
15426 102 5117
15458 137 6874
16126 35 1784
14239 16 821
16714 90 4550
14824 311 15588
15153 9 486
15783 257 12893
16022 268 13420
15916 16 816
15497 12 647
15152 81 4095
16141 122 6117
15264 101 5062
16073 131 6571
17472 12 612
16329 14 727
17560 149 7479
17489 155 7795
14410 175 8771
15456 134 6726
14526 52 2643
16066 42 2120
17156 50 2508
14981 197 9860
15497 177 8871
17451 115 5788
15481 18 935
16008 388 19419
15432 128 6424
15846 38 1918
17453 41 2071
14598 32 1624
15436 201 10072
14436 186 9305
15701 92 4605
14991 13 664
15422 82 4120
17271 146 7333
15981 18 904
14148 17 856
17524 130 6539
15499 5 283
14243 92 4627
14831 168 8421
17519 10 524
17248 212 10638
15057 1 74
14745 86 4303
17418 7 376
16322 11 585
15517 135 6792
15222 63 3184
16346 38 1947
14453 196 9850
14934 179 8952
14300 72 3630
14641 78 3932
14756 47 2397
17444 34 1718
14926 79 3998
17413 343 17191
16489 174 8708
17248 180 9042
15146 43 2178
17123 15 781
15828 103 5174
14609 299 14978
15639 78 3931
17310 2 117
15251 167 8370
15640 13 651
16101 201 10081
17415 215 10753
15097 157 7875
17144 161 8097
15701 463 23160
15225 50 2522
15254 22 1126
15882 36 1846
15783 204 10247
14948 219 10986
15713 244 12248
15828 488 24408
15361 60 3028
17383 478 23926
14729 215 10753
16517 110 5546
14452 37 1895
15491 253 12665
16150 352 17610
15368 152 7643
15464 125 6269
14244 29 1494
17132 390 19526
14981 195 9771
17469 14 731
15901 210 10530
14736 136 6825
17073 147 7356
15900 212 10650
15731 8 440
14139 29 1486
15182 135 6795
14736 222 11135
15234 176 8809
15882 171 8583
17447 153 7654
14516 116 5806
16527 95 4780
15013 120 6039
15910 7 400
14577 33 1679
15238 84 4208
14396 19 974
16831 7 396
15322 44 2212
16134 352 17646
14257 178 8945
16283 82 4119
17073 101 5084
14150 63 3171
15172 49 2484
15403 80 4021
14377 158 7923
17312 156 7805
14793 124 6207
16230 60 3038
14712 232 11630
16507 43 2152
14802 172 8639
14291 173 8659
17348 9 487
14556 210 10521
14779 143 7180
14812 314 15710
14870 82 4127
16148 237 11894
15302 38 1937
16247 75 3764
16935 263 13163
15683 6 337
15477 13 660
16112 17 887
17141 36 1810
15330 20 1045
15430 159 7966
14277 189 9470
15799 268 13442
14611 60 3012
17165 88 4424
15129 21 1077
15428 111 5568
14464 106 5334
14749 60 3026
17036 272 13631
14149 140 7033
14263 157 7881
16109 45 2277
15965 118 5910
17260 71 3598
16052 285 14276
14590 9 498
15174 85 4270
17372 43 2194
17055 313 15686
14432 8 436
15295 34 1736
16134 80 4035
14244 29 1494
14903 98 4906
14551 33 1662
15520 67 3393
14940 147 7363
17224 37 1889
15428 290 14543
17205 158 7917
15160 307 15362
15640 233 11682
15904 25 1296
14793 155 7753
14771 299 14997
17388 43 2164
16021 167 8369
15862 279 13989
14758 232 11623
16846 329 16467
14634 52 2614
16694 148 7439
14886 141 7090
14957 45 2257
17196 40 2032
14828 166 8341
15960 124 6206
14989 55 2783
16525 40 2026
14367 178 8935
14410 32 1606
15479 290 14539
17559 78 3950
15153 21 1097
15097 59 2991
17528 20 1034
15161 159 7953
15774 299 14960
14934 179 8952
15824 26 1322
16948 54 2707
16109 66 3309
17339 199 9956
14553 52 2617
14760 170 8531
16787 59 2994
15915 104 5211
14343 33 1681
16310 223 11154
15944 18 920
17239 4 221
16038 161 8092
15111 145 7288
14546 71 3590
15086 121 6100
14195 113 5680
16562 9 494
14250 14 722
14553 52 2617
14707 17 899
14880 114 5739
15589 4 248
14191 94 4702
17096 10 513
17383 443 22192
16992 21 1060
14149 239 11989
17043 48 2408
17312 261 13051
14207 22 1106
16022 268 13420
14368 0 25
16227 188 9423
15227 140 7021
15182 71 3599
17158 42 2140
17169 194 9736
16676 256 12823
17158 42 2140
14949 27 1368
15872 36 1841
16358 55 2794
14745 119 5983
17540 27 1352
14746 61 3083
17106 24 1217
15466 87 4388
15322 32 1624
15785 37 1869
17398 50 2535
16878 196 9810
17308 7 370
17239 121 6057
14779 139 6952
15014 96 4833
14580 43 2153
15851 7 352
14968 122 6102
16495 76 3838
15246 63 3197
14798 72 3610
17093 120 6015
17275 2 114
17068 22 1113
16525 40 2026
14734 127 6393
14453 133 6657
14191 120 6049
15463 6 301
14548 135 6793
16807 121 6081
14805 294 14727
16171 18 902
14934 143 7167
17087 389 19485
17110 33 1670
16006 395 19760
14904 25 1251
17092 20 1002
14902 104 5244
17240 122 6147
15457 51 2554
14712 82 4110
17341 93 4654
17140 19 960
14722 95 4797
14654 202 10147
15913 19 991
15101 19 998
14438 290 14521
15677 191 9581
15153 20 1047
15449 17 872
14368 19 983
17424 13 700
14807 221 11081
17139 263 13176
15500 101 5073
14989 43 2199
17535 40 2037
15237 29 1477
17226 62 3114
17027 40 2042
15167 66 3320
15780 170 8511
14376 92 4634
14539 139 6982
15676 212 10623
15227 159 7981
16158 325 16275
15330 20 1045
15266 49 2473
14575 48 2447
14578 75 3760
15913 36 1807
15639 2 103
14736 122 6109
17144 79 3970
16310 315 15777
16594 4 220
16769 92 4639
17267 91 4570
17044 108 5428
15682 54 2701
15251 138 6921
15511 51 2585
14139 254 12717
16526 55 2763
17137 216 10821
14539 73 3678
14136 45 2291
15409 85 4290
14716 42 2129
16878 196 9810
17132 524 26210
14802 267 13372
16869 120 6022
15328 206 10349
17533 100 5002
14245 175 8781
16562 9 494
16769 114 5725
14259 21 1069
15762 294 14730
16655 11 551
16137 50 2549
14934 179 8952
14910 51 2554
14758 169 8453
14886 101 5090
17057 83 4194
15603 37 1898
14392 106 5327
16603 17 890
15774 211 10588
15443 68 3402
16428 15 765
17459 214 10723
14219 77 3862
16839 130 6526
15935 143 7159
15254 134 6750
16769 122 6103
17171 40 2019
14549 208 10428
14807 98 4901
15114 31 1557
15713 218 10920
17228 42 2114
16472 127 6367
17488 176 8808
17444 9 458
14206 97 4857
14526 137 6856
17495 152 7649
16874 441 22070
17457 62 3102
16171 18 902
14903 62 3123
17119 102 5106
17152 129 6488
14886 105 5270
17267 63 3176
14545 33 1697
14392 136 6810
16038 198 9933
16114 35 1780
14223 49 2456
16226 2 103
16889 24 1250
17249 147 7392
14886 141 7090
16948 60 3035
15103 157 7871
14227 124 6219
14283 72 3633
15403 23 1165
16262 20 1035
14793 103 5155
14213 62 3118
14550 68 3423
15800 206 10349
17478 127 6372
16172 77 3883
14801 194 9721
16011 115 5777
15343 165 8281
15634 22 1105
17205 218 10936
14436 31 1586
14432 75 3795
15634 22 1105
16916 25 1289
15227 159 7981
15511 238 11925
17152 78 3927
17208 55 2752
17140 19 960
17131 141 7059
15978 24 1248
17100 53 2686
14991 165 8268
15808 54 2746
17563 69 3473
14243 59 2954
15528 318 15908
17121 5 279
17525 0 27
14245 81 4099
16121 61 3089
15243 107 5356
14428 82 4110
15774 175 8752
15149 118 5942
15391 44 2222
16411 206 10335
14250 14 722
15103 285 14268
16694 35 1767
17451 277 13854
15897 74 3714
14654 16 843
16209 294 14716
17023 208 10447
14516 116 5806
17106 24 1217
14298 79 3969
14758 105 5253
14423 6 334
17210 119 5970
17158 3 183
14541 174 8737
15053 58 2901
16809 126 6343
14243 130 6547
14172 35 1752
17545 51 2579
15153 76 3837
17390 48 2445
14907 61 3088
14539 212 10602
14556 157 7867
16592 1 83
15073 9 488
14904 25 1251
14623 144 7230
16973 24 1244
17383 140 7045
16310 138 6946
17482 50 2525
15677 149 7490
15862 241 12092
17100 114 5711
15318 74 3713
17394 176 8817
15701 335 16753
15386 61 3059
15639 108 5417
16336 72 3646
17171 0 47
17388 41 2087
16006 395 19760
16281 226 11324
15589 109 5456
15456 119 5970
15589 46 2349
17158 105 5286
14338 1 53
15715 189 9481
14220 26 1315
15415 328 16403
14652 131 6580
14270 54 2714
14878 84 4228
17316 20 1016
14870 9 464
15471 22 1115
15383 254 12733
14790 199 9965
15828 195 9757
17100 208 10417
14891 130 6501
14793 155 7753
17308 58 2938
14136 45 2291
14190 3 164
14609 16 845
15145 281 14100
15103 83 4166
15481 18 939
17334 26 1302
17245 27 1394
15183 16 841
15504 203 10185
15463 8 416
15293 18 902
16112 473 23687
16301 179 8986
14870 296 14823
15834 52 2613
15927 202 10139
15160 187 9362
15828 44 2233
16386 27 1353
16889 24 1250
16489 174 8708
17308 58 2938
14575 50 2535
16196 36 1814
17408 64 3211
16552 102 5137
15296 133 6667
16760 21 1086
16147 395 19780
15167 150 7507
14181 5 280
14191 231 11588
15504 66 3312
15917 296 14845
14886 22 1133
15466 250 12550
16272 199 9994
16817 239 11973
16227 188 9423
17248 290 14530
14564 45 2279
15486 120 6006
17494 142 7139
14970 233 11685
15236 159 7952
16141 150 7531
16169 164 8224
15323 69 3475
16962 31 1593
16562 9 494
15462 131 6558
14458 8 410
16894 188 9442
17420 3 152
14149 189 9466
14812 208 10437
15907 110 5544
15262 84 4221
17195 17 874
17226 62 3114
15554 42 2141
15335 143 7200
17413 8 427
14136 62 3136
14976 147 7367
17078 30 1528
15457 201 10071
14276 38 1939
15369 296 14819
17560 142 7108
16891 139 6967
15469 201 10090
14220 26 1315
15302 31 1584
17282 49 2458
14729 51 2587
17308 153 7675
17082 30 1508
17169 140 7024
14369 163 8162
15242 164 8205
17415 200 10026
17361 126 6302
15894 96 4847
14539 173 8659
17132 524 26210
17226 116 5836
15335 248 12438
14372 102 5142
16166 38 1939
16089 97 4873
15715 64 3241
14654 180 9018
17365 11 574
15927 97 4859
17400 139 6967
15923 344 17222
16179 44 2247
16978 75 3779
15927 217 10881
15780 111 5579
15482 47 2361
15074 11 578
15153 0 5
16051 228 11426
16119 21 1096
14596 8 411
15426 72 3630
14392 185 9281
15355 6 330
14968 37 1900
17287 150 7506
15639 108 5429
14343 153 7698
16722 162 8121
15917 489 24456
15397 97 4888
15902 23 1156
14452 1 87
16138 33 1675
17270 74 3717
15394 50 2549
15153 18 908
14191 40 2007
14148 132 6613
14920 7 380
14571 34 1744
15398 324 16211
15915 432 21603
17154 24 1228
15271 17 864
14195 16 812
17397 113 5693
17383 203 10161
15103 57 2875
17030 144 7246
14874 62 3145
16741 412 20634
15010 6 312
16006 96 4817
15916 301 15099
14467 300 15045
17218 17 860
17265 90 4504
14368 181 9074
15593 236 11836
16161 40 2008
14909 31 1563
17522 88 4426
16874 441 22070
16125 8 408
17461 6 338
14558 14 746
15473 19 977
14801 260 13027
14607 182 9150
17028 4 235
14934 179 8952
14347 14 727
15603 77 3869
14915 142 7111
17165 101 5093
15054 85 4296
15915 430 21509
17144 161 8097
14445 38 1943
17414 135 6774
15801 299 14984
14575 77 3865
15774 439 21964
15111 28 1443
16150 180 9014
17552 19 988
15530 25 1266
15800 206 10349
15469 207 10358
17360 106 5328
16141 285 14297
14384 6 327
14771 225 11269
14911 109 5475
17274 15 776
17341 93 4654
14362 51 2559
14652 262 13125
16071 91 4585
17137 35 1751
17364 71 3557
17194 22 1128
17559 109 5497
15780 49 2479
17333 47 2394
14537 9 476
15122 194 9705
17400 12 613
17373 84 4223
15335 233 11697
17383 113 5695
17043 48 2408
15494 30 1521
15794 219 10959
16188 157 7882
15872 36 1841
15863 26 1334
15832 84 4236
14381 28 1409
16199 461 23076
16499 145 7260
14916 159 7974
17247 14 707
16013 96 4824
14652 223 11200
16438 18 928
15463 313 15665
15098 22 1134
15296 133 6653
14488 7 369
14911 127 6378
16511 52 2646
15824 18 919
14912 159 7993
14873 282 14110
15474 81 4074
14301 86 4314
14488 7 369
15294 35 1792
14831 145 7285
14789 88 4449
14253 10 527
17218 31 1592
14991 82 4145
14358 219 10981
15155 44 2221
16428 367 18383
15514 79 3986
17361 362 18148
17361 255 12751
16325 37 1862
14206 22 1127
15262 84 4221
15222 175 8780
17095 13 663
17269 163 8191
16110 9 492
14316 5 271
15386 29 1470
17469 93 4690
15464 208 10438
14998 54 2704
16676 128 6441
17415 71 3560
14610 197 9853
15161 159 7953
15927 146 7311
15407 194 9706
14770 247 12381
15316 158 7916
15715 94 4709
15773 15 774
14907 14 711
15774 90 4525
14467 11 597
15783 260 13010
14139 213 10657
17373 147 7370
14368 181 9074
14229 14 735
15410 138 6922
14187 96 4811
15511 51 2585
14369 137 6854
14760 184 9238
14458 138 6907
16835 5 279
14664 210 10545
16679 101 5063
17274 15 776
15145 221 11072
14916 98 4920
16159 4 228
16711 5 262
14899 124 6240
17331 14 707
14802 60 3001
15172 61 3093
15834 52 2613
14280 19 962
17349 24 1231
17414 61 3054
14934 179 8952
17338 87 4399
17131 228 11413
15689 224 11227
17168 33 1659
14942 42 2129
15722 68 3406
17448 166 8311
14297 19 964
14243 95 4752
17478 18 938
14873 307 15393
15410 104 5245
15677 194 9714
14828 129 6477
15949 171 8598
14925 172 8633
15156 11 599
16858 31 1567
15115 0 45
14590 13 678
15592 27 1352
15065 38 1904
14436 88 4424
15467 5 289
16942 78 3931
14453 39 1972
14893 165 8279
15872 10 518
15715 64 3241
14772 283 14158
14925 5 256
14902 290 14535
14934 179 8952
14537 9 476
14990 160 8045
17264 3 197
17141 36 1810
17398 98 4923
17407 137 6877
15282 105 5265
15403 23 1165
17556 65 3269
16867 229 11464
15249 44 2247
15464 133 6652
14278 14 717
15800 50 2510
15145 312 15642
15078 15 785
14368 181 9074
17492 50 2509
17250 31 1586
17560 82 4140
14475 11 597
14300 72 3630
16499 317 15872
14225 41 2098
14377 124 6235
17449 7 386
16137 1 64
14270 230 11519
17327 124 6207
17083 41 2099
14654 34 1743
15377 83 4158
15783 61 3078
15403 175 8773
15603 143 7179
14772 283 14158
15464 241 12059
14667 81 4053
16150 129 6489
15822 18 943
15730 8 426
15129 26 1319
15491 54 2728
14432 15 763
15499 74 3730
14875 34 1748
15177 27 1355
16374 3 198
17449 17 886
15118 131 6555
16864 90 4545
16676 183 9169
17388 41 2087
14152 164 8249
15875 333 16673
17439 22 1130
17136 19 961
14631 165 8258
14458 138 6907
17102 15 758
15873 145 7253
16066 42 2120
15047 17 877
15799 268 13442
15970 472 23615
14300 72 3630
16877 57 2883
17111 112 5609
14173 15 775
17210 40 2035
15665 1 74
16840 43 2173
15409 85 4290
14242 40 2016
15792 44 2243
15844 5 287
15916 534 26749
17395 23 1157
15102 58 2927
16923 77 3886
17458 36 1821
17152 59 2987
14223 236 11803
17302 81 4054
14270 212 10611
14260 109 5474
15710 39 1965
17229 14 718
17129 35 1774
15882 11 579
16276 12 613
17114 69 3490
15228 148 7407
17139 279 13958
14306 117 5852
15463 6 301
17254 0 9
14758 17 889
15163 52 2650
17135 15 786
14801 92 4641
14445 78 3940
15422 70 3515
14947 7 359
15920 28 1419
15446 87 4365
15877 0 38
14924 195 9777
14548 136 6819
16286 524 26215
15592 58 2913
17156 82 4107
16552 17 899
15580 30 1548
15780 180 9020
15297 131 6569
15436 342 17144
15789 33 1653
14467 286 14339
15656 88 4447
16081 103 5191
14934 179 8952
15464 142 7107
14446 29 1479
14884 217 10890
15416 99 4980
15279 70 3524
14979 22 1137
15286 276 13842
14737 29 1493
15222 63 3184
14297 85 4254
16119 537 26855
15878 0 12
16199 222 11144
14643 122 6124
17073 8 442
14399 67 3385
16008 84 4246
14634 53 2661
14329 253 12687
17371 562 28119
15167 113 5679
15656 96 4822
16818 71 3553
15155 4 211
14356 191 9593
14634 52 2614
16058 106 5339
15225 3 182
14807 25 1280
15862 72 3616
14831 156 7810
15511 224 11218
16864 90 4545
14223 177 8871
15589 93 4670
14727 95 4791
15785 45 2283
14259 80 4042
15882 38 1936
17132 431 21594
17181 55 2752
15145 175 8780
14139 92 4618
15227 159 7960
15923 154 7712
16072 24 1246
15479 247 12386
14802 172 8639
15782 17 863
15183 36 1811
15714 21 1100
17070 146 7315
14340 1 58
15486 292 14650
15450 239 11976
14134 94 4719
14550 111 5562
15785 37 1869
14338 12 603
14779 25 1286
14611 54 2725
14548 198 9944
17132 387 19359
14884 146 7322
15689 177 8885
17317 20 1026
17199 25 1286
14392 136 6810
16727 300 15035
14921 94 4727
15890 24 1238
14956 152 7610
14358 57 2871
15701 276 13812
17002 38 1938
17414 137 6869
14758 65 3284
15266 42 2133
15877 260 13047
14667 17 852
14329 109 5489
15161 106 5336
15902 489 24455
14634 52 2615
17447 52 2649
17373 15 755
15309 38 1908
14306 91 4569
14367 181 9074
15312 40 2009
15491 36 1813
14637 156 7847
14455 8 410
14159 94 4747
15589 4 248
17414 139 6984
14545 29 1478
16858 101 5077
14152 237 11874
14801 110 5549
14187 96 4811
15910 259 12978
14427 8 426
16286 267 13397
16041 269 13478
17208 249 12455
17112 139 6954
17309 152 7638
