7513 76 3829
7014 1214 60728
7049 1967 98375
7008 102 5114
5013 9 478
7020 1135 56753
7047 110 5549
7010 1545 77283
7023 1579 78999
6527 109 5488
7017 875 43781
7010 1421 71090
6881 105 5280
5516 28 1401
7003 119 5953
7049 988 49416
7014 1214 60718
5515 63 3164
6572 57 2861
7004 1605 80263
7013 205 10271
7020 1797 89887
7054 1646 82319
7006 337 16894
7025 435 21762
7026 700 35020
5966 0 47
5154 166 8309
7054 320 16048
6340 167 8376
7021 422 21142
7004 1275 63770
7020 331 16573
7047 48 2447
7001 819 40978
7026 381 19081
7013 238 11937
7020 43 2162
7003 1339 66963
7055 690 34518
7023 804 40230
6955 211 10573
7003 480 24030
7026 518 25949
7055 569 28459
7049 1469 73476
5155 30 1517
6366 18 948
6423 75 3771
7055 739 36997
6031 101 5081
7017 299 14998
7049 1672 83604
6616 26 1325
7055 174 8747
7017 1163 58179
6751 29 1481
5216 22 1104
7001 379 18974
7020 383 19160
7013 185 9268
7019 91 4560
7008 1244 62214
6663 24 1211
7017 905 45298
7046 102 5142
7054 400 20024
7019 91 4556
5331 137 6856
7018 863 43187
7372 75 3770
7008 924 46228
6050 0 42
7021 466 23304
5947 158 7909
7021 234 11740
7008 146 7330
7020 383 19160
7001 1134 56725
7008 280 14027
7021 692 34618
7018 743 37190
7019 91 4597
6981 38 1949
6211 127 6384
7023 1549 77455
7049 1750 87538
6794 22 1125
7008 924 46204
7055 690 34520
7014 1728 86435
6620 149 7470
6756 47 2357
5019 108 5434
6992 10 514
6620 127 6397
7018 116 5833
7003 775 38774
6656 40 2005
6211 69 3457
7021 748 37436
6303 125 6281
6628 41 2085
5382 178 8909
7008 885 44262
7017 877 43891
7001 1025 51289
5458 153 7698
7012 324 16204
5042 46 2301
7003 1734 86744
6303 125 6281
6955 212 10646
5204 158 7901
7049 988 49447
6378 2 107
6632 55 2780
6321 71 3574
6379 39 1965
7025 445 22262
7055 406 20317
7003 1032 51646
7023 1781 89083
7013 205 10251
6756 44 2225
7054 1273 63699
7004 514 25730
7003 232 11616
5608 5 293
7054 875 43796
7004 1278 63950
6683 17 883
7003 1413 70687
7019 466 23317
7504 16 812
7004 347 17372
6664 118 5923
7001 998 49932
7010 610 30540
7014 662 33104
7003 123 6183
6090 74 3739
7055 739 36994
6826 47 2395
7003 960 48047
7049 1934 96724
6991 69 3458
5459 9 488
7017 225 11289
7020 574 28716
7003 1346 67316
7026 176 8819
7023 50 2506
6322 40 2026
6656 43 2183
7049 1417 70893
7013 187 9391
7017 665 33292
7003 43 2171
6059 51 2551
7004 184 9250
7023 654 32718
7054 320 16004
7391 360 18003
6366 75 3764
7049 1469 73482
6548 0 41
5036 21 1086
7010 166 8330
5452 40 2014
5448 10 546
7003 411 20556
7017 474 23716
7014 990 49542
7008 786 39309
7006 324 16246
7055 406 20302
6650 19 985
6795 7 381
7049 1750 87532
7003 456 22836
7008 1078 53924
7047 48 2407
7003 1375 68793
6031 216 10813
7017 994 49731
5586 90 4534
7001 1144 57247
6324 93 4661
7021 513 25668
7054 87 4369
7054 537 26892
7054 1009 50470
6663 19 952
7021 234 11716
7019 445 22278
7001 511 25593
7008 786 39308
7010 1162 58120
6426 20 1015
7010 1485 74251
7020 417 20896
7003 119 5953
7051 67 3365
7049 807 40396
7001 1134 56743
7010 1270 63520
7001 866 43348
5068 91 4584
7001 1101 55063
7026 381 19081
7010 513 25692
7026 52 2607
5019 108 5434
7003 123 6164
7046 22 1119
7017 827 41387
6981 128 6410
7054 166 8348
6632 55 2780
7016 152 7606
7003 960 48031
7004 1268 63422
7010 1562 78141
7013 238 11929
5195 29 1472
7055 739 36982
7023 1454 72704
7023 852 42635
7018 863 43173
7018 975 48768
6664 126 6314
7021 748 37440
5396 60 3035
7001 977 48888
7001 511 25561
7017 79 3984
6548 0 6
7013 205 10297
7014 662 33111
7014 1331 66563
7004 1208 60434
7019 437 21879
7021 456 22819
6968 2 120
7006 604 30218
7017 1748 87447
7018 178 8917
7055 230 11509
7048 125 6267
7017 824 41206
7017 1748 87433
7010 343 17198
7016 196 9801
7008 72 3627
7016 106 5344
7017 47 2377
7001 700 35029
7768 1 73
7006 486 24319
7014 10 528
6483 6 316
6211 71 3581
7049 46 2303
7010 513 25687
5370 52 2622
6407 95 4799
5019 113 5651
7003 1642 82110
7407 7 380
7025 609 30477
7012 1290 64550
6765 212 10639
7001 480 24035
7003 749 37498
6826 47 2355
7003 875 43797
7003 214 10722
7049 1469 73461
7010 220 11003
7010 1455 72787
7049 1161 58086
7020 346 17330
7012 19 982
7012 1447 72369
7010 19 985
6782 0 30
5036 25 1287
7049 1854 92724
7023 343 17166
7026 176 8812
7010 220 11028
7724 144 7245
7017 1163 58193
6991 69 3458
7012 442 22119
7014 367 18354
7003 932 46629
7022 126 6345
7008 583 29180
5564 191 9572
7357 47 2379
7006 85 4289
7017 1119 55955
7001 1080 54030
7022 126 6345
7645 138 6911
7010 1455 72779
7019 578 28945
7400 140 7010
6589 104 5209
7026 381 19065
7008 890 44540
7020 1580 79006
7023 300 15009
7008 1393 69690
7025 445 22257
7023 362 18126
7021 378 18919
7001 353 17688
7021 456 22809
6359 3 199
7049 649 32478
6934 15 775
7054 1273 63666
7014 326 16336
7054 537 26897
7023 1934 96739
7049 1744 87226
7021 761 38062
7004 118 5916
7008 1321 66054
5169 35 1766
7023 654 32732
7016 165 8253
7010 1270 63516
7018 602 30113
7021 32 1626
7046 35 1789
6043 173 8662
6036 32 1613
6779 28 1413
6426 23 1152
7014 34 1745
6420 43 2158
7014 1260 63012
6620 149 7453
7020 851 42568
7049 807 40396
7023 362 18120
7025 445 22259
5515 62 3139
6936 159 7964
5065 2 110
6923 34 1745
7023 510 25504
7707 7 385
7026 448 22440
7021 579 29000
7019 219 10959
7020 927 46367
7021 15 791
7008 146 7330
7001 210 10505
6827 110 5545
6340 168 8415
7004 1340 67018
7026 89 4498
7004 309 15497
7021 563 28180
7003 1317 65867
6107 21 1097
7020 972 48621
5013 5 299
7017 955 47787
6751 29 1481
7012 529 26463
5204 158 7901
5966 49 2500
7008 1110 55547
7012 1275 63794
7019 206 10342
7017 440 22020
7003 1032 51620
7008 734 36743
7026 108 5443
7003 1304 65222
7008 786 39309
7049 1222 61107
7013 40 2026
7010 1556 77848
6078 9 474
7012 708 35420
5557 24 1211
7003 1387 69385
7001 682 34142
7010 1270 63516
7014 1270 63530
7012 529 26477
7010 1366 68339
7012 892 44619
7006 85 4296
7008 146 7330
7008 145 7294
7049 1627 81382
7017 828 41426
6882 195 9786
7012 1126 56306
7004 1660 83008
7003 1734 86728
7026 774 38741
7008 1393 69653
7008 746 37322
7019 206 10317
6968 0 39
7001 480 24019
7018 863 43158
7001 1101 55072
7008 144 7229
7513 73 3666
7008 1393 69653
7018 399 19968
7055 690 34536
7010 84 4211
6324 93 4680
7021 32 1625
5042 48 2435
7054 944 47206
7054 875 43800
7023 1881 94099
7004 1622 81107
7010 1366 68306
7014 212 10618
7003 1375 68785
7008 133 6676
7025 435 21778
7023 1068 53447
6951 23 1181
7020 755 37752
7012 1290 64540
5339 94 4731
7003 852 42649
5229 10 517
6503 61 3090
6340 175 8780
6423 74 3704
7012 708 35448
7021 348 17434
5557 99 4971
6140 31 1594
7564 8 445
6827 109 5452
7004 1208 60434
7011 302 15119
7018 631 31563
6991 73 3697
7004 1319 65967
6366 17 855
7049 1750 87520
7012 288 14405
7003 43 2183
7054 1888 94448
6441 58 2946
7021 117 5861
6859 110 5512
6663 45 2268
7054 223 11176
7004 184 9226
7003 852 42649
7049 1627 81382
7012 1730 86524
7001 144 7229
7008 1393 69651
5000 38 1937
7017 877 43853
7054 1009 50470
7017 1458 72915
7054 1728 86436
7017 1119 55955
7003 1734 86736
7026 33 1691
7017 1163 58168
6930 20 1022
6923 33 1678
7025 609 30485
7013 206 10328
6923 34 1745
5996 27 1369
7004 1299 64987
7014 1623 81164
6589 110 5525
7010 727 36366
6785 21 1064
6031 219 10993
6616 28 1425
6446 127 6400
7003 1437 71895
7017 1591 79592
5380 2 126
7055 230 11502
7025 435 21780
7017 1723 86198
7008 1393 69651
6765 212 10610
7017 440 22016
7001 566 28307
7103 13 662
7003 411 20595
6035 7 364
6687 197 9866
6211 72 3611
7049 399 20000
7001 823 41157
7012 302 15117
7010 1562 78108
6697 96 4810
7021 15 787
7023 654 32710
7049 1672 83604
6954 6 346
7026 700 35049
5029 168 8450
7008 786 39309
7049 1161 58069
7020 1117 55868
6882 194 9706
5331 133 6664
6683 17 855
5547 72 3609
6812 1 94
7055 230 11538
7006 211 10576
7628 133 6665
7014 1062 53138
7008 146 7327
6319 30 1512
5459 5 288
5891 152 7643
7049 2015 100775
7008 72 3637
7022 97 4877
6689 26 1329
7003 336 16806
7054 348 17447
7017 1332 66643
5155 89 4478
7020 312 15629
7012 246 12348
7049 1161 58068
7019 578 28908
7004 253 12654
7001 977 48897
7017 225 11270
7010 8 412
6687 191 9568
6078 9 474
7054 320 16011
7048 38 1941
7054 1871 93575
7049 399 19979
7049 1417 70885
7442 0 15
6527 112 5624
7026 700 35043
5042 42 2107
6090 74 3739
5433 158 7944
7003 1032 51610
7012 1061 53059
7003 456 22809
7021 404 20202
5229 9 490
7014 429 21498
7003 336 16827
7023 805 40257
6918 68 3418
7014 1260 63012
6483 3 181
7010 1549 77492
7013 205 10270
7054 1441 72097
6426 22 1136
6483 1 56
7013 201 10071
6589 106 5314
7021 750 37537
7023 510 25510
6628 42 2104
7020 312 15618
7003 232 11635
7047 110 5532
6420 42 2117
7017 1119 55974
7012 1035 51784
6503 62 3140
6918 66 3340
6826 46 2319
7010 48 2420
7026 52 2607
7003 1437 71891
7049 696 34806
7001 566 28311
7023 1378 68921
7001 264 13249
7010 89 4470
7004 527 26380
7008 889 44456
7012 713 35666
7049 822 41126
6756 153 7675
5966 0 7
6503 61 3090
7054 537 26864
7023 1068 53409
7017 1723 86198
7001 264 13210
7023 300 15001
7010 1549 77470
6483 7 388
7003 400 20014
7017 681 34086
7023 930 46544
7014 1270 63516
6407 91 4571
7003 551 27578
7012 1549 77472
7012 708 35444
6951 28 1403
7014 1260 63024
7055 717 35899
7008 924 46235
6756 42 2139
7021 234 11740
7008 1029 51452
5965 31 1593
7003 400 20019
7010 1421 71056
7003 1032 51639
7023 1675 83791
7012 1290 64524
7054 1728 86432
7003 749 37455
5331 136 6830
7008 1078 53933
7001 1144 57240
7048 99 4979
7051 67 3396
7014 429 21458
7020 1051 52563
7019 373 18662
6689 34 1716
7003 1375 68758
6444 38 1940
7049 1927 96370
6952 101 5061
6378 2 128
6884 32 1632
5013 5 299
7048 35 1792
5487 51 2599
7055 230 11517
7019 91 4556
7023 1378 68943
7001 542 27111
7020 755 37789
7054 400 20021
7004 667 33357
6829 123 6158
7016 211 10551
6696 0 31
7004 184 9211
6663 175 8769
7004 1138 56913
4998 132 6637
7023 50 2521
7003 775 38777
7014 1270 63547
6199 75 3799
7017 225 11285
7023 343 17166
7008 1387 69373
7049 696 34806
7006 85 4296
6751 25 1262
5557 20 1003
7008 746 37322
7008 510 25515
5154 122 6133
7054 944 47223
7013 238 11929
7007 22 1150
7026 33 1664
7025 609 30487
7017 47 2399
7012 997 49881
7008 1244 62213
6923 36 1830
7013 238 11919
7049 1303 65196
7017 665 33284
7014 1411 70595
7014 1062 53140
7013 238 11947
7008 890 44515
6918 33 1698
7023 1579 78994
7020 755 37774
7017 225 11289
7010 651 32556
7012 1447 72367
7008 1348 67404
7054 87 4376
7021 750 37517
7025 203 10189
7014 1214 60707
7023 1579 78983
7014 1346 67346
7017 1119 55951
7026 634 31730
7021 557 27870
7012 713 35666
7014 1623 81197
5071 19 951
7025 72 3635
7012 990 49518
7049 46 2323
7054 400 20024
6334 3 152
5977 199 9957
7001 26 1347
6991 66 3301
7014 763 38168
7008 146 7324
7023 804 40219
7054 1878 93943
7003 336 16827
7012 1659 82973
7020 1258 62922
6918 37 1886
7049 1750 87506
6173 34 1749
7003 924 46215
7012 529 26490
7021 782 39108
7014 1640 82026
7019 213 10656
6572 59 2971
7021 466 23304
7004 253 12673
6059 49 2498
5013 5 299
7049 822 41122
7017 828 41416
7003 852 42624
7020 199 9963
7016 152 7608
5093 170 8516
7014 216 10834
7010 1485 74263
7006 324 16235
6583 15 774
5042 48 2435
6954 6 346
7048 27 1374
6319 30 1513
6934 16 827
7654 9 493
6616 25 1287
7003 413 20689
6300 122 6104
6366 76 3832
7408 121 6071
7012 1479 73995
6826 47 2355
5519 147 7352
7026 140 7035
6036 56 2839
7014 326 16344
7001 264 13215
7008 994 49726
7012 708 35411
7017 1002 50135
6503 60 3044
7724 144 7245
7008 133 6674
7010 220 11024
7019 578 28936
7016 106 5343
6572 167 8358
7054 400 20002
7023 852 42615
7021 18 903
7026 425 21276
7282 27 1365
7001 511 25592
7014 1728 86419
7018 863 43158
7055 684 34210
7020 504 25223
7004 654 32701
7023 1675 83782
5385 162 8117
6666 13 679
7008 103 5191
7026 531 26562
6589 106 5323
6140 35 1766
7021 32 1625
7021 761 38090
6829 126 6340
6170 36 1842
7025 385 19264
7020 1135 56755
7004 1275 63779
6340 174 8723
7020 950 47502
6102 38 1944
7023 300 15043
7016 165 8294
7008 1027 51381
7021 32 1627
7049 1417 70875
7020 1051 52563
7003 400 20043
7020 1824 91246
7008 226 11342
7001 542 27119
7010 651 32580
6334 10 545
7012 1061 53100
5605 57 2880
7654 10 530
6078 14 708
7055 827 41351
7001 210 10549
7020 1797 89879
7046 35 1757
6632 55 2780
7003 1318 65928
6527 113 5679
7023 1934 96739
7049 732 36611
7008 1244 62229
7049 1161 58071
7026 52 2606
6912 201 10063
5547 70 3549
7021 593 29663
7054 1290 64532
7020 207 10389
7003 700 35001
6837 3 188
7026 52 2607
7054 1778 88901
7003 1050 52520
7014 150 7527
7049 1303 65169
7004 347 17386
7400 140 7010
7049 2025 101269
7012 708 35418
7023 510 25524
7017 225 11294
7012 1290 64550
6021 188 9408
7018 602 30128
6696 0 31
7022 126 6312
7023 654 32749
6426 24 1242
7023 1346 67322
7008 1051 52580
5216 22 1140
7021 750 37542
7017 824 41224
5947 158 7909
7046 111 5552
7055 256 12848
7054 223 11194
7003 1734 86734
6078 9 474
6829 127 6397
7003 1437 71860
5487 51 2562
6628 42 2104
7023 1068 53436
7012 1479 73971
7025 609 30457
7004 184 9226
7013 40 2009
7006 324 16220
7008 583 29159
7048 125 6298
7019 31 1573
7054 348 17433
6959 122 6146
5515 63 3164
7054 875 43781
7003 1050 52543
7047 109 5491
7019 31 1554
7299 24 1220
7020 1725 86264
7048 125 6258
6981 128 6404
6749 44 2236
7017 1536 76846
6837 7 394
7001 144 7217
6366 79 3954
7018 631 31578
7049 700 35006
7004 347 17378
7003 1304 65202
7018 178 8911
7012 781 39100
7023 238 11941
7023 1221 61098
7021 422 21145
7003 119 5957
7054 1944 97223
6956 198 9912
7004 1340 67009
7021 295 14796
6975 57 2860
7115 43 2163
7003 1413 70653
7013 187 9357
6959 125 6257
6528 13 655
7004 527 26400
7017 522 26104
7054 1455 72799
7055 717 35853
7014 367 18398
7023 1286 64313
6031 102 5136
6916 123 6178
7003 875 43770
7022 126 6315
7001 1080 54012
6616 23 1186
7012 1126 56321
7017 1723 86178
7011 302 15122
6663 17 861
7682 16 817
7001 700 35020
7020 927 46360
7003 1449 72474
6211 206 10349
6882 153 7689
6616 28 1434
7049 2015 100784
6785 14 731
7014 429 21498
7054 1157 57880
7049 399 19953
7014 653 32689
5339 96 4811
7054 1480 74021
6616 23 1186
6923 36 1830
7023 1249 62475
7012 324 16231
7006 324 16246
7001 977 48863
7025 385 19274
7014 1346 67346
7003 43 2199
7001 732 36611
7003 643 32166
7001 511 25561
7025 295 14777
7023 1795 89777
7054 1944 97249
6616 20 1034
7010 48 2418
7018 481 24088
7504 145 7275
7054 598 29937
7011 302 15140
6696 5 282
7004 1525 76297
5586 140 7017
7017 522 26144
7020 199 9963
5452 45 2276
7055 354 17732
7021 750 37515
7020 207 10367
7017 440 22008
7400 140 7007
7023 1068 53436
6321 73 3673
6837 5 289
7019 373 18692
7020 1824 91231
5136 61 3053
5169 34 1742
7504 20 1031
7010 579 28999
7008 72 3609
7020 1903 95175
5013 22 1130
7021 18 903
5487 51 2562
7049 1934 96727
7017 675 33796
7006 440 22039
6664 182 9109
7020 1884 94201
7017 955 47772
7010 610 30513
6631 32 1609
7001 1025 51291
5370 53 2682
7054 1710 85529
7004 206 10312
7018 41 2089
7008 144 7203
7004 347 17372
7026 774 38728
7023 1378 68943
7012 794 39706
7003 456 22814
7026 634 31712
7001 208 10405
7017 675 33759
7018 147 7365
7003 80 4041
7023 556 27847
7021 471 23556
7019 479 23982
7025 609 30493
7018 116 5835
7003 1437 71854
7054 1728 86423
6991 71 3598
7417 27 1391
7022 97 4862
7023 343 17175
7001 1134 56716
6340 174 8701
7004 1023 51167
7003 1044 52226
6324 90 4549
6081 4 225
7020 504 25236
7017 440 22020
7017 681 34061
7014 1270 63506
7054 1157 57865
6663 174 8720
7023 50 2506
7023 930 46544
7010 48 2405
7054 1944 97205
7049 988 49416
7018 776 38814
7012 1126 56336
7023 50 2542
6334 4 204
7010 651 32561
5783 97 4883
7054 1269 63492
7020 1321 66100
7021 348 17404
6991 68 3416
7023 1548 77424
7020 1669 83476
7017 1004 50244
7001 376 18810
7010 1556 77835
6483 7 373
7054 537 26881
7019 286 14334
7023 569 28457
7021 692 34629
7049 1055 52792
7017 875 43800
7012 1641 82085
7012 1479 73967
6528 11 553
6366 76 3832
7003 1044 52228
7026 108 5425
7049 1366 68336
7020 1762 88133
6036 54 2730
7048 81 4091
6106 49 2491
7014 1346 67342
7018 631 31578
7003 1304 65245
6420 43 2158
7010 19 973
6359 6 321
7021 348 17443
7341 18 937
7020 1580 79030
7302 83 4166
7003 119 5953
7049 1627 81391
7003 1413 70664
7010 1049 52471
6837 7 383
7026 700 35030
7017 665 33277
6992 11 588
7020 1903 95191
7004 1525 76294
5380 0 50
7017 1232 61603
7010 1556 77825
7017 1459 72961
7018 178 8948
7001 998 49932
7017 419 20990
7010 1562 78127
7048 81 4071
7003 960 48038
7020 1051 52595
7054 1778 88907
7054 1159 57992
6881 105 5280
7010 8 413
6663 41 2097
7054 643 32164
7014 1640 82005
7048 27 1367
6635 1 96
7006 85 4282
7006 337 16866
6826 44 2247
7054 1250 62543
7012 19 955
7001 700 35008
7049 1934 96707
7017 474 23704
5487 51 2562
7017 522 26118
7026 654 32729
7014 515 25779
7018 570 28522
7016 196 9841
7014 1003 50193
7017 875 43781
7021 456 22819
7014 749 37484
7013 187 9385
7008 133 6697
5340 98 4935
6923 32 1605
6664 182 9129
5977 199 9957
7003 214 10714
7020 1852 92603
7017 827 41387
7012 892 44628
6951 29 1479
6382 191 9579
7049 1469 73476
5977 201 10095
7054 1888 94440
7006 85 4296
7017 827 41372
7055 739 36968
7008 1464 73233
7003 1513 75663
7019 210 10510
6632 55 2780
7003 1346 67340
7013 205 10251
7023 77 3876
6829 129 6465
7023 1579 78970
6881 137 6853
7049 1366 68311
6882 154 7725
6991 65 3298
6319 29 1461
7008 1110 55512
5185 78 3938
5586 147 7358
7004 527 26390
7023 1346 67343
7020 331 16558
7003 31 1561
7008 195 9756
5157 100 5046
7001 353 17653
7026 654 32735
7012 19 991
7020 1669 83478
7054 1944 97215
6615 175 8754
7016 41 2068
7003 1050 52535
5106 180 9013
7018 570 28505
6162 215 10756
7004 1121 56069
7023 300 15001
6031 101 5073
7001 1080 54027
5000 37 1887
6366 79 3954
7026 728 36435
7017 665 33256
7008 1393 69652
6918 37 1862
7013 205 10271
7003 456 22838
7006 324 16235
7021 466 23314
6211 70 3543
7004 1340 67018
7008 833 41670
6098 47 2382
7023 1548 77436
7021 404 20234
5093 169 8495
5169 34 1742
7008 195 9793
7023 1346 67322
7014 653 32653
6683 11 575
6936 160 8039
7010 1049 52468
7003 1318 65910
7017 828 41424
6036 53 2664
6426 24 1242
7010 1421 71088
7016 106 5330
7018 776 38827
6756 41 2065
5783 85 4280
7055 684 34205
7023 337 16870
6211 207 10390
7003 1449 72498
6140 28 1410
7023 1937 96887
7055 490 24522
7049 931 46559
7010 1562 78141
6828 166 8323
7023 1221 61097
7003 784 39228
7017 331 16569
6812 6 303
7008 924 46227
6199 75 3799
5605 57 2880
6080 89 4498
7049 988 49449
7017 681 34081
7020 1903 95192
7019 466 23313
7010 651 32570
7054 1888 94406
6785 19 951
5169 37 1869
7017 994 49724
6170 30 1507
7055 230 11538
5169 35 1766
6955 206 10333
5229 6 338
7022 126 6306
7006 337 16856
7003 1387 69377
7004 1525 76263
6683 11 571
7049 1750 87532
7001 228 11407
6162 216 10822
7014 150 7527
5519 142 7102
6779 28 1413
7055 43 2196
6340 168 8415
7049 1967 98391
6837 1 95
6527 104 5230
7010 1447 72392
6340 176 8809
7055 457 22891
7023 204 10220
6043 173 8662
6923 33 1678
7020 755 37789
6882 211 10589
7006 558 27915
7020 1117 55882
6031 219 10994
7013 187 9361
7055 629 31492
6829 128 6438
7004 1340 67013
6288 47 2357
6827 108 5428
7010 1421 71088
7016 41 2067
7010 166 8336
7020 574 28739
5564 189 9485
7054 643 32162
7017 47 2377
7020 1580 79021
7012 997 49896
7020 851 42593
7054 1441 72077
6614 157 7876
7006 558 27936
7010 1042 52103
6031 219 10994
6653 125 6295
7388 17 870
7055 569 28459
7017 1591 79563
5331 133 6664
7019 286 14330
7006 486 24310
7020 1725 86253
7020 417 20865
7055 174 8738
5195 29 1472
7018 519 25975
6503 58 2913
7008 890 44547
7017 225 11262
7055 684 34233
7023 1881 94051
7003 119 5951
7017 1536 76820
7017 225 11294
7020 1051 52586
7049 696 34822
6934 15 786
7006 486 24310
6527 105 5292
7017 828 41401
6829 129 6465
7003 336 16815
6882 154 7725
7017 1002 50135
7008 146 7332
7014 216 10850
7003 1387 69385
7054 1455 72799
7019 445 22272
7282 34 1714
7011 302 15103
6664 182 9109
7025 295 14800
7012 1549 77464
6338 110 5508
7049 154 7732
7003 1044 52228
7010 48 2407
7054 1710 85542
7017 775 38786
7049 1927 96379
5340 93 4688
6756 42 2138
7025 88 4441
7001 542 27138
6426 22 1136
6826 49 2480
7054 875 43765
7019 445 22251
7003 1346 67328
6968 0 17
7025 88 4407
7003 1050 52535
7003 1743 87167
7020 312 15637
7026 108 5429
6960 169 8462
7021 761 38062
7010 1366 68328
7017 474 23730
7049 1161 58069
5339 90 4546
7004 1622 81107
7023 467 23385
7018 178 8909
7049 1216 60850
7014 1728 86442
7026 108 5434
5000 40 2004
7012 246 12324
7001 1134 56744
7014 429 21492
7003 1339 66976
7049 2015 100771
6483 9 466
6959 119 5974
7046 41 2099
7014 367 18379
6426 22 1136
7049 1055 52782
7003 1375 68755
6829 127 6397
5093 170 8516
7010 610 30526
7003 232 11635
5036 28 1422
7010 1343 67189
7054 1728 86436
7017 994 49722
7369 20 1039
6664 118 5923
5516 25 1279
7019 157 7896
7003 1413 70663
7054 912 45634
6954 6 306
7017 827 41374
7135 71 3555
7001 376 18840
7017 656 32840
7008 102 5114
7049 1967 98375
7049 1627 81386
7021 773 38673
7003 480 24050
5487 51 2599
7014 326 16314
7012 997 49882
7055 256 12832
6319 44 2212
5441 88 4426
7020 1725 86264
7020 1852 92645
5331 133 6664
6375 120 6006
7010 1447 72382
6036 54 2712
7008 994 49737
6956 197 9861
7001 480 24037
7020 903 45158
7006 471 23566
7025 435 21762
7020 1612 80611
7003 1346 67301
6420 43 2158
7055 354 17707
7010 246 12305
7020 851 42574
7054 1611 80599
7021 466 23332
7001 264 13207
7023 1776 88829
7008 1051 52567
5013 28 1409
7054 1778 88901
7014 429 21458
6589 113 5653
6548 0 37
7014 429 21492
7018 147 7386
7017 675 33766
7021 556 27802
7049 732 36644
7049 1744 87240
7001 732 36620
6955 209 10466
7051 67 3365
7006 337 16894
7010 1545 77293
6785 21 1091
7054 1273 63680
6837 9 459
6956 194 9730
7021 466 23301
6696 0 31
7008 510 25515
6050 2 102
7010 1366 68304
7019 466 23321
6423 76 3802
5487 56 2803
7008 1464 73236
7001 210 10516
7021 404 20234
7020 504 25207
7003 1449 72458
7006 558 27927
6656 42 2102
7017 359 17978
7016 152 7624
7026 133 6671
7049 2025 101261
7055 230 11502
6090 35 1769
7018 481 24093
6407 91 4571
6765 212 10610
7003 700 35008
6319 46 2328
7003 875 43766
7021 557 27864
5459 175 8785
5515 63 3164
7023 337 16870
7003 1339 66992
7008 145 7252
7003 775 38754
6211 206 10349
7049 1750 87501
6615 170 8541
6319 47 2372
7003 1318 65925
7003 1449 72500
7004 1138 56913
5155 89 4500
7012 324 16203
6572 56 2849
7048 99 4951
7017 1232 61623
7008 1027 51377
7025 445 22273
6503 58 2913
7054 1269 63476
7003 1339 66993
7049 1469 73482
7019 118 5939
7049 1854 92705
7018 147 7396
7003 1437 71895
6960 166 8348
7004 514 25730
7019 210 10523
7023 654 32710
7001 185 9264
7004 514 25730
7012 302 15141
7020 1349 67451
5331 136 6827
7008 510 25515
7003 749 37498
7008 226 11306
7054 1710 85542
6362 102 5109
6503 60 3044
7049 1934 96734
7017 1133 56665
7023 1454 72724
5977 192 9644
7055 354 17741
5154 124 6247
7001 264 13240
7010 89 4478
7019 31 1571
7001 998 49932
6827 101 5100
6334 3 154
5541 49 2487
6050 7 399
7054 239 11963
7014 1640 82026
6362 83 4166
7020 1117 55878
6589 109 5462
7021 748 37419
7025 250 12538
7020 1827 91360
7020 331 16568
7003 1449 72474
7003 1433 71667
7669 113 5669
6589 100 5013
7014 867 43377
7013 206 10343
6683 11 579
7046 18 948
7004 1208 60434
6483 8 415
7008 633 31683
7019 230 11543
5013 5 299
7006 588 29446
7012 19 982
6441 61 3070
7003 643 32161
6420 43 2189
6628 42 2104
7054 1577 78891
7736 15 790
7017 448 22418
7026 728 36435
7010 48 2425
7054 912 45629
6423 75 3771
7049 924 46203
6827 108 5440
6162 216 10822
7049 1750 87538
7003 232 11635
7014 1121 56100
6340 176 8809
6401 13 695
7004 206 10322
7026 176 8828
6689 29 1465
5624 21 1055
6420 48 2402
7012 529 26463
6751 23 1161
7014 367 18352
7049 46 2340
5036 21 1086
7008 144 7224
7017 419 20955
7010 1447 72371
6663 176 8823
7012 1479 73967
7019 210 10502
7023 654 32749
7008 280 14046
7049 1161 58099
7054 1888 94450
7020 1117 55868
7049 2015 100789
7003 875 43770
6955 205 10261
7049 1744 87218
6080 94 4711
7004 1340 67013
6632 55 2780
7055 690 34507
5459 9 488
7010 138 6926
7013 40 2046
6829 128 6438
6951 22 1103
7025 435 21763
7008 1387 69398
7020 1117 55868
7004 1624 81232
7023 1795 89793
7014 515 25765
7049 1934 96741
7012 997 49851
7019 445 22259
7006 471 23591
7014 34 1714
6951 22 1103
7026 176 8817
5108 97 4884
7019 466 23308
7054 537 26892
