16986 38 1926
14205 12 642
13767 50 2528
17057 80 4042
16158 6 323
17186 32 1631
14756 63 3180
15792 222 11105
14067 58 2904
14464 66 3342
14981 199 9989
18935 71 3575
14438 179 8974
16499 225 11258
14802 301 15051
14080 140 7049
16107 33 1695
15426 151 7552
16491 14 722
17479 26 1311
17243 13 651
15415 65 3284
16506 5 295
17524 137 6873
16021 478 23943
15420 7 359
15128 209 10496
15101 76 3822
18026 166 8335
18021 655 32791
18645 68 3450
17302 64 3212
17004 242 12133
16013 212 10617
14186 207 10352
18031 291 14597
14690 26 1326
18010 225 11296
16726 85 4270
17479 6 315
14899 285 14259
17307 4 209
18021 454 22711
18044 329 16477
13897 39 1987
14067 100 5034
18026 187 9359
17840 242 12110
13763 132 6611
13896 31 1585
16389 64 3250
18492 323 16177
17545 10 501
16158 108 5417
14956 60 3001
17195 209 10459
17648 13 693
14062 56 2820
16894 224 11211
18692 299 14987
17769 26 1341
14771 34 1711
14375 138 6931
17631 7 376
17208 69 3468
17243 86 4312
17869 42 2139
14914 33 1678
15517 24 1212
16513 15 778
15722 89 4460
17596 46 2310
18021 283 14156
14545 112 5628
14592 81 4085
16978 298 14902
17620 241 12077
15125 134 6725
15360 137 6898
14959 31 1580
16162 72 3624
14729 115 5752
17166 5 273
17004 240 12001
14096 66 3337
16205 314 15722
17667 71 3598
18678 338 16902
17177 10 516
18035 183 9151
16286 473 23688
16948 103 5200
14392 24 1201
16158 32 1619
17352 290 14528
14030 104 5209
14438 254 12710
13937 40 2015
18794 362 18144
17847 57 2873
18954 271 13591
15859 109 5467
14558 147 7396
15592 59 2997
17090 64 3246
18021 422 21119
18469 44 2226
18717 39 1981
18685 29 1456
14067 147 7389
15382 78 3942
18048 89 4465
18048 260 13033
17987 138 6944
14917 3 191
15828 443 22172
15730 0 11
15396 145 7295
14310 1 57
18005 229 11466
17144 101 5099
18245 186 9349
14977 15 751
14467 162 8149
16491 14 722
15423 38 1941
14418 139 6967
15808 31 1561
14059 84 4213
15952 134 6704
18482 25 1254
18923 243 12185
17352 44 2249
17162 171 8557
16172 419 20974
16101 81 4060
14332 75 3773
17414 190 9526
18931 50 2528
17489 147 7356
17164 112 5639
18733 41 2070
18927 91 4580
13702 58 2937
17053 91 4556
13707 126 6327
15774 343 17154
18054 447 22384
15880 26 1325
17724 50 2537
14882 92 4634
18959 17 867
17566 160 8035
13803 195 9793
18724 33 1677
18753 124 6224
14729 31 1560
13721 60 3028
14438 74 3721
13739 21 1055
17390 21 1095
14458 102 5139
15931 0 45
15074 15 782
18225 93 4666
15130 26 1318
18040 43 2165
14446 11 573
18495 102 5141
16867 40 2018
14205 27 1364
16920 9 467
18760 150 7504
14550 188 9426
14729 188 9403
14784 9 488
14965 141 7066
18713 14 747
14067 30 1518
18021 77 3894
17578 11 558
17053 113 5684
16778 77 3852
17091 27 1395
14401 91 4569
18615 150 7517
17620 69 3474
16021 433 21671
15867 142 7129
15593 44 2243
14007 121 6068
15004 12 624
15160 258 12922
15166 350 17542
18024 573 28681
13864 15 763
17615 4 218
16013 20 1011
14059 84 4213
16051 200 10019
13907 16 837
14007 84 4216
18927 45 2276
14172 46 2310
16960 47 2400
15894 118 5904
18714 175 8795
17132 205 10258
14550 288 14424
17840 369 18480
15161 186 9317
17693 42 2116
14165 54 2749
15409 52 2636
18218 253 12698
17592 125 6298
14617 32 1624
16271 82 4134
14043 39 1958
17563 79 3964
14413 2 111
13739 19 991
17990 129 6490
17255 24 1224
15507 4 226
16847 0 7
18794 85 4256
14009 97 4883
14431 47 2366
14362 75 3786
14413 2 111
16221 23 1183
17169 298 14924
15927 82 4124
16506 124 6243
18733 41 2052
16028 421 21100
17965 11 570
14729 89 4493
15652 20 1019
15961 70 3549
15492 28 1429
14186 194 9745
17352 44 2249
18673 159 7972
16339 159 7962
17030 93 4674
17111 182 9147
15492 28 1429
16847 0 34
14729 57 2877
18225 449 22454
18714 179 8996
16852 197 9887
18733 50 2530
15986 42 2114
16169 113 5674
18603 170 8521
14186 15 767
16199 27 1370
15783 213 10695
16994 169 8491
17851 173 8685
14313 270 13515
14882 143 7157
17354 40 2032
18054 264 13242
18495 102 5141
17355 78 3918
16584 94 4709
18235 247 12367
18021 454 22746
15478 358 17930
16172 471 23589
16119 13 697
15179 22 1102
17662 129 6495
15873 123 6189
14112 59 2956
18021 370 18538
15440 44 2216
15246 126 6339
17684 154 7731
17312 203 10159
17661 29 1458
18793 31 1576
17861 396 19806
15174 58 2926
15965 497 24868
14550 10 532
18793 56 2829
14335 160 8008
14874 8 406
17615 4 218
15507 2 123
15961 188 9436
15166 70 3531
16060 173 8676
14259 82 4103
17166 8 434
14550 301 15100
17323 27 1378
15130 30 1521
18603 256 12823
16271 8 412
17524 41 2085
15466 256 12808
14165 122 6135
18784 3 185
13937 40 2015
17614 35 1753
16266 199 9973
16221 1 64
14229 82 4115
14882 169 8468
18463 177 8888
17108 25 1288
13982 34 1704
18515 57 2895
17598 18 941
17560 41 2081
15111 289 14466
14553 197 9894
15004 1 64
15595 13 682
14038 93 4678
18286 111 5562
17349 6 347
17853 2 119
16121 75 3781
17990 64 3245
15246 124 6235
15174 105 5271
18926 106 5338
18794 113 5651
16205 104 5244
13862 153 7652
14603 15 792
17383 115 5787
16520 37 1864
18748 151 7573
14807 300 15022
15701 332 16623
16021 433 21671
14455 147 7355
18202 89 4459
15114 28 1425
15873 256 12818
14372 63 3168
18225 79 3994
17467 80 4029
17683 89 4483
14924 135 6790
15593 139 6951
15588 297 14857
13736 177 8856
18235 30 1509
18286 97 4868
17655 393 19654
18048 379 18997
14209 125 6276
16894 20 1046
16529 73 3678
18024 291 14557
16499 233 11685
16221 31 1591
18765 60 3006
16169 362 18149
17354 20 1038
14306 145 7267
14007 121 6098
16169 78 3938
16158 260 13023
16158 345 17294
17869 44 2244
17246 2 122
17544 8 433
16104 55 2773
14291 138 6904
17095 16 830
17978 47 2386
14562 71 3565
18482 21 1051
17383 115 5787
16433 25 1254
18673 13 668
15961 71 3562
15851 92 4626
16272 320 16049
15492 32 1634
15952 132 6646
13707 5 268
14760 3 166
14690 25 1260
15873 200 10030
18958 10 516
14108 110 5515
16021 478 23943
16845 117 5854
17186 32 1631
18021 429 21489
14611 222 11126
14583 69 3486
18782 72 3647
16221 38 1944
17132 91 4584
14080 115 5799
13762 260 13048
14159 183 9176
14801 30 1513
14067 15 789
17210 230 11534
18760 149 7486
17307 126 6321
13991 46 2305
15116 117 5899
18678 327 16370
17849 16 841
15267 163 8199
18032 242 12136
17493 214 10704
14024 24 1235
18659 109 5483
15588 297 14857
14690 17 883
14067 57 2885
16750 1 95
14438 22 1123
17544 7 380
16119 463 23166
14985 64 3222
15410 77 3872
17592 93 4675
14220 39 1961
17090 64 3246
17620 13 652
15762 80 4004
15417 7 396
17349 46 2327
18495 82 4146
17098 64 3206
17560 56 2819
15677 229 11489
18637 138 6924
17451 326 16331
17739 19 966
13937 60 3014
16101 44 2227
18790 336 16830
18685 9 453
18955 117 5851
18761 40 2037
14436 300 15049
15715 34 1746
14107 89 4476
15713 294 14713
16891 154 7712
17621 175 8796
18286 111 5591
16679 12 624
15177 20 1020
15931 42 2138
18673 52 2604
17678 37 1897
15900 138 6912
15099 26 1331
18010 232 11648
17367 90 4540
16749 79 3986
14146 55 2771
16169 333 16688
18677 142 7149
15762 193 9697
17846 131 6580
18935 31 1583
17724 34 1733
18773 28 1407
18933 95 4788
16109 29 1474
16298 110 5524
14766 7 358
15312 67 3352
18761 40 2037
16960 47 2400
14560 5 285
18272 29 1477
18574 349 17485
16935 188 9430
14939 60 3013
16339 207 10379
16962 290 14507
17631 20 1021
14220 39 1962
14766 7 374
15828 367 18362
15851 92 4626
13913 91 4572
17869 44 2219
13896 70 3550
14873 41 2059
16356 17 862
14212 184 9234
14220 39 1962
17322 53 2655
17344 118 5927
14736 256 12802
16504 149 7457
16778 73 3674
14455 95 4791
17255 4 203
18872 1 89
15800 206 10327
16216 88 4421
17422 26 1342
17204 43 2176
15894 185 9260
17383 412 20607
17761 63 3199
16950 84 4214
13739 19 991
17684 44 2228
16524 389 19498
18225 79 3957
15697 29 1471
14112 190 9510
13792 42 2104
15469 273 13666
14888 217 10876
17691 55 2763
16162 0 50
14350 2 103
14677 29 1499
15423 41 2051
18713 4 215
17091 63 3170
18482 25 1296
17367 18 911
14038 39 1977
15403 149 7471
13913 55 2792
18935 95 4799
14310 1 57
18731 109 5469
17029 179 8999
15917 285 14255
13709 114 5705
16052 208 10445
15479 33 1666
14592 69 3490
15928 53 2696
15222 54 2720
14209 79 3955
14108 88 4426
16821 208 10433
15783 215 10753
18018 43 2194
14291 25 1268
16159 158 7945
15828 249 12493
14413 0 35
17091 64 3230
18218 160 8003
13807 98 4916
15762 253 12657
14874 239 11965
17220 23 1199
18021 536 26826
17036 433 21699
17847 120 6032
18032 270 13504
15915 129 6466
16169 362 18106
17684 75 3780
13792 65 3284
14603 15 792
13702 141 7083
17596 6 314
13809 135 6759
17213 81 4063
14281 158 7902
14458 25 1295
15463 246 12350
14975 102 5141
13970 29 1484
15783 362 18115
13715 92 4601
15391 285 14298
15491 330 16504
17204 108 5409
18267 3 166
15883 39 1951
13719 50 2505
17956 251 12584
13701 74 3734
16818 96 4845
17853 45 2296
17521 84 4211
15477 7 373
15183 40 2047
17137 61 3058
15466 256 12837
13942 75 3761
17306 68 3432
17383 416 20806
18678 317 15895
17724 53 2656
13861 127 6385
16894 5 286
18615 438 21945
15862 5 293
17663 21 1074
14907 181 9080
17514 86 4341
16444 83 4154
17030 93 4677
14873 41 2059
17111 212 10616
18679 105 5276
16529 33 1660
18882 106 5340
14583 5 260
15867 10 511
18765 183 9189
17853 7 400
14553 190 9521
18779 86 4345
13712 74 3711
16232 86 4327
14080 240 12026
14569 77 3897
15154 74 3724
18228 187 9380
17985 229 11488
14558 147 7396
18753 49 2489
16540 15 760
17493 214 10704
15403 149 7474
14569 77 3897
15966 369 18456
15116 282 14141
18244 279 13973
16107 58 2928
14639 39 1988
15469 291 14589
17029 99 4970
15792 222 11148
16216 88 4421
17503 233 11673
16158 66 3343
17874 57 2874
16826 193 9684
16867 100 5017
15900 138 6912
18497 351 17568
18048 186 9335
16874 403 20189
16847 4 203
14631 27 1362
17545 10 501
18021 386 19342
16741 347 17355
15386 38 1942
14549 141 7053
14639 39 1988
18034 62 3102
13929 12 650
16119 186 9314
15785 155 7780
17128 108 5401
14281 52 2618
17684 150 7516
13937 40 2015
17731 20 1008
14446 11 573
15676 184 9236
17364 93 4684
18021 514 25705
15257 6 303
14977 15 789
17955 206 10319
18954 328 16431
13937 58 2929
14062 5 271
14038 64 3236
17401 11 589
18765 60 3016
14607 67 3358
18577 291 14576
16112 474 23723
18701 8 425
15639 176 8820
14874 160 8016
15955 24 1226
18044 230 11539
18685 238 11921
16935 101 5055
14631 27 1362
14598 46 2303
15961 352 17649
18954 3 160
17435 16 831
15762 147 7376
18782 52 2618
18752 161 8067
17414 40 2038
17478 87 4382
14726 60 3050
15339 126 6347
18646 2 113
16753 112 5643
14551 50 2549
17560 138 6941
16107 86 4332
16021 302 15119
17620 227 11371
14067 47 2373
18753 124 6250
14891 179 8984
15697 60 3017
18062 234 11702
17349 104 5207
17686 274 13750
14067 57 2889
16119 273 13699
15386 23 1156
17144 22 1133
16499 224 11221
18615 438 21945
15079 26 1302
14924 135 6787
15122 62 3102
14686 79 3998
18779 77 3881
16089 372 18610
16960 3 187
18673 92 4650
18935 257 12871
15794 119 5971
13773 249 12458
18021 637 31896
13945 285 14264
17591 67 3384
18764 42 2115
15639 169 8492
15222 99 4975
15397 152 7627
16094 534 26705
18612 93 4670
17965 255 12794
14985 64 3211
17383 412 20602
15074 15 782
13799 40 2034
17592 76 3804
15396 38 1948
13770 10 529
15428 252 12619
15114 98 4928
17098 64 3225
16551 328 16431
14874 178 8945
17793 41 2064
17239 187 9387
15901 183 9154
17615 4 218
16275 108 5436
16875 22 1102
18229 41 2068
18026 180 9042
14789 70 3533
18765 183 9193
17196 57 2899
18910 157 7877
18923 162 8134
15952 132 6609
16118 79 3963
18516 364 18240
15014 146 7306
18039 175 8761
14874 178 8906
16089 372 18641
15682 106 5305
17033 70 3545
15517 71 3573
15970 93 4665
15766 24 1240
14124 176 8818
13935 227 11399
14965 203 10178
16036 471 23578
17641 31 1561
14975 102 5141
18931 90 4510
15491 46 2348
14117 12 644
18665 329 16456
15783 263 13176
14375 73 3684
17169 322 16141
17521 50 2510
13929 10 508
13982 109 5469
15917 285 14255
18228 125 6292
16205 298 14913
16281 74 3718
17858 64 3201
17344 118 5913
17840 132 6645
13739 19 952
13945 246 12329
17493 95 4794
17514 86 4341
17503 128 6414
14030 116 5812
14789 70 3533
17853 2 119
15125 134 6725
18631 54 2741
14569 159 7995
14335 232 11643
17514 3 169
17144 21 1085
14067 192 9607
17791 48 2445
14981 63 3181
17524 127 6383
18615 319 15957
17596 33 1686
16221 4 201
17865 55 2751
15395 95 4751
14229 82 4115
14582 1 86
16894 89 4478
14124 108 5424
15136 92 4635
14259 9 474
18034 62 3116
16579 76 3811
16013 212 10623
17095 16 830
15231 157 7865
16172 465 23283
18910 140 7024
18218 174 8740
14458 37 1861
18052 49 2465
15222 99 4975
18057 137 6877
15098 47 2361
14736 256 12802
16021 219 10980
17661 50 2530
13993 79 3970
17667 85 4288
15593 178 8934
15398 228 11425
14107 89 4458
14610 273 13673
18574 340 17017
14592 81 4061
16281 433 21651
14531 35 1783
16228 158 7941
14708 24 1212
15783 233 11683
18692 299 14987
14985 10 538
14590 92 4641
16731 165 8281
15851 92 4621
14725 118 5902
15106 208 10420
16753 112 5611
13911 140 7039
16038 192 9601
16028 226 11345
15933 290 14511
14220 45 2288
17204 108 5409
17087 316 15811
17166 7 355
17503 247 12383
14080 240 12024
17217 70 3549
14399 17 851
16845 199 9971
13708 71 3584
14080 140 7049
17847 277 13865
17853 7 400
15916 290 14529
18225 561 28079
17763 12 630
16023 336 16823
14580 143 7187
16222 54 2722
14362 33 1667
17164 78 3923
14690 25 1267
14772 142 7132
18021 514 25719
14401 91 4554
18044 329 16458
17990 100 5020
17365 29 1462
15395 89 4461
16529 30 1550
17164 78 3903
18048 352 17611
18955 222 11105
14736 271 13569
13803 16 806
14079 166 8333
15851 19 995
17030 44 2224
16994 37 1883
14209 120 6042
17390 21 1100
18218 341 17089
14021 75 3786
14431 62 3148
18646 78 3944
18697 238 11904
15128 229 11498
17955 72 3644
16731 491 24579
15800 48 2429
14124 155 7795
14611 182 9120
18202 89 4459
17691 19 953
14956 309 15457
17169 23 1187
13721 60 3028
15931 14 743
15469 32 1646
17367 18 941
14446 18 912
15806 121 6055
17972 39 1951
18882 58 2905
17312 203 10159
14877 232 11614
16753 112 5618
14739 5 292
13895 42 2127
15774 490 24537
15762 63 3160
14768 6 304
14392 96 4815
16250 36 1828
15417 2 114
17500 60 3021
16387 45 2275
16172 121 6095
15274 35 1789
18514 105 5276
16158 32 1619
15136 92 4635
15762 330 16544
14743 44 2244
15479 33 1699
17217 70 3504
14043 20 1030
16169 64 3210
16877 16 802
13787 23 1177
14882 92 4634
17367 42 2150
14030 58 2921
15267 163 8196
14297 138 6915
14124 155 7779
15931 521 26051
18665 250 12549
14080 205 10275
16112 487 24400
16243 174 8741
18021 77 3899
13907 16 808
15986 234 11713
17955 206 10319
17500 67 3381
15086 184 9239
17524 101 5095
17591 86 4350
17169 322 16141
15923 451 22592
17955 206 10319
15086 30 1505
14455 38 1907
18026 166 8335
17955 68 3419
17983 27 1363
17410 2 141
15106 240 12006
17727 38 1909
18794 7 365
17169 383 19157
15828 319 15960
17220 23 1199
17472 17 896
17987 80 4013
17754 75 3777
14607 47 2365
15386 96 4820
13709 18 923
14749 63 3197
13725 126 6349
14377 130 6547
15722 89 4460
17630 96 4847
18692 139 6968
17328 29 1484
17367 90 4540
16825 99 4977
18005 180 9028
16172 380 19021
15222 99 4976
15099 118 5948
17387 10 514
14335 232 11609
17853 7 400
16499 188 9447
13913 142 7122
17369 26 1317
14592 69 3484
14124 203 10178
14334 72 3622
15416 77 3894
14007 126 6340
15862 180 9040
16172 105 5290
15873 256 12818
15846 112 5635
14117 12 644
17986 10 510
18795 1 73
13720 10 512
13935 227 11399
18032 186 9323
18228 125 6292
17407 141 7092
17620 227 11384
17325 5 263
14040 28 1427
14998 17 859
16726 16 821
15353 164 8243
14108 121 6076
17666 212 10633
14768 190 9529
18954 250 12519
18031 225 11291
16158 32 1619
17614 211 10577
14828 198 9937
15456 184 9214
17985 181 9096
14690 21 1096
14117 12 644
14603 88 4419
16169 220 11036
17528 24 1227
13791 97 4896
16752 10 501
13763 93 4674
17210 198 9942
18225 24 1208
16281 85 4270
18021 77 3851
16529 33 1660
14924 93 4652
14549 217 10872
15960 300 15015
14068 68 3407
14062 263 13194
17691 19 953
13767 88 4407
17727 38 1942
14749 223 11164
18794 56 2843
13791 122 6124
17108 25 1259
18031 291 14584
17678 6 340
14428 188 9432
14993 66 3308
18527 716 35803
15322 149 7475
18244 143 7188
17974 255 12761
16852 316 15830
18024 366 18343
14580 23 1180
17978 126 6319
15592 8 407
18631 62 3102
17414 40 2032
15166 335 16760
18021 386 19340
15430 57 2895
17726 83 4171
14080 169 8466
14824 231 11557
13803 195 9783
18935 383 19168
17853 186 9345
16965 123 6184
18631 54 2736
17137 61 3058
16272 320 16049
13970 8 419
18265 160 8005
14939 60 3013
15251 110 5504
18692 170 8533
15588 354 17744
17387 40 2046
15783 343 17167
17620 69 3474
17874 3 197
16676 68 3406
16134 375 18795
14959 201 10075
14218 7 397
18235 236 11827
17398 246 12330
14981 173 8697
14093 182 9137
17569 18 940
18779 17 897
18760 149 7496
15291 232 11620
17126 118 5904
17435 16 831
14603 15 792
17383 398 19943
15851 19 951
18272 29 1477
17497 197 9868
13732 103 5195
15966 151 7590
17693 153 7667
15099 34 1704
18922 196 9843
16529 33 1660
16499 233 11665
18463 177 8887
16906 46 2328
16158 66 3307
14901 7 396
15960 241 12059
17684 75 3780
14127 248 12445
13957 2 126
14282 2 147
14229 7 400
18927 65 3269
14874 133 6691
14310 1 96
17011 199 9969
17401 98 4942
15469 271 13563
16852 94 4729
18218 300 15001
17662 57 2865
17871 250 12539
17521 18 907
16802 234 11706
18678 303 15163
13950 180 9029
16679 64 3240
16228 232 11650
13720 10 507
18034 86 4311
18865 34 1744
18010 225 11255
18286 78 3911
17030 44 2224
13762 64 3218
17521 50 2510
18631 54 2722
14631 257 12883
17987 76 3828
15111 289 14466
15103 12 620
15851 19 995
14014 162 8140
17955 49 2461
18615 438 21945
17467 60 3023
17727 22 1148
13779 8 439
18225 140 7049
17213 83 4173
16826 362 18149
17667 9 482
18673 47 2352
15463 246 12350
17435 16 831
16906 84 4211
16826 193 9684
18496 78 3947
15386 23 1184
16852 197 9870
15828 302 15114
13913 66 3323
13719 1 73
17596 47 2371
16965 210 10503
14539 234 11702
14458 83 4184
17840 362 18129
15397 219 10977
17698 6 336
18678 317 15861
18615 438 21945
15900 138 6912
18021 454 22746
13773 69 3476
17251 180 9036
16109 148 7414
17978 135 6792
16821 243 12193
16051 85 4262
15412 132 6629
17726 74 3739
17631 51 2574
14743 44 2201
14293 63 3169
14375 224 11234
17387 5 267
16726 187 9375
18764 42 2137
15057 122 6132
16340 416 20827
18615 117 5867
14446 15 766
14105 32 1626
18794 68 3433
14259 120 6015
14912 38 1911
13745 39 1967
14392 238 11947
16023 300 15033
18779 69 3484
14152 47 2354
13923 25 1264
17314 66 3315
18771 51 2573
16228 230 11521
18929 173 8690
18286 33 1673
18741 27 1397
18717 43 2171
16726 16 821
17648 50 2549
13805 273 13656
14801 150 7527
17726 25 1284
18026 166 8335
17637 115 5775
18929 173 8680
18235 230 11525
14446 24 1208
17169 23 1188
16962 101 5087
18938 4 205
18918 139 6978
15469 281 14058
18794 162 8104
15592 114 5738
17206 486 24319
15398 222 11106
16858 173 8695
15785 74 3712
17692 190 9532
14026 109 5473
18463 177 8875
14171 51 2560
14959 16 826
18286 169 8489
17652 55 2799
18903 356 17811
18031 262 13139
18488 560 28039
18951 115 5770
16875 14 705
17985 159 7974
14729 57 2877
13762 64 3229
15792 222 11148
14899 73 3669
13763 131 6589
15412 282 14133
16172 32 1632
17383 398 19943
17521 20 1027
14438 178 8904
18282 94 4704
18760 191 9586
17095 16 830
17666 50 2527
17458 55 2787
15098 79 3954
15966 18 906
17255 28 1413
17162 171 8557
15098 39 1967
14690 21 1096
13965 34 1731
17029 99 4963
15149 22 1132
15282 56 2804
18794 162 8149
18510 339 16976
15954 208 10415
14891 46 2326
16821 207 10396
15498 152 7644
16761 380 19004
15794 56 2820
16962 191 9562
14985 170 8539
14935 130 6516
18882 119 5962
18773 30 1506
17169 347 17378
18039 12 639
14555 114 5736
16875 22 1102
17830 25 1296
17164 112 5639
15916 233 11658
17169 6 309
15986 191 9558
13962 13 661
17521 34 1707
17978 119 5961
14965 257 12863
14453 169 8467
18244 35 1774
15883 26 1325
17125 35 1757
15238 5 266
14626 143 7166
18795 235 11792
15961 370 18533
18021 77 3852
16852 197 9872
16802 234 11708
14421 11 571
17851 58 2919
15166 149 7461
14729 178 8910
18527 279 13978
16529 91 4574
14171 47 2374
14917 3 158
15322 137 6882
13913 55 2790
15231 157 7869
18741 27 1397
15828 292 14603
17251 43 2157
15828 302 15114
15970 330 16544
14959 31 1580
16158 53 2674
15877 87 4365
18954 115 5797
18031 274 13726
17975 52 2622
14159 214 10729
15106 240 12006
15397 152 7627
14959 16 838
15403 156 7802
17667 85 4288
16317 67 3369
15783 167 8382
16894 224 11211
18010 225 11255
16158 53 2676
18678 309 15489
14816 152 7611
14598 43 2191
15867 145 7265
17467 5 263
16122 161 8063
14103 75 3774
13763 254 12701
16529 36 1841
17666 212 10633
16962 10 547
15846 167 8366
17684 75 3755
17137 3 151
14750 17 895
15339 180 9006
15676 184 9236
15491 86 4320
17131 203 10162
17217 106 5328
16228 219 10978
16891 131 6594
15872 38 1940
17691 8 449
14543 103 5154
15877 245 12294
14582 1 70
18657 37 1852
14220 18 938
15125 66 3307
17206 388 19415
17763 1 53
15882 198 9914
16877 16 827
14736 268 13422
18466 48 2418
15118 186 9339
14438 74 3716
13715 53 2674
17521 20 1027
17034 239 11993
18795 1 93
17314 66 3341
17783 141 7053
15382 78 3915
15433 170 8506
15099 35 1787
15395 87 4369
15116 281 14055
17024 13 678
14623 52 2631
16726 143 7176
15504 85 4288
17169 23 1188
14746 88 4414
14882 43 2171
16750 33 1656
15322 149 7496
17369 24 1245
17614 117 5872
14350 32 1636
17701 55 2752
14392 214 10717
13803 16 838
15965 497 24868
18697 238 11923
15593 167 8389
14535 156 7819
14409 155 7777
18021 373 18675
13762 260 13050
13862 164 8228
14725 118 5901
17793 41 2064
13791 8 435
14541 167 8386
15386 107 5394
13913 66 3342
14464 66 3325
17987 38 1904
18228 182 9130
14549 83 4200
17851 128 6411
14766 22 1148
13732 103 5192
17338 56 2824
17521 20 1027
16222 145 7251
14582 60 3031
18760 191 9595
18032 250 12517
18218 160 8003
15946 534 26704
13714 113 5655
16778 77 3852
17696 53 2695
17761 63 3196
14186 75 3764
14801 39 1976
18685 501 25094
17849 86 4324
13767 91 4583
17521 25 1277
13767 46 2305
14455 38 1907
15931 521 26051
17257 15 768
14877 232 11626
14257 237 11853
13729 80 4045
15257 127 6389
16962 191 9562
17637 16 811
18653 258 12934
18267 33 1655
18935 71 3575
14553 294 14748
17043 98 4902
18527 674 33705
17849 168 8425
18218 216 10820
18233 245 12295
17344 83 4184
18724 19 984
14549 217 10888
17724 14 734
17596 47 2371
18933 95 4788
18631 83 4165
17213 83 4173
15456 100 5013
16906 32 1619
18918 116 5824
13791 195 9751
14535 109 5472
18903 356 17811
13805 282 14127
15116 302 15131
17474 46 2335
16853 0 21
16387 45 2275
17387 38 1910
14597 144 7235
17545 59 2993
17521 25 1277
15267 77 3862
14784 9 488
18527 674 33741
14107 89 4458
17557 17 894
16119 186 9314
15976 72 3606
14375 133 6683
15382 239 11974
14310 0 3
14455 38 1907
18235 156 7827
14729 133 6687
18021 77 3852
14818 97 4874
16935 364 18243
14580 9 493
17975 72 3647
13773 53 2668
16091 28 1438
14043 66 3340
14924 158 7918
14560 6 338
14784 6 327
14537 117 5854
14729 29 1472
16845 113 5675
15593 178 8918
17727 38 1950
15771 58 2919
18048 406 20348
14191 209 10464
15901 183 9190
13803 16 838
13767 91 4583
17726 131 6564
17592 93 4698
14024 10 522
15701 3 193
16159 158 7945
15634 158 7931
17367 61 3070
16307 49 2451
14306 198 9916
14623 23 1184
14007 0 9
16172 126 6312
15960 140 7016
17528 18 920
15593 178 8926
14038 107 5396
13714 72 3631
18054 15 781
18044 449 22498
14183 25 1299
17653 30 1530
18005 112 5637
18761 9 487
14924 229 11478
14812 89 4455
14107 72 3619
17302 46 2313
14549 106 5301
15397 53 2678
17451 311 15578
17985 229 11488
16112 20 1042
13950 21 1083
17596 47 2371
16222 12 625
14882 96 4824
15115 7 363
14824 231 11557
14788 49 2488
15149 22 1132
17754 75 3777
13929 10 508
15766 15 797
17985 338 16945
14899 285 14280
17722 3 153
17522 59 2962
17596 47 2379
15086 168 8436
13799 30 1520
18933 332 16630
15125 67 3362
17560 49 2462
17724 53 2661
17398 246 12330
17592 125 6298
15125 174 8736
17956 128 6449
14985 64 3211
14165 70 3505
16821 409 20463
14209 22 1111
17307 17 896
13907 16 837
14877 173 8685
15415 245 12284
16159 158 7945
18005 112 5637
18021 373 18675
14801 240 12035
18701 116 5834
14580 143 7158
14438 254 12714
16506 316 15849
15411 153 7690
13862 79 3987
17128 25 1273
16339 171 8554
16891 131 6565
16433 39 1951
17144 22 1133
16226 18 934
17034 64 3203
17078 101 5099
16101 81 4073
16228 203 10167
14597 70 3547
15590 171 8554
18924 103 5177
14805 29 1498
15862 5 288
15478 52 2636
15954 208 10412
13935 70 3542
16028 421 21100
16292 76 3845
14186 194 9726
14453 107 5381
14122 45 2281
15900 143 7200
18265 8 449
18574 401 20078
15301 117 5862
14063 245 12264
16162 71 3586
15315 30 1549
16852 70 3523
17475 164 8240
18927 61 3094
15955 39 1987
14816 152 7614
14067 58 2904
18910 88 4402
16172 229 11457
16089 372 18614
14766 7 358
16162 72 3609
16588 195 9778
17098 64 3206
14993 66 3308
13895 41 2068
16119 273 13676
15125 134 6725
16726 16 821
13714 72 3631
16061 7 387
15350 197 9881
17089 33 1699
13965 18 926
16466 88 4401
14030 58 2948
17874 64 3216
15828 446 22333
18031 274 13737
13779 87 4389
15639 189 9475
15167 126 6331
15409 17 857
13982 100 5044
17686 274 13750
16852 311 15591
15457 194 9745
14220 18 938
16960 47 2400
16759 7 397
18257 109 5491
15382 229 11464
17986 186 9339
15395 29 1497
18615 0 46
17307 31 1551
17655 57 2885
16507 31 1557
18244 307 15367
18676 493 24675
14530 8 422
14977 20 1045
16378 39 1962
17684 127 6379
18678 317 15895
17137 41 2054
16852 70 3501
13803 171 8579
13865 251 12570
14708 41 2097
17302 51 2565
17478 125 6285
18959 17 892
14390 122 6124
14043 57 2858
18646 2 145
14438 178 8904
16422 23 1178
13707 144 7241
15501 96 4814
15128 145 7277
13970 5 255
15478 132 6617
17663 21 1095
18731 224 11225
15222 94 4714
18488 314 15706
13773 113 5675
17166 0 29
14067 48 2416
15160 61 3077
17830 25 1286
14912 75 3773
15774 313 15651
13779 223 11151
18035 41 2073
17210 229 11463
14535 109 5472
16052 208 10431
15151 283 14189
18044 452 22615
13708 85 4266
17563 79 3964
16741 116 5850
14551 204 10239
17373 136 6818
13876 260 13011
13936 23 1170
13732 99 4961
17217 68 3433
14611 182 9129
13721 25 1296
17724 53 2661
15888 24 1211
17208 191 9552
17696 53 2695
17793 41 2088
17667 9 482
13791 8 443
17449 46 2333
14985 10 538
14000 54 2719
14080 205 10287
17521 1 66
16894 134 6727
17671 320 16011
16094 242 12107
18645 40 2041
17696 53 2680
15961 370 18539
14122 45 2296
14687 11 569
18793 56 2839
18646 48 2444
18218 300 15001
18765 183 9192
18701 21 1082
14007 121 6098
17724 34 1739
18733 25 1262
14306 198 9910
18527 279 13997
14103 105 5262
17196 55 2782
15851 19 968
15004 1 77
15017 197 9900
14363 34 1707
15267 163 8199
16358 49 2497
15086 30 1505
17661 29 1478
15116 282 14141
17592 79 3993
16158 182 9101
15166 247 12364
13809 135 6798
18794 52 2643
15527 3 194
15900 196 9837
16222 12 625
15415 52 2615
13935 110 5505
15766 37 1885
17479 7 361
14555 157 7857
14669 65 3259
13895 62 3128
14124 108 5424
14912 73 3694
16060 173 8676
17545 36 1802
15146 61 3076
15116 281 14055
15669 29 1455
18953 316 15848
14726 94 4719
17111 182 9147
15106 208 10433
14122 45 2296
13714 113 5666
16852 311 15591
18286 21 1086
16802 234 11739
16205 259 12966
16271 48 2431
14040 101 5062
18765 320 16042
14152 47 2354
14750 22 1135
17560 41 2080
18514 68 3425
13714 113 5666
18245 199 9975
18753 138 6906
14350 32 1624
15959 50 2521
14335 226 11317
17745 16 844
18910 157 7877
17990 64 3205
17986 186 9348
18218 147 7391
16529 33 1662
16119 501 25055
14319 5 268
14543 103 5171
15527 12 625
18574 387 19372
17955 158 7913
16028 226 11345
17196 55 2782
15766 36 1815
17383 398 19912
17693 82 4125
18024 366 18343
18028 96 4834
16849 118 5932
17186 2 119
16750 1 76
17410 60 3035
15397 57 2897
17851 182 9135
15792 222 11105
15923 367 18396
15267 77 3862
17851 58 2919
18244 334 16748
15382 20 1044
18286 58 2914
16199 27 1370
14725 64 3233
15774 490 24524
17091 64 3242
16356 17 862
14030 50 2509
17169 101 5071
13803 16 838
16889 250 12543
14438 178 8904
15339 28 1433
15350 197 9881
15411 119 6000
13732 33 1671
18794 56 2843
14768 115 5778
14789 70 3542
13799 30 1520
15927 84 4248
17998 145 7287
17208 159 7991
16173 191 9593
14171 17 900
15411 151 7597
15149 93 4697
17410 60 3035
14399 47 2398
18793 40 2015
15106 17 872
15792 222 11148
15923 344 17214
16172 301 15094
18032 270 13504
14068 68 3407
17089 49 2462
14335 160 8008
17853 2 119
15507 4 206
14771 214 10721
18645 68 3437
15976 72 3606
17594 72 3624
17965 15 751
15222 237 11875
16809 240 12038
14344 14 736
18496 74 3722
13773 224 11238
17524 79 3993
18733 47 2386
15339 262 13107
18603 170 8534
14686 61 3061
18466 48 2436
15257 3 191
18218 160 8003
17126 45 2280
14936 23 1175
18244 362 18112
14913 62 3106
18719 179 8966
17578 12 605
18954 3 160
16867 37 1889
15322 63 3189
17598 39 1995
13762 27 1386
17307 2 116
14550 280 14006
18651 14 707
15486 320 16002
18924 4 201
15174 204 10202
17684 150 7516
16679 12 622
18010 225 11255
17985 321 16097
14590 92 4617
17475 164 8213
15335 125 6270
16112 0 36
15697 29 1492
16965 123 6184
14093 182 9122
14357 5 289
18021 260 13030
17874 3 198
14975 63 3161
17243 100 5006
18733 43 2170
17851 173 8673
17563 79 3964
15588 297 14851
17226 34 1715
13714 40 2013
13911 140 7025
16529 33 1660
