14190 14 702
14549 131 6577
18044 522 26117
14263 168 8420
15125 186 9338
14768 31 1591
18007 70 3510
17365 124 6245
17671 134 6748
18005 42 2120
14436 112 5604
14446 25 1257
17251 200 10030
14418 187 9382
14558 156 7847
16117 0 11
18005 110 5544
18481 113 5699
17631 76 3811
14425 225 11264
15103 69 3469
14758 105 5265
18005 54 2702
14901 38 1924
14161 15 795
14376 291 14579
15383 122 6117
14564 15 769
17671 168 8419
14436 15 779
15933 56 2814
14122 171 8551
15389 53 2688
14367 88 4435
14202 15 761
17224 38 1908
17985 138 6928
15425 122 6105
17986 14 744
14403 3 171
18011 33 1671
14543 25 1292
17494 107 5364
17671 242 12130
14157 127 6368
15389 53 2665
17603 26 1330
14938 189 9480
17312 115 5790
17535 35 1756
14438 109 5500
17623 8 439
17137 100 5041
17255 38 1910
15243 89 4471
16095 251 12556
17482 94 4748
17394 117 5872
17112 42 2107
15973 81 4053
17137 91 4567
17123 10 519
17237 55 2772
14542 146 7329
17095 66 3303
17168 83 4187
14801 252 12636
14195 118 5917
17482 174 8717
17494 48 2414
15147 185 9256
18499 27 1389
14223 147 7353
15228 82 4143
17243 46 2309
18007 39 1955
17494 130 6533
14195 179 8967
14524 29 1479
17441 42 2120
14431 39 1965
14542 284 14211
17435 41 2072
14379 147 7378
14632 23 1173
15222 220 11007
14438 195 9799
17753 175 8788
14165 35 1791
17990 305 15266
15946 432 21625
15970 442 22125
15941 74 3724
15383 69 3499
14870 108 5401
17177 44 2247
14697 47 2400
15425 86 4347
17578 21 1086
18011 82 4138
14195 118 5947
14369 57 2851
18021 138 6943
14884 177 8891
17344 69 3476
17612 8 428
18021 475 23776
17985 138 6935
14270 14 717
15228 82 4122
15361 212 10613
14902 20 1022
14122 180 9009
14817 19 965
17125 31 1569
15116 239 11991
14902 178 8911
14771 82 4129
17679 6 336
17435 59 2998
14575 83 4173
17834 52 2635
14942 64 3222
17134 64 3244
18021 475 23772
15392 94 4746
14642 71 3565
14277 3 155
17972 84 4245
17089 1 90
15328 65 3257
17168 20 1022
15228 57 2865
17986 183 9190
14748 30 1540
15234 103 5161
17336 3 190
14564 3 163
18499 201 10097
14623 171 8592
14291 112 5613
16058 234 11717
17344 69 3467
18007 77 3888
17451 162 8127
17125 63 3178
17514 61 3097
14798 2 125
17333 117 5873
17349 100 5028
17497 18 947
17530 110 5549
16051 146 7326
17561 60 3047
14409 199 9952
14764 38 1902
18011 82 4148
15154 98 4905
14363 143 7158
15074 103 5196
17095 80 4009
17123 2 136
14409 199 9955
14749 52 2638
14558 110 5538
17398 64 3230
14425 225 11252
17573 77 3851
17530 23 1179
17338 10 516
14151 94 4717
14436 180 9039
14673 34 1721
16209 208 10436
17875 263 13164
18021 138 6942
15125 89 4482
17871 93 4693
17552 236 11825
14940 155 7798
18049 45 2285
17208 116 5813
15249 141 7076
17204 91 4581
17360 20 1028
14263 103 5186
14379 220 11009
17851 259 12963
17865 174 8708
17168 2 110
18024 62 3126
14335 275 13751
14363 163 8191
17361 163 8187
17361 155 7781
14795 39 1997
18045 55 2770
17494 130 6502
18040 86 4310
14127 245 12276
15987 177 8876
17973 13 682
17985 113 5667
16080 44 2228
17283 0 16
15014 82 4101
14736 115 5796
14195 198 9905
14146 29 1487
15125 65 3295
14165 90 4527
18007 70 3513
15933 215 10763
17168 66 3323
17493 151 7563
18009 17 858
14801 252 12636
18021 662 33114
15154 233 11698
17671 437 21890
18021 694 34739
17349 66 3344
15297 198 9925
17494 303 15180
15946 524 26241
14677 22 1117
14271 188 9418
14764 38 1911
14632 45 2295
14149 223 11169
17667 97 4855
17592 136 6817
17367 100 5040
18499 264 13203
15125 89 4482
14903 188 9415
17858 248 12422
17367 100 5007
18005 23 1163
17623 8 420
17658 22 1139
14377 96 4826
15234 103 5176
17251 216 10848
17361 163 8191
18527 302 15123
15361 155 7751
17390 70 3501
14707 38 1916
14445 52 2609
15243 37 1878
17662 27 1389
17578 21 1086
17603 34 1722
18048 23 1178
16063 30 1523
17398 64 3230
17365 19 984
14921 68 3404
17560 135 6795
17482 160 8032
17206 181 9059
14245 132 6644
14548 168 8417
18040 46 2309
14816 106 5309
15383 223 11167
14771 129 6462
17874 12 605
17479 8 405
14427 143 7162
14664 171 8589
14329 25 1264
18007 77 3888
14707 11 574
15391 198 9918
15318 143 7190
15383 275 13800
14642 108 5407
14545 109 5485
14798 62 3143
17985 180 9037
17191 28 1422
14610 5 296
14549 27 1398
14736 135 6788
17489 196 9848
18514 330 16541
15147 91 4578
17152 55 2767
14319 2 117
17195 24 1247
18021 694 34702
17992 2 113
14369 141 7099
14338 264 13233
16063 51 2586
17283 2 115
14369 57 2874
17254 58 2929
17633 74 3722
14355 6 345
17667 97 4893
17875 263 13163
17254 59 2953
14741 227 11366
17497 8 405
17840 322 16143
15130 52 2613
17482 151 7594
14545 69 3465
14645 29 1466
14748 169 8497
17112 0 11
15061 252 12640
17530 79 3983
15264 16 812
14122 180 9011
16058 26 1304
17530 7 386
17390 85 4292
17686 363 18188
17322 20 1016
14375 6 320
14936 63 3168
15130 50 2550
17112 45 2283
14377 181 9071
18011 33 1651
14795 55 2767
17185 91 4553
17590 13 688
14729 21 1071
17415 80 4035
15099 185 9293
17255 57 2852
17343 38 1917
17497 124 6202
17494 12 620
14410 290 14540
15308 115 5774
18005 23 1199
17573 100 5040
14329 199 9979
14774 226 11345
14771 88 4411
14218 95 4786
17206 204 10212
14281 88 4406
14375 119 5970
14618 18 930
17339 127 6363
18021 475 23795
17333 117 5874
14942 64 3222
15154 96 4816
17535 28 1401
14403 41 2060
18039 169 8470
17343 34 1731
15294 45 2255
14279 58 2945
17462 12 610
15383 122 6117
14425 160 8007
18044 439 21996
16058 190 9506
18021 327 16398
17561 50 2524
14227 66 3350
14356 81 4064
17126 92 4648
15179 103 5195
14545 32 1620
14277 0 6
14707 30 1548
14403 3 194
14748 34 1724
18021 327 16368
17123 2 136
17195 61 3096
17985 180 9023
17753 4 243
14375 18 912
14306 61 3089
17398 178 8947
17763 82 4150
15167 141 7096
17349 79 3995
14545 109 5467
17992 66 3309
17206 483 24173
14564 104 5240
18039 95 4797
17827 5 266
17339 308 15405
14356 63 3183
14564 22 1109
14746 304 15239
14936 63 3181
15149 97 4875
14363 249 12497
14369 57 2874
17237 398 19936
14527 9 456
17561 71 3574
14768 31 1582
14901 169 8469
18044 404 20235
17226 176 8838
15167 66 3313
14959 146 7314
17858 248 12432
14642 71 3565
17679 6 336
14564 67 3396
14623 171 8592
17313 58 2919
18525 173 8698
17390 41 2079
17623 6 327
17535 13 691
18021 340 17004
18010 101 5079
14436 264 13240
18024 62 3130
18021 299 14968
17612 50 2528
17573 100 5032
14319 3 159
16219 258 12904
17462 8 420
16051 125 6265
15273 114 5713
14664 190 9540
17226 170 8529
14564 151 7588
15966 192 9622
18005 110 5510
14970 13 655
14455 49 2475
14279 49 2490
18021 670 33534
15297 135 6783
14575 55 2775
15293 77 3876
17495 33 1673
17099 99 4972
14425 49 2457
14758 167 8397
15228 130 6511
17338 10 516
17858 194 9746
15294 20 1017
14938 63 3155
17834 52 2604
14329 42 2119
15138 71 3554
18021 662 33127
17592 63 3188
17495 222 11144
14425 72 3603
14736 86 4347
18021 670 33534
15080 34 1737
16058 26 1350
14291 97 4860
14647 111 5562
17667 127 6363
15403 28 1418
14564 68 3432
14795 19 987
18007 39 1975
17535 35 1785
14445 0 17
18499 201 10069
14524 5 289
14959 146 7316
17497 26 1323
18021 670 33525
17623 4 249
17530 110 5549
14819 11 597
14409 174 8708
17834 52 2642
14445 0 29
17251 215 10765
17239 171 8560
18021 144 7239
17851 324 16220
17333 102 5111
14643 244 12246
18527 302 15129
18007 39 1956
17671 159 7955
17763 82 4116
17254 32 1636
17415 47 2370
14548 42 2136
14970 86 4329
17573 112 5605
17339 274 13736
17776 1 99
18007 91 4568
15296 92 4640
17992 47 2382
14772 128 6449
14903 188 9406
14427 264 13248
14218 150 7521
17440 181 9088
14146 32 1649
14455 218 10910
17530 110 5545
17875 330 16542
14218 256 12804
18021 299 14987
14319 16 849
17482 86 4347
14425 205 10263
15228 130 6519
18007 70 3537
17552 236 11815
14795 19 987
14127 77 3881
14436 47 2380
17206 471 23596
17875 402 20103
17269 88 4414
16101 56 2821
14146 56 2838
15251 108 5405
17371 4 249
17237 235 11759
18024 398 19908
15933 215 10790
17339 164 8234
18044 412 20620
17251 216 10838
15391 226 11341
17343 38 1940
14338 132 6620
17636 24 1233
14190 18 903
14545 69 3492
15965 496 24803
14938 37 1851
15965 194 9703
15986 164 8238
14425 160 8046
18021 327 16387
17270 83 4190
14729 21 1087
17191 44 2214
15167 102 5150
14427 264 13240
15941 66 3314
14912 199 9995
17343 34 1737
18005 54 2716
14697 22 1118
15228 57 2854
17413 139 6968
14418 94 4720
17992 78 3904
17371 4 222
14227 1 97
14377 157 7887
15989 75 3787
14375 148 7447
17237 341 17089
15965 347 17383
15328 177 8864
18044 419 20982
15987 370 18517
18499 27 1370
15125 186 9338
14643 133 6674
17237 398 19937
14543 174 8704
15228 82 4149
18040 26 1350
17423 8 446
14403 59 2957
14425 72 3612
14746 304 15243
15167 76 3841
18021 299 14957
15389 53 2688
14632 70 3517
15970 442 22138
17178 40 2049
17360 20 1028
17992 47 2396
14936 21 1100
15130 52 2634
14736 130 6503
14306 61 3087
17573 100 5032
17614 1 68
15318 90 4543
17840 81 4064
17972 246 12328
18001 1 72
15079 55 2785
14356 222 11117
14427 100 5047
14722 190 9528
18492 271 13585
18010 81 4081
17089 109 5499
14544 88 4409
17361 248 12420
14445 113 5698
14772 48 2447
17590 17 875
14455 205 10257
14390 58 2911
16219 223 11163
17667 127 6361
14697 22 1142
14281 60 3011
15286 201 10090
17645 35 1770
17590 15 778
17447 1 76
17095 80 4010
15403 81 4072
14940 101 5089
16047 5 252
18007 77 3864
17462 11 586
14940 51 2579
17178 40 2047
14938 186 9347
14697 6 338
14558 110 5532
17504 8 434
16089 6 341
17871 105 5290
17255 38 1901
14319 17 859
15014 61 3066
18010 101 5096
14548 189 9475
14270 91 4561
15167 102 5117
14390 72 3611
15409 84 4244
14403 63 3192
14438 238 11926
14764 38 1917
18049 45 2288
15308 115 5796
17270 41 2071
18010 81 4099
15074 32 1609
17333 117 5889
14218 169 8491
17237 521 26052
17237 27 1363
17524 68 3415
14223 95 4758
14736 164 8218
18466 60 3016
17112 42 2144
15987 199 9983
14940 87 4382
14592 70 3536
17270 61 3070
14740 39 1992
16089 6 329
16209 287 14357
15970 133 6678
17435 39 1971
17125 63 3161
17686 363 18152
17068 0 4
14884 52 2630
17338 86 4311
17204 177 8892
17829 182 9120
17978 16 810
16209 84 4219
14564 1 68
14271 76 3836
17851 259 12976
14938 298 14949
17333 117 5862
14816 30 1528
14165 90 4528
17099 12 624
17251 215 10765
14127 77 3881
14874 245 12279
17858 120 6018
17371 55 2762
14664 151 7558
14191 155 7755
14363 143 7158
18048 327 16352
17875 421 21075
17361 378 18924
17482 174 8717
17497 26 1320
14316 8 410
14568 31 1566
15014 9 482
14543 49 2452
14286 5 256
17123 10 545
16080 15 773
17095 80 4009
14772 269 13482
17535 35 1777
17208 114 5735
16080 15 794
17398 178 8949
14377 133 6677
17482 94 4707
17237 432 21620
14425 133 6692
14369 70 3548
15946 246 12311
16200 32 1645
17986 117 5866
14223 14 745
14623 77 3875
17168 16 813
15113 11 593
17840 10 546
18021 327 16371
17333 117 5865
14218 35 1796
17580 15 800
14592 10 532
14921 49 2472
17413 139 6959
17383 461 23098
14749 52 2644
16058 113 5684
17243 98 4929
15061 194 9706
14805 199 9990
18466 70 3525
18497 257 12851
17875 414 20735
17985 286 14325
17484 205 10270
14286 11 557
18021 475 23761
15279 30 1515
17829 182 9114
17339 164 8234
17360 55 2768
17753 148 7449
16219 144 7231
14431 72 3617
15318 120 6030
17137 91 4598
15987 177 8888
17383 78 3939
14436 264 13240
17360 49 2458
17112 45 2295
15167 76 3801
15986 164 8238
17398 19 967
15167 155 7754
18527 302 15123
14870 136 6806
14403 41 2083
17322 36 1836
17316 117 5867
14165 90 4544
14664 151 7590
17679 7 352
17394 171 8594
14277 125 6300
17482 158 7925
17462 8 421
14819 10 535
15014 218 10950
17283 0 16
14747 51 2561
14190 14 727
15987 141 7070
16047 13 688
14195 198 9949
18005 23 1163
17612 29 1480
17667 97 4876
17237 22 1119
16101 71 3572
15167 76 3801
17270 47 2371
14363 143 7184
14749 301 15063
15425 177 8870
14438 195 9757
16047 24 1205
14936 63 3176
17312 261 13098
14425 133 6692
14741 265 13266
17206 207 10367
17858 194 9708
14610 149 7498
17383 23 1183
17992 78 3943
17339 121 6097
17254 58 2922
15154 97 4862
14940 240 12029
17237 341 17091
15941 23 1179
17495 215 10761
17494 107 5366
17494 107 5379
15308 93 4681
17462 23 1180
17623 8 410
17671 233 11674
14161 15 795
17178 40 2019
14643 133 6684
14369 70 3548
16073 221 11074
14403 47 2380
14610 226 11319
18527 545 27276
17226 113 5668
17871 34 1710
17313 111 5560
17112 45 2283
15279 114 5721
14306 61 3087
17865 174 8748
14319 22 1143
15970 397 19861
18005 77 3893
14549 210 10536
15941 74 3747
17364 52 2623
18024 361 18084
15941 47 2376
14445 52 2605
17990 284 14234
16200 101 5069
15074 74 3744
17344 30 1534
18007 39 1967
14927 173 8672
14436 15 797
17535 28 1426
14544 88 4432
14356 222 11117
17336 3 196
14938 63 3189
15103 218 10919
17479 23 1200
14903 239 11971
17462 8 417
14146 77 3886
15252 47 2361
17992 82 4121
17371 428 21434
15403 81 4086
15130 50 2509
17875 414 20715
14390 58 2930
14707 49 2458
17344 20 1007
17992 82 4108
14645 28 1447
14936 63 3181
14245 132 6640
17827 62 3119
15970 397 19892
14903 176 8801
17603 27 1374
14377 235 11758
14336 55 2795
14884 52 2643
17482 160 8028
17361 342 17129
14257 236 11842
14795 55 2751
17095 40 2010
17125 97 4882
14127 77 3865
14819 13 669
15138 71 3554
15397 132 6638
17560 135 6751
17535 22 1133
14927 180 9003
17178 40 2022
15228 11 600
14564 154 7715
14746 304 15240
17535 52 2624
18045 43 2194
17394 171 8581
14369 141 7089
14316 8 443
17338 96 4818
17494 151 7584
15318 120 6001
17871 105 5273
17561 50 2542
17871 105 5273
15273 41 2071
17495 215 10761
14306 122 6132
17089 34 1721
14527 10 537
17269 170 8513
14549 88 4403
18024 260 13038
15946 484 24244
14338 232 11626
17123 2 140
14122 94 4703
17191 3 159
14363 235 11792
18045 63 3182
14459 99 4956
15355 48 2436
14774 226 11345
17603 29 1472
17827 62 3112
16031 2 143
14642 108 5413
17415 189 9486
14363 276 13808
14333 7 375
14543 234 11717
14436 47 2390
15154 149 7472
18011 35 1752
14942 77 3890
14623 258 12937
18021 144 7202
14729 41 2094
17333 57 2892
14736 224 11244
17451 162 8122
17204 91 4581
14263 285 14290
15163 71 3584
14270 111 5593
18021 327 16371
17178 83 4160
14623 292 14632
17861 351 17553
17851 259 12964
15297 198 9938
17504 11 588
18021 577 28865
14377 235 11764
15266 9 467
18021 686 34312
17611 3 196
17875 330 16523
14377 133 6677
15251 82 4123
15254 50 2502
14592 2 107
17686 363 18188
15234 103 5193
17462 12 615
15113 62 3111
15970 198 9905
14246 196 9818
14643 244 12210
14527 95 4773
15127 33 1671
18048 365 18283
17580 15 800
17313 198 9945
17068 0 32
18021 138 6928
17335 38 1950
15318 90 4543
18021 138 6929
18466 70 3502
14544 76 3821
17679 0 30
17875 402 20131
14664 9 451
18010 101 5096
14632 70 3527
14450 72 3647
18010 81 4099
14379 147 7394
14157 193 9698
17365 19 995
17992 15 786
18021 138 6904
18048 378 18905
15286 201 10086
17312 58 2947
15328 181 9090
17089 1 90
17125 31 1587
17827 28 1420
14425 72 3612
17671 168 8417
17361 35 1756
17840 322 16148
17679 0 9
16117 0 11
17125 63 3154
17313 180 9021
17667 278 13940
17125 97 4882
14768 133 6674
15389 25 1256
17349 66 3314
18011 39 1953
17524 76 3832
14645 29 1463
18048 365 18278
14857 203 10195
16101 56 2826
17851 259 12983
15989 75 3775
17360 20 1037
14736 224 11241
14564 19 953
14375 159 7969
14335 225 11277
17269 170 8538
14227 42 2122
14677 8 443
14218 54 2703
17383 23 1198
14641 98 4927
14390 72 3611
18024 62 3121
17861 347 17389
16031 2 137
15099 185 9259
14772 128 6411
17530 10 532
17322 20 1031
15098 66 3317
15391 128 6434
17312 110 5524
17620 122 6115
14805 52 2631
14146 77 3857
16219 258 12904
15946 389 19483
18021 299 14989
15382 0 6
16209 324 16215
15103 134 6708
17985 178 8937
17204 91 4595
15113 62 3134
17992 15 781
17112 42 2111
18005 23 1174
17251 213 10669
17270 4 224
16117 64 3248
14664 9 451
17206 176 8802
18005 110 5510
14874 46 2317
15391 187 9397
14897 21 1065
14768 176 8836
17590 15 787
17851 217 10888
14819 13 686
14329 90 4543
14281 169 8467
17452 157 7878
17780 44 2243
14546 136 6846
14333 9 482
17270 47 2393
14758 144 7218
15423 25 1300
14942 77 3896
14884 140 7033
17237 432 21637
18007 77 3890
17195 86 4338
14697 22 1118
14556 302 15137
17611 87 4396
16031 25 1269
14805 13 663
17875 414 20745
14290 268 13417
15391 139 6995
18499 27 1387
17383 23 1187
15297 198 9928
17423 8 449
17360 55 2778
14338 94 4723
14356 53 2689
17623 6 327
14647 111 5562
17361 257 12889
15966 305 15278
18024 62 3144
14870 108 5401
17875 254 12730
17462 17 882
14746 304 15239
14564 68 3440
14335 275 13766
16058 190 9528
17986 14 744
14271 59 2964
16073 209 10495
14938 37 1885
17283 37 1851
14707 11 566
15391 148 7426
15318 124 6217
15115 20 1004
14641 103 5181
14306 61 3069
15383 122 6122
18497 37 1890
17482 174 8724
14772 269 13495
14899 199 9963
14937 59 3000
14161 110 5529
14427 100 5038
17662 4 242
17671 168 8419
14543 130 6515
14772 43 2192
17206 496 24841
17208 114 5748
17361 378 18940
15297 198 9929
14338 94 4737
16101 71 3565
18044 412 20620
14218 151 7580
14647 85 4270
17204 177 8869
14884 102 5118
17530 10 532
15946 524 26241
14801 252 12645
18040 73 3700
17590 10 512
17206 483 24153
14271 141 7051
15297 198 9938
14149 188 9442
17326 48 2449
17178 40 2047
14899 199 9954
16117 58 2907
17251 213 10669
18048 378 18939
17992 66 3344
17349 79 3998
17482 151 7594
15296 92 4609
14564 106 5331
17973 70 3534
15254 50 2503
17620 92 4637
16058 217 10869
14771 82 4116
16095 288 14409
16200 101 5072
14771 82 4126
14290 260 13024
17360 49 2497
17383 461 23071
18040 5 252
17283 11 595
15328 15 777
16051 24 1229
17360 55 2753
17985 113 5684
18525 173 8691
15318 152 7631
17829 20 1017
15946 390 19543
17339 308 15411
17206 204 10212
17671 218 10916
17123 27 1366
17195 18 941
15222 0 46
14736 115 5796
14270 254 12722
14157 66 3306
14942 193 9654
15264 150 7550
15987 141 7078
17206 17 868
14643 110 5540
17191 45 2261
17530 7 356
17226 176 8819
18009 22 1121
16101 170 8545
17270 47 2360
17497 18 947
15127 43 2160
17254 51 2555
14363 235 11792
17992 66 3338
17326 18 928
14390 72 3611
14286 5 300
14228 84 4202
14643 221 11075
16209 239 11983
15154 166 8340
17336 47 2377
17636 5 290
17415 47 2377
17398 19 999
14632 57 2863
14774 241 12078
16080 15 774
17191 48 2420
15154 226 11337
15383 122 6119
14641 36 1837
17112 0 42
17333 144 7204
14223 147 7389
14475 35 1766
14623 292 14610
17191 34 1716
16041 192 9617
17823 132 6602
15163 71 3587
16209 23 1183
14707 30 1548
18527 545 27274
14376 308 15405
15116 239 11960
17312 110 5524
18466 60 3004
18011 82 4125
15946 390 19518
14446 21 1055
15966 175 8770
17177 44 2247
14772 48 2426
18005 118 5923
17383 461 23091
14455 205 10290
15391 198 9904
17367 3 157
17283 2 120
14632 28 1410
14741 201 10053
18007 77 3874
17631 29 1462
17609 25 1279
17840 10 520
17447 62 3116
14363 143 7184
17333 117 5865
15079 39 1997
15014 29 1486
14355 2 140
17671 218 10945
15228 82 4122
14771 121 6089
17065 91 4596
14884 125 6296
17611 90 4528
17482 86 4347
15154 149 7477
14798 38 1922
17960 12 629
15318 90 4544
17679 6 332
14722 161 8091
17360 32 1624
15154 96 4835
17371 149 7462
14375 159 7969
14356 177 8865
14945 27 1378
14940 136 6826
17985 167 8381
17125 63 3161
14375 108 5417
17360 49 2452
17990 305 15262
14218 110 5550
17590 17 868
18021 327 16363
17068 16 820
14897 45 2291
17239 128 6433
18011 33 1686
14409 174 8726
17361 257 12872
15130 52 2613
14707 30 1526
17858 179 9000
17462 17 899
17367 100 5007
18527 576 28802
14306 122 6113
14146 56 2834
17986 117 5899
15425 75 3772
17260 25 1289
14564 106 5348
17494 303 15180
16209 72 3648
17099 99 4969
14768 80 4009
17958 43 2186
15113 131 6578
17339 279 13979
15236 111 5567
17858 179 8975
14281 203 10187
17390 85 4269
14446 25 1275
17270 47 2393
14938 37 1856
17620 199 9967
14157 78 3938
17875 414 20733
14927 153 7656
15941 12 632
17125 31 1571
14564 56 2830
17696 176 8840
17447 120 6040
15243 37 1897
15425 74 3750
17123 12 645
14707 52 2603
14938 93 4681
17875 263 13188
16031 2 148
17829 20 1045
17419 47 2400
17840 33 1651
17636 24 1222
17206 483 24153
18007 70 3506
17875 421 21076
16089 293 14685
17495 225 11292
14377 3 166
17270 64 3245
14798 38 1920
17337 6 338
18481 113 5699
14697 19 984
14921 68 3405
14722 161 8069
17753 4 243
15293 66 3322
15279 30 1545
15294 66 3301
17662 32 1611
14263 285 14259
17482 94 4713
18021 138 6949
17851 267 13393
14195 198 9948
17371 478 23938
15103 185 9269
17237 235 11759
14677 22 1133
17865 174 8708
15243 9 461
17671 218 10938
18007 77 3857
14377 50 2540
18270 45 2254
17349 79 3995
15130 61 3057
17530 7 396
17992 47 2358
18021 152 7608
17851 342 17108
15965 269 13456
14795 35 1797
17462 0 39
18044 439 21955
17313 124 6211
15355 71 3551
14940 240 12029
14970 212 10646
14246 72 3639
16073 32 1616
14450 199 9957
17095 97 4866
14768 87 4367
14427 100 5033
17840 337 16872
14805 143 7156
17612 50 2504
17095 40 2004
18497 76 3826
14772 269 13475
17112 43 2174
14377 113 5651
17482 126 6319
17123 10 545
17858 235 11772
17137 29 1477
15941 47 2376
17978 133 6698
17224 38 1944
14986 140 7014
18021 138 6912
14774 226 11329
17419 26 1339
14409 176 8823
17850 28 1405
15115 56 2845
17333 117 5874
14151 56 2807
17990 355 17767
16051 146 7325
14938 189 9489
17415 146 7324
18021 475 23778
14306 122 6121
14636 121 6087
14546 151 7557
17313 65 3258
17371 83 4156
17371 465 23267
17875 421 21076
14795 55 2775
14746 108 5403
17560 135 6795
17679 7 360
18499 343 17180
14425 205 10263
18031 88 4433
17237 493 24693
14157 195 9768
18040 26 1344
17335 46 2324
17505 96 4818
14149 30 1548
14870 108 5406
17206 445 22252
17662 156 7837
15116 239 11991
14543 199 9962
14191 234 11743
17398 19 999
14970 98 4930
18021 138 6919
17361 257 12889
14436 201 10082
14409 199 9951
17603 34 1722
17137 91 4599
14805 250 12541
17206 17 872
17333 55 2797
15286 182 9114
14697 19 984
17304 10 513
15318 90 4540
17137 91 4599
17112 45 2295
17503 163 8151
17990 355 17751
17573 19 973
14544 272 13646
14819 6 339
17560 167 8362
16095 288 14424
14805 13 651
14223 147 7353
14795 19 989
17875 263 13178
17371 149 7483
15228 82 4150
17871 7 390
17164 20 1010
15243 9 461
14819 7 386
14901 38 1906
14546 141 7080
17497 18 943
14772 269 13475
14543 148 7431
17462 19 991
15014 29 1493
14771 121 6089
14740 57 2879
17985 286 14302
17089 101 5089
17592 152 7638
14425 72 3604
14316 54 2702
17237 442 22103
18021 475 23773
17435 8 416
18028 254 12738
15113 119 5972
17865 129 6462
17237 341 17091
15115 20 1004
17349 66 3330
17679 0 21
18007 91 4559
17269 88 4411
14772 95 4766
14798 56 2825
14546 177 8895
17851 324 16246
18492 238 11934
17972 246 12341
15361 155 7751
14749 12 621
17667 61 3100
15296 203 10190
15138 1 97
15116 245 12257
14151 78 3911
18011 39 1988
14369 75 3779
14319 22 1143
14316 31 1560
17339 49 2454
17123 21 1072
17865 113 5682
17068 5 298
17462 11 599
17861 381 19080
17535 22 1112
14377 181 9071
14970 212 10618
18021 138 6927
17237 279 13986
17394 183 9187
16080 48 2403
16219 222 11116
17312 110 5547
14642 71 3563
17269 88 4419
14149 36 1836
15297 108 5418
14556 302 15137
14942 251 12586
17592 63 3194
14524 49 2469
17481 28 1416
17365 97 4898
17383 407 20354
17623 4 215
17559 81 4079
18481 0 8
14643 179 8995
17834 64 3230
17206 25 1277
14618 18 930
15113 2 114
14819 2 127
17851 267 13393
14825 59 2990
14748 34 1705
15946 524 26249
18011 82 4145
14218 150 7545
18007 77 3884
15163 71 3590
14549 143 7154
14664 240 12042
14363 9 474
17168 64 3242
17365 124 6233
17206 287 14378
14475 32 1635
18049 0 4
17270 83 4190
14379 50 2520
14746 147 7381
17481 11 577
14707 38 1926
17335 46 2344
18039 74 3720
15147 122 6132
15297 198 9922
14455 205 10291
15987 233 11697
15079 55 2753
17985 78 3911
18011 82 4125
15254 64 3202
15061 157 7898
15222 1 56
17254 58 2922
14151 78 3911
17522 111 5573
17992 2 124
14707 30 1526
17423 8 406
17992 47 2382
14151 89 4484
15970 266 13338
14902 313 15651
15251 108 5405
17494 148 7423
17419 26 1339
17494 151 7579
17457 68 3440
17177 68 3407
18499 201 10069
17753 17 852
17851 259 12956
18040 73 3700
17208 196 9827
18049 45 2264
15251 55 2794
17204 151 7589
15228 57 2898
15335 188 9429
18040 73 3669
15946 390 19543
14549 164 8222
17776 17 863
14722 161 8069
17462 8 417
16047 24 1205
15382 209 10490
14748 169 8497
17134 23 1189
14564 19 953
14232 9 499
17313 58 2925
14377 181 9084
14232 9 499
15228 82 4149
17398 178 8949
14903 176 8829
17978 133 6688
15308 115 5798
14377 235 11764
17335 93 4675
17992 66 3309
14747 51 2561
18509 29 1451
14623 17 872
17343 1 61
18021 299 14987
14938 298 14940
14127 153 7660
18021 475 23787
17168 26 1314
14165 100 5031
14436 15 774
18040 26 1350
17986 117 5857
17337 45 2258
17269 170 8513
14945 37 1857
17168 16 834
14970 236 11815
17312 261 13098
17658 22 1121
17986 117 5888
14772 60 3023
15933 215 10763
17671 134 6748
17447 120 6006
17125 31 1587
15941 66 3327
18011 33 1654
14475 32 1632
17871 34 1709
17335 46 2344
16031 12 648
14410 1 99
14319 3 159
18024 338 16932
14438 123 6176
14165 77 3883
14641 98 4927
18270 45 2281
17237 67 3398
14543 130 6501
17371 4 219
17269 170 8520
17191 34 1716
18024 62 3148
14356 120 6007
15098 55 2783
15403 13 658
14157 4 247
18049 21 1070
14564 11 580
14425 49 2457
18021 138 6939
15228 130 6504
18497 257 12863
14722 190 9528
17251 163 8192
17349 66 3310
17333 55 2790
18011 82 4133
17462 0 39
14556 135 6787
18024 127 6399
17251 216 10848
17561 60 3004
14749 61 3054
14338 163 8200
17185 57 2851
15115 63 3177
17177 78 3922
14774 160 8032
17609 51 2567
14891 224 11234
17125 63 3154
14218 250 12511
14246 196 9844
14355 1 53
15115 56 2829
15130 61 3084
15423 25 1288
14642 23 1159
15403 174 8717
17992 2 103
17394 171 8556
14369 141 7089
14736 135 6788
15163 71 3590
14335 220 11002
15383 122 6122
17099 99 4969
17875 402 20131
14774 241 12089
17191 3 159
15167 155 7781
17495 215 10779
14455 205 10257
15236 65 3276
16047 26 1304
17973 13 658
14293 215 10796
17361 155 7787
18021 138 6942
15382 185 9252
14425 45 2261
17462 10 504
17185 57 2851
14159 26 1328
14263 285 14290
14293 226 11308
18527 545 27255
15392 7 383
17671 218 10909
17333 17 894
17482 94 4705
17394 155 7799
15154 21 1062
14636 121 6051
14746 108 5403
17972 84 4245
14592 42 2144
14436 15 771
14936 21 1100
17978 315 15787
14375 15 754
15328 15 774
15318 143 7157
15425 75 3772
17237 279 13953
18049 21 1072
14768 87 4364
18049 45 2263
17874 32 1621
14543 148 7417
15254 60 3041
14970 13 673
15154 117 5888
14202 15 761
15252 24 1234
18011 82 4127
18021 138 6933
14647 121 6086
17123 2 140
18045 55 2798
15318 143 7157
17611 90 4528
14218 82 4140
18527 360 18050
17191 48 2420
17552 96 4847
14355 1 72
14546 179 8988
14316 51 2580
17089 83 4164
17494 48 2401
17451 26 1301
15966 15 786
14377 181 9098
15222 121 6051
17611 87 4356
17451 162 8122
15086 6 302
16041 237 11896
17609 51 2567
15014 82 4102
14897 129 6488
14377 129 6496
15946 478 23903
14592 42 2149
18525 101 5051
17243 46 2336
17990 548 27447
14218 86 4338
17671 233 11674
14316 52 2624
17535 13 697
14768 103 5174
14945 35 1799
15391 198 9918
14546 151 7557
17972 246 12341
15127 43 2160
15425 122 6147
17973 22 1150
17168 2 113
16031 25 1296
16101 71 3590
14427 100 5047
15125 89 4498
14806 77 3882
14281 88 4432
18001 1 98
15382 248 12407
14338 307 15369
14764 82 4133
14377 181 9084
15286 186 9334
14884 52 2630
14746 59 2987
18005 210 10525
17313 43 2189
16063 51 2586
17243 98 4929
14610 184 9228
14897 48 2406
14707 38 1921
17195 24 1247
15147 62 3141
17834 22 1128
14159 63 3193
17339 10 527
14643 244 12246
17394 171 8579
17283 9 492
15425 13 696
17482 94 4748
18527 576 28802
14546 27 1365
14564 11 580
14279 200 10041
17875 263 13178
17973 22 1116
14279 51 2574
18005 77 3894
18270 45 2290
14157 54 2733
17065 133 6691
14138 95 4777
16058 212 10632
15113 51 2579
17489 196 9829
17260 27 1395
18039 40 2040
17978 315 15791
14942 241 12067
17333 117 5873
15328 62 3108
15383 207 10394
14139 117 5895
17858 248 12438
14458 42 2132
14623 258 12947
18039 80 4050
18499 178 8942
17875 330 16515
17753 175 8763
17065 133 6698
15946 478 23913
18010 101 5093
16051 24 1248
14438 123 6199
17383 78 3902
14632 28 1432
14936 52 2607
14912 199 9969
17559 19 996
14403 3 181
18049 45 2285
17239 106 5304
17505 11 566
18463 215 10753
15970 198 9905
17206 22 1114
17990 305 15262
17494 151 7575
14246 196 9844
14736 164 8223
17239 106 5304
17667 61 3059
17462 11 585
15989 75 3769
17326 12 636
14750 19 956
18024 398 19908
14290 268 13417
17134 70 3538
14446 25 1257
18045 49 2475
15236 65 3267
17270 4 237
15251 108 5424
18031 88 4422
14165 104 5203
14363 86 4325
14824 187 9374
16058 190 9544
15355 48 2450
17123 21 1067
14445 113 5687
17631 75 3751
14338 186 9332
14224 76 3818
17206 22 1114
18481 113 5681
14139 117 5861
14279 49 2473
18049 21 1062
17419 7 351
17493 245 12281
17776 17 867
17535 54 2705
17337 11 588
17482 94 4743
14338 16 824
15391 139 6954
17270 64 3234
14903 247 12362
18039 95 4800
17561 71 3551
18007 77 3887
17339 187 9398
17312 115 5790
14564 151 7556
15391 77 3852
14213 13 675
15222 220 11036
17972 129 6472
17349 66 3310
18509 3 200
14564 10 526
15147 160 8024
17493 223 11183
14707 11 576
15987 177 8876
14375 109 5480
14798 30 1544
18021 327 16363
17206 407 20362
17339 187 9360
15079 55 2793
14450 82 4149
17338 86 4316
14772 73 3655
17462 3 156
17479 8 414
17394 171 8556
14138 95 4777
17269 170 8528
17206 17 887
18039 46 2312
14355 2 140
14729 45 2264
15389 53 2654
14607 265 13255
18010 101 5084
14403 41 2096
18039 46 2312
14774 241 12078
15361 190 9503
17590 16 840
14338 122 6147
17840 10 518
14195 118 5938
14610 5 258
17972 246 12328
17099 112 5644
17623 0 35
17243 46 2336
15127 43 2176
14218 250 12511
15328 181 9090
18021 138 6926
17489 196 9807
14157 49 2469
15061 229 11457
18007 77 3867
14306 61 3091
14888 137 6897
18024 62 3135
14438 171 8567
14277 0 24
17960 12 649
14159 109 5468
17137 91 4567
16167 56 2839
14888 83 4183
14575 55 2774
15074 56 2842
14729 41 2077
15167 102 5101
15409 78 3939
15061 194 9706
18024 472 23636
15099 185 9253
17504 11 580
17371 465 23267
17612 50 2542
14729 45 2278
17481 28 1416
14403 63 3179
15328 15 777
14938 37 1857
17343 34 1719
18010 101 5093
14149 127 6374
14546 151 7590
14959 178 8922
14438 171 8592
14884 187 9387
17636 24 1208
14138 41 2057
15222 121 6078
17497 239 11998
17861 347 17387
14556 135 6787
14157 66 3337
17137 205 10259
15965 496 24818
17251 215 10788
14816 133 6667
15296 203 10163
14825 59 2988
17361 214 10705
17164 138 6901
17992 15 786
17398 85 4252
18005 118 5923
14902 101 5094
15014 152 7623
15328 65 3257
14436 15 771
15941 74 3737
17535 50 2535
14527 10 537
17973 22 1150
18007 39 1999
17620 92 4637
14377 107 5394
14146 56 2817
17089 1 87
14157 104 5204
17112 42 2150
17861 381 19093
17662 180 9049
14927 173 8699
14643 221 11072
17371 487 24357
17986 117 5888
17185 91 4593
17131 205 10293
14945 27 1378
17686 354 17748
17195 24 1207
16219 258 12925
14664 240 12036
17360 20 1037
17164 109 5468
15397 35 1795
14227 38 1934
17623 4 244
17871 93 4655
14438 171 8579
17858 301 15056
17371 29 1473
14445 113 5698
14218 149 7463
14427 264 13219
18039 95 4800
17164 109 5496
15383 211 10555
14475 43 2161
17251 166 8332
17447 120 6014
17415 47 2377
17206 525 26287
14749 52 2638
14544 55 2754
18527 360 18049
17985 150 7511
17590 15 763
17875 263 13160
18024 361 18083
17482 94 4705
17457 68 3440
17423 9 490
14436 201 10066
14545 109 5485
18024 62 3121
14377 181 9079
15234 103 5190
16031 2 137
14333 22 1112
14149 188 9442
14191 155 7755
17620 95 4784
16209 47 2364
17611 87 4382
17671 292 14612
14903 208 10424
17123 10 550
14741 261 13078
15167 152 7644
18021 138 6928
18527 545 27264
14549 133 6698
14758 105 5270
16117 0 35
18024 345 17299
17503 241 12097
17343 12 604
14897 48 2406
