17830 41 2055
16312 307 15363
14686 16 833
14084 40 2049
13985 0 33
15930 498 24908
13725 79 3988
14058 151 7575
16446 188 9407
17695 82 4106
17309 14 730
15980 32 1620
16506 191 9592
14993 153 7683
14924 14 744
18526 89 4469
14721 82 4145
17238 14 721
17974 261 13091
16214 96 4823
14068 228 11432
14664 207 10367
16090 59 2999
16935 80 4016
14224 73 3696
16680 22 1121
15805 10 541
18024 362 18144
15328 85 4273
14427 207 10377
14617 76 3834
17070 266 13318
18286 136 6830
14300 118 5907
14557 163 8156
17132 448 22402
18701 135 6761
15138 10 546
17992 69 3489
14129 10 536
15166 338 16904
17858 114 5736
14569 105 5295
17065 83 4183
17448 92 4608
18768 2 114
18248 81 4099
13794 186 9328
16021 79 3975
15416 32 1629
15147 69 3484
16063 21 1082
17239 292 14624
16352 454 22744
17383 131 6571
16036 168 8445
13709 122 6134
14056 7 362
14768 33 1688
13728 157 7862
14785 56 2827
16850 253 12669
15590 142 7116
17655 92 4636
16426 28 1429
17410 13 691
14172 24 1246
14990 41 2082
13861 192 9616
14148 9 453
14274 96 4837
15140 45 2261
17146 48 2450
15383 283 14158
14431 16 818
17631 57 2899
15397 240 12022
18953 356 17822
15913 52 2623
17352 152 7650
14108 207 10386
15762 243 12151
17373 192 9602
15348 129 6488
15291 307 15353
17494 78 3930
14127 220 11014
17407 174 8734
16022 95 4789
14088 29 1492
16141 248 12443
14572 20 1034
16818 49 2488
15073 164 8240
16845 247 12363
15147 88 4431
15965 202 10120
17028 280 14024
14558 30 1545
14592 44 2212
17780 17 857
15416 32 1640
13940 123 6173
14272 51 2586
15692 22 1104
17237 26 1321
14058 151 7575
17457 11 552
15002 30 1506
14553 78 3948
16850 79 3959
15416 102 5135
14542 81 4098
15236 87 4398
13764 250 12539
15702 50 2547
14313 307 15399
14410 40 2036
14537 118 5927
17670 47 2354
14707 55 2770
14410 78 3907
15151 130 6541
17756 5 297
17144 183 9185
15987 248 12438
18794 105 5286
17484 262 13110
17067 51 2552
16555 110 5503
17055 445 22256
15640 11 577
15933 113 5658
14105 128 6429
17874 88 4440
14990 170 8517
16834 50 2503
14542 113 5680
13799 24 1227
14066 55 2772
14172 43 2157
15689 327 16384
13799 12 623
14740 44 2241
18497 291 14568
17413 357 17861
14524 22 1116
17389 26 1323
18497 316 15840
13742 81 4090
16199 372 18601
15930 519 25979
17331 11 584
16403 1 58
17389 100 5005
16105 30 1530
14626 172 8620
17655 219 10970
17478 169 8499
14408 5 255
13709 175 8753
16196 163 8188
17557 13 655
15960 522 26120
15106 190 9547
16172 159 7960
14363 47 2372
17686 338 16927
18218 76 3818
15469 133 6681
17239 292 14624
17987 106 5311
15392 23 1156
14559 270 13510
15713 80 4018
18272 55 2766
14924 290 14549
14805 53 2661
14549 142 7121
14425 230 11509
15348 28 1442
14924 23 1190
14245 89 4467
17847 249 12466
16446 284 14239
15774 296 14810
15877 266 13345
15402 120 6035
18468 267 13374
17002 65 3294
14538 29 1478
16207 51 2600
17653 32 1638
18044 275 13757
15222 155 7788
14277 205 10260
13950 165 8265
13745 128 6411
18035 145 7280
17182 16 825
17985 215 10775
17478 169 8499
16442 175 8795
15900 174 8739
15140 193 9652
15391 292 14631
15402 41 2058
14377 27 1399
17488 33 1678
14748 177 8895
17100 12 610
13780 150 7501
17111 34 1746
14302 11 556
17861 173 8656
18929 14 729
14068 233 11675
14293 157 7862
17065 170 8525
16036 32 1619
16921 196 9810
15416 6 346
18665 16 828
17620 10 531
14716 30 1507
18653 134 6702
14410 40 2017
17693 354 17713
17132 544 27209
14569 163 8157
15343 6 329
14377 283 14187
18699 267 13380
17471 57 2854
15391 272 13602
15948 17 856
14336 13 694
13991 162 8128
18666 24 1249
16022 443 22177
14475 27 1380
16964 263 13182
15499 76 3848
14774 127 6381
17524 164 8247
16225 41 2100
17065 94 4735
13954 7 388
15308 98 4926
16467 282 14108
16694 59 2966
14263 85 4260
15909 195 9789
14020 183 9159
18779 261 13074
15801 252 12622
15151 312 15626
15484 323 16180
16493 6 333
15147 1 63
16741 506 25320
15590 142 7120
15479 263 13180
14007 77 3895
14098 69 3486
14148 40 2021
18492 552 27613
18644 94 4712
14093 106 5331
15328 116 5811
17488 298 14923
18699 203 10178
14290 201 10063
14912 155 7783
14697 71 3564
13950 207 10371
17522 119 5989
14379 204 10210
18235 262 13121
15383 283 14158
17865 292 14633
14725 7 358
17068 6 323
14367 192 9642
17210 54 2723
13774 107 5362
18482 27 1393
14363 133 6653
17250 118 5949
18574 377 18869
14377 44 2225
17373 153 7658
17620 119 5992
15151 251 12593
17524 170 8533
15153 138 6905
14686 16 833
17488 253 12661
17314 38 1905
18636 453 22699
18676 431 21571
17349 101 5086
15900 165 8260
16453 380 19040
15115 3 177
15901 269 13481
16446 68 3410
16186 329 16453
17661 4 247
15324 19 953
17471 16 835
14790 6 340
14729 197 9858
14741 150 7511
14770 138 6945
14959 47 2361
14915 89 4460
14020 98 4944
13807 213 10690
15634 35 1769
13721 26 1309
17065 183 9160
16588 199 9986
14623 137 6888
15859 253 12652
15491 100 5012
16006 268 13418
15913 11 555
15989 88 4406
14664 206 10317
17582 54 2735
16006 475 23795
18951 309 15459
16584 48 2449
13701 76 3806
16446 265 13256
17389 100 5010
17065 112 5638
17961 39 1972
17407 174 8734
16141 248 12443
16299 18 936
15913 11 572
16571 46 2331
14455 96 4813
17644 36 1814
14524 6 347
15147 88 4429
17204 147 7397
17343 55 2755
14881 96 4833
15392 125 6290
15160 73 3682
16299 44 2224
17675 78 3904
14617 76 3837
18574 191 9553
17620 10 531
17566 195 9752
15931 447 22398
14741 2 119
17978 23 1179
17131 204 10237
14148 9 453
18957 538 26949
15961 204 10204
15491 116 5819
15948 17 856
17070 208 10425
15166 338 16950
14363 120 6041
17337 18 927
14921 54 2731
15294 105 5287
17239 137 6867
14978 51 2554
13709 207 10356
18482 27 1393
14148 40 2018
15946 9 473
15497 36 1820
13977 70 3546
17101 48 2417
13705 214 10726
17621 186 9309
18957 122 6131
17206 65 3252
17503 124 6220
17662 110 5531
15778 10 516
15484 306 15313
14109 4 235
14263 291 14594
15676 215 10771
14948 19 973
18005 257 12894
14367 280 14029
14257 220 11004
17009 17 890
18492 153 7663
16889 275 13764
14626 235 11787
14938 287 14377
17022 10 536
15456 33 1663
16063 152 7607
15057 58 2936
17407 37 1870
17009 10 529
16095 96 4816
17856 64 3245
15701 258 12944
15689 305 15300
18044 214 10713
15511 62 3129
17245 19 985
16828 31 1590
14367 153 7693
15222 25 1279
17667 120 6031
18782 59 2998
17128 17 890
18923 66 3325
14453 51 2563
17670 47 2377
18644 264 13222
17753 117 5853
13950 235 11799
17557 155 7774
14715 55 2775
15057 130 6529
16075 444 22249
17552 25 1252
18574 91 4600
15901 352 17649
17349 101 5072
15491 0 36
15183 32 1613
16169 188 9448
17237 249 12487
18574 275 13781
18574 91 4590
17079 31 1568
14020 145 7298
15291 17 893
15065 3 180
18492 505 25295
18921 2 125
14597 162 8137
14032 52 2621
18024 525 26258
16310 303 15187
15447 209 10496
15147 78 3935
16906 26 1319
17100 152 7626
18228 116 5810
14990 173 8696
15930 498 24908
16571 46 2322
16158 406 20318
15122 217 10854
18272 55 2796
14799 89 4463
16426 44 2207
14269 160 8033
18644 94 4750
16310 278 13916
15713 80 4018
17686 24 1248
14111 38 1907
18685 330 16518
17956 224 11227
14468 27 1378
15416 32 1629
18225 90 4542
14790 118 5916
17067 54 2741
14367 310 15530
17678 61 3066
18915 337 16866
18261 24 1217
17140 5 261
17140 5 258
14053 47 2360
18733 52 2615
17410 18 930
14535 122 6112
16121 9 463
17686 157 7882
14782 119 5985
14020 196 9818
15309 18 922
17100 7 370
15017 179 8997
14782 20 1001
16092 7 368
17459 213 10671
16357 8 410
17356 91 4590
17974 60 3037
17056 158 7913
18752 474 23712
14408 5 255
15348 129 6488
15954 36 1839
16889 255 12790
13701 21 1051
14592 44 2218
17698 92 4642
16951 141 7083
15989 119 5996
18526 72 3602
14940 282 14101
17655 95 4794
16158 97 4854
15291 137 6879
15364 64 3249
16542 29 1462
14453 40 2021
17429 15 769
16013 136 6817
14020 14 724
15316 240 12041
14259 22 1131
17678 61 3055
16092 66 3337
14009 87 4373
14095 189 9500
17366 11 600
17128 31 1600
14409 278 13907
18923 72 3603
15948 92 4606
14427 214 10749
16544 122 6104
17197 12 609
14066 55 2785
17028 275 13762
15634 33 1667
16949 488 24436
16499 5 261
15383 175 8756
14408 31 1551
15151 10 502
16571 46 2322
14942 317 15882
18779 18 939
14021 251 12553
16147 48 2402
14626 26 1321
18257 32 1602
14053 84 4236
16772 69 3490
15965 235 11781
13979 126 6344
18245 67 3396
17972 148 7429
18645 87 4394
14592 15 761
13809 179 8957
14453 88 4407
14410 78 3925
14551 24 1206
14020 196 9818
17327 5 289
13712 15 785
18235 214 10742
15106 14 712
14634 168 8447
17695 10 549
16913 33 1685
14980 119 5975
17631 9 485
14361 5 285
14063 142 7130
18643 49 2451
17009 17 884
17858 198 9944
17535 11 597
15491 95 4775
17131 175 8762
14763 26 1320
14790 197 9865
15785 222 11132
15124 5 251
17468 11 578
18732 567 28383
18492 217 10897
17210 191 9551
15345 193 9657
16102 40 2018
15391 272 13606
18040 82 4127
15449 110 5547
15504 80 4017
15383 283 14158
17119 41 2059
17128 132 6622
14664 215 10788
17313 251 12587
14938 287 14367
15160 130 6542
14468 76 3848
14782 143 7180
15923 44 2208
14068 236 11824
16095 202 10113
17371 110 5508
15987 460 23047
16858 80 4029
16118 91 4594
14537 120 6022
18244 200 10019
16051 100 5017
16468 169 8466
17146 67 3371
15689 291 14574
13745 128 6431
17849 14 720
16446 259 12967
18665 16 805
17131 72 3625
15785 162 8134
14367 187 9365
15900 174 8741
14186 154 7735
14632 100 5038
17972 196 9848
17162 174 8747
14219 88 4403
16052 97 4888
17380 53 2682
15987 453 22677
14721 174 8707
17048 12 620
18526 87 4367
15501 162 8111
16894 158 7902
14363 120 6008
13923 28 1416
14818 14 716
17079 27 1395
18701 280 14006
18740 4 212
15834 195 9754
15634 93 4674
13865 115 5759
14300 15 784
15500 164 8250
16021 95 4786
14377 283 14164
18754 27 1389
18005 34 1732
15778 53 2682
15677 78 3925
18643 49 2470
17022 2 148
14980 44 2220
14093 106 5331
17865 402 20147
18953 405 20281
18692 21 1071
17169 231 11594
14177 50 2505
13810 10 522
17484 161 8096
15916 172 8647
15127 45 2298
14125 90 4538
14548 187 9356
14721 116 5805
15491 95 4775
17847 317 15883
17413 359 17989
17401 41 2094
17700 32 1638
15057 113 5664
15677 78 3949
13935 202 10132
18732 541 27062
14715 25 1273
17398 197 9864
17566 46 2344
16471 38 1913
18643 57 2886
13742 22 1102
14148 18 939
17871 312 15612
17079 19 996
18495 185 9294
17489 103 5155
15965 124 6207
15713 162 8116
14456 63 3176
13728 137 6861
14148 133 6686
15324 3 186
16750 148 7412
15966 20 1011
15279 26 1305
18235 83 4151
13954 55 2775
16094 156 7803
16420 100 5008
14986 193 9695
14020 98 4920
14394 45 2300
14372 147 7395
17389 100 5010
17028 256 12809
14555 240 12023
18779 59 2951
14021 251 12559
18631 229 11474
17365 130 6507
14890 75 3752
15469 240 12049
17631 87 4398
16006 460 23042
14643 278 13901
18059 141 7093
13902 56 2844
17596 26 1347
17135 47 2385
18699 203 10187
13977 70 3530
14367 157 7858
15128 117 5883
15236 87 4373
14634 163 8189
16250 95 4795
14056 18 938
14535 122 6113
15528 99 4971
17849 251 12559
14891 112 5621
13982 88 4440
14806 61 3074
14431 116 5838
17871 303 15174
17653 32 1638
15961 341 17092
15391 272 13606
14379 86 4333
17100 129 6469
15251 63 3174
14408 5 292
17401 19 972
14185 13 691
13725 79 3988
14900 44 2247
14074 23 1169
17079 11 566
13790 42 2114
13763 105 5263
17783 162 8116
18024 583 29154
14093 232 11644
17753 160 8028
14107 41 2068
16286 31 1590
16196 163 8158
17535 103 5180
14163 36 1805
13732 47 2356
14147 4 216
16117 81 4074
18644 94 4740
15497 36 1832
17240 438 21915
17835 28 1410
13736 196 9820
15106 190 9525
15383 283 14158
17693 357 17882
17088 15 780
16227 101 5100
16744 27 1390
18717 96 4823
15987 392 19615
16741 490 24527
16243 167 8394
18911 130 6515
17662 88 4409
14940 15 764
14641 127 6359
17871 244 12230
17366 34 1719
16499 355 17764
16172 41 2088
16006 460 23050
16272 105 5271
16021 46 2307
16258 8 448
17111 19 959
17383 386 19314
14948 92 4643
17700 53 2677
14764 59 2977
16949 66 3343
16875 4 224
17100 152 7643
15222 155 7788
14390 15 788
14885 4 207
18235 40 2019
16225 41 2060
17079 1 71
18747 1 64
13982 127 6370
16267 49 2471
17686 338 16927
14785 27 1393
17955 305 15290
16858 80 4029
17210 191 9551
14756 99 4954
16013 49 2477
14087 90 4544
15019 0 33
15147 69 3484
14408 5 292
16802 194 9743
17079 1 71
16584 48 2449
16588 199 9962
14008 195 9775
14740 44 2241
14644 149 7459
18704 42 2142
14634 165 8279
18929 354 17725
18644 239 11995
17220 53 2691
14020 4 216
15396 20 1035
17557 168 8410
17871 163 8165
14609 10 537
18685 250 12537
16532 20 1037
14245 145 7267
14148 16 802
17383 127 6351
15160 82 4147
13728 46 2338
18233 332 16609
15160 81 4054
16416 2 143
14697 37 1868
14418 34 1729
17009 17 872
14592 37 1869
17847 314 15742
18054 185 9282
14229 72 3625
17111 19 981
14026 102 5115
15499 64 3239
15918 6 343
14007 102 5120
15774 65 3262
14306 194 9709
15316 147 7376
17111 62 3133
17856 67 3385
16826 19 957
14445 96 4824
14186 154 7706
14617 76 3821
15301 26 1306
15130 0 46
17383 472 23638
16850 47 2395
13763 105 5263
17871 292 14609
14428 153 7697
17457 48 2414
17389 86 4339
17361 338 16937
14470 7 388
14901 319 15980
15335 82 4107
17719 79 3990
18253 177 8893
17250 118 5949
14053 132 6618
18922 426 21302
14088 15 778
15152 46 2345
17865 375 18777
14890 30 1504
18665 466 23306
17361 85 4276
14157 51 2583
17560 110 5516
18933 104 5238
14891 134 6742
18752 223 11199
15592 245 12286
14455 108 5403
17057 82 4131
14301 89 4460
14379 204 10249
15497 46 2324
14020 183 9195
15930 367 18355
16289 35 1783
18922 617 30896
17407 0 17
13862 135 6761
17661 4 247
17569 37 1868
17871 326 16308
14107 55 2798
15160 81 4099
18923 396 19821
14020 196 9803
17371 233 11693
16036 410 20527
14245 63 3191
14987 22 1107
14468 116 5831
14926 46 2344
17678 22 1104
18208 29 1456
15416 6 346
15335 82 4107
15961 204 10204
17157 4 239
18740 260 13029
15915 213 10686
18283 78 3913
15901 287 14351
17239 232 11616
16158 250 12522
14257 0 49
14527 129 6453
18954 138 6927
14047 33 1695
14124 57 2888
17489 103 5155
18779 261 13074
14548 120 6018
14020 22 1113
17985 237 11875
14615 62 3146
18283 52 2628
18048 382 19107
17065 183 9160
13725 79 3997
14453 132 6617
15689 264 13221
17524 82 4130
15966 343 17162
17846 59 2961
14831 33 1699
18286 136 6835
18907 201 10069
18257 31 1568
17667 180 9041
14185 2 137
14721 88 4429
17663 60 3008
14990 229 11487
17652 32 1626
13774 45 2295
17371 188 9429
17655 219 10955
15528 326 16317
14771 244 12247
15715 105 5273
15491 100 5012
16095 96 4846
17237 79 3978
15417 8 401
14185 12 610
14274 187 9354
16403 67 3355
14548 120 6036
14556 156 7838
17185 95 4797
14428 125 6299
16013 31 1568
15989 490 24524
14020 183 9170
16878 141 7062
15140 231 11552
17974 285 14269
16583 304 15242
17048 14 733
15249 136 6833
16826 132 6602
18044 535 26780
17373 185 9251
16818 20 1035
17655 50 2527
14121 221 11070
16006 64 3246
14621 73 3673
16289 12 632
18699 203 10178
15464 167 8368
17206 329 16484
15411 133 6661
15477 20 1042
14626 47 2377
17592 167 8370
14272 78 3931
15397 63 3200
16772 69 3496
15783 308 15444
15130 1 90
18574 191 9552
17333 178 8936
15805 22 1105
15251 5 255
17108 23 1178
15592 31 1562
16038 430 21518
17067 51 2563
17128 45 2264
17100 129 6483
15065 35 1751
17383 386 19314
17972 105 5292
14274 187 9354
16214 116 5829
18754 220 11022
17108 19 980
14527 129 6474
17100 135 6753
18215 16 805
14185 28 1440
17410 19 968
18032 298 14922
14790 197 9865
17400 121 6072
16676 10 514
17287 160 8040
15053 81 4068
16172 347 17393
17990 390 19510
15469 75 3770
18574 292 14620
18678 125 6258
15491 0 40
15383 38 1929
17963 54 2708
17847 407 20380
17630 29 1468
15308 14 745
15965 375 18786
17457 118 5946
14375 90 4504
17559 82 4122
18953 405 20281
14772 260 13002
18031 181 9098
14060 70 3515
15588 211 10587
17851 294 14729
15489 146 7302
18665 466 23306
15785 222 11113
14316 28 1409
14782 99 4991
17429 25 1251
16228 277 13856
13928 99 4972
16426 44 2207
16499 503 25157
14211 31 1596
17407 174 8702
15676 213 10687
15916 239 11960
15397 93 4688
15116 114 5722
15935 145 7256
15913 53 2679
18228 166 8309
18701 243 12161
17990 411 20553
15774 465 23252
16036 168 8445
15419 5 257
15955 56 2841
14060 70 3515
18915 216 10817
14772 276 13825
13712 31 1558
15477 20 1042
14877 177 8867
15801 120 6022
16298 82 4135
15153 157 7886
16117 81 4056
17847 317 15862
13709 207 10375
16096 16 832
15116 100 5045
16809 160 8004
18754 27 1393
17370 50 2505
17459 171 8565
15222 162 8102
15117 154 7728
15715 105 5273
15987 497 24851
16006 234 11741
15249 136 6841
16158 506 25328
15402 41 2069
14942 215 10782
13774 107 5362
18005 34 1748
18032 258 12916
18954 138 6927
14899 102 5140
14626 64 3212
14707 48 2413
17865 375 18777
17119 51 2557
17644 36 1814
13714 71 3556
15383 175 8756
17210 130 6540
17489 288 14446
14431 16 818
17100 92 4637
16499 112 5624
18781 116 5829
17046 82 4124
16286 31 1590
18615 118 5938
14445 96 4824
15683 70 3534
17861 300 15021
13977 70 3537
16403 1 58
14891 134 6733
18283 111 5565
15362 84 4239
18701 236 11837
15465 60 3004
15291 89 4477
13789 153 7656
14121 221 11070
14293 6 312
17482 63 3173
16095 415 20778
16942 220 11033
18031 73 3696
14450 294 14720
18781 94 4705
18929 167 8380
15166 324 16233
15354 75 3795
17122 155 7773
14300 26 1309
15966 83 4192
14148 40 2018
14367 201 10052
14801 172 8602
14377 242 12130
16875 67 3393
16389 37 1864
14079 78 3918
17313 2 129
14453 88 4410
14621 96 4819
17239 297 14897
14878 196 9844
15640 11 593
14891 221 11085
13774 9 480
14053 90 4513
15966 83 4192
14891 54 2714
15715 165 8299
14377 271 13555
17488 113 5669
15057 81 4055
15236 40 2031
14105 21 1091
18623 81 4092
14878 72 3640
16891 226 11347
14431 93 4698
15115 25 1294
17095 51 2586
17119 13 665
16352 435 21794
14888 186 9347
14020 4 223
14464 169 8454
16052 113 5659
18948 39 1972
17282 77 3899
17985 391 19555
17409 4 236
14379 86 4333
14870 76 3819
17469 116 5803
16289 2 140
15425 12 604
14098 69 3486
14694 7 367
13709 84 4239
14542 89 4470
15061 219 10988
14818 22 1130
15416 57 2859
14556 178 8914
15960 533 26694
17075 117 5867
17237 79 3978
15392 23 1191
17484 132 6606
16247 121 6063
17302 105 5274
15966 5 295
14830 25 1295
16378 195 9757
18226 57 2851
15479 144 7218
18911 109 5485
13791 101 5074
14093 106 5336
17413 262 13131
18283 95 4771
16188 214 10712
17871 312 15612
14625 26 1339
18701 279 13964
18261 24 1219
15593 265 13253
18032 436 21811
13803 200 10041
14725 80 4023
16092 17 887
14543 10 546
17633 69 3497
14306 194 9709
17213 15 761
18031 162 8108
17100 129 6483
15676 215 10771
18619 133 6692
15160 159 7975
17661 4 205
14224 64 3233
17572 35 1761
15428 275 13782
16493 21 1088
18701 243 12178
15464 255 12767
15901 287 14351
14336 46 2323
14068 217 10865
15867 120 6004
16741 168 8408
13809 153 7700
14216 90 4546
14524 9 458
18032 298 14910
15633 27 1386
15861 79 3985
17569 38 1924
14107 48 2428
18215 16 806
17213 65 3283
15279 26 1334
16499 266 13336
14569 175 8763
18497 291 14594
14556 8 424
16051 100 5017
13780 150 7501
17847 167 8369
13812 40 2024
15966 20 1011
16095 309 15485
17584 53 2659
18261 24 1217
15291 137 6879
14877 53 2672
17373 192 9640
18615 118 5938
16542 63 3181
14270 283 14158
18035 39 1975
16289 35 1783
14470 31 1573
17169 231 11585
14818 22 1108
15980 12 640
14079 113 5674
17352 173 8671
15913 11 572
14068 233 11675
15677 24 1208
17210 130 6540
13777 14 728
14899 279 13954
17112 137 6894
18220 15 753
15416 102 5145
14716 30 1501
17847 317 15890
14301 264 13211
18692 19 985
14901 171 8595
18492 331 16562
16118 77 3863
16312 272 13630
16118 113 5671
15504 92 4646
14129 30 1515
14274 184 9214
17138 57 2889
13940 28 1439
18577 232 11647
15316 237 11856
16188 0 36
15834 195 9754
15053 3 194
14129 31 1555
13802 14 746
14154 96 4806
17771 26 1329
18039 51 2574
17530 2 104
14377 252 12607
17955 246 12344
14760 152 7646
16285 58 2939
18226 102 5124
18665 159 7986
