18760 259 12960
14218 250 12505
15328 177 8864
17992 82 4127
14798 30 1550
18732 89 4498
15103 89 4485
14575 23 1179
15783 85 4268
17099 99 4979
16073 32 1647
14403 59 2982
17875 330 16515
14450 230 11512
14721 2 150
16432 13 697
16889 192 9635
18732 254 12740
15859 289 14495
14736 213 10695
18760 259 12968
17046 87 4370
16783 30 1531
16186 326 16338
18955 251 12551
14664 240 12002
14798 2 125
16889 81 4082
14942 251 12578
18238 218 10907
17479 8 416
18763 0 42
15909 214 10702
16442 18 932
15442 171 8593
15529 119 5987
17861 351 17595
15130 50 2503
18527 302 15132
16172 288 14422
15236 65 3289
17823 99 4989
17208 254 12740
18497 76 3812
14431 17 898
14223 55 2793
15867 140 7013
14148 27 1396
17973 13 658
18764 40 2001
15923 381 19093
14436 160 8050
18035 94 4715
18732 509 25473
17840 156 7807
16101 56 2812
15941 66 3336
18492 542 27127
17339 127 6352
18008 91 4565
17361 163 8191
18665 209 10467
16753 47 2398
17267 31 1598
18481 120 6007
17990 209 10477
18752 564 28212
16979 1 77
14901 108 5423
15640 64 3224
14902 213 10672
16431 196 9841
18685 484 24246
17423 9 455
14976 54 2734
18630 50 2509
18923 346 17347
17343 12 604
18514 555 27800
18492 223 11161
14893 200 10003
18931 126 6312
15335 188 9436
14722 54 2743
15458 7 397
17973 22 1144
16458 162 8132
14707 30 1526
14774 160 8036
18527 360 18031
17978 133 6698
16225 249 12500
14795 60 3029
17333 51 2565
14202 85 4283
17603 26 1307
18753 34 1716
18010 81 4067
17530 7 397
18048 408 20450
15966 305 15265
17459 105 5266
15115 63 3164
16150 103 5198
18605 38 1922
15923 388 19447
17028 212 10647
17300 4 217
15801 183 9193
16798 67 3388
14403 63 3178
15851 15 793
17336 16 832
14722 42 2130
18011 33 1679
17535 27 1353
14746 279 13954
18011 39 1968
17753 175 8763
17505 99 4976
18249 22 1143
15328 177 8877
18753 27 1388
14269 41 2085
14632 70 3527
15862 296 14807
18929 220 11019
14290 178 8910
18765 333 16693
14151 70 3538
15828 501 25095
14154 81 4088
17462 12 604
14722 39 1963
17243 43 2156
18748 153 7665
18605 38 1909
15167 152 7636
16073 171 8578
16520 101 5088
17973 13 685
18761 81 4064
14749 300 15003
15894 87 4362
18603 7 354
16493 81 4089
14942 251 12563
15909 222 11131
14610 168 8421
16761 368 18429
15115 139 6999
14549 210 10529
17326 58 2909
15469 324 16247
18779 301 15084
14636 102 5131
15154 226 11337
17237 515 25799
17055 428 21448
17029 60 3008
15783 85 4270
17055 433 21685
17028 95 4785
18712 306 15322
17985 167 8378
14886 129 6488
17116 67 3373
17423 9 453
17361 56 2831
14575 83 4169
16432 101 5088
17270 81 4078
14986 140 7045
16520 101 5065
14319 22 1136
18923 646 32332
14771 60 3010
16832 1 98
14338 232 11640
17696 8 408
18779 301 15084
17055 128 6428
16867 206 10336
14664 151 7596
18748 4 249
17260 30 1520
16118 96 4849
18035 94 4708
18044 419 20962
16051 206 10327
18752 363 18151
15383 289 14479
18603 184 9225
15801 183 9193
15965 429 21492
14824 305 15263
17766 33 1695
15970 136 6821
15927 37 1895
14436 201 10082
15876 52 2618
17326 58 2909
18011 82 4101
16095 79 3972
18024 338 16914
14436 201 10083
14367 88 4444
18740 45 2279
17875 375 18793
18024 345 17275
18779 542 27146
17972 246 12337
15940 214 10717
16878 158 7921
17237 233 11682
14970 86 4325
17874 51 2591
17874 20 1043
18527 302 15119
18665 130 6515
15862 284 14233
14697 47 2352
16889 245 12294
14986 80 4004
18603 184 9229
14623 17 869
17847 15 777
17178 53 2679
18651 84 4204
17366 23 1168
17177 37 1889
16836 80 4007
14774 112 5603
17326 12 621
16733 54 2706
14592 45 2273
15080 36 1832
14702 33 1663
14774 187 9400
17973 50 2549
18907 102 5146
14816 82 4107
14355 2 117
16118 96 4849
14940 51 2587
15774 111 5554
16845 143 7183
18481 124 6240
17140 126 6337
18874 199 9989
17504 25 1258
17326 18 923
18514 80 4009
16526 48 2440
14190 18 923
17791 30 1524
14333 33 1677
18666 61 3065
15130 50 2519
15673 53 2687
17679 10 548
15442 109 5475
17383 23 1154
18765 333 16693
16075 308 15410
14227 42 2141
18031 88 4403
16867 260 13036
14722 63 3174
16836 51 2571
16888 540 27040
14721 33 1659
14446 25 1257
16227 46 2312
14642 70 3516
14277 125 6300
16874 99 4980
16888 142 7126
18034 65 3299
17633 74 3746
15973 116 5830
15713 2 124
18907 107 5382
18007 91 4557
14277 35 1760
14746 133 6664
16432 13 698
15251 55 2759
15909 63 3158
14970 68 3425
15965 290 14504
15867 73 3665
15828 421 21068
17874 19 995
16798 48 2430
16847 58 2935
17237 493 24658
15965 290 14544
14363 55 2796
18481 38 1948
15296 231 11592
16431 196 9836
17095 97 4861
16432 19 978
17339 127 6352
18955 136 6805
14403 63 3179
14575 83 4169
17834 5 267
15053 48 2447
18001 1 72
18874 209 10466
14223 55 2793
14329 25 1253
14263 103 5179
15828 87 4375
18007 77 3897
14356 177 8865
18514 63 3173
15154 8 433
14857 203 10170
17972 164 8237
15484 97 4867
17671 218 10945
18630 52 2649
15909 214 10717
14195 130 6509
17990 284 14225
18249 11 590
15403 81 4064
18525 101 5056
14202 121 6078
16697 122 6110
16835 290 14516
14190 2 128
17636 35 1796
16836 18 906
15014 163 8151
18009 22 1106
15254 49 2478
18947 287 14398
15403 95 4784
17479 8 416
17028 163 8160
17361 185 9266
18929 228 11405
15115 20 1018
16209 23 1151
15776 2 129
17383 461 23092
14524 36 1845
15014 164 8217
17505 52 2643
18018 15 766
14764 101 5080
18249 11 584
15923 180 9015
18687 3 180
15430 41 2095
15458 7 371
15383 77 3852
14218 86 4341
17875 375 18793
16826 173 8681
15273 178 8927
18220 103 5164
16783 45 2286
15297 135 6779
15103 134 6720
17237 235 11770
17696 54 2724
14231 19 986
16319 3 199
14228 84 4213
14231 10 524
15677 246 12338
14970 68 3425
14721 164 8240
14450 278 13928
15554 177 8895
15179 55 2754
14575 55 2790
18922 604 30214
18024 364 18221
17237 235 11770
18044 268 13443
14623 288 14404
18018 46 2303
18923 644 32217
16921 18 932
16431 196 9836
15828 506 25320
17479 17 882
14782 73 3654
16867 271 13553
15279 114 5723
14623 17 869
16118 225 11280
18049 45 2262
18750 209 10462
14338 232 11626
15403 174 8705
16172 396 19841
17204 33 1676
16761 361 18077
14746 147 7397
18048 408 20424
17339 127 6352
14702 33 1662
18049 45 2297
16172 24 1233
14715 41 2058
16798 108 5444
18481 38 1940
17217 109 5452
17522 150 7530
16581 178 8945
16167 259 12997
16878 168 8409
16172 396 19816
16186 160 8008
14379 28 1410
15529 119 5966
14642 3 163
15294 66 3306
14772 240 12016
18527 545 27268
18923 391 19553
16798 48 2447
15927 57 2874
14117 33 1658
18756 111 5558
18922 599 29984
18933 390 19512
15733 13 657
18732 256 12802
14336 55 2765
18630 50 2509
15154 8 418
14446 22 1110
17973 70 3519
14772 236 11840
16410 193 9693
15290 29 1460
14328 23 1178
18922 604 30242
17137 91 4592
14975 133 6668
18685 565 28262
18926 21 1085
18005 23 1164
16835 38 1930
15322 54 2746
16047 24 1249
14243 33 1677
18665 209 10465
18054 464 23237
15130 50 2503
18685 484 24235
17561 212 10630
16319 21 1059
17851 342 17106
15917 503 25186
17055 127 6396
17834 63 3181
17603 17 864
14921 7 360
17116 67 3379
14157 193 9677
17972 164 8250
15251 82 4145
17337 24 1241
16042 34 1710
17178 40 2003
15794 102 5114
17681 22 1132
18514 28 1433
14749 103 5165
17440 165 8286
14319 10 549
17095 97 4868
18764 48 2405
18860 29 1493
16172 522 26126
18953 355 17797
18651 64 3211
18928 96 4802
17985 180 9023
14546 112 5615
18923 623 31169
15464 203 10194
14722 161 8062
18732 89 4474
18001 1 87
15469 318 15912
17337 31 1574
14403 47 2385
16301 272 13638
17489 196 9807
14764 105 5292
18732 50 2504
14159 134 6723
14202 121 6099
18024 589 29462
15846 89 4482
17322 35 1791
15783 85 4270
17753 148 7401
15591 179 8975
18018 46 2329
18910 79 3982
17398 64 3208
14768 87 4391
16041 54 2733
17123 21 1070
17990 284 14229
16227 161 8056
15689 282 14150
18874 292 14650
18779 32 1642
14564 56 2835
14956 310 15523
15425 122 6104
17053 11 578
17871 34 1743
17658 22 1119
14450 228 11404
14223 55 2774
17394 183 9171
17504 4 245
14436 180 9016
17447 120 6022
16809 232 11605
16205 239 11954
15251 82 4106
14363 271 13556
18011 39 1980
15923 471 23555
15919 12 625
17484 274 13711
15876 51 2552
14157 66 3304
18712 182 9124
15640 78 3916
15383 178 8913
16921 125 6294
14772 240 12016
18953 355 17757
17339 43 2172
16947 176 8805
15862 296 14807
17371 465 23287
15383 18 920
14798 38 1935
15273 178 8927
18779 454 22716
18007 77 3853
17972 164 8214
16095 251 12593
14286 5 254
15828 417 20871
15923 180 9005
18760 259 12960
15457 76 3845
16733 17 868
15862 296 14829
18756 128 6415
16676 153 7652
18035 162 8137
16199 234 11727
14976 162 8125
15061 252 12603
15591 179 8978
18219 152 7650
18933 57 2873
18922 26 1311
14611 157 7862
14764 101 5080
17990 428 21415
16075 314 15733
17336 44 2220
16442 4 220
18712 306 15340
14300 181 9054
16026 15 756
17191 3 200
17177 68 3415
15800 279 13985
14409 199 9981
18481 81 4066
17137 91 4592
16921 175 8755
16432 13 676
17662 32 1624
18010 101 5069
18701 226 11308
15894 87 4384
18034 141 7089
14764 53 2652
17875 421 21055
16893 11 586
17662 27 1389
15413 50 2533
14157 78 3928
14642 117 5874
15927 178 8901
14782 73 3683
17462 19 959
14942 251 12583
17462 19 959
15127 43 2160
16434 46 2345
17137 29 1488
15154 98 4947
15923 388 19438
17361 155 7783
17671 218 10912
17034 59 2951
18024 476 23834
18474 217 10859
14986 111 5599
17239 128 6433
14410 178 8911
14333 22 1144
18615 566 28310
18756 128 6403
17457 158 7904
14425 205 10296
14575 83 4190
15859 338 16930
14673 40 2005
14319 13 690
18244 24 1210
18044 55 2757
14564 154 7724
16199 118 5925
14148 73 3657
18034 65 3255
15828 145 7277
16840 38 1941
14165 51 2594
14901 72 3631
16172 472 23603
17985 342 17122
15862 318 15925
16262 10 523
18662 9 476
14270 8 409
15130 61 3079
17361 155 7783
15862 294 14749
14607 113 5689
16927 17 887
14886 55 2751
15917 353 17675
17462 11 586
14458 32 1633
16485 30 1515
14715 41 2058
14970 68 3428
15965 347 17388
18024 361 18094
14277 3 199
15919 44 2250
18929 281 14076
17178 36 1809
17383 461 23092
14795 55 2767
15254 60 3027
15014 152 7648
15966 443 22199
14545 89 4479
15987 326 16331
18018 46 2321
17177 62 3121
15965 347 17388
15917 420 21023
17840 337 16851
15251 82 4126
17505 11 560
16026 139 6969
17206 181 9056
15919 46 2304
17985 138 6904
18018 15 779
18955 136 6807
17662 48 2402
14564 10 535
17505 27 1387
18732 104 5243
17834 52 2642
18874 240 12008
14149 127 6373
14431 72 3620
16410 159 7994
17371 386 19334
14427 264 13229
18644 124 6221
17152 21 1066
14139 258 12913
14377 202 10132
17462 12 613
18246 20 1023
17335 25 1299
16798 19 951
15430 46 2301
17364 6 338
14277 125 6300
17972 129 6480
15965 478 23918
15154 43 2186
16526 68 3416
18049 45 2262
14190 18 949
17300 18 916
17503 163 8169
15430 41 2095
18632 156 7808
15927 178 8911
14329 90 4521
16410 159 7994
14335 225 11277
16847 58 2923
18732 89 4474
14970 86 4304
18048 408 20446
16845 143 7183
17633 74 3746
15014 207 10393
15115 20 1043
17361 342 17138
14333 33 1678
14642 117 5874
15462 168 8443
17955 259 12991
18752 199 9983
18010 101 5066
14543 25 1292
14390 84 4210
17053 40 2017
16041 237 11874
18246 20 1026
15391 198 9942
18007 70 3529
15987 233 11666
17603 26 1321
15867 73 3679
18732 50 2508
15391 187 9392
14458 46 2323
18048 365 18258
18219 154 7742
14336 88 4402
16119 199 9985
16947 176 8803
14795 37 1889
18748 153 7685
17435 49 2456
15894 39 1997
17875 421 21055
18665 11 598
15318 43 2187
14564 106 5324
15294 9 471
18678 329 16494
17447 85 4281
18752 310 15530
14143 61 3092
15673 53 2689
14270 254 12709
14592 10 515
16172 472 23601
14269 41 2085
14117 24 1247
16497 45 2268
15894 39 1997
14749 61 3087
18631 369 18463
15446 39 1951
17371 149 7465
14782 73 3654
15940 118 5917
14450 278 13931
14218 61 3095
18253 11 579
17237 235 11783
16209 287 14369
14642 3 163
17603 17 856
16809 235 11785
17973 3 155
14707 36 1831
14369 45 2262
18756 125 6262
14216 17 872
18644 159 7982
14740 57 2853
17636 5 251
18732 509 25473
15403 81 4064
17152 7 366
17776 17 867
17224 38 1932
18497 65 3254
15167 79 3998
16458 37 1881
17177 68 3415
18024 364 18205
14741 201 10073
16144 77 3880
18024 364 18205
18034 141 7075
15987 210 10526
14697 19 978
17237 521 26056
16835 27 1393
15099 185 9259
17757 82 4130
17522 159 7977
14409 176 8847
16042 11 562
14901 72 3631
17260 11 582
14643 179 8952
17312 115 5791
14771 60 3010
18040 26 1346
15923 155 7766
14956 310 15523
14549 210 10529
17561 219 10960
15322 54 2746
15297 198 9938
18010 101 5062
16798 48 2430
15917 420 21042
18024 338 16914
17339 199 9967
17206 483 24199
15446 13 677
14161 86 4328
14948 279 13957
14564 10 535
15989 512 25625
15986 61 3056
16733 18 916
15167 141 7075
15113 0 31
16432 13 698
17580 2 113
17636 35 1796
17344 30 1532
14736 135 6783
17590 4 212
18794 20 1045
14379 28 1442
14403 68 3402
18756 12 602
17875 375 18793
16341 18 922
17366 51 2577
14545 89 4479
18756 19 996
15469 318 15932
18018 46 2319
18779 512 25647
18481 113 5670
18516 224 11213
18219 154 7742
15458 7 381
15251 94 4730
16809 235 11771
15103 228 11426
18492 238 11934
14749 300 15043
15462 25 1263
16867 155 7786
14458 32 1633
15425 177 8851
14277 38 1906
15862 143 7178
16520 71 3567
17681 22 1142
16526 24 1234
18011 82 4143
14138 95 4762
15442 171 8596
14774 112 5603
18644 124 6238
16493 81 4089
17972 33 1700
14733 20 1046
14338 232 11626
17178 40 2049
17535 28 1439
14623 88 4427
18249 7 383
14450 82 4101
14805 13 682
18750 205 10254
17324 48 2413
18752 564 28238
14291 136 6808
14403 63 3173
14970 68 3425
17333 117 5892
16031 12 636
14548 168 8442
18765 74 3737
14270 91 4563
17985 167 8378
16051 206 10349
14816 106 5309
15403 2 132
17958 25 1265
15254 64 3215
14558 279 13965
18662 7 373
14545 148 7429
18947 309 15473
15053 48 2447
14133 103 5185
14279 49 2490
16761 55 2795
17270 4 219
18923 543 27169
14774 112 5603
16101 56 2812
16555 69 3480
14450 229 11473
14968 127 6393
14436 80 4043
17535 49 2481
14764 38 1932
17269 83 4161
17336 1 97
15696 76 3843
18024 345 17278
17535 70 3510
15867 140 7013
18763 0 33
17696 180 9028
16209 215 10778
16965 322 16108
17206 326 16331
16893 11 587
15252 47 2389
14643 110 5520
18644 219 11000
18481 124 6205
17313 199 9984
17191 31 1595
16341 269 13491
14543 181 9094
14403 47 2360
14677 60 3025
17206 175 8766
14231 25 1290
17766 1 67
18907 107 5365
18712 306 15313
17312 206 10315
18712 64 3238
14542 146 7309
15254 49 2494
17493 245 12256
15115 99 4971
14263 285 14290
15061 252 12603
18677 222 11137
18253 11 561
15328 15 777
17322 35 1794
18481 38 1924
15413 54 2736
17419 47 2400
17371 465 23267
18603 7 354
14749 61 3094
16227 28 1420
14819 10 517
17973 50 2523
17206 216 10830
18929 31 1557
17055 93 4693
14664 240 12023
14159 59 2979
18044 522 26136
14336 55 2765
17493 245 12258
17366 51 2577
14610 161 8064
18027 54 2731
15254 50 2516
14143 143 7151
17636 35 1796
14157 193 9677
14736 188 9425
18764 32 1614
14162 74 3729
18527 302 15131
18687 536 26805
16225 155 7757
14138 95 4762
18024 62 3148
15113 0 31
14942 77 3865
16172 64 3224
14157 66 3322
18926 21 1054
17990 254 12738
16689 6 312
14921 59 2990
18024 345 17278
18039 46 2330
17482 139 6989
17850 28 1417
14874 46 2311
14825 59 2994
17116 0 19
18031 83 4175
15987 177 8875
17447 62 3110
18034 65 3297
14824 187 9374
16117 58 2940
15154 123 6200
14564 11 591
14154 81 4088
14379 210 10527
14664 190 9541
15318 147 7374
14410 274 13728
16497 20 1023
15403 81 4064
18929 220 11019
17327 101 5060
17383 116 5811
16835 187 9359
14736 188 9450
15909 214 10743
18499 201 10066
16783 45 2286
17505 52 2644
18779 525 26264
15103 218 10917
15113 43 2161
16225 155 7757
14363 220 11020
17371 55 2779
14768 103 5194
17423 9 461
17662 4 250
15894 109 5488
17766 33 1698
17489 50 2542
16836 51 2571
17972 164 8239
18910 139 6963
18466 87 4365
14940 155 7756
16733 17 862
15458 7 373
14458 46 2323
17116 67 3372
14543 25 1292
16485 30 1509
17522 18 909
15167 81 4085
14772 43 2164
15264 162 8134
14721 2 150
14527 95 4800
17116 0 19
17875 330 16511
14202 85 4298
18031 21 1053
14542 284 14224
16544 152 7612
17322 5 293
18779 301 15061
14795 55 2751
14921 68 3404
16144 77 3898
17361 56 2831
16835 27 1370
14329 199 9957
17504 8 401
16410 193 9678
18492 238 11938
14154 108 5440
14427 243 12166
14736 213 10657
16047 13 679
14636 102 5128
17875 223 11188
18514 330 16501
18929 31 1573
17973 22 1144
14269 154 7725
18741 8 435
14355 10 538
17696 17 881
17459 47 2356
15987 370 18535
14795 55 2767
17344 69 3497
17343 29 1463
14431 17 879
18024 401 20056
14527 76 3845
17636 35 1796
17005 100 5029
15965 347 17373
14450 1 81
18527 576 28847
17766 33 1659
14446 17 851
16167 259 12985
17990 405 20276
16676 330 16535
16205 493 24698
17874 20 1020
17592 151 7584
14425 175 8792
15591 28 1414
18732 57 2890
14721 67 3390
17823 99 4989
15430 154 7703
18732 47 2363
16442 57 2865
16965 322 16141
18499 201 10066
16676 330 16535
14940 121 6098
17423 9 455
15154 117 5854
17861 381 19083
16041 192 9621
16676 307 15390
15115 99 4971
16073 32 1629
18685 484 24211
16205 239 11954
17055 128 6401
14436 180 9006
18027 37 1863
14902 20 1050
15529 48 2423
17875 346 17317
18740 45 2260
17140 62 3135
17028 163 8160
18732 254 12740
14729 21 1071
16798 108 5449
16733 17 868
14438 171 8591
15154 8 433
16889 256 12809
17696 33 1670
17875 405 20266
15941 66 3335
14410 274 13741
17447 62 3110
17004 262 13107
17383 116 5843
16058 22 1143
15794 134 6723
18922 383 19195
17505 52 2644
14805 52 2614
18923 346 17315
18603 189 9486
18007 77 3853
17990 254 12738
16042 11 562
14231 19 963
14772 48 2405
15442 176 8807
18492 143 7180
16458 37 1877
18024 509 25471
18752 310 15519
16150 359 17998
16341 269 13491
17337 45 2257
17371 55 2779
14269 140 7048
17089 53 2677
14764 38 1932
18732 509 25458
14216 83 4169
16867 206 10339
15919 36 1814
17592 136 6821
15484 280 14032
16063 51 2588
17419 16 801
14902 313 15683
14218 82 4108
16298 200 10030
17361 257 12856
18514 555 27800
16835 304 15205
17300 11 567
18603 184 9225
17866 60 3022
14438 125 6262
17237 55 2784
14277 125 6300
17326 59 2951
14642 117 5874
14623 249 12485
17440 165 8286
17834 52 2642
14224 33 1693
18005 214 10716
14782 139 6976
17415 146 7322
17667 127 6383
17152 7 366
15252 47 2381
17535 70 3510
16526 7 385
17254 58 2907
17327 39 1970
15234 43 2176
15511 81 4092
15640 41 2087
14146 56 2848
16199 176 8824
16431 196 9841
18039 46 2330
14956 310 15536
14975 51 2563
18632 156 7808
18779 32 1642
15103 129 6456
16432 19 978
15103 134 6720
16753 6 303
15297 135 6773
16442 57 2863
17671 168 8437
17447 32 1648
17866 60 3018
15286 201 10090
15236 65 3285
18010 101 5082
15166 43 2179
14632 79 3956
16118 96 4849
14286 11 563
14431 39 1981
17681 46 2330
15286 186 9316
18860 116 5825
15154 123 6199
14458 4 205
16041 195 9752
17972 246 12303
18499 220 11020
16888 413 20670
15909 214 10717
14379 28 1442
17419 47 2374
16355 47 2394
15909 63 3158
15801 378 18922
18049 45 2262
14772 6 304
15318 90 4540
17313 70 3531
17620 95 4769
15776 5 256
15511 202 10105
14436 80 4043
14281 88 4401
17696 166 8301
15970 193 9654
16836 51 2590
17482 160 8012
14893 247 12378
16889 245 12294
17661 84 4233
14968 127 6393
18756 128 6401
18712 182 9124
14218 200 10017
18764 32 1614
14154 108 5407
16798 67 3388
18574 75 3768
15965 125 6264
15876 51 2554
15061 202 10117
16893 11 582
17447 64 3219
14774 241 12091
16225 155 7781
17191 1 75
18756 129 6465
18910 160 8044
15099 36 1840
18752 363 18164
18492 223 11169
14956 310 15523
14191 27 1360
17791 13 697
18258 126 6328
18474 217 10856
14319 24 1235
16826 169 8475
17053 42 2147
18923 391 19600
18924 121 6065
18040 86 4320
15923 310 15527
18604 16 811
17484 274 13717
17561 177 8873
14329 25 1253
14335 211 10574
14592 10 510
18018 46 2321
16119 525 26298
16965 322 16138
18732 344 17214
15430 41 2092
15383 250 12534
15234 43 2171
14195 198 9918
14903 79 3984
16144 77 3860
18233 40 2043
17861 347 17362
17696 54 2725
17776 5 252
16227 33 1691
14377 83 4172
18874 194 9713
15863 50 2539
16733 17 862
14157 30 1511
16526 68 3412
17851 324 16208
15989 500 25017
18048 408 20446
15098 66 3342
15383 289 14479
14611 110 5517
14191 27 1391
14623 88 4419
16434 46 2330
17840 81 4087
18756 129 6465
17494 48 2448
16101 56 2816
14446 17 859
17313 136 6848
17312 115 5751
18244 24 1241
17208 139 6983
18031 88 4410
18481 113 5670
17300 10 537
17985 180 9036
18644 124 6221
18765 291 14575
14542 284 14215
17494 155 7756
18922 398 19940
18754 34 1715
18929 228 11421
17217 48 2428
18001 11 564
16867 271 13553
14148 127 6374
18048 408 20413
14733 62 3112
17267 81 4080
17361 56 2831
14450 291 14568
14556 135 6786
16809 232 11636
15355 14 741
18665 25 1282
16219 37 1898
16355 77 3878
17046 87 4380
14886 55 2787
17667 97 4860
15469 194 9707
17337 31 1574
15328 62 3121
18024 364 18215
15876 52 2609
15484 116 5803
15166 43 2182
16344 37 1892
18466 60 3047
16341 18 902
14774 176 8834
18752 564 28229
17089 1 87
16581 23 1172
18631 316 15850
16410 193 9697
14319 13 690
14149 256 12814
18779 32 1642
14545 89 4479
18712 182 9142
14543 148 7445
15266 9 464
17681 18 933
17267 81 4080
17620 199 9977
17095 97 4868
18748 153 7659
17300 18 939
14736 213 10657
17573 77 3867
14291 136 6808
16481 116 5836
15251 108 5426
17505 11 563
17753 175 8763
15987 177 8876
15442 171 8593
15909 214 10743
14611 157 7862
18763 11 597
15328 15 792
17366 23 1168
14149 0 25
18024 364 18219
17415 77 3881
16172 80 4008
15457 170 8505
15987 345 17299
16063 92 4642
15923 155 7791
15927 62 3106
15403 95 4784
17871 105 5290
17978 278 13943
14575 4 208
17343 12 617
17361 257 12856
17068 12 611
17753 17 876
17336 3 185
17504 8 401
14611 162 8118
17791 0 12
17206 326 16331
15970 198 9932
18779 32 1629
14154 197 9894
17973 50 2523
14592 10 505
15733 13 668
15464 234 11731
18045 49 2459
17251 200 10030
16497 8 427
16753 62 3105
15080 34 1737
17603 17 859
15430 31 1592
16581 178 8923
18481 91 4557
17322 38 1938
15941 12 638
15965 269 13478
16835 304 15225
14369 45 2262
18008 91 4579
16867 155 7751
18499 178 8949
14450 291 14599
16733 5 254
16242 351 17574
14986 111 5599
17958 25 1294
17522 18 909
18922 343 17174
17875 330 16515
18219 58 2904
18474 217 10856
18712 64 3238
17344 30 1521
15484 77 3858
16497 8 427
14733 0 6
14921 59 2990
14543 104 5227
17313 180 9031
14149 183 9177
17336 4 232
16301 272 13644
18011 35 1788
17973 22 1144
18874 199 9975
18024 401 20056
17636 35 1796
17300 11 595
18244 109 5466
17875 346 17345
18929 76 3827
15640 48 2449
18044 419 20995
14970 86 4325
15696 27 1374
16878 158 7941
18028 229 11460
16319 21 1067
15061 244 12203
16172 31 1588
14117 33 1658
15591 179 8991
14291 58 2933
14146 56 2848
18007 77 3861
14329 25 1253
14403 47 2360
18732 359 17958
17875 375 18793
18034 101 5073
14218 82 4108
14975 83 4192
18644 124 6238
14281 88 4401
16058 97 4854
17339 43 2181
17865 99 4990
18748 153 7665
15273 44 2228
15919 36 1814
17206 175 8766
14338 305 15252
17524 68 3401
17990 428 21417
17457 68 3403
15909 222 11131
17028 163 8159
15446 21 1065
14746 108 5443
14445 0 37
17144 165 8298
15254 60 3027
14143 61 3061
14722 39 1961
18644 124 6233
18527 302 15147
18701 220 11025
17055 233 11656
18007 77 3891
17636 35 1773
18492 238 11938
15163 71 3578
14446 17 885
17367 91 4586
18481 124 6202
15252 24 1229
14269 41 2085
17517 316 15823
15154 8 403
14138 41 2060
15917 353 17659
15511 202 10105
17757 82 4130
15383 91 4597
14722 161 8058
14642 8 414
17177 37 1880
15774 449 22451
14746 147 7378
15457 76 3808
17137 91 4592
14611 157 7892
15966 150 7522
16205 239 11999
18922 157 7867
15266 33 1657
15861 38 1917
17875 375 18793
14427 264 13248
14369 4 238
16893 11 582
18748 153 7659
18024 62 3148
14151 66 3348
17029 152 7622
15919 46 2304
18630 50 2511
17875 421 21055
18750 205 10281
15989 424 21232
16526 30 1541
15154 249 12477
16874 99 4994
17494 148 7445
16298 200 10030
18756 2 108
14623 17 859
15965 429 21458
14772 108 5419
14190 18 923
18489 195 9776
14269 65 3269
18044 55 2796
14319 13 699
15149 64 3207
17874 52 2612
17335 25 1290
14721 164 8221
17178 83 4151
15053 23 1173
16867 260 13036
16186 124 6210
17992 2 137
17068 27 1384
17099 99 4979
15940 123 6175
14746 133 6670
18048 378 18905
17505 11 563
18630 52 2649
16319 24 1206
18001 11 564
17344 30 1530
18005 214 10749
18024 69 3485
17028 300 15027
18516 202 10117
18779 541 27065
17636 35 1796
17459 105 5266
17089 83 4194
16167 56 2835
18527 360 18003
16047 26 1321
15464 234 11720
18238 176 8821
16355 47 2385
18258 124 6213
14801 252 12610
14319 10 539
17871 34 1743
16520 101 5068
18008 82 4141
17336 1 91
18756 2 108
14450 278 13931
18040 73 3666
16845 143 7176
15430 46 2301
14817 82 4103
15486 372 18635
18527 545 27291
14195 198 9925
16205 248 12447
14575 4 209
18619 120 6011
18931 62 3112
17177 37 1891
14976 46 2301
14772 73 3655
15554 177 8857
17985 286 14343
15163 71 3590
18947 313 15699
17530 7 365
18794 20 1023
15696 76 3828
17667 97 4868
14556 135 6786
15127 33 1699
14223 55 2793
14764 38 1917
17522 18 914
18662 7 373
17757 78 3946
15828 145 7277
14746 147 7400
18258 126 6302
15080 36 1832
14149 30 1550
14377 113 5691
17237 235 11783
18907 107 5382
18044 419 20992
15391 44 2213
15053 188 9432
14338 50 2529
15591 28 1410
18765 333 16684
17671 168 8440
16051 146 7347
15846 116 5833
15484 257 12856
15529 119 5966
14390 72 3630
14269 39 1998
18028 305 15289
15296 92 4605
15776 2 133
18028 229 11456
18499 334 16712
14149 188 9448
15965 360 18012
14338 163 8171
16506 161 8066
17028 13 692
17578 6 317
14436 201 10082
14246 122 6118
16355 47 2394
17992 78 3929
17237 235 11798
18924 0 44
16058 29 1496
15236 65 3257
17524 76 3804
16927 17 887
18246 39 1972
14409 199 9960
17415 189 9493
15846 116 5833
15910 229 11491
16341 269 13491
14450 72 3640
18953 328 16446
14281 88 4432
17383 116 5843
14772 43 2191
18756 111 5556
17493 193 9676
16481 116 5836
17985 78 3925
14425 145 7285
14772 48 2422
18928 96 4849
15894 87 4384
18039 169 8475
18024 338 16913
16073 209 10454
17978 133 6671
17366 51 2551
17866 20 1025
14269 154 7713
18514 80 4009
16186 309 15500
17827 5 281
15447 121 6061
15383 250 12508
15591 183 9158
16265 16 813
16242 265 13280
17592 136 6840
18741 8 406
17415 77 3856
18779 512 25647
14816 57 2894
15127 33 1672
14450 228 11403
14772 48 2422
18028 229 11456
18860 90 4544
17589 8 450
14190 72 3625
15458 12 635
18481 113 5656
15391 44 2213
18754 34 1739
16964 12 616
18794 54 2707
17481 36 1810
17324 53 2668
15273 44 2228
18258 126 6328
16431 196 9841
18463 273 13691
14425 175 8766
14634 66 3338
18701 47 2361
17326 59 2951
15113 62 3111
18644 124 6237
14546 179 8988
14277 0 12
14355 9 459
15115 63 3180
15469 324 16247
15130 61 3073
16432 13 676
15228 70 3523
16835 304 15237
18258 123 6185
15989 156 7815
17590 1 67
17462 11 599
17177 68 3415
15469 194 9707
18874 194 9713
14427 264 13229
16344 20 1032
14642 3 163
17955 243 12154
18666 26 1304
14213 13 659
14771 82 4136
18249 11 584
18732 344 17214
14427 143 7166
14306 172 8620
15279 30 1548
17312 206 10315
14524 36 1846
14143 41 2074
15917 515 25800
17361 56 2831
17851 326 16324
17055 261 13097
14903 188 9450
14356 222 11123
15640 71 3585
15696 8 447
14431 39 1981
18929 118 5918
15511 202 10105
14641 6 340
14403 59 2998
18732 359 17991
16286 548 27438
14768 35 1784
14970 236 11805
14575 55 2775
14202 85 4298
14527 76 3839
15862 318 15950
14159 63 3193
14772 48 2405
17365 97 4875
18516 367 18361
16893 49 2484
16878 158 7921
16262 10 529
17195 117 5873
16893 49 2484
17696 8 425
16947 94 4717
14543 25 1292
18605 38 1909
17681 50 2533
15251 94 4702
15447 160 8006
15940 123 6156
18748 4 214
18922 38 1924
15383 30 1524
17055 433 21654
15149 97 4872
16481 116 5836
18009 35 1772
18659 134 6741
15254 50 2516
18753 69 3496
15328 62 3142
17990 405 20276
14819 10 533
17338 10 519
16526 48 2415
16265 16 844
18010 101 5066
18516 202 10117
15917 102 5132
14636 102 5127
16137 90 4527
14231 25 1264
17055 367 18352
18001 14 742
17237 22 1115
17667 61 3074
14390 79 3975
17866 60 3016
17423 11 579
14269 65 3257
14356 177 8852
14165 51 2594
15409 84 4220
17972 91 4580
15403 81 4064
14246 72 3616
16172 396 19816
14269 41 2069
15254 60 3027
17327 119 5955
18007 39 1964
15254 97 4884
18031 88 4403
17620 122 6109
14363 149 7471
16979 57 2900
17482 139 6969
14369 40 2043
18481 91 4575
17339 274 13726
14286 8 402
17394 183 9171
16825 29 1473
14338 54 2716
18750 213 10694
14336 88 4402
18924 121 6065
18779 542 27146
15930 455 22786
16581 254 12730
18577 270 13547
17590 10 543
15965 290 14544
18701 226 11307
14390 84 4210
15074 56 2829
14390 72 3630
17338 86 4309
17335 46 2321
18028 305 15289
17504 11 581
17504 11 581
15103 103 5156
18010 81 4071
17776 5 252
18039 169 8465
18044 55 2796
16836 80 4007
17481 29 1455
18630 50 2509
17228 81 4077
17661 84 4233
18489 195 9773
18527 302 15147
17827 62 3148
16199 175 8784
16319 3 199
17662 149 7489
17260 25 1261
16379 4 241
15383 69 3485
16286 548 27438
15923 155 7791
16845 271 13582
14338 232 11626
17361 298 14910
14774 241 12078
18603 204 10224
17851 342 17113
14410 178 8944
17590 15 763
17053 110 5503
14227 74 3713
14736 188 9449
16144 3 190
18010 81 4062
18039 169 8465
16118 225 11300
15965 194 9744
16893 53 2660
17494 12 627
18603 184 9219
16526 28 1408
14151 66 3304
14338 163 8195
14746 279 13972
14746 108 5417
18732 359 17958
14190 72 3604
14306 137 6851
17326 18 923
18008 82 4110
18045 14 704
14607 220 11005
17636 5 251
17177 37 1880
16733 5 254
14223 14 746
17522 90 4503
18748 153 7659
16520 101 5088
18922 343 17184
18947 309 15473
17313 70 3512
15382 204 10244
17260 11 580
16506 80 4031
15103 129 6461
17851 259 12963
15383 250 12508
15927 57 2874
17144 89 4463
15179 55 2754
18527 302 15105
16832 1 67
17866 20 1012
17851 259 12981
14734 148 7443
16150 273 13688
17267 31 1598
15986 61 3091
14336 88 4402
15640 71 3557
17517 316 15827
14319 2 135
15484 97 4867
18010 101 5082
18779 473 23688
14369 75 3756
17503 241 12094
15053 48 2447
15457 70 3527
18874 194 9713
14623 288 14404
18779 542 27146
18931 62 3112
15290 29 1460
17326 18 923
15251 108 5426
16434 46 2345
14213 24 1247
18752 564 28212
17978 278 13943
15167 79 3998
14446 22 1110
14338 163 8171
15391 44 2213
17875 421 21055
15989 500 25017
14117 33 1658
15014 37 1889
17847 15 779
15446 22 1109
14664 244 12236
18752 363 18168
15970 198 9915
15940 214 10702
14190 18 949
15876 52 2609
18933 390 19512
14772 236 11840
15923 192 9645
16893 49 2487
17603 20 1009
14306 61 3052
18516 224 11211
17217 109 5452
14356 177 8865
14427 264 13248
16809 232 11605
14546 151 7590
14138 95 4762
14410 178 8944
18210 1 54
16867 271 13553
18644 219 10951
16434 46 2330
15115 99 4971
17875 375 18793
16242 265 13280
18049 21 1096
18794 118 5929
17364 105 5259
15179 103 5166
16199 118 5914
15236 85 4255
17633 74 3718
18018 46 2324
14377 202 10132
14707 49 2489
17239 163 8157
16867 155 7799
15464 160 8009
18040 73 3661
17312 115 5794
14772 43 2175
17336 3 185
17046 62 3115
17440 76 3814
14202 47 2379
15297 108 5403
18644 124 6237
17590 1 67
14942 251 12583
18741 15 774
17371 55 2756
17592 151 7571
16431 95 4777
18272 14 734
17270 61 3074
14956 236 11834
17168 70 3537
14722 39 1961
15296 92 4630
18922 398 19940
16319 21 1062
14816 106 5309
16825 74 3708
17874 20 1002
14269 65 3257
15413 54 2739
15154 166 8340
18024 401 20098
14568 31 1559
14356 120 6035
14154 81 4063
15876 51 2552
15335 181 9080
15894 39 1997
17851 28 1417
18007 39 1967
14819 8 423
14218 200 10017
18631 316 15839
18018 15 779
17394 117 5881
18481 120 6007
14886 105 5289
16442 57 2863
15774 449 22475
15713 2 108
18035 78 3925
14117 33 1691
17636 33 1679
18516 202 10117
16835 304 15237
16355 47 2363
15113 47 2370
15863 21 1095
14524 49 2469
14824 187 9374
17955 275 13780
14279 248 12439
17829 62 3117
14319 2 135
18763 5 274
17985 167 8378
18924 7 374
17580 16 804
18481 113 5656
18210 7 393
17662 27 1355
18760 259 12970
14403 68 3402
14915 206 10325
15863 21 1095
15965 269 13456
16979 9 486
14338 54 2723
14410 290 14517
16927 21 1085
17423 11 579
17123 2 140
16835 38 1904
17344 30 1530
18011 33 1655
18685 490 24503
16298 17 881
17681 50 2533
15673 53 2689
16836 51 2590
18874 128 6442
18516 202 10117
17985 78 3907
16825 29 1473
17371 465 23287
18753 27 1387
14271 139 6987
18492 143 7180
17172 62 3124
18246 20 1010
14425 205 10275
14445 0 37
18752 310 15530
17992 78 3906
17985 138 6919
14564 11 567
16832 1 98
18955 228 11450
17228 55 2789
18044 55 2757
17829 182 9130
15640 48 2402
17251 215 10763
15446 21 1066
17990 405 20289
17481 29 1455
17791 13 662
16845 35 1798
14377 107 5371
18574 75 3773
18931 126 6345
18955 231 11582
16446 173 8700
15179 103 5166
18928 96 4810
15149 49 2457
17366 23 1168
16058 22 1124
18756 125 6292
14747 39 1964
17343 26 1344
16493 22 1118
14117 18 906
15689 273 13676
17753 4 246
17851 342 17106
17191 28 1425
16242 351 17574
17415 77 3881
17116 0 3
17489 13 658
18040 5 297
18697 380 19008
14190 72 3625
15296 231 11592
17493 245 12256
14564 104 5204
15425 13 676
14891 224 11229
14281 88 4401
17633 74 3712
14736 213 10695
14642 126 6341
14403 63 3178
18764 32 1614
14736 135 6783
18001 11 567
15941 23 1174
15166 43 2182
15318 156 7830
17840 156 7815
18732 254 12726
14446 17 900
14218 82 4110
17985 180 9010
17191 3 160
15462 25 1263
15163 31 1579
18010 101 5073
17366 23 1168
18860 116 5822
15322 54 2746
14149 0 25
18631 316 15839
14281 83 4164
16199 309 15473
18779 441 22065
15863 47 2388
16520 101 5065
16219 223 11163
17972 246 12337
17561 60 3038
18860 29 1493
18040 5 297
17313 70 3532
14543 104 5231
16058 22 1143
15794 59 2995
14151 70 3506
14764 105 5292
18678 329 16456
15776 5 288
14377 255 12788
14901 61 3098
15053 23 1159
16227 46 2312
16150 103 5161
14369 107 5352
15154 69 3480
16753 62 3105
16432 19 978
15458 57 2880
18018 46 2325
15970 198 9932
18665 11 598
14356 120 6035
18910 160 8009
18258 123 6169
18527 360 18033
15099 185 9253
15355 14 737
14768 176 8808
14542 284 14244
15163 42 2136
14277 125 6300
17992 78 3947
18644 219 11000
16379 32 1648
17696 166 8310
17260 11 560
16410 193 9697
18922 26 1311
14270 254 12720
14157 49 2464
17580 15 792
18605 38 1930
18054 356 17810
15876 72 3604
14623 88 4419
17337 11 555
16689 6 312
17371 29 1500
14546 27 1379
17033 49 2500
17415 49 2475
17313 70 3512
14277 125 6300
14279 49 2490
16344 54 2723
14546 151 7561
17322 5 293
15973 120 6033
14281 83 4164
16893 53 2660
18794 20 1009
15794 17 878
16835 187 9369
18644 124 6238
14527 10 520
17053 110 5517
15403 174 8705
18764 40 2008
18712 182 9138
15279 114 5713
14774 176 8835
14195 130 6509
17394 2 106
18024 401 20051
16101 71 3565
17269 170 8513
16058 26 1340
18712 249 12469
16798 67 3388
17834 5 267
14564 106 5324
14543 104 5227
18860 29 1493
15074 56 2829
15113 0 14
17633 74 3746
18005 77 3887
14546 151 7590
18750 205 10281
16878 168 8409
17191 31 1562
18481 124 6205
18779 32 1629
15149 24 1204
14564 10 526
15689 273 13674
18732 256 12820
14886 55 2751
14774 176 8835
15689 273 13685
14157 93 4678
14902 270 13530
17696 176 8837
18753 69 3488
17840 337 16895
16867 155 7786
15917 386 19313
17004 126 6327
17493 30 1544
17462 3 186
14921 7 360
15966 443 22199
18740 45 2295
18499 201 10071
18481 124 6205
15917 353 17666
16432 13 676
18779 473 23660
16526 18 924
14149 188 9449
18756 22 1122
14458 46 2320
18492 542 27135
15382 185 9252
18926 21 1085
14271 139 6987
18732 316 15830
18249 11 584
15166 259 12987
14956 310 15536
15080 34 1737
15987 177 8876
17679 6 309
18244 34 1744
16845 302 15110
14795 3 190
18010 81 4064
17753 148 7401
14335 280 14036
17990 405 20276
18922 418 20932
14768 52 2643
18604 145 7289
14425 145 7280
15014 152 7648
14286 20 1028
14369 45 2262
17851 342 17129
14611 22 1140
17530 110 5502
14300 181 9054
14369 141 7099
14410 178 8911
17866 60 3022
17313 111 5579
14643 179 8980
14643 217 10857
17371 29 1471
17603 21 1057
17164 138 6908
15154 166 8302
17419 16 801
15154 118 5942
18685 484 24211
18011 33 1686
14218 200 10017
17973 13 675
17333 55 2767
18653 68 3449
16947 165 8288
17696 176 8837
18701 220 11025
16506 161 8066
14901 108 5439
16581 178 8944
17671 218 10912
15166 162 8130
17696 180 9033
17237 442 22129
18860 116 5823
16031 2 123
14749 61 3077
18933 370 18524
17846 50 2539
14410 290 14517
16836 51 2590
16481 116 5836
17361 342 17111
14316 8 414
16150 142 7141
15484 290 14537
16832 1 80
14749 301 15070
18499 220 11020
18933 182 9105
14764 5 271
17504 25 1258
16227 161 8056
14632 79 3956
18753 34 1725
16301 210 10548
15074 74 3706
17336 38 1921
14986 282 14144
17116 0 35
14641 103 5155
15859 289 14495
16117 58 2912
17046 74 3745
17973 22 1144
14450 77 3856
15894 39 1997
18527 302 15147
17874 19 995
17208 116 5817
18665 25 1282
18651 75 3759
15917 190 9533
14545 148 7408
16172 288 14422
16199 175 8784
18933 390 19516
18907 107 5382
17875 405 20274
17366 45 2266
17053 42 2119
14363 14 732
14664 190 9523
17780 44 2243
14139 117 5872
18928 96 4810
18481 120 6011
18249 7 366
14546 27 1365
18907 165 8268
17371 83 4166
18752 564 28247
17823 99 4989
17324 53 2668
15279 114 5723
18011 35 1755
16506 68 3432
14740 57 2858
17251 215 10777
14771 121 6074
18605 38 1922
18929 118 5903
14970 86 4304
17270 64 3209
15328 177 8864
16205 362 18103
14772 236 11816
16889 253 12670
14749 103 5165
18040 86 4320
18034 65 3297
14768 87 4367
14336 88 4402
17335 93 4685
15115 153 7694
18007 70 3546
18027 37 1876
18666 51 2594
17300 18 901
14736 188 9442
14795 35 1791
16798 108 5449
17419 28 1415
15318 156 7823
16442 18 917
18632 156 7837
18732 47 2385
17766 1 64
15783 317 15855
17757 46 2333
17858 248 12422
15234 7 361
15917 386 19313
18258 123 6185
15130 15 786
18947 40 2034
16051 206 10345
16526 68 3442
15234 6 338
15297 198 9926
18011 82 4143
14772 6 323
15987 199 9970
18499 334 16712
18024 364 18221
14642 70 3515
14246 193 9676
16227 28 1431
17662 32 1624
18481 113 5673
18756 111 5556
15335 54 2747
17338 86 4309
18514 28 1433
14316 8 414
15909 81 4094
15403 174 8721
14218 82 4108
16058 190 9544
14446 17 876
14697 47 2393
17267 81 4094
17990 209 10493
17116 0 19
18779 453 22666
15154 84 4201
17343 29 1490
15469 318 15934
17851 324 16224
15910 229 11500
18685 484 24235
14721 2 150
14610 168 8421
14764 39 1999
16431 95 4777
14564 1 100
14355 11 593
14450 82 4101
16047 34 1705
18922 418 20947
15794 17 878
17776 5 255
16526 43 2178
18754 34 1730
18527 302 15127
15861 58 2925
14970 236 11815
17237 22 1115
17985 150 7527
15940 214 10702
15987 266 13307
17177 68 3415
17164 138 6936
17260 31 1595
17361 200 10002
15099 36 1840
18865 5 273
18697 380 19030
17992 15 781
14795 55 2751
18018 46 2303
17339 8 437
15053 188 9447
17177 78 3927
14143 48 2431
15403 174 8731
18794 20 1024
17972 246 12337
14632 57 2852
15872 69 3476
18249 7 383
14281 88 4432
14543 199 9975
17361 185 9277
15447 160 8004
14306 180 9028
18007 70 3535
15733 4 215
14986 111 5593
14970 13 655
18779 551 27562
18631 316 15839
17503 241 12094
17522 18 909
17383 78 3939
17990 405 20276
15403 174 8705
16867 271 13586
18007 77 3891
17504 28 1448
14740 57 2883
17494 151 7556
15774 111 5582
15464 234 11731
17696 54 2713
15783 230 11503
17116 67 3373
14643 182 9113
17875 330 16515
15946 246 12332
15923 180 9015
17326 12 605
14664 151 7596
14338 186 9312
15930 516 25831
16073 171 8573
16867 271 13586
14338 186 9307
14524 36 1846
15923 155 7791
16227 46 2312
18712 138 6943
14410 290 14513
17667 97 4860
14664 190 9501
17875 273 13660
18466 118 5920
16058 29 1470
17343 26 1344
15987 370 18517
17484 274 13717
16927 37 1853
14764 105 5261
16341 269 13491
16783 48 2431
15591 28 1406
16058 190 9544
16497 45 2268
14329 227 11390
17326 48 2446
15970 397 19861
18577 264 13216
14149 213 10652
14546 136 6847
15909 81 4094
18007 77 3879
18514 28 1433
17992 78 3947
16073 209 10459
14782 108 5431
14575 23 1179
17423 8 425
15469 194 9707
14328 20 1001
15774 93 4698
18954 75 3790
17992 78 3947
14286 11 563
16832 23 1186
15987 210 10526
14270 34 1720
15973 116 5839
18732 104 5240
18732 104 5221
15801 79 3994
18034 65 3297
15154 8 433
18024 589 29462
17419 47 2378
18233 141 7056
14328 23 1172
16344 54 2723
14546 151 7561
17270 4 219
14795 3 163
18662 7 356
14338 122 6110
16442 80 4013
18732 104 5240
14190 72 3604
18763 11 597
16117 34 1704
18233 141 7069
17620 44 2203
17494 24 1230
14545 89 4479
17322 5 293
14968 127 6393
14886 75 3786
18923 623 31169
16378 24 1245
14975 93 4682
14546 112 5615
14335 220 11048
18009 35 1772
17874 19 968
14379 28 1442
14436 160 8006
15987 233 11666
17300 18 942
16733 5 254
17671 218 10933
16921 124 6244
14159 109 5485
18474 233 11653
15780 104 5203
17462 12 620
14377 83 4171
16845 449 22485
18666 30 1544
16341 269 13471
15154 123 6200
15872 48 2426
14733 59 2996
14768 31 1571
18031 88 4403
14748 34 1705
17046 51 2577
18048 408 20446
17462 3 186
14409 176 8815
15828 417 20862
17874 19 968
18924 7 374
17484 274 13747
