17055 128 6428
17462 11 599
14825 59 2994
18712 182 9124
16798 108 5449
14564 56 2835
15861 38 1917
17144 89 4463
17423 8 425
18044 522 26136
17875 330 16511
14427 243 12166
17985 78 3907
14277 125 6300
14749 300 15003
18497 76 3812
17423 9 453
17237 521 26056
18910 139 6963
14546 136 6847
16783 45 2286
18931 62 3112
17875 330 16515
17875 405 20266
17958 25 1294
14721 2 150
14231 10 524
17985 180 9010
17847 15 777
14446 22 1110
18748 153 7659
14891 224 11229
14425 145 7285
14379 28 1442
14143 61 3061
16431 196 9836
18685 484 24211
17053 42 2147
14623 17 859
14138 95 4762
15080 36 1832
17823 99 4989
17361 155 7783
16867 271 13553
16144 77 3880
18246 20 1010
17973 22 1144
18874 240 12008
15251 108 5426
17973 13 658
16676 330 16535
15457 170 8505
15458 7 371
15591 183 9158
16341 269 13491
18712 182 9138
17847 15 779
17479 17 882
18754 34 1715
17046 51 2577
15940 214 10702
17603 21 1057
17874 51 2591
17990 405 20276
17990 428 21417
15103 89 4485
17269 170 8513
15099 36 1840
17489 50 2542
14410 178 8944
17300 4 217
15234 7 361
18928 96 4802
15279 114 5723
14149 30 1550
17696 166 8310
18685 565 28262
16432 19 978
14369 107 5352
14403 47 2360
16101 56 2816
16205 239 11954
17140 126 6337
17177 37 1880
14642 3 163
18489 195 9773
17494 155 7756
15828 421 21068
18034 141 7075
15966 443 22199
17990 284 14229
14715 41 2058
18249 7 383
17978 278 13943
16341 18 922
14575 55 2775
14782 139 6976
16172 80 4008
18779 301 15061
18753 34 1716
18516 224 11213
17840 156 7807
17195 117 5873
18752 564 28212
15484 280 14032
15484 116 5803
14427 143 7166
15673 53 2687
16172 472 23601
18605 38 1922
18701 226 11307
17177 68 3415
17137 29 1488
18499 201 10071
14319 22 1136
17326 18 923
15919 36 1814
15113 47 2370
16526 48 2440
17985 180 9036
18574 75 3773
15163 71 3590
14764 53 2652
17990 209 10477
17419 47 2374
16167 56 2835
18687 3 180
17671 218 10912
18933 57 2873
14970 68 3425
14546 151 7561
15464 234 11731
16809 235 11771
14377 113 5691
15254 50 2516
15279 30 1548
18048 365 18258
15923 471 23555
18644 124 6221
18603 184 9225
14921 7 360
17398 64 3208
18516 202 10117
16205 493 24698
18010 81 4067
17978 133 6671
14824 305 15263
15264 162 8134
17191 1 75
15863 50 2539
14218 86 4341
15554 177 8857
16205 239 11999
14886 105 5289
18665 11 598
17177 37 1889
14281 88 4401
14707 49 2489
17335 25 1299
14409 176 8815
14819 10 533
18953 328 16446
18031 83 4175
18011 82 4101
18910 160 8044
17992 78 3947
16075 314 15733
18039 169 8465
14746 108 5417
17177 68 3415
17191 31 1595
14902 313 15683
14764 101 5080
14202 121 6078
16150 273 13688
16809 235 11785
17985 167 8378
15469 324 16247
14643 179 8980
14157 66 3304
18258 124 6213
16225 155 7757
17327 101 5060
16341 269 13491
17504 11 581
15335 181 9080
16209 215 10778
15328 15 777
15872 48 2426
16526 24 1234
15783 85 4270
18874 194 9713
17415 146 7322
17343 26 1344
17415 77 3881
17224 38 1932
14427 264 13229
15167 79 3998
14664 151 7596
17055 261 13097
16689 6 312
14764 105 5292
14369 75 3756
18763 0 33
15318 90 4540
14195 130 6509
17095 97 4861
15061 252 12603
15296 92 4630
14592 10 515
17338 10 519
14369 141 7099
14975 133 6668
15318 156 7823
14410 290 14513
17336 1 91
17217 109 5452
15383 30 1524
14801 252 12610
15923 310 15527
14195 198 9918
17481 29 1455
15179 103 5166
15909 214 10717
14336 88 4402
16526 30 1541
14546 151 7561
18010 101 5073
16979 57 2900
18007 77 3853
14527 95 4800
14722 161 8062
14154 81 4063
16172 396 19816
17829 62 3117
14190 72 3604
14942 251 12563
15163 42 2136
14746 279 13954
15254 50 2516
18492 143 7180
16118 225 11300
17696 17 881
17089 53 2677
14338 232 11640
17505 27 1387
15425 177 8851
15862 296 14829
17861 381 19083
14632 70 3527
16847 58 2935
16073 32 1647
14956 310 15523
18922 383 19195
18258 123 6185
17603 20 1009
18678 329 16456
16835 304 15205
16485 30 1515
16063 51 2588
14736 213 10695
14774 160 8036
14377 83 4172
15403 174 8721
15987 233 11666
15391 44 2213
18712 64 3238
16319 21 1059
18044 55 2796
18644 159 7982
18238 218 10907
17423 9 455
17260 30 1520
14335 211 10574
16172 24 1233
15462 168 8443
14886 55 2751
15867 73 3679
14902 20 1050
16410 159 7994
15251 82 4106
18929 31 1557
17505 52 2644
14143 61 3092
17326 59 2951
17636 5 251
18644 124 6221
17484 274 13711
18955 251 12551
15234 43 2176
18922 157 7867
17191 3 200
14246 193 9676
16172 472 23603
18933 182 9105
17383 116 5811
15917 353 17659
14940 155 7756
14410 178 8911
18035 94 4708
16761 55 2795
15297 135 6773
15115 63 3180
18779 454 22716
15469 194 9707
17958 25 1265
17336 4 232
16442 18 932
15294 66 3306
14149 0 25
17972 164 8250
18732 104 5240
18035 78 3925
15846 89 4482
17479 8 416
16798 48 2430
15989 424 21232
17371 55 2756
18233 141 7056
18923 623 31169
18249 11 584
17505 99 4976
14575 83 4169
18953 355 17797
18923 543 27169
15053 48 2447
18750 205 10281
17522 18 914
17462 19 959
17177 37 1891
18024 345 17278
18732 50 2508
16355 47 2394
17662 48 2402
18031 88 4403
18466 60 3047
17206 175 8766
14190 18 949
17493 245 12258
17459 47 2356
15894 39 1997
14306 137 6851
15458 7 397
18514 555 27800
16058 97 4854
17992 78 3929
17447 32 1648
14817 82 4103
14886 129 6488
14270 8 409
17620 122 6109
16783 45 2286
14740 57 2883
18929 118 5903
16199 309 15473
15919 36 1814
16434 46 2345
15328 177 8864
15383 77 3852
18010 101 5066
17004 126 6327
15464 234 11720
17620 199 9977
16319 21 1067
17254 58 2907
18922 604 30214
17992 78 3906
14795 35 1791
15876 52 2609
18010 101 5082
16319 21 1062
18481 120 6007
14450 229 11473
14157 78 3928
17177 68 3415
16242 351 17574
18756 19 996
18779 551 27562
14458 32 1633
16101 56 2812
14291 136 6808
16835 38 1930
17791 13 697
18947 313 15699
18007 77 3861
18741 8 406
16753 62 3105
16378 24 1245
17312 115 5794
14377 107 5371
16219 223 11163
15130 50 2503
17561 212 10630
18007 77 3879
15053 48 2447
15254 60 3027
17440 165 8286
14367 88 4444
16301 272 13644
14546 112 5615
14438 125 6262
14338 54 2723
14564 154 7724
14772 6 304
14159 109 5485
15163 31 1579
14748 34 1705
14138 41 2060
15940 214 10717
14218 200 10017
15909 214 10743
16845 35 1798
15696 76 3828
14901 72 3631
14556 135 6786
16117 58 2940
14202 85 4298
14722 63 3174
15862 318 15925
16733 5 254
16199 118 5914
18732 359 17958
14263 285 14290
14816 106 5309
14300 181 9054
18009 35 1772
18527 302 15105
15917 102 5132
16227 28 1431
18764 40 2001
15166 162 8130
14190 18 923
15061 252 12603
17874 52 2612
14450 291 14568
14277 125 6300
14159 59 2979
17866 60 3018
16431 196 9841
17667 97 4868
17361 185 9266
15328 177 8864
15894 39 1997
18474 217 10856
18031 88 4403
17324 48 2413
14774 241 12078
17152 7 366
14942 77 3865
18701 220 11025
15130 61 3073
15179 55 2754
17696 180 9033
14202 85 4283
14338 122 6110
18008 82 4141
15919 46 2304
17633 74 3746
16199 118 5925
18001 14 742
18527 576 28847
14450 1 81
16119 199 9985
14218 200 10017
18947 309 15473
18630 52 2649
16809 232 11636
18024 364 18221
16836 51 2590
14575 23 1179
14543 181 9094
17338 86 4309
16042 11 562
17344 30 1521
16921 18 932
14436 160 8006
18497 65 3254
17361 163 8191
17300 18 942
14281 88 4432
17322 5 293
14697 19 978
15103 134 6720
14564 11 567
14458 4 205
18666 61 3065
14149 188 9448
14139 117 5872
15462 25 1263
18651 64 3211
18514 28 1433
14632 57 2852
16319 24 1206
18874 292 14650
17580 15 792
14636 102 5127
18011 35 1788
18685 484 24246
16526 48 2415
14524 36 1845
17875 346 17317
18732 509 25458
17493 245 12256
17985 342 17122
16927 17 887
17603 26 1321
14610 168 8421
16840 38 1941
17992 15 781
17206 175 8766
15640 64 3224
17415 49 2475
14338 54 2716
17696 54 2724
18024 364 18205
16493 81 4089
15591 179 8975
14427 264 13248
15099 185 9259
16798 67 3388
15640 78 3916
17696 166 8301
16581 178 8923
15941 66 3335
14741 201 10073
14772 108 5419
17324 53 2668
17493 30 1544
18007 77 3897
17522 18 909
17875 421 21055
18516 367 18361
14227 74 3713
17116 0 19
15391 44 2213
15859 289 14495
15234 43 2171
17681 50 2533
14575 4 208
16481 116 5836
16172 288 14422
17990 254 12738
18929 76 3827
17089 83 4194
15965 125 6264
14736 188 9450
18024 589 29462
18666 51 2594
18018 15 779
14764 38 1932
14634 66 3338
14270 254 12720
14749 103 5165
14632 79 3956
18044 55 2757
18929 31 1573
15446 13 677
17366 51 2577
16205 239 11954
15733 13 657
14369 40 2043
18481 124 6205
14286 8 402
17029 60 3008
16753 6 303
16526 28 1408
16893 49 2487
16485 30 1509
17313 70 3531
17667 61 3074
17658 22 1119
18779 453 22666
14607 113 5689
16205 248 12447
14643 217 10857
17671 168 8437
18039 46 2330
17339 199 9967
15403 174 8731
18481 120 6007
18024 345 17275
18045 14 704
17661 84 4233
18499 220 11020
15794 59 2995
17973 3 155
16835 27 1393
18779 542 27146
17068 12 611
15322 54 2746
14223 55 2793
18779 541 27065
16835 187 9369
15154 43 2186
17123 2 140
15383 250 12534
15867 140 7013
17973 50 2549
17580 16 804
18615 566 28310
17871 34 1743
17337 31 1574
18779 512 25647
16042 34 1710
18009 35 1772
16761 361 18077
17260 11 560
18040 86 4320
15919 46 2304
15940 118 5917
16867 155 7786
14190 18 949
18024 509 25471
18678 329 16494
14446 17 900
17313 180 9031
17313 70 3512
17972 91 4580
18630 52 2649
17029 152 7622
15130 15 786
14445 0 37
15442 171 8596
17766 33 1695
18481 38 1940
17696 8 425
16526 43 2178
14774 176 8835
15923 180 9015
18644 219 11000
16481 116 5836
17144 165 8298
18754 34 1739
16733 17 868
17834 5 267
17874 19 968
16026 139 6969
16733 5 254
15113 62 3111
14436 80 4043
18244 24 1210
17866 60 3016
15457 70 3527
18752 564 28238
14610 161 8064
16497 8 427
17237 442 22129
17343 12 617
14450 230 11512
15469 318 15932
14664 240 12023
14363 271 13556
15014 207 10393
18929 220 11019
15965 360 18012
17178 40 2003
18761 81 4064
14545 89 4479
18763 11 597
17361 56 2831
18644 219 10951
14319 10 539
15115 20 1043
14527 76 3839
18732 359 17991
18779 473 23660
14151 70 3506
16506 161 8066
15696 8 447
15251 108 5426
18665 11 598
15923 180 9005
18527 360 18003
16497 45 2268
15014 163 8151
15447 160 8004
17260 25 1261
14564 11 591
14436 201 10083
18732 47 2363
17462 3 186
14564 106 5324
14874 46 2311
16118 225 11280
16893 53 2660
15941 23 1174
16845 143 7183
14940 121 6098
17344 69 3497
14117 24 1247
17973 22 1144
17561 177 8873
14611 22 1140
16172 522 26126
16118 96 4849
17116 67 3373
15941 12 638
16432 19 978
15973 116 5839
17875 421 21055
17505 11 560
18481 124 6205
16581 178 8944
17875 405 20274
17791 0 12
17099 99 4979
16434 46 2330
14546 151 7590
14857 203 10170
15965 194 9744
14527 76 3845
15910 229 11491
14733 0 6
14363 14 732
16867 155 7751
18258 126 6302
16889 192 9635
16874 99 4980
14664 190 9523
18632 156 7837
15862 296 14807
14410 274 13728
14445 0 37
15511 202 10105
18258 123 6185
14410 290 14517
14403 63 3178
16893 49 2484
18923 644 32217
17633 74 3718
18219 58 2904
17866 20 1025
17116 0 19
14736 135 6783
16893 53 2660
14291 136 6808
15909 63 3158
14610 168 8421
15486 372 18635
18603 184 9225
14277 3 199
17875 223 11188
15383 178 8913
18489 195 9776
17753 148 7401
14146 56 2848
15640 48 2402
18687 536 26805
14409 199 9981
17055 128 6401
18527 302 15131
17028 163 8159
15154 98 4947
18907 107 5382
17592 136 6840
15973 120 6033
16355 47 2394
14446 17 876
15591 179 8991
14575 4 209
15234 6 338
14636 102 5131
16379 4 241
17985 286 14343
16101 56 2812
18481 91 4557
16410 193 9697
17053 11 578
16526 68 3412
18492 238 11938
14427 264 13248
17875 375 18793
18756 12 602
14291 58 2933
14154 81 4088
18662 7 373
17955 259 12991
17339 274 13726
15149 97 4872
17504 11 581
18764 40 2008
17053 42 2119
18527 545 27291
15130 50 2519
18732 254 12740
16947 176 8805
17270 81 4078
17985 138 6919
17335 93 4685
17152 21 1066
14246 72 3616
17459 105 5266
18024 401 20051
14286 11 563
16442 57 2863
18923 391 19600
14157 93 4678
14279 49 2490
15946 246 12332
18527 302 15127
17850 28 1417
16733 17 862
18712 182 9124
14824 187 9374
17766 33 1698
14281 88 4401
17419 16 801
17172 62 3124
14450 228 11403
14228 84 4213
15014 152 7648
16186 309 15500
15154 226 11337
15296 92 4605
15228 70 3523
16506 80 4031
18474 217 10859
18027 37 1863
15279 114 5713
16058 190 9544
18740 45 2295
14436 160 8050
14269 65 3257
18929 220 11019
18928 96 4849
18220 103 5164
18644 124 6238
15876 51 2554
14202 121 6099
17053 110 5517
16783 48 2431
14154 108 5440
15167 79 3998
17851 259 12981
17955 275 13780
15053 188 9432
17361 342 17111
14218 61 3095
14165 51 2594
18024 361 18094
18018 46 2303
18049 45 2262
16242 265 13280
14157 66 3322
18779 525 26264
14369 45 2262
16199 234 11727
17972 129 6480
18210 7 393
14403 59 2998
18753 34 1725
17366 51 2577
18929 281 14076
17312 115 5751
14157 193 9677
17270 4 219
16341 18 902
18756 129 6465
17366 23 1168
16458 37 1877
17636 35 1773
18752 310 15519
17336 44 2220
17336 38 1921
17028 212 10647
15383 18 920
16298 200 10030
15867 73 3665
18028 229 11460
17505 52 2644
15251 82 4126
18779 32 1642
14542 146 7309
18527 302 15147
15987 370 18517
14664 244 12236
14218 82 4108
18732 89 4474
17326 12 605
15554 177 8895
14722 42 2130
14458 46 2320
15328 15 792
14218 200 10017
17361 298 14910
17168 70 3537
16888 540 27040
16073 209 10454
14269 154 7725
14425 205 10275
15167 141 7075
14356 120 6035
17339 43 2181
18955 136 6807
18481 81 4066
16167 259 12985
16798 48 2430
14746 279 13972
18752 363 18164
15591 179 8978
17343 26 1344
17973 13 675
15846 116 5833
15154 166 8340
17366 23 1168
18619 120 6011
16798 108 5444
18779 32 1642
14271 139 6987
18034 65 3297
16921 175 8755
14450 278 13928
18779 542 27146
17371 465 23267
14564 1 100
14746 108 5443
16058 22 1124
15080 34 1737
17366 23 1168
16117 58 2912
16432 101 5088
15469 318 15912
18740 45 2260
15115 20 1018
16051 206 10327
14425 175 8792
15296 231 11592
15053 23 1173
17046 87 4380
16051 146 7347
18644 124 6238
14269 39 1998
14722 54 2743
16878 168 8409
18024 364 18221
18525 101 5056
14733 59 2996
16733 54 2706
18732 104 5240
17780 44 2243
18779 512 25647
17753 175 8763
14148 27 1396
18741 8 435
16889 256 12809
18008 91 4579
14277 0 12
15279 114 5723
15318 43 2187
14390 72 3630
15403 95 4784
16265 16 844
15236 65 3257
18644 124 6237
15529 119 5966
17530 7 397
15801 183 9193
14721 2 150
18481 91 4575
18481 113 5670
16947 94 4717
14377 255 12788
18249 11 584
17875 346 17345
16041 195 9752
17985 167 8378
18756 128 6401
17851 342 17106
16041 237 11874
16051 206 10349
18007 70 3546
17866 20 1012
18732 254 12726
17312 206 10315
18049 45 2262
17089 1 87
14336 55 2765
18630 50 2511
15335 188 9436
14764 38 1932
15862 294 14749
15970 193 9654
17851 28 1417
18244 34 1744
15970 198 9932
18923 646 32332
15296 231 11592
14546 151 7590
15469 324 16247
14623 88 4427
17990 284 14225
14545 89 4479
17046 62 3115
18039 46 2330
18024 401 20056
14148 73 3657
14772 48 2422
18779 32 1642
14377 202 10132
14319 24 1235
14436 201 10082
17972 246 12303
17481 29 1455
14901 108 5423
18481 38 1948
14149 256 12814
14450 291 14599
18024 338 16914
14746 147 7397
17178 83 4151
17313 136 6848
17419 28 1415
14764 105 5292
15322 54 2746
15430 46 2301
15130 61 3079
15328 177 8877
17681 18 933
14816 106 5309
17371 55 2779
16832 1 98
16150 103 5161
15529 119 5966
17313 199 9984
18907 102 5146
15940 123 6156
17462 12 604
16434 46 2330
14410 178 8944
15163 71 3578
17875 421 21055
17267 31 1598
16172 396 19816
17791 30 1524
16520 101 5088
17504 8 401
15166 259 12987
18044 419 20995
15442 171 8593
18219 152 7650
17206 326 16331
14159 134 6723
16676 153 7652
17590 4 212
15318 147 7374
14338 232 11626
17152 7 366
15965 269 13478
15391 198 9942
18044 419 20962
18765 333 16693
15053 188 9447
15355 14 741
15894 39 1997
18712 138 6943
18246 20 1023
17364 105 5259
18666 30 1544
16431 196 9841
18756 128 6415
18922 343 17174
16073 32 1629
15989 156 7815
14410 274 13741
17636 35 1796
17493 245 12256
15273 178 8927
15149 64 3207
15254 97 4884
18632 156 7808
14575 23 1179
15113 0 31
18779 473 23688
14772 48 2422
14431 17 879
17237 515 25799
14154 81 4088
16783 30 1531
17459 105 5266
16835 187 9359
15297 198 9926
15290 29 1460
17327 39 1970
18481 120 6011
17366 45 2266
14270 254 12709
14329 25 1253
14363 55 2796
17055 367 18352
14903 188 9450
17636 35 1796
14986 140 7045
18732 104 5221
14333 22 1144
16286 548 27438
17840 337 16895
15987 177 8876
14764 39 1999
17339 127 6352
17435 49 2456
17517 316 15823
17095 97 4868
14774 187 9400
14768 87 4367
15446 21 1065
17667 97 4860
18756 111 5556
17757 78 3946
18474 233 11653
18219 154 7742
14893 200 10003
14329 227 11390
18605 38 1909
16172 288 14422
15425 13 676
18750 209 10462
16964 12 616
16095 251 12593
18752 199 9983
15640 71 3585
15783 317 15855
16845 143 7183
17251 215 10777
18233 40 2043
18246 20 1026
17861 347 17362
16832 23 1186
14816 57 2894
14798 30 1550
17415 77 3881
17990 209 10493
18748 4 214
17865 99 4990
14151 66 3348
18712 306 15313
14611 157 7862
17985 180 9023
16867 271 13553
14771 60 3010
17522 159 7977
18928 96 4810
15458 57 2880
16835 290 14516
16075 308 15410
15115 99 4971
18514 330 16501
14329 199 9957
17757 46 2333
16733 17 862
17578 6 317
17326 59 2951
17116 67 3379
18527 302 15119
17874 20 1043
14545 89 4479
17992 82 4127
15862 143 7178
17046 87 4370
18644 124 6237
14545 148 7408
14403 68 3402
16227 161 8056
17978 133 6698
16867 271 13586
18732 344 17214
15794 102 5114
14270 91 4563
14377 202 10132
15154 8 433
17753 148 7401
15941 66 3336
18007 91 4557
18040 73 3666
16209 23 1151
14336 88 4402
14379 28 1442
17503 163 8169
16845 449 22485
18007 77 3891
15154 69 3480
16835 38 1904
15127 33 1672
18481 124 6205
17992 2 137
14409 199 9960
18481 113 5656
14543 25 1292
15403 174 8705
15469 194 9707
16878 168 8409
16809 232 11605
16298 200 10030
18732 57 2890
14568 31 1559
15862 318 15950
15166 43 2179
17055 428 21448
18246 39 1972
18035 162 8137
14355 2 117
15286 186 9316
15733 13 668
16809 232 11605
17985 138 6904
18794 20 1024
14642 117 5874
16893 11 582
14143 143 7151
14436 180 9006
17394 2 106
17300 11 595
16137 90 4527
17371 29 1471
18922 26 1311
18651 84 4204
16836 80 4007
16344 54 2723
18527 360 18031
14774 112 5603
14338 232 11626
17829 182 9130
18644 124 6238
15236 65 3289
16825 29 1473
15511 81 4092
18653 68 3449
17776 5 255
17482 139 6969
18922 26 1311
18577 264 13216
16432 13 698
18732 254 12740
17099 99 4979
17116 0 19
15591 28 1410
17053 40 2017
17590 1 67
17034 59 2951
18499 178 8949
18011 82 4143
15965 290 14544
15689 273 13676
18249 7 366
16355 77 3878
15774 449 22475
16265 16 813
18010 101 5062
18764 32 1614
14162 74 3729
18651 75 3759
18492 223 11169
18924 7 374
17339 43 2172
16927 37 1853
18756 22 1122
15783 85 4270
14736 213 10657
14795 55 2751
14279 248 12439
14154 108 5407
17481 36 1810
18763 5 274
18044 268 13443
17851 342 17129
17270 61 3074
18031 88 4403
15179 55 2754
17535 70 3510
14611 162 8118
14736 188 9442
16458 37 1881
14795 55 2767
16219 37 1898
16878 158 7941
14592 45 2273
18011 35 1755
15446 22 1109
17985 167 8378
15986 61 3091
14338 163 8195
18874 199 9989
17973 22 1144
15236 85 4255
16965 322 16141
14263 103 5179
14356 222 11123
17791 13 662
17344 30 1530
15442 176 8807
15458 7 381
14986 80 4004
16341 269 13471
14772 236 11840
17423 11 579
18001 11 567
16301 210 10548
16888 413 20670
14425 145 7280
18604 16 811
15965 347 17388
18045 49 2459
17757 82 4130
15127 33 1699
15927 178 8911
18665 25 1282
18665 209 10465
18024 69 3485
15252 47 2381
14768 35 1784
16225 249 12500
18922 418 20947
17383 461 23092
17484 274 13717
16058 22 1143
18933 390 19516
14202 47 2379
17505 11 563
17834 5 267
14921 68 3404
17494 148 7445
14218 82 4110
18034 65 3255
14543 25 1292
17494 24 1230
15987 345 17299
15828 506 25320
17671 218 10912
18712 182 9142
17178 40 2049
15876 51 2552
17116 0 35
14191 27 1360
15800 279 13985
15973 116 5830
17028 95 4785
18048 408 20424
16893 11 582
16761 368 18429
16947 165 8288
15987 177 8875
15923 180 9015
15923 155 7791
14976 162 8125
17237 22 1115
18752 564 28212
17344 30 1530
14986 111 5599
14749 61 3077
18701 220 11025
14157 193 9677
14642 70 3516
16921 124 6244
15149 49 2457
18922 599 29984
18752 564 28247
16058 190 9544
17493 193 9676
14746 133 6670
17776 5 252
17055 93 4693
16520 101 5065
18907 165 8268
14746 147 7378
14269 41 2069
18907 107 5382
17840 81 4087
17239 163 8157
17028 163 8160
17326 58 2909
16835 304 15237
18481 113 5673
17206 483 24199
16733 5 254
14942 251 12583
14159 63 3193
14138 95 4762
17462 3 186
17239 128 6433
17504 25 1258
15872 69 3476
15923 192 9645
15862 284 14233
15251 55 2759
18516 202 10117
15236 65 3285
18007 70 3535
14772 240 12016
14774 241 12091
15464 234 11731
16845 143 7176
18732 89 4498
15909 81 4094
14956 236 11834
17228 55 2789
18018 46 2325
14139 258 12913
14319 2 135
16458 162 8132
17423 9 461
16506 161 8066
14138 95 4762
16225 155 7781
18516 224 11211
14338 163 8171
15776 2 129
15179 103 5166
16446 173 8700
15391 44 2213
16798 108 5449
17573 77 3867
14772 43 2191
14749 61 3087
14300 181 9054
15859 338 16930
14213 24 1247
15909 214 10743
18018 46 2324
17116 67 3373
16526 68 3416
16031 2 123
15061 202 10117
18027 37 1876
17633 74 3746
15910 229 11500
17053 110 5503
14795 60 3029
16867 155 7799
14768 87 4391
16073 171 8573
18492 143 7180
14369 45 2262
14277 38 1906
14328 23 1178
14410 178 8911
14524 36 1846
17505 52 2643
18756 111 5556
17383 461 23092
14543 104 5231
18040 26 1346
18466 118 5920
17482 139 6989
15297 135 6779
18665 209 10467
14227 42 2141
17419 47 2378
18779 32 1629
18253 11 579
17972 164 8239
17494 151 7556
18605 38 1909
15987 210 10526
15254 60 3027
15484 77 3858
14438 171 8591
17457 158 7904
18603 7 354
14901 108 5439
15689 282 14150
18923 623 31169
18644 124 6233
18933 390 19512
17251 215 10763
14968 127 6393
14782 108 5431
18631 316 15839
17270 64 3209
14363 220 11020
18011 39 1980
17462 19 959
17990 428 21415
14355 9 459
15154 123 6200
18955 231 11582
17494 12 627
16047 24 1249
18258 126 6328
17851 326 16324
17371 55 2779
16867 271 13553
17055 233 11656
18926 21 1085
16867 260 13036
14956 310 15536
18685 490 24503
18712 64 3238
16798 67 3388
14749 61 3094
18860 116 5822
17662 27 1355
18748 153 7685
14231 19 963
16676 307 15390
14524 49 2469
16442 57 2865
14607 220 11005
15640 48 2449
18466 87 4365
16432 19 978
17457 68 3403
18860 116 5825
18258 123 6169
17324 53 2668
16526 18 924
15780 104 5203
17267 31 1598
14642 3 163
17237 233 11682
18244 109 5466
14722 39 1961
14161 86 4328
14271 139 6987
18007 39 1964
18514 555 27800
17636 5 251
15266 33 1657
15442 171 8593
16205 362 18103
14336 88 4402
17137 91 4592
17394 183 9171
18031 21 1053
15115 99 4971
15846 116 5833
16493 81 4089
16798 48 2447
14157 30 1511
17851 342 17106
16058 26 1340
17535 27 1353
17033 49 2500
15776 2 133
18010 101 5066
18732 256 12802
15930 516 25831
16431 95 4777
15322 54 2746
14956 310 15523
14736 135 6783
14623 88 4419
18631 316 15839
15970 198 9932
17517 316 15827
17978 278 13943
18631 369 18463
15970 198 9915
17462 11 586
14542 284 14244
15894 87 4384
16442 18 917
14636 102 5128
18603 184 9219
14747 39 1964
16199 176 8824
17667 97 4860
14527 10 520
15965 429 21458
15965 290 14504
17681 22 1132
14772 43 2164
18926 21 1085
17260 31 1595
14641 103 5155
15801 79 3994
16118 96 4849
18024 401 20056
15130 50 2503
14281 88 4432
18001 11 564
17055 433 21685
17217 109 5452
15113 0 31
18922 604 30242
17333 51 2565
14149 127 6373
17679 6 309
15430 41 2095
14338 186 9307
18011 39 1968
16144 77 3860
14133 103 5185
18760 259 12960
18947 287 14398
15917 420 21023
14243 33 1677
18947 40 2034
18516 202 10117
14664 151 7596
18527 545 27268
15987 177 8876
17871 105 5290
18514 80 4009
15919 12 625
17776 17 867
17361 342 17138
14390 72 3630
14940 51 2587
14425 175 8766
15862 296 14807
16676 330 16535
16432 13 676
18481 113 5670
14458 46 2323
15828 145 7277
17140 62 3135
14903 79 3984
17383 78 3939
14902 213 10672
18748 4 249
17757 82 4130
15776 5 288
16286 548 27438
15484 290 14537
14117 33 1658
16867 155 7786
18933 370 18524
14749 301 15070
17440 165 8286
18048 378 18905
14269 140 7048
18860 29 1493
15511 202 10105
18931 126 6345
14623 288 14404
18662 7 356
16965 322 16108
16042 11 562
15430 31 1592
15403 2 132
18923 346 17347
17116 0 3
18514 63 3173
17371 83 4166
17322 38 1938
14143 48 2431
18756 128 6403
18492 542 27127
15591 28 1406
15876 52 2609
15927 62 3106
16497 45 2268
14702 33 1662
15909 63 3158
16344 20 1032
18219 154 7742
15783 85 4268
14795 3 190
18860 29 1493
16921 125 6294
14403 47 2385
14543 104 5227
14369 45 2262
14623 288 14404
17004 262 13107
14369 4 238
17681 46 2330
14764 101 5080
17361 257 12856
17990 405 20276
16581 254 12730
17766 1 67
18238 176 8821
17633 74 3712
16410 193 9693
17326 58 2909
18605 38 1922
14749 103 5165
16836 51 2571
14768 176 8808
15794 17 878
17636 33 1679
15909 222 11131
18748 153 7659
18659 134 6741
15251 94 4702
15828 87 4375
18953 355 17757
16506 68 3432
14338 305 15252
17840 156 7815
16341 269 13491
17871 34 1743
14446 25 1257
18258 126 6328
16410 193 9697
14722 39 1963
18048 408 20450
18922 398 19940
14772 6 323
15413 54 2739
17504 28 1448
17522 90 4503
14986 111 5599
18005 23 1164
17361 56 2831
18753 69 3488
14664 240 12002
17990 405 20276
17590 15 763
17055 433 21654
14458 32 1633
17423 11 579
17269 83 4161
14269 65 3269
15335 54 2747
17973 13 685
14643 110 5520
17267 81 4080
14149 213 10652
18024 364 18205
17875 421 21055
18603 7 354
15458 7 373
15469 318 15934
14970 86 4325
16301 272 13638
14286 11 563
16867 206 10339
15149 24 1204
17620 44 2203
14545 148 7429
14772 48 2405
17530 7 365
18018 15 766
17300 11 567
16431 95 4777
17419 16 801
15103 134 6720
15673 53 2689
16832 1 98
17178 53 2679
18794 118 5929
14450 278 13931
14611 110 5517
18040 86 4320
17972 33 1700
14546 179 8988
18630 50 2509
18712 249 12469
18760 259 12970
17679 10 548
15783 230 11503
18499 201 10066
18865 5 273
17861 351 17595
17874 19 995
16144 77 3898
17095 97 4868
14564 10 526
18024 589 29462
14336 88 4402
17326 48 2446
18018 46 2319
17178 36 1809
18697 380 19008
18732 47 2385
15987 266 13307
16867 206 10336
15061 244 12203
14970 68 3425
15318 156 7830
17339 8 437
17337 31 1574
18044 55 2757
17339 127 6352
16832 1 80
16041 192 9621
18632 156 7808
18752 363 18168
14329 25 1253
18049 21 1096
17696 54 2725
16242 351 17574
15154 8 403
18860 116 5823
14543 25 1292
18604 145 7289
15115 139 6999
14746 147 7400
18044 419 20992
14721 164 8240
15290 29 1460
18685 484 24211
15383 289 14479
14886 55 2751
14733 62 3112
14664 190 9541
17823 99 4989
15469 194 9707
16893 49 2484
18008 91 4565
17237 235 11770
16227 46 2312
14403 47 2360
14269 41 2085
14970 236 11805
15859 289 14495
17343 29 1490
18010 101 5082
15254 64 3215
17337 45 2257
17662 32 1624
14623 17 869
17671 218 10933
14986 282 14144
14281 88 4401
14575 83 4169
18910 79 3982
18933 390 19512
15154 8 433
16832 1 67
15909 81 4094
18954 75 3790
18750 213 10694
16888 142 7126
15103 129 6461
17561 60 3038
15252 47 2389
16119 525 26298
15828 417 20862
18947 309 15473
16798 67 3388
17874 20 1002
18741 15 774
14277 125 6300
14772 48 2405
14641 6 340
17535 70 3510
17371 465 23287
18040 73 3661
15457 76 3845
15876 52 2618
14335 220 11048
14542 284 14215
15297 198 9938
17990 405 20289
17636 35 1796
17530 110 5502
15252 24 1229
14355 11 593
17313 70 3512
18732 509 25473
14231 25 1290
14575 83 4190
14545 89 4479
14772 73 3655
15696 27 1374
15099 36 1840
14774 112 5603
17681 22 1142
17005 100 5029
14157 49 2464
15403 95 4784
14446 17 851
14798 2 125
18024 345 17278
14970 86 4304
18018 46 2329
15940 214 10702
14231 25 1264
18779 32 1629
18874 209 10466
17383 116 5843
17505 11 563
15927 57 2874
15927 178 8901
17972 164 8214
16947 176 8803
14281 83 4164
14642 70 3515
17875 273 13660
18492 238 11938
15965 290 14544
16172 64 3224
16431 196 9841
18603 189 9486
14335 280 14036
18253 11 561
18748 153 7665
14195 198 9925
17992 78 3947
14431 72 3620
17462 12 613
17415 77 3856
15986 61 3056
18685 484 24235
15273 44 2228
18631 316 15839
17851 342 17113
14216 83 4169
15909 222 11131
15917 353 17666
16581 178 8945
14772 43 2175
15080 34 1737
14795 3 163
15965 347 17388
14223 55 2774
16825 74 3708
17776 5 252
18527 302 15147
14117 33 1658
17561 219 10960
16867 271 13586
18514 80 4009
14764 5 271
17875 330 16515
17447 85 4281
17164 138 6936
14736 188 9449
18024 62 3148
17313 70 3532
18024 338 16913
17753 175 8763
17503 241 12094
18027 54 2731
17335 25 1290
17383 116 5843
14642 126 6341
18929 228 11421
16481 116 5836
15919 44 2250
15863 21 1095
14575 55 2790
17827 5 281
14976 46 2301
14886 55 2787
14782 73 3654
17489 196 9807
17423 9 455
16835 304 15225
15987 233 11666
18481 124 6202
15413 50 2533
15511 202 10105
17361 185 9277
16144 3 190
15894 39 1997
14316 8 414
14356 177 8865
18054 356 17810
17361 56 2831
18481 38 1924
14915 206 10325
18752 310 15530
14819 8 423
17671 168 8440
18907 107 5382
14319 10 549
15917 190 9533
14333 33 1678
18926 21 1054
17300 18 916
18732 89 4474
17260 11 580
18697 380 19030
16410 193 9678
18018 15 779
17361 56 2831
14154 197 9894
17338 86 4309
15154 8 433
15166 43 2182
17851 259 12963
17177 78 3927
16825 29 1473
16845 302 15110
14976 54 2734
18765 333 16684
16431 196 9836
14798 38 1935
16410 159 7994
16199 175 8784
15876 72 3604
17834 52 2642
14736 213 10657
15940 123 6175
18034 65 3297
16355 47 2385
18756 125 6262
15640 41 2087
14721 33 1659
15828 501 25095
15696 76 3843
16893 11 587
18874 194 9713
15965 429 21492
15965 347 17373
17260 11 582
15909 214 10717
15103 129 6456
14768 103 5194
16227 46 2312
15965 269 13456
15966 305 15265
16041 54 2733
18011 82 4143
16227 28 1420
16432 13 676
14379 28 1442
17633 74 3746
18779 301 15084
18712 306 15322
18010 81 4064
17524 76 3804
15382 185 9252
15403 174 8705
14165 51 2594
14286 20 1028
15154 118 5942
17267 81 4094
14611 157 7892
15355 14 737
15894 87 4384
16434 46 2345
14543 104 5227
18514 28 1433
14721 2 150
14921 7 360
18010 81 4062
15383 69 3485
17990 405 20276
14427 264 13229
15462 25 1263
16927 17 887
15413 54 2736
17973 70 3519
17535 49 2481
15774 111 5582
15987 199 9970
14721 164 8221
17326 18 923
15917 386 19313
14948 279 13957
14390 84 4210
17344 30 1532
14702 33 1663
17992 78 3947
18574 75 3768
18499 334 16712
14117 33 1658
17137 91 4592
14446 17 885
17208 139 6983
18040 5 297
18039 169 8475
14224 33 1693
17985 150 7527
18794 20 1009
16073 171 8578
15403 174 8705
14542 284 14224
18028 229 11456
14218 82 4108
18249 11 584
18732 509 25473
18031 88 4410
14223 14 746
16826 169 8475
16826 173 8681
18005 214 10749
16878 158 7921
18007 77 3853
17300 18 939
14277 125 6300
17177 37 1880
14816 82 4107
14774 176 8835
17361 155 7783
15383 289 14479
15080 36 1832
15923 155 7766
18034 65 3297
14409 176 8847
16117 34 1704
16697 122 6110
15923 388 19447
14782 73 3683
16798 19 951
15966 150 7522
14379 28 1410
16209 287 14369
14269 41 2085
14269 154 7713
18034 65 3299
18665 25 1282
17251 200 10030
17874 19 968
18018 46 2303
17524 68 3401
14377 83 4171
16878 158 7921
18011 33 1655
18760 259 12968
14231 19 986
16867 260 13036
18685 484 24235
14664 190 9501
15970 397 19861
14893 247 12378
14277 35 1760
14190 72 3604
17208 254 12740
18499 201 10066
18665 130 6515
17661 84 4233
17206 181 9056
17972 246 12337
15689 273 13685
14740 57 2858
14546 27 1379
18753 27 1387
17204 33 1676
17326 12 621
18481 113 5656
14333 33 1677
14643 179 8952
18924 0 44
16186 326 16338
17028 300 15027
18756 2 108
14213 13 659
14564 10 535
18048 408 20446
18005 214 10716
15115 99 4971
16526 68 3442
14673 40 2005
14338 232 11626
17866 60 3022
17237 55 2784
14149 183 9177
15909 214 10702
18007 77 3891
17592 136 6821
14379 210 10527
17846 50 2539
14202 85 4298
17462 12 620
14975 93 4682
14458 46 2323
17447 62 3110
14623 249 12485
14921 59 2990
18034 141 7089
14970 13 655
15591 28 1414
17851 324 16208
16836 80 4007
14143 41 2074
14970 68 3425
18753 27 1388
17535 28 1439
14623 88 4419
18677 222 11137
16225 155 7757
17335 46 2321
15430 154 7703
16927 21 1085
14771 60 3010
18910 160 8009
14306 172 8620
17028 13 692
18210 1 54
18603 204 10224
18874 199 9975
18929 118 5918
18760 259 12960
18732 359 17958
15774 111 5554
15923 388 19438
18001 1 72
14549 210 10529
17662 32 1624
17137 91 4592
14548 168 8442
14558 279 13965
14968 127 6393
15273 44 2228
15484 257 12856
17589 8 450
17482 160 8012
16118 96 4849
17237 493 24658
15861 58 2925
17522 18 909
17046 74 3745
17337 11 555
17875 375 18793
18928 96 4810
15074 56 2829
17620 95 4769
18750 205 10254
14970 86 4325
18732 344 17214
18662 7 373
16836 51 2571
16432 13 698
14328 20 1001
15328 62 3142
16836 51 2590
16965 322 16138
15154 123 6200
16836 51 2590
14403 63 3179
15294 9 471
14556 135 6786
16835 304 15237
18874 128 6442
16262 10 529
17237 235 11798
17361 257 12856
16889 245 12294
18794 20 1045
17394 183 9171
14697 47 2393
17326 18 923
17415 189 9493
16889 253 12670
14733 20 1046
15917 386 19313
14795 55 2767
17447 62 3110
17312 115 5791
17177 68 3415
17603 17 859
15403 81 4064
18630 50 2509
17366 23 1168
15014 37 1889
17696 33 1670
15851 15 793
16262 10 523
14970 68 3428
17592 151 7571
18009 22 1106
18764 32 1614
18740 45 2279
15457 76 3808
17766 1 64
16753 47 2398
18765 291 14575
14450 278 13931
17191 31 1562
18272 14 734
15053 23 1159
16167 259 12997
14149 188 9449
18007 39 1967
14431 17 898
17766 33 1659
17440 76 3814
18249 11 590
16889 245 12294
14279 49 2490
15794 134 6723
15273 178 8927
17371 29 1500
14764 105 5261
17972 246 12337
15430 41 2095
14319 13 690
18752 564 28229
18049 45 2262
17985 78 3925
18048 408 20446
15328 62 3121
18048 408 20413
17592 151 7584
18756 111 5558
18924 7 374
17696 176 8837
17028 163 8160
15254 49 2494
15966 443 22199
14768 31 1571
14151 66 3304
16047 34 1705
17681 50 2533
15254 60 3027
15166 43 2182
14450 82 4101
17696 54 2713
18527 302 15132
15484 97 4867
18001 11 564
17875 375 18793
16442 57 2863
16063 92 4642
15733 4 215
16341 269 13491
15987 210 10526
14677 60 3025
18931 62 3112
14431 39 1981
16442 4 220
17753 4 246
18005 77 3887
15828 145 7277
14592 10 505
18018 46 2321
18233 141 7069
14592 10 510
17365 97 4875
16355 47 2363
17973 22 1144
17972 164 8237
18048 408 20446
17590 10 543
16199 175 8784
18924 121 6065
14410 290 14517
15014 152 7648
17840 337 16851
15923 155 7791
18035 94 4715
17217 48 2428
18499 220 11020
15154 123 6199
17866 60 3022
15425 122 6104
17336 16 832
16497 8 427
17590 1 67
14782 73 3654
15074 74 3706
15484 97 4867
18024 364 18215
18756 125 6292
14642 8 414
17636 35 1796
14290 178 8910
17504 4 245
15266 9 464
14886 75 3786
17827 62 3148
14749 300 15043
17636 35 1796
15251 94 4730
17494 48 2448
18492 542 27135
15917 503 25186
17237 22 1115
18034 101 5073
17068 27 1384
14642 117 5874
14549 210 10529
17383 23 1154
18040 5 297
18955 136 6805
16432 13 676
14218 82 4108
18527 360 18033
14316 8 414
18732 256 12820
18756 129 6465
16689 6 312
17322 35 1791
17237 235 11783
18753 69 3496
14328 23 1172
14446 17 859
14774 176 8834
14223 55 2793
17267 81 4080
18750 205 10281
14722 161 8058
17371 465 23287
15794 17 878
17973 50 2523
14772 236 11816
15923 155 7791
17336 3 185
18024 338 16914
17206 216 10830
15713 2 108
15115 153 7694
15447 121 6061
18044 55 2796
17300 10 537
16186 160 8008
16227 161 8056
18765 74 3737
14564 106 5324
16073 209 10459
14436 201 10082
18481 124 6240
18756 2 108
15927 57 2874
16058 29 1470
14335 225 11277
14736 188 9425
15801 183 9193
15383 250 12508
14319 13 690
18922 418 20932
15930 455 22786
16186 124 6210
16227 33 1691
17366 51 2551
17367 91 4586
18763 11 597
14970 86 4304
17336 1 97
18701 47 2361
17603 17 864
14338 50 2529
17339 127 6352
15254 49 2478
14403 68 3402
16172 31 1588
14795 55 2751
18249 7 383
16319 3 199
15673 53 2689
18752 310 15530
16150 103 5198
18779 542 27146
15053 48 2447
16379 32 1648
17055 127 6396
17447 64 3219
15409 84 4220
14117 18 906
17313 111 5579
16874 99 4994
17636 35 1796
18732 50 2504
17191 28 1425
18008 82 4110
14740 57 2853
15774 449 22451
18765 333 16693
15099 185 9253
16432 13 697
17361 200 10002
14734 148 7443
15989 512 25625
18028 229 11456
14355 10 538
18701 226 11308
18922 343 17184
17312 206 10315
17237 235 11783
15154 117 5854
15529 119 5987
15987 326 16331
16979 9 486
18924 121 6065
14218 250 12505
14149 0 25
17394 117 5881
16581 23 1172
17875 375 18793
18244 24 1241
15403 81 4064
14151 70 3538
17875 375 18793
16836 18 906
17116 67 3372
17972 246 12337
16520 101 5088
18001 1 87
18249 22 1143
15286 201 10090
14356 177 8852
16051 206 10345
15383 250 12508
17522 150 7530
18748 153 7665
14363 149 7471
17834 63 3181
14722 39 1961
17343 29 1463
18764 48 2405
16555 69 3480
14795 37 1889
16889 81 4082
16047 13 679
18748 153 7659
14543 199 9975
15689 273 13674
14319 2 135
16835 27 1370
15103 103 5156
14336 55 2765
17503 241 12094
14117 33 1691
14921 59 2990
17580 2 113
14764 38 1917
14450 77 3856
17337 24 1241
14146 56 2848
15383 91 4597
18024 364 18219
15098 66 3342
17504 8 401
18024 62 3148
18732 316 15830
14902 270 13530
17371 386 19334
16733 18 916
14436 180 9016
15446 21 1066
14564 104 5204
17603 26 1307
18630 50 2509
17973 50 2523
14277 125 6300
18922 38 1924
16845 271 13582
18007 70 3529
15917 420 21042
15989 500 25017
14623 17 869
18955 228 11450
14564 10 535
16026 15 756
17696 8 408
14956 310 15523
15464 203 10194
14774 112 5603
14942 251 12583
18754 34 1730
14425 205 10296
14975 83 4192
14546 112 5615
17243 43 2156
16172 396 19841
14772 240 12016
14338 186 9312
14942 251 12578
14805 52 2614
18605 38 1930
16242 265 13280
14190 18 923
14632 79 3956
18874 194 9713
15154 8 418
15923 381 19093
18644 219 11000
18527 302 15147
17322 35 1794
16442 80 4013
14450 72 3640
14403 59 2982
14190 72 3625
14286 5 254
18024 401 20098
18931 126 6312
18011 33 1679
15894 87 4362
17753 17 876
18794 20 1023
15103 218 10917
14768 52 2643
17696 180 9028
14216 17 872
18666 26 1304
15297 108 5403
16344 37 1892
15987 370 18535
16520 101 5068
15391 187 9392
14356 120 6035
17858 248 12422
14968 127 6393
16101 71 3565
14721 67 3390
17322 5 293
18763 0 42
14697 47 2352
17164 138 6908
16344 54 2723
15774 93 4698
17333 117 5892
14190 72 3625
17823 99 4989
14975 51 2563
18054 464 23237
16047 26 1321
14329 90 4521
17447 120 6022
18577 270 13547
15074 56 2829
14736 213 10695
15713 2 124
15876 51 2552
18499 334 16712
15154 166 8302
15167 81 4085
14356 177 8865
15801 378 18922
15127 43 2160
15447 160 8006
18024 476 23834
17343 12 604
16031 12 636
17662 149 7489
17419 47 2400
14524 36 1846
14901 72 3631
18662 9 476
18779 301 15084
17696 176 8837
18631 316 15850
17990 254 12738
16979 1 77
15251 82 4145
15927 37 1895
17322 5 293
14390 79 3975
14450 82 4101
15442 109 5475
14338 163 8171
17603 17 856
14611 157 7862
17327 119 5955
14223 55 2793
15828 417 20871
14306 180 9028
17484 274 13747
18923 346 17315
16095 79 3972
18929 228 11405
17333 55 2767
14390 84 4210
16520 71 3567
14436 80 4043
14450 228 11404
18794 54 2707
17208 116 5817
14306 61 3052
16150 359 17998
14642 3 163
14446 22 1110
15863 21 1095
15464 160 8009
14707 36 1831
14403 63 3178
14805 13 682
14190 2 128
16058 29 1496
15917 515 25800
18010 81 4071
16298 17 881
17484 274 13717
17206 326 16331
14772 236 11840
15382 204 10244
15154 249 12477
14269 41 2085
14329 25 1253
18039 169 8465
14403 63 3173
17237 235 11770
17671 218 10945
18516 202 10117
18011 33 1686
18860 90 4544
17177 62 3121
18922 398 19940
14901 61 3098
18860 29 1493
14970 236 11815
15115 63 3164
17336 3 185
16733 17 868
14729 21 1071
18028 305 15289
14281 83 4164
18779 441 22065
17875 375 18793
17851 324 16224
17364 6 338
18923 391 19553
16319 3 199
14195 130 6509
17228 81 4077
15965 478 23918
15113 0 14
18907 107 5365
18049 45 2297
17504 25 1258
14319 13 699
18514 28 1433
17371 149 7465
15430 46 2301
18732 104 5243
15103 228 11426
17667 127 6383
17834 52 2642
16493 22 1118
16544 152 7612
14270 34 1720
18492 238 11934
18018 46 2321
14956 310 15536
14431 39 1981
15458 12 635
14191 27 1391
14269 65 3257
15167 152 7636
15403 81 4064
17270 4 219
15867 140 7013
15014 164 8217
17522 18 909
17874 20 1020
14746 133 6664
17489 13 658
15154 84 4201
15446 39 1951
15113 43 2161
15776 5 256
17955 243 12154
14715 41 2058
14771 82 4136
14546 27 1365
18752 363 18151
15677 246 12338
14246 122 6118
17874 19 995
18492 223 11161
17191 3 160
18010 101 5069
16753 62 3105
14824 187 9374
17662 27 1389
14643 182 9113
17662 4 250
18764 32 1614
16227 46 2312
15917 353 17675
14148 127 6374
15640 71 3557
18028 305 15289
16497 20 1023
15430 41 2092
15529 48 2423
16481 116 5836
14707 30 1526
16526 7 385
14771 121 6074
18463 273 13691
16058 22 1143
17479 8 416
15894 109 5488
14543 148 7445
15989 500 25017
17300 18 901
15970 136 6821
18474 217 10856
16847 58 2923
17875 330 16515
16520 101 5065
16150 142 7141
18603 184 9229
15863 47 2388
16893 11 586
14819 10 517
15403 81 4064
17123 21 1070
14642 117 5874
14986 111 5593
18712 306 15340
