17251 213 10669
17985 167 8381
15014 29 1493
14290 268 13417
14884 102 5118
17394 155 7799
18021 327 16387
14736 115 5796
14427 264 13248
15222 220 11007
14363 143 7184
14806 77 3882
17237 279 13986
17398 178 8947
17667 61 3100
18024 361 18083
14271 141 7051
15147 160 8024
18007 39 1999
14232 9 499
17338 96 4818
17535 52 2624
15328 177 8864
14527 10 537
17168 2 113
14798 38 1920
14772 269 13495
15079 55 2793
17865 113 5682
14316 8 410
14122 180 9011
17753 175 8763
14146 77 3886
14450 72 3647
14772 269 13475
14736 224 11241
16047 24 1205
14556 302 15137
14902 313 15651
14146 32 1649
17224 38 1944
17312 58 2947
17482 174 8724
14161 15 795
17631 76 3811
14736 135 6788
15946 524 26249
17494 107 5379
17337 6 338
14319 22 1143
15154 97 4862
15061 194 9706
16031 2 137
14291 112 5613
17361 163 8191
14306 61 3087
15318 143 7157
15079 39 1997
17360 49 2458
15335 188 9429
14897 48 2406
15113 62 3134
14369 57 2851
15318 143 7157
14927 180 9003
17191 28 1422
14281 60 3011
17112 42 2107
17333 55 2790
14697 22 1118
15103 218 10919
14319 3 159
17177 78 3922
17827 5 266
14795 19 987
14945 37 1857
14363 86 4325
17394 117 5872
14277 0 24
17123 2 140
14475 32 1635
18040 86 4310
17208 114 5748
17493 245 12281
15264 150 7550
14277 125 6300
17462 12 615
17254 58 2922
17636 24 1233
17851 342 17108
14805 13 663
15297 198 9938
15296 92 4640
15286 201 10090
14306 122 6113
14427 100 5047
17827 62 3119
17573 112 5605
14377 181 9071
14363 143 7184
18045 49 2475
18021 475 23776
17696 176 8840
18009 22 1121
14218 250 12511
14436 15 779
18024 260 13038
17482 94 4705
15965 496 24818
18048 378 18939
17851 259 12964
17237 493 24693
14218 95 4786
18021 138 6949
17875 414 20745
14524 29 1479
14938 37 1885
17383 407 20354
14740 39 1992
17493 151 7563
14564 151 7588
14938 186 9347
15098 66 3317
17482 160 8028
14795 19 987
17992 47 2358
18039 95 4800
14375 6 320
17603 34 1722
18005 54 2702
17497 18 947
15279 30 1545
16200 32 1645
15403 174 8717
17992 78 3943
17343 12 604
17125 63 3161
14664 171 8589
14816 133 6667
14645 28 1447
17763 82 4150
14772 73 3655
17497 8 405
17312 261 13098
18049 21 1072
16209 208 10436
14425 225 11264
17780 44 2243
17367 3 157
15236 65 3267
17283 2 115
17561 50 2542
14795 19 989
18021 138 6942
17316 117 5867
14270 14 717
17237 55 2772
17134 23 1189
17495 33 1673
14748 169 8497
14664 240 12036
14403 41 2083
17419 26 1339
14564 22 1109
17850 28 1405
17636 24 1222
17123 21 1072
14942 251 12586
18011 33 1671
15014 9 482
15989 75 3787
16219 258 12904
17985 138 6928
14369 70 3548
15941 47 2376
17592 136 6817
17623 8 410
14291 97 4860
17313 180 9021
17875 330 16515
17623 0 35
18039 95 4797
15163 71 3590
14165 90 4544
14758 144 7218
17371 478 23938
17237 432 21637
14306 61 3089
17206 181 9059
14729 21 1071
17333 117 5865
18021 686 34312
17177 68 3407
14149 36 1836
15933 215 10763
14874 245 12279
14697 47 2400
14157 195 9768
17255 38 1910
14418 187 9382
18031 88 4422
17312 115 5790
17560 167 8362
17986 117 5866
17667 278 13940
14286 5 300
17560 135 6795
17371 428 21434
14558 156 7847
17137 91 4598
17530 10 532
15986 164 8238
15986 164 8238
14564 106 5331
17112 43 2174
18021 475 23761
17851 324 16220
14795 39 1997
17168 16 813
14425 72 3603
18039 95 4800
14970 236 11815
17875 263 13160
17125 63 3154
14363 235 11792
17985 286 14302
18021 138 6933
14623 17 872
17398 19 999
15099 185 9259
16058 190 9544
14798 38 1922
14409 199 9955
15318 90 4544
14970 13 655
17168 66 3323
14544 272 13646
15297 108 5418
15941 66 3314
14746 304 15239
17559 19 996
17304 10 513
14375 148 7447
17398 19 999
18010 101 5079
14768 31 1591
14409 174 8726
17986 117 5899
15392 7 383
16051 125 6265
14319 3 159
14938 63 3189
17254 59 2953
18499 201 10069
14642 71 3565
14959 146 7314
17451 162 8122
14592 10 532
15946 432 21625
14263 285 14259
14263 285 14290
15266 9 467
17462 0 39
17312 110 5524
14927 173 8672
18021 327 16371
14970 13 673
14825 59 2990
17344 69 3476
17631 75 3751
14938 37 1857
17829 20 1017
18499 27 1389
17658 22 1139
14899 199 9954
17620 92 4637
17985 113 5667
15103 185 9269
18481 113 5699
17662 27 1389
18011 33 1686
17333 117 5874
17578 21 1086
17360 20 1037
17125 63 3161
17753 4 243
17283 9 492
14338 307 15369
17095 80 4009
17871 34 1709
15234 103 5193
14798 56 2825
14338 186 9332
14356 53 2689
17177 44 2247
18001 1 98
17112 42 2144
15167 155 7781
17753 4 243
17462 11 585
14165 77 3883
17992 82 4121
14748 34 1724
17535 28 1426
15130 52 2634
14548 189 9475
17326 48 2449
14475 32 1632
16058 212 10632
14746 304 15243
17333 117 5873
14592 42 2144
18021 299 14968
14819 13 686
14377 107 5394
17322 20 1016
17834 52 2604
14884 140 7033
14356 222 11117
15125 186 9338
17270 4 237
14643 244 12246
17441 42 2120
15154 166 8340
17123 12 645
17270 64 3245
17283 37 1851
14575 55 2775
14195 198 9948
17753 17 852
14377 181 9098
17530 110 5545
17840 337 16872
15086 6 302
14940 136 6826
14544 88 4432
17123 27 1366
15389 53 2665
14870 136 6806
15251 108 5405
14897 45 2291
17986 14 744
17992 2 113
16117 58 2907
14157 66 3306
14227 42 2122
15941 23 1179
18001 1 72
14642 71 3565
14643 133 6674
15966 305 15278
18021 577 28865
14445 52 2605
14677 22 1133
14772 95 4766
17168 20 1022
17573 100 5040
14379 147 7378
17679 6 336
15293 66 3322
14938 298 14949
15163 71 3590
14546 141 7080
14940 51 2579
15243 37 1897
17394 171 8594
15970 397 19892
15941 66 3327
14623 77 3875
17099 12 624
17398 64 3230
14592 2 107
18499 27 1387
15167 141 7096
17361 257 12889
17333 17 894
17269 170 8513
15228 130 6504
17333 144 7204
17335 93 4675
18040 26 1350
15941 74 3747
14403 47 2380
14356 177 8865
18005 110 5544
17339 274 13736
17435 41 2072
18010 101 5084
17530 110 5549
17858 194 9746
17206 176 8802
17394 183 9187
18024 62 3144
18024 127 6399
14122 180 9009
17419 7 351
14410 290 14540
14202 15 761
17251 216 10848
17776 1 99
15425 122 6105
17251 215 10765
17137 91 4599
17178 40 2022
14228 84 4202
17482 174 8717
18048 365 18283
14940 101 5089
17671 168 8419
18039 169 8470
14722 190 9528
14139 117 5895
15099 185 9253
18021 138 6904
17336 47 2377
17371 487 24357
14774 241 12078
15074 56 2842
17335 46 2344
15254 60 3041
14870 108 5401
17204 151 7589
14436 264 13240
15946 524 26241
17662 4 242
17344 30 1534
14722 161 8069
17237 521 26052
17560 135 6751
15149 97 4875
14768 176 8836
17206 471 23596
14707 11 566
14575 55 2774
14159 109 5468
14355 1 53
17333 117 5865
14643 221 11075
14564 68 3432
17326 18 928
18005 110 5510
17099 99 4972
17504 11 588
17239 171 8560
17195 86 4338
17283 0 16
15389 53 2688
17137 100 5041
14306 61 3069
14899 199 9963
14438 123 6176
15154 226 11337
18021 670 33534
17827 62 3112
17095 40 2010
17662 156 7837
14938 37 1851
17861 381 19093
14286 11 557
18021 694 34739
14545 69 3465
17398 85 4252
18527 302 15123
18007 77 3864
17623 6 327
17875 414 20735
17840 10 546
14749 301 15063
17089 109 5499
14149 223 11169
18010 101 5096
17858 248 12422
14445 113 5698
14245 132 6640
17191 45 2261
16200 101 5072
14664 240 12042
14897 48 2406
15318 120 6001
15228 82 4143
14697 19 984
18007 39 1975
14127 77 3865
14642 71 3563
14377 235 11758
17985 78 3911
17494 303 15180
15989 75 3775
17206 204 10212
17592 152 7638
14897 129 6488
15397 35 1795
14697 6 338
15234 103 5161
17611 87 4382
14427 100 5033
17560 135 6795
17339 164 8234
14367 88 4435
15383 122 6117
14227 1 97
18021 299 14957
14151 94 4717
14707 49 2458
15318 90 4543
14157 4 247
17667 127 6361
17339 187 9398
14819 2 127
17667 97 4893
15228 82 4149
14157 127 6368
15294 20 1017
17522 111 5573
17413 139 6959
17451 26 1301
14748 34 1705
17068 5 298
15403 81 4072
14390 58 2930
18040 5 252
14410 1 99
14316 54 2702
17361 155 7781
14641 98 4927
18527 360 18050
17590 15 778
15425 122 6147
14319 16 849
17254 51 2555
17840 322 16148
17679 0 9
14556 135 6787
16031 2 148
17482 94 4748
14764 82 4133
15098 55 2783
14942 64 3222
14377 157 7887
14970 86 4329
14546 177 8895
17339 49 2454
17612 8 428
14545 109 5485
14772 48 2426
17992 66 3344
14986 140 7014
17365 97 4898
14338 163 8200
15130 61 3057
14335 275 13766
14319 17 859
17270 61 3070
17125 63 3154
18005 118 5923
17255 57 2852
15130 61 3084
17398 19 967
16167 56 2839
14524 49 2469
15970 442 22138
17960 12 629
14546 179 8988
18011 82 4148
15079 55 2785
14127 245 12276
17840 10 518
17333 57 2892
17451 162 8122
15273 114 5713
15946 390 19543
14897 21 1065
18021 327 16371
18045 55 2798
14191 155 7755
17827 28 1420
17561 71 3551
14722 161 8091
14736 164 8223
17371 4 222
14647 111 5562
14707 38 1916
14795 35 1797
17269 170 8528
14377 235 11764
16073 221 11074
18044 439 21996
14218 35 1796
17313 58 2919
18011 35 1752
15966 15 786
14403 41 2096
17394 171 8556
17112 0 42
17125 31 1587
17390 85 4292
17875 330 16542
17479 8 414
17338 10 516
17361 214 10705
17349 100 5028
18011 39 1988
15167 66 3313
14149 30 1548
17861 347 17387
14425 133 6692
17482 94 4705
14641 103 5181
17495 225 11292
14819 11 597
17251 216 10838
14316 52 2624
18024 62 3148
17226 176 8838
16058 26 1304
15125 186 9338
14564 67 3396
18527 302 15123
14375 109 5480
18024 62 3121
17875 263 13163
18466 70 3502
17875 414 20715
17251 200 10030
17481 11 577
17343 38 1940
17195 24 1207
17131 205 10293
14546 136 6846
17270 47 2393
18040 73 3669
14455 218 10910
17861 347 17389
14290 260 13024
17611 90 4528
17269 88 4414
16089 293 14685
17313 198 9945
17177 44 2247
15167 76 3841
17985 138 6935
17224 38 1908
17671 134 6748
14263 103 5186
17383 23 1198
17364 52 2623
17112 42 2111
14436 15 771
17834 22 1128
18011 82 4125
14436 264 13240
17623 4 249
17270 47 2393
17671 218 10945
14945 27 1378
14436 201 10082
17099 99 4969
14377 133 6677
17208 114 5735
15154 233 11698
17633 74 3722
15113 131 6578
17482 151 7594
17237 398 19937
17312 261 13098
15409 78 3939
18044 412 20620
17858 248 12432
14195 198 9949
14232 9 499
17239 106 5304
18007 77 3874
14455 205 10257
15933 215 10763
14938 93 4681
17251 163 8192
17497 239 11998
14903 188 9415
14377 235 11764
17871 105 5273
15391 139 6995
15425 177 8870
17986 117 5888
14632 28 1432
16080 44 2228
17349 66 3310
18039 74 3720
14643 179 8995
14436 112 5604
14902 101 5094
15279 30 1515
14195 198 9905
15392 94 4746
17875 254 12730
14697 22 1142
17530 23 1179
14379 147 7394
17851 259 12963
14146 56 2838
17312 110 5547
16031 25 1296
14940 155 7798
15391 198 9904
14431 39 1965
14921 68 3405
14122 171 8551
17333 117 5873
18005 23 1174
17164 20 1010
17123 10 519
17383 461 23071
17206 445 22252
14157 193 9698
14610 5 258
17462 0 39
17367 100 5007
16219 258 12925
17861 351 17553
15154 149 7472
17671 168 8417
16031 25 1269
17371 465 23267
14159 26 1328
17270 41 2071
14146 77 3857
17123 2 140
18021 138 6928
17338 86 4311
15154 96 4835
17095 66 3303
18048 365 18278
14438 171 8592
15296 203 10163
14436 15 797
14729 45 2264
14805 52 2631
15383 122 6122
17447 120 6006
16041 237 11896
17398 178 8949
17099 99 4969
14707 38 1921
17065 91 4596
15167 76 3801
18010 81 4081
15382 185 9252
15254 50 2502
15946 524 26241
14165 100 5031
14377 3 166
15103 134 6708
14936 63 3168
18024 361 18084
14218 169 8491
15074 74 3744
14771 121 6089
17662 32 1611
15318 90 4540
14338 16 824
14772 128 6449
17871 93 4693
14218 250 12511
14338 94 4737
17237 442 22103
18021 662 33114
14458 42 2132
17335 46 2344
17283 2 120
17590 17 875
18499 264 13203
14165 35 1791
14425 45 2261
17990 305 15262
17505 11 566
15328 15 774
18497 257 12863
14377 96 4826
17972 246 12328
15391 198 9918
16209 324 16215
14795 55 2767
17493 223 11183
14903 239 11971
18021 327 16398
14149 188 9442
17178 40 2019
16031 2 143
14338 94 4723
17415 47 2370
17985 180 9023
14375 159 7969
15423 25 1288
17134 64 3244
17423 8 406
14564 106 5348
18021 152 7608
14774 226 11345
14819 13 669
17164 109 5468
17482 126 6319
14903 208 10424
14543 148 7431
17986 183 9190
15297 198 9922
17398 64 3230
17095 80 4009
17679 0 21
16095 251 12556
14936 63 3176
14764 38 1902
14545 109 5485
18044 419 20982
17338 86 4316
14546 151 7557
14356 63 3183
14355 1 72
16209 72 3648
14945 35 1799
14369 57 2874
14936 21 1100
14223 147 7389
17462 11 586
14707 52 2603
14425 49 2457
17390 70 3501
15154 96 4816
14816 106 5309
14159 63 3193
15014 82 4102
14271 76 3836
15941 12 632
16219 258 12904
14338 232 11626
15318 124 6217
18007 77 3890
18021 670 33534
14377 113 5651
14356 81 4064
15167 102 5101
17623 6 327
18021 138 6912
14270 111 5593
14190 14 727
16051 146 7325
14403 3 194
14664 151 7590
14774 160 8032
15297 198 9929
17361 163 8187
18466 70 3525
15987 177 8876
18024 398 19908
15125 89 4498
17360 32 1624
15382 209 10490
15228 82 4150
14677 22 1117
17394 171 8556
18011 82 4133
17270 47 2371
14938 63 3155
14772 43 2192
17875 263 13164
16047 26 1304
17978 133 6698
17671 168 8419
14286 5 256
14293 226 11308
14607 265 13255
16101 170 8545
14632 45 2295
17462 8 417
14369 141 7089
17239 106 5304
14549 210 10536
14436 201 10066
17535 35 1756
14764 38 1917
15382 248 12407
17494 151 7575
14884 177 8891
18005 23 1199
17089 83 4164
15308 93 4681
14369 70 3548
17686 363 18152
14306 122 6132
15361 155 7751
18039 46 2312
18007 77 3888
17462 19 991
14564 11 580
14623 292 14610
17530 110 5549
17336 3 196
17858 179 8975
16101 71 3565
17992 78 3904
14165 90 4527
17168 64 3242
17972 246 12328
17580 15 800
18005 110 5510
18028 254 12738
17237 398 19936
14459 99 4956
14664 190 9540
14363 235 11792
17125 97 4882
15167 76 3801
14409 199 9951
15228 57 2854
17829 182 9114
17126 92 4648
14543 199 9962
14438 195 9799
17495 222 11144
14545 109 5467
17559 81 4079
18007 70 3537
18040 73 3700
17255 38 1901
17614 1 68
17973 13 658
15080 34 1737
14403 3 171
14369 75 3779
17134 70 3538
14884 52 2630
17204 91 4581
14636 121 6051
14450 82 4149
18049 45 2288
17530 7 386
18045 55 2770
14664 9 451
15167 102 5117
17206 407 20362
14138 95 4777
16051 24 1229
17552 236 11825
15113 51 2579
17365 19 984
17623 4 244
16080 15 794
17243 46 2336
17068 0 32
15286 182 9114
17875 263 13178
14436 15 771
14425 205 10263
14161 110 5529
17390 41 2079
14750 19 956
17260 25 1289
15115 56 2829
14749 52 2644
17447 120 6014
14246 196 9844
17482 151 7594
15965 496 24803
17185 91 4593
18007 77 3857
14157 66 3337
15355 48 2436
14277 0 6
17068 0 4
17095 40 2004
17440 181 9088
17447 120 6040
14409 174 8708
15425 75 3772
17361 342 17129
14805 199 9990
17383 78 3939
15987 199 9983
14938 189 9489
17667 127 6363
14427 264 13219
15130 52 2613
17195 24 1247
14746 304 15239
17679 7 360
14390 58 2911
17360 49 2497
15138 1 97
14642 108 5407
17482 94 4713
17383 23 1187
14195 118 5917
17206 25 1277
18481 0 8
14335 275 13751
15965 194 9703
17875 421 21076
15941 74 3737
14139 117 5861
18527 576 28802
14157 54 2733
14901 38 1906
16047 24 1205
14316 8 443
14819 7 386
17494 151 7584
15970 198 9905
15409 84 4244
14329 42 2119
17620 199 9967
17489 196 9807
14438 171 8579
17985 113 5684
17514 61 3097
14455 49 2475
16047 5 252
15228 82 4149
14335 225 11277
15328 15 777
17333 117 5862
14445 52 2609
18021 144 7202
15946 478 23913
17573 77 3851
17243 46 2336
14772 128 6411
14543 174 8704
15383 122 6117
17524 68 3415
17415 146 7324
14202 15 761
17339 187 9360
15252 47 2361
15389 25 1256
17423 9 490
15425 75 3772
14122 94 4703
14425 133 6692
17482 94 4707
17185 57 2851
14758 105 5265
14945 27 1378
14319 2 117
17636 5 290
17251 215 10788
15127 43 2176
14290 268 13417
17206 287 14378
17125 31 1587
17482 94 4748
14218 149 7463
14758 167 8397
14548 42 2136
14774 226 11329
14195 118 5947
17333 55 2797
18021 299 14987
17667 97 4876
18527 360 18049
17313 111 5560
14277 3 155
15328 15 777
17497 124 6202
14549 164 8222
14543 25 1292
14772 60 3023
17875 421 21075
18024 62 3135
16101 56 2826
14564 1 68
15264 16 812
14377 181 9084
17840 10 520
18492 238 11934
17851 259 12956
17360 55 2778
15318 90 4543
15973 81 4053
17371 55 2762
17371 149 7483
14645 29 1466
15355 48 2450
14281 169 8467
17191 34 1716
15383 122 6122
16209 287 14357
17561 50 2524
15318 120 6030
17339 121 6097
15391 77 3852
14375 159 7969
14161 15 795
17343 34 1737
17871 105 5290
18007 91 4568
18527 545 27264
15228 57 2865
14149 127 6374
16117 0 35
18048 378 18905
17990 305 15262
18010 101 5093
14127 77 3881
14390 72 3611
14549 131 6577
18031 88 4433
18021 475 23773
18039 80 4050
17679 7 352
15228 130 6511
14436 15 774
17973 22 1150
14436 47 2380
17337 11 588
15252 24 1234
17343 34 1719
14564 19 953
14707 38 1926
17482 86 4347
17237 235 11759
15293 77 3876
14151 56 2807
14697 22 1118
14450 199 9957
14740 57 2879
17834 52 2642
15361 155 7751
18040 46 2309
15116 245 12257
17339 164 8234
14942 77 3890
18499 343 17180
16117 64 3248
15061 194 9706
15167 152 7644
17371 465 23267
14564 104 5240
18049 45 2285
14664 151 7558
17208 196 9827
18527 576 28802
17339 127 6363
14146 29 1487
17481 28 1416
17535 35 1777
14707 30 1548
17462 3 156
14549 133 6698
17973 70 3534
17978 315 15787
16089 6 341
14376 291 14579
17322 20 1031
15383 69 3499
15933 215 10790
14768 103 5174
16101 71 3590
15236 65 3276
14475 43 2161
18021 138 6929
14747 51 2561
15383 207 10394
16058 113 5684
18021 138 6943
15125 89 4482
17671 218 10938
17611 90 4528
17858 301 15056
14545 69 3492
17620 122 6115
17095 97 4866
17343 34 1731
18270 45 2281
15297 198 9925
17168 16 834
17573 19 973
18527 302 15129
18049 0 4
17365 124 6245
14805 250 12541
14403 63 3179
17503 241 12097
14741 261 13078
16063 51 2586
15391 139 6954
16058 26 1350
17191 48 2420
14903 176 8829
17178 83 4160
15391 226 11341
17875 330 16523
14549 143 7154
18492 271 13585
17990 355 17767
17125 31 1571
17992 15 786
14549 88 4403
14771 121 6089
17206 483 24153
17851 217 10888
14545 32 1620
14623 258 12947
14438 195 9757
17361 248 12420
17484 205 10270
14729 21 1087
17494 48 2401
16073 209 10495
14544 55 2754
16095 288 14424
14195 179 8967
17283 11 595
15099 185 9293
18045 43 2194
17858 179 9000
17457 68 3440
17623 4 215
14729 41 2077
18499 27 1370
17481 28 1416
15403 81 4086
14940 240 12029
17590 16 840
15970 266 13338
14771 82 4129
15147 185 9256
15236 111 5567
17178 40 2047
17435 8 416
14306 61 3087
14729 45 2278
18048 23 1178
18039 46 2312
14722 161 8069
14927 153 7656
17592 63 3194
14641 36 1837
14940 240 12029
18021 327 16363
18481 113 5699
17875 263 13188
17861 381 19080
17390 85 4269
14772 269 13482
14936 21 1100
17204 91 4581
15243 9 461
17270 83 4190
14746 108 5403
14746 59 2987
15147 62 3141
15286 186 9334
18049 45 2285
14157 49 2469
17494 130 6533
14445 0 29
17482 160 8032
14527 10 537
14455 205 10257
17535 35 1785
15127 43 2160
17858 248 12438
15014 218 10950
17840 33 1651
15113 2 114
14138 41 2057
14937 59 3000
14543 49 2452
17462 8 421
14246 72 3639
14768 80 4009
18024 338 16932
17686 354 17748
14741 227 11366
14970 212 10618
14375 18 912
14431 72 3617
14741 265 13266
17206 483 24173
15125 89 4482
17164 109 5496
15228 130 6519
14246 196 9844
17874 12 605
17561 71 3574
17985 286 14325
17123 21 1067
18007 77 3887
17349 66 3330
15355 71 3551
15234 103 5190
14921 68 3404
17451 162 8127
18497 37 1890
17237 67 3398
17834 52 2635
17530 7 356
15014 29 1486
14543 148 7417
14824 187 9374
14707 11 576
17497 18 947
14774 241 12089
14427 264 13240
14736 115 5796
14446 25 1257
15970 133 6678
17840 322 16143
14643 221 11072
18021 327 16368
17603 26 1330
14336 55 2795
17535 22 1133
18021 694 34702
17383 23 1183
14912 199 9969
17313 65 3258
17206 17 872
17858 194 9708
17371 149 7462
17535 50 2535
17667 61 3059
14707 30 1548
17636 24 1208
15946 484 24244
18270 45 2290
17875 421 21076
17875 263 13178
14425 160 8046
18021 475 23787
16117 0 11
14425 72 3612
17336 3 190
14558 110 5538
17686 363 18188
17270 47 2360
17753 175 8788
14445 113 5687
17339 308 15411
17851 259 12983
17972 84 4245
18497 76 3826
15391 198 9918
14355 2 140
14936 63 3181
17603 27 1374
15987 177 8888
14375 119 5970
14333 22 1112
14329 90 4543
14544 76 3821
14377 129 6496
17573 100 5032
15115 56 2845
17875 402 20131
15297 135 6783
16219 223 11163
18021 475 23778
14223 147 7353
18021 138 6942
15941 74 3724
17851 267 13393
14127 153 7660
15125 65 3295
15946 390 19543
18463 215 10753
17590 10 512
16063 51 2586
16058 234 11717
15989 75 3769
14270 254 12722
14338 264 13233
17204 91 4595
14746 304 15240
14888 83 4183
17494 107 5366
17338 10 516
17671 218 10916
14884 187 9387
17530 10 532
18270 45 2254
14157 78 3938
14647 85 4270
14764 38 1911
14647 111 5562
14218 151 7580
17985 178 8937
15167 102 5150
14870 108 5406
16073 32 1616
14427 100 5047
17590 15 763
14774 226 11345
17972 246 12341
14223 95 4758
17168 2 110
17958 43 2186
17662 180 9049
14647 121 6086
17875 402 20131
17990 305 15266
17415 189 9486
14542 146 7329
14376 308 15405
17489 196 9848
17671 134 6748
14257 236 11842
17413 139 6968
18021 340 17004
17494 303 15180
15966 175 8770
17494 130 6502
17178 40 2049
14736 224 11244
15154 117 5888
14271 188 9418
17361 378 18924
18021 144 7239
17611 87 4396
17178 40 2047
14227 38 1934
17335 38 1950
17195 24 1247
17152 55 2767
14564 151 7556
14146 56 2817
15965 269 13456
18005 23 1163
17504 8 434
14455 205 10291
14816 30 1528
17089 1 90
17494 148 7423
16219 222 11116
17875 414 20733
15154 98 4905
16209 239 11983
17237 432 21620
14942 193 9654
18049 21 1070
14643 133 6684
14643 244 12246
17494 107 5364
17383 461 23098
14245 132 6644
17125 31 1569
15294 66 3301
15273 41 2071
14543 234 11717
17494 151 7579
17497 18 943
14436 47 2390
17590 17 868
17671 233 11674
14427 100 5038
18049 45 2264
14857 203 10195
14338 122 6147
14768 133 6674
17462 8 417
17365 124 6233
17623 8 420
14642 23 1159
15403 28 1418
15116 239 11991
16031 2 137
17753 148 7449
15103 69 3469
18021 299 14989
15970 198 9905
17611 3 196
17383 78 3902
14772 48 2447
17237 341 17091
18021 138 6939
17671 218 10909
17065 133 6691
17349 66 3310
14409 199 9952
17367 100 5007
17679 6 332
15113 119 5972
14375 108 5417
14355 2 140
17251 216 10848
14409 176 8823
18024 62 3121
14970 98 4930
14564 10 526
15328 62 3108
15251 108 5405
17992 66 3338
17829 182 9120
15970 442 22125
17479 23 1200
17360 55 2768
18048 327 16352
14438 109 5500
17985 180 9037
15328 65 3257
16095 288 14409
14632 28 1410
17865 174 8748
17679 0 30
17185 57 2851
15403 13 658
17990 355 17751
14475 35 1766
14736 135 6788
18045 63 3182
15383 223 11167
18514 330 16541
17505 96 4818
14542 284 14211
18044 522 26117
14165 104 5203
15243 89 4471
17504 11 580
17191 34 1716
17137 91 4599
14610 184 9228
14227 66 3350
18021 138 6927
15382 0 6
16058 190 9506
17978 315 15791
14271 59 2964
17237 235 11759
17112 42 2150
14165 90 4528
17208 116 5813
14901 169 8469
14936 63 3181
14912 199 9995
15061 252 12640
14425 205 10263
17462 23 1180
14888 137 6897
15115 63 3177
18044 412 20620
18021 138 6928
18525 101 5051
14771 88 4411
16051 24 1248
15154 149 7477
17168 26 1314
18007 70 3506
15243 9 461
14543 130 6515
17349 79 3995
17239 128 6433
14747 51 2561
14592 70 3536
14446 21 1055
15425 13 696
16209 84 4219
18497 257 12851
17992 66 3309
15115 20 1004
14356 222 11117
14884 52 2643
14355 6 345
17112 45 2283
14190 18 903
14623 171 8592
18021 138 6926
17612 50 2504
18039 40 2040
18011 82 4145
17371 4 249
16063 30 1523
14641 98 4927
14558 110 5532
17535 22 1112
14618 18 930
17645 35 1770
18527 545 27255
14673 34 1721
14901 38 1924
18011 82 4138
17360 20 1028
18007 91 4559
15222 0 46
14377 133 6677
17986 14 744
14445 0 17
14218 86 4338
18466 60 3004
18009 17 858
15079 55 2753
17871 93 4655
16117 0 11
18007 39 1956
14356 120 6007
16209 23 1183
17590 15 787
18024 62 3130
17561 60 3004
18021 662 33127
16041 192 9617
17089 1 90
14798 2 125
14938 298 14940
15222 121 6051
18021 670 33525
16219 144 7231
15383 211 10555
18040 26 1350
15941 47 2376
18021 327 16363
17686 363 18188
17858 120 6018
17671 292 14612
15138 71 3554
14403 3 181
14279 49 2490
15297 198 9928
14377 181 9079
14306 61 3091
14903 188 9406
15163 71 3584
17371 4 219
14884 125 6296
16058 217 10869
14903 176 8801
15130 52 2613
15061 229 11457
14697 19 984
15318 143 7190
14564 154 7715
14736 86 4347
14748 30 1540
14768 87 4364
17482 174 8717
17243 46 2309
15116 239 11960
17423 8 446
14218 110 5550
15286 201 10086
18040 73 3700
14224 76 3818
18509 29 1451
15074 103 5196
17191 44 2214
17168 83 4187
15228 82 4122
17667 97 4855
14942 241 12067
17089 34 1721
17530 79 3983
14771 129 6462
14151 78 3911
16089 6 329
17462 12 610
17671 242 12130
15138 71 3554
17398 178 8949
14736 164 8218
15425 74 3750
15147 122 6132
14270 91 4561
17112 45 2283
17191 3 159
17990 284 14234
14279 58 2945
18021 299 14987
15361 212 10613
15296 92 4609
17343 38 1917
18005 118 5923
16101 56 2821
15115 20 1004
14363 276 13808
14556 302 15137
17283 0 16
17990 548 27447
18007 70 3513
14801 252 12636
17206 17 868
14379 220 11009
16051 146 7326
14403 63 3192
17254 32 1636
17494 48 2414
15014 152 7623
15328 65 3257
17226 113 5668
17495 215 10779
17482 86 4347
15130 50 2509
14306 122 6121
14664 9 451
17089 101 5089
17251 166 8332
14643 110 5540
15249 141 7076
15391 187 9397
18011 82 4125
18010 101 5093
17185 91 4553
17125 97 4882
14329 25 1264
14592 42 2149
17137 29 1477
17125 63 3178
17394 171 8581
14707 30 1526
17495 215 10761
14729 41 2094
17313 58 2925
17612 29 1480
17972 84 4245
17834 64 3230
17112 45 2295
17226 170 8529
17415 47 2377
15014 61 3066
18011 82 4127
14771 82 4116
17482 158 7925
18005 54 2716
17270 83 4190
15987 141 7070
18499 201 10097
16080 48 2403
17343 1 61
17462 11 599
17243 98 4929
17269 170 8513
14575 83 4173
17204 177 8892
14316 31 1560
17237 341 17089
17123 10 545
18527 545 27276
15116 239 11991
14677 8 443
17137 91 4567
17992 66 3309
17609 25 1279
16209 47 2364
14636 121 6087
17482 94 4743
17123 10 545
17371 83 4156
17992 47 2382
15228 57 2898
15946 246 12311
18007 77 3884
17631 29 1462
17609 51 2567
17776 17 863
14218 150 7521
14438 171 8567
14623 171 8592
14632 57 2863
14425 160 8007
14970 212 10646
14921 49 2472
17339 279 13979
14564 56 2830
14643 244 12210
14623 258 12937
17972 129 6472
17973 13 682
14798 62 3143
17609 51 2567
17535 13 691
14218 82 4140
14195 118 5938
18481 113 5681
14138 95 4777
16058 190 9528
14279 49 2473
15970 397 19861
14891 224 11234
17592 63 3188
14425 72 3612
14157 104 5204
17462 17 882
14279 51 2574
17237 22 1119
14798 30 1544
14801 252 12636
17337 45 2258
15147 91 4578
15222 121 6078
14427 143 7162
14795 55 2751
14425 72 3604
17419 47 2400
18021 475 23772
15254 64 3202
17973 22 1116
14771 82 4126
16080 15 773
15946 389 19483
17191 48 2420
15127 33 1671
18044 404 20235
15294 45 2255
18525 173 8698
17361 257 12889
17312 110 5524
14151 78 3911
17344 20 1007
14707 30 1526
14825 59 2988
17360 20 1037
18024 345 17299
14149 188 9442
16047 13 688
17776 17 867
15279 114 5721
18005 77 3893
17874 32 1621
18007 77 3888
17840 81 4064
14564 3 163
18499 201 10069
14191 234 11743
17068 16 820
17371 29 1473
17671 159 7955
14564 15 769
15167 155 7754
17269 88 4419
17535 54 2705
15383 122 6119
17383 461 23091
17164 138 6901
14746 147 7381
18007 70 3510
18466 60 3016
14549 27 1398
14610 149 7498
15328 181 9090
14293 215 10796
15987 233 11697
17992 82 4108
17206 22 1114
14819 6 339
14940 87 4382
14445 113 5698
18499 178 8942
15113 11 593
17423 8 449
17603 34 1722
17095 80 4010
14749 52 2638
14379 50 2520
18021 475 23795
14870 108 5401
17871 105 5273
14375 15 754
17333 102 5111
17191 3 159
14524 5 289
14418 94 4720
14874 46 2317
16101 71 3572
14564 11 580
18007 77 3867
15987 370 18517
18527 545 27274
18024 472 23636
14546 151 7557
17495 215 10761
14279 200 10041
17137 205 10259
17503 163 8151
17339 308 15405
14436 180 9039
15130 50 2550
17986 117 5888
14645 29 1463
17603 29 1472
17823 132 6602
17243 98 4929
17326 12 636
15397 132 6638
17254 58 2929
17349 79 3995
17206 22 1114
17206 483 24153
14902 20 1022
18509 3 200
14369 57 2874
15228 82 4122
14758 105 5270
17335 46 2324
18044 439 21955
18011 33 1651
17251 213 10669
17535 28 1401
15391 148 7426
17620 92 4637
14338 132 6620
15946 390 19518
14190 14 702
17206 525 26287
15179 103 5195
14707 11 574
17992 2 124
14455 205 10290
17065 133 6698
17530 7 396
14942 64 3222
14446 25 1275
17270 64 3234
18011 39 1953
17226 176 8819
14390 72 3611
15014 82 4101
17339 10 527
17099 112 5644
14438 238 11926
17452 157 7878
15228 11 600
17985 150 7511
15251 108 5424
14377 181 9071
15234 103 5176
17494 12 620
14369 141 7099
14959 178 8922
17206 204 10212
14527 9 456
17978 16 810
17361 35 1756
14805 143 7156
17195 61 3096
14748 169 8497
14749 61 3054
14369 141 7089
15251 82 4123
14363 143 7158
14819 10 535
17590 13 688
14938 37 1856
17349 66 3344
15127 43 2160
17123 10 550
17763 82 4116
14749 52 2638
17349 79 3998
14281 203 10187
15383 275 13800
15297 198 9938
14546 151 7590
17313 43 2189
14795 55 2775
14959 146 7316
14618 18 930
17260 27 1395
17561 60 3047
15987 141 7078
17992 15 786
14741 201 10053
15254 50 2503
17344 69 3467
17206 496 24841
17479 8 405
14544 88 4409
17658 22 1121
14564 19 953
17112 0 11
17992 47 2382
17365 19 995
14316 51 2580
14127 77 3881
17251 215 10765
15966 192 9622
18049 21 1062
17313 124 6211
17578 21 1086
18040 26 1344
17206 17 887
17851 267 13393
17269 170 8520
14281 88 4406
17858 235 11772
14817 19 965
17986 117 5857
17269 88 4411
14546 27 1365
17992 47 2396
15328 181 9090
17580 15 800
17612 50 2528
14527 95 4773
17333 117 5889
14632 23 1173
17112 45 2295
17237 279 13953
18024 62 3126
14213 13 675
14363 143 7158
14403 59 2957
18021 138 6919
17349 66 3314
17269 170 8538
17089 1 87
17973 22 1150
17612 50 2542
14218 256 12804
14218 54 2703
14438 123 6199
14263 285 14290
14223 147 7353
18049 45 2263
17875 402 20103
14736 130 6503
17415 47 2377
15222 220 11036
18005 42 2120
16080 15 774
17552 236 11815
15933 56 2814
17447 1 76
15113 62 3111
15361 190 9503
17270 4 224
17457 68 3440
14722 190 9528
14772 269 13475
17462 10 504
17865 174 8708
17322 36 1836
17419 26 1339
17361 155 7787
17992 15 781
14801 252 12645
14768 31 1582
14363 249 12497
14425 49 2457
14333 7 375
15308 115 5798
17851 324 16246
17960 12 649
17524 76 3832
14281 88 4432
17394 171 8579
17871 34 1710
17435 39 1971
17206 207 10367
18024 398 19908
14363 9 474
17462 17 899
14556 135 6787
17829 20 1045
14363 163 8191
15251 55 2794
17361 378 18940
15965 347 17383
14446 25 1257
14642 108 5413
17671 437 21890
17237 341 17091
14191 155 7755
17851 259 12976
14564 68 3440
18010 81 4099
17992 2 103
14548 168 8417
17978 133 6688
17972 246 12341
17237 27 1363
14632 70 3517
14884 52 2630
16031 12 648
17497 26 1323
17447 62 3116
17620 95 4784
17573 100 5032
17333 117 5874
17204 177 8869
14329 199 9979
14390 72 3611
15163 71 3587
14610 226 11319
17361 257 12872
14151 89 4484
14377 50 2540
17435 59 2998
14805 13 651
14543 130 6501
17671 233 11674
14938 189 9480
14936 52 2607
15296 203 10190
15391 128 6434
15074 32 1609
15061 157 7898
14610 5 296
18007 39 1955
17123 2 136
15389 53 2688
17623 8 439
18007 39 1967
17462 8 420
14263 168 8420
17865 174 8708
17415 80 4035
14319 22 1143
18010 101 5096
14377 181 9084
17254 58 2922
14903 247 12362
17312 115 5790
17489 196 9829
17535 13 697
17611 87 4356
18005 77 3894
17552 96 4847
14425 225 11252
18005 23 1163
17679 6 336
17865 129 6462
17195 18 941
17360 49 2452
16200 101 5069
15154 21 1062
17360 55 2753
14568 31 1566
17360 20 1028
15243 37 1878
18525 173 8691
15423 25 1300
14746 108 5403
14146 56 2834
14774 241 12078
14246 196 9818
18011 33 1654
14218 150 7545
15222 1 56
17137 91 4567
14333 9 482
15425 86 4347
14942 77 3896
17123 2 136
15308 115 5796
14403 41 2060
14749 12 621
14632 70 3527
17367 100 5040
14335 220 11002
14927 173 8699
14902 178 8911
18005 210 10525
15987 177 8876
14768 87 4367
15318 152 7631
18010 81 4099
17871 7 390
15946 478 23903
15308 115 5774
17497 26 1320
15389 53 2654
14223 14 745
14623 292 14632
