5519 144 7236
6359 2 132
7004 901 45073
6078 1 51
7003 924 46239
6918 68 3435
7014 653 32669
7003 1318 65908
7014 53 2665
6483 0 12
7012 1730 86510
7013 185 9256
6359 6 309
7006 604 30208
7001 480 24031
7014 515 25787
6956 115 5792
6442 34 1732
6930 13 691
7008 145 7282
6912 60 3044
7014 867 43375
7004 1605 80290
7003 1304 65240
7004 901 45055
7003 270 13513
5581 35 1791
6426 23 1167
7004 514 25717
7004 575 28764
5108 92 4627
5433 156 7826
6560 18 913
7010 441 22057
5229 7 368
6410 122 6121
7004 1340 67021
5108 92 4634
7008 1051 52565
7014 950 47536
7012 1061 53052
5459 3 171
7014 515 25789
7001 977 48873
5456 18 921
5190 3 178
5519 148 7450
7001 153 7674
7004 1278 63912
7001 1025 51251
7014 326 16325
6827 110 5527
7008 102 5118
6949 81 4057
6981 40 2016
6387 16 830
7001 144 7205
7003 1193 59666
6826 42 2128
7001 682 34105
5891 149 7452
6687 196 9804
5519 146 7322
6407 97 4883
7001 866 43313
7004 1275 63770
5511 43 2196
7012 1447 72380
7010 89 4494
6751 23 1163
7012 1220 61027
6334 14 735
7014 1121 56053
5487 50 2509
6560 10 535
7003 1433 71657
6080 89 4498
5519 147 7352
6934 13 665
5977 194 9745
6319 49 2476
6756 40 2031
7001 228 11418
6334 12 619
5519 149 7494
7003 828 41434
7014 1346 67318
7004 1660 83002
6812 3 181
6959 125 6270
5630 41 2058
7010 1049 52465
7013 193 9688
6763 158 7918
7008 1078 53928
7004 1435 71783
5557 20 1035
7001 682 34148
7003 1658 82901
7010 343 17176
7013 193 9680
7014 53 2668
6628 45 2259
7012 1126 56307
7014 515 25759
7003 1433 71695
6930 13 682
7001 144 7227
7010 579 28999
6467 98 4924
7013 206 10326
6955 204 10243
7014 34 1719
6080 92 4611
7012 1061 53061
7008 1393 69651
7012 1141 57053
6564 83 4156
5926 13 661
7012 1447 72362
6579 47 2391
6991 64 3219
7003 960 48037
7004 1278 63943
7001 866 43342
7006 558 27943
7014 5 252
7013 193 9682
7003 1513 75683
7004 1319 65957
6690 149 7491
6765 210 10503
5106 184 9240
6081 13 691
7014 1214 60733
6663 41 2096
6930 12 650
7006 558 27927
7003 643 32154
6908 56 2807
7013 193 9696
7014 990 49516
5151 177 8878
7004 514 25741
5515 62 3108
7008 589 29460
6338 26 1316
7013 108 5417
7003 848 42443
5370 52 2628
6548 2 104
6407 98 4901
5783 86 4301
5497 16 827
7008 1244 62204
6765 156 7829
7014 1505 75258
5151 89 4467
7012 246 12326
7004 1435 71797
6689 33 1652
5966 50 2549
5441 83 4167
7008 466 23308
7006 308 15436
5146 43 2164
6572 58 2945
7010 84 4237
7012 1290 64540
7008 1110 55541
7008 146 7318
5452 47 2370
6945 215 10799
5586 148 7406
7008 1387 69361
6981 38 1901
7010 343 17180
6170 31 1590
6027 3 163
7003 1658 82901
7003 270 13511
6078 23 1160
6406 115 5796
6812 3 192
4957 145 7253
5093 164 8242
7008 195 9767
7001 891 44569
7010 48 2412
6882 129 6500
6441 65 3284
7010 1049 52498
7014 1054 52736
7008 144 7224
7012 324 16219
7010 1390 69527
6401 13 684
6548 63 3152
6590 25 1279
6036 33 1698
6664 123 6154
6812 4 212
6954 14 724
7014 990 49519
7012 1730 86503
7001 682 34137
7008 195 9776
7001 153 7686
6973 43 2173
6954 6 332
5456 14 739
7010 1485 74286
7003 775 38785
6812 1 94
5515 96 4836
6794 17 899
5586 87 4352
6656 42 2126
5404 34 1731
6123 9 467
6507 45 2294
6359 6 309
7001 185 9254
7014 1582 79113
7010 1270 63519
7010 48 2428
7010 246 12343
7001 185 9263
7014 326 16322
5401 31 1577
7003 643 32172
6828 169 8486
6882 195 9783
7013 224 11220
7001 26 1322
6930 20 1007
7003 1111 55565
6981 42 2130
5511 40 2017
7014 1331 66566
6923 14 711
7004 1138 56937
7003 1449 72499
6934 79 3991
7008 280 14018
6375 57 2855
6319 47 2351
5783 86 4338
5497 108 5439
7014 34 1713
6404 174 8703
7008 734 36729
5108 91 4578
6406 115 5791
5519 147 7397
7012 708 35419
7010 1562 78133
6829 122 6102
5441 8 414
6881 136 6820
7008 890 44536
6535 91 4558
7012 302 15117
7011 302 15108
7004 1622 81125
5564 192 9627
6945 219 10961
7003 1437 71856
5459 178 8943
6942 93 4658
5137 8 441
6973 43 2173
7010 416 20826
6572 57 2878
7012 1659 82967
7013 206 10312
7010 8 441
7001 682 34118
7001 700 35040
5331 138 6925
6123 8 426
6615 169 8484
5452 46 2345
6908 188 9440
7008 675 33795
7003 852 42647
7012 1485 74272
7013 206 10348
5036 20 1050
7004 1486 74322
5891 149 7452
6959 124 6248
7014 867 43368
7003 456 22836
6401 19 968
6756 153 7698
7008 746 37312
7008 1244 62244
7012 246 12311
6828 162 8145
6812 4 212
7008 994 49743
6663 18 911
7012 1549 77459
7014 216 10816
6765 210 10503
6942 94 4729
6945 213 10658
6992 9 475
7014 990 49504
7013 40 2011
6201 58 2946
6102 38 1905
6912 59 2977
7012 442 22146
7008 1470 73518
7010 1343 67168
6763 166 8301
7012 1186 59346
6650 18 935
7004 1486 74336
6480 101 5064
5385 160 8039
7001 570 28520
6908 53 2675
6614 157 7869
5459 178 8943
7010 84 4242
6959 119 5990
6663 19 959
7001 26 1317
7008 994 49735
5969 46 2316
7003 1513 75695
7003 1734 86722
6656 40 2019
6480 127 6369
6934 13 689
7010 579 28995
6912 60 3044
7007 22 1146
7012 708 35404
7014 867 43381
7003 411 20558
7003 775 38758
6467 97 4896
6831 59 2978
7012 1141 57087
7014 5 270
7003 411 20560
7008 1321 66095
7001 324 16213
5404 30 1532
5382 170 8508
6628 43 2173
6794 21 1071
7004 1622 81102
7003 363 18182
5106 192 9604
6908 191 9571
6560 14 718
7010 1270 63503
7010 579 28984
7013 193 9674
5541 45 2277
6918 34 1712
6036 53 2677
5966 47 2378
7003 784 39231
7004 1486 74342
7014 205 10270
7014 1062 53110
5519 148 7450
7014 144 7213
7001 26 1327
5448 11 580
7011 302 15132
6945 213 10662
6319 44 2227
6162 213 10695
7012 529 26462
7003 262 13136
7003 413 20655
6826 46 2334
5151 163 8195
6765 212 10610
7010 710 35547
7012 19 981
6882 195 9771
7012 19 952
7008 734 36719
6912 193 9668
4983 48 2440
5404 37 1875
7012 442 22146
7012 1635 81757
7012 1275 63781
7012 708 35448
7008 72 3606
7001 26 1314
6827 103 5182
7001 344 17227
7010 1545 77286
5891 158 7930
7014 1411 70584
5519 144 7236
5630 42 2129
7004 1208 60441
7001 185 9300
5380 9 491
5611 102 5120
7014 763 38164
6334 12 618
7010 1343 67165
7001 208 10413
5586 85 4287
7008 145 7259
5966 46 2335
7008 510 25517
6828 162 8145
6366 12 604
6362 83 4171
7003 119 5994
6442 33 1680
6100 14 736
6542 170 8512
6992 9 475
7004 1319 65967
6683 15 764
6697 100 5020
7004 1624 81236
7001 185 9262
6548 87 4389
7001 866 43342
7014 662 33112
6205 95 4789
7006 486 24345
7001 208 10420
6362 83 4192
7010 1343 67151
7004 961 48088
6951 24 1219
7010 8 420
6482 152 7608
6366 74 3708
5155 38 1947
6812 1 56
6908 191 9584
7014 5 258
7004 1268 63421
7003 469 23465
6908 57 2877
6106 49 2457
7010 1562 78131
5433 159 7952
7004 901 45066
5185 74 3720
5380 5 262
7008 133 6679
7003 932 46620
5541 40 2024
5783 88 4444
6952 97 4875
6908 188 9440
5497 101 5090
7008 786 39311
6666 12 603
7010 579 28994
7001 480 24001
6959 123 6171
7008 1348 67404
5370 57 2851
6211 66 3301
6763 158 7918
7003 1304 65215
7006 486 24316
6650 20 1015
6960 73 3696
7001 700 35036
7008 144 7224
6420 43 2197
6908 191 9584
7014 429 21493
7003 214 10711
5459 177 8878
7004 1275 63777
7008 103 5173
7004 1023 51172
6765 214 10713
6201 65 3251
6379 34 1738
6827 110 5516
7003 1050 52522
7001 185 9260
6362 101 5077
7001 823 41166
7010 441 22086
6407 90 4539
7014 1214 60705
7008 589 29485
7001 823 41192
6663 175 8791
6828 169 8469
7008 890 44543
7003 960 48030
4971 187 9360
7003 1387 69375
7004 1340 67021
6959 122 6150
4998 132 6649
6930 18 946
7012 1141 57094
7003 232 11630
6106 50 2506
6912 201 10052
6751 26 1305
7003 1449 72459
6366 75 3779
7013 201 10074
7003 119 5991
4983 6 317
6616 22 1111
7014 1505 75258
7003 31 1558
6387 12 621
7003 1734 86714
7010 27 1375
6616 25 1271
7010 416 20841
5512 213 10686
7008 133 6695
7008 417 20884
7008 1078 53915
7003 1413 70693
7004 1605 80267
6955 212 10630
6831 59 2991
7008 133 6653
5433 153 7692
7014 1411 70560
7001 480 24004
7013 201 10058
6401 17 898
6315 26 1345
7004 1164 58227
7010 649 32492
6896 15 788
6130 13 667
6826 46 2350
6888 90 4515
7012 529 26489
7008 583 29179
7014 515 25787
7010 280 14043
7014 1214 60733
7004 1278 63944
7014 429 21462
5151 177 8878
7003 643 32174
7014 1270 63506
7014 308 15405
6650 20 1020
6975 66 3313
5108 96 4840
7010 1042 52120
6375 57 2870
6620 150 7502
6968 1 89
6955 211 10595
7003 1318 65948
5497 11 571
5339 41 2099
5506 51 2574
6507 47 2378
7010 48 2443
6616 27 1361
4998 132 6649
7008 889 44451
5947 158 7901
6951 20 1037
7008 675 33754
7014 1054 52741
7004 1622 81126
7010 668 33444
7003 1193 59666
6912 193 9700
5019 115 5798
6837 151 7594
6782 2 138
5996 23 1169
7006 486 24327
7004 1299 64963
6837 8 406
7003 214 10711
7010 1038 51946
5331 133 6681
7013 40 2023
6420 45 2267
7006 588 29422
5966 44 2201
6503 56 2806
7012 1466 73341
6426 22 1125
6629 8 430
6173 32 1612
7004 729 36455
6528 11 553
7003 1413 70665
6564 84 4216
7012 1220 61012
5106 183 9176
7008 1348 67415
5106 184 9240
6923 30 1546
5966 50 2523
6288 175 8755
7010 1038 51928
6123 9 491
6359 0 1
5921 19 974
7014 1331 66579
5497 101 5090
7001 210 10516
7004 901 45081
5519 146 7322
7001 418 20920
6420 43 2197
7003 1050 52511
6387 11 586
7003 1449 72472
6951 25 1285
7003 31 1585
6025 99 4981
7008 144 7247
6837 154 7749
7003 1375 68778
6882 155 7787
7010 138 6940
7012 892 44618
6632 34 1714
7008 1051 52562
6201 57 2864
7001 26 1347
6956 197 9851
7010 1447 72393
7010 1568 78408
7014 34 1748
5229 7 360
6300 124 6223
7003 1111 55583
6633 32 1642
6030 13 693
6579 43 2151
6503 58 2948
7008 833 41662
7014 1184 59234
7010 27 1389
7010 138 6936
6945 215 10795
7003 643 32156
6560 10 503
5459 1 78
6230 97 4872
7001 144 7224
7012 708 35422
6503 60 3046
6507 47 2388
7008 1051 52563
7010 48 2449
7003 31 1576
6908 50 2506
7014 1121 56060
7003 1304 65239
5000 43 2171
7012 892 44602
7014 1331 66557
7006 558 27942
6035 7 382
7003 1413 70700
7012 1485 74261
7003 413 20655
6407 96 4837
7014 308 15442
5331 134 6739
6091 103 5163
6577 37 1899
6480 101 5082
7011 308 15419
7008 133 6667
6934 15 789
6954 10 547
6632 57 2869
6334 15 771
5966 0 5
7006 308 15422
5452 49 2459
7008 1110 55518
6338 43 2157
5497 102 5112
5456 13 669
6960 73 3673
6687 192 9629
7008 102 5134
6319 46 2314
7008 833 41672
6956 116 5830
6211 64 3233
6968 7 351
6853 100 5046
6441 62 3122
7012 708 35402
6666 186 9318
7014 326 16342
6751 25 1262
6401 13 669
6960 163 8192
6284 60 3042
6616 22 1111
6211 66 3301
7014 10 548
5151 163 8195
6379 38 1929
6507 46 2344
7013 193 9680
7001 208 10408
5000 41 2052
6321 69 3466
7012 1466 73310
6528 11 553
6912 58 2924
7003 1044 52245
7012 529 26477
7014 867 43371
5151 83 4186
7014 429 21451
6650 17 896
6663 173 8685
6956 120 6036
7011 302 15108
7013 238 11917
7007 22 1143
7003 1437 71866
7001 682 34120
6930 20 1021
7012 892 44642
6683 15 764
5229 6 309
6930 19 989
6882 210 10509
6973 38 1931
6211 69 3457
6687 196 9847
7014 1270 63545
6366 75 3779
5106 183 9186
7003 1642 82147
7014 763 38173
7006 337 16890
7004 1023 51197
6871 187 9394
5511 40 2017
6548 1 99
5404 37 1875
7012 1466 73302
6827 104 5210
7012 1479 73973
7003 411 20561
6827 103 5191
6663 41 2097
6426 27 1387
5497 12 637
7014 1346 67310
6423 75 3776
7014 867 43362
6777 1 77
6366 13 694
6934 13 665
6882 153 7671
6933 87 4374
6908 184 9246
6751 27 1351
7010 246 12338
6628 44 2210
6321 71 3576
6934 76 3820
7008 1348 67407
5071 19 960
7010 416 20807
7001 344 17241
6635 0 2
6908 52 2619
7010 89 4484
7008 1393 69651
6362 101 5096
6908 55 2755
6752 72 3650
7014 990 49547
7014 205 10266
6080 89 4468
7014 429 21451
5557 21 1052
6912 195 9761
6401 21 1099
7004 1622 81126
6319 29 1493
6697 100 5025
7012 1290 64531
5401 36 1807
7008 1348 67437
7014 653 32656
6794 22 1150
6837 8 402
6975 71 3594
6687 191 9596
5547 74 3723
7014 1184 59211
7012 1549 77456
7010 1270 63544
6954 3 176
6663 173 8679
7003 469 23500
7010 1042 52103
6577 35 1761
7004 1624 81236
5169 121 6062
7001 977 48900
6827 101 5076
6303 83 4159
5339 44 2210
7004 1164 58209
6564 84 4216
7014 1582 79141
7001 819 40988
6765 212 10644
6322 42 2101
6934 75 3795
6666 187 9381
7004 1622 81150
7004 184 9203
5339 47 2360
7001 480 24031
6934 77 3863
6956 115 5796
7003 411 20560
6828 160 8005
7008 1348 67437
5511 49 2495
6663 45 2259
6945 219 10959
7001 379 18972
7003 1513 75692
6315 25 1258
5068 95 4765
7008 1348 67415
7001 324 16212
6401 21 1063
5459 180 9020
6666 185 9299
7012 1061 53074
5069 34 1740
7001 732 36647
7004 514 25704
7004 901 45073
7012 1425 71271
7001 542 27110
7003 119 5951
7001 210 10539
6763 150 7514
7012 892 44601
7008 280 14041
7008 417 20876
7004 184 9210
7006 324 16211
5154 155 7791
7012 1290 64503
7014 1640 82011
6908 191 9583
6763 142 7141
6949 78 3916
7010 220 11048
7008 145 7264
7010 280 14046
6664 72 3619
6664 182 9101
6217 142 7114
5547 72 3648
7010 84 4244
7001 264 13249
7013 193 9699
7014 1346 67318
6968 6 320
7003 413 20690
7003 784 39228
7003 1111 55557
7008 889 44500
7010 8 435
6503 58 2948
6952 91 4571
7006 588 29413
6663 21 1076
7008 889 44458
7012 1447 72368
7014 1214 60705
6338 43 2157
6882 156 7833
6528 14 702
7004 184 9210
7013 224 11231
7010 727 36357
7014 1640 82009
7008 583 29163
6837 152 7619
7008 833 41685
6490 38 1911
7014 950 47503
5487 20 1050
7010 727 36368
7012 1447 72376
6934 75 3799
7014 653 32653
6366 13 663
7001 185 9261
6030 13 693
7003 749 37454
7013 193 9683
7013 193 9696
7012 892 44606
6749 44 2232
6653 126 6328
7014 1270 63545
7008 734 36730
7010 246 12334
7013 201 10078
6828 163 8171
7012 1730 86543
7013 187 9384
6663 21 1076
6918 66 3322
7003 228 11417
6960 166 8320
5380 3 195
5229 2 141
7003 1304 65232
7003 232 11619
5511 48 2408
7008 1029 51484
7014 429 21481
7013 238 11922
7012 1006 50313
5108 90 4519
7010 1447 72360
7014 1640 82029
6975 56 2818
7011 308 15402
7008 885 44276
6763 150 7545
7003 643 32172
7008 746 37312
6960 77 3855
7008 1078 53942
6211 67 3370
7004 1622 81120
6542 165 8293
7008 1393 69677
7003 31 1591
7004 1208 60421
6406 119 5970
7001 210 10538
7008 1029 51455
7003 1437 71886
6446 126 6347
5169 35 1798
7004 206 10314
7001 566 28301
5216 85 4256
5401 36 1807
6366 83 4173
6956 197 9872
6918 33 1654
6666 12 603
7001 324 16212
4998 132 6616
7014 1346 67346
5515 67 3372
7003 784 39202
7008 280 14022
5586 139 6983
7003 363 18199
7008 1321 66063
7012 1054 52712
7014 1505 75268
6321 70 3511
6401 21 1099
6201 64 3250
7008 924 46215
7013 201 10077
7010 1390 69526
7010 649 32466
6102 38 1905
6683 13 700
6664 72 3649
6908 51 2576
7010 1038 51908
7010 1545 77286
6378 2 140
6616 23 1186
7010 1596 79810
6956 117 5879
6217 143 7174
7003 1437 71865
5891 148 7425
7014 867 43369
7013 40 2035
7007 22 1143
6908 188 9426
7010 1562 78108
5136 61 3053
7013 108 5404
7012 1485 74264
7008 890 44509
7014 653 32657
6284 63 3162
7003 400 20002
7012 1141 57087
7003 188 9405
6954 10 547
6616 24 1232
6959 127 6384
5581 35 1791
6334 14 735
7004 1275 63770
7014 1411 70552
7001 480 24018
6930 15 776
7004 654 32712
7011 302 15124
6490 38 1911
5891 155 7755
6663 43 2192
5029 172 8650
7014 867 43398
6616 26 1335
5401 31 1577
6908 190 9549
7012 892 44650
7010 441 22054
7004 1622 81109
7008 1010 50530
7013 206 10323
6956 115 5753
6106 48 2444
7014 1062 53131
7001 891 44555
6025 98 4923
7012 1141 57088
6765 212 10621
7010 1447 72351
6687 191 9587
6027 3 163
6908 188 9427
7014 1582 79102
6503 57 2865
7008 145 7276
6319 47 2352
7001 324 16213
6623 61 3051
6683 15 792
7003 1734 86729
6577 37 1872
7003 411 20593
7008 1027 51377
6853 106 5340
6444 37 1867
7008 146 7308
7014 1411 70562
7006 486 24306
7008 1010 50545
7001 295 14786
5401 31 1597
7008 1348 67411
5456 12 622
7010 220 11036
7008 890 44526
6837 8 434
7014 1062 53144
6321 64 3215
6933 83 4197
7006 471 23551
6952 101 5052
5169 36 1834
6756 42 2145
6973 40 2004
7008 1078 53915
6036 32 1634
7008 280 14022
6991 66 3350
6981 40 2045
7006 604 30201
6548 0 47
6404 108 5431
7010 48 2441
6981 128 6448
6765 156 7837
7014 1640 82036
6930 15 774
7012 1186 59333
6572 172 8608
5557 24 1236
6831 53 2656
5996 22 1138
6960 167 8374
7003 31 1552
7012 302 15106
7004 1622 81114
7010 649 32465
5487 28 1444
7001 823 41151
6407 96 4843
7010 579 28988
6401 13 684
6991 67 3356
7014 1214 60724
6420 45 2300
6756 42 2145
7006 558 27903
7014 216 10846
5000 41 2052
6912 195 9761
6616 26 1335
5557 23 1194
6991 68 3436
5783 93 4697
6991 68 3436
7012 1186 59301
6664 181 9080
6106 49 2459
7014 662 33148
7014 53 2667
7001 379 18992
7014 1270 63546
5065 24 1217
6765 212 10624
6080 91 4599
7004 1268 63401
6482 150 7525
6991 67 3357
6205 95 4756
6945 208 10429
6765 158 7920
7004 1435 71800
4995 8 413
7006 486 24315
6535 89 4471
6668 87 4364
6908 190 9549
6021 187 9381
5977 194 9743
7003 1413 70682
6827 101 5076
7013 154 7745
7008 103 5182
5380 2 127
6535 87 4376
7001 566 28301
7012 1275 63791
7001 1025 51278
7004 1299 64963
7003 852 42646
7012 442 22135
7010 579 28984
7004 206 10314
7012 1035 51798
7008 675 33755
6952 101 5061
6480 101 5083
7003 119 5961
7012 1006 50324
7012 1006 50304
6090 78 3936
7014 205 10294
6908 188 9422
7003 214 10734
6535 91 4563
6560 17 884
6871 187 9399
7003 1304 65224
6663 44 2241
6934 18 904
7008 1387 69398
6080 92 4637
7004 1208 60403
6480 110 5524
5519 142 7117
7010 668 33401
5516 25 1290
7001 1134 56703
7013 201 10051
7008 786 39330
6315 26 1343
6956 190 9501
6959 124 6222
6560 10 503
7008 885 44290
5891 32 1608
7004 253 12672
6620 127 6366
5497 106 5327
6303 126 6311
5065 2 140
6035 3 175
7008 510 25510
7001 682 34105
6021 187 9399
7008 1027 51396
7012 1466 73327
7008 1321 66099
6666 12 621
6579 48 2448
6542 170 8518
7003 43 2157
6123 10 536
7001 228 11437
6912 59 2977
7010 138 6925
7006 471 23592
5458 157 7853
6542 166 8328
7003 1387 69355
7001 210 10501
7003 643 32163
6615 168 8446
7004 654 32704
7010 1549 77471
5331 137 6856
6916 123 6178
5605 55 2769
7013 238 11913
7008 1010 50545
7001 228 11418
5071 19 960
5511 45 2275
7003 775 38797
7010 1568 78403
6812 3 181
7010 727 36376
6288 175 8796
7003 1304 65238
7003 228 11417
6756 40 2043
7010 1562 78104
5511 46 2349
6951 23 1167
6918 65 3291
7008 583 29158
5497 16 827
6752 72 3616
5441 6 309
7008 633 31675
6319 47 2352
6387 19 992
7003 1318 65919
6765 210 10513
7010 1162 58106
7003 232 11632
5385 160 8039
7003 932 46623
6981 37 1888
7010 1596 79837
7006 471 23562
7010 1447 72393
6628 44 2237
6908 51 2566
5382 179 8989
7003 31 1569
7003 784 39202
7008 1029 51459
5169 37 1859
7003 1111 55571
5108 96 4847
6812 9 454
7011 308 15402
7011 302 15123
7008 1393 69694
7003 232 11641
7012 794 39711
6572 168 8437
6756 41 2092
7010 1049 52492
6955 208 10427
5155 89 4475
5557 92 4634
6564 81 4090
7012 1126 56309
6973 43 2186
6286 138 6945
6286 78 3910
6812 3 169
6888 90 4536
5891 158 7936
5783 93 4693
7014 326 16327
7012 302 15131
7004 575 28776
6577 33 1666
7010 1042 52116
7012 1479 73983
7004 729 36483
7003 411 20559
6106 48 2428
7008 786 39311
6650 22 1147
7010 710 35534
6423 75 3782
7008 885 44292
7001 891 44596
7010 1049 52496
7004 1275 63771
6908 186 9342
6829 123 6177
7001 418 20934
6528 12 610
7008 466 23304
7014 1640 82010
7014 10 514
7001 464 23212
7014 515 25755
6577 32 1631
5169 34 1746
7008 924 46243
6908 188 9442
6666 186 9318
7014 308 15419
7003 188 9419
6030 14 734
7003 1339 66954
7008 1387 69388
6888 0 47
7012 708 35419
7012 1466 73325
6050 0 1
7003 749 37479
7008 589 29462
7003 932 46636
7008 890 44529
7012 1186 59315
6548 91 4552
6955 208 10427
6663 46 2342
7003 363 18174
6615 172 8613
7014 867 43368
7010 1068 53414
6173 32 1612
6689 35 1787
7004 654 32739
6211 69 3457
6826 40 2041
5497 109 5479
5511 46 2313
7008 734 36706
7008 633 31684
6959 125 6256
6123 8 412
5459 182 9124
6812 3 192
7010 1270 63503
7004 654 32707
7003 119 5966
7001 819 40954
6623 82 4144
6090 76 3813
6756 153 7689
7010 138 6947
7001 866 43335
7003 411 20579
6050 9 486
6990 19 957
7014 1640 82043
5401 38 1906
6366 75 3773
7004 654 32704
5512 189 9462
6482 148 7447
5069 34 1740
7012 1730 86543
5195 61 3074
5516 22 1105
6956 120 6049
6930 15 770
6765 212 10610
7012 442 22114
6199 75 3768
6945 208 10429
5564 192 9642
7010 1485 74269
5511 48 2425
7012 1065 53268
6930 20 1007
7012 442 22145
6362 76 3815
6908 191 9571
6942 93 4654
6407 93 4660
7013 187 9382
5146 43 2164
6896 18 917
5380 3 181
5000 46 2328
6406 115 5796
7003 119 5978
7012 1141 57055
6123 1 68
7003 188 9407
6030 8 446
4983 18 933
7003 1050 52510
6614 110 5539
6548 2 104
6404 173 8691
6303 79 3967
6359 7 383
7010 668 33444
7004 1208 60441
7012 1054 52744
6406 119 5970
7008 102 5147
7013 193 9668
7012 1466 73310
7014 1003 50188
7012 529 26456
5070 55 2779
6211 207 10382
6664 120 6037
7014 326 16327
7001 228 11449
7014 1411 70564
6281 32 1632
7001 566 28328
7012 302 15133
7012 302 15113
7014 1062 53110
4957 142 7102
6102 38 1949
6090 78 3950
6366 79 3995
7010 1390 69539
6765 212 10622
6535 87 4376
7012 794 39711
6690 147 7367
6956 112 5612
6482 147 7356
7004 1660 83017
6960 79 3967
6359 5 288
6091 100 5039
7010 1343 67159
7004 309 15457
7006 324 16220
7013 206 10323
7012 892 44601
6831 55 2793
5401 33 1684
4983 46 2320
5996 25 1294
4983 44 2238
7010 1038 51938
7014 34 1706
5586 141 7080
6666 12 618
7006 308 15402
7004 118 5937
7003 31 1568
7014 1003 50181
5380 0 47
6420 40 2016
7001 1134 56707
6828 164 8219
7004 961 48065
6482 153 7696
6765 212 10621
6030 7 388
6664 180 9006
5456 18 921
5380 1 78
7008 144 7243
7004 1622 81137
7001 210 10526
7003 828 41420
5891 141 7095
7006 308 15408
6441 61 3070
7003 828 41406
7001 480 24033
6401 14 707
7003 1734 86737
7003 270 13543
6616 22 1126
7008 1387 69381
6650 20 1039
5497 109 5459
7013 224 11220
7001 26 1314
7003 848 42442
6379 31 1557
6366 13 694
6952 91 4593
7003 469 23482
6751 25 1281
5013 27 1388
5380 8 445
5339 96 4846
6942 94 4701
7013 108 5424
6960 167 8361
7003 784 39244
7008 280 14018
7012 324 16249
7012 708 35428
7001 566 28313
6908 54 2730
6334 111 5600
7004 206 10348
7001 26 1336
7001 682 34120
7014 867 43381
6577 32 1631
7003 413 20661
7012 1659 82963
7010 84 4227
7004 654 32730
7014 867 43398
7013 201 10094
6955 211 10598
6407 93 4660
6426 26 1329
7004 1138 56917
7003 1318 65909
6912 58 2924
7012 1466 73341
5605 57 2879
6078 3 199
6981 39 1957
6035 3 175
7004 1268 63428
7010 579 28968
5155 49 2474
7001 464 23205
6480 107 5363
7008 1244 62224
6794 18 918
6542 166 8303
7004 184 9231
7013 193 9698
7003 932 46626
7008 103 5169
7008 1393 69674
7003 1513 75686
6918 33 1684
6656 38 1937
7013 154 7704
6945 212 10636
7014 653 32694
6366 19 973
7008 675 33770
6334 111 5583
6837 4 202
6620 151 7588
5512 210 10511
6231 109 5458
7012 19 999
6666 15 783
6975 69 3485
6338 44 2247
5498 4 223
6697 100 5020
7010 649 32452
6480 110 5524
7001 210 10547
6078 23 1160
6036 53 2677
6923 35 1788
7008 890 44526
6680 73 3652
7010 1162 58138
4957 144 7230
6954 6 311
7012 1485 74251
6030 13 698
7012 1659 82959
6535 93 4660
5155 49 2463
7003 924 46233
7003 188 9422
5154 152 7612
7003 1513 75651
7010 1042 52131
7006 486 24303
7010 1447 72351
7014 5 270
7014 34 1716
7010 84 4237
7010 1042 52103
7008 924 46203
6837 152 7635
6992 10 549
7003 228 11441
6975 69 3485
6975 66 3313
7012 1065 53256
6334 7 366
6379 94 4729
5331 133 6681
7013 40 2027
7010 579 28991
7004 1268 63447
7008 734 36723
7008 280 14050
7008 72 3610
6379 38 1947
6959 120 6039
7010 1042 52143
7001 324 16224
7008 1387 69351
6027 4 226
7001 185 9264
7001 344 17249
7003 228 11440
5512 189 9491
6837 154 7701
5380 0 5
7003 1050 52537
5926 13 677
5586 142 7135
6663 25 1272
6751 27 1389
7001 464 23223
6036 34 1739
6548 3 171
7004 1299 64991
6882 153 7674
7001 228 11446
6170 36 1819
7010 727 36361
7013 154 7733
6446 124 6250
7001 344 17204
7014 1214 60727
7010 1343 67162
5516 24 1229
6577 37 1899
7012 1275 63761
7003 1449 72486
5042 49 2457
6442 28 1426
5077 31 1557
7013 40 2041
7004 206 10347
6663 19 959
6664 182 9101
7003 1437 71881
7001 866 43311
5459 175 8785
7001 682 34140
7004 184 9225
7012 302 15105
5055 52 2609
7012 1290 64532
7012 246 12350
5190 2 108
4983 46 2320
7003 828 41432
6379 94 4729
7003 1318 65912
6896 13 654
6568 36 1811
7014 1121 56099
6090 72 3626
7014 1582 79108
7012 529 26489
6960 166 8320
6960 79 3967
6650 19 953
7008 144 7233
7008 1244 62235
6752 70 3514
7001 208 10433
7010 1485 74296
7003 411 20589
7001 566 28315
7001 344 17241
7014 216 10847
5093 161 8053
7010 19 990
7003 456 22816
7014 1270 63519
7012 1065 53283
6542 165 8293
7014 326 16318
7010 1162 58138
7014 763 38200
6930 18 935
7008 102 5112
7013 238 11913
6942 94 4729
6507 46 2342
6620 127 6387
7003 469 23488
7004 1268 63442
6286 141 7098
7012 1659 82972
7008 786 39350
7014 308 15406
6078 1 61
6829 123 6158
6107 19 995
6542 164 8214
6564 83 4189
7004 1622 81126
7001 682 34130
5456 12 614
6401 14 716
7003 228 11406
7003 214 10746
7008 1321 66063
6827 110 5522
7001 480 24009
7013 201 10058
6572 174 8731
7001 1025 51269
7003 1433 71668
7008 466 23333
6378 2 107
7008 1464 73202
7001 566 28307
7013 185 9292
7003 228 11428
7001 700 35037
5401 37 1861
5108 97 4858
6366 80 4028
6426 27 1387
7014 867 43371
6206 129 6465
7012 1425 71271
6882 153 7674
7006 558 27917
6564 82 4120
7010 1485 74253
7010 1390 69550
5077 19 956
7003 1044 52214
7014 515 25772
7003 1387 69393
6945 216 10844
7013 238 11927
7014 34 1730
7008 144 7244
7012 442 22101
7014 326 16338
6794 22 1150
7014 515 25783
6535 89 4484
7004 1278 63943
7001 295 14755
7010 89 4498
6888 50 2519
7001 542 27123
7004 654 32722
7001 866 43314
6211 204 10206
7003 1642 82135
5404 38 1902
7014 34 1750
7003 80 4048
7014 662 33147
6379 37 1883
7014 1121 56058
7012 529 26464
7013 206 10326
5921 17 855
7003 456 22819
6959 122 6150
7008 417 20853
6991 68 3444
6697 100 5025
7014 1331 66553
5497 19 959
7010 138 6936
7014 990 49547
6663 18 939
7008 885 44276
6663 18 911
6945 213 10664
7003 1437 71881
6467 98 4924
6871 187 9394
7012 1065 53256
7003 31 1561
6568 34 1743
7010 441 22089
7012 794 39747
7001 1025 51269
7003 31 1559
6934 71 3573
6579 43 2194
6620 149 7473
7012 1290 64503
7008 885 44291
7001 1025 51254
6616 20 1027
7008 890 44506
5459 170 8540
5487 28 1446
7003 228 11426
7008 72 3614
5404 30 1540
6828 164 8247
6123 8 426
7010 668 33432
5339 91 4557
7012 708 35424
6991 69 3486
6918 35 1770
7003 214 10707
7010 280 14026
6441 62 3126
7004 575 28761
7001 153 7683
7003 232 11622
6623 61 3064
6230 97 4872
7014 867 43377
7014 53 2682
6528 13 684
6078 6 302
7001 977 48900
6945 219 10961
7008 1387 69361
6933 81 4062
7004 1208 60418
7008 144 7238
7010 710 35543
7010 1447 72384
7001 295 14769
7012 892 44641
6467 123 6192
6975 66 3315
7008 1244 62225
6978 99 4973
7004 1278 63932
6162 213 10689
5042 40 2042
6036 56 2834
5966 48 2403
6663 169 8458
7014 653 32674
7003 1413 70665
6664 123 6160
6663 24 1217
7007 22 1146
7001 480 24049
6908 50 2550
6828 167 8383
7003 1050 52545
7003 31 1592
7008 1393 69661
7003 1044 52201
5459 9 487
7004 575 28781
7014 53 2699
6107 26 1337
6482 153 7696
7006 486 24350
7008 777 38867
7014 1728 86427
6981 65 3270
5339 45 2300
7003 119 5991
6829 123 6189
6078 3 199
5497 102 5129
7008 1051 52579
6334 8 442
6406 116 5804
6560 10 506
7008 885 44254
6286 140 7029
7001 153 7683
6960 166 8310
7008 417 20883
7003 119 5961
6577 34 1705
7012 1054 52723
7003 1387 69379
7010 579 28994
7014 205 10265
6945 213 10658
5966 48 2444
5497 100 5004
7008 145 7299
7014 1003 50191
7008 280 14039
6837 157 7891
7004 654 32724
6564 81 4092
7008 734 36706
7001 210 10501
7012 1006 50343
7003 469 23475
5459 177 8878
7014 429 21494
7008 417 20889
7003 775 38756
7008 583 29173
7001 264 13249
7004 1340 67012
6991 65 3298
7010 19 983
7013 108 5417
5498 8 406
7004 1164 58250
7013 224 11247
7004 206 10348
6991 69 3458
7003 1433 71675
6663 16 841
7014 212 10639
6977 90 4504
6908 52 2604
5511 48 2408
7012 246 12311
5630 39 1996
7003 1527 76396
7008 280 14045
7012 794 39720
6201 55 2770
7012 914 45736
6650 18 943
7010 1049 52466
7004 1624 81209
7008 195 9787
7004 901 45097
6968 1 89
7012 1275 63773
6423 75 3797
7014 212 10639
6831 59 2986
6756 47 2371
6991 65 3298
7008 195 9793
7003 469 23496
7014 34 1706
6756 154 7737
7011 308 15418
6763 150 7514
5536 12 618
5487 52 2642
5078 3 178
7008 1464 73246
6359 4 223
6981 39 1957
7003 852 42649
6782 2 129
6568 34 1743
6827 104 5231
6782 0 20
7008 889 44460
7010 1270 63543
5966 8 434
7012 1730 86529
6831 50 2515
7008 145 7285
7013 193 9688
6975 64 3213
6837 7 383
6319 48 2430
6697 98 4932
6375 30 1525
7014 10 545
6446 123 6200
5497 11 572
7010 27 1359
7003 456 22819
7003 848 42429
5547 72 3646
7014 990 49532
6420 45 2300
7012 1447 72392
6162 213 10672
6981 65 3282
7006 324 16243
6656 41 2068
7001 977 48897
5497 103 5160
6440 57 2900
7010 369 18476
7010 668 33441
7004 118 5913
7001 324 16221
6338 44 2220
5151 89 4491
6991 69 3473
7014 763 38152
6663 20 1037
6021 185 9293
7010 1549 77496
7008 1464 73203
7003 1111 55576
5441 89 4470
7014 1184 59222
7004 309 15491
7008 889 44451
6230 58 2910
6756 42 2142
6490 36 1824
7008 144 7246
6918 37 1886
7001 819 40988
5441 7 375
6882 154 7717
6442 28 1416
6975 57 2889
6955 212 10630
5340 96 4813
5380 7 384
6319 45 2300
6960 73 3656
7008 1464 73244
5155 92 4633
7008 889 44462
7010 1068 53407
6030 8 416
7003 1449 72467
7012 529 26496
5331 135 6760
5068 34 1713
6945 219 10978
6170 38 1918
5380 8 445
7001 823 41193
6334 8 425
6401 21 1100
6991 70 3541
7008 890 44544
7010 727 36372
7003 31 1558
7001 264 13212
7003 456 22811
7004 654 32713
7004 253 12673
7003 1318 65915
7003 960 48037
7003 852 42619
7010 138 6934
6956 112 5632
5380 5 269
6482 150 7525
5154 72 3643
5071 13 692
6968 2 133
7001 823 41156
6882 195 9782
7008 589 29494
7004 118 5949
6882 153 7659
6375 30 1550
7008 195 9767
7008 1027 51397
6908 190 9523
6090 80 4005
6934 77 3882
7004 206 10329
5013 2 108
6548 84 4206
7004 1278 63912
7012 1466 73303
5547 74 3715
7014 1062 53138
5216 81 4074
7004 1138 56917
7003 924 46239
6036 56 2847
7014 1582 79147
7010 84 4235
7006 604 30249
7006 308 15415
5331 137 6874
6027 5 275
7003 270 13547
5996 22 1138
6483 0 12
5564 192 9641
6828 165 8278
6933 86 4341
6170 38 1923
7012 1141 57080
7010 1038 51929
7010 416 20801
7003 700 35021
6359 5 272
5586 87 4379
7004 654 32712
7010 1049 52494
5370 56 2819
7001 295 14800
7013 187 9390
7010 1568 78417
6923 12 607
7001 464 23238
7003 411 20568
7004 1208 60403
7014 1184 59231
6286 138 6919
7012 781 39057
6829 122 6102
5331 130 6501
6960 77 3861
5459 2 107
6407 92 4631
6467 124 6206
6632 56 2832
6334 15 791
6749 44 2212
6991 67 3368
7014 1505 75289
7014 5 252
6664 193 9659
7008 280 14014
5013 9 478
7004 514 25713
7012 1141 57051
6908 184 9218
6568 36 1806
7012 246 12323
6934 74 3711
7012 1061 53093
7008 146 7318
7013 193 9671
7012 1549 77474
7014 205 10272
7003 1375 68778
5497 12 637
7004 514 25712
6319 46 2324
6663 18 947
7003 643 32174
5966 12 602
7001 823 41178
5013 29 1470
7001 324 16207
6123 9 463
7014 5 273
7013 193 9690
6827 108 5430
7012 302 15105
7012 1054 52740
6918 36 1827
6687 193 9698
7001 418 20905
6831 51 2600
7003 875 43798
7010 19 990
7008 833 41672
5541 41 2091
7010 8 401
7004 1023 51198
5042 47 2375
4971 110 5502
7012 1479 73977
7003 1437 71869
6756 43 2189
7014 308 15407
6548 3 171
6616 28 1419
7003 1375 68799
6930 17 886
7008 1348 67433
7003 1642 82147
6882 152 7618
5108 96 4837
7014 1411 70563
6896 17 859
6765 157 7898
7001 566 28315
7013 238 11914
7004 1435 71767
5195 29 1489
7012 1054 52722
6507 45 2294
