7019 210 10512
7001 977 48870
7012 713 35662
7012 713 35678
7008 924 46216
6334 15 760
7047 48 2440
7003 413 20686
6362 83 4179
7014 653 32680
7021 257 12876
7049 1750 87543
7055 175 8759
7023 745 37252
7026 654 32749
6888 50 2510
6090 40 2027
7054 1992 99616
6888 50 2510
7021 15 782
7017 448 22428
6801 156 7838
6090 40 2027
7023 77 3873
7004 527 26374
7023 1454 72708
7008 417 20884
7019 210 10512
7008 146 7330
7013 154 7736
7020 331 16599
6912 228 11419
5487 21 1071
5154 152 7632
7010 343 17169
7049 1216 60805
4957 142 7105
7049 2025 101258
7049 1627 81354
7019 437 21879
7020 1051 52573
7008 924 46216
6362 83 4179
7054 2010 100518
7003 413 20686
7049 924 46210
7018 631 31597
7008 417 20884
5608 8 447
7049 46 2335
7010 246 12325
6960 80 4043
7023 1286 64350
7054 1878 93913
7020 1051 52594
7020 417 20876
6573 21 1053
7020 1117 55871
7003 1743 87171
7046 102 5111
6573 23 1163
7025 385 19283
7018 519 26000
7047 48 2414
7334 142 7112
6050 1 76
7020 1321 66096
6882 154 7735
6315 27 1353
7004 729 36493
5078 2 123
7020 1827 91386
7014 662 33112
5108 90 4514
7020 660 33041
7010 1568 78444
7020 1051 52586
6666 12 603
7020 1762 88115
7003 232 11646
6359 8 429
7025 445 22295
6968 9 458
6568 36 1816
7020 331 16561
7017 1119 55967
7020 1051 52594
7001 185 9278
7004 1340 67009
7054 166 8303
7021 265 13287
7012 914 45750
7014 1411 70569
6404 114 5746
7020 851 42584
7017 1458 72901
7006 337 16868
7014 662 33112
7008 510 25506
7012 794 39710
6801 155 7774
7054 166 8343
6629 12 650
7001 144 7237
5078 2 123
7006 337 16892
7012 781 39052
5339 49 2466
7049 1215 60774
7001 376 18832
7010 48 2443
7054 1269 63491
6284 70 3547
7012 302 15114
7010 727 36392
6078 3 199
7008 417 20884
7023 745 37252
7003 262 13121
7006 337 16878
6503 61 3090
7014 950 47526
6322 36 1803
7016 211 10560
7020 1580 79035
7020 207 10387
6483 1 66
6882 151 7568
7054 791 39579
7054 1522 76131
7012 794 39739
7003 456 22805
6696 3 198
5151 89 4484
7014 1623 81157
6960 76 3815
7014 1054 52709
7020 972 48641
7017 1637 81854
7046 35 1752
6503 58 2948
7021 422 21103
7046 102 5101
7054 1290 64509
7049 1571 78589
7049 2025 101258
5547 72 3645
7517 94 4728
6572 176 8810
7003 1658 82908
7018 519 25975
6442 36 1845
7023 50 2525
7139 25 1264
7012 1726 86306
7021 257 12876
7001 376 18817
7016 45 2300
7004 1164 58202
7019 437 21879
7026 143 7156
6882 195 9783
7021 15 759
7049 1950 97515
7021 257 12857
6442 32 1610
7010 246 12319
6078 27 1399
7026 821 41097
7115 43 2182
7049 1750 87543
6334 3 152
7021 234 11747
7019 373 18681
5190 3 184
7012 990 49527
5195 49 2498
7054 239 11959
7019 278 13939
7049 1571 78581
7004 961 48072
6324 96 4807
7054 1269 63491
7012 713 35690
7012 794 39739
7008 889 44456
7003 1304 65230
7014 144 7222
7004 1622 81110
6827 110 5540
5190 3 184
7020 1725 86255
7054 537 26858
6956 120 6036
5051 91 4568
7001 1144 57208
7006 604 30207
7048 81 4051
7012 1425 71300
7026 821 41058
7008 417 20884
6620 127 6368
6423 76 3832
7021 143 7166
6572 171 8579
6303 83 4159
5547 72 3645
7014 653 32680
7017 1591 79595
7003 784 39241
7017 681 34086
6934 79 3981
7049 679 33960
7010 48 2404
7017 656 32822
6362 76 3806
7001 1134 56746
6482 152 7614
7013 187 9379
7046 95 4769
7047 109 5487
6956 116 5830
6827 110 5540
6765 215 10790
7054 875 43778
6896 12 632
7006 337 16868
7049 177 8859
7017 1163 58195
6573 21 1053
7012 1425 71299
7008 146 7337
7017 1748 87443
7004 1319 65952
7020 1827 91386
7049 679 33990
7014 1331 66572
7016 211 10586
7012 246 12304
7049 1216 60833
7020 1349 67470
7055 354 17736
7049 177 8852
7012 1035 51761
7023 620 31038
7019 278 13925
7017 79 3959
7016 23 1178
7010 48 2443
7025 78 3925
7004 1138 56938
7004 729 36472
6666 17 856
7017 225 11278
6527 106 5349
7003 848 42443
5497 102 5104
6690 141 7060
7007 22 1113
7023 1776 88841
7003 1304 65246
7006 337 16853
7019 580 29006
7048 81 4051
7006 604 30207
6577 31 1578
7012 990 49527
7026 133 6662
7020 660 33031
7018 631 31597
7049 1627 81355
7055 174 8731
6829 123 6177
6620 127 6368
7006 324 16209
7016 211 10560
7010 84 4240
7026 728 36403
7021 773 38697
5151 89 4484
6656 45 2300
5216 61 3068
5077 32 1614
7020 1824 91227
7020 86 4317
7017 905 45276
7003 1743 87171
6573 23 1163
7049 2015 100778
7001 732 36624
7018 399 19980
7001 1038 51937
7014 212 10650
6687 190 9548
7004 1011 50562
7019 437 21879
7398 5 276
7012 1054 52744
6923 34 1748
6503 61 3062
7012 1485 74277
7020 86 4317
5547 72 3608
7025 445 22262
7020 1321 66088
7049 1972 98620
7008 72 3608
7021 456 22817
5557 99 4965
7001 977 48864
7001 228 11427
7016 211 10560
6908 184 9218
6656 43 2154
7008 144 7237
5452 45 2265
7020 86 4305
7004 514 25726
7001 700 35032
7006 324 16211
7049 177 8852
7008 72 3608
7023 620 31008
7020 1321 66096
5216 61 3068
7012 1141 57096
6666 189 9479
6689 32 1640
7023 620 31038
6359 8 429
7023 556 27814
7055 175 8759
7023 805 40257
7003 413 20686
6666 17 856
7003 456 22816
6853 102 5111
7012 442 22101
6080 94 4721
7047 48 2442
5195 49 2498
6956 115 5763
7020 1824 91227
7026 293 14677
6050 1 77
7049 1672 83610
6871 187 9374
7025 250 12548
7049 1750 87543
7049 679 33997
7020 1903 95179
6359 2 145
7004 1268 63440
7049 1571 78589
6036 54 2744
7054 1992 99631
6031 219 10975
7008 746 37309
7023 1941 97057
6687 190 9548
7051 26 1331
6334 3 152
7014 212 10634
6334 15 765
6951 25 1251
7003 413 20686
7018 570 28550
7049 1161 58061
7014 1346 67324
7025 178 8929
7026 728 36410
5229 1 72
7014 1728 86409
7023 805 40257
7026 140 7014
7004 1340 67017
6338 30 1512
6756 153 7668
6656 45 2300
7017 1458 72905
7020 417 20871
7008 924 46216
7016 196 9828
5608 4 235
7017 784 39223
7012 1006 50317
7023 556 27814
7003 228 11433
7019 210 10512
7003 1642 82138
7021 234 11747
7019 437 21867
7004 1435 71752
7049 931 46586
7003 1743 87171
7012 1141 57087
7017 276 13809
7103 11 556
5459 9 460
7049 679 33990
7026 634 31712
6362 76 3806
7020 574 28749
7020 1349 67500
7004 347 17394
6359 2 147
6853 108 5449
7020 660 33027
7054 875 43778
5586 84 4241
7016 196 9828
7020 1303 65186
7017 1591 79561
5151 89 4484
7021 748 37434
7012 324 16223
6882 129 6482
7020 1725 86255
7018 570 28550
6572 173 8664
7008 746 37309
7048 38 1949
6882 152 7601
7055 614 30712
7023 1776 88841
7010 246 12325
7026 728 36410
7010 727 36367
6560 14 737
7017 469 23467
7007 22 1113
7017 784 39246
7006 337 16878
6908 184 9218
7017 1637 81854
7012 1141 57087
6912 200 10022
6027 1 71
7013 238 11943
7048 81 4051
6572 173 8664
7055 614 30712
6629 12 650
7001 228 11414
5452 45 2265
7008 1078 53946
7049 596 29848
7049 1744 87213
7023 620 31030
7054 537 26851
7054 875 43778
7007 22 1113
7051 67 3399
7003 188 9436
7020 331 16599
7023 1286 64350
7020 1827 91386
6664 120 6037
6689 32 1627
7003 1642 82122
5497 10 515
7054 1577 78880
6366 19 951
7019 580 29006
7054 875 43776
7020 1303 65185
7021 257 12876
7055 406 20324
7007 145 7285
7020 43 2151
7017 1049 52465
7020 1349 67500
6666 189 9479
6359 2 147
6615 171 8575
7017 1748 87402
7049 596 29848
7017 875 43758
7019 445 22263
7012 990 49527
7055 43 2187
7023 1776 88819
6765 215 10790
6934 79 3981
7355 37 1869
6503 58 2935
6955 213 10658
6319 50 2550
7004 1486 74307
6483 1 66
7020 1156 57813
6615 167 8379
7051 26 1348
7017 1591 79561
6664 184 9220
7003 1513 75662
5036 31 1555
7019 118 5943
7025 445 22262
7054 1611 80554
6882 152 7601
5195 49 2498
7004 1011 50596
6078 3 199
7014 53 2664
7001 1025 51296
7014 1728 86409
7008 72 3608
7020 1349 67470
6480 102 5111
7003 1339 66984
6663 175 8780
6956 199 9990
7434 144 7203
7012 246 12304
7023 1549 77493
6956 196 9804
7046 95 4769
6837 159 7998
5586 147 7367
7054 1522 76147
7010 1596 79847
6635 1 85
7020 1762 88115
7010 651 32586
6407 94 4733
5497 17 872
7020 1156 57818
6319 50 2550
7001 1025 51296
7008 675 33751
7004 1319 65965
6882 151 7568
6765 210 10544
7008 146 7337
7049 924 46210
6945 207 10351
7023 362 18116
5108 96 4847
7010 246 12327
5093 165 8272
7008 1470 73509
7007 22 1106
7049 1216 60818
7017 784 39246
6908 184 9218
7001 977 48870
7017 469 23483
6942 94 4726
6527 106 5303
7025 445 22297
6960 77 3865
7001 228 11414
6620 127 6368
6812 9 468
7021 15 759
7003 188 9440
