10870 63 3176
12364 132 6624
8971 4 228
12000 107 5380
9285 130 6549
12545 28 1414
13643 81 4075
13507 11 596
10995 17 883
10898 105 5293
8682 4 235
9035 51 2571
10590 16 847
10711 103 5171
8971 79 3989
10951 2 150
9499 25 1291
13463 30 1521
9201 168 8412
11296 40 2023
12083 288 14434
9080 3 173
12486 60 3032
11578 34 1703
10660 215 10761
10603 6 326
8682 4 235
8616 84 4211
12539 40 2036
11926 68 3441
11793 31 1587
12565 267 13385
10761 137 6900
11073 30 1505
10371 37 1889
9500 130 6508
11884 144 7203
12364 132 6619
10530 155 7799
10578 32 1639
11878 129 6467
10648 191 9573
9479 247 12379
11996 19 953
10931 222 11128
9583 233 11674
13661 190 9508
8471 296 14843
8771 282 14150
13474 69 3475
9007 93 4680
8627 8 401
13565 74 3709
12110 95 4772
13480 30 1541
12543 17 867
9289 155 7753
8434 0 29
9679 110 5516
11071 36 1842
8899 291 14571
9065 8 442
11726 244 12213
8406 134 6733
12029 35 1780
8935 338 16938
10590 16 847
9030 70 3540
13696 12 630
9209 23 1193
10449 131 6556
8738 270 13512
12110 227 11366
10672 84 4202
11998 345 17285
10561 133 6699
9615 39 1959
12032 35 1797
9494 345 17279
12459 60 3017
11851 67 3385
10790 143 7183
11813 167 8391
12071 288 14440
10551 147 7391
13463 30 1521
11841 10 528
8764 277 13892
10613 118 5907
9447 14 723
12083 288 14434
13460 56 2807
11290 222 11133
10493 24 1241
11543 70 3544
10958 15 772
10523 173 8660
13565 74 3709
8750 177 8882
11609 197 9861
9704 84 4208
8455 25 1262
12497 11 575
8971 4 228
12516 24 1239
13476 59 2990
13538 9 472
12106 3 163
10471 98 4924
11802 33 1692
8927 139 6983
12025 72 3626
10693 37 1861
9039 25 1268
12380 164 8201
11815 191 9580
9503 181 9094
9704 345 17266
9033 84 4209
11938 39 1963
12041 24 1215
9467 133 6658
10845 189 9473
10898 107 5389
9649 146 7302
11915 168 8418
9435 90 4539
8467 124 6243
11998 269 13488
13689 47 2367
12071 315 15771
12545 90 4511
9603 13 664
8514 102 5135
9529 128 6401
12420 97 4867
8905 237 11899
9321 148 7438
8455 25 1262
13662 104 5225
13463 30 1517
8959 121 6086
9273 25 1292
12454 441 22095
9002 127 6366
10625 31 1583
10798 78 3901
9403 3 184
8996 307 15359
12011 11 564
9435 90 4540
10625 32 1626
9403 2 144
9273 189 9500
12554 107 5364
9586 249 12486
9725 36 1816
9653 19 977
10660 89 4484
12069 110 5536
11912 116 5844
8433 183 9197
9374 38 1920
13693 27 1383
9349 151 7556
13693 27 1383
11005 56 2801
12091 147 7362
8406 88 4408
10672 84 4202
12139 105 5288
11065 174 8722
9446 106 5320
8777 20 1042
12073 54 2713
12071 315 15771
13453 9 452
9395 220 11019
12052 44 2248
13536 114 5750
12545 129 6467
9617 250 12550
11872 267 13399
8958 161 8081
13643 158 7906
9668 34 1712
11080 72 3605
12001 68 3443
13678 202 10114
13520 103 5184
8566 44 2217
10856 81 4069
10502 156 7811
11878 184 9211
10603 6 302
9637 251 12597
9677 160 8029
11112 242 12143
13696 12 624
11906 291 14590
11973 165 8268
9583 226 11329
11766 295 14791
12091 181 9060
10656 58 2901
9080 0 39
11071 28 1431
12517 200 10018
12459 38 1924
11282 6 307
11520 31 1592
12070 294 14727
10798 72 3620
11624 31 1559
12495 241 12052
11762 306 15332
12029 35 1793
11872 54 2713
9026 26 1335
10439 189 9488
8529 206 10305
9095 229 11463
10870 62 3146
9525 235 11768
8735 131 6568
12020 0 12
10523 173 8660
13507 11 589
10790 34 1727
12020 0 12
10625 31 1583
8537 245 12283
11842 26 1301
10648 125 6277
9065 5 291
8817 55 2774
11833 155 7792
10888 33 1670
9239 24 1218
8971 4 228
9704 103 5170
9637 252 12639
8882 83 4186
12083 294 14749
9533 206 10314
12041 87 4396
12497 11 575
8935 192 9612
9039 25 1268
10625 104 5208
11094 217 10885
11589 126 6342
9273 24 1209
12091 147 7362
8445 28 1435
9277 81 4063
8905 237 11899
12451 52 2630
9467 133 6658
8764 277 13892
9650 70 3533
8433 186 9314
10842 43 2175
8860 87 4381
11727 67 3359
10530 155 7799
12004 200 10014
10625 118 5935
8750 42 2138
10493 24 1241
12011 11 565
9239 48 2444
10389 29 1460
12431 186 9339
11116 114 5749
9459 59 2974
8468 104 5210
12020 0 12
11896 8 424
10741 45 2275
8672 14 717
9545 307 15391
10453 21 1077
9281 97 4891
9281 195 9790
10902 8 438
9300 104 5206
10445 312 15644
10921 172 8618
9308 63 3166
9095 229 11463
10958 16 805
10773 116 5832
11628 188 9415
8996 307 15359
12095 72 3611
9269 29 1466
11609 197 9861
11878 184 9211
12032 35 1797
9022 59 2988
10655 10 534
12543 276 13839
10931 222 11128
11921 183 9168
10857 88 4410
8876 110 5519
9226 343 17171
9590 439 21983
10529 174 8713
8919 136 6850
8708 11 585
9440 103 5188
9583 360 18047
9090 47 2375
9065 8 446
11947 55 2797
8427 258 12918
9603 13 664
9479 245 12294
8616 84 4211
8958 161 8085
12001 9 469
12004 27 1358
10921 114 5750
11520 153 7690
11756 226 11307
9590 439 21983
10647 107 5392
10725 182 9107
11947 55 2797
11989 39 1967
9494 345 17296
10525 9 469
11071 266 13301
8406 86 4307
9300 104 5206
8771 133 6662
10719 168 8435
9297 160 8045
11071 28 1403
9028 43 2186
10529 174 8739
12011 11 565
13619 22 1149
10656 63 3157
8471 296 14843
11630 165 8261
9041 155 7796
8771 133 6662
10580 29 1458
12545 129 6499
8893 54 2714
12431 137 6882
10928 132 6640
11848 245 12277
9049 1 56
12145 54 2725
9467 133 6658
9586 249 12464
10905 77 3876
13641 16 838
10762 132 6609
10529 174 8713
12052 23 1183
9447 14 723
11720 114 5722
11844 109 5462
11727 2 144
12061 288 14416
12406 1 74
9744 27 1375
8427 257 12877
12073 146 7316
12111 13 693
11090 63 3195
11297 73 3694
11742 105 5258
9653 38 1935
10884 293 14699
11582 11 552
11609 197 9861
10471 131 6567
9068 236 11823
12431 116 5850
8935 338 16938
8919 137 6853
10493 24 1241
11083 171 8580
9392 42 2136
11578 34 1703
10704 272 13646
11765 288 14439
11791 197 9867
12041 87 4396
8860 87 4381
12565 92 4630
9338 128 6421
11851 67 3385
11618 66 3301
9080 2 147
10660 89 4484
9308 63 3195
11926 24 1219
10502 157 7868
11296 40 2023
13616 198 9933
11664 86 4339
8750 177 8867
12565 92 4648
10743 307 15394
11848 245 12277
11606 1 94
12145 167 8363
10656 63 3157
12389 59 2981
11527 127 6359
9567 291 14588
13678 202 10114
12016 233 11675
8724 20 1007
9313 12 636
9575 18 922
9559 195 9785
10448 147 7353
9525 230 11534
10625 104 5208
12561 23 1182
10525 6 321
10448 219 10964
11628 248 12438
12045 13 697
9512 384 19202
11921 183 9178
12056 339 16968
11872 234 11729
11005 56 2801
8996 66 3345
12066 83 4153
10479 30 1501
12504 57 2881
11630 165 8261
11279 54 2735
13661 190 9508
9362 75 3752
9437 184 9203
11791 197 9883
13505 19 955
9392 41 2084
10719 168 8435
10382 26 1345
10432 173 8689
11938 39 1987
10436 302 15129
10921 114 5750
11926 68 3441
11605 218 10935
8899 291 14571
9297 28 1412
11537 315 15765
12380 124 6209
8433 186 9314
9281 192 9642
10592 44 2231
12073 54 2716
10725 182 9107
13536 114 5750
11527 17 892
9653 40 2008
8919 125 6256
8444 9 466
9617 252 12638
9277 43 2191
11290 222 11133
10613 119 5962
9767 29 1469
12431 137 6885
9685 49 2494
12116 15 798
9653 19 992
9002 127 6366
8735 131 6568
12083 294 14749
9499 445 22286
10758 13 662
12145 46 2350
9653 19 992
11751 115 5781
11802 33 1692
10803 238 11929
10769 41 2086
9529 2 135
10432 198 9909
11977 175 8762
9290 106 5338
9500 358 17921
11112 242 12143
9435 90 4540
9362 249 12490
13689 47 2367
8860 87 4381
11915 168 8418
11707 72 3628
12083 288 14434
9395 220 11019
8445 28 1435
9467 133 6658
9369 31 1585
9575 18 922
13629 206 10316
12083 310 15509
9307 254 12741
10951 4 227
11802 33 1692
10448 219 10964
13474 51 2597
13480 30 1521
12420 113 5681
9434 334 16709
9080 2 147
12146 29 1454
10453 19 995
11687 120 6047
11072 100 5006
9545 243 12165
8666 35 1761
12392 90 4524
11727 67 3359
12111 13 684
11963 374 18707
11895 141 7085
9435 90 4539
11723 263 13161
12020 85 4274
9277 43 2191
8724 20 1007
9367 105 5288
9512 210 10542
9040 99 4956
10613 119 5962
11545 254 12731
11072 6 335
11977 175 8771
9338 128 6421
10687 91 4565
9407 307 15373
8771 243 12186
11720 114 5722
10894 89 4481
9095 357 17899
11091 256 12846
9033 86 4346
12004 27 1358
11756 226 11307
10951 4 227
9501 104 5213
8996 307 15359
12431 53 2652
11543 70 3544
12116 19 951
12045 65 3266
11803 125 6279
9277 83 4197
10704 272 13618
10704 272 13618
10561 144 7228
9575 16 808
11094 217 10885
10530 285 14288
11998 345 17284
13629 206 10348
12145 52 2648
10613 118 5907
10704 170 8515
12561 96 4835
8427 257 12877
9316 27 1361
12535 11 563
8936 276 13809
8446 246 12305
10858 8 410
8927 139 6983
11630 54 2715
11127 20 1041
12106 3 195
11582 11 552
9369 31 1583
12073 54 2713
9458 42 2130
12431 137 6882
12145 167 8363
13647 42 2102
11912 20 1043
13689 47 2367
9321 148 7438
10798 72 3620
11915 168 8418
13580 164 8243
9677 159 7956
8751 112 5636
9503 181 9094
9467 134 6738
10648 123 6171
11618 66 3316
11906 252 12626
9612 8 410
11039 156 7849
12565 92 4648
10439 110 5547
9277 81 4072
11935 251 12553
13480 86 4328
11872 79 3979
9503 118 5929
10432 153 7673
13618 73 3679
11766 51 2600
10995 17 883
8971 79 3969
9273 25 1292
9494 345 17279
12045 13 697
13476 59 2990
8919 126 6331
8936 273 13675
10803 238 11929
9095 357 17899
11791 197 9883
10888 251 12576
12431 137 6885
11793 204 10244
9316 30 1510
9617 174 8713
12020 85 4274
9369 31 1583
9362 75 3752
12020 85 4274
