17394 155 7772
17313 43 2159
16847 140 7007
18010 101 5099
15897 1 99
15989 75 3797
17131 205 10257
16137 42 2104
17866 20 1006
15382 209 10454
15800 279 13984
15713 30 1536
17185 57 2851
15776 5 288
17208 196 9827
15469 324 16244
18712 71 3579
17125 10 529
17339 63 3179
15897 46 2319
14319 22 1103
16026 102 5149
17394 155 7763
15828 501 25078
18685 20 1009
18685 484 24243
14390 84 4244
17337 45 2258
18024 127 6366
14290 90 4519
17270 35 1761
16947 166 8327
14734 57 2874
16137 42 2104
14270 16 836
18779 453 22693
18253 2 134
15391 44 2238
18760 65 3292
14231 7 385
14771 196 9836
14921 7 352
15154 233 11699
18577 252 12626
14986 23 1166
17343 26 1315
14356 301 15058
17791 37 1880
14764 105 5259
17172 28 1406
14263 87 4361
14771 129 6485
18021 138 6926
17371 149 7488
16031 68 3421
16172 81 4095
17662 180 9010
16888 177 8856
16262 49 2472
15909 67 3377
17260 25 1289
18011 82 4124
15464 234 11723
18860 155 7777
14771 129 6486
14190 18 942
15859 154 7738
18763 5 270
18750 213 10663
15689 156 7845
14772 46 2301
14425 160 8003
17493 226 11325
14901 38 1925
14564 11 580
16835 290 14529
17312 115 5767
16840 84 4212
14290 178 8933
17260 11 573
14157 127 6377
18666 61 3058
18244 14 750
14543 140 7029
18021 78 3945
14319 22 1103
17028 212 10650
17661 84 4203
18499 343 17154
17337 45 2255
16379 4 237
18021 662 33138
16047 24 1239
17495 139 6962
17495 139 6962
17829 62 3108
16117 64 3237
18756 12 639
17116 115 5790
17260 31 1595
14333 33 1666
16761 361 18066
15391 187 9383
14564 1 70
17125 97 4882
17089 9 466
17866 20 1006
14286 12 624
18605 38 1929
16731 172 8648
18760 307 15392
16227 11 586
17361 298 14913
18021 577 28886
15318 78 3932
14816 243 12198
14901 38 1925
17364 118 5936
15689 114 5709
15103 129 6480
17753 148 7423
14623 249 12485
15296 92 4609
15689 156 7843
16150 2 108
14143 41 2051
18756 12 610
14986 250 12538
17875 355 17761
15391 85 4274
16847 140 7007
14902 213 10688
18021 662 33108
14527 9 454
14121 240 12005
17517 316 15826
15973 116 5839
16583 258 12931
16581 23 1172
14450 77 3856
18034 101 5055
18753 27 1365
14636 102 5124
14903 119 5996
17191 48 2427
18929 118 5918
18756 19 975
14940 101 5093
15987 199 9982
14903 119 5996
18021 577 28858
18756 22 1144
14736 86 4347
18954 245 12288
15413 54 2742
17313 180 9022
17636 33 1671
15430 102 5110
14165 77 3881
15243 37 1851
15383 178 8917
18746 17 864
17662 176 8841
15966 443 22191
18021 78 3902
18605 38 1929
16298 17 891
14545 89 4484
16761 43 2193
17028 212 10650
17661 84 4203
16341 301 15085
17034 211 10567
18923 391 19597
14948 279 13998
17089 9 454
14782 73 3683
17270 47 2398
17662 156 7805
18761 81 4066
17620 199 9981
17776 5 275
16219 258 12910
15266 9 484
15946 478 23944
16832 42 2125
17589 8 407
16947 165 8264
18653 175 8788
18712 71 3579
18044 522 26145
14772 95 4762
16513 87 4379
18021 138 6902
17671 159 7980
16341 301 15085
14901 72 3631
16513 87 4379
17866 60 3018
18258 124 6224
18021 138 6946
15074 56 2808
17364 52 2613
18574 230 11517
14641 98 4933
15389 55 2796
17055 155 7795
17313 65 3266
17834 52 2637
14355 11 571
15222 121 6065
17349 61 3093
18492 143 7177
16379 4 237
14740 39 1995
18756 22 1144
14375 6 321
14363 149 7478
18929 73 3680
18748 153 7659
14746 279 13988
18021 138 6902
17829 62 3108
16158 526 26305
14543 148 7431
15103 103 5181
17339 314 15735
15989 75 3762
18712 64 3218
15391 44 2238
14143 41 2051
14986 250 12538
18685 487 24366
14546 179 8965
17394 2 117
17447 1 58
17371 149 7488
16458 31 1551
17191 48 2427
17958 22 1144
17239 106 5334
14816 181 9051
17089 9 454
17620 122 6137
18752 259 12981
14768 63 3196
15061 244 12239
16118 250 12501
18233 141 7083
14375 114 5711
18923 645 32296
15447 46 2312
14377 83 4161
17494 155 7781
16697 129 6481
16544 73 3700
14231 7 385
14363 149 7478
17339 204 10219
17034 59 2981
15430 102 5107
17237 22 1132
16319 24 1218
16089 6 305
14306 180 9031
15794 176 8804
16927 35 1778
17349 61 3056
17371 149 7460
18746 17 864
14915 1 64
17580 2 149
16265 12 621
17144 37 1884
16927 35 1778
14319 13 657
14319 13 657
14942 65 3265
14921 59 2990
14564 19 1000
14143 48 2437
17344 1 100
18756 129 6464
18752 564 28246
18253 16 817
17172 28 1406
18756 19 975
15689 156 7845
17327 39 1984
18028 305 15283
18011 82 4144
15125 186 9350
17005 92 4638
18860 155 7777
14942 251 12563
16485 30 1509
14390 84 4210
17620 199 9981
17089 9 484
17394 2 117
16889 192 9635
18666 51 2598
18760 65 3285
15163 25 1291
15335 257 12884
16526 30 1542
14228 84 4245
16041 237 11891
16847 140 7007
18923 346 17337
14165 77 3881
17871 105 5261
15389 25 1263
14527 70 3549
18021 662 33108
17300 4 232
16262 49 2472
17260 25 1289
18644 159 7990
14263 103 5179
14543 148 7431
18024 69 3487
17313 65 3266
14921 59 2990
14921 7 352
14915 1 64
17492 82 4118
14338 174 8713
17394 74 3717
17662 176 8841
18714 4 232
17696 8 427
18233 141 7083
17753 4 217
18253 2 134
18760 307 15360
18011 82 4124
16319 3 170
17300 4 232
18021 138 6946
14970 13 659
16047 5 300
15689 156 7843
18752 259 12981
17855 240 12029
15149 67 3353
17636 5 263
15923 484 24226
17753 148 7423
16095 109 5480
18619 120 6037
18632 127 6390
17394 74 3717
16697 129 6481
18219 58 2904
17116 115 5790
15335 257 12884
14191 33 1667
17696 17 852
16042 34 1717
14641 98 4933
17978 315 15790
17131 205 10257
16026 102 5149
14277 35 1760
17371 149 7488
18760 307 15392
17535 50 2545
15308 93 4683
17034 211 10567
15382 209 10454
14782 73 3683
18246 20 1039
14558 110 5526
17415 100 5008
18760 307 15360
14291 194 9707
16265 12 621
17493 226 11325
15322 28 1401
18752 259 12981
15484 289 14456
14564 11 580
14191 33 1667
14707 30 1523
16481 122 6145
17667 97 4880
15074 74 3701
17270 35 1761
16265 12 624
17371 382 19136
17208 196 9827
15141 65 3280
15297 135 6764
17125 97 4882
15909 43 2172
14921 59 2990
15458 17 858
17447 85 4274
16888 98 4908
16031 68 3421
18233 115 5788
17283 9 492
15413 54 2742
16295 243 12167
18044 412 20620
14611 60 3020
15074 74 3701
15318 147 7390
17514 61 3097
16583 258 12931
17834 52 2647
16242 351 17584
17495 139 6962
17195 86 4323
15446 39 1969
15946 524 26203
14157 78 3947
17834 52 2647
18604 16 802
15469 324 16244
18021 662 33123
18249 7 390
18752 62 3147
15446 39 1969
17636 33 1671
17671 346 17311
14410 274 13720
14543 148 7445
17561 212 10604
18527 360 18027
14768 63 3196
17419 7 394
15130 61 3084
15391 187 9360
17191 34 1724
18244 214 10705
18210 7 385
17791 37 1880
15464 234 11706
18021 78 3902
17394 2 128
16150 2 108
17636 33 1671
16319 24 1218
15800 279 13984
14319 22 1103
15254 97 4884
18615 566 28332
16481 122 6145
18031 83 4200
18712 64 3218
14281 183 9189
15074 118 5950
16809 232 11625
16526 30 1542
14764 53 2660
14338 54 2735
14157 78 3910
14157 4 202
14218 250 12529
14356 222 11117
14677 22 1117
14270 16 836
16947 166 8327
18748 172 8624
17827 28 1431
15154 233 11661
18244 214 10705
14121 240 12005
16761 43 2193
15689 156 7843
16301 29 1474
18044 522 26101
18039 80 4026
14749 103 5165
14277 35 1760
14161 109 5456
17514 61 3095
15061 244 12239
18923 346 17337
16761 361 18066
15458 7 353
14379 63 3170
14768 63 3196
14545 89 4484
14157 193 9669
16581 26 1325
