18907 165 8268
16889 253 12670
18049 45 2262
14218 200 10017
16458 37 1881
17361 257 12856
18481 124 6240
14190 72 3625
14157 193 9677
18219 152 7650
17535 28 1439
16733 54 2706
18028 229 11456
14543 25 1292
14921 68 3404
15986 61 3056
18492 143 7180
14269 41 2085
17524 68 3401
18258 123 6169
15279 114 5723
16893 11 587
14722 39 1961
18603 204 10224
15103 129 6456
14438 125 6262
17972 246 12337
14300 181 9054
15098 66 3342
15801 183 9193
15867 73 3665
15446 22 1109
15783 317 15855
15876 52 2609
14356 120 6035
17522 18 914
17972 91 4580
16893 11 582
17028 300 15027
18752 564 28229
16753 6 303
17662 32 1624
14611 162 8118
18011 82 4143
14774 176 8835
15167 79 3998
17239 128 6433
16867 155 7786
17484 274 13747
14390 72 3630
16878 158 7941
18741 8 406
18794 20 1045
15254 60 3027
18910 160 8044
15940 214 10717
18005 214 10716
18701 226 11308
17459 105 5266
15053 48 2447
14970 236 11805
14369 107 5352
15927 57 2874
16836 18 906
16825 29 1473
17973 13 675
16889 245 12294
17978 133 6671
14545 89 4479
17337 31 1574
17361 56 2831
14146 56 2848
16497 8 427
18712 249 12469
17504 4 245
18732 344 17214
17447 120 6022
14545 148 7429
17191 31 1595
14736 188 9425
18258 126 6328
14446 17 885
14568 31 1559
17505 52 2643
18604 145 7289
18031 88 4403
17493 193 9676
18010 101 5066
17990 405 20276
16733 17 868
18910 79 3982
17327 119 5955
17361 298 14910
17423 11 579
15867 73 3679
17338 86 4309
17866 60 3022
17366 23 1168
15061 202 10117
15130 61 3073
15266 9 464
17866 60 3016
18514 63 3173
15318 156 7830
15154 8 433
14329 25 1253
18741 8 435
14546 151 7561
17696 8 408
17479 8 416
15909 214 10702
18874 292 14650
17270 81 4078
18499 220 11020
15861 38 1917
18933 370 18524
15940 123 6175
17168 70 3537
15179 55 2754
14543 199 9975
14379 210 10527
16481 116 5836
17875 273 13660
16047 34 1705
17415 146 7322
16893 53 2660
16434 46 2345
15457 76 3808
18018 46 2329
17324 48 2413
16458 162 8132
17457 68 3403
17447 64 3219
18632 156 7837
15115 20 1018
18010 101 5066
17504 28 1448
18039 46 2330
18922 418 20932
15894 39 1997
15863 21 1095
14195 130 6509
15640 78 3916
17462 11 599
18527 360 18033
18712 182 9124
14886 75 3786
14281 88 4432
17366 23 1168
18034 65 3297
17336 16 832
14403 63 3178
17270 4 219
15987 210 10526
14409 176 8815
16835 187 9359
17481 29 1455
17493 30 1544
14431 39 1981
18024 361 18094
14543 148 7445
16410 193 9693
15462 25 1263
14771 121 6074
15403 81 4064
16798 108 5449
18665 25 1282
17177 62 3121
18923 391 19553
14403 68 3402
14329 25 1253
18701 226 11307
17829 62 3117
16835 304 15225
15987 345 17299
17383 116 5843
14749 103 5165
14410 178 8911
15127 33 1672
14338 232 11640
18007 39 1967
14328 20 1001
14986 140 7045
18753 34 1725
16733 18 916
18619 120 6011
16809 232 11605
14202 85 4298
17985 342 17122
14157 66 3304
14403 63 3178
18931 62 3112
16783 30 1531
14277 35 1760
17504 11 581
18874 128 6442
18514 555 27800
17791 13 697
18010 81 4067
15166 162 8130
14319 2 135
14748 34 1705
15965 125 6264
18048 408 20424
17504 25 1258
15894 87 4384
18907 107 5382
17696 176 8837
14355 11 593
14746 147 7378
18748 153 7665
14564 154 7724
14277 38 1906
15149 24 1204
18516 224 11213
14623 288 14404
14564 10 535
16379 4 241
15458 57 2880
18933 182 9105
18666 26 1304
15154 166 8302
16845 449 22485
18005 77 3887
14902 313 15683
18258 123 6185
16783 45 2286
16888 413 20670
17992 78 3947
16434 46 2330
14546 136 6847
17753 175 8763
17990 428 21415
15430 154 7703
17633 74 3718
14986 111 5599
14782 73 3654
16979 9 486
18644 219 10951
14369 45 2262
14338 305 15252
17361 200 10002
15794 17 878
18765 74 3737
17578 6 317
14611 157 7892
18499 220 11020
16867 271 13553
15469 318 15934
14223 55 2793
17243 43 2156
15940 214 10702
18923 391 19600
16921 125 6294
17137 91 4592
14736 188 9449
18499 334 16712
15099 185 9253
14746 133 6670
15328 177 8864
18527 302 15105
17661 84 4233
14543 104 5231
17336 4 232
15234 6 338
18040 86 4320
16520 101 5065
18238 176 8821
16172 396 19841
18752 310 15530
17875 330 16515
14632 79 3956
15733 13 657
18764 32 1614
16979 1 77
17364 105 5259
15909 214 10743
15927 37 1895
15863 21 1095
15252 47 2389
14772 48 2405
17172 62 3124
14564 11 567
14286 5 254
17383 78 3939
14546 112 5615
18630 50 2509
18008 91 4579
14857 203 10170
14771 60 3010
15074 56 2829
17270 4 219
14942 251 12578
18466 60 3047
17851 342 17106
17494 48 2448
15103 103 5156
14291 136 6808
16431 196 9841
14450 82 4101
15529 48 2423
16889 245 12294
14901 61 3098
14623 88 4419
15099 185 9259
15080 36 1832
15828 417 20862
14286 11 563
18527 302 15147
15053 48 2447
16227 46 2312
17861 351 17595
18685 484 24211
17324 53 2668
14379 28 1410
18249 7 366
14218 200 10017
15987 233 11666
18577 264 13216
14403 47 2385
17866 60 3018
18687 536 26805
17858 248 12422
17270 64 3209
18516 202 10117
17620 44 2203
18794 54 2707
15484 97 4867
14270 8 409
17055 93 4693
16442 57 2865
14338 54 2716
17435 49 2456
17366 51 2577
14436 160 8050
14157 78 3928
15322 54 2746
18001 1 87
18007 70 3529
17840 337 16851
16431 196 9836
16809 235 11785
14564 106 5324
18474 233 11653
16432 13 676
14223 14 746
16481 116 5836
16867 155 7751
14702 33 1662
14269 154 7713
17766 1 67
14942 251 12563
17361 155 7783
18860 116 5823
18752 363 18151
18907 107 5382
15863 47 2388
14425 145 7285
16867 155 7786
17696 180 9033
16205 239 11954
18525 101 5056
17177 68 3415
14524 49 2469
17753 175 8763
15115 63 3180
18644 124 6237
18007 77 3853
14355 9 459
15458 7 373
14149 127 6373
16063 51 2588
17367 91 4586
17371 83 4166
14549 210 10529
17137 91 4592
16186 326 16338
14733 59 2996
18794 118 5929
17343 12 604
16544 152 7612
15965 360 18012
17224 38 1932
15828 501 25095
14772 73 3655
14749 103 5165
18779 542 27146
14664 240 12023
17992 78 3947
16167 56 2835
14458 32 1633
14575 55 2775
17535 49 2481
14632 70 3527
16378 24 1245
18527 302 15127
18752 564 28247
15965 478 23918
14355 10 538
17985 167 8378
16798 67 3388
17177 37 1891
17191 1 75
17335 25 1299
17866 60 3022
14736 135 6783
16150 359 17998
17535 27 1353
18756 125 6292
17590 1 67
18039 46 2330
15014 164 8217
14772 43 2175
18874 209 10466
18753 69 3488
15355 14 741
17620 122 6109
17055 128 6401
14976 54 2734
15965 347 17373
18756 129 6465
16753 47 2398
17191 3 200
16733 17 868
14774 112 5603
15154 8 418
17361 155 7783
16874 99 4980
14772 43 2164
17046 87 4370
14886 105 5289
18048 408 20446
16286 548 27438
18732 47 2363
18947 40 2034
17590 10 543
16042 11 562
18923 644 32217
18929 220 11019
14446 17 859
14819 10 533
18926 21 1054
14740 57 2858
15966 443 22199
18018 15 766
17440 76 3814
16832 23 1186
17592 151 7584
17671 218 10945
14976 162 8125
14749 61 3077
15973 120 6033
17851 342 17106
16118 96 4849
16485 30 1515
17484 274 13717
16733 5 254
14611 22 1140
15851 15 793
15783 230 11503
16431 95 4777
14355 2 117
14697 19 978
18049 45 2297
18753 27 1388
16432 101 5088
18010 81 4071
17662 149 7489
17326 48 2446
17603 21 1057
18258 126 6302
14151 66 3348
14721 164 8221
15403 81 4064
18922 398 19940
18644 124 6237
17447 85 4281
18220 103 5164
15989 500 25017
18794 20 1009
18045 14 704
15917 353 17659
15987 233 11666
15640 48 2449
17326 12 605
18947 313 15699
14139 117 5872
14377 255 12788
17267 81 4080
15846 89 4482
15965 347 17388
16442 57 2863
18874 194 9713
14805 13 682
17336 1 97
15383 250 12508
17874 52 2612
16867 155 7799
14143 41 2074
18034 65 3255
14279 49 2490
14377 83 4172
15774 449 22451
17829 182 9130
18481 38 1924
17973 22 1144
18752 363 18164
18752 564 28212
15383 18 920
15484 290 14537
17561 212 10630
14450 229 11473
16341 269 13491
16119 199 9985
14771 82 4136
15801 378 18922
16520 101 5065
14269 140 7048
18039 169 8465
18754 34 1739
17866 20 1012
17423 9 461
14746 133 6664
16344 37 1892
16526 68 3442
14410 178 8944
14729 21 1071
14223 55 2774
17415 77 3856
14556 135 6786
16927 17 887
14722 39 1963
15801 79 3994
18249 11 584
17636 35 1796
17339 274 13726
18474 217 10856
17955 259 12991
15774 111 5582
18756 128 6403
18244 34 1744
17875 330 16515
18712 182 9142
17371 55 2756
15383 30 1524
15923 471 23555
17336 38 1921
14721 2 150
14546 112 5615
17237 521 26056
18574 75 3773
14269 65 3269
18764 40 2008
15464 234 11731
15442 171 8593
14335 211 10574
14901 72 3631
18024 401 20051
18044 522 26136
14195 130 6509
18246 20 1023
18760 259 12970
18685 484 24235
17592 136 6821
18514 80 4009
14356 222 11123
15413 54 2736
15917 190 9533
15923 155 7791
15927 178 8901
18044 419 20992
15689 282 14150
15296 92 4605
14801 252 12610
16761 361 18077
16442 80 4013
17123 21 1070
17383 461 23092
18489 195 9776
17603 17 859
18040 5 297
16783 45 2286
17371 55 2779
17633 74 3712
14592 10 515
18922 599 29984
18615 566 28310
15774 93 4698
15383 77 3852
17462 11 586
18922 604 30242
17990 209 10477
16058 29 1470
18763 0 33
18685 565 28262
18779 525 26264
14664 190 9541
14445 0 37
15163 71 3578
15458 12 635
18763 11 597
14143 48 2431
14643 179 8952
17053 42 2147
14263 103 5179
17164 138 6936
14427 143 7166
18028 305 15289
15447 121 6061
18761 81 4064
14277 3 199
17679 6 309
18031 88 4410
14824 187 9374
17116 0 35
18748 4 249
15163 71 3590
14329 25 1253
14190 18 949
14795 55 2767
18481 91 4557
15923 180 9015
15328 177 8877
17339 43 2181
17327 39 1970
15279 114 5713
14564 10 526
17300 10 537
15113 47 2370
15828 145 7277
17990 405 20276
15776 5 256
16042 34 1710
14191 27 1360
17459 105 5266
14623 17 869
17681 22 1132
17237 22 1115
14436 160 8006
17479 17 882
17423 9 455
17344 30 1530
15167 152 7636
16341 269 13491
14968 127 6393
17333 117 5892
17681 50 2533
14558 279 13965
18040 73 3661
17366 45 2266
16761 368 18429
14956 236 11834
17972 164 8237
18929 76 3827
16434 46 2330
16199 309 15473
16581 178 8923
18603 184 9219
14338 50 2529
17208 116 5817
16150 103 5161
15442 171 8593
18662 7 373
16172 288 14422
15554 177 8857
17322 5 293
14269 154 7725
16431 95 4777
15469 194 9707
16689 6 312
14816 82 4107
15318 43 2187
14306 172 8620
17573 77 3867
17847 15 777
14707 49 2489
16227 28 1420
15251 82 4126
14377 107 5371
18874 240 12008
17955 275 13780
14450 278 13931
18481 120 6011
14901 108 5439
14377 202 10132
18874 194 9713
15403 174 8705
18048 408 20446
14774 112 5603
16965 322 16138
18024 338 16913
14733 62 3112
14279 248 12439
14117 33 1658
14149 0 25
18665 209 10467
17972 129 6480
14921 7 360
17875 375 18793
17992 82 4127
14436 201 10083
15296 231 11592
17972 164 8214
17592 151 7571
14768 103 5194
17875 421 21055
17095 97 4868
18651 64 3211
17489 13 658
16835 304 15237
17178 36 1809
16026 15 756
14772 236 11840
18923 646 32332
17757 82 4130
18910 160 8009
15154 118 5942
18732 509 25473
17419 16 801
17671 218 10933
18756 22 1122
15591 28 1414
18011 82 4143
15014 152 7648
15965 290 14504
17217 48 2428
17344 69 3497
18752 310 15530
15591 28 1410
14548 168 8442
15909 214 10717
18665 11 598
15457 70 3527
14634 66 3338
14286 8 402
17871 105 5290
17505 52 2644
14425 205 10296
17152 7 366
15966 150 7522
17667 97 4860
17326 58 2909
18010 101 5073
17361 56 2831
17415 77 3881
17522 150 7530
15894 39 1997
17696 166 8301
15876 52 2618
17973 50 2523
14369 45 2262
15987 210 10526
18954 75 3790
18748 153 7665
16458 37 1877
14363 220 11020
14190 2 128
18244 109 5466
17095 97 4868
14223 55 2793
17053 11 578
14768 87 4391
15733 13 668
15297 135 6779
16219 223 11163
14195 198 9925
14772 48 2422
15910 229 11500
14231 19 963
18011 33 1655
17208 139 6983
18039 169 8475
14623 249 12485
16888 142 7126
17423 9 453
15861 58 2925
14975 133 6668
18481 113 5670
18630 52 2649
18249 7 383
17089 53 2677
16874 99 4994
14740 57 2883
14702 33 1663
18024 364 18221
16262 10 529
17312 115 5794
18923 623 31169
17985 78 3925
17371 465 23287
15941 66 3336
15917 503 25186
17679 10 548
15987 370 18517
17251 215 10763
16689 6 312
14356 177 8852
17327 101 5060
17228 81 4077
16073 171 8573
17504 8 401
17394 117 5881
15696 27 1374
14306 180 9028
18035 78 3925
17300 18 901
14270 34 1720
16242 351 17574
16947 165 8288
17827 5 281
15154 117 5854
14722 39 1961
15919 36 1814
18779 301 15084
17419 28 1415
14338 122 6110
14390 79 3975
17990 254 12738
16219 37 1898
14575 4 208
15965 429 21492
16047 26 1321
17300 11 567
15383 289 14479
18018 46 2319
17322 5 293
16867 206 10336
18233 141 7056
15923 388 19438
17875 421 21055
17973 50 2549
18481 124 6202
18466 118 5920
15127 43 2160
15927 178 8911
14277 125 6300
16341 269 13471
17834 5 267
18760 259 12968
16047 24 1249
14893 200 10003
15484 116 5803
14431 39 1981
15335 54 2747
14527 10 520
18748 153 7685
18732 509 25458
17028 163 8160
14148 27 1396
18007 77 3879
17482 160 8012
18034 141 7075
14976 46 2301
18049 21 1096
15113 43 2161
18605 38 1909
15923 192 9645
17116 67 3373
16835 290 14516
16826 169 8475
17875 330 16511
16733 5 254
17361 257 12856
18926 21 1085
15391 44 2213
15828 145 7277
14556 135 6786
16265 16 844
17972 246 12337
15154 8 403
16058 190 9544
17874 19 968
15251 82 4145
16889 81 4082
17335 93 4685
16526 43 2178
16432 13 676
15464 234 11720
15989 156 7815
18926 21 1085
16835 27 1393
18024 364 18215
14138 41 2060
17823 99 4989
14592 10 510
16144 77 3880
14390 84 4210
18644 124 6238
18794 20 1023
18018 15 779
18631 316 15839
15965 269 13478
15103 129 6461
15297 135 6773
15328 62 3142
17415 49 2475
17116 0 3
16118 96 4849
14795 35 1791
14772 43 2191
18907 107 5382
17985 180 9010
18644 124 6238
18054 464 23237
18492 223 11169
16432 13 676
14154 81 4088
16809 232 11605
18603 184 9225
15166 43 2182
14527 76 3845
14450 1 81
14218 82 4108
17776 17 867
18712 64 3238
18732 104 5240
16319 24 1206
15264 162 8134
16825 29 1473
17479 8 416
14749 300 15003
18665 209 10465
18035 162 8137
18492 542 27135
16927 21 1085
14333 22 1144
16150 273 13688
18527 576 28847
18007 91 4557
18756 2 108
14768 176 8808
14664 240 12002
15403 174 8731
16031 2 123
14746 279 13972
17667 61 3074
18860 90 4544
18031 21 1053
18779 32 1642
15640 41 2087
16172 64 3224
17561 219 10960
18049 45 2262
14902 213 10672
18024 345 17275
18665 11 598
18009 35 1772
18732 254 12726
18644 124 6238
17312 115 5791
18756 129 6465
14390 72 3630
16058 22 1124
17494 148 7445
17339 127 6352
15876 52 2609
14202 85 4283
14286 11 563
17992 2 137
17004 126 6327
17696 54 2725
14795 60 3029
14664 244 12236
17985 138 6904
17343 12 617
14369 75 3756
15403 81 4064
16410 193 9697
16199 175 8784
14805 52 2614
16526 18 924
17394 183 9171
15591 183 9158
17206 326 16331
14623 88 4427
15457 76 3845
15458 7 381
14824 305 15263
18001 11 564
18924 7 374
16526 48 2415
18246 20 1026
18244 24 1241
18011 33 1679
17985 286 14343
14764 39 1999
18007 77 3861
17260 11 582
17423 8 425
16117 58 2912
14369 4 238
18048 408 20450
18574 75 3768
17972 164 8239
15713 2 124
18024 364 18221
16063 92 4642
14592 45 2273
17099 99 4979
15966 305 15265
14774 176 8834
17973 22 1144
15251 108 5426
14970 68 3425
17313 70 3512
17875 375 18793
18922 343 17184
18210 7 393
17874 20 1002
15273 178 8927
15940 118 5917
14747 39 1964
14319 2 135
18732 256 12802
18760 259 12960
15776 5 288
15014 207 10393
14218 250 12505
18666 30 1544
17140 62 3135
16227 28 1431
17055 128 6428
18779 473 23660
16150 103 5198
18748 4 214
15846 116 5833
18024 62 3148
14764 38 1917
15403 95 4784
17504 8 401
15099 36 1840
17361 185 9277
16031 12 636
16205 362 18103
18779 32 1642
15074 74 3706
15783 85 4268
14143 61 3061
16809 235 11771
15382 204 10244
17671 168 8440
18756 111 5556
16889 192 9635
17985 150 7527
16947 94 4717
14632 57 2852
18001 11 564
15776 2 129
15673 53 2689
14269 41 2085
14642 8 414
14664 151 7596
14277 125 6300
18748 153 7659
17580 2 113
16172 522 26126
18794 20 1024
15154 98 4947
17300 11 595
16581 178 8944
17322 38 1938
17269 170 8513
18024 364 18219
18860 116 5822
18923 346 17315
17973 3 155
14771 60 3010
16676 330 16535
15591 179 8975
17046 74 3745
14886 55 2751
14970 236 11815
17972 33 1700
15254 50 2516
17780 44 2243
17260 25 1261
18732 509 25473
15554 177 8895
15154 123 6199
17365 97 4875
18662 7 356
17398 64 3208
14363 149 7471
14636 102 5127
14329 199 9957
14721 33 1659
16867 271 13553
17535 70 3510
14722 161 8062
17206 175 8766
15053 188 9432
17177 68 3415
17620 199 9977
14795 55 2767
16878 168 8409
17978 133 6698
18048 408 20413
16442 18 917
14227 42 2141
18732 89 4474
17313 136 6848
16379 32 1648
15115 99 4971
17366 23 1168
15113 0 31
16344 54 2723
16199 176 8824
17592 136 6840
18947 309 15473
18516 202 10117
17985 78 3907
15923 155 7791
17757 46 2333
14611 157 7862
15862 143 7178
17662 4 250
14642 117 5874
16835 27 1370
18732 254 12740
18929 118 5903
18752 564 28212
15115 139 6999
14143 61 3092
15154 69 3480
15828 421 21068
17973 50 2523
18732 256 12820
15179 55 2754
16836 80 4007
15297 108 5403
17344 30 1532
17992 78 3929
14458 46 2320
16845 35 1798
18732 104 5243
14117 18 906
15917 386 19313
18027 37 1876
16205 493 24698
14446 25 1257
15464 203 10194
17137 91 4592
15927 62 3106
14697 47 2352
16167 259 12997
18018 46 2321
14641 6 340
14819 8 423
14746 108 5443
16051 206 10349
15167 79 3998
17522 18 909
18922 604 30214
14148 73 3657
18750 205 10254
15894 87 4384
15776 2 133
18010 81 4062
14575 83 4169
17338 86 4309
18233 40 2043
16205 248 12447
14410 274 13728
15591 179 8978
15163 42 2136
14319 13 699
15294 66 3306
17462 19 959
17415 189 9493
18955 231 11582
14677 60 3025
14436 180 9006
16355 47 2394
17206 175 8766
18779 441 22065
14363 55 2796
15254 60 3027
17522 18 909
15862 318 15925
18516 224 11211
18028 305 15289
15294 9 471
14722 42 2130
14642 3 163
16442 4 220
15413 50 2533
14736 213 10657
14768 87 4367
18928 96 4849
16526 30 1541
14721 67 3390
14623 17 859
15828 87 4375
18754 34 1730
18048 408 20446
15403 174 8705
17336 3 185
18603 7 354
14335 220 11048
16845 143 7183
17366 51 2577
15099 36 1840
17337 11 555
15296 92 4630
17494 151 7556
14446 17 900
18779 453 22666
17326 18 923
16506 80 4031
16832 1 67
16836 80 4007
14774 176 8835
15074 56 2829
14438 171 8591
14986 282 14144
18481 113 5656
16209 287 14369
17840 337 16895
14148 127 6374
18732 344 17214
14970 68 3425
14543 104 5227
16526 68 3416
18764 40 2001
14956 310 15523
16431 196 9836
18024 401 20056
14772 236 11840
14427 243 12166
14410 290 14517
18756 125 6262
16481 116 5836
15923 155 7791
17462 12 620
17237 235 11783
15318 156 7823
16506 161 8066
17504 25 1258
15053 48 2447
15273 44 2228
18756 111 5556
17834 52 2642
14218 82 4110
15511 202 10105
17827 62 3148
15973 116 5839
14338 163 8171
17055 127 6396
14817 82 4103
16341 18 902
16493 81 4089
16301 210 10548
17326 18 923
18732 104 5221
18947 287 14398
15154 226 11337
16845 302 15110
16965 322 16141
17505 99 4976
16172 31 1588
18764 32 1614
17364 6 338
18024 345 17278
14319 10 539
18763 11 597
15014 37 1889
17633 74 3746
17144 165 8298
17636 5 251
16840 38 1941
18685 484 24211
14231 19 986
18712 306 15322
18040 5 297
14795 55 2751
14202 121 6099
17326 59 2951
15894 39 1997
15103 134 6720
17217 109 5452
14764 38 1932
17313 70 3512
14300 181 9054
15154 166 8340
14641 103 5155
17958 25 1265
15940 214 10702
14715 41 2058
18630 50 2509
18034 65 3297
16301 272 13638
14149 256 12814
18516 202 10117
15053 188 9447
17482 139 6969
17267 31 1598
15909 222 11131
14403 59 2982
15894 87 4362
15783 85 4270
14970 68 3428
15254 49 2478
14377 113 5691
14367 88 4444
15103 218 10917
15941 12 638
14886 55 2751
16893 11 586
15511 81 4092
14970 13 655
15689 273 13685
16242 265 13280
14610 168 8421
14746 108 5417
14277 125 6300
18219 58 2904
16227 46 2312
14942 77 3865
18732 359 17958
16845 143 7183
14149 30 1550
17861 347 17362
18011 35 1788
15917 420 21042
14390 84 4210
17313 180 9031
14592 10 505
18910 139 6963
15966 443 22199
18018 46 2321
14450 291 14568
14970 86 4304
14410 274 13741
14782 73 3683
14436 80 4043
16172 472 23601
18931 62 3112
17978 278 13943
14611 110 5517
17851 342 17129
16172 472 23603
15917 515 25800
14764 101 5080
14921 59 2990
17313 70 3531
18474 217 10859
14956 310 15536
14277 0 12
14218 86 4341
15115 63 3164
15909 214 10743
18756 111 5558
14202 47 2379
17840 156 7815
17254 58 2907
17834 63 3181
14450 278 13931
17004 262 13107
17462 3 186
15446 21 1066
16167 259 12985
16836 51 2571
17530 7 397
18603 184 9229
14165 51 2594
14542 284 14215
14243 33 1677
14425 175 8766
14291 58 2933
17493 245 12256
15909 81 4094
18678 329 16456
17972 246 12303
14281 88 4401
14798 38 1935
18754 34 1715
15234 43 2176
16889 256 12809
16042 11 562
16826 173 8681
15166 259 12987
14336 88 4402
18779 541 27065
