11913 281 14072
8697 123 6183
12496 96 4809
11119 304 15206
11833 88 4443
9665 8 401
11080 103 5152
9188 19 964
9470 46 2304
11922 3 184
12369 58 2943
8549 113 5660
9214 128 6436
10580 222 11109
9390 7 391
10756 12 647
9457 86 4320
10592 297 14886
11741 26 1336
11861 38 1902
13537 1 90
10756 80 4011
9362 248 12413
12374 88 4417
9345 63 3177
13477 40 2011
10609 134 6721
11878 10 527
12442 179 8990
13643 110 5503
11933 128 6403
11879 40 2016
8740 35 1763
8810 93 4661
12485 117 5890
9632 126 6326
9024 46 2324
9094 5 283
8963 61 3063
12079 100 5018
8852 32 1636
9345 208 10408
10434 95 4796
10483 58 2947
11599 50 2523
11867 109 5494
11186 258 12938
11601 1 88
11930 79 3993
10567 136 6823
9545 211 10557
12032 9 485
10756 12 647
10501 46 2323
13616 245 12253
12425 38 1942
13503 191 9589
10711 101 5091
11751 220 11039
12077 56 2801
10483 54 2746
11866 71 3581
10449 207 10355
13470 46 2308
12027 14 703
11508 160 8040
12142 28 1439
8419 5 271
12485 82 4121
10998 69 3494
9035 135 6774
10623 15 767
8862 52 2624
10574 24 1249
10660 326 16327
10711 98 4920
11186 108 5418
11202 7 354
13671 124 6220
11135 74 3709
10727 117 5860
13617 114 5729
11601 297 14864
10822 66 3326
13667 2 110
9326 37 1851
12406 5 297
9545 218 10950
11972 148 7420
10609 141 7070
8735 4 211
9554 31 1557
8959 183 9197
9583 205 10281
9619 154 7708
10711 101 5070
11922 13 680
9632 118 5927
8465 256 12814
11759 25 1270
12426 9 494
9620 301 15072
8433 191 9561
12558 18 920
12364 40 2023
8762 282 14125
10837 142 7120
8690 164 8225
11066 212 10640
10856 34 1721
10471 35 1799
9037 236 11822
9321 90 4515
9345 207 10396
8852 37 1892
10449 126 6336
9340 90 4548
12431 39 1982
9535 57 2875
12466 39 1996
10390 63 3192
9411 65 3283
9188 123 6198
12070 130 6512
12095 133 6653
11551 123 6170
9519 263 13175
9457 87 4385
12077 166 8307
11091 165 8293
13623 54 2723
11926 239 11987
10574 25 1269
13588 4 231
11830 114 5710
9394 124 6232
9024 44 2207
12454 425 21252
11741 102 5146
12517 239 11964
9035 138 6909
11887 77 3877
11707 146 7332
9542 293 14669
9444 326 16349
11174 1 69
10580 222 11122
9324 39 1968
12554 86 4327
11957 92 4650
11619 60 3026
10822 71 3570
9726 256 12850
8909 43 2190
10666 42 2136
13565 35 1800
11637 39 1978
9230 0 15
11922 70 3529
11913 137 6859
11080 103 5158
9554 33 1687
8589 168 8450
10434 21 1075
8714 152 7617
10501 18 915
8468 56 2841
8915 121 6077
9583 500 25003
9632 60 3012
9035 139 6961
9030 137 6867
9651 129 6472
9579 114 5736
11821 71 3568
13638 145 7264
11564 108 5406
10448 100 5048
9386 63 3197
11186 108 5439
9065 95 4785
10848 105 5286
8695 7 373
9656 331 16595
8959 184 9217
8695 22 1148
9545 181 9075
10711 100 5003
13467 150 7540
13661 9 480
8433 202 10112
12404 82 4137
10592 183 9182
9238 131 6580
11913 137 6859
9090 138 6938
9486 213 10673
9709 8 426
9442 7 359
10592 182 9122
11885 82 4135
10449 206 10323
11707 53 2681
13580 58 2907
10434 105 5254
11103 60 3046
11926 293 14656
10829 11 587
9247 42 2114
9411 64 3245
11182 75 3792
10449 208 10437
11726 233 11692
8762 282 14101
9061 52 2635
8620 131 6576
9639 215 10787
8735 5 289
8784 58 2929
9338 107 5363
9369 34 1743
11685 149 7476
10592 180 9031
9507 243 12167
11913 318 15923
9464 85 4283
12565 292 14640
10711 100 5029
8897 26 1324
8439 19 997
11847 74 3712
10660 197 9860
8700 83 4186
9470 45 2253
11972 21 1060
9438 35 1767
11779 6 333
8702 198 9913
11529 28 1431
11913 288 14419
13691 135 6785
13586 0 21
9632 118 5944
11824 9 479
11759 25 1274
9620 44 2236
9390 7 374
12075 48 2410
11071 8 440
9470 93 4673
10913 222 11115
9442 4 229
9386 184 9244
9030 122 6148
9247 44 2204
8859 14 707
11088 4 210
9225 130 6541
8433 204 10210
13583 72 3630
10719 26 1331
11227 3 166
9090 136 6814
9620 56 2812
11075 12 626
11519 72 3629
11728 336 16832
10646 97 4882
9285 169 8490
13491 59 2953
11965 383 19159
9304 107 5370
8750 214 10722
11707 1 93
13634 25 1298
11150 5 292
8853 201 10058
11228 34 1704
12066 274 13731
9298 77 3866
9281 75 3796
12496 20 1037
11776 30 1506
13634 25 1293
11891 130 6549
8471 20 1011
9217 22 1107
8959 183 9153
11527 7 389
11872 120 6028
11653 46 2333
8441 189 9498
10647 81 4057
10747 50 2513
8782 16 816
11879 128 6437
12029 27 1363
9511 324 16203
12091 185 9275
10848 110 5545
8465 258 12917
11993 0 33
13633 32 1628
11589 212 10607
9390 7 372
11589 146 7305
9324 80 4024
9545 210 10504
13454 19 977
11879 311 15588
11551 108 5404
11090 202 10130
9075 46 2318
8918 122 6120
9505 216 10832
9061 53 2685
10579 9 451
10708 43 2176
8702 200 10015
9075 49 2454
10696 255 12765
9702 88 4405
12441 113 5682
11182 171 8551
12000 97 4880
12379 96 4817
9326 37 1887
8409 19 992
11623 108 5406
8909 43 2191
10773 150 7502
10694 159 7964
9379 241 12051
10850 197 9864
12075 134 6732
8987 141 7057
8905 50 2504
10848 111 5570
8750 214 10722
12077 166 8307
12036 1 91
11707 131 6576
10850 84 4242
12110 219 10974
11913 323 16196
11071 8 409
10580 221 11066
12543 308 15434
9583 278 13908
9464 85 4299
8922 20 1039
8853 188 9411
12565 123 6198
10988 255 12763
10501 18 937
10449 127 6369
11935 29 1482
9679 105 5298
9668 12 605
13676 49 2485
11921 288 14438
12566 251 12589
10819 7 355
11741 36 1829
11514 32 1641
9601 124 6246
10905 106 5347
9709 9 469
10606 3 162
13623 82 4139
9457 86 4310
8687 212 10635
8909 45 2290
9702 78 3902
12449 285 14287
9210 254 12722
9470 91 4582
10800 15 756
8787 93 4668
10712 314 15706
9679 46 2334
11668 71 3595
10434 21 1052
11292 6 348
10705 166 8330
13695 99 4976
11508 29 1473
9640 108 5423
9427 154 7724
11896 21 1096
11995 33 1682
13618 31 1562
9030 135 6783
11614 158 7915
11080 277 13889
9615 25 1281
10547 69 3483
9726 186 9316
10623 18 928
10672 68 3450
13565 35 1760
11976 371 18582
11618 42 2119
11751 25 1256
8762 305 15277
8446 311 15553
10574 19 951
9345 62 3113
9285 170 8505
10906 128 6437
10611 99 4953
12023 23 1200
12504 149 7493
10837 144 7222
12070 24 1237
8770 271 13551
11724 6 307
13661 81 4059
9651 129 6496
11080 103 5163
9438 93 4653
10609 132 6638
10623 19 956
9656 333 16663
8957 233 11692
9694 169 8469
10545 146 7345
11972 120 6042
11927 44 2216
10441 125 6261
9065 82 4131
10520 81 4060
13569 145 7267
10483 54 2727
10747 17 886
11707 126 6314
10444 15 766
9453 1 57
12052 6 348
12517 239 11969
10800 21 1090
8935 111 5556
13561 95 4764
12039 109 5488
11943 121 6094
11993 0 5
8695 8 428
9615 27 1359
8915 116 5842
8413 11 576
8433 99 4972
10520 213 10666
12377 5 256
9621 21 1083
9188 19 995
13626 45 2287
10988 186 9312
11842 15 788
10765 12 643
9511 323 16198
9457 85 4264
11065 166 8308
9195 224 11239
10660 324 16209
12004 113 5687
9090 144 7230
10811 48 2420
8915 113 5671
11512 12 608
11963 359 17990
12558 18 935
8909 45 2269
10551 117 5889
9668 118 5915
9464 85 4299
11087 47 2362
10848 105 5269
9461 109 5467
11933 186 9318
8746 85 4275
9461 107 5356
9386 18 938
9267 24 1209
13691 29 1458
10518 11 579
9035 135 6767
10611 103 5176
9254 24 1201
10778 180 9004
9583 281 14095
12485 117 5889
11196 63 3159
10757 103 5169
8529 137 6890
8914 20 1015
9030 41 2069
13619 53 2683
10355 265 13286
9072 128 6422
10624 176 8815
11599 50 2532
11797 3 153
10660 239 11985
8914 19 968
9061 51 2553
11847 74 3740
10821 13 676
10625 231 11593
11922 136 6814
12374 88 4417
9583 215 10797
11913 137 6853
12039 109 5486
9090 138 6938
10624 193 9700
13491 54 2744
9369 34 1743
10353 0 16
10569 4 235
12005 89 4490
12046 94 4716
9464 83 4198
9324 55 2771
9464 87 4394
9463 92 4613
11025 95 4775
9639 216 10823
10683 272 13645
12075 49 2497
13648 80 4036
9713 65 3283
10972 57 2851
10609 134 6715
9621 22 1132
8762 283 14178
13565 67 3384
11935 222 11116
9196 3 161
11119 110 5515
12000 46 2344
8690 39 1990
11842 49 2488
13588 4 239
12145 191 9597
12046 94 4716
11103 60 3037
11935 222 11132
12039 218 10950
12066 41 2065
11614 6 341
11963 359 17993
9470 96 4822
11601 200 10031
10648 53 2654
11972 68 3432
11678 32 1635
8701 225 11287
11589 146 7306
11923 146 7346
9545 210 10521
11738 250 12502
11998 134 6750
11507 6 331
12566 251 12594
12383 64 3237
13623 116 5828
9008 118 5937
10712 307 15357
11001 17 889
9679 106 5331
12066 41 2078
11726 188 9431
11924 8 424
9267 25 1261
12508 99 4978
11673 29 1467
11738 184 9221
10765 13 670
12441 401 20064
11911 16 849
11529 1 58
11868 66 3348
13630 35 1785
10449 126 6333
13467 147 7368
8419 4 209
13565 35 1780
13658 11 569
9627 16 833
11872 120 6048
8937 50 2538
10445 160 8043
9362 246 12304
10646 96 4820
8416 106 5348
11589 210 10519
12383 7 368
11763 76 3811
11601 211 10553
10580 222 11112
10906 213 10680
12056 330 16532
8959 208 10432
10906 205 10292
13629 134 6750
13671 124 6239
8804 126 6345
10599 114 5719
13548 4 211
13675 19 986
11867 69 3493
9620 301 15092
13683 19 956
8889 64 3234
11776 146 7303
9470 48 2429
10883 125 6288
8468 55 2758
9639 216 10823
13537 1 74
9454 104 5222
13683 10 530
11601 165 8275
8720 163 8169
9191 40 2044
10719 10 518
10850 78 3934
10434 21 1052
10434 104 5229
9379 242 12122
11721 1 93
12025 86 4321
13504 74 3727
10719 25 1289
12454 425 21287
11617 179 8973
12554 86 4339
9090 136 6836
11519 72 3637
11842 15 752
10483 58 2948
9068 106 5328
10353 0 18
9384 55 2767
8735 5 289
11187 319 15994
11740 84 4211
9188 19 964
11507 6 338
11738 250 12502
11134 43 2163
10647 81 4100
13504 12 641
9681 80 4010
11747 3 192
10849 228 11406
8958 188 9442
12543 131 6586
11776 105 5287
9651 129 6472
11763 16 828
9500 2 146
10822 66 3340
10519 71 3586
11963 153 7675
8735 4 247
8894 30 1505
9463 91 4573
10592 183 9162
9615 25 1288
8746 57 2883
8905 49 2453
9500 2 146
9024 45 2282
11075 12 626
9438 34 1740
9675 1 65
8697 123 6152
10748 65 3274
10646 97 4882
11885 42 2135
10590 43 2164
11564 94 4713
11957 71 3578
9463 92 4623
9702 78 3922
8548 103 5154
11776 146 7303
11878 224 11247
8897 27 1371
11759 25 1292
8922 19 989
10747 19 971
9304 104 5227
9651 130 6539
12549 100 5050
8690 42 2147
8782 15 761
9238 131 6591
10727 120 6015
11965 136 6802
11884 68 3427
9679 105 5298
12066 41 2065
10660 323 16168
12020 14 705
10660 324 16209
8529 276 13817
11779 269 13469
8894 30 1547
9195 224 11239
8959 210 10515
11505 29 1460
9454 104 5235
10756 12 633
8770 271 13551
11741 40 2013
11094 115 5782
11963 171 8569
12054 152 7638
12404 55 2762
11664 89 4494
9285 172 8610
8987 140 7039
10545 145 7276
10850 79 3955
13642 62 3148
11878 119 5969
11926 122 6143
9225 129 6499
11214 54 2726
11150 5 293
10665 240 12045
13580 58 2934
9618 263 13173
10590 40 2031
13618 110 5507
10906 128 6450
8959 210 10515
11759 25 1292
9444 329 16496
10837 144 7249
8707 7 372
12508 140 7036
12438 102 5143
10625 230 11520
10522 182 9108
10593 79 3973
12070 371 18593
11728 218 10912
9669 190 9544
9024 185 9263
8958 188 9442
11965 165 8257
12566 262 13147
12566 262 13138
9651 188 9450
11763 76 3849
9345 206 10317
13695 99 4991
12506 9 493
12441 401 20064
10696 234 11711
13542 138 6937
9068 41 2068
9500 0 8
11878 10 527
8894 30 1537
11512 12 608
9298 77 3894
12508 266 13331
10672 68 3450
11691 38 1916
8852 50 2511
10925 124 6231
8994 24 1242
11492 3 173
9444 327 16387
10906 132 6626
12073 128 6444
13623 54 2729
10848 112 5615
12566 232 11624
11169 217 10892
11921 4 237
8702 197 9859
12383 3 182
10822 71 3564
11953 34 1728
9702 89 4464
13542 153 7692
10708 39 1966
8735 4 249
11230 17 875
10864 115 5766
9444 327 16351
12404 82 4125
9516 126 6329
9563 391 19591
11776 179 8985
10445 157 7852
12023 23 1153
9196 3 162
8902 34 1705
11001 13 658
11186 166 8308
12518 22 1137
11524 201 10061
13675 208 10407
11707 101 5074
9354 39 1970
10850 197 9889
9345 62 3113
13662 81 4062
10592 297 14860
8852 48 2437
11000 16 832
9632 127 6353
12027 33 1673
12441 401 20069
9675 82 4119
10747 50 2505
8964 184 9231
12145 73 3675
10832 61 3063
9675 0 1
11119 110 5548
11096 50 2503
10483 57 2896
9225 129 6499
12560 86 4306
9677 55 2753
10719 25 1294
9191 39 1998
11884 249 12480
10883 174 8712
10480 111 5578
9620 46 2345
13691 136 6843
8620 128 6445
10441 126 6320
10579 9 460
9500 0 8
11878 225 11277
9702 89 4470
11080 3 194
9028 9 469
9354 38 1946
9712 43 2151
11514 22 1116
8416 128 6449
10590 43 2190
11878 224 11235
11629 52 2627
10765 12 643
11776 146 7327
10696 234 11705
11119 69 3499
8918 123 6161
13638 145 7264
11169 129 6491
13676 84 4206
13692 71 3566
13561 23 1169
10906 221 11084
11963 171 8569
9516 329 16478
9726 184 9220
8447 57 2888
10635 65 3258
10748 65 3291
10765 12 638
9618 264 13201
9024 45 2286
12418 33 1693
11774 4 228
12438 102 5143
8585 35 1783
9639 218 10903
9344 245 12299
13687 1 91
12039 77 3884
9651 107 5360
12025 86 4313
9470 46 2322
9712 43 2174
10906 205 10292
8861 38 1925
10483 58 2926
11927 59 2957
11878 224 11237
10483 58 2919
11861 6 303
13542 153 7652
12566 262 13147
13618 110 5534
13678 24 1240
12542 164 8224
13626 67 3376
9075 46 2329
11514 37 1876
10705 0 44
10705 166 8330
11589 59 2987
13691 23 1195
9410 71 3599
10545 146 7349
13565 35 1751
11119 309 15483
11779 0 24
12556 67 3357
9267 23 1199
9618 264 13235
8770 57 2864
9028 8 426
13583 127 6388
9717 310 15526
13623 97 4896
9627 17 891
10850 22 1138
13617 114 5703
9557 2 147
9726 184 9220
13621 40 2034
8957 234 11739
9061 52 2641
11519 72 3637
13623 97 4897
8419 1 97
10883 165 8273
9542 297 14890
11953 34 1728
8589 168 8449
13491 59 2990
9712 25 1273
9605 51 2555
8905 52 2620
8705 77 3866
13634 17 884
10353 0 16
13454 19 956
11075 12 647
12077 166 8326
9196 2 119
11519 192 9650
10609 141 7054
9726 239 11958
10756 10 547
9324 39 1999
11619 3 196
9090 136 6836
8508 6 328
8620 130 6510
13467 150 7520
11845 29 1493
9341 215 10787
11998 57 2877
13626 82 4140
13583 72 3648
13477 40 2011
8859 17 851
9704 119 5978
11926 265 13275
10998 69 3458
9500 391 19594
12543 131 6570
9214 126 6319
9533 14 713
11713 43 2189
10951 29 1459
9041 83 4170
11066 91 4557
11002 3 196
12079 61 3078
11972 21 1079
13658 11 569
12086 31 1555
8958 221 11086
11887 159 7953
11593 41 2071
13683 19 999
10778 182 9118
12383 3 182
10625 231 11592
8810 93 4656
8996 292 14602
9677 54 2749
13675 78 3919
11096 113 5671
11002 3 170
10545 145 7272
12379 11 591
11182 87 4352
10592 296 14818
9545 218 10929
11830 191 9576
11619 3 192
11738 184 9216
8579 21 1099
12110 219 10963
11935 222 11116
11186 166 8340
10517 29 1460
13548 4 242
12442 42 2132
11930 276 13837
8987 143 7157
11935 250 12524
10708 42 2138
11629 10 532
13552 57 2879
12404 29 1499
10864 114 5713
12555 10 548
12070 313 15678
10850 23 1159
9713 67 3375
12383 7 389
11866 71 3577
10437 140 7036
10434 114 5745
10471 35 1768
12540 12 605
11527 1 99
10938 37 1865
8419 0 41
9065 82 4106
11915 31 1574
12505 87 4365
11139 4 224
9615 26 1341
10593 72 3631
12073 65 3295
9090 144 7207
11741 26 1336
8922 23 1162
11291 33 1685
11135 73 3700
11779 227 11380
10921 243 12195
13629 229 11488
9344 52 2624
11278 82 4137
13527 24 1225
11921 17 894
8859 15 782
9675 82 4115
11001 13 658
9473 23 1188
11599 61 3061
9681 79 3987
8750 216 10822
11658 11 566
8810 90 4510
8701 224 11233
11589 59 2977
8897 25 1296
11989 81 4087
8957 233 11692
10748 65 3291
11833 80 4035
9470 96 4804
8746 59 2961
10660 327 16354
10449 208 10436
10850 223 11169
11776 59 2971
10813 70 3542
12449 83 4156
9326 36 1814
11169 217 10856
10660 241 12076
8548 75 3752
9411 66 3307
10883 216 10826
12056 37 1888
12499 5 271
8894 84 4236
12542 19 951
13675 208 10449
9386 184 9235
11751 287 14379
9090 135 6787
9075 48 2407
8458 78 3919
9404 127 6378
9632 60 3050
8447 58 2909
10648 53 2676
11278 35 1776
10846 121 6069
11085 2 115
9717 310 15545
11601 211 10597
11879 228 11448
9238 131 6593
11935 27 1394
13491 59 2980
13675 73 3699
10819 8 405
10729 51 2581
8909 43 2167
12079 61 3078
8996 57 2876
12066 41 2069
13564 7 360
10756 70 3536
11878 225 11293
9439 115 5760
8936 113 5676
8433 32 1644
11551 106 5329
9704 119 5959
12066 274 13718
11991 10 548
10844 73 3673
9632 128 6439
10696 234 11721
8468 56 2841
11545 266 13330
12426 64 3218
10748 65 3271
12454 425 21252
11879 244 12207
13678 118 5902
10434 113 5665
11274 12 601
11759 208 10438
11915 24 1202
11243 82 4112
11601 200 10024
9030 121 6086
10848 110 5534
13623 116 5834
8714 140 7045
11071 8 409
9679 48 2435
11880 17 865
12000 65 3283
11745 53 2698
12054 45 2287
9364 25 1277
10822 68 3448
9340 92 4605
11779 269 13463
9344 88 4425
10858 124 6248
9713 66 3308
11678 8 448
13583 7 372
9583 501 25063
10660 241 12066
13538 13 682
9473 20 1028
8735 5 254
9567 158 7931
8915 113 5687
13661 9 495
11601 1 77
8548 105 5278
11508 114 5717
11206 21 1074
8413 14 715
10771 246 12344
11866 71 3578
11998 134 6721
11878 85 4262
8915 117 5877
11879 40 2016
11521 43 2158
11601 139 6952
11786 285 14283
11995 33 1653
12079 10 529
10848 194 9722
10883 165 8300
9442 173 8685
9444 326 16338
11078 20 1009
10593 72 3644
11953 34 1745
10883 174 8708
10858 124 6228
12538 29 1474
11544 3 154
8695 22 1105
9583 206 10323
9298 54 2723
11751 150 7529
11878 119 5987
8894 84 4225
10592 295 14784
9533 10 544
13630 57 2874
9567 156 7834
11828 11 580
12506 9 455
9557 1 89
10811 49 2492
9037 235 11785
10483 60 3006
9515 104 5221
12542 164 8224
8508 5 269
10660 200 10043
13463 22 1129
9390 7 391
9195 84 4246
8922 21 1065
10475 192 9646
13695 40 2010
12079 10 534
11527 81 4079
11119 304 15232
9094 4 206
9394 125 6292
9298 79 3998
8714 140 7007
9639 215 10787
10811 48 2440
11187 230 11507
8690 163 8167
13692 17 868
12000 97 4860
10711 99 4965
9694 170 8529
11599 61 3096
9668 193 9697
10449 206 10322
8419 1 56
11182 87 4359
12486 74 3706
8853 201 10066
9668 118 5942
11728 10 535
9195 241 12051
11707 53 2696
11685 123 6157
13467 144 7244
9454 107 5379
11817 0 39
11187 217 10856
10436 305 15290
13491 54 2744
8918 123 6167
10545 146 7329
11111 92 4632
9463 91 4573
8701 224 11223
10750 12 644
11537 8 449
10390 62 3145
10688 84 4245
12392 8 450
12543 308 15411
13561 114 5723
9668 244 12250
11867 14 743
12538 3 199
8683 203 10179
10647 81 4100
10811 48 2449
11678 32 1618
8587 79 3981
11551 106 5342
12554 86 4339
10545 145 7297
11884 265 13254
12009 32 1610
8859 15 758
9285 172 8609
9621 20 1044
9461 108 5413
9470 48 2402
10672 68 3424
11707 131 6556
9225 131 6574
10906 221 11076
8460 227 11386
13691 135 6767
9507 243 12162
11187 230 11507
9390 7 374
12145 191 9574
11593 98 4922
11658 11 557
11508 160 8014
8454 27 1373
10660 241 12062
11512 107 5352
13662 81 4062
9618 262 13114
10606 12 614
10390 62 3103
12036 121 6091
13564 7 355
8669 12 631
10592 182 9104
11965 420 21004
11878 153 7664
8996 292 14622
9627 16 833
13467 144 7249
8695 7 374
11913 118 5948
9345 205 10294
8897 25 1264
11935 29 1482
9545 210 10541
13542 138 6937
11001 17 895
13618 110 5534
10756 10 527
10606 11 552
12485 222 11129
13675 235 11796
10574 25 1270
10846 123 6179
8859 17 862
10520 81 4071
8695 11 553
10913 222 11114
11751 220 11039
10737 287 14370
12508 266 13348
10520 81 4097
11891 156 7827
9238 128 6445
8419 3 155
11965 420 21005
11589 205 10263
10837 142 7102
10475 192 9646
10822 68 3407
9345 61 3075
9601 125 6262
9394 126 6323
13619 53 2667
9072 127 6373
8958 190 9515
11527 108 5427
11913 137 6857
10660 326 16341
13477 38 1924
12066 274 13715
8994 24 1234
9621 20 1044
10848 110 5545
11868 51 2574
9442 172 8618
9607 40 2015
11943 236 11814
11278 224 11220
9500 6 348
10666 43 2159
8707 7 394
10692 103 5198
8740 35 1772
8958 186 9335
10517 28 1410
10905 111 5570
13542 138 6906
10864 114 5741
8996 291 14575
9035 139 6979
10635 67 3359
9679 44 2250
12442 179 8967
9437 30 1510
8539 39 1999
12449 147 7361
8666 55 2788
10489 48 2439
13635 77 3874
11520 54 2729
8784 57 2894
10737 287 14388
12000 65 3290
10501 39 1999
10624 267 13352
8433 205 10282
12561 284 14238
11565 84 4220
11116 126 6327
10838 50 2547
11991 71 3552
8626 81 4075
11134 78 3934
10837 143 7199
11830 191 9574
12549 100 5014
8690 164 8215
9439 116 5823
9304 107 5358
8740 37 1894
11601 32 1604
11707 134 6743
8419 6 315
11976 371 18582
10838 50 2547
9601 123 6179
10483 61 3051
9702 88 4445
9080 31 1577
13470 46 2346
13617 114 5729
9327 12 620
11668 71 3591
9713 64 3210
12091 185 9296
9285 172 8627
9632 128 6420
11889 11 597
8433 204 10235
12485 82 4136
11830 148 7402
9579 115 5792
12145 191 9597
10520 81 4097
11957 71 3566
8957 235 11792
11738 246 12327
11972 43 2196
10850 86 4339
13580 4 212
9651 186 9313
10837 142 7141
8994 164 8205
10711 44 2216
10950 18 920
13639 83 4166
9627 17 854
11763 234 11731
11521 57 2900
10729 51 2557
11963 2 123
9507 243 12167
9028 9 469
12066 140 7046
10519 72 3623
10906 217 10872
9338 107 5391
8508 6 334
8914 19 965
8579 24 1236
10471 35 1769
12566 251 12594
11779 55 2799
11087 47 2362
10609 142 7130
11278 51 2565
12036 121 6086
11879 228 11404
12555 10 533
9238 128 6428
8541 24 1245
11632 4 240
10545 146 7334
10660 197 9868
9404 126 6328
8853 199 9996
9470 48 2405
13675 208 10407
12039 99 4954
9404 125 6282
12075 49 2492
10694 159 7956
8416 80 4033
9592 274 13739
9080 33 1660
12418 33 1660
11119 155 7755
8433 97 4896
10773 82 4129
10748 68 3444
12485 117 5889
12426 64 3228
9341 216 10810
11001 14 733
10972 58 2916
10599 114 5712
11681 55 2772
11922 107 5391
11539 60 3022
11169 129 6482
9298 76 3802
10822 70 3529
10858 124 6217
9068 107 5385
9620 288 14409
8740 35 1759
10845 192 9648
8904 65 3299
9386 255 12795
10719 12 648
11514 32 1636
12004 193 9692
10771 244 12207
9605 51 2589
11998 134 6723
11776 11 560
10449 127 6398
9668 116 5815
12374 88 4448
8687 212 10606
10672 68 3442
10864 19 979
9344 244 12205
11653 46 2333
12025 272 13623
11576 29 1483
10705 8 413
10905 111 5582
8915 120 6046
9028 11 591
10849 220 11028
11970 78 3948
11119 309 15483
8409 19 995
12543 308 15424
10434 114 5705
10849 229 11463
13569 145 7267
10437 142 7113
8549 113 5651
12404 82 4102
13656 12 645
13675 19 968
10712 318 15935
10747 18 917
9453 1 83
11593 4 212
11187 230 11509
12557 71 3592
11842 41 2078
8620 128 6432
10705 8 413
10578 13 675
9464 87 4362
13454 7 374
11589 146 7305
9080 31 1577
11887 88 4435
11957 71 3594
10660 241 12054
12426 9 466
9279 1 53
9341 217 10886
10727 117 5852
9090 142 7134
12004 283 14173
13580 146 7347
8996 292 14602
10858 128 6403
11565 120 6035
11921 138 6918
9453 1 57
9345 206 10350
8915 113 5680
10688 83 4154
9410 73 3665
11740 11 563
11512 87 4390
12066 94 4721
11879 228 11404
9030 121 6086
8697 121 6075
9464 87 4362
10821 12 648
10609 141 7098
10520 73 3652
13583 7 364
9519 255 12784
12070 359 17957
8700 206 10346
11926 6 350
8782 16 815
12556 67 3357
8416 129 6476
8862 133 6688
9308 33 1663
9453 3 182
11135 49 2460
12036 115 5788
11913 137 6857
11564 26 1305
12036 121 6086
11599 59 2978
12566 251 12592
10609 129 6481
12549 100 5005
11868 51 2574
11664 119 5975
8697 123 6161
8915 118 5950
13477 54 2745
11738 246 12327
12566 262 13118
8879 106 5322
8994 164 8248
11921 178 8948
12023 23 1153
11727 296 14807
11196 28 1437
9542 296 14819
10625 230 11511
12094 6 318
9438 34 1740
12482 295 14789
11957 92 4650
12508 266 13323
8936 109 5454
10448 100 5028
11879 311 15588
10708 39 1995
8695 20 1007
10390 63 3156
10434 21 1094
11924 8 450
11751 25 1300
11515 27 1389
8735 5 270
9442 173 8688
11558 5 275
11593 98 4922
9362 248 12417
12383 3 181
12558 56 2801
11619 19 1000
8799 11 556
13635 72 3623
8419 3 190
9651 132 6609
9535 319 15994
13583 178 8948
13639 83 4197
10578 17 881
13561 114 5723
10712 316 15841
13505 9 470
8994 163 8198
8804 126 6319
10906 213 10695
12023 23 1200
11830 114 5722
13618 35 1787
11591 57 2875
10624 176 8836
12542 19 951
9239 149 7481
9340 91 4563
10648 42 2139
11080 103 5191
8695 9 457
8799 12 643
13688 125 6296
10593 79 3975
11512 87 4382
11134 43 2183
8620 128 6445
10951 29 1469
8859 14 731
12091 367 18356
10819 6 326
9702 77 3854
13616 245 12282
8996 290 14501
8416 106 5312
8862 52 2621
12383 7 373
11759 146 7327
9386 255 12800
12543 131 6575
12039 201 10061
10590 5 280
9615 25 1288
9656 331 16596
11913 323 16184
11792 16 846
10609 140 7032
9210 254 12722
8909 48 2430
11872 227 11371
13621 40 2034
13565 67 3370
10592 181 9063
10569 7 353
9439 115 5760
12039 272 13643
11111 92 4625
13676 50 2530
10475 191 9582
11601 165 8274
9065 82 4131
12066 41 2054
11551 92 4618
9640 110 5527
11972 147 7381
11508 29 1456
11119 155 7755
10804 91 4552
10838 47 2360
9454 136 6845
10737 289 14490
12071 304 15201
11071 270 13543
10905 106 5347
12364 40 2017
13503 191 9579
11977 7 383
12004 283 14167
9395 346 17312
8620 131 6576
11728 180 9007
11861 6 345
8936 114 5712
8747 123 6189
9061 52 2647
13470 95 4790
8897 25 1278
10773 85 4251
10822 70 3537
11230 17 878
8448 134 6714
8852 37 1886
11589 205 10295
13678 133 6658
12036 5 261
10580 239 11993
10966 251 12579
13626 82 4147
9651 129 6455
9546 84 4235
10850 84 4246
13477 99 4977
9068 43 2166
10716 119 5972
9338 109 5470
11134 43 2158
12392 19 990
9030 41 2093
10624 177 8851
11521 43 2196
9438 35 1775
10849 229 11488
12079 66 3338
9009 147 7359
9384 56 2802
10773 110 5510
8915 117 5861
12091 367 18362
10522 180 9009
9411 64 3245
11186 108 5419
13695 99 4976
9515 102 5107
11119 115 5798
10520 213 10656
13692 71 3574
11668 86 4335
10449 127 6369
9438 93 4687
13638 46 2325
9583 500 25003
9068 43 2172
11090 202 10124
10931 103 5160
13503 191 9576
11614 158 7932
12077 166 8347
10747 50 2521
9379 243 12155
8416 80 4030
8957 256 12827
11237 42 2121
9681 77 3869
9704 118 5908
9461 107 5367
10913 219 10990
8690 41 2067
11747 3 181
12497 13 688
9592 271 13562
12056 368 18442
8677 10 531
9068 104 5217
11728 218 10912
11926 239 11953
11521 43 2182
10906 205 10283
11984 87 4394
8720 124 6226
12086 31 1555
12496 20 1002
9651 129 6496
11520 271 13555
12075 112 5646
13542 138 6918
13676 49 2461
11094 187 9376
12392 19 993
12565 123 6185
8959 183 9153
12549 96 4847
9668 193 9675
12459 107 5359
13470 72 3636
12549 90 4543
9726 188 9424
12066 41 2062
8433 202 10112
11162 32 1629
13586 0 31
8445 191 9570
11998 399 19966
11763 108 5411
9444 328 16444
8897 28 1442
8416 98 4942
10705 2 147
8508 7 358
11891 103 5152
13661 70 3525
11921 169 8490
11943 121 6094
9533 14 713
8620 129 6498
8746 59 2961
9656 333 16693
12508 266 13323
8957 233 11698
9238 128 6428
12508 164 8232
11921 169 8468
11917 21 1061
11943 254 12712
13675 73 3683
9345 63 3177
8419 5 266
11648 58 2919
11657 13 664
9210 253 12660
8579 21 1090
10444 15 780
9454 134 6718
12496 96 4816
13691 136 6832
8918 123 6169
9637 84 4218
8416 128 6449
9394 125 6258
9439 117 5854
10442 10 503
10800 21 1062
12438 12 649
10592 298 14937
13552 57 2886
9394 128 6421
12039 99 4954
13691 29 1475
11963 79 3969
10883 216 10812
9545 181 9085
10437 142 7114
9448 62 3119
11707 93 4693
8549 113 5699
9024 44 2235
10434 21 1094
11747 27 1380
11243 42 2134
12036 112 5624
9210 0 35
8697 122 6121
11776 59 2954
12504 159 7981
12377 5 265
8959 208 10432
9279 0 43
11184 21 1057
10793 58 2947
11564 26 1324
8700 132 6605
8994 163 8194
9298 29 1470
9516 329 16452
13620 53 2663
9675 2 133
12544 19 990
11957 71 3566
8852 48 2437
11194 1 81
9196 0 46
9546 83 4196
10906 207 10377
13643 110 5536
9554 33 1687
10434 113 5653
9410 72 3633
8714 152 7617
11692 2 120
9341 217 10886
8915 114 5729
8852 50 2528
11792 11 554
8934 47 2378
11926 293 14662
13675 235 11800
9694 167 8395
11492 3 185
8934 47 2361
10437 141 7056
10569 6 341
9285 172 8609
11965 136 6802
10640 28 1421
9243 120 6018
9677 55 2795
11540 64 3209
11751 220 11034
10590 41 2053
11543 122 6122
10716 143 7196
10716 144 7215
13536 74 3713
10998 42 2121
12426 87 4398
10665 238 11906
11933 224 11227
9505 219 10970
11091 165 8268
11604 155 7755
8862 49 2463
11194 1 86
11508 183 9186
10858 127 6366
11763 108 5424
10755 122 6148
8770 271 13577
9473 20 1002
9579 45 2286
10688 103 5157
11776 47 2366
12073 65 3282
10449 127 6384
10848 112 5618
11091 165 8284
11885 42 2103
10756 70 3531
11847 74 3720
8994 162 8116
10610 270 13534
10574 24 1217
8746 59 2988
13662 132 6616
11820 253 12693
11957 71 3585
10712 318 15935
9239 149 7484
9454 104 5235
9195 222 11149
11601 200 10050
11751 282 14135
13583 72 3648
10569 5 256
9068 105 5279
11741 26 1336
8698 84 4247
9341 216 10845
11527 0 18
9516 484 24214
10449 206 10321
10757 88 4446
11096 85 4299
9037 236 11822
11564 108 5418
12549 90 4533
11237 23 1152
10883 125 6298
11741 5 270
10819 8 405
9075 292 14647
10501 18 938
12039 3 186
8441 191 9567
8541 25 1261
13676 15 793
9677 54 2739
11712 1 61
10623 18 929
11119 10 531
11866 71 3577
10773 113 5673
9563 268 13407
9651 355 17770
12073 98 4922
11519 192 9618
10475 191 9577
10838 47 2362
8958 186 9335
12508 266 13341
10850 84 4246
8889 64 3229
9709 8 408
11727 288 14421
8585 35 1778
11963 171 8577
11614 158 7904
8914 18 913
9035 138 6909
9515 98 4937
10711 33 1665
12557 71 3585
8957 235 11792
10449 287 14375
10625 233 11698
10660 327 16356
11274 12 601
9453 4 208
8957 233 11658
10756 80 4015
11187 217 10856
11066 91 4571
13623 82 4134
10449 126 6317
11601 139 6998
11000 17 893
8934 47 2367
11551 92 4618
11884 54 2749
10848 112 5618
11632 4 217
8996 290 14501
10848 110 5514
8740 38 1928
8468 55 2751
12073 187 9375
10748 68 3444
11087 18 947
9009 146 7335
10850 225 11274
11527 81 4076
9243 120 6022
12073 187 9399
9281 70 3528
11721 152 7633
11066 212 10640
11842 15 760
13583 72 3624
9583 277 13863
9298 27 1380
8762 305 15264
9267 25 1283
9405 11 571
11292 6 348
9557 2 134
13583 127 6386
9457 86 4310
8889 67 3386
11872 75 3797
11135 74 3708
9405 12 610
10913 220 11009
9605 71 3554
11989 81 4073
10623 17 893
11879 228 11448
12504 149 7456
11664 119 5975
9464 83 4172
10442 12 605
10545 145 7300
13675 73 3698
11924 269 13500
8963 21 1071
9438 93 4697
9254 23 1189
10635 67 3384
10569 4 231
11821 94 4746
11963 2 123
11830 133 6652
12039 3 187
8700 133 6662
8413 11 592
8994 19 978
9516 213 10655
8746 57 2859
10757 102 5143
12145 73 3675
11664 16 837
9712 24 1207
10846 121 6069
8541 25 1260
10683 155 7773
8909 47 2354
9516 249 12483
11025 95 4775
10569 6 313
11738 171 8580
8994 162 8111
13687 1 57
11991 100 5011
9345 60 3017
11228 34 1717
11919 185 9257
10883 165 8260
8915 121 6077
8994 163 8152
11668 71 3595
12009 32 1610
9709 7 360
11801 15 760
10858 128 6439
10858 124 6248
9386 20 1014
11972 148 7428
13655 29 1488
11135 74 3711
9195 225 11277
11774 30 1532
9500 393 19655
10660 325 16289
11716 74 3702
9362 248 12404
12071 302 15137
13542 153 7700
8746 60 3018
10850 23 1159
10906 207 10381
8700 206 10346
9215 104 5245
12066 41 2085
12039 84 4234
11727 288 14421
8810 89 4467
10829 11 586
12542 19 955
13683 10 547
10692 103 5152
12377 5 288
11972 43 2196
11599 59 2978
11778 13 652
11707 93 4693
11906 166 8341
10551 117 5881
11508 114 5743
10434 105 5278
10883 165 8274
9668 193 9656
10520 81 4093
9511 325 16288
11066 91 4557
13504 12 647
13582 16 802
11963 332 16622
10449 207 10353
10905 110 5541
9473 22 1137
11738 109 5466
8914 19 981
11648 58 2919
9546 83 4159
11094 91 4583
10756 75 3792
12446 21 1072
8416 128 6450
9009 146 7335
11922 70 3535
9215 104 5245
8419 6 315
10950 19 988
9196 1 76
11243 82 4133
9694 170 8516
11514 32 1639
10593 79 3973
11884 261 13056
11900 28 1434
8529 276 13830
10471 35 1768
9395 346 17315
13565 67 3370
9080 30 1525
10696 281 14093
11792 11 554
8458 80 4050
11728 61 3056
11707 134 6743
10635 65 3265
9618 264 13201
10850 225 11291
8687 190 9549
11709 57 2868
11532 49 2489
11776 146 7326
9702 89 4495
10692 101 5070
12364 111 5571
9583 202 10137
8714 140 7007
10712 304 15245
10972 57 2851
12073 24 1224
10819 6 332
11527 134 6724
11922 70 3505
10800 15 756
11668 86 4346
11933 224 11214
11726 300 15008
13678 118 5910
12565 123 6162
9364 25 1298
11514 37 1855
11998 57 2871
8711 0 30
11648 58 2934
11512 87 4379
8716 95 4792
8690 39 1983
12039 84 4201
11707 146 7301
11841 19 972
11721 157 7864
10756 10 547
13623 116 5817
13477 54 2729
9195 85 4264
12079 61 3068
11762 18 939
11912 87 4391
13564 7 360
9379 243 12193
10449 126 6326
12542 164 8211
11618 42 2106
9394 124 6203
9656 332 16620
10449 127 6391
12079 83 4178
9028 6 315
11527 106 5312
9583 277 13886
12506 9 493
9717 310 15543
9410 71 3569
8957 235 11761
9386 18 940
11529 291 14598
10437 140 7019
9675 2 133
8915 113 5680
9681 80 4024
10925 124 6215
9243 120 6022
10475 187 9355
8905 50 2504
11726 161 8094
11515 27 1389
8508 6 324
9483 217 10881
8707 6 307
12070 163 8181
11545 266 13345
13623 82 4134
10606 12 614
9515 104 5221
9601 120 6026
11529 243 12169
8959 207 10393
8458 78 3939
9427 153 7677
10520 81 4093
11606 175 8783
10665 240 12008
11119 69 3476
9188 18 918
13614 26 1328
10483 57 2879
10773 111 5589
10574 19 986
9304 105 5276
11529 28 1434
11972 147 7358
9338 107 5391
9542 298 14920
10522 181 9078
10535 19 976
11969 18 922
10623 19 967
8695 22 1147
11623 108 5411
13616 245 12274
13477 38 1918
9298 27 1380
11779 6 333
12556 67 3394
8862 49 2463
8626 82 4136
8626 81 4074
9583 216 10804
10647 81 4068
11913 80 4047
10449 287 14373
13648 80 4003
12497 13 688
11618 30 1528
11551 108 5436
11664 119 5986
12054 45 2282
11913 80 4047
11664 89 4454
8918 123 6165
8539 38 1912
11519 188 9427
9030 121 6098
11957 92 4640
9546 84 4216
12565 170 8535
9615 25 1281
10551 117 5881
11841 25 1254
9651 132 6624
9702 77 3854
11085 2 110
11821 70 3539
9439 117 5889
11896 9 458
8508 6 334
9243 120 6044
8416 129 6463
13688 7 352
10711 101 5091
9473 22 1137
11965 136 6802
12418 33 1672
8915 119 5954
11619 3 196
11830 39 1975
12418 33 1674
8934 47 2378
10905 83 4200
13638 46 2332
9694 168 8440
11751 107 5372
10436 305 15290
10822 68 3436
11072 16 830
12482 295 14761
10518 12 606
9632 39 1975
9632 118 5944
9535 57 2895
9704 118 5924
11957 71 3571
9651 187 9381
9669 189 9466
11275 109 5489
11759 25 1264
9516 325 16260
10520 217 10874
11601 211 10574
12070 130 6518
11237 23 1152
13629 109 5467
10837 165 8266
9470 91 4582
8996 288 14427
12540 12 607
8958 186 9346
9681 80 4030
10819 6 346
12449 83 4166
10648 53 2676
8987 144 7201
13504 74 3730
8620 129 6497
9726 186 9340
8697 122 6121
11965 345 17293
9679 44 2241
11922 26 1327
9677 9 494
11991 57 2895
13688 125 6261
11709 57 2864
12496 103 5192
9665 8 411
10590 42 2133
9080 34 1715
11935 63 3179
9035 136 6810
8562 154 7719
11930 57 2859
8683 203 10173
11889 17 887
12004 283 14173
13629 229 11488
10592 298 14910
12071 302 15111
12079 100 5025
13618 31 1587
11599 50 2532
13661 174 8745
9620 44 2217
9344 246 12336
9632 118 5921
11614 14 718
9327 11 591
9717 309 15499
12075 134 6725
12485 116 5802
10931 106 5319
12000 97 4886
12039 201 10087
11119 48 2419
11933 101 5074
10660 240 12006
10501 45 2278
10755 126 6318
8695 11 579
11135 74 3711
12446 87 4368
9267 24 1209
9710 183 9177
11745 15 790
8419 4 214
13580 4 247
9713 64 3214
12056 112 5601
9499 309 15456
8746 208 10413
10501 45 2278
10449 206 10344
10442 11 584
8852 37 1886
8859 17 851
12374 153 7680
11085 2 141
9632 128 6420
8669 12 619
8454 27 1373
9247 42 2114
8441 190 9545
12449 83 4187
10925 56 2806
10436 304 15229
9679 105 5292
11977 30 1534
8537 268 13437
9080 30 1534
11087 18 950
9366 127 6385
8746 208 10414
10821 12 635
11259 16 832
10609 135 6765
12520 12 647
9243 120 6042
10624 192 9631
12079 61 3061
11116 126 6343
8936 112 5614
12545 40 2042
13583 178 8948
11492 3 176
12025 86 4313
11935 247 12396
9454 105 5270
11926 6 305
13629 31 1599
8471 20 1011
10648 69 3475
13695 40 2025
9427 153 7677
9632 60 3049
10771 246 12314
12426 64 3248
8902 35 1777
12485 220 11023
12392 19 990
9410 71 3569
10998 69 3494
11527 108 5427
9344 244 12213
10606 3 156
8750 217 10873
11921 252 12639
10727 119 5969
9075 44 2247
12070 187 9371
11673 43 2171
9601 124 6246
11779 63 3192
8936 111 5584
13678 34 1707
8918 122 6120
10390 62 3103
9072 127 6373
9567 431 21583
8416 80 4030
11965 54 2731
12556 8 413
8852 50 2511
11119 309 15456
11515 27 1379
11664 119 5985
9677 55 2753
12070 187 9396
9210 0 35
8918 122 6126
12145 73 3675
13692 71 3587
10772 118 5921
10696 254 12740
9704 117 5873
10635 65 3295
10646 97 4882
10483 54 2748
11842 41 2066
9620 289 14483
11976 371 18557
9470 94 4710
9632 123 6170
9052 31 1560
9470 165 8290
9533 13 688
11924 8 410
9567 156 7834
11213 63 3191
12368 49 2473
10905 106 5303
10837 165 8262
12540 157 7899
9516 249 12491
11977 7 368
11515 27 1379
11974 26 1316
8433 202 10113
9075 47 2354
11926 293 14656
