7014 1062 53110
7014 653 32653
7008 1387 69398
6968 7 351
7010 8 435
7011 302 15132
7014 1331 66557
7008 1393 69674
5380 7 384
6379 38 1947
7008 280 14050
6981 65 3282
6507 46 2342
7003 411 20560
6827 110 5522
7004 901 45055
6080 92 4611
6837 8 406
7010 1447 72384
6908 190 9549
7003 1437 71881
6211 69 3457
6828 164 8247
5459 3 171
6030 7 388
7010 1038 51928
7010 1545 77286
6829 123 6177
6960 167 8361
7008 1348 67411
6991 67 3368
7003 413 20661
6564 83 4156
6945 213 10658
6896 18 917
7010 27 1389
6827 110 5527
7014 326 16327
6952 97 4875
6882 152 7618
6945 215 10795
7008 1348 67407
7014 53 2668
7003 1513 75692
7012 708 35402
6991 69 3486
6564 84 4216
5966 48 2444
6666 12 603
6490 36 1824
7010 579 28994
5154 155 7791
7010 1049 52466
6981 42 2130
7004 1319 65967
6837 154 7701
7004 1208 60403
7011 302 15124
6956 116 5830
7008 889 44458
7014 990 49532
6968 2 133
7008 1051 52562
7012 1275 63791
6871 187 9399
7008 1393 69694
7003 469 23475
7003 960 48037
6467 97 4896
6366 75 3779
7014 5 270
7013 108 5424
7012 1659 82967
7014 429 21451
7001 464 23205
6934 75 3799
4983 48 2440
5154 152 7612
7012 1290 64503
6949 78 3916
6888 50 2519
6934 13 665
7012 1065 53256
7008 890 44509
7014 1346 67346
6794 18 918
7003 469 23488
7003 1734 86714
6102 38 1905
7003 270 13547
6923 12 607
6973 43 2173
7004 1208 60403
6812 3 192
7012 529 26456
7014 1054 52736
6036 33 1698
6829 123 6189
7010 1485 74286
6930 13 691
6908 188 9440
7010 1042 52143
6401 21 1099
6930 20 1007
7004 1208 60418
7012 246 12311
7008 103 5169
6837 154 7749
7001 210 10539
7014 1411 70552
7013 206 10323
7012 529 26477
7008 889 44462
5339 47 2360
7008 466 23308
7010 1343 67168
6826 46 2334
5966 44 2201
7012 246 12350
7014 1270 63546
5630 41 2058
7013 201 10078
7004 1268 63428
7003 1304 65232
7012 1054 52722
7003 1050 52545
6442 28 1426
5891 158 7930
6030 14 734
6548 2 104
7003 228 11417
6828 163 8171
5783 88 4444
6973 40 2004
7008 1110 55541
6812 9 454
7008 885 44254
7001 570 28520
5519 144 7236
6663 18 947
7008 195 9767
5069 34 1740
6401 21 1100
6362 83 4171
5891 148 7425
6663 41 2097
6912 60 3044
7001 153 7683
6162 213 10689
7014 326 16338
5155 92 4633
7014 867 43368
5151 177 8878
7010 84 4227
6616 26 1335
6826 42 2128
5065 2 140
6828 160 8005
7014 515 25755
5077 31 1557
6217 143 7174
6090 76 3813
7010 1042 52120
7014 653 32674
6650 18 935
5783 93 4697
7010 1562 78108
7001 823 41166
7014 205 10266
6035 3 175
7008 417 20884
7014 1640 82010
7010 1390 69526
7003 1449 72467
7010 138 6925
6912 58 2924
7003 413 20690
7012 302 15133
6960 77 3855
6035 3 175
7003 775 38756
5382 170 8508
7013 201 10074
6683 13 700
6577 32 1631
5497 16 827
7013 201 10051
6362 83 4192
5511 40 2017
6542 170 8512
5380 5 269
6960 73 3696
7014 10 545
5151 177 8878
7004 1624 81209
7004 654 32712
7013 193 9690
6467 98 4924
6934 75 3795
6036 56 2834
6123 9 463
7001 819 40988
6503 60 3046
5068 95 4765
6975 66 3315
6480 101 5083
6426 27 1387
7003 1304 65215
7003 1527 76396
7012 1126 56307
6959 125 6256
7012 794 39720
6078 23 1160
7008 417 20883
6542 164 8214
7001 153 7683
7001 732 36647
7001 1134 56703
5516 22 1105
7012 1447 72380
7004 514 25704
6991 68 3436
5331 134 6739
6960 166 8320
7008 786 39311
7008 1051 52563
5564 192 9642
7012 1447 72376
7014 429 21451
7003 188 9407
7010 668 33441
6959 125 6270
6080 89 4498
5487 52 2642
6230 97 4872
7008 890 44506
5013 9 478
6507 47 2378
6955 212 10630
5154 72 3643
7012 914 45736
5370 56 2819
6991 67 3357
6359 6 309
7008 890 44544
7012 708 35419
7010 1343 67162
7004 654 32739
6908 184 9246
5516 25 1290
5891 32 1608
7012 1466 73302
6930 17 886
6379 38 1929
6968 1 89
7003 960 48030
6837 7 383
6359 4 223
7012 1549 77474
7010 710 35534
7008 1387 69351
7010 727 36376
7014 308 15419
5108 92 4634
7008 746 37312
7006 337 16890
7008 133 6695
7007 22 1146
6322 42 2101
7001 228 11418
7008 280 14022
6078 1 61
7008 133 6667
7001 480 24049
7003 469 23496
7010 280 14026
7014 867 43381
7010 1162 58138
5456 12 622
5380 3 181
7013 108 5417
7006 324 16243
5380 3 195
7001 682 34137
6572 168 8437
4957 145 7253
5404 34 1731
6406 115 5796
6968 1 89
7008 417 20876
6080 92 4637
6080 91 4599
6945 216 10844
6960 166 8310
7001 866 43335
6107 19 995
7001 823 41156
7008 102 5112
7003 1318 65948
5977 194 9743
7014 5 273
7003 1437 71869
6420 45 2267
6315 26 1343
6162 213 10695
6319 46 2324
6106 48 2428
6362 101 5077
7004 1622 81126
5519 146 7322
6981 128 6448
6942 94 4701
7003 924 46239
6945 213 10664
7008 833 41672
6201 65 3251
5487 28 1446
7012 19 952
6680 73 3652
6977 90 4504
7001 819 40988
7001 977 48873
6981 39 1957
6441 61 3070
6954 10 547
6959 122 6150
7013 238 11927
5448 11 580
7003 232 11619
7008 1348 67415
6379 94 4729
7010 1390 69550
7001 682 34105
6507 45 2294
5108 96 4840
6300 124 6223
7008 1078 53915
6664 181 9080
7013 238 11913
7008 833 41685
5497 16 827
7003 1193 59666
6756 153 7689
7001 210 10501
6359 7 383
7010 246 12343
7004 184 9225
6379 94 4729
6027 3 163
7003 1658 82901
7014 326 16327
7003 1339 66954
6632 56 2832
6812 3 169
7008 589 29494
6930 15 774
7004 184 9231
6960 79 3967
7003 643 32172
5108 92 4627
7001 480 24033
6091 103 5163
6560 17 884
6683 15 792
6025 99 4981
6490 38 1911
7001 1025 51278
7012 781 39057
7010 19 990
7008 145 7285
7003 1437 71886
7003 1413 70693
7014 1640 82043
7014 653 32656
6912 59 2977
7014 1331 66566
6035 7 382
5891 149 7452
6923 35 1788
6480 110 5524
6359 5 272
7010 1270 63544
6981 37 1888
7004 253 12673
6829 122 6102
7012 1126 56309
5557 21 1052
7001 823 41151
6751 25 1262
6908 190 9549
7010 668 33432
7013 193 9699
5891 155 7755
5169 35 1798
7003 363 18174
7012 708 35419
6687 191 9587
6620 150 7502
5108 96 4847
6794 17 899
6837 4 202
6908 191 9584
7001 185 9264
6981 38 1901
5019 115 5798
7004 654 32722
5630 42 2129
6420 43 2197
7012 1549 77459
7008 102 5147
7003 1437 71866
6366 74 3708
7008 583 29163
5497 12 637
7012 529 26464
7014 34 1706
6548 63 3152
7012 1290 64531
7012 1186 59333
6366 13 663
6908 54 2730
7010 1568 78403
6954 14 724
5155 89 4475
7012 1275 63773
7014 5 270
7010 8 420
7008 417 20889
6535 87 4376
7004 1624 81236
7008 195 9793
7010 1568 78417
5459 180 9020
7008 1321 66095
6170 38 1918
5497 11 571
7014 1214 60727
7010 48 2428
6503 58 2948
6951 20 1037
5487 50 2509
7008 1393 69677
5380 8 445
5068 34 1713
7010 27 1375
6211 64 3233
6106 48 2444
6908 186 9342
7008 146 7318
5547 72 3646
7003 875 43798
7003 1413 70665
7007 22 1146
7001 228 11437
7001 210 10538
6908 188 9422
6548 3 171
5581 35 1791
7004 1299 64991
7012 1061 53074
6030 8 446
6482 147 7356
5331 130 6501
6960 79 3967
7003 31 1558
7003 411 20589
7008 890 44529
7008 1244 62244
6426 22 1125
7014 1270 63545
5966 47 2378
6908 55 2755
7013 193 9698
7003 1387 69375
5459 9 487
7003 932 46626
6666 187 9381
6632 34 1714
6628 43 2173
5456 14 739
7001 26 1322
7004 1275 63777
7008 734 36719
7008 1027 51397
7003 262 13136
6912 195 9761
6663 173 8685
6826 46 2350
7012 1730 86543
5487 20 1050
7004 654 32704
7012 1485 74251
5996 23 1169
7010 1049 52492
7006 324 16220
5339 96 4846
7001 1025 51251
5564 192 9627
6628 44 2210
7012 1141 57088
7003 1734 86722
7008 1387 69388
7013 224 11220
5216 85 4256
6338 43 2157
7001 26 1314
6756 154 7737
7003 228 11417
7003 1387 69355
7003 188 9405
6765 212 10624
7008 833 41662
6930 15 776
6564 84 4216
6123 9 467
4971 187 9360
5557 92 4634
5969 46 2316
5459 177 8878
7001 344 17241
7008 1387 69381
6663 16 841
6650 20 1020
6027 4 226
7010 649 32452
6615 169 8484
5331 137 6874
6663 19 959
6480 107 5363
6321 64 3215
7001 379 18992
7004 184 9210
7014 653 32657
7008 1464 73244
7003 31 1568
7001 208 10408
7001 26 1317
7012 1730 86510
7004 1164 58209
7008 144 7238
7012 1659 82972
5541 41 2091
6663 20 1037
6934 77 3863
6078 1 51
7008 1244 62224
7012 529 26496
7010 1042 52103
6535 89 4484
6404 173 8691
7006 604 30201
6827 103 5191
7008 1470 73518
7014 1640 82036
6656 42 2126
7001 144 7205
7003 1111 55557
7001 185 9260
7003 188 9419
6689 33 1652
6882 210 10509
6912 59 2977
6954 3 176
6319 47 2352
5404 38 1902
6050 9 486
7013 185 9256
6663 45 2259
6945 219 10961
6882 154 7717
6756 41 2092
7001 344 17241
7014 515 25787
5511 46 2313
7014 1582 79141
7004 901 45073
6528 13 684
7010 48 2443
5515 96 4836
6837 152 7635
6338 44 2247
7008 1348 67437
7001 324 16212
6440 57 2900
6170 38 1923
7004 901 45081
6542 165 8293
7008 1321 66063
5586 139 6983
7010 8 441
7003 363 18199
6579 43 2194
6442 34 1732
6664 182 9101
7012 892 44650
6170 36 1819
7008 734 36706
7003 749 37454
6765 157 7898
7012 1290 64540
6908 50 2506
7001 228 11446
6812 3 181
7001 210 10547
7004 1278 63912
6908 188 9440
7008 1244 62225
5459 182 9124
7008 833 41672
5519 148 7450
7012 892 44601
6406 119 5970
6635 0 2
7012 892 44606
4957 142 7102
5996 22 1138
6952 101 5052
6620 151 7588
7010 579 28984
6231 109 5458
6401 17 898
7008 72 3614
6828 167 8383
7013 40 2027
5497 12 637
6765 212 10622
7014 1640 82011
6782 2 138
7010 579 28999
6751 26 1305
7010 1270 63503
5169 36 1834
7003 1413 70700
6650 17 896
6211 69 3457
7008 144 7224
7003 1375 68778
7003 413 20655
7013 154 7745
6951 23 1167
5586 148 7406
7001 208 10413
7012 1290 64503
6930 20 1007
7010 1270 63543
6315 25 1258
7003 413 20655
7012 708 35424
6401 14 716
6765 156 7829
7013 206 10312
7014 5 258
7004 1023 51197
7003 1642 82147
5977 194 9745
7003 456 22819
6036 56 2847
7008 675 33755
7011 308 15419
7004 1622 81102
7008 1078 53928
7012 19 999
5151 89 4467
5452 46 2345
5515 67 3372
6756 42 2145
5497 109 5479
7003 43 2157
7001 891 44569
6577 37 1899
6942 93 4654
6359 6 309
7003 270 13511
7012 1054 52744
7012 302 15105
6027 5 275
5519 147 7397
7004 901 45097
6483 0 12
7003 643 32154
7014 144 7213
7004 961 48088
7014 205 10272
7004 575 28764
5229 6 309
5380 1 78
7013 206 10348
6908 57 2877
4983 44 2238
7006 588 29413
6078 23 1160
6378 2 140
7003 1433 71695
7003 1437 71856
6794 22 1150
5401 36 1807
6211 67 3370
7010 579 28988
7008 1051 52579
6211 66 3301
7008 1110 55518
6205 95 4756
5433 156 7826
5966 0 5
6426 23 1167
7014 1184 59211
7012 1447 72362
7001 700 35040
7010 138 6940
6321 69 3466
6577 33 1666
5229 7 368
6286 141 7098
7008 1393 69661
7010 1068 53407
6812 3 192
5108 91 4578
7003 469 23482
6828 164 8219
7014 326 16325
7010 343 17176
7010 1042 52116
5519 146 7322
6973 43 2186
6656 40 2019
6918 66 3322
4998 132 6649
7012 1141 57055
7003 848 42442
6446 126 6347
7001 324 16207
6201 58 2946
5151 163 8195
7010 710 35543
6123 8 426
7006 308 15408
4983 6 317
7003 932 46623
6334 7 366
6123 10 536
7001 185 9263
6663 25 1272
7013 206 10326
6952 91 4571
7001 208 10433
6021 187 9399
6375 57 2855
7014 429 21493
7012 794 39711
5385 160 8039
7004 118 5937
7003 31 1552
7014 34 1719
7003 214 10734
6616 25 1271
7004 1622 81109
6426 27 1387
6683 15 764
6763 150 7514
7012 1466 73310
6615 168 8446
6656 41 2068
7003 1111 55583
7010 668 33444
7012 1006 50324
7014 1346 67318
7003 784 39202
6992 9 475
7012 1466 73341
7001 480 24004
6697 98 4932
6990 19 957
7003 1437 71881
7004 575 28776
6975 69 3485
7001 324 16221
7014 662 33148
7004 1208 60421
7004 1660 83017
5921 19 974
5519 147 7352
5547 74 3723
6751 27 1389
7003 1375 68799
7014 34 1713
6908 51 2576
5071 19 960
7004 729 36455
6837 151 7594
6130 13 667
5106 183 9186
7003 456 22811
7013 193 9671
7003 1050 52537
7010 727 36372
6030 13 698
7003 1437 71865
7014 990 49504
7008 589 29462
6615 172 8613
7004 575 28761
7010 1343 67165
6503 58 2948
6387 11 586
6319 48 2430
7008 144 7247
7008 144 7224
6482 150 7525
7014 763 38200
7003 119 5991
7008 777 38867
6230 97 4872
7010 1162 58106
6288 175 8755
7008 195 9767
6663 19 959
7008 466 23333
6123 8 426
7008 583 29179
7008 734 36723
6945 215 10799
6407 97 4883
5891 149 7452
7012 1275 63761
6908 52 2604
5169 121 6062
6918 35 1770
6956 197 9851
6650 22 1147
6401 13 669
7004 1435 71783
5433 153 7692
7008 417 20853
7012 19 981
6548 0 47
6837 157 7891
6954 10 547
7012 246 12323
6616 24 1232
4983 46 2320
7008 133 6653
7003 1050 52522
7011 302 15108
5783 86 4301
7010 579 28991
7010 668 33444
7011 308 15402
7008 466 23304
7013 193 9668
7008 103 5182
6548 2 104
6548 87 4389
7010 727 36368
6616 20 1027
6021 185 9293
7003 456 22819
4971 110 5502
6542 166 8303
7014 1411 70562
6756 43 2189
6572 57 2878
7014 34 1748
6751 25 1281
7014 429 21494
6908 191 9584
7001 324 16213
7013 40 2035
7003 119 5951
6201 55 2770
6896 17 859
7001 682 34148
7010 1545 77286
6853 100 5046
6666 15 783
6812 4 212
7012 1466 73325
6782 2 129
6406 115 5796
7014 867 43368
6230 58 2910
5605 55 2769
6918 33 1654
7014 53 2682
7003 469 23465
7001 144 7227
7003 924 46239
5000 41 2052
7014 216 10816
7003 31 1592
7001 418 20920
6763 158 7918
5966 50 2549
6763 166 8301
7003 228 11428
7003 1304 65238
6656 38 1937
7004 1268 63447
5380 0 5
5216 81 4074
6568 34 1743
6560 10 535
6623 61 3064
7004 118 5949
7012 1466 73310
6406 115 5791
6991 69 3473
7010 668 33401
7014 1121 56099
6812 1 56
5456 18 921
6319 44 2227
7006 471 23592
7008 885 44276
6666 186 9318
7003 1318 65919
6908 188 9426
6934 71 3573
6548 1 99
7010 246 12334
7014 1121 56060
5926 13 677
6030 13 693
7013 238 11913
7010 1549 77471
7014 1411 70560
6697 100 5025
7014 662 33147
5093 161 8053
7010 649 32466
6826 40 2041
7008 589 29485
6321 70 3511
7010 579 28994
6444 37 1867
5497 109 5459
6991 65 3298
7012 1065 53283
7003 411 20561
7012 1186 59301
7008 1244 62204
7012 1141 57053
7006 604 30249
7008 734 36729
7014 1062 53144
7010 48 2449
6542 165 8293
5497 103 5160
6663 21 1076
7008 924 46243
7012 302 15105
7008 885 44291
7010 1562 78104
7004 1622 81125
6467 123 6192
5921 17 855
6303 79 3967
7012 302 15113
5155 49 2474
7013 193 9674
7014 1184 59234
5459 2 107
6981 65 3270
6765 212 10644
7003 456 22836
7001 866 43342
7014 950 47503
7010 1270 63503
7004 654 32713
7003 852 42649
6579 47 2391
6777 1 77
7004 901 45066
7003 1513 75686
5042 47 2375
7012 794 39711
7012 1054 52740
7003 411 20558
6090 78 3936
4957 144 7230
6334 8 425
6036 53 2677
5926 13 661
7006 471 23562
6173 32 1612
7003 270 13513
5069 34 1740
5557 23 1194
7006 558 27943
7004 654 32724
6689 35 1787
6945 208 10429
7014 1505 75268
7004 1319 65957
7004 309 15491
5512 213 10686
5452 47 2370
7003 1513 75695
7006 471 23551
5380 2 127
7010 416 20841
7001 1134 56707
6406 116 5804
7008 145 7264
7001 324 16213
7008 102 5118
7003 411 20568
7012 302 15131
7004 1208 60441
7012 892 44641
5229 2 141
7010 441 22054
6663 46 2342
5557 24 1236
6579 48 2448
7008 144 7244
5195 29 1489
6934 18 904
7014 1346 67318
7001 464 23223
6930 20 1021
7014 763 38164
5996 25 1294
7010 416 20826
7008 885 44276
7001 480 24031
7008 133 6679
5404 30 1540
7012 1035 51798
6442 33 1680
7008 1027 51377
6687 191 9596
5497 101 5090
7004 1605 80267
7003 1387 69393
7003 1413 70682
6334 14 735
5401 31 1577
7003 228 11440
6201 57 2864
5441 8 414
6752 70 3514
6837 8 402
7007 22 1143
7010 138 6934
7003 1642 82135
6616 27 1361
7004 1164 58227
7013 193 9683
5401 36 1807
7006 486 24316
7008 146 7318
5586 142 7135
5331 135 6760
6366 12 604
7003 784 39231
7003 456 22816
7014 205 10294
6831 59 2986
6102 38 1949
5497 108 5439
7014 1214 60705
6334 12 618
6956 120 6036
7003 848 42429
7010 727 36361
6467 124 6206
7003 31 1559
7012 442 22101
7003 1734 86729
6577 35 1761
7014 763 38173
6908 56 2807
6286 138 6945
6912 195 9761
5042 49 2457
4983 18 933
7006 558 27917
7012 1186 59346
7004 1299 64963
7014 515 25772
7008 924 46215
7013 40 2023
5106 184 9240
7004 1605 80290
7008 889 44451
7010 441 22086
6620 127 6366
6908 190 9523
6960 77 3861
6480 110 5524
7004 1268 63442
5000 46 2328
6482 152 7608
5452 49 2459
6763 158 7918
7014 1270 63519
7003 31 1558
6480 101 5064
6934 76 3820
5065 24 1217
6956 190 9501
7014 326 16318
6827 104 5210
6882 155 7787
6420 45 2300
6564 81 4090
7013 201 10077
7014 867 43381
7003 232 11622
6912 60 3044
7003 828 41434
5380 9 491
7008 72 3606
5456 13 669
6650 20 1015
7008 734 36706
6765 210 10503
7003 119 5966
7004 514 25741
7010 1049 52494
7003 775 38797
6423 75 3782
7010 416 20807
6628 45 2259
7014 515 25787
6756 47 2371
6687 193 9698
7010 343 17180
6663 41 2096
7006 308 15415
7003 775 38785
7012 1635 81757
7012 1275 63781
6664 72 3619
5078 3 178
6206 129 6465
7010 1042 52103
6387 12 621
6375 57 2870
7006 486 24303
6568 36 1806
6756 42 2142
6482 148 7447
5339 44 2210
7004 309 15457
7012 1730 86529
7010 27 1359
6507 46 2344
6663 43 2192
7006 604 30208
7003 1375 68778
6975 56 2818
6590 25 1279
6568 36 1811
7003 411 20579
7014 1640 82009
7013 206 10326
7014 662 33112
7014 1184 59231
7014 1062 53138
6933 86 4341
5547 74 3715
7014 653 32669
7012 1006 50304
6548 91 4552
6387 16 830
5441 6 309
7004 1340 67012
6650 20 1039
7001 344 17204
6303 83 4159
6528 11 553
6568 34 1743
6882 129 6500
7013 187 9382
6956 120 6049
5547 72 3648
7004 1278 63932
6030 8 416
6765 214 10713
6528 11 553
7010 84 4235
6535 87 4376
6837 152 7619
7001 295 14769
7014 867 43369
6930 12 650
6572 174 8731
7014 205 10265
7008 144 7246
5586 87 4379
7012 1006 50313
7004 1138 56917
7004 1268 63421
6975 57 2889
6090 78 3950
6912 201 10052
6827 103 5182
7001 26 1336
7003 31 1561
6794 21 1071
7003 119 5961
7003 270 13543
7014 1331 66579
7001 866 43313
5511 48 2425
7008 280 14045
7004 1486 74336
5106 192 9604
7004 1340 67021
7003 1318 65908
7012 1141 57094
6812 4 212
7013 193 9688
7001 324 16224
7013 40 2011
6666 12 621
7008 890 44526
6548 84 4206
7003 119 5994
6945 219 10959
7010 1343 67159
5966 46 2335
7012 302 15117
6991 69 3458
7008 195 9787
5947 158 7901
6955 211 10595
7004 1435 71800
6379 34 1738
7003 411 20559
5108 97 4858
5229 7 360
6572 58 2945
6036 32 1634
7006 486 24315
6918 37 1886
7008 1464 73203
6616 22 1111
6482 153 7696
6564 83 4189
7004 514 25712
5108 96 4837
7004 1622 81137
6956 112 5612
6882 153 7674
6955 211 10598
7001 866 43314
6616 26 1335
6882 153 7671
6359 2 132
7004 901 45073
5497 101 5090
7014 950 47536
6100 14 736
7010 84 4242
7003 1642 82147
7001 295 14755
5385 160 8039
7010 89 4494
6407 96 4843
7014 34 1730
6080 89 4468
6036 53 2677
6420 45 2300
6633 32 1642
7014 429 21462
7003 1433 71668
7014 5 252
6945 219 10978
7006 486 24327
7014 990 49547
6765 158 7920
7010 710 35547
5013 27 1388
6319 29 1493
7006 588 29422
6687 192 9629
5459 170 8540
6664 193 9659
5441 7 375
7014 429 21481
6763 142 7141
6934 13 665
6956 115 5792
7004 1622 81150
6690 149 7491
7003 775 38758
7004 1208 60441
7001 566 28307
7003 828 41420
6749 44 2212
6480 101 5082
7012 1186 59315
7001 682 34140
6968 6 320
7010 649 32465
6951 24 1219
7008 72 3610
6981 39 1957
5401 31 1577
7014 216 10847
6623 61 3051
6756 42 2145
6959 123 6171
5891 141 7095
7001 480 24031
6908 50 2550
7003 1304 65224
6535 91 4563
6959 120 6039
7004 206 10314
7014 1640 82029
6831 55 2793
6991 65 3298
6765 156 7837
5195 61 3074
7013 224 11220
7010 138 6936
6664 123 6154
7008 786 39350
6751 27 1351
7010 246 12338
7014 1411 70584
7003 1111 55565
7003 1050 52510
6620 149 7473
6577 34 1705
6286 78 3910
7004 1023 51198
7014 763 38152
7008 1321 66063
7010 19 990
6664 182 9101
7010 1549 77496
6623 82 4144
7003 643 32156
7004 961 48065
6896 13 654
6366 80 4028
7014 515 25783
7008 889 44460
7003 784 39244
7004 654 32730
7010 1485 74269
6535 91 4558
6482 150 7525
7014 34 1716
7008 144 7233
6616 28 1419
7008 510 25517
7008 1348 67415
6955 212 10630
6407 92 4631
7001 542 27123
6918 36 1827
6632 57 2869
5966 50 2523
7006 558 27927
7001 228 11449
6359 0 1
7014 34 1706
6956 117 5879
6286 140 7029
7014 1121 56053
5519 148 7450
6916 123 6178
7014 53 2665
7011 308 15418
6284 63 3162
6697 100 5020
7010 48 2441
5511 48 2408
7010 1562 78131
7003 400 20002
7014 1214 60724
7013 193 9680
6960 73 3673
6217 142 7114
7012 324 16249
7001 264 13249
6956 115 5753
7014 867 43398
7012 708 35422
7014 1505 75258
6507 47 2388
5380 5 262
5339 41 2099
6090 72 3626
6952 101 5061
6923 14 711
7010 89 4484
7004 206 10347
6918 33 1684
6687 196 9804
7014 1505 75258
7001 264 13249
7003 784 39202
7001 210 10516
7012 892 44642
7010 1049 52465
5891 158 7936
7012 1061 53093
6991 64 3219
6663 18 911
5519 149 7494
7011 302 15123
7003 1050 52511
4998 132 6649
7013 154 7733
7003 363 18182
6973 43 2173
7010 1038 51908
6441 65 3284
5151 89 4491
7004 1278 63943
7004 184 9210
7010 1596 79810
7014 990 49547
7014 1062 53131
6650 18 943
6930 18 935
7006 486 24345
7010 1447 72351
7008 890 44526
6482 153 7696
6918 68 3435
7001 1025 51254
6366 19 973
7010 1447 72351
7014 515 25789
6303 126 6311
6338 26 1316
6560 18 913
6991 67 3356
6483 0 12
7001 866 43311
5516 24 1229
6564 81 4092
7014 308 15405
7001 295 14800
7008 103 5173
6831 51 2600
6829 122 6102
7012 1006 50343
7003 1449 72499
7001 1025 51269
7012 1447 72368
5498 8 406
5071 19 960
7004 184 9203
5042 40 2042
6765 212 10610
7014 990 49519
7012 1466 73327
7012 529 26489
7014 53 2699
6959 124 6222
5487 28 1444
6560 10 506
7004 1278 63943
5497 19 959
7012 246 12311
7001 566 28313
6579 43 2151
7011 302 15108
5511 49 2495
7013 201 10058
6441 62 3126
6030 13 693
7014 1505 75289
7012 1141 57080
7003 1449 72459
7010 1049 52496
7010 19 983
7008 746 37312
7003 1193 59666
7012 1141 57087
6954 6 311
6959 119 5990
5077 19 956
7003 188 9422
5511 45 2275
7001 344 17227
5370 52 2628
7012 442 22135
7014 515 25759
7014 867 43377
6912 58 2924
7014 1214 60733
6992 9 475
6467 98 4924
6081 13 691
7010 441 22089
7010 1447 72393
7010 280 14046
6401 19 968
7004 1299 64963
6334 8 442
5070 55 2779
6205 95 4789
7014 1121 56058
7012 324 16219
6945 213 10662
7003 1734 86737
6423 75 3776
7014 990 49516
6407 93 4660
7003 1413 70665
6542 170 8518
7014 1003 50181
7001 823 41192
7008 280 14022
7010 48 2412
7012 1730 86503
7012 1061 53052
7001 464 23212
6528 14 702
7001 464 23238
6981 40 2045
6334 12 619
7010 220 11048
6162 213 10672
6960 163 8192
7001 185 9262
7010 1042 52131
6319 49 2476
7001 418 20905
6211 207 10382
6871 187 9394
7004 1486 74342
7001 542 27110
7008 924 46203
7008 280 14018
7014 1331 66553
7010 138 6936
5404 37 1875
6765 210 10503
7003 214 10746
7001 977 48897
7001 566 28315
5136 61 3053
7012 1479 73977
7012 1659 82959
7010 1038 51929
7013 193 9680
6664 120 6037
7004 654 32704
6837 8 434
6663 21 1076
5190 3 178
6577 32 1631
5331 133 6681
7012 1425 71271
7014 1270 63506
5541 40 2024
6404 108 5431
5331 138 6925
7014 1214 60733
6535 89 4471
5169 37 1859
5605 57 2879
7014 1411 70563
5512 189 9462
6831 59 2978
6991 66 3350
6572 172 8608
7012 1485 74264
7014 1214 60705
6663 44 2241
7001 866 43342
7003 31 1576
6503 57 2865
7001 566 28301
6321 71 3576
5108 90 4519
5404 37 1875
7003 80 4048
7008 1010 50530
7013 201 10094
6882 195 9782
7008 633 31675
7004 1340 67021
7008 675 33795
6362 101 5096
6078 6 302
7004 1164 58250
7013 193 9696
7014 653 32694
5512 189 9491
7010 1485 74253
7014 867 43371
7008 1464 73202
7001 566 28315
7003 848 42443
6366 75 3779
7014 1184 59222
7013 108 5404
6828 162 8145
6975 66 3313
6751 23 1163
5459 178 8943
7008 734 36730
7010 280 14043
7014 10 514
6912 193 9668
6829 123 6158
7012 1061 53061
6480 127 6369
5404 30 1532
6404 174 8703
7001 480 24009
7003 643 32174
6614 157 7869
7004 1275 63770
7008 786 39330
7001 819 40954
7001 418 20934
5169 34 1746
7010 441 22057
7010 1568 78408
7013 193 9688
7001 228 11418
5093 164 8242
7008 1348 67433
6629 8 430
7012 1290 64532
7013 108 5417
7001 977 48900
6934 13 689
7004 1138 56937
6410 122 6121
7001 682 34118
7003 749 37479
6975 64 3213
7010 1343 67151
6955 208 10427
5370 57 2851
7003 1513 75683
7001 185 9254
6199 75 3768
7013 193 9696
6334 15 791
6401 14 707
6338 44 2220
7006 308 15422
7010 1038 51938
7012 1447 72392
7003 119 5991
6934 74 3711
7008 583 29173
6050 0 1
6441 62 3122
7003 1318 65915
7013 154 7704
7013 187 9384
7003 828 41406
7014 1003 50191
5331 137 6856
7014 1582 79108
6366 13 694
7004 654 32712
7003 1304 65240
7003 1433 71657
5458 157 7853
6853 106 5340
7014 867 43362
7001 566 28301
7003 411 20593
6666 12 603
7008 633 31684
7004 1278 63944
6960 73 3656
6763 150 7514
7003 411 20560
7001 682 34130
6560 10 503
7010 220 11036
7008 146 7308
6959 127 6384
7013 201 10058
7008 889 44500
5519 142 7117
7012 1479 73973
7003 960 48037
5511 43 2196
7014 326 16322
5190 2 108
7001 210 10501
6284 60 3042
7004 654 32707
7010 1447 72393
7004 206 10329
7012 892 44618
6831 59 2991
7010 8 401
5586 87 4352
6528 12 610
7003 1449 72472
6334 15 771
6442 28 1416
5783 86 4338
7010 138 6947
5000 41 2052
7012 708 35428
7004 1486 74322
6446 123 6200
6765 212 10610
7014 1411 70564
5459 175 8785
7014 1003 50188
6687 196 9847
6078 3 199
5630 39 1996
6949 81 4057
6828 165 8278
7014 308 15406
7003 643 32174
5013 2 108
7014 1270 63545
7004 1435 71767
6952 91 4593
6106 50 2506
7003 852 42646
5459 1 78
7003 214 10711
7003 228 11426
6882 195 9783
7010 579 28968
7006 558 27903
5401 33 1684
7013 238 11922
7003 1387 69379
5382 179 8989
6959 124 6248
6955 208 10427
7008 1321 66099
7013 185 9292
7012 1425 71271
6912 193 9700
5459 178 8943
6507 45 2294
5029 172 8650
7008 1348 67437
5380 0 47
7012 1485 74272
6379 37 1883
7012 892 44602
7008 144 7243
7003 228 11406
7008 890 44543
5185 74 3720
5106 184 9240
6955 204 10243
6334 111 5583
7008 1387 69361
6959 122 6150
7003 214 10711
6896 15 788
7001 324 16212
6490 38 1911
7012 442 22146
6664 180 9006
7010 1447 72360
7012 1479 73983
7001 977 48900
6319 47 2351
6173 32 1612
5564 192 9641
7003 924 46233
7010 84 4237
5536 12 618
7010 1068 53414
7012 1054 52712
6933 83 4197
6560 10 503
6281 32 1632
7010 649 32492
5506 51 2574
7012 794 39747
7001 185 9261
7001 379 18972
6827 101 5076
7006 558 27942
7007 22 1143
6827 101 5076
5106 183 9176
7012 1485 74261
7010 369 18476
7004 575 28781
7008 195 9776
6763 150 7545
6882 156 7833
7001 480 24018
7008 1393 69651
7014 308 15407
7014 326 16342
7010 89 4498
6973 38 1931
7012 1065 53268
6827 104 5231
7001 566 28328
7003 31 1591
7003 784 39228
7008 145 7276
6503 56 2806
7003 1044 52214
7003 932 46636
7014 34 1750
7004 1660 83002
6420 43 2197
7010 579 28984
7003 1111 55576
7001 26 1327
6828 169 8469
6375 30 1550
6765 212 10621
6697 100 5020
5380 8 445
6934 77 3882
7012 1659 82963
6933 81 4062
7008 994 49735
6375 30 1525
6930 18 946
5146 43 2164
7001 185 9300
7001 344 17249
6628 44 2237
7006 324 16211
6933 87 4374
6930 13 682
7012 1054 52723
4998 132 6616
5071 13 692
7004 1622 81126
6663 18 939
7004 1275 63770
6908 53 2675
5331 133 6681
7008 589 29460
6123 8 412
6614 110 5539
7010 1049 52498
6123 1 68
6991 68 3436
5966 48 2403
7001 891 44596
6908 52 2619
5339 45 2300
7001 26 1314
7008 1010 50545
6960 166 8320
7003 700 35021
6956 115 5796
7010 1596 79837
6945 212 10636
6664 123 6160
6577 37 1899
6882 153 7659
5519 144 7236
7008 1010 50545
6548 3 171
6828 169 8486
7013 238 11917
7001 295 14786
6908 51 2566
6908 191 9571
6315 26 1345
7008 1051 52565
7008 675 33770
6616 22 1126
6401 13 684
6831 53 2656
7003 228 11441
6616 22 1111
6908 184 9218
7014 1054 52741
7012 442 22114
7004 253 12672
7010 1162 58138
6286 138 6919
7001 823 41178
4995 8 413
7014 867 43375
5151 83 4186
7001 700 35036
6666 12 618
7010 1485 74296
6827 110 5516
5155 49 2463
6975 66 3313
6888 0 47
6930 19 989
6663 173 8679
7003 852 42619
7006 308 15402
5456 12 614
7003 1044 52201
7006 486 24350
6078 3 199
6387 19 992
7008 280 14014
7003 643 32172
7006 486 24306
7004 118 5913
7008 675 33754
5586 85 4287
7013 187 9390
5055 52 2609
7012 529 26462
5966 12 602
6749 44 2232
6663 24 1217
6827 108 5430
6666 185 9299
7001 144 7224
7010 1390 69539
7004 206 10348
7014 1062 53110
6934 79 3991
7012 1141 57051
7004 206 10348
7004 514 25717
7001 208 10420
5433 159 7952
6908 188 9442
6666 186 9318
6782 0 20
6794 22 1150
6401 21 1063
5511 46 2349
6107 26 1337
6577 37 1872
6918 65 3291
6653 126 6328
6106 49 2459
7004 1435 71797
7014 205 10270
7001 153 7686
5498 4 223
7010 84 4237
6954 6 332
7014 5 252
7008 1027 51396
7004 729 36483
7004 514 25713
7004 1278 63912
6334 111 5600
7012 1220 61012
7013 224 11231
6668 87 4364
7012 1065 53256
6888 90 4536
4983 46 2320
6650 19 953
7012 1466 73303
7014 867 43371
6975 69 3485
7014 1582 79113
5459 177 8878
6752 72 3650
7001 210 10526
6366 13 694
5966 8 434
6407 98 4901
6951 25 1285
5000 43 2171
7003 1658 82901
5557 20 1035
7013 224 11247
6881 136 6820
7001 264 13212
7012 529 26489
7010 1270 63519
7008 145 7299
5401 37 1861
6765 212 10621
6908 188 9427
7003 31 1569
7008 1029 51484
6871 187 9394
6401 13 684
5783 93 4693
6423 75 3797
6756 40 2031
6542 166 8328
7012 708 35404
6123 9 491
5401 38 1906
6882 195 9771
6359 5 288
7008 145 7259
7003 1044 52245
5013 29 1470
7001 682 34120
6930 15 770
6992 10 549
6036 34 1739
7004 1622 81126
6366 75 3773
7014 1728 86427
6978 99 4973
6945 213 10658
7008 890 44536
5146 43 2164
7014 308 15442
6663 169 8458
7008 280 14039
7001 682 34105
6960 167 8374
6211 66 3301
6406 119 5970
7003 1449 72486
7008 145 7282
7003 932 46620
5137 8 441
7010 1390 69527
5611 102 5120
7008 1387 69361
6170 31 1590
6201 64 3250
7008 280 14018
7012 1141 57087
6446 124 6250
7001 823 41193
7003 1318 65909
7001 480 24001
6756 153 7698
6319 47 2352
7011 308 15402
7014 867 43398
6945 219 10961
7012 1220 61027
7012 708 35448
5497 11 572
6981 40 2016
7008 1029 51459
5441 89 4470
6683 15 764
7008 1393 69651
5497 106 5327
5340 96 4813
7004 1268 63401
7004 1622 81114
6908 191 9571
7004 206 10314
7010 579 28995
7014 212 10639
7003 469 23500
7003 1433 71675
6106 49 2457
6362 76 3815
6663 175 8791
7012 1549 77456
6426 26 1329
6828 162 8145
5401 31 1597
7004 1138 56917
7003 828 41432
5586 141 7080
7003 1304 65239
5441 83 4167
7003 232 11632
7013 238 11914
6366 79 3995
7010 1038 51946
5512 210 10511
7003 643 32163
6908 191 9583
7008 102 5134
5541 45 2277
6025 98 4923
5996 22 1138
7010 84 4244
6690 147 7367
6378 2 107
6319 45 2300
6420 40 2016
5456 18 921
7010 1562 78133
7008 583 29158
6102 38 1905
5511 48 2408
7014 1582 79102
6812 3 181
5155 38 1947
7008 994 49743
7004 1624 81236
7004 1275 63771
7014 216 10846
7012 442 22145
7008 1348 67404
5339 91 4557
6812 1 94
7008 1029 51455
5511 40 2017
7008 510 25510
7013 193 9682
7014 53 2667
6334 14 735
5581 35 1791
5497 100 5004
6934 15 789
7012 442 22146
6765 210 10513
6407 96 4837
7003 232 11641
6560 14 718
5515 62 3108
7003 1513 75651
6564 82 4120
7014 10 548
7001 682 34120
7010 416 20801
7003 232 11630
6991 70 3541
7012 302 15106
7008 280 14041
6620 127 6387
6831 50 2515
7008 885 44292
6956 112 5632
6942 93 4658
6401 21 1099
7013 40 2041
5497 102 5129
7013 206 10323
7010 727 36357
6942 94 4729
6752 72 3616
7004 1622 81120
7003 1318 65912
5151 163 8195
6918 34 1712
7014 1346 67310
6616 23 1186
7001 153 7674
6663 18 911
6756 40 2043
7003 31 1585
6942 94 4729
7014 1582 79147
7004 1023 51172
6945 208 10429
6975 71 3594
6407 90 4539
7008 1078 53915
6535 93 4660
7012 892 44601
6091 100 5039
7008 1078 53942
6407 93 4660
7006 308 15436
7003 1111 55571
6888 90 4515
6664 72 3649
7008 786 39311
6090 80 4005
7003 852 42647
6991 68 3444
5497 102 5112
7008 1464 73246
7001 26 1347
6366 83 4173
7008 885 44290
7001 700 35037
6923 30 1546
6319 46 2314
7003 119 5961
6338 43 2157
7012 246 12326
6697 100 5025
6956 197 9872
7001 1025 51269
7003 214 10707
5036 20 1050
6027 3 163
7003 119 5978
6021 187 9381
7012 1466 73341
6882 153 7674
7014 212 10639
7001 891 44555
6379 31 1557
7008 1244 62235
6211 204 10206
7012 1730 86543
6288 175 8796
7008 889 44451
