17973 70 3519
14733 0 6
18009 35 1772
17658 22 1119
15442 176 8807
17177 37 1889
16947 176 8805
14749 300 15043
18619 120 6011
17985 138 6919
17313 70 3512
17972 129 6480
16809 232 11636
16893 11 586
14986 80 4004
17269 83 4161
18907 107 5382
17866 60 3016
16520 101 5068
17055 233 11656
14746 279 13972
17191 3 200
18001 11 564
14707 30 1526
16783 30 1531
18748 153 7685
17313 70 3532
15986 61 3091
17366 23 1168
14431 17 879
15511 202 10105
14438 171 8591
18514 80 4009
17366 23 1168
15458 7 373
18732 509 25473
16042 34 1710
17462 12 620
14231 25 1290
16845 302 15110
17447 62 3110
17336 4 232
18466 60 3047
17955 243 12154
15783 85 4270
14956 310 15536
17827 62 3148
14774 176 8835
17237 235 11783
15828 417 20871
14921 68 3404
18049 45 2262
18499 178 8949
14886 105 5289
17494 151 7556
17335 93 4685
18732 57 2890
18010 101 5062
15987 210 10526
14138 95 4762
18481 38 1948
15464 234 11731
18933 390 19512
14702 33 1663
17177 37 1891
16867 155 7786
14246 122 6118
14436 180 9016
14986 140 7045
15074 74 3706
17871 34 1743
14798 2 125
14970 236 11805
14782 108 5431
17089 53 2677
17137 29 1488
18031 88 4403
15391 44 2213
14223 55 2793
16051 206 10349
18779 301 15084
15403 174 8705
14410 290 14513
14542 284 14215
17177 37 1880
17177 68 3415
18514 555 27800
15783 85 4270
16526 48 2440
17313 111 5579
14736 213 10657
14143 48 2431
18644 124 6237
17324 53 2668
16063 51 2588
14774 176 8834
16979 57 2900
18756 125 6292
15430 31 1592
18492 238 11938
16555 69 3480
18049 45 2297
16434 46 2345
17493 245 12258
17237 515 25799
17561 219 10960
14795 55 2767
17137 91 4592
15279 114 5723
17851 342 17106
14642 8 414
15927 178 8901
15989 500 25017
14795 3 163
14772 236 11840
15154 118 5942
16446 173 8700
14231 19 986
14154 81 4063
14190 18 949
14623 88 4419
15828 501 25095
18697 380 19030
15391 198 9942
17459 105 5266
15457 76 3808
17671 218 10945
15053 188 9432
14886 55 2787
16889 256 12809
17267 31 1598
14146 56 2848
15965 290 14544
17343 26 1344
18752 564 28238
17535 49 2481
14446 17 859
18011 82 4101
14556 135 6786
16798 67 3388
14279 248 12439
18860 29 1493
18007 70 3529
17990 428 21415
16979 1 77
16867 206 10339
15053 23 1173
18765 333 16684
14409 176 8815
18034 65 3297
18481 120 6007
17361 298 14910
14740 57 2883
14410 274 13728
17603 17 864
17696 54 2725
17055 367 18352
18741 8 406
18525 101 5056
15099 36 1840
18765 333 16693
17829 62 3117
18685 565 28262
16835 38 1904
15919 44 2250
17028 163 8160
15413 50 2533
15486 372 18635
15149 64 3207
17116 0 3
17875 375 18793
18499 201 10066
17561 177 8873
14218 86 4341
14338 54 2723
14270 91 4563
17667 97 4860
15166 259 12987
14893 247 12378
17851 342 17106
16581 23 1172
14817 82 4103
18712 182 9142
18922 343 17184
16242 351 17574
14664 151 7596
18923 391 19553
15930 516 25831
18516 224 11213
18516 202 10117
18644 219 10951
17055 93 4693
14592 10 505
17361 56 2831
18929 228 11421
14736 213 10695
17662 32 1624
14162 74 3729
17028 163 8160
18779 453 22666
14524 36 1846
18947 313 15699
16485 30 1515
16481 116 5836
17874 20 1002
18527 302 15131
17140 126 6337
16186 160 8008
14277 125 6300
16783 45 2286
18712 306 15340
14363 55 2796
14664 190 9523
14610 168 8421
15115 139 6999
14677 60 3025
15987 177 8875
15266 33 1657
14607 220 11005
14642 117 5874
17603 17 856
18024 345 17275
18603 7 354
17267 31 1598
18933 57 2873
16847 58 2935
14403 47 2360
17535 28 1439
18756 129 6465
14329 25 1253
15909 214 10717
17481 29 1455
15973 116 5830
17312 206 10315
15273 178 8927
15236 65 3289
18040 73 3666
18577 264 13216
15923 180 9015
14764 38 1932
18630 50 2509
14227 74 3713
18040 86 4320
15965 347 17388
14190 72 3604
16101 71 3565
14290 178 8910
14749 300 15003
14697 47 2352
18011 33 1655
18028 305 15289
16172 80 4008
16301 210 10548
14970 68 3425
14643 179 8952
16227 161 8056
18874 199 9989
16341 18 902
18233 141 7056
18007 77 3853
18040 26 1346
17343 26 1344
17164 138 6936
17228 81 4077
14149 256 12814
14369 107 5352
15061 252 12603
17371 55 2779
18492 223 11161
18763 5 274
14335 211 10574
16733 17 862
18210 7 393
14643 217 10857
14642 117 5874
18910 79 3982
15591 179 8991
16205 248 12447
15430 41 2095
17875 421 21055
18922 383 19195
14543 25 1292
17371 465 23287
14774 187 9400
16301 272 13638
14450 228 11403
18732 89 4498
15794 17 878
17834 5 267
14336 88 4402
18630 52 2649
17978 133 6698
18018 15 779
14824 187 9374
18632 156 7808
18947 309 15473
15919 36 1814
17875 330 16515
14592 45 2273
15923 180 9015
18756 2 108
18874 194 9713
17312 115 5791
15251 82 4106
16344 20 1032
18922 418 20947
18499 201 10071
16485 30 1509
15469 194 9707
15776 5 256
15909 214 10743
16410 193 9693
16075 308 15410
17004 262 13107
18024 364 18219
17191 3 160
14446 22 1110
16051 206 10327
18527 302 15105
16432 13 676
18924 0 44
14556 135 6786
15166 43 2182
14768 176 8808
18779 32 1629
14921 59 2990
15801 183 9193
17990 405 20289
17191 31 1595
18010 81 4071
14749 61 3094
14338 54 2716
14902 213 10672
16867 271 13586
17260 11 582
18740 45 2260
15154 98 4947
18926 21 1085
17505 11 563
14545 89 4479
17972 33 1700
14436 160 8006
18048 408 20424
18732 316 15830
17973 13 658
17482 139 6989
16073 171 8573
18527 302 15147
14771 60 3010
17696 166 8310
15154 8 433
17361 56 2831
14764 105 5292
18605 38 1922
15167 81 4085
14642 3 163
14722 42 2130
15863 50 2539
17313 136 6848
17046 87 4380
14431 39 1981
15154 226 11337
14431 39 1981
17827 5 281
18024 345 17278
17636 35 1796
18466 118 5920
15236 65 3285
18732 344 17214
16344 54 2723
17753 4 246
17530 7 365
16301 272 13644
14986 111 5599
14319 24 1235
17053 40 2017
14216 17 872
17206 483 24199
15163 42 2136
16832 1 98
18752 363 18151
18665 11 598
17871 105 5290
17371 465 23287
18008 91 4565
15910 229 11500
18779 32 1642
18922 398 19940
17766 1 67
14277 35 1760
15794 17 878
17992 78 3947
14390 72 3630
15783 230 11503
17482 160 8012
14377 202 10132
17661 84 4233
15103 103 5156
18045 49 2459
18210 1 54
14379 28 1442
16893 11 582
16497 8 427
17237 22 1115
16921 125 6294
18034 65 3255
17479 8 416
14410 274 13741
14543 104 5227
14139 117 5872
18024 364 18221
14611 157 7862
16526 68 3416
18034 65 3297
17861 381 19083
17046 51 2577
17237 235 11798
15286 186 9316
16581 178 8945
16319 21 1067
14542 284 14244
14623 17 869
14772 240 12016
14363 220 11020
17990 254 12738
14893 200 10003
14446 25 1257
14575 23 1179
14190 72 3625
17123 21 1070
14623 249 12485
17592 151 7584
15464 234 11731
17874 19 995
17504 8 401
18481 120 6011
18760 259 12960
17326 18 923
17875 273 13660
18605 38 1930
15909 63 3158
16497 20 1023
14195 130 6509
16199 309 15473
17875 330 16515
18031 88 4403
16835 187 9369
14319 22 1136
14774 160 8036
16286 548 27438
17300 10 537
15859 289 14495
18732 47 2363
17338 10 519
17679 6 309
15591 183 9158
18732 50 2508
15894 87 4362
17866 60 3018
15103 89 4485
17875 375 18793
14149 0 25
17479 8 416
14715 41 2058
14450 1 81
17846 50 2539
17696 54 2713
18481 113 5656
17992 2 137
15328 177 8864
17522 159 7977
14425 145 7285
18794 20 1045
17636 35 1796
17484 274 13717
15413 54 2736
14564 1 100
17972 246 12337
14316 8 414
17484 274 13747
14159 109 5485
15149 97 4872
18685 484 24235
14764 101 5080
15234 43 2171
17851 342 17113
18756 129 6465
14721 164 8240
15776 5 288
16979 9 486
15966 443 22199
18765 74 3737
14148 73 3657
16809 232 11605
18923 346 17347
15965 347 17373
17829 182 9130
17580 15 792
18516 202 10117
18753 69 3488
16927 17 887
14774 112 5603
14664 244 12236
18764 32 1614
14546 151 7561
15403 174 8731
18008 82 4110
15909 81 4094
18922 26 1311
14546 27 1379
18246 39 1972
15425 122 6104
18644 124 6238
18011 39 1968
16172 64 3224
14819 10 517
17195 117 5873
14117 33 1658
14369 4 238
14968 127 6393
17636 33 1679
18024 589 29462
14643 110 5520
16172 522 26126
14768 87 4391
16042 11 562
14901 72 3631
15130 61 3079
16867 206 10336
17344 30 1530
14956 310 15523
17178 40 2049
18928 96 4802
14117 33 1658
14607 113 5689
18258 123 6185
14903 188 9450
14450 82 4101
17068 27 1384
17561 212 10630
16137 90 4527
18049 45 2262
17757 82 4130
14611 22 1140
15970 198 9915
16118 225 11300
17681 22 1132
18492 542 27135
14816 106 5309
18933 390 19512
14772 240 12016
16051 146 7347
16058 22 1124
14915 206 10325
15923 388 19438
17419 16 801
18007 39 1967
18244 24 1210
16026 139 6969
17757 46 2333
18039 169 8465
16205 239 11954
17633 74 3746
14190 18 923
14281 83 4164
17364 6 338
15080 34 1737
17324 48 2413
17667 61 3074
14338 122 6110
16431 196 9841
15179 103 5166
18481 113 5656
18039 169 8475
18010 101 5073
17361 155 7783
15640 71 3557
16378 24 1245
18763 11 597
17260 30 1520
17973 50 2523
17361 342 17138
14165 51 2594
14903 79 3984
16431 95 4777
14458 32 1633
15909 222 11131
15355 14 737
17339 127 6352
16172 396 19816
17419 47 2378
17095 97 4861
17504 11 581
18018 46 2324
14697 19 978
15862 296 14829
18233 141 7069
16117 34 1704
18732 359 17991
17972 164 8237
18756 128 6403
16172 472 23601
14286 11 563
14356 120 6035
18253 11 561
15328 177 8877
14356 120 6035
17267 81 4094
17874 19 995
14543 25 1292
17503 241 12094
14564 10 535
17339 127 6352
17371 83 4166
18756 12 602
16965 322 16138
18697 380 19008
15099 185 9259
14154 81 4088
18044 419 20992
17671 168 8440
14736 213 10657
17850 28 1417
17447 85 4281
17633 74 3746
14159 59 2979
15484 290 14537
17419 47 2374
17662 27 1355
17394 117 5881
17865 99 4990
17972 246 12337
15876 52 2618
17696 33 1670
18481 91 4557
18756 128 6415
17140 62 3135
14749 103 5165
16526 28 1408
16319 24 1206
16442 57 2865
16319 3 199
14390 84 4210
14746 147 7397
15987 266 13307
16095 79 3972
17312 115 5751
16836 80 4007
15318 147 7374
15640 41 2087
17322 35 1791
14782 73 3683
16809 235 11785
17973 22 1144
18644 124 6238
17875 375 18793
18754 34 1739
17493 245 12256
17776 5 252
18005 214 10716
14159 63 3193
15328 62 3142
17164 138 6908
14575 83 4169
15335 54 2747
16783 48 2431
15236 65 3257
16798 108 5449
17776 17 867
14157 193 9677
14277 38 1906
15296 231 11592
17208 116 5817
14736 188 9425
18249 7 383
15080 36 1832
14269 154 7725
14356 177 8865
18923 646 32332
16867 155 7751
18907 107 5382
15923 381 19093
15689 273 13685
18024 338 16913
14641 6 340
14642 117 5874
15290 29 1460
15987 177 8876
15154 123 6200
16493 81 4089
14427 264 13248
17383 23 1154
17206 181 9056
17361 257 12856
14891 224 11229
16497 45 2268
17339 127 6352
18492 238 11938
15862 296 14807
18630 50 2511
18603 184 9219
18741 15 774
14216 83 4169
17338 86 4309
15776 2 129
15794 59 2995
15940 214 10702
18024 345 17278
15273 44 2228
17312 206 10315
14543 25 1292
17447 32 1648
15894 87 4384
15273 44 2228
18907 107 5365
17089 83 4194
15894 87 4384
17753 148 7401
15927 62 3106
18923 623 31169
18712 64 3238
15254 60 3027
17394 2 106
16835 187 9359
15383 77 3852
14427 264 13248
15640 48 2402
15167 141 7075
15318 90 4540
17361 155 7783
17636 35 1796
15234 6 338
16047 34 1705
15909 63 3158
14970 86 4304
18754 34 1715
14151 66 3304
14269 41 2085
14363 14 732
14642 70 3515
15113 43 2161
16845 449 22485
16442 18 917
16867 271 13553
15252 47 2389
14446 17 885
18244 34 1744
17875 346 17345
17366 51 2577
18922 599 29984
16058 22 1143
18603 189 9486
15279 30 1548
14549 210 10529
14764 53 2652
18044 55 2757
16058 29 1470
18007 77 3891
14356 222 11123
14886 55 2751
14277 3 199
15103 218 10917
16526 43 2178
15876 72 3604
16809 232 11605
18701 226 11307
17322 5 293
14202 85 4298
14632 57 2852
16889 81 4082
14149 30 1550
17415 77 3856
18024 338 16914
14976 54 2734
18632 156 7837
16825 29 1473
14623 17 869
18779 551 27562
14722 161 8062
14161 86 4328
18779 454 22716
18644 219 11000
15464 203 10194
14956 236 11834
17493 30 1544
18732 359 17958
17116 67 3373
18044 55 2796
14390 72 3630
17972 246 12303
18272 14 734
15484 97 4867
18018 15 779
15965 360 18012
15251 55 2759
15677 246 12338
14410 290 14517
16927 37 1853
18752 199 9983
15965 429 21458
14764 105 5292
18238 218 10907
17662 27 1389
17053 110 5517
16835 304 15237
18651 75 3759
18048 408 20446
15965 347 17388
15273 178 8927
15296 231 11592
14975 133 6668
16205 239 11954
15640 71 3585
14975 93 4682
14436 201 10082
17662 48 2402
15927 57 2874
16144 3 190
16798 108 5444
17636 35 1796
14202 121 6078
17419 47 2400
16836 51 2571
17766 33 1698
16526 68 3412
17757 82 4130
16497 8 427
14436 160 8050
14664 190 9501
17851 28 1417
14816 82 4107
18732 104 5240
16355 77 3878
15179 55 2754
15987 370 18517
18463 273 13691
17336 44 2220
14369 45 2262
16481 116 5836
16458 37 1881
15917 420 21042
17973 3 155
18756 22 1122
18249 22 1143
17333 55 2767
17055 127 6396
14702 33 1662
17366 51 2577
17269 170 8513
18005 214 10749
18220 103 5164
15254 60 3027
17517 316 15823
18527 360 18031
16101 56 2816
17671 168 8437
17840 156 7807
16410 193 9678
14269 65 3257
17636 35 1796
14157 78 3928
18764 48 2405
18665 209 10465
15154 8 433
14202 85 4298
18947 40 2034
15966 305 15265
16341 269 13491
16893 53 2660
18665 11 598
18603 184 9225
16835 27 1370
17326 18 923
17875 375 18793
15446 21 1065
14564 104 5204
14138 41 2060
16058 190 9544
18659 134 6741
17973 13 685
17517 316 15827
18929 118 5903
15328 62 3121
18954 75 3790
17696 176 8837
14736 188 9449
14940 155 7756
15713 2 108
14190 18 949
17985 342 17122
18701 47 2361
18497 76 3812
14458 46 2323
16341 269 13491
18779 32 1629
16927 21 1085
17099 99 4979
15228 70 3523
18249 7 366
18933 370 18524
18922 343 17174
17766 33 1659
14749 301 15070
16676 307 15390
16319 3 199
18492 542 27127
16031 12 636
14403 47 2385
14269 140 7048
17336 16 832
15163 71 3578
14328 20 1001
14721 33 1659
17034 59 2951
18928 96 4849
16520 71 3567
17503 241 12094
15484 77 3858
14269 39 1998
18024 364 18221
14805 52 2614
16432 13 676
16026 15 756
16041 192 9621
17004 126 6327
14458 46 2323
16344 37 1892
14333 33 1677
16798 67 3388
17481 36 1810
16867 155 7799
15080 34 1737
14970 68 3428
15447 160 8004
17116 0 35
18732 104 5221
18018 46 2325
18010 101 5082
17696 54 2724
14157 30 1511
15862 296 14807
15828 145 7277
17875 375 18793
18955 136 6805
17177 68 3415
17116 0 19
17361 185 9266
14782 139 6976
15251 108 5426
18048 378 18905
17033 49 2500
17335 25 1299
15989 424 21232
18929 31 1557
15383 289 14479
17834 52 2642
15383 250 12534
18024 364 18215
17383 461 23092
18955 228 11450
15014 37 1889
18481 113 5673
14335 225 11277
17972 164 8250
14338 186 9312
14886 75 3786
18034 101 5073
18044 55 2757
17484 274 13711
17462 19 959
14286 11 563
18662 7 356
14369 141 7099
14143 61 3061
16219 223 11163
14191 27 1360
14157 66 3304
17489 196 9807
17462 3 186
17459 105 5266
18779 525 26264
15696 76 3843
14921 59 2990
16073 209 10459
18779 441 22065
17177 68 3415
14986 111 5593
15053 48 2447
16167 56 2835
16199 234 11727
18499 334 16712
18712 182 9138
18632 156 7808
18753 34 1716
18474 217 10856
14458 4 205
14546 112 5615
15917 353 17666
17671 218 10912
14277 0 12
17958 25 1265
15382 185 9252
15846 116 5833
14355 2 117
17834 52 2642
15851 15 793
17361 185 9277
17671 218 10912
15923 471 23555
17753 175 8763
14427 143 7166
18603 204 10224
16878 158 7921
16893 11 582
16689 6 312
15989 512 25625
17168 70 3537
16947 94 4717
15252 47 2381
14664 240 12002
18577 270 13547
14263 285 14290
14390 84 4210
17206 216 10830
17089 1 87
14805 13 682
18953 328 16446
17590 15 763
14246 72 3616
16878 158 7941
15103 129 6461
18034 141 7075
18712 182 9124
17590 1 67
17696 8 425
17766 33 1695
17312 115 5794
18760 259 12960
15867 140 7013
16379 4 241
14771 60 3010
14277 125 6300
16172 396 19816
15828 145 7277
14575 55 2790
18024 338 16914
14798 30 1550
17327 39 1970
18481 113 5670
17177 78 3927
18040 73 3661
14165 51 2594
15987 370 18535
16051 206 10345
15403 95 4784
15053 48 2447
18034 65 3299
16144 77 3898
15446 22 1109
17992 78 3947
14721 2 150
17415 189 9493
18031 83 4175
17206 175 8766
18651 84 4204
14446 17 876
16341 269 13491
17990 254 12738
15940 118 5917
17505 11 563
17985 180 9010
18761 81 4064
14450 278 13931
16205 362 18103
15113 0 31
18665 25 1282
15297 198 9926
18499 334 16712
14329 199 9957
17326 58 2909
14202 47 2379
14772 48 2422
14270 8 409
14545 148 7429
17504 25 1258
15430 46 2301
15115 99 4971
15591 179 8978
15154 8 403
14575 4 209
17861 351 17595
14970 86 4325
15446 21 1066
16262 10 523
17985 138 6904
16117 58 2940
16172 396 19841
15909 214 10743
17840 337 16851
18644 219 11000
16506 80 4031
18874 194 9713
17326 12 605
17366 51 2551
15413 54 2739
14269 154 7713
17590 4 212
17206 326 16331
14436 201 10083
18631 369 18463
16581 178 8944
17137 91 4592
16893 49 2487
16497 45 2268
14673 40 2005
16073 209 10454
18007 70 3535
16298 17 881
16836 51 2590
14642 3 163
14733 20 1046
15859 289 14495
14143 41 2074
15828 506 25320
17336 1 91
14764 38 1917
16431 95 4777
17339 8 437
18035 78 3925
17457 68 3403
17178 53 2679
14151 66 3348
15130 61 3073
14901 72 3631
17423 9 455
17191 28 1425
14575 83 4190
17866 20 1025
15828 87 4375
14403 63 3173
17985 180 9036
17177 62 3121
18644 159 7982
14367 88 4444
16526 7 385
15894 109 5488
18922 26 1311
16434 46 2330
14746 108 5417
14319 13 699
17322 5 293
18874 240 12008
18481 38 1924
17361 56 2831
14154 108 5440
18631 316 15839
14575 83 4169
15061 244 12203
16432 19 978
16319 21 1059
14795 3 190
14410 178 8911
15941 66 3336
17028 212 10647
16041 54 2733
16761 368 18429
15987 345 17299
14527 76 3839
17313 199 9984
17875 421 21055
14632 79 3956
17237 233 11682
17300 11 567
16921 124 6244
17447 120 6022
17823 99 4989
17874 52 2612
16199 118 5925
16167 259 12985
14746 279 13954
18605 38 1909
17851 259 12963
17766 1 64
14300 181 9054
14306 61 3052
15930 455 22786
17053 42 2147
17144 165 8298
18779 542 27146
16319 21 1062
17696 166 8301
18048 365 18258
14902 270 13530
14329 25 1253
15167 152 7636
15923 310 15527
14729 21 1071
16520 101 5088
18040 5 297
14269 65 3257
15154 123 6200
17671 218 10933
15511 202 10105
18249 11 584
17978 278 13943
16733 17 868
17662 4 250
17046 74 3745
18732 254 12740
16697 122 6110
14436 80 4043
18928 96 4810
17990 284 14225
17973 50 2523
17590 1 67
14149 0 25
17493 245 12256
16058 97 4854
17505 11 560
15876 51 2552
18922 604 30242
18481 38 1940
18489 195 9773
15970 198 9932
16835 304 15205
18011 35 1788
18666 26 1304
17260 31 1595
16867 260 13036
14355 11 593
17326 59 2951
18039 46 2330
18018 46 2321
17028 95 4785
18039 169 8465
14369 40 2043
16836 51 2590
18024 361 18094
18666 30 1544
15867 73 3679
18527 576 28847
15446 13 677
15987 177 8876
16867 155 7786
15989 156 7815
16031 2 123
15919 46 2304
16432 19 978
16733 5 254
16119 199 9985
18907 102 5146
18662 7 373
14623 288 14404
15640 48 2449
15801 183 9193
16835 27 1393
15053 188 9447
14450 229 11473
15115 153 7694
17046 87 4370
18685 490 24503
14281 88 4432
16047 24 1249
17972 164 8239
15774 93 4698
16889 245 12294
17178 36 1809
16520 101 5065
14546 151 7561
15403 174 8705
17462 19 959
15383 30 1524
18922 418 20932
14403 59 2998
14782 73 3654
15254 50 2516
18922 38 1924
14148 127 6374
17415 49 2475
18865 5 273
17116 67 3373
14154 81 4088
14338 163 8171
18514 63 3173
16172 31 1588
15403 81 4064
14316 8 414
17462 12 613
16836 18 906
16835 38 1930
14190 72 3604
15965 429 21492
14664 190 9541
15591 28 1410
14369 45 2262
18527 302 15127
15154 117 5854
18756 19 996
15783 85 4268
15464 234 11720
16826 169 8475
15328 15 777
15591 28 1406
16432 13 676
18907 107 5382
14336 88 4402
18955 231 11582
16117 58 2912
14795 60 3029
14546 136 6847
18246 20 1010
17840 156 7815
18246 20 1023
14975 83 4192
15469 318 15932
15696 27 1374
16481 116 5836
14721 164 8221
14901 108 5423
14636 102 5131
15113 47 2370
17504 25 1258
14146 56 2848
14329 25 1253
14543 199 9975
18035 94 4708
14446 22 1110
14450 278 13931
15484 280 14032
14772 236 11816
15383 69 3485
18732 47 2385
15923 155 7791
17344 30 1521
18615 566 28310
17095 97 4868
17524 76 3804
14149 127 6373
14117 33 1658
14231 10 524
15919 12 625
18049 21 1096
18007 77 3879
16526 30 1541
18860 90 4544
18748 153 7659
17462 12 604
18756 111 5556
14721 67 3390
18481 113 5670
14774 112 5603
17178 40 2003
15917 102 5132
15290 29 1460
14190 2 128
15640 64 3224
17415 77 3881
15266 9 464
18044 419 20962
15014 164 8217
15987 210 10526
15800 279 13985
17116 67 3379
16798 108 5449
17603 20 1009
18763 0 33
15149 24 1204
17494 48 2448
17866 60 3022
18044 55 2796
14722 54 2743
14592 10 515
15286 201 10090
16835 304 15225
14329 90 4521
16921 18 932
14281 88 4401
16832 1 80
16242 265 13280
17522 150 7530
14263 103 5179
15965 125 6264
14436 80 4043
