14040 28 1439
18741 27 1397
15794 119 5971
14959 16 838
14901 7 396
15801 140 7032
15527 3 194
17195 209 10459
16013 212 10623
18922 15 782
17530 69 3469
13792 118 5915
16826 362 18149
15111 71 3597
18665 329 16456
16158 6 323
17528 24 1227
15234 101 5075
18863 35 1789
14874 17 851
13763 93 4674
16172 85 4294
15442 35 1766
14673 16 841
17089 121 6057
16119 463 23166
16821 243 12193
14610 273 13673
16741 40 2005
17077 8 438
17631 7 376
14451 15 799
16172 462 23122
16679 64 3240
17208 69 3468
17137 3 151
15588 354 17744
16271 48 2431
17307 4 209
14220 43 2185
18678 317 15895
14043 20 1030
18225 492 24613
15676 184 9236
15486 8 421
16424 135 6782
17323 27 1378
15959 50 2521
16433 25 1254
16172 103 5195
18574 340 17024
16906 46 2328
18733 41 2052
17661 50 2530
13861 141 7088
14814 114 5702
17847 57 2873
14598 43 2191
14764 63 3160
17596 46 2310
14026 39 1966
17323 27 1378
15846 112 5635
13864 143 7152
17684 75 3780
13864 89 4460
17545 10 501
13799 42 2111
18010 232 11603
14914 101 5090
17435 16 805
14874 239 11965
16023 336 16823
16221 28 1418
14375 133 6683
16726 16 821
18495 102 5141
16726 187 9375
17125 35 1757
15970 93 4665
17851 58 2919
16021 478 23943
18954 115 5797
18026 166 8335
13702 58 2937
15792 222 11129
14913 62 3106
17975 52 2634
14784 9 488
15154 74 3719
14464 84 4219
14436 300 15049
14293 70 3516
18645 68 3437
17108 25 1288
15252 14 731
14030 58 2921
14686 79 3998
15634 126 6312
14874 160 8016
18005 112 5637
15345 148 7427
14789 41 2081
17354 40 2032
14183 25 1299
14736 256 12802
14140 33 1691
16949 437 21870
18938 4 205
15315 6 336
14607 47 2365
17726 74 3726
16852 94 4729
15697 29 1471
16544 117 5856
14541 167 8386
16948 103 5200
18928 35 1760
16529 33 1660
18882 106 5340
16965 123 6184
17724 34 1747
13721 60 3028
15592 59 2997
13779 8 439
13895 42 2124
14631 257 12883
14789 116 5819
18760 149 7496
16107 33 1695
18244 163 8164
15836 35 1794
15701 255 12789
17131 192 9602
18701 270 13544
17998 125 6271
17684 154 7731
18021 637 31896
15466 256 12808
16101 69 3484
17620 69 3474
14888 217 10876
15851 19 968
17206 388 19450
18741 27 1400
14611 182 9120
14766 22 1148
17030 44 2213
16228 158 7941
16935 364 18243
17414 40 2032
15965 497 24868
13950 180 9029
16731 491 24579
18617 22 1110
15116 117 5899
15851 92 4626
17206 486 24319
15762 330 16544
13865 76 3804
16529 73 3678
16894 135 6782
15479 282 14147
14726 94 4719
14582 60 3030
13809 135 6759
16852 197 9870
17521 20 1027
16052 7 358
18741 27 1397
18044 230 11543
17314 66 3335
15161 60 3017
18863 86 4315
15766 37 1871
17309 17 878
17684 75 3780
16199 27 1370
18024 291 14557
16504 94 4744
17987 38 1904
14124 108 5424
16894 224 11211
15636 13 684
14592 57 2880
17422 5 269
18244 353 17657
17653 30 1530
18733 41 2056
18701 8 425
14690 17 883
16891 10 549
14543 132 6635
14350 2 103
16821 195 9751
18052 49 2465
13745 197 9864
17195 32 1616
18760 149 7470
15762 80 4004
14750 22 1135
16221 4 231
15457 212 10636
17684 150 7516
15923 367 18372
13773 250 12543
14545 6 318
16158 53 2674
16226 66 3303
18024 291 14574
18463 177 8875
17662 129 6495
17029 179 8999
17630 1 66
17985 225 11272
15386 23 1156
13940 16 803
14580 5 277
16952 0 35
16422 20 1029
18793 31 1600
16446 192 9604
14914 33 1678
17592 93 4698
17482 112 5613
16158 345 17294
18954 328 16431
17791 2 112
17975 52 2622
17851 173 8651
16172 301 15094
15416 85 4270
14122 45 2296
18717 43 2171
18245 199 9975
15350 197 9881
14058 65 3273
16216 105 5251
14582 1 65
15412 132 6629
17869 44 2244
15792 222 11149
14611 182 9120
15114 28 1425
18032 270 13504
18228 125 6292
15106 208 10433
16507 31 1557
15106 240 12006
17853 186 9316
17243 13 651
18265 160 8005
18286 191 9561
15382 239 11974
14708 24 1212
13725 194 9719
18733 43 2170
15780 136 6812
15783 252 12623
18959 39 1985
18032 242 12136
15469 271 13563
16540 19 960
17144 22 1133
14959 269 13468
16853 63 3171
15501 96 4814
18733 47 2386
18933 332 16630
16852 148 7418
17057 80 4042
14342 288 14421
18054 436 21821
16540 15 760
17630 122 6148
17387 10 514
18692 78 3938
14981 9 471
13767 91 4583
16852 316 15830
18741 21 1073
18235 247 12367
17365 29 1487
15873 256 12818
18685 501 25096
18469 185 9290
18244 307 15367
17196 55 2782
14021 4 219
15382 229 11464
14743 44 2244
18495 82 4148
14171 17 900
13911 147 7399
14729 31 1560
15593 97 4863
16028 421 21100
17598 18 917
17865 22 1101
16158 343 17184
15969 105 5288
18713 4 215
17091 27 1395
14597 100 5011
17373 136 6818
14784 57 2860
16205 314 15722
17724 53 2661
17314 66 3315
16315 59 2969
15382 239 11974
17503 247 12383
16150 92 4618
15111 289 14466
15989 307 15361
14007 126 6340
18615 438 21945
17493 214 10704
14428 188 9432
14038 107 5396
14939 60 3013
17727 38 1942
18692 299 14974
17078 101 5099
16060 173 8676
14043 66 3340
14619 151 7597
17108 25 1259
18488 314 15706
14829 4 208
16529 36 1841
14784 57 2860
17853 2 119
14531 35 1783
14935 130 6516
13921 61 3078
17338 56 2824
17724 27 1379
14901 7 396
14059 84 4213
15417 2 138
18032 261 13065
17169 67 3357
17055 18 936
14877 173 8685
14067 57 2889
18795 82 4101
17057 76 3821
18286 169 8489
17034 64 3203
15099 15 783
17029 99 4970
16172 224 11235
18527 716 35850
15149 22 1132
14259 9 474
14431 47 2366
15894 185 9260
13861 28 1412
15593 139 6951
17666 50 2523
17349 6 347
13729 87 4361
18697 238 11904
18927 20 1018
18685 238 11921
18764 42 2137
18233 245 12295
17990 64 3245
14583 28 1415
15774 313 15651
16411 208 10432
17383 412 20602
17663 21 1095
18923 565 28282
17755 14 737
18760 121 6058
15350 197 9881
14436 88 4427
14597 144 7235
16172 419 20974
18687 351 17556
17503 233 11673
17029 158 7913
18794 52 2643
16075 283 14195
15677 229 11489
13913 288 14435
15257 3 191
18492 323 16177
14129 44 2212
17407 141 7092
17251 43 2157
18719 179 8966
16089 372 18610
16121 31 1574
14291 25 1268
17724 34 1733
15931 42 2138
17344 118 5927
14550 188 9426
17726 131 6564
17048 85 4271
14801 30 1513
17169 383 19157
16867 37 1889
15762 233 11670
16584 94 4709
13957 2 132
13770 10 529
16524 112 5615
17208 159 7991
18244 98 4934
17724 14 734
17169 23 1188
17217 68 3433
17044 10 523
18714 179 8996
16847 0 34
17306 68 3432
15828 302 15114
13982 109 5499
14736 271 13569
16118 120 6040
17651 6 308
18516 372 18637
18021 370 18538
17478 125 6285
17398 246 12330
15140 182 9116
17344 118 5913
13773 224 11238
16013 20 1011
17371 269 13495
13950 180 9029
15099 151 7583
16875 22 1102
14026 90 4540
18218 62 3144
15880 26 1325
18793 56 2839
15766 15 797
15473 57 2881
17631 20 1022
14542 289 14455
18495 102 5141
14123 114 5705
13982 34 1704
17524 126 6312
15395 29 1492
15872 38 1940
17522 59 2962
17960 207 10385
14458 69 3464
13896 31 1585
15274 35 1789
15592 96 4815
18226 215 10793
17387 40 2002
15859 109 5467
14366 31 1561
18469 44 2226
15017 5 257
15989 307 15361
17840 369 18480
18021 77 3852
14335 160 8008
17849 168 8425
16172 121 6095
17217 70 3549
18218 300 15001
17960 207 10385
15386 23 1184
18765 320 16019
16221 23 1183
17840 369 18480
14549 141 7053
18733 43 2161
14555 273 13691
18678 317 15895
17726 126 6350
15867 64 3235
14186 15 779
17840 242 12110
17030 93 4674
14955 90 4535
17132 225 11291
15656 48 2406
14067 100 5034
17500 67 3385
18938 17 895
17563 79 3964
17449 46 2333
17169 322 16141
17858 168 8431
14127 248 12445
17090 64 3246
18615 438 21945
14458 25 1295
14891 179 8984
16172 413 20671
18935 31 1583
17755 14 737
15682 28 1438
17726 25 1284
17996 103 5172
17727 38 1942
15592 175 8767
18713 7 371
15103 12 620
14067 48 2416
18923 474 23725
17683 89 4483
18021 370 18520
13913 66 3342
15955 39 1987
13721 60 3006
17648 12 630
14186 75 3764
15397 226 11350
14306 198 9916
15894 67 3386
17655 57 2885
18034 86 4311
18021 283 14156
17830 25 1296
18931 90 4510
17724 50 2537
15442 51 2567
14985 64 3211
17596 47 2379
17053 26 1347
16506 5 257
16965 69 3464
15961 188 9429
18764 42 2110
15946 534 26704
14686 61 3061
16935 188 9430
16172 471 23589
15395 89 4461
17089 49 2462
16106 53 2682
15417 24 1244
15398 372 18628
17698 6 336
15411 119 6000
14749 128 6447
14873 41 2059
17524 127 6383
17137 146 7333
17166 0 29
18235 182 9108
14413 0 35
17631 7 355
14899 285 14280
18469 139 6981
18603 170 8521
16340 416 20839
18010 225 11255
16188 32 1615
17475 164 8240
16847 4 203
18922 258 12930
15900 127 6399
16529 33 1660
15762 147 7376
14766 7 358
16778 73 3674
18603 170 8521
15128 229 11487
14306 145 7296
16852 197 9872
18910 132 6624
18927 53 2668
18031 291 14558
14530 8 446
14924 135 6790
17973 36 1807
14568 25 1287
17560 41 2081
18673 50 2520
16023 336 16823
18954 250 12519
17186 32 1631
15291 125 6267
16743 21 1061
16891 131 6594
17408 20 1019
18244 143 7167
16986 38 1926
15386 38 1942
18021 373 18675
17701 55 2800
17972 39 1959
17840 284 14208
18753 124 6224
15640 144 7207
15274 35 1762
16411 87 4384
17871 250 12539
17560 100 5005
17243 100 5006
15466 256 12837
16504 149 7457
13895 41 2068
18753 57 2852
16433 85 4299
17955 158 7913
18021 655 32791
15125 67 3362
17754 75 3777
17955 68 3419
16752 17 884
18514 105 5255
17686 274 13750
16228 203 10167
14112 59 2995
18733 41 2070
18771 51 2573
17684 75 3780
13913 91 4562
13799 30 1520
13762 27 1386
17560 49 2462
14067 58 2904
15901 183 9154
18497 206 10337
16150 92 4618
13715 92 4607
14438 74 3716
17955 206 10319
15783 167 8382
14956 60 3001
17521 50 2510
18760 150 7504
18631 62 3102
15592 120 6040
17726 15 774
18924 4 247
15423 41 2096
16424 305 15286
14319 18 934
18929 173 8690
16504 149 7457
18685 501 25066
16540 15 789
16286 473 23688
18261 4 245
15961 391 19556
17743 44 2224
13709 18 912
18773 30 1506
15103 12 620
15420 7 359
14631 27 1362
17851 173 8685
17978 119 5961
17196 55 2782
14030 58 2948
17998 3 185
17125 21 1090
14165 122 6135
16802 234 11706
13950 21 1083
16051 85 4258
15846 167 8366
14549 83 4200
14641 193 9679
17987 138 6944
17846 131 6560
18024 291 14557
15785 74 3712
16994 37 1869
14558 55 2763
15923 497 24871
17978 193 9696
15222 94 4714
14592 69 3484
18678 302 15150
14044 32 1646
14377 130 6547
16946 130 6508
17302 51 2565
15436 0 40
15961 370 18533
14690 26 1326
18024 366 18322
17978 126 6319
18031 291 14584
18872 1 92
16169 333 16688
17206 388 19415
16978 298 14902
15828 292 14624
13950 21 1094
14535 156 7819
17648 0 35
17206 337 16875
16947 129 6469
14009 63 3197
17853 186 9345
18515 57 2895
15762 91 4551
14229 7 379
17614 117 5872
14592 69 3484
13714 50 2528
15125 134 6725
15774 490 24537
17973 46 2336
15330 96 4825
14185 8 422
16023 454 22703
17482 77 3894
18922 574 28707
13719 50 2505
15086 30 1505
13736 177 8856
14582 1 86
16021 478 23943
14122 92 4638
14030 89 4487
14959 277 13874
17323 23 1199
16089 372 18641
13929 10 508
17144 21 1085
14080 205 10262
17034 221 11096
16358 49 2497
17648 13 693
13792 42 2104
13803 16 838
18018 43 2152
17090 64 3246
15901 183 9190
16849 118 5932
16446 282 14121
14873 41 2059
16962 290 14507
14423 19 967
16867 276 13827
13911 140 7039
13950 94 4732
18218 111 5565
17302 78 3918
16322 1 93
18678 327 16370
16762 37 1900
14539 234 11702
14535 156 7811
13929 10 508
15257 127 6389
15867 10 511
16874 403 20189
18615 438 21945
15315 30 1549
17255 14 741
14597 144 7226
17655 393 19654
16471 46 2314
15482 116 5831
18515 57 2874
17761 63 3196
17353 12 626
15785 155 7776
14229 7 400
14739 5 292
16348 98 4935
15806 121 6080
15682 99 4993
14121 47 2360
17458 55 2787
14372 13 663
17177 26 1306
14229 82 4115
15125 174 8736
17349 104 5207
14319 18 934
18794 162 8142
14105 124 6220
18615 0 46
16168 44 2237
14007 121 6098
17614 35 1753
14959 269 13468
14535 109 5472
16118 79 3963
13805 273 13656
15928 53 2696
14040 28 1427
16679 64 3227
15415 226 11342
17504 31 1590
17144 118 5918
13982 109 5469
16317 40 2005
18659 109 5483
17472 17 896
17853 7 400
17414 190 9526
18764 42 2137
17722 121 6094
17998 145 7287
14122 54 2722
14220 25 1258
17727 22 1148
18615 117 5867
13791 8 443
15086 184 9239
14124 155 7779
17722 121 6089
15592 138 6940
18286 78 3911
15527 18 941
14212 184 9213
17662 57 2889
16750 1 95
17978 47 2386
16776 222 11135
13762 64 3218
18733 41 2070
16013 212 10617
18574 393 19654
14644 281 14081
13913 142 7122
18031 291 14560
17208 83 4178
16852 178 8930
16741 347 17355
18527 466 23329
17874 22 1115
17144 86 4335
17325 26 1337
13791 148 7430
16867 100 5017
17545 10 501
15987 252 12619
15128 145 7277
16118 79 3963
18733 7 355
15430 57 2895
14644 281 14072
14771 214 10721
16579 76 3811
17029 179 8999
18031 138 6920
14582 1 70
17874 3 198
14560 5 285
15590 171 8554
18929 173 8680
14814 114 5702
14067 58 2904
18933 95 4766
14626 143 7195
14812 89 4455
17243 13 651
16250 17 898
16243 174 8741
14788 49 2488
14555 273 13691
13762 260 13050
17387 38 1910
17344 118 5913
13937 60 3014
18244 279 13973
15766 36 1815
14401 91 4569
15403 156 7802
16205 104 5244
13862 164 8228
15902 214 10748
14310 1 57
14038 64 3236
18795 111 5588
14768 115 5778
17493 95 4794
15915 162 8144
17089 104 5238
13708 71 3584
16950 84 4214
17521 25 1277
17658 73 3693
13732 99 4966
14959 201 10075
14935 290 14531
17169 347 17378
15960 128 6442
18701 116 5834
13763 244 12229
14603 88 4419
14171 17 900
17328 29 1451
18026 166 8335
15507 4 226
18235 30 1509
14580 9 493
17683 89 4483
16158 260 13023
14080 181 9051
17087 45 2280
15257 127 6389
18678 226 11338
14802 286 14340
14555 141 7051
14220 18 938
17169 6 309
16513 15 778
17851 113 5684
14392 214 10717
14421 11 571
18701 21 1068
17349 104 5207
17098 64 3206
17666 212 10633
18466 48 2418
13913 66 3323
15966 369 18456
15965 497 24868
16529 30 1550
15130 37 1879
15785 256 12827
17524 101 5095
17696 53 2680
16339 171 8554
18039 175 8761
17985 229 11488
15762 100 5005
14108 110 5515
14310 1 57
16112 207 10388
18218 160 8003
15382 78 3942
17210 229 11463
16826 362 18103
15353 170 8541
18244 143 7188
15291 204 10204
15251 159 7968
17251 180 9036
14907 181 9080
14874 133 6691
18678 317 15895
16389 64 3250
18958 10 516
15179 132 6640
18794 52 2649
14281 158 7902
15894 118 5904
16929 134 6730
18653 258 12934
14956 309 15457
17169 322 16141
17314 57 2851
14401 99 4959
15174 58 2926
14464 66 3342
15715 65 3269
14088 48 2436
14123 39 1989
13714 40 2013
17986 186 9348
13913 55 2790
17125 37 1877
14985 64 3222
18516 364 18240
15492 28 1429
16960 47 2400
17383 115 5787
14882 169 8468
16960 47 2400
17422 5 261
17383 412 20607
16052 208 10431
14080 169 8466
15415 225 11269
18286 58 2924
14009 90 4539
13929 0 28
18040 69 3459
14690 21 1096
15386 96 4820
17987 80 4013
18923 304 15244
16339 207 10379
15715 192 9620
14882 43 2171
17701 55 2773
18469 145 7285
17985 181 9096
17098 64 3206
14901 200 10039
14569 159 7995
14399 47 2398
17675 48 2410
14986 104 5241
17965 255 12794
14749 223 11164
17615 4 218
14882 57 2859
17596 33 1686
14729 29 1472
14067 147 7389
18048 260 13033
18760 149 7486
16073 105 5281
18021 454 22746
17686 28 1413
14186 15 779
18760 317 15862
17986 72 3617
14205 12 642
14293 252 12627
16168 42 2114
14582 1 65
18021 429 21489
18574 401 20078
18005 180 9028
16975 70 3549
18724 19 984
15426 83 4164
17467 80 4032
16743 21 1053
18615 231 11567
16199 444 22210
17255 4 203
17257 15 768
14259 120 6015
18242 178 8931
17186 2 119
18021 77 3894
15267 163 8199
14882 96 4824
15785 155 7780
15486 227 11386
18021 514 25719
16250 36 1828
15792 222 11148
13970 8 419
18007 76 3801
17323 27 1381
16529 91 4574
18035 41 2073
16341 347 17359
14743 187 9364
16529 38 1905
14784 39 1954
14080 140 7049
17467 80 4032
16357 50 2508
13809 135 6798
14205 27 1364
13729 80 4045
18263 126 6323
15774 343 17154
15877 62 3128
18218 341 17089
16028 421 21100
14136 26 1317
18603 256 12803
14220 39 1962
15507 2 123
18673 92 4650
16852 316 15830
18026 166 8335
13907 16 837
18794 56 2827
14112 59 2956
15900 138 6912
18665 250 12549
18062 241 12092
16994 169 8491
17030 44 2224
13721 25 1296
14096 91 4580
13780 143 7191
16853 0 21
14936 23 1175
14431 65 3296
17500 67 3381
15167 9 498
15322 149 7496
15986 234 11713
17965 265 13254
18034 62 3116
14736 268 13422
14673 70 3506
15676 184 9236
17684 127 6379
18021 77 3856
15491 46 2348
14802 301 15051
14291 138 6904
16286 89 4469
17169 298 14924
15701 3 193
15486 160 8050
18760 150 7503
14455 38 1907
17514 3 169
16906 32 1619
16588 195 9778
15246 126 6339
18218 147 7391
15415 226 11302
18765 320 16042
14212 184 9246
15463 210 10547
18057 137 6877
15353 164 8243
16109 148 7431
14726 94 4714
17541 18 945
18218 300 15029
15701 332 16623
15386 96 4820
15398 357 17862
16749 79 3986
18024 573 28681
15592 114 5738
16906 46 2337
13767 88 4407
17578 2 120
18699 180 9037
16158 66 3316
14553 190 9549
18044 449 22498
15411 151 7597
14212 184 9234
16169 220 11036
18701 21 1082
16162 71 3586
13712 127 6380
14344 14 736
18685 9 453
17091 45 2266
17648 13 673
14569 77 3897
16199 27 1370
14965 203 10178
18659 109 5489
16339 159 7962
13982 100 5044
18510 339 16985
14040 101 5062
16852 311 15591
15004 10 513
14438 179 8974
14768 115 5762
17138 102 5106
15916 290 14529
17144 22 1115
16891 154 7712
17869 42 2139
17722 3 153
16119 13 697
13929 10 508
14789 70 3533
14067 15 789
14122 45 2296
15469 291 14589
14418 139 6967
13762 260 13048
14117 12 644
18714 165 8281
16741 82 4150
15106 208 10420
14530 8 446
17726 51 2558
17521 20 1027
18603 170 8539
15291 319 15953
14067 192 9607
14079 166 8333
18228 117 5852
15463 246 12350
17974 165 8267
16753 112 5643
14805 29 1498
15086 168 8436
15179 22 1102
18645 40 2041
18795 50 2542
13773 249 12458
14690 25 1267
16965 210 10503
15428 62 3113
18048 320 16020
17497 160 8006
17739 19 966
18514 68 3425
17095 73 3658
18267 3 166
17240 517 25857
17696 53 2695
15409 17 900
14431 41 2094
18947 143 7184
17955 49 2461
17322 53 2655
14136 26 1317
14959 16 838
15800 262 13146
14413 2 111
17401 98 4942
16169 100 5011
16877 32 1634
17095 130 6515
18242 93 4667
15017 116 5837
18010 225 11255
14582 60 3031
18765 183 9189
14186 75 3764
18733 50 2530
16168 42 2114
17195 209 10497
14062 5 271
14673 16 841
18678 338 16902
17210 229 11487
15469 273 13666
13773 53 2668
15151 283 14189
14468 110 5505
15966 18 906
15099 34 1704
13779 87 4389
16387 45 2275
14603 15 792
13803 171 8579
14122 45 2281
14690 21 1096
18026 180 9033
17053 113 5678
17206 104 5206
17004 229 11478
16752 10 501
14756 63 3180
16008 133 6679
17621 175 8796
18733 41 2079
14562 59 2991
17630 96 4848
13936 23 1170
15166 70 3531
17695 1 91
18794 68 3450
17766 43 2197
16679 83 4186
13805 282 14127
13929 10 508
17985 149 7488
14375 224 11234
14446 24 1235
16228 219 10978
17620 127 6389
17686 274 13750
18793 40 2015
14446 24 1208
14212 184 9213
16877 16 827
14464 66 3325
17763 12 637
15411 153 7690
16809 240 12038
16731 459 22995
14157 60 3021
13807 25 1275
15360 122 6137
17724 53 2661
15762 233 11691
15125 66 3307
18865 34 1744
17692 190 9532
17529 22 1123
18651 14 707
18005 112 5637
18637 138 6924
17217 68 3433
14558 147 7396
18645 68 3450
17849 168 8425
17840 200 10035
13940 16 835
17029 99 4970
17662 129 6497
18495 127 6395
13807 38 1915
13714 72 3631
16089 372 18641
18676 558 27945
13762 57 2894
14669 65 3259
15386 23 1184
18225 140 7049
18646 2 113
15174 53 2696
14603 15 792
17257 15 768
14537 52 2650
18057 137 6877
18678 317 15861
16910 171 8600
14024 24 1241
14756 107 5370
14543 103 5179
17479 7 361
17401 98 4920
18244 353 17657
15961 391 19556
15440 44 2239
15106 240 12006
15491 330 16504
17098 64 3206
18615 319 15957
15061 181 9069
17990 365 18298
14715 57 2871
17383 416 20806
18910 88 4402
14623 52 2631
18862 391 19582
14438 22 1123
13720 10 512
15428 252 12619
14902 135 6765
16676 260 13029
16162 72 3609
14924 146 7337
15116 281 14055
18922 574 28707
16109 49 2471
18685 35 1781
18574 387 19372
18527 674 33705
16802 234 11708
17328 29 1484
14816 152 7611
15118 186 9339
17955 206 10319
18712 409 20494
16962 10 547
14293 63 3169
14067 47 2373
13895 42 2127
15923 344 17224
14560 0 21
18699 180 9016
15395 89 4461
17965 11 570
16962 191 9562
17840 330 16531
18714 175 8795
15952 74 3719
15130 30 1521
16101 0 50
14080 140 7049
15426 151 7552
16226 66 3303
16735 59 2991
15430 70 3530
13791 97 4896
18286 90 4533
14350 42 2149
16875 22 1102
14874 8 406
15116 282 14141
14891 46 2326
17830 25 1286
18933 95 4788
15322 137 6882
15466 256 12808
16821 409 20463
14209 120 6042
18218 111 5565
14372 84 4213
14030 71 3554
14108 88 4426
15652 20 1019
18031 274 13737
14453 139 6969
16960 47 2400
18673 52 2604
16317 67 3369
14040 28 1439
14313 107 5371
16471 80 4044
15395 87 4369
14257 237 11853
14186 207 10352
16579 51 2598
17783 66 3339
13799 30 1520
18679 105 5276
17620 241 12077
15246 128 6446
15931 521 26051
15931 14 743
17195 209 10498
16875 14 705
14372 63 3168
18882 119 5962
16726 85 4270
17578 2 140
15862 287 14383
14639 39 1988
17217 70 3504
17596 47 2355
16867 40 2018
15590 71 3584
18021 386 19340
18026 180 9042
16551 373 18691
18225 93 4666
18265 208 10432
17220 23 1199
16962 10 547
17987 18 931
18218 300 15001
16849 118 5932
14468 26 1336
16976 36 1838
13791 201 10065
17663 21 1074
14631 108 5428
14467 162 8149
17853 7 400
17422 0 16
17271 66 3331
14897 153 7663
18692 299 14987
15715 197 9857
15099 35 1787
17560 56 2819
15639 176 8820
14763 17 884
17985 159 7973
17847 120 6032
13982 34 1710
16109 29 1474
13911 140 7025
14708 34 1715
18286 58 2914
17722 121 6069
15350 43 2176
16112 20 1042
17255 43 2168
14399 145 7286
16825 99 4977
18764 42 2115
18910 86 4302
17847 277 13865
18218 160 8003
16960 3 187
17302 14 736
17701 2 108
17344 118 5927
15873 256 12818
15425 40 2044
17137 149 7468
13945 178 8901
18794 113 5651
17972 127 6396
15921 137 6879
14580 143 7187
17213 81 4063
15167 36 1803
17666 212 10633
15111 282 14143
16122 452 22626
15106 240 12037
15146 61 3076
17367 18 941
18039 55 2800
17615 4 218
14537 52 2650
15174 204 10202
18927 61 3094
14981 63 3181
17978 135 6782
16776 222 11124
16169 362 18149
14319 18 901
16119 273 13676
17033 70 3545
14171 47 2374
14715 34 1739
17996 103 5172
14281 158 7902
14392 238 11947
15722 89 4458
13762 57 2897
17204 108 5409
17055 18 924
14917 3 158
14464 240 12009
14985 64 3222
14801 240 12035
17524 137 6873
15382 20 1044
18795 1 73
18028 96 4834
16109 148 7414
18574 340 17017
14306 145 7267
17726 74 3739
18752 161 8067
17367 18 911
15477 7 373
17367 133 6667
14446 18 912
17853 15 760
18923 243 12185
18527 279 13962
14726 60 3050
15473 240 12023
14569 77 3897
17196 55 2782
14623 23 1184
13762 64 3229
13712 74 3711
15785 59 2984
16281 433 21651
15234 174 8722
15115 7 363
13957 2 126
18527 279 13997
17990 82 4142
13991 33 1655
14455 95 4791
15411 113 5684
15517 46 2309
17024 13 678
15701 510 25547
17383 398 19943
17302 78 3918
14165 54 2749
14335 232 11609
16023 21 1094
16540 1 76
14067 48 2426
14436 300 15049
14977 15 789
15252 20 1011
16119 501 25055
14690 25 1260
15828 446 22333
15800 11 592
17095 16 830
15136 36 1837
14882 92 4634
18676 493 24675
14203 52 2609
16021 433 21671
18286 33 1673
14165 70 3505
17451 300 15024
16845 117 5854
16387 45 2275
18793 56 2839
17091 64 3242
17349 19 990
17978 30 1501
14220 39 1962
17557 17 894
15783 213 10695
18612 87 4386
17569 7 397
17637 115 5775
17314 66 3341
15931 198 9944
17986 186 9339
17724 53 2656
17506 69 3475
17164 112 5639
18677 142 7149
14749 223 11164
17126 118 5904
16444 83 4154
17978 221 11070
15397 152 7627
13862 153 7652
17239 187 9387
14543 103 5171
15923 248 12427
15785 59 2984
13979 181 9091
18924 103 5177
14122 36 1806
18953 316 15848
17128 8 413
15762 149 7472
17367 90 4540
17325 5 260
15291 125 6267
17592 125 6298
17662 57 2865
17271 12 614
14096 66 3337
15722 89 4460
18665 240 12014
14553 294 14748
15697 60 3017
17204 43 2176
13911 140 7025
17451 311 15592
18918 142 7135
18615 150 7517
18021 507 25355
18733 25 1262
15099 118 5948
16776 8 440
18673 47 2373
14146 12 633
17239 266 13322
15828 302 15114
17840 369 18480
16317 67 3352
16845 140 7006
13792 100 5023
14535 109 5472
18021 454 22746
18910 140 7035
14597 70 3547
14259 82 4103
18506 90 4504
17592 125 6298
16317 86 4317
16843 299 14996
17089 33 1699
14597 27 1368
14801 39 1976
14112 90 4543
18951 306 15345
18935 383 19168
16491 14 722
17500 60 3021
18646 2 145
17195 118 5901
13762 27 1386
17754 75 3777
14171 47 2374
14985 30 1536
14438 254 12710
14038 39 1977
16759 7 393
16437 8 428
18054 339 16998
17034 64 3203
17210 229 11463
17853 7 400
13707 126 6327
15507 5 300
16776 222 11128
14372 248 12448
16750 33 1656
14550 280 14006
14343 37 1887
18926 106 5338
18229 41 2068
18039 12 639
14784 69 3474
17312 203 10159
13861 28 1416
18228 187 9380
16529 91 4598
17858 71 3557
17162 171 8557
14281 52 2618
18935 386 19323
16802 250 12548
13895 62 3128
16158 32 1619
17955 206 10319
14191 209 10464
15286 12 635
15103 106 5341
18272 29 1477
15961 370 18539
17661 29 1478
18218 253 12698
17489 147 7356
15593 178 8918
17853 45 2296
16188 159 7960
13715 92 4601
15709 25 1298
16205 298 14913
13807 208 10415
15792 222 11148
16679 12 624
14750 17 895
16894 20 1046
16036 471 23578
18779 77 3881
14105 32 1626
14334 72 3622
17578 11 579
14981 135 6796
14453 107 5381
17793 41 2088
17475 164 8213
14977 20 1045
14107 72 3619
14401 103 5172
15894 0 45
17407 141 7092
17307 31 1551
15098 39 1967
14464 124 6202
18527 466 23302
18010 225 11255
13929 12 650
15395 29 1497
15517 24 1212
17255 43 2152
15238 175 8767
18242 15 775
17030 44 2213
14375 138 6931
14007 29 1494
14543 221 11075
14939 67 3379
17467 5 263
18910 157 7877
17325 5 263
14438 178 8904
18935 174 8724
16122 161 8063
14789 122 6107
13791 97 4896
16986 14 708
14789 112 5619
14446 11 573
15986 191 9558
18637 138 6907
14617 32 1633
17955 72 3644
15888 24 1219
15111 47 2382
17667 71 3598
15177 20 1020
17246 7 399
18502 11 569
18701 27 1369
17137 146 7304
17592 79 3993
16348 98 4935
17620 69 3474
18032 270 13504
14746 88 4414
13799 40 2034
18733 50 2541
15423 38 1941
17641 18 929
17497 197 9868
14549 217 10888
15486 227 11386
14912 148 7402
17975 72 3647
18713 14 747
17701 49 2462
15130 70 3521
17861 396 19806
15762 98 4924
13937 40 2015
14080 115 5799
16094 244 12224
16109 148 7414
17990 444 22220
18673 13 668
17055 295 14781
14186 15 767
14597 101 5088
14024 10 522
14772 142 7132
18646 48 2444
15880 26 1325
18771 50 2506
14993 66 3308
18673 105 5254
16228 230 11521
18923 416 20828
13763 93 4674
17111 105 5275
17561 3 183
17766 15 763
18795 235 11792
18021 260 13030
17853 7 400
16759 7 397
14736 256 12802
15416 122 6109
13791 54 2750
18765 320 16042
15492 4 232
17302 64 3212
15715 221 11079
17598 39 1995
18218 160 8003
15122 62 3102
15762 296 14813
16960 47 2400
17137 215 10795
15966 369 18456
16152 39 1957
18018 43 2160
17307 2 116
17596 6 314
15291 266 13305
17851 58 2924
15766 15 797
14186 207 10352
18697 238 11923
18044 452 22615
18646 65 3289
14451 15 799
18795 167 8376
15183 40 2047
17874 64 3216
17398 246 12330
18233 73 3655
14059 84 4215
14569 77 3886
14209 79 3955
18032 249 12493
15106 240 12006
17414 40 2038
13862 104 5218
16499 233 11665
18765 60 3006
14067 192 9607
16232 156 7825
15183 9 480
14771 34 1711
14550 10 532
18760 191 9595
17783 111 5577
15174 91 4569
14559 282 14105
17663 21 1095
16222 145 7251
16038 246 12308
18673 159 7972
17731 20 1008
18026 105 5277
16228 40 2033
17367 61 3070
15873 123 6189
15595 13 682
15504 85 4288
16529 33 1662
17053 113 5678
16101 102 5129
15417 2 114
14153 18 924
17087 361 18080
15783 233 11683
14392 96 4815
17327 75 3755
17195 196 9849
14306 198 9910
14603 88 4419
18242 170 8528
15862 5 288
16275 108 5436
16378 39 1962
17983 27 1363
13923 25 1264
17087 4 229
17667 9 482
14597 65 3263
16891 154 7712
14446 11 573
15877 26 1313
16028 226 11345
16173 201 10093
15730 0 11
16821 208 10433
15350 138 6903
13865 251 12570
17739 23 1192
18760 149 7476
14801 40 2021
18235 236 11827
15350 239 11960
17367 18 911
17126 7 370
14802 70 3539
18032 175 8798
18756 54 2708
17986 10 510
18489 219 10983
16094 534 26719
17987 76 3843
18748 151 7573
14912 73 3694
18779 17 897
13739 19 952
16845 113 5675
16089 372 18614
14912 75 3773
15422 46 2311
15457 194 9745
13862 79 3975
18678 309 15489
17678 6 340
14067 57 2885
18910 157 7877
16158 53 2676
18910 157 7877
17210 198 9942
14342 288 14434
14965 141 7066
15682 106 5305
13732 103 5192
13895 41 2068
17306 68 3431
16852 70 3501
14558 147 7396
15166 335 16760
15916 207 10366
14583 69 3486
16750 1 76
15267 163 8199
16226 3 185
17858 64 3234
17955 206 10319
13862 79 3987
15766 24 1240
14121 183 9161
16994 37 1869
17128 25 1273
17851 173 8685
16021 433 21671
14007 0 9
17100 67 3399
15312 67 3352
18935 391 19583
16271 82 4150
14590 92 4617
15396 38 1948
16221 38 1944
16778 77 3852
14165 116 5829
16222 12 625
15074 15 782
17853 186 9330
17978 126 6343
14335 226 11317
18497 351 17568
16228 186 9302
18244 98 4934
14743 187 9364
15433 170 8506
17698 6 336
16341 416 20825
18469 185 9287
17965 263 13160
16094 242 12107
13729 80 4020
17631 51 2555
13702 141 7083
18032 270 13504
16158 182 9101
18021 390 19514
18034 136 6825
15125 134 6725
17352 44 2249
15417 7 396
14543 95 4754
15593 178 8926
15492 32 1634
13803 195 9783
17566 42 2125
15412 167 8382
15339 262 13107
17087 45 2282
15762 40 2050
14818 97 4874
16169 78 3938
17578 11 558
18272 29 1477
14123 114 5722
18031 225 11291
14539 50 2511
15136 92 4635
