14610 5 258
14195 118 5917
15222 1 56
15130 52 2613
17992 47 2382
17339 49 2454
17482 94 4713
17125 63 3178
17435 41 2072
14748 169 8497
17482 94 4705
15986 164 8238
17662 4 242
14438 195 9757
17592 63 3194
17269 88 4414
14425 49 2457
17099 112 5644
18049 45 2263
14445 52 2609
14937 59 3000
18007 39 1955
18007 70 3537
14970 86 4329
14438 195 9799
18509 3 200
17972 246 12328
16031 25 1269
15014 82 4101
14377 235 11764
17620 92 4637
14146 56 2834
18021 138 6939
15154 226 11337
15389 25 1256
17858 248 12438
17435 39 1971
17874 32 1621
18270 45 2281
18011 82 4148
14431 72 3617
14195 198 9948
14306 61 3089
16080 15 773
17361 155 7787
14369 141 7089
17095 66 3303
17168 83 4187
18039 80 4050
17237 55 2772
14286 5 256
18466 70 3525
14575 83 4173
16219 144 7231
14740 39 1992
18044 412 20620
14564 56 2830
17667 61 3100
17208 116 5813
15167 76 3801
15328 15 774
18024 260 13038
14425 133 6692
14942 64 3222
17237 235 11759
14729 21 1087
17462 12 610
17333 117 5873
17985 180 9037
14377 181 9084
17137 205 10259
17440 181 9088
17840 322 16143
14884 52 2630
17505 11 566
16051 24 1248
18527 302 15123
14959 146 7314
14636 121 6087
15130 61 3084
14335 275 13751
14450 199 9957
14279 49 2490
14936 63 3181
17383 407 20354
14438 171 8567
14741 227 11366
17270 64 3234
17462 8 420
17333 144 7204
17137 91 4598
15279 114 5721
14270 14 717
16209 239 11983
17254 59 2953
14632 28 1432
17985 113 5667
14707 38 1916
14146 56 2838
17671 233 11674
17367 100 5040
14697 19 984
15116 239 11991
15113 62 3111
17383 78 3902
17503 163 8151
14558 156 7847
15113 131 6578
18005 54 2716
14677 22 1117
17237 341 17091
18049 0 4
14218 150 7521
14409 174 8708
15425 74 3750
17243 46 2336
17494 48 2414
14607 265 13255
17398 19 999
14218 149 7463
14218 82 4140
17168 26 1314
15328 181 9090
18007 77 3867
18499 264 13203
14736 224 11241
14202 15 761
14363 143 7158
17371 29 1473
14335 275 13766
17861 351 17553
15222 220 11036
14771 82 4126
17398 85 4252
14277 3 155
17243 46 2336
17195 86 4338
15987 199 9983
14806 77 3882
17612 50 2528
15113 11 593
17611 87 4396
14138 95 4777
17972 246 12341
17985 138 6935
16200 101 5069
17178 40 2047
15125 65 3295
16209 47 2364
17313 111 5560
18021 138 6919
18040 73 3700
14159 109 5468
14816 30 1528
14664 9 451
14376 308 15405
17462 19 991
17452 157 7878
17865 174 8748
17254 58 2922
17206 17 872
18007 77 3884
17191 34 1716
14316 31 1560
17206 207 10367
18021 138 6928
15425 75 3772
17313 124 6211
14891 224 11234
17603 27 1374
17875 402 20103
17840 10 520
17390 41 2079
14764 38 1911
17524 76 3832
15946 524 26249
15389 53 2688
15383 275 13800
17195 18 941
17360 20 1037
17871 105 5290
15251 82 4123
14436 112 5604
14151 56 2807
17251 200 10030
17827 62 3119
16047 13 688
17823 132 6602
14643 179 8995
18005 42 2120
18497 37 1890
17269 170 8538
17972 246 12328
14436 15 797
17254 51 2555
14816 106 5309
14897 129 6488
14355 1 72
17497 239 11998
15167 102 5101
15154 98 4905
14319 22 1143
17530 7 396
14772 48 2426
17493 223 11183
17255 38 1910
14697 22 1142
15391 148 7426
18024 345 17299
17423 8 449
17099 12 624
17858 179 9000
17371 149 7462
18497 257 12851
15973 81 4053
14377 50 2540
18021 670 33534
14746 59 2987
17535 28 1426
15154 149 7472
18021 670 33534
17371 4 222
16073 221 11074
14874 245 12279
14664 151 7558
17871 34 1709
17415 80 4035
14564 67 3396
15167 76 3801
14938 189 9489
14438 171 8592
14556 135 6787
17164 20 1010
17360 55 2768
16073 209 10495
18011 33 1654
14772 269 13495
14336 55 2795
17333 117 5865
17360 55 2753
14647 85 4270
17851 259 12963
14771 88 4411
14157 127 6368
18021 138 6943
15946 246 12311
17494 12 620
17667 97 4876
17990 355 17751
18021 475 23787
15130 61 3057
17349 79 3998
15286 201 10090
14768 133 6674
15228 130 6511
14475 32 1632
15382 209 10490
15252 24 1234
14641 98 4927
17322 36 1836
14564 1 68
18040 5 252
17592 152 7638
17671 218 10909
14425 225 11264
14403 47 2380
17494 130 6533
17671 292 14612
15154 166 8340
15116 245 12257
17226 176 8819
14455 49 2475
15933 215 10763
14319 16 849
15228 82 4122
14425 72 3612
15098 55 2783
17131 205 10293
14707 11 574
17254 58 2929
17361 342 17129
17482 151 7594
14319 22 1143
17112 42 2144
14722 161 8069
17195 24 1207
15966 305 15278
17304 10 513
15946 524 26241
14127 153 7660
14218 169 8491
14707 38 1926
16058 234 11717
17447 1 76
17237 341 17091
17168 16 834
16073 32 1616
18007 91 4568
14959 178 8922
17333 117 5862
14377 181 9079
14741 265 13266
15941 12 632
17679 6 332
17447 120 6006
14544 76 3821
17313 58 2919
14377 181 9084
14436 47 2390
18021 138 6904
17254 32 1636
17137 91 4567
14279 200 10041
17958 43 2186
14623 171 8592
15965 496 24803
17851 267 13393
14306 61 3087
14774 241 12089
16200 101 5072
14390 72 3611
18021 475 23795
14319 3 159
17992 82 4108
17239 106 5304
18021 327 16368
14575 55 2775
17361 35 1756
16209 72 3648
14293 215 10796
14940 136 6826
17489 196 9829
17338 96 4818
15228 82 4149
17497 18 943
17398 64 3230
14191 234 11743
17451 26 1301
17089 34 1721
14436 201 10066
17224 38 1908
14938 37 1851
14857 203 10195
15127 43 2160
14819 7 386
14316 54 2702
17333 17 894
17482 174 8717
17865 174 8708
14281 88 4432
18527 545 27264
17394 117 5872
17125 31 1569
18499 27 1387
14376 291 14579
14772 60 3023
15425 13 696
18514 330 16541
17990 305 15266
17561 50 2524
17489 196 9807
14149 36 1836
14149 30 1548
14643 221 11072
17178 40 2019
17535 52 2624
15294 66 3301
17865 113 5682
17497 124 6202
17204 151 7589
17283 2 115
15933 215 10790
17185 57 2851
15296 203 10163
14475 43 2161
17497 18 947
17134 70 3538
17206 483 24173
14455 205 10290
14903 176 8829
15125 89 4498
17494 107 5364
14748 34 1724
17776 1 99
17206 181 9059
14545 109 5485
17349 100 5028
15318 143 7190
14270 111 5593
17840 10 546
14643 221 11075
18021 138 6949
17530 7 356
17398 178 8949
14122 94 4703
14425 72 3603
17679 0 30
15965 194 9703
14901 38 1924
17986 117 5857
17361 257 12889
15397 35 1795
17195 24 1247
17462 8 417
14707 49 2458
18011 33 1686
18021 138 6928
14425 72 3612
14940 240 12029
17482 94 4743
17851 267 13393
14927 180 9003
18527 360 18049
14165 90 4527
17875 330 16523
14403 41 2060
17447 120 6040
14564 106 5348
18525 101 5051
17251 166 8332
15098 66 3317
17992 15 781
15115 20 1004
17164 109 5496
17479 8 414
15389 53 2654
14329 199 9979
14736 115 5796
14377 181 9098
17239 106 5304
17590 15 787
14527 95 4773
17206 22 1114
14805 13 651
18527 545 27255
15125 89 4482
14161 15 795
17237 521 26052
18007 39 1956
17177 68 3407
18021 475 23778
15099 185 9293
17164 138 6901
18021 299 14968
18007 77 3890
17560 167 8362
17986 183 9190
14643 244 12246
14293 226 11308
17827 5 266
18021 327 16387
17423 8 406
16101 56 2826
17349 66 3330
17339 187 9360
17206 496 24841
17636 24 1208
14970 212 10646
14375 159 7969
14897 48 2406
14938 37 1857
17390 70 3501
14758 167 8397
14795 19 987
17251 216 10838
17168 2 110
17269 170 8520
17874 12 605
18007 91 4559
14874 46 2317
14772 269 13475
17339 279 13979
14375 119 5970
18024 62 3126
17089 101 5089
14707 30 1548
14338 16 824
14795 35 1797
17206 471 23596
17191 34 1716
14772 43 2192
14127 245 12276
14363 235 11792
16117 64 3248
15236 65 3276
17992 15 786
17494 130 6502
14623 77 3875
14546 141 7080
14436 15 771
14798 62 3143
17112 45 2295
14290 268 13417
17134 23 1189
14707 30 1526
17365 124 6245
17679 6 336
15328 15 777
14329 25 1264
14746 304 15240
17462 8 421
14592 2 107
14355 2 140
18049 21 1070
15328 15 777
14543 174 8704
17494 107 5379
17636 24 1222
18007 77 3857
17603 29 1472
14899 199 9954
17590 10 512
14749 61 3054
17338 86 4311
18007 70 3513
17095 80 4009
17851 342 17108
17573 19 973
15254 50 2502
14940 155 7798
17243 98 4929
17125 97 4882
14306 122 6121
17206 17 868
14316 8 443
18021 138 6942
17365 19 995
14543 148 7431
15308 115 5774
18270 45 2290
14544 88 4432
17394 171 8581
18499 178 8942
17851 324 16220
18044 412 20620
15236 111 5567
15318 90 4540
16167 56 2839
15273 114 5713
14445 113 5687
14375 15 754
17361 378 18940
15970 397 19892
14281 169 8467
15389 53 2688
17482 126 6319
17335 46 2344
15234 103 5176
15127 43 2160
14263 168 8420
18024 361 18083
14798 30 1544
14542 284 14211
14945 37 1857
14390 58 2930
14936 21 1100
17336 3 196
14151 78 3911
15154 21 1062
14338 307 15369
17095 80 4010
14645 29 1463
17561 60 3004
14527 10 537
18021 327 16363
17125 31 1587
17985 286 14302
14747 51 2561
14356 53 2689
18024 62 3148
15079 55 2785
15391 77 3852
17270 64 3245
14403 3 171
14263 285 14290
15103 69 3469
14677 22 1133
17633 74 3722
14369 70 3548
17667 127 6363
18021 144 7239
14436 201 10082
17875 263 13178
18010 101 5096
14338 264 13233
14673 34 1721
14764 38 1917
14436 15 771
17580 15 800
14335 225 11277
17398 19 967
16089 293 14685
17099 99 4972
17875 263 13178
14912 199 9995
14545 69 3465
17191 48 2420
18005 110 5510
15179 103 5195
14377 157 7887
14768 31 1582
14623 292 14632
17333 117 5865
16219 258 12925
17371 83 4156
17125 97 4882
17679 0 9
17482 86 4347
17336 3 190
17283 0 16
17671 159 7955
14270 91 4561
17875 263 13164
17243 98 4929
14319 2 117
17394 171 8556
18021 138 6926
17191 48 2420
17168 20 1022
17667 61 3059
15423 25 1300
17972 84 4245
17343 34 1719
15125 186 9338
14543 25 1292
16101 170 8545
17611 90 4528
14377 113 5651
14546 177 8895
14445 113 5698
15946 524 26241
17535 35 1756
14768 176 8836
14623 292 14610
17349 66 3310
17365 124 6233
17164 109 5468
17237 493 24693
14884 52 2643
14356 81 4064
14425 160 8007
17462 17 899
17834 52 2604
15293 77 3876
16047 26 1304
14805 250 12541
15966 175 8770
17123 2 140
15970 198 9905
14795 19 987
15167 76 3841
14202 15 761
14438 238 11926
17089 109 5499
15987 177 8888
17861 347 17387
18021 475 23772
15251 108 5405
14427 100 5047
17609 51 2567
14772 128 6411
14903 239 11971
14729 45 2278
14338 186 9332
16117 58 2907
16089 6 341
14741 261 13078
17112 43 2174
17371 4 249
14369 57 2874
17423 9 490
15941 47 2376
17679 6 336
14912 199 9969
17636 24 1233
15391 198 9918
14227 1 97
14938 189 9480
14427 100 5047
14329 42 2119
18007 77 3874
18005 77 3894
17851 217 10888
14425 72 3604
15228 82 4150
14227 42 2122
14290 260 13024
15115 20 1004
16031 2 137
17371 149 7483
15355 71 3551
14774 241 12078
15383 122 6122
18527 360 18050
17871 105 5273
14729 41 2094
17338 86 4316
14564 68 3440
18011 39 1988
14722 161 8091
15403 28 1418
17992 2 113
17861 347 17389
17337 6 338
17861 381 19080
14527 10 537
14771 82 4129
17237 67 3398
14159 26 1328
14306 61 3087
14475 35 1766
15318 143 7157
18048 378 18939
18499 27 1370
17339 127 6363
17419 26 1339
14664 240 12042
18010 101 5093
15391 198 9918
14568 31 1566
17494 151 7584
14768 87 4364
14425 160 8046
18005 23 1163
14409 174 8726
17112 0 42
15318 152 7631
17260 25 1289
15116 239 11991
17875 402 20131
14945 27 1378
17125 31 1587
15382 248 12407
17337 11 588
15946 484 24244
17530 110 5549
14884 187 9387
18045 55 2770
17875 421 21076
17990 548 27447
17871 105 5273
17398 19 999
14986 140 7014
15264 150 7550
14938 37 1856
14271 141 7051
14379 50 2520
17112 45 2283
14549 133 6698
14286 5 300
14363 276 13808
15397 132 6638
15941 66 3327
14774 226 11345
14707 38 1921
14375 148 7447
14774 226 11329
14524 49 2469
17972 84 4245
14902 178 8911
17753 175 8763
14271 59 2964
14632 45 2295
14938 63 3189
14356 63 3183
14942 251 12586
17344 20 1007
15243 37 1878
14157 66 3337
14564 104 5240
17360 20 1037
14768 103 5174
14363 143 7184
17686 363 18188
17383 23 1198
18525 173 8698
14431 39 1965
15130 52 2634
17343 12 604
17226 176 8838
17658 22 1121
17858 120 6018
14149 127 6374
18010 81 4099
15294 20 1017
14390 58 2911
17338 10 516
17344 69 3467
14157 49 2469
14549 27 1398
18040 73 3669
14556 302 15137
17251 163 8192
14546 151 7557
17168 64 3242
14888 83 4183
18499 27 1389
14333 22 1112
17851 324 16246
17226 170 8529
14549 164 8222
17462 11 599
14377 235 11758
14159 63 3193
16080 44 2228
18048 365 18283
15234 103 5161
15383 223 11167
16031 2 143
15933 215 10763
17578 21 1086
18021 475 23776
15296 92 4640
17099 99 4969
17237 279 13953
14436 180 9039
18011 82 4125
17658 22 1139
14527 9 456
14623 258 12937
14870 108 5401
17206 525 26287
14556 302 15137
17371 487 24357
14942 64 3222
14245 132 6640
17343 38 1917
15254 50 2503
17686 354 17748
17283 2 120
15014 218 10950
15296 92 4609
14335 220 11002
18021 299 14989
14940 51 2579
15149 97 4875
17871 34 1710
14306 61 3069
14425 205 10263
14664 151 7590
14363 143 7184
17671 168 8419
14218 95 4786
17270 47 2393
18031 88 4433
15099 185 9253
18021 138 6933
18011 82 4138
17535 13 697
18021 686 34312
17620 95 4784
14161 110 5529
15297 135 6783
14363 143 7158
14664 240 12036
14377 133 6677
17686 363 18188
15147 160 8024
15125 89 4482
17763 82 4116
14903 188 9415
15167 155 7754
15279 30 1515
14427 100 5033
15127 33 1671
14338 163 8200
18024 398 19908
14149 188 9442
14427 143 7162
17514 61 3097
17283 11 595
14425 225 11252
18497 76 3826
14544 55 2754
17451 162 8127
17360 49 2497
17590 15 778
17858 194 9708
14899 199 9963
17489 196 9848
14445 0 29
15113 51 2579
15318 120 6030
14149 188 9442
17269 170 8513
16209 84 4219
18021 144 7202
14475 32 1635
17623 4 215
17312 110 5524
15425 75 3772
16058 212 10632
17339 164 8234
17776 17 863
15167 152 7644
17535 28 1401
16058 26 1304
18509 29 1451
14795 39 1997
17482 151 7594
14379 147 7394
15228 57 2865
15228 57 2854
15154 149 7477
14641 98 4927
17112 42 2111
17462 3 156
14748 30 1540
14903 188 9406
17251 216 10848
17494 151 7579
14641 103 5181
16047 24 1205
17985 180 9023
15425 86 4347
17312 110 5547
17313 43 2189
15079 55 2753
17383 23 1183
14543 199 9962
17394 171 8556
18005 118 5923
14697 19 984
14772 95 4766
18024 62 3121
17361 214 10705
14870 108 5401
14190 14 702
17462 17 882
17992 82 4121
14279 49 2473
17344 30 1534
17840 10 518
17535 35 1785
15116 239 11960
17495 225 11292
17494 303 15180
16041 237 11896
14798 56 2825
15391 139 6954
17679 7 352
17349 79 3995
14819 6 339
17065 133 6698
14316 8 410
14805 52 2631
17875 414 20715
18270 45 2254
14363 86 4325
17462 10 504
18005 23 1163
14151 78 3911
17270 47 2371
15970 442 22138
17494 148 7423
17178 83 4160
14263 285 14259
14564 154 7715
15383 69 3499
16200 32 1645
18007 70 3506
16209 23 1183
18021 327 16371
14610 149 7498
17530 110 5545
15243 89 4471
17419 7 351
18005 110 5544
15266 9 467
17333 55 2790
14306 61 3091
17973 22 1150
17312 261 13098
17338 10 516
17398 178 8947
14151 89 4484
14246 72 3639
14403 41 2083
18021 152 7608
18049 45 2288
17609 25 1279
17552 96 4847
18024 62 3144
17590 17 875
18007 70 3510
14270 254 12722
14772 48 2447
18010 101 5093
15946 389 19483
14749 52 2638
14223 147 7389
15946 390 19543
17992 47 2396
15273 41 2071
14438 123 6176
17623 4 249
16031 2 148
17419 47 2400
18021 138 6942
15251 55 2794
14921 68 3404
15167 102 5117
14772 269 13475
15987 177 8876
14438 123 6199
15286 182 9114
17530 10 532
17481 28 1416
17992 78 3943
14746 304 15239
16101 71 3590
17592 63 3188
14195 179 8967
14664 171 8589
14363 9 474
18021 299 14987
18024 472 23636
17985 286 14325
14736 130 6503
17671 134 6748
14377 129 6496
15251 108 5424
18021 694 34702
14157 193 9698
17251 213 10669
17482 160 8032
17123 12 645
15425 122 6147
14333 7 375
14377 3 166
17349 66 3314
14901 169 8469
14942 77 3896
17137 29 1477
14592 10 532
17365 97 4898
17178 40 2047
17829 20 1017
14795 55 2775
17360 49 2458
14959 146 7316
17612 8 428
14736 86 4347
17973 22 1116
18040 26 1350
17972 246 12341
17226 113 5668
17986 117 5866
17992 2 124
15946 390 19543
17494 107 5366
17851 259 12983
18010 101 5096
17573 112 5605
17185 91 4553
17535 54 2705
17335 46 2344
17206 25 1277
17611 90 4528
15970 266 13338
17992 66 3338
14138 41 2057
15234 103 5193
17123 2 140
16095 288 14409
14643 244 12210
14642 108 5407
14592 42 2144
15138 1 97
14369 75 3779
17313 65 3258
17497 26 1320
17560 135 6795
14795 55 2767
15130 52 2613
18044 439 21996
15243 37 1897
17367 100 5007
17123 10 545
17858 248 12422
15254 64 3202
17195 24 1247
17112 42 2150
18040 73 3700
14218 151 7580
14903 208 10424
15966 192 9622
17851 259 12964
17206 287 14378
17137 91 4599
14418 94 4720
15391 128 6434
17495 215 10761
17481 28 1416
15383 122 6122
14281 203 10187
17840 33 1651
17237 398 19936
17620 199 9967
18481 113 5699
14798 38 1920
18024 127 6399
17339 187 9398
17343 38 1940
14758 105 5270
18021 577 28865
17482 174 8724
18499 201 10097
18527 576 28802
17237 22 1119
14825 59 2988
15383 211 10555
17497 26 1323
17985 113 5684
14736 135 6788
15946 478 23903
14736 115 5796
17990 305 15262
15970 397 19861
14774 241 12078
16101 71 3565
18021 138 6912
14277 125 6300
17753 148 7449
18492 238 11934
14281 88 4406
14545 69 3492
18010 81 4099
17123 27 1366
15391 226 11341
14749 301 15063
16063 51 2586
17560 135 6751
14722 161 8069
14729 45 2264
17349 66 3344
14218 250 12511
17283 0 16
14363 249 12497
17361 257 12872
14736 135 6788
17185 91 4593
14390 72 3611
17840 337 16872
17270 41 2071
14902 313 15651
14375 18 912
17603 34 1722
17960 12 629
15099 185 9259
16209 208 10436
14758 144 7218
18024 62 3135
15222 121 6078
14819 11 597
18010 101 5084
17447 120 6014
15987 233 11697
14363 163 8191
17089 83 4164
17834 52 2642
14768 31 1591
17099 99 4969
18011 39 1953
15154 97 4862
14190 18 903
17561 71 3551
17482 94 4748
14425 45 2261
17552 236 11815
14157 78 3938
17398 64 3230
14271 76 3836
17270 83 4190
17204 177 8892
14377 235 11764
17371 478 23938
15989 75 3787
14707 30 1548
17208 114 5748
14772 269 13482
14936 21 1100
14645 29 1466
14223 147 7353
17620 92 4637
15308 115 5798
14369 57 2851
15965 347 17383
14677 8 443
14138 95 4777
17986 14 744
17283 9 492
17504 11 588
15115 56 2829
18021 299 14987
17990 284 14234
14746 108 5403
14940 240 12029
15113 2 114
14697 22 1118
15061 194 9706
15154 233 11698
17985 178 8937
17237 279 13986
14338 94 4723
17973 70 3534
17270 4 224
17592 136 6817
17423 8 446
14377 107 5394
14938 298 14940
17383 23 1187
14375 6 320
17671 134 6748
14774 160 8032
14592 70 3536
18011 82 4133
14938 63 3155
14697 22 1118
14546 151 7590
15970 198 9905
17089 1 87
17481 11 577
17834 22 1128
14410 1 99
16101 71 3572
15014 82 4102
17667 127 6361
15127 43 2176
14245 132 6644
14319 17 859
15154 96 4835
14736 164 8218
14127 77 3881
18527 302 15129
17978 315 15787
14549 143 7154
17679 7 360
14227 38 1934
17251 215 10765
14618 18 930
14151 94 4717
14306 122 6113
17858 248 12432
14870 136 6806
18005 110 5510
17204 91 4581
17858 301 15056
17671 242 12130
17361 155 7781
14403 63 3192
18011 33 1671
15403 13 658
17631 76 3811
15228 57 2898
15167 141 7096
17623 8 410
14543 49 2452
14157 104 5204
17611 87 4356
18005 23 1199
17827 62 3112
14246 196 9844
18021 670 33525
17333 117 5873
17269 170 8513
14564 19 953
14771 82 4116
17237 235 11759
17360 49 2452
15403 81 4072
14218 150 7545
17237 398 19937
14223 95 4758
17829 182 9114
17667 97 4893
14455 218 10910
17992 15 786
17875 330 16515
17580 15 800
14279 58 2945
17497 8 405
15147 185 9256
18045 43 2194
14707 11 576
18527 545 27274
17482 94 4705
15361 155 7751
17462 12 615
17335 38 1950
18011 35 1752
15965 269 13456
17239 128 6433
17383 461 23091
17333 117 5889
18007 77 3887
17360 20 1028
15113 62 3134
17312 115 5790
14970 98 4930
14446 25 1275
15228 130 6519
15228 11 600
14409 199 9952
18005 118 5923
14564 10 526
14418 187 9382
15355 48 2436
17251 216 10848
14736 224 11244
17462 0 39
14232 9 499
17530 23 1179
15425 122 6105
17462 11 585
17992 47 2358
16117 0 11
15308 115 5796
16219 222 11116
14945 27 1378
17992 2 103
17985 78 3911
17978 16 810
14165 90 4544
17611 3 196
15138 71 3554
17614 1 68
14816 133 6667
17095 80 4009
15318 143 7157
14375 109 5480
17494 48 2401
17560 135 6795
17191 28 1422
14970 236 11815
17270 4 237
15228 82 4149
17462 23 1180
14945 35 1799
14938 93 4681
14927 173 8699
15103 134 6708
18044 419 20982
14795 55 2751
17636 5 290
14772 128 6449
14884 177 8891
17603 26 1330
15297 198 9938
17986 117 5899
17316 117 5867
15163 71 3590
14819 10 535
17992 66 3309
14333 9 482
14139 117 5895
17667 278 13940
15167 102 5150
14459 99 4956
17497 18 947
17447 62 3116
14409 176 8823
18481 0 8
17137 100 5041
17360 55 2778
15328 62 3108
14936 63 3181
17095 97 4866
17177 78 3922
17208 196 9827
17123 10 519
18045 63 3182
17365 19 984
14224 76 3818
17415 47 2370
17390 85 4269
14223 147 7353
17671 437 21890
18001 1 72
14375 108 5417
17415 47 2377
18463 215 10753
14257 236 11842
16117 0 11
14246 196 9818
17255 38 1901
18021 327 16371
14632 23 1173
15228 82 4143
14279 51 2574
14165 77 3883
14436 47 2380
14524 29 1479
17834 64 3230
17335 93 4675
14427 264 13240
17237 432 21637
18049 45 2264
18031 88 4422
17858 235 11772
17986 14 744
17671 233 11674
18024 62 3130
18481 113 5699
16031 12 648
15391 187 9397
16219 258 12904
14338 132 6620
14369 141 7099
18021 340 17004
17552 236 11825
15328 65 3257
14524 5 289
17419 26 1339
17462 11 586
14764 38 1902
17972 129 6472
14165 100 5031
14774 226 11345
14377 181 9071
17623 6 327
14195 198 9949
17829 20 1045
17662 27 1389
17137 91 4599
18481 113 5681
15383 122 6119
14290 268 13417
15946 390 19518
17191 45 2261
18497 257 12863
14632 28 1410
16058 26 1350
14356 222 11117
15318 90 4543
14798 38 1922
17339 308 15405
17559 81 4079
15167 155 7781
15014 9 482
17865 129 6462
17620 122 6115
15392 94 4746
17462 8 417
17667 97 4855
14897 45 2291
17535 22 1133
17504 11 580
15293 66 3322
16047 5 252
15243 9 461
17871 93 4655
17662 32 1611
17168 66 3323
14819 13 686
14191 155 7755
14729 41 2077
18527 576 28802
15079 39 1997
14970 212 10618
17255 57 2852
18040 46 2309
16101 56 2821
17973 22 1150
14543 130 6501
15987 141 7078
15941 23 1179
17671 218 10916
15989 75 3769
15074 56 2842
14545 109 5467
15222 121 6051
15383 122 6117
17243 46 2309
15014 61 3066
18021 662 33127
16041 192 9617
17237 27 1363
14218 256 12804
17494 303 15180
17495 215 10779
14564 151 7588
14697 6 338
18011 33 1651
17840 322 16148
14746 304 15239
14938 298 14949
17871 7 390
17326 48 2449
17367 3 157
17394 171 8594
17251 215 10788
17343 34 1731
17251 215 10765
17493 151 7563
14556 135 6787
17125 63 3161
14546 27 1365
18021 327 16363
17505 96 4818
15286 186 9334
18007 39 1975
15130 50 2550
17177 44 2247
17780 44 2243
17185 57 2851
18466 60 3016
14819 13 669
14546 179 8988
15252 47 2361
17415 189 9486
14165 35 1791
15941 74 3737
14127 77 3865
17270 83 4190
17522 111 5573
17875 254 12730
17535 35 1777
14722 190 9528
17827 28 1420
14564 106 5331
17609 51 2567
17383 461 23098
14329 90 4543
17177 44 2247
17123 10 550
17611 87 4382
14427 100 5038
17415 47 2377
15383 122 6117
17312 115 5790
14707 30 1526
17875 263 13160
17065 91 4596
14771 121 6089
15228 82 4122
15222 0 46
18021 694 34739
17361 378 18924
17312 261 13098
17095 40 2004
17482 94 4748
14545 109 5485
17978 133 6698
14664 190 9540
15115 56 2845
17495 33 1673
17973 13 658
17753 175 8788
18040 86 4310
14427 264 13219
15074 103 5196
17349 79 3995
14157 4 247
14218 250 12511
17367 100 5007
16089 6 329
14902 101 5094
14746 147 7381
14403 59 2957
14647 121 6086
18010 81 4081
17322 20 1016
16058 190 9506
16051 24 1229
17875 421 21075
17270 61 3070
17573 100 5032
17776 17 867
17390 85 4292
14316 51 2580
14218 35 1796
15103 185 9269
14771 121 6089
17269 88 4419
18007 77 3888
14228 84 4202
16051 125 6265
18049 45 2285
18024 361 18084
16058 190 9544
17992 47 2382
17753 4 243
15061 252 12640
14458 42 2132
15966 15 786
17875 263 13188
17462 0 39
17451 162 8122
17125 31 1571
16219 223 11163
14884 52 2630
15115 63 3177
16051 146 7326
15403 81 4086
16209 287 14357
17875 330 16542
18021 138 6927
18021 138 6929
14825 59 2990
17696 176 8840
17239 171 8560
15154 117 5888
14146 56 2817
17260 27 1395
15965 496 24818
17237 432 21620
14436 15 774
15361 155 7751
14218 54 2703
15986 164 8238
18021 299 14957
14748 34 1705
18011 82 4145
18007 39 1999
17671 168 8417
17763 82 4150
14546 151 7557
14970 13 655
14884 125 6296
18010 101 5079
17123 21 1067
16117 0 35
16080 15 794
14623 171 8592
17590 16 840
17206 17 887
15335 188 9429
14157 195 9768
17623 6 327
17206 483 24153
17479 23 1200
14377 133 6677
14647 111 5562
14664 9 451
15086 6 302
14548 168 8417
15987 141 7070
17068 16 820
16058 217 10869
17206 204 10212
14246 196 9844
17326 18 928
16209 324 16215
17875 402 20131
17270 47 2360
16080 15 774
17851 259 12956
17503 241 12097
15297 198 9929
17858 194 9746
17312 58 2947
15941 66 3314
17612 50 2504
15061 157 7898
15079 55 2793
18048 23 1178
17394 171 8579
14897 48 2406
17504 8 434
15147 91 4578
17191 44 2214
17535 13 691
18028 254 12738
18021 662 33114
14903 176 8801
15389 53 2665
17871 93 4693
14642 71 3565
17992 78 3904
17623 4 244
17313 180 9021
15941 47 2376
14277 0 6
17834 52 2635
14165 90 4528
14367 88 4435
18039 74 3720
17344 69 3476
14363 235 11792
14548 189 9475
14940 87 4382
14544 88 4409
14545 32 1620
14446 25 1257
15409 84 4244
17535 22 1112
14641 36 1837
17361 163 8191
14764 82 4133
17333 117 5874
17530 10 532
18049 45 2285
14438 171 8579
14740 57 2879
18005 210 10525
17269 88 4411
17336 47 2377
18499 201 10069
14369 57 2874
14338 232 11626
14316 52 2624
15286 201 10086
17125 63 3154
15425 177 8870
17662 180 9049
18040 26 1350
15391 198 9904
17206 22 1114
18007 77 3864
17112 42 2107
18021 475 23773
15061 229 11457
15941 74 3724
17123 10 545
15403 174 8717
17986 117 5888
17861 381 19093
17590 13 688
17457 68 3440
17068 0 32
14758 105 5265
14544 272 13646
14722 190 9528
15987 370 18517
14146 77 3886
14291 97 4860
17623 8 420
17851 259 12976
18044 404 20235
18039 95 4800
14749 52 2638
14379 147 7378
15222 220 11007
14897 21 1065
15361 190 9503
18049 21 1062
16219 258 12904
14750 19 956
14741 201 10053
17398 178 8949
15318 90 4544
17645 35 1770
14122 180 9009
17671 218 10945
17206 407 20362
14618 18 930
17068 5 298
14161 15 795
14921 68 3405
14195 118 5938
14564 151 7556
15392 7 383
14610 226 11319
14771 129 6462
17530 79 3983
17451 162 8122
14542 146 7329
14375 159 7969
14564 22 1109
16031 25 1296
14610 184 9228
14549 88 4403
17858 179 8975
17204 177 8869
14645 28 1447
17371 465 23267
18045 49 2475
14409 199 9951
14970 13 673
14425 205 10263
14888 137 6897
17875 414 20745
14558 110 5538
14647 111 5562
14643 244 12246
14338 94 4737
14409 199 9955
17973 13 682
17333 102 5111
18048 327 16352
18049 21 1072
17112 0 11
14165 104 5203
17095 40 2010
16031 2 137
17482 160 8028
15361 212 10613
14146 29 1487
15243 9 461
14227 66 3350
14146 77 3857
18039 95 4797
14127 77 3881
17631 75 3751
18039 40 2040
17413 139 6959
17206 176 8802
15138 71 3554
18048 378 18905
17573 100 5032
15970 133 6678
18021 475 23761
17371 428 21434
17204 91 4595
17343 34 1737
16080 48 2403
14403 3 194
17137 91 4567
14139 117 5861
17524 68 3415
18466 70 3502
14817 19 965
18039 46 2312
14748 169 8497
17865 174 8708
14223 14 745
14564 11 580
15074 32 1609
15163 71 3584
14936 63 3176
17269 170 8528
17123 2 136
14122 180 9011
14805 143 7156
14338 122 6147
17662 156 7837
14564 11 580
17206 204 10212
15125 186 9338
14884 140 7033
17322 20 1031
17992 66 3309
15409 78 3939
17237 341 17089
14425 49 2457
14218 110 5550
17829 182 9120
15236 65 3267
14942 193 9654
14927 153 7656
14277 0 24
17313 198 9945
15163 71 3587
17753 4 243
14632 70 3517
14921 49 2472
14546 136 6846
17339 121 6097
18039 46 2312
14543 130 6515
14942 77 3890
17089 1 90
18021 327 16398
14122 171 8551
14438 109 5500
18001 1 98
17112 45 2295
18044 439 21955
17065 133 6691
14377 96 4826
14281 60 3011
15014 29 1493
17134 64 3244
17254 58 2922
16051 146 7325
18492 271 13585
14642 71 3563
17313 58 2925
14768 87 4367
17339 308 15411
14232 9 499
17364 52 2623
15113 119 5972
15103 218 10919
14543 234 11717
14564 68 3432
15080 34 1737
17123 21 1072
17333 57 2892
14355 1 53
17850 28 1405
14927 173 8672
14263 103 5186
14942 241 12067
15228 130 6504
17985 138 6928
17623 0 35
18024 338 16932
17679 0 21
17206 445 22252
17573 77 3851
14623 17 872
16095 288 14424
15987 177 8876
14306 122 6132
15383 207 10394
15933 56 2814
17479 8 405
17371 465 23267
18044 522 26117
17125 63 3161
14403 41 2096
15970 442 22125
14549 210 10536
15946 478 23913
14902 20 1022
17612 50 2542
18005 77 3893
17985 150 7511
17875 414 20733
17978 133 6688
14548 42 2136
14819 2 127
14564 3 163
14195 198 9905
17333 55 2797
14746 108 5403
17312 110 5524
18525 173 8691
14592 42 2149
14377 181 9071
14291 112 5613
15234 103 5190
14427 264 13248
14425 133 6692
17530 110 5549
14390 72 3611
17339 274 13736
14271 188 9418
17482 94 4707
17361 248 12420
14191 155 7755
15249 141 7076
14636 121 6051
15382 185 9252
14369 70 3548
14801 252 12645
17237 442 22103
16058 113 5684
17089 1 90
14356 177 8865
14157 54 2733
14936 52 2607
16063 30 1523
17990 305 15262
18007 77 3888
14356 120 6007
18045 55 2798
15308 93 4681
17339 164 8234
17152 55 2767
17671 168 8419
14632 57 2863
14403 3 181
17482 158 7925
14747 51 2561
14450 72 3647
17578 21 1086
18499 201 10069
14436 15 779
14805 13 663
17208 114 5735
17603 34 1722
14455 205 10291
17206 483 24153
15130 50 2509
14369 141 7089
17360 32 1624
17840 81 4064
15294 45 2255
17590 17 868
17573 100 5040
14445 0 17
14157 66 3306
14436 264 13240
14642 108 5413
14610 5 296
17535 50 2535
14707 52 2603
14801 252 12636
14746 304 15243
17631 29 1462
15318 120 6001
14455 205 10257
14410 290 14540
14286 11 557
15279 30 1545
14772 73 3655
14575 55 2774
15989 75 3775
16095 251 12556
15167 66 3313
17612 29 1480
17123 2 136
14446 21 1055
17457 68 3440
17337 45 2258
14798 2 125
14632 70 3527
14195 118 5947
14445 113 5698
17394 155 7799
17441 42 2120
18024 62 3121
14549 131 6577
18040 26 1344
15297 198 9925
14356 222 11117
17112 45 2283
18527 302 15123
17495 215 10761
14149 223 11169
14801 252 12636
17495 222 11144
17371 4 219
15251 108 5405
17333 117 5874
17204 91 4581
17494 151 7575
17986 117 5888
14543 148 7417
15061 194 9706
17371 55 2762
14564 19 953
15264 16 812
17435 8 416
17326 12 636
17990 355 17767
14729 21 1071
15391 139 6995
14824 187 9374
17413 139 6968
17394 183 9187
17875 263 13163
17415 146 7324
14643 110 5540
18005 23 1174
15382 0 6
14355 2 140
14642 71 3565
14455 205 10257
14749 12 621
18039 95 4800
15328 65 3257
14940 101 5089
17361 163 8187
14736 164 8223
18039 169 8470
15328 181 9090
17383 461 23071
15297 198 9938
14768 80 4009
17126 92 4648
14450 82 4149
14403 63 3179
15318 124 6217
17195 61 3096
17349 66 3310
17125 63 3154
15163 71 3590
17671 218 10938
15296 203 10190
16047 24 1205
17270 47 2393
17960 12 649
14707 11 566
18005 54 2702
17224 38 1944
14805 199 9990
17339 10 527
14446 25 1257
14642 23 1159
15941 74 3747
17168 2 113
14795 19 989
17482 86 4347
17360 20 1028
16058 190 9528
17283 37 1851
17978 315 15791
14564 15 769
17482 174 8717
17686 363 18152
17590 15 763
14643 133 6684
14938 186 9347
17875 421 21076
15147 122 6132
18048 365 18278
14643 133 6674
14884 102 5118
14623 258 12947
14213 13 675
18024 398 19908
15297 198 9928
15014 29 1486
17168 16 813
14558 110 5532
14190 14 727
18527 545 27276
14938 37 1885
15297 198 9922
18011 82 4127
14146 32 1649
15254 60 3041
14445 52 2605
14903 247 12362
14697 47 2400
17623 8 439
15154 96 4816
17561 71 3574
17335 46 2324
17068 0 4
17559 19 996
15014 152 7623
15328 177 8864
17361 257 12889
14218 86 4338
17875 414 20735
15297 108 5418
15355 48 2450
17191 3 159
15423 25 1288
15318 90 4543
17191 3 159
18009 22 1121
18009 17 858
18007 39 1967
17985 167 8381
17435 59 2998
17561 50 2542
17178 40 2049
14749 52 2644
14263 285 14290
17753 17 852
14436 264 13240
15147 62 3141
17992 66 3344
16063 51 2586
15946 432 21625
14870 108 5406
18499 343 17180
17343 1 61
17383 78 3939
14936 63 3168
14379 220 11009
14319 3 159
15074 74 3744
17251 213 10669
17561 60 3047
17530 7 386
14901 38 1906
17493 245 12281
17484 205 10270
18011 82 4125
17178 40 2022
14355 6 345
18466 60 3004
