17033 49 2500
14774 176 8834
17338 86 4309
17985 138 6919
14338 232 11626
14642 3 163
14157 78 3928
18754 34 1730
17661 84 4233
14446 25 1257
14702 33 1663
17208 254 12740
15965 347 17373
17661 84 4233
14333 22 1144
14772 236 11816
14664 240 12002
16199 309 15473
14117 24 1247
16893 49 2487
14157 66 3322
15403 2 132
18752 199 9983
16073 209 10454
17592 151 7571
17336 1 97
17206 175 8766
18764 32 1614
14956 310 15536
17823 99 4989
15965 429 21492
15828 506 25320
14921 68 3404
15862 296 14807
18753 69 3496
18024 589 29462
17300 11 595
14403 63 3178
18027 37 1876
15154 8 433
15154 8 433
15115 20 1018
17116 67 3372
14403 68 3402
17366 23 1168
16319 3 199
14545 89 4479
17423 9 455
17447 62 3110
16031 2 123
18028 305 15289
14154 81 4088
18947 309 15473
14269 140 7048
15254 49 2494
15113 47 2370
15987 177 8876
17603 26 1321
16458 37 1877
14157 66 3304
15099 36 1840
14377 83 4172
16835 27 1370
18764 40 2001
15469 318 15912
14543 181 9094
14772 48 2422
16432 13 676
15733 13 668
16301 272 13644
15383 250 12508
17535 70 3510
18765 333 16693
16893 11 587
15919 36 1814
17875 375 18793
15970 397 19861
15383 69 3485
15014 163 8151
15917 503 25186
14218 200 10017
16118 225 11280
17055 428 21448
14269 65 3257
18756 128 6403
17237 235 11783
14157 93 4678
16410 193 9693
16150 103 5161
18027 37 1863
15430 41 2092
17228 81 4077
17973 22 1144
14768 87 4367
14409 176 8847
16410 159 7994
15328 177 8864
14277 125 6300
14722 42 2130
18922 398 19940
17116 67 3373
16344 20 1032
17394 183 9171
17383 23 1154
17177 37 1880
15273 178 8927
17955 275 13780
14575 83 4169
17662 32 1624
14218 82 4108
17972 164 8239
15154 118 5942
15053 48 2447
17791 0 12
14824 305 15263
16493 81 4089
17029 60 3008
15464 234 11720
14722 161 8062
17371 29 1500
17383 461 23092
18712 182 9124
16431 95 4777
14154 108 5407
18874 209 10466
18929 281 14076
17371 465 23267
18756 128 6415
17068 27 1384
14749 61 3087
14218 200 10017
17361 257 12856
18779 453 22666
17172 62 3124
18764 32 1614
14328 23 1178
15254 64 3215
14403 59 2982
18779 541 27065
14942 251 12578
14729 21 1071
15154 226 11337
17336 4 232
17326 59 2951
15099 185 9259
15591 179 8991
18933 390 19512
17791 13 662
16893 11 582
14149 256 12814
18031 83 4175
14921 59 2990
18045 49 2459
17367 91 4586
14286 11 563
17875 421 21055
18001 1 72
15894 39 1997
14746 279 13954
16042 34 1710
18653 68 3449
18955 251 12551
14740 57 2883
16526 48 2415
18249 7 383
15430 46 2301
16581 178 8923
17344 30 1530
16199 234 11727
17990 254 12738
18514 28 1433
14356 177 8852
17326 12 605
17028 95 4785
16167 259 12985
14329 199 9957
17522 18 909
18732 256 12802
14117 33 1658
18527 545 27268
14664 151 7596
16199 175 8784
17361 155 7783
14277 125 6300
17206 216 10830
18910 79 3982
15484 97 4867
14458 32 1633
16042 11 562
14948 279 13957
15927 178 8901
17419 16 801
17343 29 1463
16555 69 3480
18039 46 2330
16186 124 6210
18644 124 6238
14336 88 4402
17840 156 7815
17383 116 5843
14355 9 459
18644 124 6233
14903 79 3984
17312 206 10315
17990 428 21417
17326 18 923
17561 177 8873
14733 0 6
15113 0 31
17217 48 2428
18018 46 2303
18024 345 17278
17524 76 3804
16867 206 10336
14564 154 7724
16878 158 7921
14575 55 2790
17696 54 2725
14901 72 3631
15673 53 2689
16225 155 7757
15941 66 3336
17361 185 9277
16458 37 1881
14721 164 8240
15297 198 9926
14623 288 14404
18040 5 297
15801 378 18922
18752 564 28212
14549 210 10529
16526 30 1541
17590 15 763
14715 41 2058
16319 21 1067
18752 363 18164
15774 449 22475
17834 63 3181
14915 206 10325
18007 70 3529
18253 11 561
14824 187 9374
17753 175 8763
17972 164 8237
17243 43 2156
18928 96 4849
17004 262 13107
15859 338 16930
14642 126 6341
16119 525 26298
17973 50 2523
17338 10 519
17095 97 4861
14795 60 3029
15328 15 792
15828 145 7277
18233 141 7056
18258 126 6328
17874 20 1020
15103 134 6720
16119 199 9985
15640 48 2449
17440 165 8286
15867 73 3665
17992 15 781
15894 109 5488
14336 55 2765
17662 32 1624
15469 194 9707
18794 20 1024
17633 74 3718
15103 89 4485
17371 386 19334
14338 122 6110
15927 57 2874
18632 156 7808
16835 304 15237
18244 34 1744
16835 38 1904
15154 117 5854
16921 18 932
16227 46 2312
18040 26 1346
15391 44 2213
14774 176 8835
15167 79 3998
17447 64 3219
16826 169 8475
14764 38 1932
18662 9 476
15113 43 2161
14277 3 199
17366 45 2266
17177 68 3415
18732 254 12740
17696 54 2724
14546 112 5615
18007 39 1964
16355 47 2385
17177 62 3121
18907 102 5146
18756 129 6465
15917 386 19313
18011 35 1788
15425 13 676
14231 19 986
14410 290 14513
18035 94 4708
16227 28 1420
17152 7 366
15115 99 4971
15800 279 13985
18756 2 108
15923 192 9645
14697 47 2352
17089 53 2677
16172 396 19816
16676 330 16535
17123 2 140
14697 47 2393
17766 33 1695
17990 405 20289
14736 188 9449
14190 72 3625
17237 515 25799
18007 91 4557
14190 72 3625
14524 36 1846
14149 0 25
17866 60 3022
17237 22 1115
17481 36 1810
17005 100 5029
18018 46 2319
14795 55 2751
18244 109 5466
18732 104 5240
17206 483 24199
17326 12 621
17361 298 14910
15909 81 4094
16526 48 2440
16889 256 12809
15987 177 8875
17324 53 2668
14271 139 6987
16379 4 241
14333 33 1677
17251 215 10777
17861 351 17595
14764 5 271
18514 63 3173
16845 143 7183
15328 177 8864
17116 0 35
14546 151 7561
14263 285 14290
18246 20 1010
14216 17 872
14772 48 2405
18499 201 10066
18754 34 1739
17055 433 21685
17978 133 6698
14277 125 6300
17875 330 16511
15867 140 7013
18756 128 6401
18574 75 3768
14202 121 6078
15383 250 12534
17095 97 4868
17099 99 4979
15965 125 6264
16526 68 3442
17423 9 453
18923 391 19600
14270 254 12709
17144 89 4463
18018 46 2324
15234 6 338
17046 74 3745
16798 19 951
16186 326 16338
17667 97 4868
16878 158 7921
14117 33 1658
14335 280 14036
15511 202 10105
15053 23 1173
18044 522 26136
18732 316 15830
15166 259 12987
15591 28 1410
15014 152 7648
17029 152 7622
18924 121 6065
17260 11 560
17415 146 7322
15154 123 6200
15442 109 5475
17875 330 16515
15430 41 2095
14901 72 3631
18651 75 3759
15965 347 17388
17343 12 604
14356 177 8865
14764 53 2652
18929 220 11019
15236 85 4255
18044 419 20962
17990 405 20276
14269 41 2069
15986 61 3091
17658 22 1119
16581 254 12730
14558 279 13965
17681 18 933
17462 19 959
14747 39 1964
17851 259 12963
18779 301 15084
18756 125 6262
14816 57 2894
14319 10 539
18750 213 10694
15061 252 12603
15987 210 10526
14798 2 125
16341 269 13491
14333 33 1678
14921 7 360
14611 157 7892
15074 74 3706
17116 0 19
17371 149 7465
17339 43 2181
15403 81 4064
16095 79 3972
17206 326 16331
14338 232 11626
18603 7 354
18665 209 10465
14338 54 2716
17383 116 5811
17322 5 293
14902 313 15683
17459 47 2356
17875 346 17317
17493 245 12256
18953 355 17797
18603 184 9219
14623 17 869
15053 188 9432
14403 63 3173
16227 28 1431
15430 41 2095
15252 47 2381
16825 29 1473
16893 53 2660
14546 151 7561
14722 63 3174
16144 77 3860
15987 326 16331
16199 175 8784
18659 134 6741
18007 77 3879
15383 289 14479
14410 274 13728
15154 123 6199
14772 240 12016
18922 157 7867
15862 296 14829
15464 234 11731
14772 6 323
18044 55 2796
17260 30 1520
18514 80 4009
16167 56 2835
16753 6 303
15794 134 6723
17766 33 1659
18492 238 11934
18732 89 4474
17992 78 3947
17504 4 245
15673 53 2689
15486 372 18635
15464 203 10194
15127 33 1672
15970 198 9932
14527 76 3845
15867 73 3679
16832 1 98
14575 83 4190
18651 64 3211
18233 40 2043
16783 45 2286
14736 135 6783
18665 25 1282
15391 187 9392
14379 28 1442
16733 5 254
14165 51 2594
15965 290 14544
18603 7 354
14524 36 1846
14329 227 11390
16733 17 868
16832 1 98
17973 22 1144
16172 522 26126
14636 102 5128
18874 194 9713
16979 1 77
17955 259 12991
18678 329 16494
17985 180 9023
14623 88 4427
16101 56 2816
17834 5 267
18010 81 4062
17633 74 3712
18219 58 2904
15458 57 2880
18701 226 11308
17482 139 6989
18922 418 20932
15941 66 3335
17270 81 4078
17874 19 968
17366 51 2577
16458 162 8132
16341 269 13491
15166 43 2182
15987 210 10526
17237 235 11798
14764 101 5080
15053 23 1159
15403 81 4064
14623 17 869
17300 18 901
17866 60 3016
16867 155 7751
16410 193 9697
15794 17 878
14546 27 1379
17178 53 2679
15640 48 2402
14772 236 11840
14975 93 4682
18044 268 13443
17522 150 7530
14636 102 5131
14632 57 2852
17985 167 8378
18527 360 18033
18008 82 4141
15591 179 8978
17681 22 1142
16798 67 3388
14545 148 7408
15696 76 3828
17753 148 7401
17985 78 3907
15774 449 22451
16150 103 5198
15447 160 8006
18666 26 1304
16225 155 7757
17459 105 5266
17874 51 2591
14740 57 2853
14734 148 7443
18923 623 31169
17858 248 12422
18474 217 10859
15099 185 9253
14774 112 5603
14246 122 6118
16485 30 1515
18481 124 6202
17681 50 2533
15689 273 13676
16733 17 862
16888 540 27040
18253 11 579
14642 8 414
14231 19 963
16058 190 9544
16186 160 8008
18712 306 15322
17208 116 5817
15986 61 3056
17144 165 8298
14151 70 3506
14902 213 10672
18018 46 2321
14271 139 6987
18922 599 29984
17415 77 3881
15115 20 1043
18018 15 779
14736 213 10695
17361 342 17111
18031 88 4410
17973 3 155
18039 169 8465
17636 35 1796
17116 0 19
17603 17 859
14642 117 5874
18497 65 3254
18732 50 2508
18034 101 5073
15236 65 3285
15917 353 17675
17840 337 16895
14338 50 2529
15236 65 3289
17177 68 3415
14970 86 4325
17116 0 3
14369 45 2262
15335 181 9080
16144 3 190
15163 31 1579
18922 26 1311
14223 55 2793
14664 190 9523
18666 61 3065
17312 206 10315
17671 218 10945
17990 254 12738
17053 110 5503
18527 302 15131
17580 16 804
18466 60 3047
14677 60 3025
17776 5 255
18748 153 7659
14436 80 4043
18481 113 5673
18489 195 9776
17068 12 611
18463 273 13691
15861 58 2925
18779 473 23660
18763 0 42
16867 260 13036
18011 33 1679
15640 64 3224
14281 83 4164
14975 83 4192
16172 472 23601
15987 233 11666
14269 65 3257
14970 68 3425
14545 148 7429
16242 265 13280
16506 161 8066
18527 302 15105
15273 178 8927
18763 11 597
14664 240 12023
15987 370 18517
17440 76 3814
17681 46 2330
16761 368 18429
16205 248 12447
14390 84 4210
17300 11 567
16835 27 1393
14611 157 7862
14956 310 15523
17517 316 15823
17333 117 5892
18923 391 19553
14782 73 3654
17140 126 6337
17667 61 3074
14921 7 360
16874 99 4980
14733 62 3112
16526 43 2178
16497 8 427
14749 300 15003
18048 408 20446
17237 55 2784
14543 104 5227
15251 108 5426
14772 6 304
18024 338 16914
15919 36 1814
16689 6 312
14575 4 209
14975 133 6668
14545 89 4479
17254 58 2907
17046 62 3115
14824 187 9374
15965 269 13478
14218 82 4110
15970 198 9915
15876 51 2554
15328 62 3121
14874 46 2311
15166 43 2182
14335 220 11048
14664 190 9501
17447 62 3110
14162 74 3729
15965 290 14504
16227 33 1691
14427 264 13248
14281 88 4432
18922 343 17174
15469 194 9707
16733 17 868
18922 26 1311
17324 53 2668
14450 77 3856
14195 130 6509
17875 330 16515
14403 63 3179
14154 197 9894
17972 164 8214
16893 49 2484
16058 29 1470
16227 161 8056
14564 1 100
17681 50 2533
15318 147 7374
17535 70 3510
18272 14 734
18007 77 3891
14956 236 11834
16845 143 7176
14409 176 8815
15987 345 17299
15591 183 9158
17958 25 1265
18685 484 24235
18481 38 1948
14195 130 6509
17972 33 1700
14379 28 1442
16051 206 10327
14940 121 6098
15403 81 4064
16431 196 9841
14575 23 1179
14664 151 7596
17662 27 1355
14825 59 2994
16432 19 978
16047 34 1705
15103 218 10917
15167 141 7075
15469 318 15934
14768 31 1571
18619 120 6011
18779 32 1629
15322 54 2746
17326 59 2951
17766 1 67
16893 11 586
15859 289 14495
18525 101 5056
18732 104 5243
18258 123 6185
15294 66 3306
18024 364 18221
15965 290 14544
14356 177 8865
14279 49 2490
18712 306 15340
15689 273 13685
18760 259 12968
18922 38 1924
15965 429 21458
18955 136 6805
15457 170 8505
18929 220 11019
18018 46 2303
16889 245 12294
18712 138 6943
14151 66 3304
15442 171 8593
18007 77 3891
18492 223 11169
14450 278 13928
14524 49 2469
16205 493 24698
15862 296 14807
15940 123 6156
17985 150 7527
14356 120 6035
16073 209 10459
18481 38 1924
16947 94 4717
14403 47 2360
14721 67 3390
15917 102 5132
14722 54 2743
15335 188 9436
18860 29 1493
14223 55 2774
14338 163 8171
15876 52 2618
14564 10 535
14795 55 2751
15909 214 10702
17178 36 1809
18474 233 11653
18048 408 20413
15965 269 13456
17522 18 909
17958 25 1294
14269 41 2085
14722 39 1961
15484 77 3858
14968 127 6393
16753 62 3105
15872 69 3476
18577 270 13547
14623 288 14404
18007 77 3853
17459 105 5266
16058 26 1340
18712 182 9138
14269 41 2085
16526 68 3412
18238 218 10907
15127 43 2160
17522 159 7977
16265 16 844
14632 79 3956
18765 291 14575
15894 87 4384
18474 217 10856
18685 565 28262
16442 57 2863
15080 34 1737
14975 51 2563
18048 365 18258
18481 124 6205
14286 11 563
17195 117 5873
14782 139 6976
16697 122 6110
17371 55 2756
17990 405 20276
18010 81 4067
16921 175 8755
14746 108 5417
18662 7 356
17493 245 12256
16867 155 7799
17152 7 366
17484 274 13717
14243 33 1677
18005 214 10716
18010 101 5082
17237 22 1115
14269 39 1998
18514 80 4009
14231 10 524
14774 112 5603
17191 31 1562
18644 159 7982
14319 13 690
16520 101 5068
15252 24 1229
17300 10 537
14291 136 6808
18752 363 18168
14291 58 2933
17840 156 7807
14425 175 8792
14549 210 10529
14575 83 4169
14450 82 4101
17530 7 365
17335 93 4685
14377 83 4171
17504 28 1448
18040 5 297
14893 200 10003
16888 142 7126
15403 95 4784
18028 305 15289
14458 46 2323
15115 153 7694
18779 32 1629
18210 7 393
17267 81 4080
16836 51 2571
15783 85 4268
18219 154 7742
17116 0 19
16172 396 19841
18756 22 1122
14231 25 1290
15254 60 3027
18048 378 18905
18011 33 1655
14956 310 15523
18666 51 2594
15876 52 2609
16581 178 8945
17504 11 581
16889 192 9635
17327 119 5955
16836 51 2571
17504 25 1258
16888 413 20670
17208 139 6983
18750 205 10281
15254 97 4884
15166 43 2179
18514 28 1433
17671 218 10933
17757 46 2333
15099 36 1840
18054 464 23237
18024 338 16913
18753 69 3488
17992 78 3929
16867 155 7786
18947 40 2034
15458 7 371
15014 164 8217
14970 13 655
16058 22 1143
16825 74 3708
18732 509 25473
15941 23 1174
18794 54 2707
18516 367 18361
16733 5 254
18244 24 1241
17423 11 579
17620 95 4769
18765 74 3737
14768 87 4391
18933 390 19516
17955 243 12154
18923 646 32332
17992 78 3947
17366 23 1168
17335 25 1299
14363 220 11020
18246 39 1972
18953 328 16446
17875 405 20274
14338 232 11640
14316 8 414
15115 63 3180
16051 206 10345
16753 62 3105
14768 52 2643
15828 421 21068
14632 79 3956
14139 258 12913
15014 152 7648
18024 361 18094
14548 168 8442
18933 182 9105
14886 55 2751
14431 17 898
15430 46 2301
17871 34 1743
14425 145 7280
15511 202 10105
18024 476 23834
15973 116 5839
16117 34 1704
18630 50 2509
14592 10 515
15919 12 625
17696 176 8837
16172 80 4008
14736 188 9425
18018 46 2325
17313 70 3532
14643 179 8952
16847 58 2935
14458 32 1633
15322 54 2746
18039 169 8475
16209 23 1151
17419 47 2378
17990 284 14225
15457 70 3527
15554 177 8895
18574 75 3773
17535 28 1439
18024 345 17278
15409 84 4220
17494 148 7445
14819 10 533
14446 22 1110
18011 39 1980
14575 4 208
14202 85 4298
18752 564 28212
16286 548 27438
16075 308 15410
17322 5 293
18732 344 17214
15861 38 1917
16526 18 924
16298 200 10030
14356 120 6035
17972 246 12303
18697 380 19030
15383 289 14479
14379 28 1410
18794 20 1023
14190 18 949
17326 48 2446
17053 11 578
15989 512 25625
17364 105 5259
16526 68 3416
18760 259 12960
18499 220 11020
17990 284 14229
18712 64 3238
14151 70 3538
18907 107 5382
14986 111 5599
18779 454 22716
18779 441 22065
17333 51 2565
14968 127 6393
18741 8 406
18527 302 15132
17343 12 617
14611 110 5517
14369 141 7099
18685 484 24211
17757 82 4130
14721 33 1659
16319 3 199
14722 39 1961
17099 99 4979
18466 118 5920
17972 129 6480
16199 118 5914
18954 75 3790
17479 17 882
14436 201 10082
17875 375 18793
14564 106 5324
17875 421 21055
15403 174 8731
17578 6 317
18732 509 25473
18034 65 3297
15828 417 20871
16889 81 4082
14355 11 593
14774 241 12091
18481 91 4557
14707 49 2489
14369 107 5352
15462 25 1263
14338 186 9307
16075 314 15733
18860 116 5823
14795 3 190
16434 46 2345
16118 96 4849
15987 266 13307
17681 22 1132
15061 252 12603
18001 14 742
14146 56 2848
15462 168 8443
16410 193 9678
14228 84 4213
18219 154 7742
17140 62 3135
14610 168 8421
15696 8 447
14281 88 4401
14143 143 7151
15080 36 1832
17603 17 856
14771 60 3010
14202 47 2379
18005 214 10749
16219 37 1898
18040 86 4320
14634 66 3338
16965 322 16138
17435 49 2456
14286 5 254
18604 16 811
18049 45 2262
14819 8 423
16867 271 13553
18779 512 25647
14328 23 1172
18233 141 7069
16205 362 18103
16520 101 5088
18031 88 4403
14336 88 4402
18604 145 7289
18922 343 17184
18615 566 28310
18010 81 4071
17505 27 1387
16835 304 15225
18748 153 7665
18933 57 2873
17028 13 692
16836 18 906
18860 116 5825
18001 1 87
18011 82 4143
15458 12 635
14886 75 3786
16026 139 6969
16262 10 529
18748 153 7659
17270 61 3074
15591 28 1406
17028 212 10647
15252 47 2389
15923 155 7791
16117 58 2940
15279 114 5723
14768 35 1784
14643 110 5520
16051 206 10349
18763 0 33
14425 205 10296
15430 31 1592
14764 101 5080
17829 182 9130
16432 13 676
14527 95 4800
15403 174 8721
14277 35 1760
15279 114 5723
14438 125 6262
15966 305 15265
16809 232 11605
18765 333 16693
15251 82 4106
14524 36 1845
17671 168 8437
14338 305 15252
18010 101 5066
17851 326 16324
17371 465 23287
14246 72 3616
18732 57 2890
17479 8 416
14642 117 5874
16058 22 1124
14410 178 8944
16431 196 9836
15774 93 4698
14377 202 10132
15403 95 4784
17034 59 2951
15290 29 1460
17177 68 3415
18922 604 30214
18712 64 3238
18687 536 26805
14746 133 6664
15383 30 1524
14801 252 12610
15774 111 5582
18740 45 2260
18024 338 16914
14149 0 25
14270 34 1720
17829 62 3117
14286 8 402
17326 18 923
17603 26 1307
14202 85 4298
17990 428 21415
17457 158 7904
18931 62 3112
15876 51 2552
14159 134 6723
16051 146 7347
17366 23 1168
14568 31 1559
15923 388 19438
18034 65 3297
18779 301 15084
17992 82 4127
17336 1 91
17866 60 3018
14319 2 135
17776 17 867
14148 73 3657
18010 101 5073
18249 7 383
15469 194 9707
16893 11 582
15859 289 14495
14270 254 12720
16150 359 17998
15154 98 4947
17985 342 17122
15447 160 8004
18732 104 5221
14213 13 659
17339 199 9967
15179 103 5166
17322 38 1938
17267 31 1598
14970 236 11805
14218 82 4108
15987 199 9970
18750 205 10281
17696 176 8837
17178 83 4151
18874 199 9989
18010 101 5066
15074 56 2829
15447 121 6061
15828 145 7277
18008 91 4579
14774 112 5603
15464 160 8009
14154 108 5440
15876 72 3604
15965 194 9744
17990 405 20276
17260 25 1261
17137 91 4592
16026 15 756
18760 259 12970
17827 5 281
16432 13 697
14336 55 2765
14564 106 5324
14891 224 11229
17662 4 250
17973 22 1144
15733 4 215
14592 10 510
17239 163 8157
18929 228 11421
17851 28 1417
18651 84 4204
15383 18 920
14721 2 150
14133 103 5185
17875 375 18793
15987 233 11666
17333 55 2767
15909 222 11131
15115 99 4971
18687 3 180
17237 235 11783
18907 107 5382
15801 183 9193
17312 115 5791
16047 26 1321
16344 54 2723
18732 359 17991
15484 257 12856
17300 18 942
15973 120 6033
18874 240 12008
15279 30 1548
18741 8 435
17494 12 627
15909 214 10717
15862 284 14233
18779 32 1642
18011 39 1968
17753 175 8763
18732 89 4498
18929 76 3827
18527 302 15147
15940 214 10702
18481 120 6011
16798 48 2447
18756 111 5556
16118 96 4849
14664 244 12236
17866 60 3022
15103 228 11426
17679 6 309
14143 41 2074
17973 70 3519
18753 34 1716
15923 180 9015
17561 219 10960
18712 182 9142
17336 16 832
15923 155 7791
18603 184 9225
15383 250 12508
16205 239 11999
16506 161 8066
17371 29 1471
17972 246 12337
18860 90 4544
14306 172 8620
15080 34 1737
15529 119 5966
15163 71 3578
16118 96 4849
14746 279 13972
17419 16 801
14139 117 5872
18009 35 1772
14768 103 5194
17338 86 4309
14427 264 13229
18516 224 11211
15154 84 4201
18665 130 6515
17423 9 455
15154 8 418
17834 52 2642
16835 187 9359
15251 82 4126
17493 193 9676
15446 13 677
17840 81 4087
14319 24 1235
14410 290 14517
14151 66 3348
18040 86 4320
14893 247 12378
16186 309 15500
17322 35 1791
18922 398 19940
18005 23 1164
17636 33 1679
15328 177 8877
17217 109 5452
17522 90 4503
17696 54 2713
15266 33 1657
15430 154 7703
15696 76 3843
16225 155 7781
18008 82 4110
18499 201 10066
18953 355 17757
15927 57 2874
15442 171 8596
18922 604 30242
18928 96 4810
18631 369 18463
17336 38 1921
18764 40 2008
17850 28 1417
14319 2 135
14117 18 906
15462 25 1263
16874 99 4994
15966 150 7522
16442 4 220
18527 545 27291
16836 80 4007
17337 24 1241
14157 30 1511
14610 161 8064
17846 50 2539
16432 13 698
16058 29 1496
16073 32 1647
18748 4 249
17313 70 3512
17366 51 2577
