5891 158 7936
7008 1110 55518
6945 215 10795
6423 75 3776
7001 823 41166
6933 87 4374
7004 654 32707
7004 309 15457
5404 37 1875
7010 280 14046
6021 185 9293
5370 57 2851
7012 1061 53052
6763 142 7141
7001 344 17227
7008 1029 51484
6916 123 6178
5515 67 3372
6090 78 3950
5146 43 2164
6230 97 4872
6882 155 7787
7003 784 39202
7012 1466 73341
7013 193 9682
7007 22 1143
6650 18 935
5000 46 2328
6663 20 1037
6123 10 536
6697 98 4932
6756 153 7698
6831 53 2656
5340 96 4813
7008 833 41672
7004 1278 63912
6956 116 5830
6765 156 7829
7003 1044 52201
7003 1050 52510
7008 133 6695
7014 867 43381
6577 33 1666
6828 165 8278
7013 201 10094
6956 120 6049
7003 1193 59666
6756 47 2371
6908 54 2730
7003 469 23482
7001 682 34105
5404 30 1532
6960 79 3967
7008 889 44462
6387 11 586
6960 167 8361
7014 1728 86427
5977 194 9745
5586 139 6983
5547 72 3646
7014 10 514
6908 191 9584
6036 53 2677
7004 1340 67021
6981 38 1901
7001 480 24031
6480 127 6369
6030 8 416
5966 0 5
6616 22 1126
6420 45 2267
6025 98 4923
7003 1111 55576
7008 1387 69381
7003 262 13136
7004 654 32724
6650 20 1020
6827 108 5430
7003 1304 65238
7014 867 43398
6912 58 2924
5947 158 7901
7003 411 20558
7001 566 28301
6480 107 5363
7008 144 7224
6908 52 2619
6908 53 2675
7012 1730 86543
7010 1270 63519
7014 5 252
7003 932 46636
5380 3 195
5380 0 5
6090 80 4005
6090 76 3813
7014 515 25787
7004 1268 63447
6548 1 99
6321 71 3576
5078 3 178
6826 46 2334
6908 50 2550
7012 302 15105
7014 144 7213
6975 71 3594
5433 156 7826
6991 67 3368
7010 1049 52466
7003 228 11441
6663 21 1076
6923 35 1788
7012 529 26477
7010 649 32452
6812 9 454
5169 34 1746
7003 270 13511
7008 786 39350
5605 55 2769
6908 50 2506
5190 3 178
7010 1343 67151
7001 26 1347
6837 8 434
7008 144 7233
6362 76 3815
7006 486 24306
5966 46 2335
6666 15 783
7001 682 34148
7014 1270 63545
6912 195 9761
7012 1659 82972
7013 206 10312
6030 13 693
7014 1640 82036
5891 149 7452
5190 2 108
7004 206 10348
5077 31 1557
6102 38 1905
7012 892 44602
7003 119 5991
7011 308 15419
7003 828 41434
7003 31 1561
7014 205 10270
7001 208 10420
5511 48 2408
7012 1447 72362
5891 155 7755
7010 27 1375
7014 763 38164
7014 867 43368
7010 416 20826
5069 34 1740
7010 343 17180
7008 103 5169
6930 18 946
6528 11 553
6687 192 9629
6528 11 553
6025 99 4981
5068 95 4765
7004 514 25741
7014 1582 79108
7011 302 15124
6918 33 1684
7008 1470 73518
6991 70 3541
7003 1449 72467
6542 165 8293
6628 44 2237
5380 3 181
6401 13 684
7010 727 36376
6442 28 1416
7014 34 1716
7012 794 39747
7012 246 12326
5339 41 2099
6401 13 684
6362 101 5077
6960 166 8310
6954 14 724
6615 172 8613
6535 89 4471
7010 48 2441
7014 205 10265
7014 653 32694
6960 73 3696
7003 924 46239
7010 1042 52103
7010 1447 72351
7012 1065 53256
7003 643 32172
6650 17 896
6912 193 9700
7003 1387 69375
7008 1464 73202
7014 1346 67318
5497 108 5439
5195 29 1489
7003 1304 65239
5339 47 2360
7008 833 41672
6882 153 7671
7013 193 9683
5515 62 3108
7008 633 31675
7014 429 21493
7008 885 44276
6321 64 3215
6954 6 311
5630 42 2129
6956 197 9872
7014 653 32657
6829 123 6189
5146 43 2164
5380 8 445
7003 1449 72499
7014 308 15419
7010 1038 51908
6831 59 2978
6401 21 1099
7012 442 22101
7013 40 2041
5497 101 5090
7010 1447 72351
7008 746 37312
7010 579 28999
7014 1640 82029
5497 11 572
7001 891 44569
5216 85 4256
6812 3 169
7003 1193 59666
7004 1319 65967
7001 344 17204
6956 115 5753
5497 106 5327
6954 10 547
6991 67 3356
6564 83 4189
7003 1437 71869
7003 469 23500
7003 31 1569
5108 91 4578
5042 47 2375
7008 675 33754
7014 1062 53138
7010 84 4242
7008 633 31684
6078 3 199
6956 115 5792
6930 20 1007
5459 175 8785
7004 1208 60441
7001 379 18972
6404 108 5431
7008 734 36706
7004 1164 58227
6542 166 8303
6334 12 618
6960 166 8320
7003 1513 75692
6945 208 10429
6896 15 788
7013 154 7745
5151 163 8195
6401 14 716
7003 1642 82147
7004 1622 81150
7003 932 46626
7003 1339 66954
7008 1393 69677
7012 1054 52740
7008 1387 69388
7010 1042 52120
6036 56 2834
6334 111 5600
7003 852 42647
5519 144 7236
7008 1244 62244
7004 184 9203
6991 69 3458
7014 1184 59231
7008 72 3606
6664 123 6160
6663 43 2192
6334 14 735
7008 72 3610
5385 160 8039
6359 4 223
6441 62 3122
6918 34 1712
6930 19 989
6217 142 7114
6751 23 1163
7001 1134 56703
7012 1485 74264
6387 19 992
6560 10 503
7004 1624 81236
7004 1622 81125
6211 69 3457
7012 892 44641
7013 201 10074
7008 417 20889
7003 1413 70682
7014 1331 66566
7003 270 13543
6663 18 939
7003 214 10734
7013 187 9384
6763 150 7514
7010 220 11036
6752 72 3616
6680 73 3652
7006 471 23562
6949 78 3916
6975 56 2818
7014 515 25772
5564 192 9641
6406 115 5796
7012 1466 73325
7012 1659 82963
5459 9 487
6635 0 2
5487 50 2509
7008 786 39311
7003 214 10707
6286 78 3910
7003 749 37479
6663 173 8685
6794 21 1071
5106 184 9240
7001 324 16207
7001 153 7683
5108 92 4634
7010 1343 67159
7008 734 36730
7003 1734 86722
6666 12 621
6689 35 1787
5519 148 7450
7008 145 7259
5441 6 309
7014 429 21481
7008 417 20884
7003 1044 52245
7003 413 20655
7003 1413 70665
6687 191 9587
7012 442 22146
7014 34 1750
7010 48 2443
7004 206 10347
7008 890 44543
5516 22 1105
7001 185 9263
7001 542 27123
7008 589 29494
7012 1447 72380
7001 210 10547
6170 38 1918
5891 148 7425
7008 280 14045
7004 514 25712
7010 1343 67162
5452 49 2459
7004 575 28781
7014 653 32674
6375 57 2855
7014 1640 82009
7003 469 23496
7014 867 43369
5586 87 4379
6507 47 2378
7012 1466 73310
7008 885 44254
7008 103 5173
7014 1640 82043
7010 1042 52143
6401 21 1063
6123 9 467
5519 147 7352
6837 152 7619
6162 213 10689
6211 64 3233
6664 182 9101
6379 38 1947
6664 193 9659
6366 79 3995
7001 153 7683
7003 31 1552
7001 185 9260
6616 26 1335
6378 2 107
7014 216 10847
5401 36 1807
7003 643 32156
7014 515 25789
6230 97 4872
7008 1244 62204
5891 141 7095
5216 81 4074
5068 34 1713
7014 990 49547
7010 1562 78108
7003 848 42443
5512 210 10511
6960 163 8192
6952 91 4593
7003 469 23488
7010 27 1389
5996 23 1169
7010 19 983
6507 45 2294
7013 187 9382
7001 682 34137
7008 1078 53915
7003 1734 86714
7014 205 10272
6853 100 5046
7013 185 9292
5380 1 78
6303 126 6311
6080 92 4611
7014 429 21462
7001 542 27110
6572 172 8608
5401 38 1906
6027 4 226
7003 1658 82901
5519 144 7236
6697 100 5025
5380 2 127
7001 26 1317
6286 138 6919
6981 128 6448
7006 308 15422
5385 160 8039
7003 1437 71866
6934 13 665
7014 1121 56060
7013 193 9674
7004 1660 83002
7001 566 28301
7010 441 22054
6945 219 10978
6359 0 1
6687 193 9698
7008 746 37312
5108 97 4858
6934 15 789
7006 471 23592
5564 192 9627
7014 950 47503
6035 3 175
5195 61 3074
6036 53 2677
7012 708 35404
7004 1268 63428
5401 33 1684
7003 1044 52214
6616 23 1186
7001 977 48897
7010 1549 77471
6991 64 3219
5547 72 3648
6828 160 8005
7008 280 14018
5498 8 406
6036 33 1698
5071 19 960
6942 94 4729
5891 32 1608
7010 1485 74253
7001 977 48873
7008 195 9787
7014 1346 67346
7006 337 16890
7012 1447 72368
7012 529 26462
7001 264 13249
6090 72 3626
7003 1304 65232
5070 55 2779
6366 80 4028
7010 1042 52131
6666 186 9318
5966 48 2444
6882 153 7674
6991 69 3486
6973 38 1931
7004 1023 51198
5106 184 9240
7013 40 2011
5977 194 9743
6992 9 475
6837 151 7594
7010 8 441
6827 110 5522
7003 852 42619
5557 24 1236
5106 183 9186
6548 84 4206
6663 41 2097
7003 228 11428
6338 43 2157
6535 87 4376
6975 66 3313
7001 866 43342
7001 324 16224
7012 529 26496
6091 103 5163
7001 185 9262
6123 8 426
7010 84 4244
7012 19 952
7003 1433 71675
5459 170 8540
7013 238 11922
6763 158 7918
7004 654 32713
7010 27 1359
7003 643 32172
7014 429 21494
7013 206 10348
7014 990 49532
6440 57 2900
6908 52 2604
6507 46 2342
7008 1348 67437
7006 308 15436
6908 188 9426
7003 363 18199
6991 65 3298
7008 146 7318
6765 212 10610
6960 77 3861
7001 324 16212
5497 11 571
6908 191 9571
6401 13 669
6666 187 9381
6206 129 6465
7014 34 1706
7014 1003 50181
7006 324 16220
7010 84 4235
7008 1348 67415
6480 110 5524
7014 308 15442
7013 108 5417
7008 195 9767
6420 45 2300
7008 589 29462
7003 828 41406
6564 81 4092
7012 1054 52744
6782 2 129
7003 119 5994
6620 127 6366
7004 1275 63770
6091 100 5039
6490 36 1824
7012 1466 73302
6334 7 366
7012 1485 74272
6080 92 4637
6507 46 2344
6542 170 8518
7004 1278 63912
7008 885 44290
5229 7 368
7008 1244 62225
7014 308 15406
6959 125 6256
6441 65 3284
7012 1065 53268
7010 1390 69526
7010 710 35534
7006 558 27927
7010 138 6936
7004 118 5913
7014 1184 59222
6303 79 3967
7001 264 13249
7012 708 35448
7008 833 41685
7004 1622 81126
5966 50 2523
6560 18 913
7003 643 32154
6577 34 1705
6908 188 9422
6912 58 2924
7012 708 35402
5557 92 4634
7004 514 25713
6959 124 6222
7010 48 2428
6426 27 1387
7012 1141 57053
6467 98 4924
7003 411 20561
7001 1134 56707
7001 464 23223
6908 55 2755
6992 10 549
7001 823 41151
7014 429 21451
7010 579 28988
5891 149 7452
6826 46 2350
7014 1582 79113
7006 324 16211
6404 174 8703
7014 1270 63545
7012 302 15117
7014 1411 70552
6406 119 5970
7003 80 4048
6956 112 5612
5013 29 1470
7001 144 7227
7001 228 11449
6954 3 176
6577 37 1872
7006 486 24345
7003 456 22816
7003 1304 65224
7001 228 11446
7004 901 45073
6548 3 171
5547 74 3723
6664 181 9080
6952 97 4875
7003 749 37454
6442 34 1732
6379 94 4729
5921 19 974
7014 429 21451
6548 91 4552
7008 786 39311
6362 101 5096
6050 9 486
4983 46 2320
7013 108 5424
7010 220 11048
7003 643 32174
6590 25 1279
7008 1051 52562
7003 228 11406
6981 39 1957
6130 13 667
6080 89 4498
7010 1049 52496
7013 238 11913
7006 308 15415
6616 25 1271
6482 148 7447
7014 53 2668
7004 901 45097
7003 1658 82901
5512 189 9491
5541 41 2091
7003 1318 65915
5151 177 8878
7008 1348 67415
7001 324 16212
6564 83 4156
6663 46 2342
6620 150 7502
7004 1624 81236
6107 19 995
5154 155 7791
7013 193 9696
6663 21 1076
7014 1121 56058
7012 1659 82959
6951 24 1219
5459 3 171
6162 213 10695
7010 668 33444
6420 43 2197
6030 8 446
7012 1061 53061
7008 833 41662
6106 50 2506
7012 246 12323
6663 18 911
7012 1466 73341
7014 1505 75268
7003 643 32163
7014 1054 52741
6338 44 2247
7001 480 24031
7012 1466 73303
6829 122 6102
7001 700 35037
7012 1141 57094
7004 654 32712
7014 1582 79141
7013 201 10051
6756 153 7689
5151 177 8878
6668 87 4364
6853 106 5340
7001 823 41156
7003 413 20690
7001 566 28313
7010 1545 77286
7010 441 22086
7008 195 9793
5497 100 5004
5611 102 5120
6827 110 5527
7008 890 44506
6756 42 2142
5581 35 1791
7014 662 33112
5586 141 7080
7006 486 24350
6981 37 1888
6837 4 202
6812 1 94
7012 1186 59333
7012 1659 82967
6955 204 10243
6977 90 4504
5013 9 478
6812 3 181
7010 668 33444
6690 149 7491
5036 20 1050
7014 10 545
6303 83 4159
5966 48 2403
6483 0 12
6765 156 7837
6930 13 682
7013 193 9680
7004 253 12673
7004 253 12672
6503 58 2948
6564 84 4216
7012 1447 72376
7008 102 5112
7006 588 29413
6930 15 776
5456 12 622
7014 212 10639
7010 649 32466
6765 212 10624
6338 26 1316
6535 89 4484
7012 19 999
7012 1006 50343
6794 22 1150
7012 1466 73327
4957 145 7253
7008 72 3614
7010 1596 79810
6837 157 7891
5456 18 921
6407 96 4837
6366 12 604
7014 216 10846
7012 1035 51798
7001 210 10538
6362 83 4171
7003 1387 69393
7004 901 45066
7004 901 45073
6828 162 8145
5000 41 2052
7006 604 30201
6560 10 535
7001 185 9300
7003 456 22811
7003 1387 69355
6334 15 771
7013 154 7704
6981 40 2045
5433 159 7952
7013 193 9696
7003 469 23475
6664 72 3619
7010 138 6940
6756 43 2189
7012 1141 57087
5108 96 4837
7012 1186 59315
7008 133 6667
7012 708 35424
6827 110 5516
7003 960 48037
7012 529 26464
7014 1346 67318
6763 150 7514
7012 1290 64531
7014 1054 52736
5404 38 1902
6614 157 7869
6683 15 792
6828 164 8247
7003 214 10711
7010 668 33432
7008 102 5134
7006 324 16243
7014 326 16342
5065 2 140
7008 1078 53928
6173 32 1612
7004 118 5937
6548 87 4389
6908 184 9218
7003 232 11632
7008 583 29179
6888 0 47
7004 514 25704
6908 57 2877
5498 4 223
6934 79 3991
6959 127 6384
7003 1437 71856
7014 53 2682
6827 103 5191
7001 210 10516
7014 1331 66579
7003 1050 52537
6387 16 830
6749 44 2212
7012 794 39711
7003 1050 52522
6831 59 2991
6201 57 2864
5459 178 8943
7008 195 9767
7010 138 6947
7001 344 17241
4983 46 2320
7014 515 25783
7012 1290 64540
6912 201 10052
6650 18 943
7012 892 44618
7010 1549 77496
6918 37 1886
5783 86 4338
5966 50 2549
6664 72 3649
7004 1435 71767
5512 213 10686
7014 1184 59234
7004 184 9225
7001 819 40988
6579 43 2194
7012 1635 81757
5382 179 8989
7014 1184 59211
7008 102 5118
6829 122 6102
7012 708 35419
7004 1275 63770
6106 48 2428
7014 653 32656
7011 308 15402
7013 193 9690
7010 1545 77286
7004 206 10329
7003 784 39231
6407 92 4631
5382 170 8508
7012 1141 57055
7014 662 33147
5093 164 8242
7006 308 15402
7003 1111 55565
6286 140 7029
6568 34 1743
7003 31 1576
7008 1010 50530
7010 1068 53407
7010 649 32492
6446 124 6250
5380 5 262
4983 18 933
6882 195 9771
6366 75 3779
6338 44 2220
7010 727 36372
7013 193 9699
6991 66 3350
7012 324 16249
6765 212 10610
6366 13 694
7014 326 16325
7004 654 32704
6908 191 9583
7001 295 14769
6882 156 7833
7008 280 14041
6663 44 2241
7003 469 23465
6763 150 7545
6908 51 2566
7012 529 26489
4995 8 413
7014 1214 60733
7014 1505 75258
6663 19 959
7010 727 36361
7014 308 15407
7004 1208 60418
7001 480 24004
7003 214 10711
6968 2 133
6426 27 1387
7003 1642 82135
7014 326 16318
6992 9 475
7010 727 36357
7010 579 28968
7003 31 1559
5154 152 7612
7010 1270 63503
7003 784 39228
7004 1435 71783
5331 134 6739
6908 186 9342
6954 10 547
6882 153 7659
7012 1061 53074
7003 1050 52511
7003 232 11622
7012 246 12350
6934 18 904
5000 41 2052
7003 1111 55583
6934 13 665
6211 207 10382
7003 188 9422
6100 14 736
5459 180 9020
6036 34 1739
5605 57 2879
7001 464 23212
6827 104 5231
6828 169 8469
7008 1010 50545
6482 153 7696
6572 174 8731
4957 142 7102
6930 20 1007
5497 102 5129
7012 1126 56309
6930 20 1021
7003 1433 71657
6632 57 2869
6211 204 10206
7008 890 44529
6201 58 2946
7008 466 23333
7001 682 34105
7003 1437 71886
7008 734 36723
6334 8 442
7012 781 39057
7001 153 7674
7008 1029 51459
7010 579 28984
5459 182 9124
5966 8 434
7003 828 41420
6572 58 2945
7004 1208 60403
7014 1121 56053
7008 889 44451
6687 196 9847
4998 132 6649
7012 1275 63761
6542 164 8214
7008 280 14014
5155 38 1947
6441 62 3126
6616 22 1111
7012 302 15131
7014 212 10639
6908 191 9584
7008 1348 67437
6933 83 4197
5339 96 4846
7012 1549 77474
5331 130 6501
6751 25 1262
6908 188 9442
7010 1162 58138
5069 34 1740
7003 1375 68799
6663 41 2096
7006 486 24327
7003 456 22819
7008 924 46215
6934 75 3795
6828 169 8486
6480 101 5064
6663 18 911
6752 72 3650
6908 191 9571
7010 1270 63544
6078 23 1160
5331 137 6874
5458 157 7853
6401 21 1099
6837 8 406
6483 0 12
7004 575 28764
7014 326 16327
7003 1513 75651
7013 201 10077
6650 22 1147
6663 173 8679
5966 12 602
7001 891 44555
6831 55 2793
7003 1375 68778
7010 246 12338
7004 901 45081
5401 31 1597
7003 1433 71668
6934 13 689
6401 14 707
6548 2 104
7012 708 35419
7008 1387 69351
7014 1411 70564
6981 42 2130
6467 123 6192
6467 124 6206
5511 45 2275
5042 40 2042
6579 48 2448
6951 23 1167
7001 566 28315
6923 14 711
7001 977 48900
6507 47 2388
7012 1065 53256
6401 19 968
7010 1162 58106
7010 1042 52116
6908 184 9246
5055 52 2609
7012 1006 50313
7004 1268 63421
6959 123 6171
7001 1025 51269
7001 480 24009
6420 40 2016
6697 100 5025
7008 145 7299
6827 101 5076
6782 2 138
7010 19 990
6078 1 61
7014 5 270
7014 205 10266
6765 158 7920
5108 96 4840
6975 66 3313
7010 579 28994
7003 775 38797
6211 66 3301
7004 118 5949
7010 1343 67165
5013 2 108
7001 210 10501
7003 848 42442
5137 8 441
7008 1348 67433
6334 15 791
7004 1138 56917
7003 1111 55557
7004 1486 74336
6321 70 3511
7008 1464 73244
7001 418 20934
6826 42 2128
7003 1304 65215
7001 823 41178
7001 324 16213
5516 24 1229
7008 1393 69651
7001 464 23238
6503 56 2806
7010 710 35543
6765 212 10622
6837 7 383
7008 1348 67404
7010 1562 78104
7013 193 9671
7010 668 33441
7004 1622 81120
7004 961 48065
6991 65 3298
5511 49 2495
6663 16 841
7012 1425 71271
7014 867 43381
7006 558 27917
5497 16 827
7014 10 548
6991 67 3357
6036 56 2847
7003 775 38785
5456 14 739
6482 153 7696
7010 1390 69550
5564 192 9642
6908 51 2576
7010 1485 74269
7004 729 36483
7004 1299 64963
7008 133 6679
6912 193 9668
6690 147 7367
7012 442 22135
6656 38 1937
6765 212 10621
7004 206 10348
6503 57 2865
7014 1214 60727
5169 35 1798
7003 784 39202
7003 411 20579
6379 38 1929
6934 77 3882
6528 12 610
6975 66 3315
7010 1447 72360
7013 201 10058
7014 1411 70584
6751 26 1305
6030 7 388
5185 74 3720
7010 441 22089
7012 1220 61027
7001 866 43313
7012 1126 56307
5229 7 360
6548 2 104
5108 92 4627
6081 13 691
7003 228 11440
6656 41 2068
7003 411 20568
7001 480 24018
6794 17 899
7014 1346 67310
6756 42 2145
6490 38 1911
7010 1049 52494
5541 45 2277
6749 44 2232
6896 13 654
7012 794 39711
7008 583 29158
6945 208 10429
7014 53 2699
7004 961 48088
7010 8 435
7013 193 9668
6319 45 2300
7014 308 15405
6960 166 8320
7003 1318 65908
6123 1 68
7004 184 9210
7014 515 25755
4983 44 2238
6577 35 1761
6912 60 3044
6882 153 7674
6697 100 5020
6572 168 8437
6401 21 1100
6030 13 693
6359 2 132
7001 344 17241
6375 30 1525
5519 146 7322
5511 40 2017
7003 43 2157
6981 65 3270
7003 784 39244
7010 1343 67168
7007 22 1143
7003 1437 71881
7014 990 49516
7010 579 28984
7008 675 33755
6812 3 192
6027 5 275
7013 108 5417
5136 61 3053
6664 120 6037
7014 53 2667
5169 36 1834
6765 210 10513
7001 1025 51251
6831 59 2986
6827 104 5210
5155 49 2463
6407 90 4539
5441 89 4470
7008 1029 51455
6826 40 2041
7008 1027 51397
7014 53 2665
7008 466 23304
7010 416 20841
5586 142 7135
5331 138 6925
7012 1479 73983
7010 48 2449
6829 123 6158
6756 154 7737
7008 144 7247
6102 38 1949
6560 10 506
7010 1447 72393
6930 18 935
6765 212 10644
6945 219 10961
7001 144 7224
6334 14 735
7012 1479 73977
6945 219 10959
7012 529 26489
5013 27 1388
6973 43 2173
5459 178 8943
6035 3 175
5630 39 1996
7012 442 22146
7012 442 22114
6560 10 503
6991 69 3473
5487 28 1446
7008 280 14022
7004 1660 83017
6288 175 8755
7010 1485 74296
7001 866 43314
7014 1003 50188
7012 1485 74251
7001 26 1314
5511 43 2196
6991 68 3436
4998 132 6649
5966 47 2378
5497 19 959
6663 175 8791
7001 144 7205
7001 324 16221
7013 224 11220
5519 146 7322
5401 36 1807
6683 15 764
5042 49 2457
6812 3 181
6952 101 5061
6426 22 1125
7001 208 10413
7006 604 30249
7001 1025 51278
7008 1464 73203
5339 44 2210
6952 91 4571
6080 89 4468
7001 185 9261
7004 654 32730
6656 40 2019
7008 195 9776
7003 119 5951
7004 1340 67021
5000 43 2171
5380 7 384
6973 40 2004
7008 777 38867
6945 219 10961
7014 34 1730
6955 212 10630
7003 31 1592
4983 48 2440
7008 1464 73246
6896 18 917
7008 924 46243
7008 889 44458
7001 26 1322
5519 142 7117
5169 37 1859
7008 144 7246
6812 4 212
7003 1318 65909
6912 59 2977
6281 32 1632
6956 197 9851
6548 63 3152
7001 977 48900
6284 60 3042
7012 1006 50304
5497 109 5459
6955 208 10427
7010 84 4237
5511 46 2349
7014 1411 70563
6107 26 1337
6918 68 3435
7012 1730 86529
7001 819 40988
6882 195 9782
7001 1025 51254
7014 653 32669
7008 1051 52565
7003 1111 55571
5404 30 1540
7014 1062 53131
7010 441 22057
6975 69 3485
7010 280 14043
6837 154 7749
5108 90 4519
6319 46 2324
6577 37 1899
7003 411 20560
7012 1061 53093
7010 1049 52465
6756 41 2092
7004 1268 63442
7006 308 15408
6827 103 5182
7006 558 27903
7001 700 35040
7013 238 11927
7004 206 10314
7001 344 17249
7001 208 10408
6763 166 8301
7010 1270 63503
6334 12 619
6542 165 8293
5071 19 960
7012 1730 86510
7004 1299 64991
7008 1348 67411
7001 264 13212
7008 675 33770
5154 72 3643
4971 187 9360
6975 69 3485
5380 9 491
7008 1027 51377
7014 5 270
7013 40 2035
7004 184 9210
7014 1062 53110
7008 1393 69694
7008 1321 66095
7014 867 43375
5456 12 614
6683 13 700
6633 32 1642
7010 138 6934
7006 486 24316
6666 12 618
6106 49 2457
6102 38 1905
7001 26 1314
6942 93 4658
7014 1121 56099
7011 308 15402
7003 228 11417
5151 89 4491
7014 990 49504
7013 108 5404
7014 763 38152
7014 205 10294
6756 40 2043
7004 1023 51172
7010 1562 78133
7014 867 43377
6319 44 2227
7008 1393 69651
7010 1447 72393
6666 12 603
7004 206 10314
7003 1513 75686
7011 302 15123
7003 1413 70700
7011 308 15418
7004 1268 63401
7008 786 39330
6446 126 6347
7006 486 24303
7001 153 7686
7014 5 273
6535 93 4660
5996 22 1138
5497 102 5112
6230 58 2910
6968 7 351
6978 99 4973
6945 213 10658
6401 17 898
6205 95 4789
5452 46 2345
6030 14 734
5401 31 1577
6173 32 1612
7014 1331 66557
7014 1003 50191
7006 604 30208
7012 892 44642
7010 1596 79837
7003 31 1591
7012 1275 63773
6078 1 51
5151 89 4467
7001 866 43342
6441 61 3070
6955 211 10595
7003 214 10746
7013 206 10323
5452 47 2370
6666 185 9299
7012 302 15105
7014 950 47536
6490 38 1911
6828 164 8219
7003 228 11426
7013 40 2023
6560 17 884
7003 932 46623
5433 153 7692
7014 326 16322
7004 1605 80290
5380 8 445
6756 40 2031
7010 89 4494
7010 1390 69527
7004 1319 65957
5108 96 4847
6837 8 402
7001 228 11418
6090 78 3936
7014 763 38200
7008 734 36706
7003 119 5961
5512 189 9462
6629 8 430
6407 93 4660
7004 1435 71797
6379 94 4729
6035 7 382
7008 890 44526
7001 480 24049
7008 1387 69361
6564 84 4216
6697 100 5020
6442 33 1680
7008 1010 50545
7003 411 20589
6882 195 9783
7008 1348 67407
5029 172 8650
7011 302 15108
7014 990 49519
6831 50 2515
6828 162 8145
6199 75 3768
5487 28 1444
5926 13 677
6666 12 603
7013 224 11220
7010 280 14026
6507 45 2294
6078 6 302
7003 270 13547
6564 81 4090
6751 25 1281
6663 169 8458
7012 1425 71271
7003 1437 71865
5541 40 2024
6616 28 1419
7004 1278 63943
6211 69 3457
5093 161 8053
6956 115 5796
7013 206 10326
7003 363 18182
6918 35 1770
5456 13 669
7006 471 23551
6423 75 3782
7010 1038 51928
7003 1449 72459
6960 73 3673
7010 246 12343
7003 31 1585
7012 1549 77456
7001 210 10526
7003 232 11619
6812 3 192
7012 1006 50324
7010 19 990
7004 1275 63777
7010 84 4227
6542 166 8328
7001 823 41192
6765 212 10621
5229 6 309
7004 1299 64963
7010 48 2412
5497 16 827
7014 5 258
6991 68 3436
6050 0 1
7004 1164 58250
5581 35 1791
7003 1304 65240
7003 1050 52545
5459 1 78
5515 96 4836
7008 133 6653
5380 0 47
6930 12 650
7012 1549 77459
7008 890 44526
6420 43 2197
7012 1275 63781
6827 101 5076
7004 654 32704
6908 56 2807
6623 82 4144
7008 1321 66099
7012 246 12311
7003 188 9419
6751 27 1351
6579 43 2151
7001 210 10501
7012 1141 57080
7003 1318 65912
7006 486 24315
7003 1387 69379
7012 708 35422
6945 213 10658
6123 9 463
6407 98 4901
7012 1290 64532
7013 238 11917
7003 643 32174
7010 1568 78403
7003 1449 72472
7013 201 10058
7001 566 28328
6319 47 2352
7003 119 5966
6765 157 7898
7008 1387 69398
7012 892 44601
7008 675 33795
7003 1642 82147
7012 1186 59346
7010 84 4237
6960 73 3656
7003 413 20661
7010 1068 53414
6981 39 1957
5441 7 375
6632 56 2832
5401 31 1577
6959 125 6270
7004 1622 81109
6378 2 140
7001 682 34140
7001 866 43335
6027 3 163
5497 12 637
7003 775 38756
6896 17 859
7004 1138 56937
5106 192 9604
7004 1622 81126
7012 1275 63791
7012 19 981
7008 145 7276
6480 101 5083
7014 1331 66553
7003 456 22819
7003 960 48037
6482 152 7608
6831 51 2600
7004 729 36455
6650 20 1039
7008 889 44500
7001 1025 51269
6908 190 9549
7014 867 43371
6765 210 10503
6407 96 4843
7004 1605 80267
7010 1485 74286
6908 188 9427
6359 7 383
7008 146 7308
6286 141 7098
5077 19 956
7010 1562 78131
6628 44 2210
4983 6 317
6959 119 5990
6170 36 1819
6564 82 4120
5331 133 6681
6078 23 1160
7001 208 10433
5456 18 921
7012 1290 64503
7001 682 34120
6881 136 6820
6319 47 2351
7003 875 43798
7013 238 11914
5459 2 107
7004 1622 81102
6205 95 4756
6482 150 7525
6379 31 1557
7008 1244 62235
7003 119 5978
5459 177 8878
7008 510 25510
7010 416 20807
6375 30 1550
7014 1505 75289
7003 932 46620
6620 149 7473
6973 43 2173
6319 47 2352
7012 302 15106
6934 75 3799
6480 101 5082
6751 27 1389
7008 734 36729
7004 654 32739
7001 295 14786
6162 213 10672
6952 101 5052
6951 20 1037
7014 1062 53144
7001 566 28315
5155 92 4633
7010 369 18476
5783 93 4697
5519 148 7450
7003 119 5961
7012 892 44606
6837 152 7635
7003 413 20655
6687 191 9596
6942 94 4701
7003 1375 68778
7008 280 14050
6871 187 9394
7003 852 42646
6918 33 1654
6765 214 10713
6955 211 10598
6231 109 5458
7008 1051 52579
7010 343 17176
6535 91 4558
7003 1318 65919
7012 1220 61012
6568 34 1743
5155 89 4475
5586 85 4287
7014 34 1748
7014 662 33148
7008 1078 53942
7010 1390 69539
7010 1049 52492
5169 121 6062
7001 418 20920
7010 89 4498
6956 190 9501
7004 654 32712
5370 56 2819
5630 41 2058
7014 1214 60705
7010 416 20801
7014 1640 82011
7012 1447 72392
7001 566 28307
7012 529 26456
6322 42 2101
6664 180 9006
6548 0 47
7008 994 49735
6446 123 6200
6616 24 1232
7001 185 9264
6912 60 3044
7010 579 28994
4957 144 7230
6945 213 10664
7008 889 44460
6211 66 3301
7008 890 44509
7004 654 32722
7004 309 15491
7010 649 32465
6123 9 491
7004 1486 74342
7004 1486 74322
6201 55 2770
7001 464 23205
6975 57 2889
7014 1411 70562
6577 37 1899
7004 1164 58209
6503 58 2948
6211 67 3370
5151 163 8195
7014 867 43368
7014 1640 82010
7008 589 29485
7003 456 22836
6315 26 1343
6319 48 2430
6794 22 1150
7001 295 14755
7008 583 29173
6036 32 1634
7001 379 18992
7008 1078 53915
7003 411 20560
4998 132 6616
6387 12 621
7010 138 6936
7010 1038 51938
6106 48 2444
5557 21 1052
6482 150 7525
7008 145 7285
6663 25 1272
7013 193 9688
6319 49 2476
6620 127 6387
7008 1110 55541
6315 26 1345
6542 170 8512
5586 148 7406
7001 26 1327
6956 120 6036
7013 193 9688
7014 1582 79102
6560 14 718
7008 466 23308
6756 42 2145
6321 69 3466
7004 1278 63944
7004 1278 63943
7014 34 1713
6123 8 426
7012 246 12311
6338 43 2157
6359 6 309
7003 1734 86737
7004 1278 63932
6319 29 1493
7003 270 13513
6426 26 1329
7008 146 7318
6366 19 973
6683 15 764
6410 122 6121
5497 12 637
6960 79 3967
7001 228 11418
6407 93 4660
7003 188 9405
7008 145 7264
6286 138 6945
6794 18 918
5487 52 2642
6689 33 1652
6945 215 10799
7004 901 45055
7012 1141 57087
6968 1 89
5586 87 4352
6407 97 4883
7013 154 7733
6930 15 774
6942 94 4729
7012 708 35428
6366 13 663
7003 411 20559
6955 208 10427
6923 30 1546
7003 1513 75683
7010 668 33401
6030 13 698
7001 480 24001
7001 682 34118
6828 167 8383
7013 185 9256
6406 116 5804
5071 13 692
7003 188 9407
7008 102 5147
7014 1214 60733
7012 1730 86503
5536 12 618
5441 83 4167
6837 154 7701
7008 924 46203
7003 363 18174
7012 1730 86543
7010 579 28991
6968 6 320
6812 1 56
6420 45 2300
6442 28 1426
6315 25 1258
7003 1318 65948
6467 97 4896
6170 31 1590
7012 1054 52722
7003 828 41432
5339 91 4557
7003 700 35021
6577 32 1631
6503 60 3046
5441 8 414
7008 417 20853
7008 589 29460
6923 12 607
6933 81 4062
7001 26 1336
5404 34 1731
6528 14 702
6614 110 5539
7003 775 38758
7001 324 16213
5401 37 1861
6882 210 10509
5783 93 4693
7004 1138 56917
5996 25 1294
7008 280 14018
6406 119 5970
7001 480 24033
6620 151 7588
7008 994 49743
7008 890 44536
6579 47 2391
7004 514 25717
7012 1054 52712
5155 49 2474
6930 17 886
5783 86 4301
6930 15 770
5380 5 269
7008 144 7244
5519 149 7494
7010 710 35547
6918 65 3291
6021 187 9381
7012 1466 73310
5331 137 6856
6366 13 694
6882 152 7618
7004 184 9231
7011 302 15108
6959 124 6248
6568 36 1811
6650 20 1015
6366 74 3708
6934 74 3711
6912 195 9761
6632 34 1714
6908 190 9523
6616 26 1335
6959 120 6039
7012 1054 52723
6908 188 9440
7008 1244 62224
7004 1208 60403
7013 224 11247
7008 885 44276
6908 190 9549
7004 1023 51197
7003 1433 71695
6628 45 2259
7013 206 10326
6359 6 309
7010 1270 63543
7014 34 1719
7006 558 27942
7012 442 22145
7003 924 46239
6615 168 8446
7001 819 40954
6934 76 3820
6170 38 1923
7014 515 25759
6366 83 4173
7014 326 16327
7013 193 9698
7003 31 1568
6201 65 3251
7012 892 44650
5229 2 141
6217 143 7174
7001 570 28520
7014 1505 75258
5106 183 9176
5511 46 2313
6663 18 947
7012 892 44601
6021 187 9399
6956 112 5632
7008 1393 69674
6934 71 3573
7004 575 28776
6548 3 171
7008 885 44291
7010 1038 51946
5511 40 2017
6951 25 1285
7004 1340 67012
6663 19 959
7003 411 20593
6956 117 5879
7008 889 44451
6616 27 1361
6284 63 3162
6650 19 953
6628 43 2173
7008 1393 69661
6777 1 77
7010 1568 78408
7004 1208 60441
7010 8 401
7001 228 11437
7013 201 10078
6666 186 9318
7001 700 35036
6991 68 3444
7014 326 16338
5497 103 5160
7008 280 14039
7003 924 46233
6406 115 5791
7001 682 34120
5497 109 5479
6954 6 332
7010 727 36368
7014 653 32653
5519 147 7397
5331 133 6681
6812 4 212
6945 213 10662
6828 163 8171
7010 1042 52103
5459 177 8878
7003 1413 70693
7008 885 44292
6616 22 1111
6375 57 2870
7014 990 49547
7001 418 20905
6319 46 2314
5506 51 2574
7010 138 6925
5065 24 1217
7012 914 45736
7004 575 28761
6765 210 10503
7012 302 15113
6426 23 1167
7012 1141 57088
7013 206 10323
7008 145 7282
7012 1186 59301
6752 70 3514
6535 91 4563
5151 83 4186
7008 510 25517
6981 40 2016
6078 3 199
6482 147 7356
5511 48 2408
6106 49 2459
7003 232 11641
6981 65 3282
6933 86 4341
6444 37 1867
7003 400 20002
6912 59 2977
6480 110 5524
7010 1049 52498
7012 1290 64503
7012 1141 57051
7008 144 7243
5331 135 6760
6968 1 89
7008 734 36719
7007 22 1146
6663 45 2259
6366 75 3773
7010 579 28995
7012 302 15133
7001 185 9254
6888 50 2519
7007 22 1146
7008 417 20876
7013 40 2027
6359 5 288
7013 193 9680
7001 823 41193
5557 23 1194
6918 36 1827
6653 126 6328
7013 224 11231
6934 77 3863
7013 187 9390
7014 216 10816
7014 1214 60724
7001 295 14800
7003 852 42649
6300 124 6223
6959 122 6150
5891 158 7930
7012 324 16219
7003 31 1558
6080 91 4599
7008 280 14022
6990 19 957
7010 246 12334
7008 1387 69361
6362 83 4192
7004 1622 81137
5557 20 1035
5370 52 2628
7010 89 4484
6949 81 4057
7001 891 44596
7003 119 5991
6123 8 412
7004 1622 81126
7010 1447 72384
6615 169 8484
7014 1582 79147
6379 37 1883
6656 42 2126
7014 1062 53110
5019 115 5798
7012 794 39720
5926 13 661
6975 64 3213
6959 122 6150
6960 77 3855
6664 182 9101
7001 866 43311
6572 57 2878
7014 515 25787
7014 1270 63506
4971 110 5502
5783 88 4444
6687 196 9804
7008 103 5182
6908 188 9440
7014 1214 60705
6782 0 20
7003 228 11417
7010 1038 51929
5921 17 855
6528 13 684
7003 232 11630
7004 1275 63771
7003 1734 86729
7008 890 44544
7001 732 36647
6955 212 10630
7001 210 10539
6960 167 8374
6201 64 3250
6616 20 1027
7014 867 43362
6423 75 3797
6882 154 7717
7006 588 29422
6359 5 272
7014 867 43371
7008 1321 66063
7004 1435 71800
7010 1568 78417
6930 13 691
7006 558 27943
7003 960 48030
5547 74 3715
7008 144 7238
5497 101 5090
6942 93 4654
6334 8 425
6945 212 10636
7003 848 42429
6973 43 2186
6871 187 9394
6379 34 1738
7010 1162 58138
5966 44 2201
7001 682 34130
7012 1479 73973
6535 87 4376
6829 123 6177
5996 22 1138
7010 8 420
7012 1065 53283
7008 1321 66063
7003 1437 71881
7014 867 43398
7008 583 29163
5969 46 2316
6882 129 6500
6763 158 7918
7008 417 20883
6888 90 4515
7014 34 1706
7014 1270 63519
6288 175 8796
7003 1513 75695
5339 45 2300
6871 187 9399
7003 1449 72486
5487 20 1050
7014 1270 63546
5404 37 1875
7014 1411 70560
6888 90 4536
7013 238 11913
7004 1622 81114
7004 1624 81209
7012 1485 74261
6406 115 5796
6467 98 4924
6027 3 163
7011 302 15132
6334 111 5583
6663 24 1217
7003 31 1558
7008 1051 52563
6366 75 3779
6664 123 6154
5516 25 1290
7008 144 7224
7014 5 252
7003 1527 76396
6623 61 3064
6945 216 10844
6623 61 3051
6918 66 3322
7004 1208 60421
7003 1413 70665
6568 36 1806
5448 11 580
7014 763 38173
6404 173 8691
7008 1027 51396
5511 48 2425
6577 32 1631
