7007 22 1113
7013 238 11943
7049 1571 78589
7006 337 16892
7049 1750 87543
6334 3 152
7021 234 11747
7003 1743 87171
6319 50 2550
7017 1591 79561
7012 781 39052
7434 144 7203
6483 1 66
7016 211 10560
7004 1435 71752
7055 614 30712
7049 1750 87543
7025 445 22297
7023 805 40257
7016 211 10560
7020 1349 67500
6503 58 2935
7010 727 36367
7019 445 22263
7049 2025 101258
7020 1321 66096
7010 1568 78444
7021 143 7166
7017 1591 79561
6882 151 7568
7014 1728 86409
7017 784 39246
7010 1596 79847
7049 1672 83610
7001 1134 56746
7049 2025 101258
7023 620 31008
7046 102 5101
7008 924 46216
6482 152 7614
7003 413 20686
7018 570 28550
7054 875 43778
7020 574 28749
6666 17 856
6362 83 4179
6573 23 1163
4957 142 7105
7026 821 41058
6319 50 2550
7017 1458 72905
7017 1637 81854
7003 1513 75662
7006 324 16209
7019 118 5943
7003 456 22816
7020 1827 91386
7020 1725 86255
6666 17 856
7003 1304 65246
5190 3 184
7021 15 782
6896 12 632
6027 1 71
7004 729 36472
7055 614 30712
6689 32 1640
7018 631 31597
6362 76 3806
7004 527 26374
7003 1743 87171
7016 196 9828
7003 413 20686
6690 141 7060
5093 165 8272
5586 147 7367
7003 784 39241
6407 94 4733
7017 276 13809
7003 188 9440
7012 794 39739
7023 1776 88841
7012 1425 71299
7017 656 32822
7020 1762 88115
7026 728 36410
6620 127 6368
7010 246 12327
7013 187 9379
7012 713 35678
5608 8 447
7008 1078 53946
7001 228 11414
7008 146 7330
6696 3 198
7014 212 10650
7012 914 45750
7055 174 8731
7023 77 3873
7014 662 33112
6908 184 9218
7020 43 2151
6968 9 458
6827 110 5540
6888 50 2510
7014 144 7222
7021 748 37434
7026 143 7156
6956 116 5830
7017 1458 72901
7012 1726 86306
7012 1141 57087
7008 417 20884
7017 1748 87402
7020 1303 65186
7054 2010 100518
6503 61 3090
7012 794 39739
6664 120 6037
7017 469 23483
7026 140 7014
7054 1992 99616
7003 1642 82122
6912 200 10022
7021 234 11747
6615 167 8379
7006 337 16868
7049 679 33990
7049 679 33960
5452 45 2265
7049 1571 78589
6666 12 603
5547 72 3645
6853 102 5111
7020 1117 55871
7003 228 11433
7517 94 4728
7020 86 4317
7001 228 11414
7014 1054 52709
7049 924 46210
7049 177 8852
7003 1304 65230
5459 9 460
6882 129 6482
7018 631 31597
6666 189 9479
7054 1992 99631
7020 1051 52594
5151 89 4484
7019 278 13939
6629 12 650
6572 173 8664
7014 1346 67324
7017 1049 52465
7026 654 32749
7025 385 19283
7048 81 4051
7001 1038 51937
6956 199 9990
7025 445 22262
6090 40 2027
6942 94 4726
7014 653 32680
7049 177 8852
7017 784 39223
6756 153 7668
7020 86 4305
6483 1 66
7004 514 25726
7001 185 9278
7046 35 1752
5051 91 4568
6359 8 429
7049 177 8859
6362 83 4179
7023 1941 97057
6568 36 1816
7017 1163 58195
7020 1824 91227
6801 156 7838
7020 1349 67470
7007 22 1106
7004 1486 74307
7012 246 12304
7014 1411 70569
7049 46 2335
7014 53 2664
7055 354 17736
7020 1156 57818
7019 580 29006
7049 596 29848
6908 184 9218
6359 8 429
7017 1119 55967
6080 94 4721
7047 48 2442
7019 437 21879
7049 1216 60833
6829 123 6177
6951 25 1251
7023 745 37252
7020 660 33041
6573 23 1163
7026 728 36410
7025 445 22262
7006 337 16868
7014 1331 66572
7021 456 22817
6324 96 4807
7014 1623 81157
7012 324 16223
7004 1011 50596
7008 924 46216
7051 26 1348
7020 660 33031
6334 15 765
7010 651 32586
7020 1321 66096
7017 875 43758
6812 9 468
7047 109 5487
7023 556 27814
6423 76 3832
6572 176 8810
7014 212 10634
7008 72 3608
6620 127 6368
7012 713 35690
5547 72 3645
6338 30 1512
7001 977 48864
7020 1903 95179
7023 805 40257
7021 257 12876
7008 924 46216
7017 1637 81854
7023 620 31038
7003 413 20686
7004 1268 63440
7054 875 43778
7012 990 49527
7001 376 18817
6629 12 650
6315 27 1353
7025 178 8929
6050 1 77
7023 50 2525
7007 22 1113
7020 972 48641
7004 1011 50562
7019 210 10512
7021 15 759
7025 250 12548
5108 96 4847
6664 184 9220
5497 17 872
7008 675 33751
7008 144 7237
7003 1658 82908
7054 1269 63491
7004 1340 67017
7017 905 45276
5608 4 235
7023 620 31030
7012 990 49527
7048 81 4051
6956 120 6036
7055 175 8759
7049 924 46210
7012 990 49527
7046 102 5111
6322 36 1803
7049 1627 81354
7021 15 759
6882 152 7601
7003 232 11646
7048 81 4051
7049 679 33990
6955 213 10658
6956 115 5763
6442 32 1610
5078 2 123
7004 1164 58202
6960 80 4043
6888 50 2510
6078 27 1399
7021 257 12857
7026 634 31712
6503 58 2948
6765 215 10790
7023 745 37252
6527 106 5349
7010 48 2443
7021 265 13287
7020 1725 86255
6635 1 85
7012 246 12304
7021 257 12876
7049 1744 87213
6956 196 9804
6573 21 1053
5108 90 4514
7026 821 41097
7049 679 33997
7020 1303 65185
5077 32 1614
6366 19 951
7023 1776 88819
6882 154 7735
6960 76 3815
6656 45 2300
7025 445 22295
5339 49 2466
7049 1950 97515
7054 239 11959
6359 2 147
6923 34 1748
5586 84 4241
7003 1642 82138
7020 1827 91386
5195 49 2498
7021 422 21103
7021 257 12876
7054 875 43776
6663 175 8780
7017 784 39246
6359 2 147
7019 437 21879
6656 45 2300
7016 23 1178
6656 43 2154
7054 1577 78880
7020 1824 91227
7016 196 9828
7020 417 20871
7017 681 34086
7010 48 2404
7008 146 7337
7001 977 48870
7023 1776 88841
7003 1743 87171
7054 791 39579
7019 437 21879
7055 175 8759
7049 1627 81355
7025 78 3925
7054 1878 93913
6031 219 10975
6050 1 76
7049 1571 78581
7006 604 30207
7019 210 10512
7016 211 10586
7017 448 22428
6837 159 7998
7054 875 43778
6480 102 5111
6882 152 7601
6036 54 2744
7004 347 17394
7012 713 35662
6853 108 5449
7054 1290 64509
7334 142 7112
6871 187 9374
7049 1216 60818
7049 596 29848
6934 79 3981
7008 146 7337
5487 21 1071
7048 38 1949
6442 36 1845
7020 1051 52573
7010 246 12319
5036 31 1555
7020 851 42584
7010 727 36392
7054 166 8343
7023 556 27814
6078 3 199
7012 1054 52744
7006 337 16853
7012 794 39710
7012 1141 57096
6908 184 9218
5154 152 7632
6303 83 4159
7008 746 37309
7054 537 26858
7054 1522 76147
7012 1141 57087
7103 11 556
7016 211 10560
7019 580 29006
7049 931 46586
7054 166 8303
7023 1454 72708
7016 45 2300
7012 1035 51761
7008 417 20884
6359 2 145
6334 15 760
7003 413 20686
7019 437 21867
7020 1580 79035
7051 26 1331
7003 848 42443
7020 331 16599
7014 950 47526
6527 106 5303
6689 32 1627
7017 225 11278
6882 195 9783
5216 61 3068
5452 45 2265
7006 337 16878
7010 343 17169
6960 77 3865
7051 67 3399
7020 1762 88115
7008 889 44456
6827 110 5540
7004 1622 81110
7020 1051 52586
7055 43 2187
7008 72 3608
6503 61 3062
7019 210 10512
7008 510 25506
7054 1611 80554
7020 207 10387
7018 519 26000
6666 189 9479
7004 961 48072
6687 190 9548
7012 442 22101
7049 2015 100778
7010 84 4240
7014 653 32680
7006 324 16211
5190 3 184
7017 469 23467
7026 293 14677
7398 5 276
7020 86 4317
6560 14 737
7049 1216 60805
6577 31 1578
7012 1485 74277
5497 10 515
7047 48 2440
6620 127 6368
7054 537 26851
7004 1319 65965
7018 519 25975
7047 48 2414
5078 2 123
7046 95 4769
7012 1425 71300
7014 662 33112
7026 728 36403
7139 25 1264
7355 37 1869
7001 700 35032
7013 154 7736
6765 210 10544
7008 417 20884
7020 660 33027
7020 417 20876
7023 620 31038
7004 1340 67009
6090 40 2027
7006 604 30207
7007 22 1113
7020 1349 67500
7049 1750 87543
7001 376 18832
7055 406 20324
7001 1144 57208
7004 729 36493
7046 95 4769
7020 1051 52594
7019 278 13925
7026 133 6662
6404 114 5746
7003 456 22805
6572 171 8579
5151 89 4484
7020 1321 66088
7003 1339 66984
7010 246 12325
7049 1972 98620
6912 228 11419
5497 102 5104
7008 1470 73509
7020 1349 67470
7001 144 7237
6334 3 152
6765 215 10790
5229 1 72
7023 362 18116
7017 1748 87443
7001 977 48870
7007 145 7285
7021 773 38697
7014 1728 86409
6573 21 1053
6284 70 3547
7115 43 2182
7001 228 11427
7023 1549 77493
6934 79 3981
7006 337 16878
6078 3 199
7017 79 3959
6615 171 8575
7012 302 15114
6362 76 3806
7018 399 19980
6572 173 8664
6801 155 7774
5195 49 2498
6687 190 9548
7023 1286 64350
5216 61 3068
7054 1269 63491
7018 570 28550
6945 207 10351
6882 151 7568
7008 746 37309
7017 1591 79595
7012 1006 50317
7020 1156 57813
7003 262 13121
7001 1025 51296
7020 1827 91386
7049 1215 60774
7004 1138 56938
7008 417 20884
7049 1161 58061
7010 48 2443
7008 72 3608
7010 246 12325
7054 1522 76131
7004 1319 65952
7020 331 16561
5557 99 4965
5195 49 2498
7001 1025 51296
5547 72 3608
5151 89 4484
7019 373 18681
7003 188 9436
7023 1286 64350
7001 732 36624
7020 331 16599
