6036 54 2744
7020 1303 65186
7003 1642 82138
7014 950 47526
7017 1049 52465
7054 1611 80554
7001 228 11414
5195 49 2498
5093 165 8272
7019 373 18681
7017 905 45276
7023 1286 64350
7019 580 29006
7020 1051 52594
6882 195 9783
7020 417 20871
7054 2010 100518
6090 40 2027
7001 700 35032
7103 11 556
7006 337 16878
6423 76 3832
7055 174 8731
7023 556 27814
6923 34 1748
7023 805 40257
7012 302 15114
6908 184 9218
6027 1 71
7003 848 42443
7017 875 43758
6334 15 765
7020 1725 86255
7019 210 10512
6503 61 3090
6934 79 3981
6334 3 152
7049 1627 81354
7008 1470 73509
6322 36 1803
7020 1156 57818
7016 45 2300
7049 679 33990
7001 228 11414
7049 1750 87543
6080 94 4721
7334 142 7112
5459 9 460
7008 746 37309
7007 22 1113
7019 278 13925
6284 70 3547
7054 166 8343
5151 89 4484
7019 437 21879
5339 49 2466
7055 614 30712
5108 96 4847
6666 17 856
7020 1824 91227
7017 1637 81854
7023 1776 88841
7014 1728 86409
7054 875 43778
7014 1054 52709
6756 153 7668
7054 875 43778
7021 15 759
7004 1319 65965
7012 1035 51761
7054 1522 76147
7020 1156 57813
7012 713 35690
7049 2025 101258
6572 173 8664
7003 1743 87171
6362 76 3806
6031 219 10975
7049 1571 78589
7001 1134 56746
6050 1 77
7010 1568 78444
5216 61 3068
7016 211 10560
7010 1596 79847
7026 728 36403
7017 784 39246
7020 86 4305
6407 94 4733
7023 77 3873
7007 22 1106
6359 2 145
6656 45 2300
7021 15 782
7049 2025 101258
7054 875 43776
6572 171 8579
6960 80 4043
7008 510 25506
7023 620 31038
7049 596 29848
6912 228 11419
6527 106 5303
7010 246 12325
6442 36 1845
5497 17 872
7023 620 31008
7019 437 21879
6663 175 8780
6696 3 198
7026 143 7156
6568 36 1816
6078 3 199
5547 72 3645
7001 732 36624
7049 2015 100778
5078 2 123
7017 681 34086
7006 604 30207
6319 50 2550
7012 713 35678
7017 1458 72901
7008 144 7237
6078 27 1399
6853 108 5449
6573 23 1163
6573 21 1053
7049 679 33960
7014 653 32680
7054 875 43778
7004 1486 74307
7026 654 32749
7019 437 21879
7017 1163 58195
7025 385 19283
7021 748 37434
7008 417 20884
7001 1025 51296
6615 167 8379
7001 977 48870
6829 123 6177
7001 144 7237
7020 1321 66096
7012 1726 86306
5497 102 5104
7014 662 33112
7017 1748 87443
6812 9 468
7021 257 12876
7012 1425 71299
5195 49 2498
7004 1011 50562
7004 1164 58202
7014 1623 81157
7004 347 17394
7046 35 1752
6908 184 9218
5452 45 2265
5108 90 4514
7055 406 20324
7003 456 22805
7020 660 33041
7010 48 2443
7017 1591 79595
6956 116 5830
6656 45 2300
6827 110 5540
7004 527 26374
7021 265 13287
5608 4 235
7049 931 46586
7016 211 10560
7021 422 21103
6968 9 458
7055 354 17736
7049 177 8859
7010 727 36392
7003 413 20686
7017 225 11278
6882 152 7601
7026 634 31712
7006 324 16209
5190 3 184
7004 1319 65952
7004 1622 81110
7017 1591 79561
7049 1216 60818
7020 1051 52586
7051 67 3399
5229 1 72
6908 184 9218
7017 784 39246
6442 32 1610
7021 773 38697
7054 791 39579
7014 662 33112
7049 1750 87543
7025 250 12548
6687 190 9548
7008 1078 53946
7006 604 30207
7023 362 18116
6871 187 9374
7020 1824 91227
7054 1269 63491
5497 10 515
7016 196 9828
7020 660 33027
7048 81 4051
5586 147 7367
6366 19 951
7055 614 30712
7049 1571 78581
7008 675 33751
7020 1321 66096
7049 1672 83610
6334 3 152
7012 246 12304
7008 889 44456
6362 83 4179
6629 12 650
7008 924 46216
6480 102 5111
7014 212 10634
7020 1349 67500
6882 129 6482
7054 1992 99616
7018 631 31597
7003 1304 65230
7012 990 49527
7001 1025 51296
6827 110 5540
6573 23 1163
6503 61 3062
7003 1642 82122
7008 746 37309
7026 140 7014
7023 50 2525
7019 445 22263
6690 141 7060
7049 1571 78589
7054 1269 63491
7006 324 16211
7054 239 11959
6577 31 1578
7006 337 16868
7054 1522 76131
7018 519 26000
7004 1268 63440
6359 8 429
7049 1161 58061
7023 1941 97057
7012 246 12304
6664 184 9220
7023 556 27814
7047 109 5487
7023 620 31038
7001 228 11427
6620 127 6368
7020 574 28749
7003 232 11646
7003 1743 87171
5608 8 447
7049 679 33997
6888 50 2510
6951 25 1251
5154 152 7632
5051 91 4568
7012 990 49527
7018 570 28550
5452 45 2265
7023 1776 88841
7021 15 759
7054 166 8303
6560 14 737
7010 651 32586
7049 1215 60774
7019 118 5943
7010 246 12319
7012 990 49527
7026 293 14677
6359 2 147
7008 417 20884
7021 257 12857
7001 977 48864
7020 207 10387
7010 343 17169
6359 2 147
7021 257 12876
7048 81 4051
7115 43 2182
6942 94 4726
7054 537 26851
7026 133 6662
7023 745 37252
7026 821 41058
7001 977 48870
7049 596 29848
6362 76 3806
7434 144 7203
7016 196 9828
7021 143 7166
5151 89 4484
7051 26 1348
6664 120 6037
7049 1950 97515
7013 154 7736
7003 188 9436
7026 821 41097
7012 1141 57087
7017 1119 55967
7012 1485 74277
7019 580 29006
7010 246 12325
6338 30 1512
7001 185 9278
7017 79 3959
7008 417 20884
5586 84 4241
7055 175 8759
7139 25 1264
7049 924 46210
7049 1216 60833
6303 83 4159
7012 1054 52744
6572 176 8810
6666 189 9479
7025 178 8929
7025 445 22262
7020 1349 67470
7010 727 36367
7014 212 10650
6620 127 6368
5547 72 3645
6319 50 2550
6888 50 2510
7004 729 36493
7020 86 4317
7047 48 2442
6934 79 3981
6765 210 10544
7018 631 31597
7023 1776 88819
7046 102 5111
7008 417 20884
7008 924 46216
7020 331 16599
7010 246 12327
5078 2 123
6666 17 856
7019 210 10512
7020 86 4317
6527 106 5349
6853 102 5111
7020 1827 91386
7517 94 4728
7006 337 16892
7049 1627 81355
7012 794 39739
7003 1658 82908
6955 213 10658
7003 413 20686
7007 145 7285
7023 1549 77493
7017 656 32822
7017 448 22428
7051 26 1331
6801 155 7774
7021 257 12876
7001 1144 57208
4957 142 7105
7054 1577 78880
7008 146 7330
6503 58 2948
7004 961 48072
6572 173 8664
7054 1992 99631
7006 337 16853
7012 713 35662
6896 12 632
6687 190 9548
7012 324 16223
7049 924 46210
7021 234 11747
7055 175 8759
6050 1 76
7012 1141 57087
7003 228 11433
7023 1286 64350
7020 1051 52573
7008 924 46216
7019 437 21867
7010 84 4240
7001 376 18832
7048 38 1949
7048 81 4051
7020 1903 95179
7014 53 2664
6882 152 7601
7012 794 39710
7020 1303 65185
7020 43 2151
7025 445 22297
7049 1750 87543
7014 1411 70569
7049 46 2335
6404 114 5746
6882 154 7735
7008 72 3608
7004 1340 67009
6629 12 650
6362 83 4179
7014 1346 67324
7023 1454 72708
7021 234 11747
7025 445 22262
5487 21 1071
6912 200 10022
7007 22 1113
6960 76 3815
6956 199 9990
7020 417 20876
6956 120 6036
6956 115 5763
5151 89 4484
6315 27 1353
5557 99 4965
7004 1138 56938
6483 1 66
7026 728 36410
7012 914 45750
7020 1117 55871
7014 1728 86409
7355 37 1869
7017 784 39223
7025 445 22295
7054 1878 93913
7019 278 13939
7020 1051 52594
7398 5 276
6656 43 2154
6956 196 9804
5195 49 2498
6334 15 760
7020 331 16599
7049 177 8852
7018 570 28550
6483 1 66
7046 95 4769
6615 171 8575
7004 1011 50596
7004 729 36472
7008 72 3608
7014 653 32680
6882 151 7568
6620 127 6368
7012 1006 50317
7054 1290 64509
7020 1762 88115
7003 1513 75662
6765 215 10790
6960 77 3865
6837 159 7998
7012 781 39052
7008 146 7337
7014 144 7222
6482 152 7614
6666 12 603
7017 469 23483
7020 1580 79035
7020 1827 91386
7003 262 13121
7023 805 40257
7006 337 16868
6666 189 9479
7049 177 8852
5190 3 184
7004 514 25726
7017 276 13809
6882 151 7568
7006 337 16878
7010 48 2404
7010 48 2443
5547 72 3608
7003 784 39241
7018 399 19980
7008 72 3608
6359 8 429
5077 32 1614
7023 620 31030
6801 156 7838
7017 1637 81854
7013 187 9379
7019 210 10512
7012 1425 71300
5036 31 1555
6765 215 10790
7003 1304 65246
7055 43 2187
6078 3 199
7049 1216 60805
6635 1 85
7054 537 26858
7020 1349 67470
7049 1744 87213
7008 146 7337
7020 1762 88115
6689 32 1640
7016 23 1178
7046 102 5101
7003 413 20686
7049 1972 98620
7026 728 36410
7013 238 11943
7046 95 4769
7020 972 48641
7012 442 22101
7025 78 3925
7017 1458 72905
7001 376 18817
7004 1435 71752
6503 58 2935
7001 1038 51937
7003 188 9440
7017 1591 79561
7004 1340 67017
7047 48 2440
7017 1748 87402
7049 679 33990
7023 745 37252
6090 40 2027
7020 1827 91386
7047 48 2414
6945 207 10351
7020 660 33031
7003 413 20686
7020 851 42584
7017 469 23467
7020 331 16561
5216 61 3068
7018 519 25975
7014 1331 66572
7020 1321 66088
7020 1349 67500
7007 22 1113
7012 1141 57096
7020 1725 86255
7016 211 10586
7003 456 22816
6689 32 1627
6573 21 1053
7016 211 10560
6324 96 4807
7021 456 22817
7012 794 39739
7003 1339 66984
7003 1743 87171
