17851 58 2919
14112 122 6144
17004 286 14311
15106 240 12037
17869 92 4638
18927 65 3272
15477 7 373
15473 57 2856
13732 128 6414
13714 50 2528
15491 330 16504
17596 47 2371
18954 3 160
14375 133 6683
18286 169 8489
17087 45 2280
14882 96 4824
13739 19 952
18753 124 6250
18010 225 11255
15482 116 5848
18760 150 7503
14124 155 7779
18794 52 2643
18005 229 11484
18021 188 9432
15464 162 8111
14535 109 5472
15478 52 2636
15931 521 26051
18488 314 15706
17630 161 8072
15636 0 23
15592 8 407
15125 134 6725
16894 89 4478
14136 26 1317
18510 256 12848
16962 290 14507
16750 1 95
14229 7 379
13712 127 6380
13907 16 837
15136 92 4635
15161 186 9317
14040 101 5062
13721 60 3028
15440 26 1320
13921 61 3078
16584 94 4709
17029 158 7913
16119 186 9314
15959 50 2521
16906 32 1644
14555 141 7051
16741 354 17726
14729 57 2877
14807 300 15022
14067 57 2889
17696 9 472
14739 5 292
14062 263 13194
15894 118 5904
18741 17 863
17255 24 1224
16147 248 12404
17177 26 1306
17091 45 2266
15415 52 2615
17030 44 2213
15103 225 11286
15111 71 3568
13913 66 3323
14157 60 3039
13762 27 1386
17985 159 7974
15166 247 12364
14789 70 3533
15851 19 951
15806 121 6080
13913 55 2790
17763 42 2118
17955 158 7913
17973 27 1365
15794 119 5971
17637 16 811
15479 33 1699
13936 23 1170
14021 4 219
14203 18 950
14080 205 10287
17302 51 2565
15701 218 10927
18714 179 8996
17307 17 896
15250 73 3691
17648 50 2549
16228 219 10978
17631 51 2555
15234 174 8722
15722 36 1803
18713 7 371
17137 61 3058
18872 1 92
17849 103 5195
17220 23 1199
17975 253 12662
14531 35 1783
14350 42 2149
17666 50 2523
17087 359 17961
17662 57 2889
16826 362 18103
18286 90 4533
15106 240 12006
17648 50 2549
17137 41 2054
18272 75 3782
14063 92 4613
16172 121 6095
16891 154 7712
17087 45 2280
17206 388 19415
14186 15 779
18782 39 1965
14543 221 11075
16021 478 23943
18765 183 9189
13937 40 2047
15592 96 4815
17210 229 11463
18010 225 11255
14220 25 1258
17731 20 1008
16271 82 4150
17034 221 11096
17383 412 20602
14935 130 6516
15167 126 6331
13701 74 3734
15017 116 5837
18034 86 4311
17132 91 4584
17144 22 1133
18244 143 7188
16159 158 7945
18469 139 6981
17620 241 12077
17398 246 12330
15125 134 6725
18057 137 6877
18021 386 19340
17661 46 2344
18733 41 2070
18701 21 1082
18665 329 16456
15017 197 9900
18923 408 20441
14220 18 938
13767 88 4407
16169 100 5011
17840 330 16531
18692 299 14974
14257 237 11854
15252 20 1011
15251 110 5504
18724 19 984
14121 183 9161
17985 229 11488
14186 207 10352
14043 20 1030
13929 12 650
17166 7 355
16222 12 625
18244 98 4934
18218 62 3126
13714 72 3631
16119 186 9314
14306 198 9916
14801 240 12035
14981 63 3181
15251 159 7968
13766 118 5929
14535 156 7819
16852 197 9870
14040 28 1439
16894 224 11211
15350 197 9881
13770 2 110
14122 45 2281
17692 190 9532
14607 67 3358
17684 44 2222
14431 47 2391
17686 274 13750
16169 362 18106
17186 32 1631
17246 7 399
15593 139 6951
13911 140 7025
15057 122 6132
16986 14 708
14310 1 96
14332 75 3773
14220 18 938
16726 16 821
18054 436 21827
18637 138 6907
17138 102 5106
15417 7 396
14805 29 1498
18794 85 4256
17128 8 413
13929 12 650
17055 18 924
16028 226 11345
18021 77 3852
18922 574 28707
17652 50 2501
18044 329 16477
14550 188 9426
16446 282 14121
17312 203 10159
18031 291 14584
18760 150 7515
14789 70 3533
15593 178 8934
17108 32 1644
18048 260 13033
14171 17 900
18488 560 28039
13913 66 3342
14611 182 9120
17793 41 2088
14549 106 5301
18673 52 2604
16101 102 5129
15774 490 24524
16247 69 3483
18794 56 2843
18793 31 1576
18005 229 11466
17034 239 11993
14377 130 6547
15482 116 5831
14545 112 5628
17195 209 10498
17766 15 763
17451 311 15592
15877 58 2908
16317 86 4317
18044 452 22615
14597 101 5088
17678 37 1897
18574 393 19654
16761 380 19004
18242 15 775
13895 42 2127
15517 24 1212
17312 203 10159
18482 25 1254
17853 7 400
15783 362 18108
16094 242 12107
18032 249 12493
17874 64 3216
17467 5 263
16159 158 7945
13896 24 1219
16228 232 11650
15391 201 10077
17985 338 16945
17328 29 1484
17089 104 5238
16529 38 1905
15151 283 14189
15291 125 6267
13982 34 1704
18865 34 1744
15116 282 14141
15322 149 7475
16222 12 625
17383 512 25638
14319 18 934
18021 536 26826
17662 64 3227
18286 78 3911
17302 78 3918
16158 66 3343
18052 49 2465
17344 83 4184
15715 192 9620
18760 121 6058
18218 111 5565
14914 33 1678
15851 53 2660
14530 8 446
14007 4 226
17528 24 1227
16520 27 1362
15428 62 3113
18903 356 17811
18673 105 5300
18923 284 14204
17131 192 9602
18527 279 13997
15828 446 22333
17126 118 5904
15436 0 40
14067 100 5034
16172 27 1367
17217 68 3433
17648 13 673
15128 145 7277
18685 29 1456
17414 40 2032
14985 10 538
18218 219 10989
17521 34 1707
16741 347 17355
18790 336 16830
14771 34 1711
15101 76 3822
16387 45 2275
18032 250 12517
17596 47 2379
13773 224 11238
14687 11 569
15456 184 9214
15851 19 968
18577 291 14576
17662 57 2865
14026 39 1966
16134 370 18516
17684 75 3780
18650 46 2328
16298 110 5524
14592 57 2880
18935 257 12862
15792 222 11129
15339 262 13107
15398 372 18628
14535 109 5472
18282 94 4704
17691 55 2763
17724 50 2537
15410 77 3872
14535 109 5472
17206 337 16875
18794 7 365
14372 83 4196
14107 89 4458
15961 70 3549
18514 105 5276
17257 15 768
16006 476 23804
18882 143 7154
13982 34 1710
13809 41 2089
17620 13 652
18031 138 6920
18733 41 2070
17503 128 6414
14746 88 4414
14229 7 400
16960 47 2400
14977 20 1045
16962 191 9562
15312 67 3352
17493 214 10704
15952 132 6646
15901 183 9154
18032 242 12136
15154 74 3705
18502 11 569
15923 48 2405
17731 20 1008
13791 195 9781
14873 41 2059
14021 4 219
16101 81 4060
13780 143 7190
18935 386 19323
17514 3 169
13937 40 2015
15079 26 1302
18510 339 16976
18225 24 1208
14977 15 789
18651 14 707
14067 48 2426
15167 9 498
15478 132 6617
18031 262 13139
17091 27 1395
16112 0 36
14093 182 9137
18927 20 1018
18631 54 2741
18489 219 10983
15961 370 18539
16524 389 19498
15436 119 5984
15479 76 3842
13725 126 6349
16877 32 1634
17048 85 4271
17195 32 1616
15592 138 6940
14549 217 10888
15130 26 1318
14068 93 4674
18612 93 4670
17098 64 3206
13762 260 13048
13921 47 2360
13803 195 9793
13935 227 11399
18923 183 9180
15527 19 996
18657 37 1852
16906 84 4211
17743 44 2224
13913 55 2792
15774 313 15651
16188 135 6779
13861 46 2336
17621 175 8796
15350 239 11960
16874 468 23417
16094 534 26705
17592 125 6298
18615 438 21945
14431 41 2094
17851 34 1706
15507 4 206
13970 5 255
17206 254 12733
17620 227 11371
14816 152 7611
16875 22 1102
18882 119 5962
14409 155 7777
17998 125 6271
14690 17 883
17089 33 1699
17255 4 203
18714 175 8795
14801 30 1513
14124 155 7795
15254 65 3300
14686 19 999
18242 162 8140
14080 115 5799
14372 63 3168
14375 78 3943
17614 35 1753
16162 0 50
18794 56 2843
15252 14 731
14080 205 10262
15166 149 7461
15140 182 9116
14558 147 7396
14583 5 260
18741 27 1397
14603 88 4419
18692 299 14987
15426 41 2069
15479 33 1666
14067 60 3029
14428 194 9713
17996 103 5172
16119 273 13676
14784 9 488
13895 78 3938
14603 15 792
17383 444 22219
17578 2 120
16339 171 8554
18795 111 5588
15902 436 21828
16158 32 1619
16172 380 19021
15828 429 21477
14632 102 5108
15395 95 4783
16356 17 862
17851 128 6411
18024 291 14557
16507 31 1557
15398 357 17862
13864 55 2781
15676 184 9236
13709 18 912
16762 37 1900
16147 327 16393
14372 84 4213
14899 87 4351
16109 148 7431
15762 233 11670
15469 273 13666
14350 9 496
13865 251 12570
17354 20 1038
13865 89 4494
15639 189 9475
17965 255 12794
16741 40 2005
14874 160 8016
18631 83 4165
15111 47 2382
17978 193 9696
14611 222 11126
13707 126 6305
16491 14 722
17087 359 17961
16875 22 1102
17874 57 2863
18713 4 215
16226 18 934
13935 227 11399
18752 161 8067
15970 330 16544
18244 30 1517
18678 317 15861
14375 133 6695
15927 82 4124
18794 112 5603
15464 156 7804
16875 22 1102
16348 98 4935
18021 283 14156
17851 113 5684
15986 42 2114
13721 60 3028
18685 501 25066
18685 35 1781
17871 25 1252
14802 286 14340
14171 47 2374
18527 716 35803
15403 149 7474
14107 89 4458
17030 93 4674
16051 85 4258
15828 292 14603
17349 46 2327
14281 52 2645
17033 70 3545
14558 147 7396
18717 39 1981
15017 122 6128
14030 71 3554
18527 716 35803
18760 149 7476
14108 121 6076
17344 118 5913
17783 141 7053
14631 27 1362
14824 231 11557
15395 29 1492
17387 5 267
14186 75 3753
17169 322 16141
14310 1 57
18953 316 15848
13732 99 4961
15397 197 9880
15669 29 1455
14985 10 504
14007 126 6340
16960 3 187
13792 100 5023
17131 203 10162
17514 86 4341
15873 123 6189
13708 2 118
18659 109 5489
14124 108 5424
14955 90 4535
17196 55 2782
14040 28 1427
16023 300 15033
14874 133 6691
17592 93 4675
15976 101 5084
14350 32 1636
14936 32 1604
14818 97 4874
15927 320 16035
17078 101 5099
17598 39 1995
15183 9 480
14123 114 5722
15634 126 6312
16867 37 1889
15386 107 5394
15315 30 1549
17727 25 1278
14801 40 2021
15291 38 1904
15923 367 18372
13950 180 9029
16169 113 5674
18469 145 7285
18026 105 5277
15961 391 19556
15762 193 9697
14542 289 14461
18054 339 16998
13757 50 2544
18048 89 4465
14582 1 65
17521 50 2510
15486 227 11386
15086 168 8436
15350 138 6903
15473 57 2881
14366 31 1561
17630 23 1180
17314 57 2851
14080 181 9051
18910 114 5744
16849 95 4769
18021 77 3856
15154 65 3261
14749 4 215
16802 234 11706
17783 111 5577
18018 43 2194
13763 14 750
15595 13 682
18040 69 3459
17847 120 6032
15877 87 4365
16286 89 4469
17990 129 6490
13791 201 10065
16021 433 21671
18761 9 487
15987 252 12619
18527 674 33741
15492 28 1429
18048 352 17611
14913 62 3106
15174 204 10202
14038 37 1872
16205 314 15722
18922 574 28707
14363 34 1707
16935 364 18243
13962 13 661
14891 10 515
17726 131 6564
17414 99 4977
17352 44 2249
14891 179 8984
16051 85 4262
13729 80 4045
13739 19 991
14912 38 1911
15774 249 12481
17111 182 9147
15382 20 1044
14117 12 644
14068 68 3407
13803 171 8579
13937 40 2015
14715 57 2871
17091 64 3242
13982 100 5044
17955 206 10319
17662 129 6495
17095 16 830
17631 20 1022
15900 143 7186
17791 48 2445
14907 181 9080
18021 386 19324
18018 43 2152
14619 151 7597
18724 33 1677
15701 332 16623
14438 178 8904
18267 33 1655
18010 225 11255
14446 15 766
13913 91 4572
14390 122 6124
13935 227 11367
14306 228 11406
16221 23 1183
15894 118 5904
17004 229 11478
14467 162 8149
15463 246 12350
18010 225 11255
18645 68 3437
15901 183 9154
17990 64 3205
17177 10 516
13929 10 508
17055 146 7334
15154 74 3724
15246 128 6446
17091 63 3170
18733 41 2079
15125 67 3362
15291 204 10204
14464 237 11859
14551 41 2097
16172 32 1632
13945 178 8901
15167 36 1803
17986 186 9348
18474 260 13021
17322 53 2655
17667 9 482
16471 46 2314
14096 66 3337
14401 99 4959
17978 30 1501
14297 138 6915
14401 91 4554
17544 8 433
17722 121 6094
17090 64 3246
17840 369 18480
13865 76 3804
15901 183 9190
14191 209 10464
16307 49 2451
14121 47 2360
17489 147 7356
14828 198 9910
15986 234 11713
14550 301 15100
17726 15 774
15274 35 1762
16119 501 25055
15923 367 18396
14446 11 573
15794 56 2820
17955 68 3419
17596 47 2371
15928 53 2696
17955 72 3644
16172 419 20974
18779 17 897
13780 143 7156
17560 138 6941
16852 197 9872
14959 269 13468
13799 42 2111
15116 281 14055
17472 17 896
17271 93 4686
15877 26 1313
16529 33 1660
14159 214 10729
13708 71 3584
17851 58 2924
14677 0 9
14560 0 21
17458 55 2787
14726 94 4719
15411 119 6000
16891 10 549
18947 143 7184
13805 282 14127
15466 256 12837
13991 33 1655
17367 61 3070
16424 135 6782
18923 474 23725
15234 101 5075
14436 88 4427
18933 95 4788
17204 108 5409
14455 38 1907
17111 212 10616
13739 19 991
15397 152 7627
18235 182 9108
13732 33 1671
17691 8 449
18057 137 6877
15894 67 3386
17978 221 11070
18021 454 22746
14446 18 912
14784 57 2860
15880 26 1325
16101 0 50
13911 147 7399
17769 26 1341
14891 46 2326
15783 233 11683
15403 149 7471
16152 111 5555
13763 254 12701
17840 132 6645
14000 54 2719
17053 113 5678
17648 13 693
17840 369 18480
15902 214 10748
17271 12 614
18482 25 1296
16281 74 3718
17306 68 3431
15792 222 11148
14729 29 1472
13799 30 1520
14186 194 9745
17965 11 570
15592 66 3302
16119 13 697
17316 115 5753
17243 13 651
16466 56 2849
14807 239 11997
14580 143 7187
14924 135 6790
18685 501 25094
15955 24 1226
14975 63 3161
17678 6 340
15257 170 8531
16118 120 6040
17763 12 630
17144 86 4335
18054 264 13242
14560 6 338
17965 263 13160
18506 79 3967
15715 65 3269
17853 15 760
14580 143 7158
14760 149 7451
14153 96 4841
17144 21 1085
16150 209 10472
16322 1 93
17620 227 11384
14372 248 12448
16726 85 4270
14568 25 1287
16089 372 18641
17226 34 1715
14455 95 4791
13897 39 1987
16356 18 906
17998 3 185
16877 24 1215
18225 140 7049
17578 11 579
18574 340 17024
15931 14 743
16499 188 9447
14375 73 3684
18463 177 8888
14068 224 11247
18795 82 4101
16551 373 18691
15828 302 15114
16021 478 23943
18267 40 2019
17108 25 1259
14550 300 15004
17162 177 8894
18717 43 2171
17683 7 369
16119 273 13699
14123 114 5705
15415 52 2615
14401 91 4569
16221 31 1591
17663 21 1074
14965 141 7064
14399 47 2398
15592 59 2997
14140 33 1691
17493 95 4794
14708 24 1233
17963 66 3319
14375 224 11234
15762 63 3160
15479 354 17728
15900 138 6912
18733 7 355
14725 118 5902
18263 126 6323
17137 146 7333
14590 60 3012
15242 182 9121
15783 362 18115
17210 198 9942
18035 230 11531
17722 121 6069
17410 60 3035
14784 39 1954
16513 15 778
15682 106 5305
15125 134 6725
16506 316 15849
17851 58 2919
17309 17 878
18527 674 33705
16750 33 1656
15322 137 6882
15382 184 9233
14112 59 2956
14313 107 5371
14259 120 6015
14537 52 2650
17978 123 6197
14725 122 6134
16172 301 15094
18863 86 4315
15697 60 3017
15828 319 15960
18257 109 5491
15961 352 17649
18032 242 12136
14220 45 2288
17472 17 862
14623 52 2631
18794 68 3433
13707 144 7241
15257 170 8510
18928 157 7852
17631 20 1021
17726 83 4171
15174 105 5271
17503 247 12383
18218 300 15001
17683 89 4483
17128 148 7419
15762 40 2050
18463 177 8888
18048 186 9335
14562 59 2991
14592 69 3484
15682 99 4993
15146 61 3076
16759 7 385
18218 300 15001
18651 172 8633
18793 60 3003
14446 24 1235
17196 55 2782
17137 3 151
17522 15 800
16021 219 10980
18782 24 1236
17314 48 2417
18794 56 2827
14401 226 11303
18574 349 17485
14446 24 1208
16101 69 3452
14257 237 11853
14165 54 2749
15415 245 12284
15114 28 1425
17169 347 17378
18244 98 4934
15291 125 6267
14553 292 14616
15411 153 7690
18771 50 2506
15004 10 513
18005 199 9972
14009 90 4539
17055 295 14781
15446 66 3302
16158 260 13023
14936 23 1175
14209 120 6042
18021 370 18542
13862 79 3975
15894 0 45
17998 145 7287
15396 145 7295
16889 250 12543
15762 233 11691
17701 55 2773
14122 36 1806
16118 79 3963
15873 256 12818
15486 8 421
14690 25 1260
13732 99 4961
14080 205 10275
15952 132 6609
17522 59 2962
16910 171 8600
13861 127 6385
17521 34 1707
15722 89 4460
17500 60 3021
16752 10 501
15931 521 26076
13712 127 6380
18955 222 11105
16821 195 9751
15423 41 2051
17990 64 3245
15634 126 6312
16504 149 7457
18031 262 13139
15933 290 14511
14021 75 3786
18244 144 7244
17874 57 2874
16159 158 7945
18495 102 5141
17569 18 940
16874 403 20189
17246 2 122
18764 42 2110
18218 174 8740
16935 101 5055
15592 8 407
17137 215 10795
18923 243 12185
18697 238 11923
17451 326 16331
16875 22 1102
17169 101 5071
16825 99 4977
17144 22 1115
13715 92 4613
16150 92 4618
16852 197 9887
14897 153 7663
15004 1 77
14451 15 799
14068 68 3407
18024 573 28681
18918 139 6978
18225 492 24613
18615 117 5859
15900 143 7200
14553 292 14616
18615 438 21945
17975 72 3603
15828 367 18362
16271 82 4134
13767 11 596
14014 162 8140
16875 14 705
15179 22 1102
16679 12 624
14814 175 8764
15125 66 3307
14392 88 4443
14021 75 3786
17137 61 3058
14631 27 1362
17206 388 19450
17166 8 434
17985 203 10187
17683 89 4483
17693 163 8198
18764 42 2137
18676 493 24675
17726 15 753
14582 1 70
14123 39 1989
18235 156 7827
15222 54 2720
15174 91 4569
17132 225 11291
15478 226 11307
18021 422 21124
15701 255 12789
15783 128 6433
16158 343 17184
14067 57 2885
16513 15 772
13805 273 13656
18044 468 23427
16221 1 64
13965 7 377
13721 25 1296
15783 167 8382
17869 42 2139
17739 19 966
16356 17 862
14873 41 2059
17371 269 13495
15872 38 1940
18021 438 21935
14673 70 3506
18676 558 27945
18935 31 1583
14985 64 3211
17338 56 2824
16965 123 6184
18760 149 7478
16101 69 3484
14293 252 12627
18268 5 253
16168 42 2114
14129 3 164
17658 73 3693
14038 39 1977
18765 320 16019
18603 256 12823
18488 314 15722
14399 145 7286
18935 174 8724
17541 18 945
17869 42 2139
13982 109 5469
14362 33 1667
18678 327 16370
17349 104 5207
18265 208 10432
14708 34 1715
16825 99 4977
18732 26 1322
13714 113 5655
15762 296 14813
18677 142 7149
18794 162 8142
18040 43 2165
14882 57 2859
17648 10 521
14030 104 5209
17326 81 4067
14569 159 7995
17422 5 269
15017 87 4371
16028 421 21100
17030 93 4677
18731 224 11225
15130 37 1879
16437 8 428
17990 100 5020
17693 82 4125
17761 63 3196
15128 177 8852
16101 81 4073
15507 2 123
17255 28 1413
15118 186 9339
15970 93 4665
13929 10 508
18933 332 16630
15593 178 8918
16962 10 547
15409 6 317
17724 53 2661
17693 153 7667
17243 78 3907
15430 57 2895
16340 416 20839
14924 229 11461
18913 38 1928
16122 452 22626
14814 114 5702
15086 30 1505
17323 27 1381
18923 162 8134
18692 78 3938
16847 0 7
17087 336 16843
16726 187 9375
17869 44 2219
17095 16 830
17691 19 953
17435 16 831
14882 92 4634
16735 59 2991
17467 80 4032
17367 133 6667
16348 98 4935
14725 16 829
16107 58 2928
13714 25 1283
14539 234 11712
14583 28 1415
14726 60 3050
13935 110 5505
14789 70 3542
18235 230 11525
18265 149 7459
14877 232 11614
14975 102 5141
15801 487 24389
18795 50 2541
16243 174 8741
14212 184 9213
15952 74 3719
15478 358 17930
17985 225 11272
14766 7 374
16852 178 8905
17521 20 1027
18697 238 11904
14631 108 5428
17724 34 1747
15989 307 15361
17972 127 6396
14030 74 3713
15463 246 12350
15715 197 9857
16826 193 9684
18032 175 8798
18218 300 15001
14828 198 9937
15442 35 1766
16250 36 1828
14218 10 528
14009 63 3197
14112 90 4543
15469 291 14589
18021 370 18538
18021 454 22711
17137 83 4169
16750 1 95
14725 161 8098
15382 78 3942
17030 93 4674
16976 36 1838
16960 47 2400
14171 51 2560
18516 372 18637
17686 28 1413
17974 165 8267
18714 165 8281
13702 58 2937
17383 115 5787
18466 48 2436
13809 135 6759
15785 74 3712
17766 43 2197
17853 7 400
16965 69 3464
18794 52 2649
17858 64 3201
13767 50 2528
16731 90 4533
16109 148 7431
18031 274 13737
16852 178 8930
15274 35 1789
14108 112 5625
17500 67 3381
16107 33 1695
14209 79 3955
14152 47 2354
14673 16 841
17479 6 315
15960 140 7016
15111 282 14143
14736 256 12802
18761 40 2037
17955 190 9527
13803 16 838
14829 4 208
17095 130 6515
18031 291 14597
18645 68 3450
17985 229 11488
15106 17 872
17449 46 2333
14543 103 5179
15851 92 4621
17521 1 66
15966 151 7590
18510 339 16985
16205 122 6103
14592 81 4061
17144 14 725
14220 43 2185
14063 245 12264
15800 206 10327
18218 160 8003
18026 180 9042
18242 101 5083
15900 127 6399
15130 30 1521
16471 80 4044
14562 59 2991
14550 280 14006
14067 58 2904
16109 29 1474
16433 25 1254
18918 116 5824
16109 148 7414
14899 285 14259
18527 279 13962
14756 107 5370
18931 50 2528
18794 362 18144
14729 89 4493
14007 121 6068
17387 10 514
17128 108 5401
17467 60 3023
13896 70 3550
17137 16 818
14220 39 1962
16028 226 11345
13803 16 838
15883 26 1325
13862 164 8228
15960 300 15015
17847 57 2873
13935 227 11399
17514 54 2739
14956 309 15457
18753 49 2489
16169 220 11036
14874 178 8906
18218 216 10820
17973 36 1807
15386 38 1942
15676 184 9236
14639 39 1988
18497 206 10345
16089 372 18614
18054 447 22384
15426 83 4164
17098 64 3227
15873 256 12818
16272 320 16049
18235 41 2075
17055 18 924
14553 294 14748
18057 38 1926
14026 109 5473
17987 80 4013
15722 89 4460
17126 45 2280
17667 71 3598
14024 10 522
17243 84 4214
17506 69 3475
14814 175 8764
17204 108 5409
13762 86 4305
14789 41 2081
15099 35 1787
18765 60 3006
17591 67 3384
13937 58 2929
16444 83 4154
17087 45 2282
17090 64 3246
15766 15 775
15593 97 4863
15425 40 2044
18496 12 647
14686 61 3061
16504 149 7457
15111 57 2893
15430 57 2895
14882 137 6883
17524 79 3993
14007 29 1494
18034 62 3116
15267 163 8196
14874 178 8945
13791 97 4896
17410 2 141
16926 172 8629
18865 72 3629
15350 43 2176
15161 60 3017
18760 150 7504
16978 298 14919
14293 63 3169
14171 17 900
16221 4 231
16446 192 9604
14543 132 6635
15588 297 14851
15959 78 3947
15931 0 45
17328 29 1484
14007 121 6098
14080 140 7049
17611 105 5269
17352 44 2249
14749 191 9597
15116 117 5899
14464 66 3342
14914 250 12532
14468 119 5964
16216 88 4421
16271 48 2431
15766 15 797
15800 11 592
14281 158 7902
17451 23 1153
16731 165 8281
15882 198 9914
14080 140 7049
18741 21 1073
16910 171 8600
17955 206 10319
14901 310 15514
16994 37 1869
15106 240 12006
15128 229 11498
13862 79 3987
17364 93 4684
15174 53 2696
18233 73 3655
16094 46 2330
15486 177 8888
14306 145 7296
14108 88 4426
17978 126 6343
14611 182 9129
18938 17 895
17004 9 475
16891 131 6565
13807 208 10415
16818 96 4845
16172 413 20671
14458 37 1861
16121 31 1574
16529 30 1550
18229 1 60
17186 32 1631
15880 26 1325
15427 12 615
13940 16 803
14291 138 6904
17132 205 10258
17255 43 2152
14067 191 9553
16929 134 6730
13773 53 2668
14543 103 5171
17667 246 12336
14067 47 2373
17563 79 3964
14768 115 5778
15799 193 9683
18218 219 10977
16891 243 12191
17865 55 2751
15423 38 1941
17034 64 3203
17529 22 1123
18924 4 201
16307 49 2479
14009 63 3197
16341 347 17359
17840 200 10035
17327 75 3755
17849 118 5901
16199 444 22210
17874 22 1115
18923 304 15244
16852 316 15830
16226 18 939
14580 5 277
14431 62 3148
13913 199 9962
16852 316 15830
16947 129 6469
17451 311 15578
13736 51 2587
14453 169 8467
15593 178 8926
17853 2 119
16036 318 15910
15166 335 16760
14000 57 2857
17089 121 6057
13714 72 3631
17563 79 3964
13945 246 12329
18031 291 14560
13709 18 912
18795 50 2542
14981 117 5863
17973 46 2320
14291 25 1268
16506 124 6243
14124 203 10178
14549 217 10872
18228 182 9130
17630 122 6148
14030 50 2509
14592 69 3490
15409 6 337
15395 95 4783
16221 38 1944
17560 49 2462
15345 148 7427
18646 2 113
16169 78 3938
13707 144 7241
15900 196 9837
17722 121 6089
16094 244 12224
13763 14 750
17087 4 229
15397 219 10977
14569 77 3897
14873 249 12468
15314 47 2367
14079 166 8333
14771 214 10721
15397 219 10977
14555 157 7857
18935 71 3575
13762 260 13050
13732 103 5195
15862 5 287
16232 156 7825
14438 254 12714
18021 260 13001
18228 117 5852
17620 127 6389
17029 99 4963
18286 58 2914
15409 6 337
17695 1 91
15588 297 14851
14582 1 86
16499 224 11221
14007 121 6098
17596 47 2371
17383 416 20806
18048 379 18997
14413 2 111
13942 75 3761
17655 410 20528
15507 5 300
14067 147 7389
15917 285 14255
14673 57 2865
17373 136 6818
14882 169 8468
16513 15 778
17475 164 8213
16867 40 2018
18228 189 9475
17467 5 263
13732 99 4966
18028 96 4834
16852 311 15591
17186 32 1631
18612 87 4386
15989 440 22004
16949 437 21870
15862 287 14383
17524 54 2715
14438 179 8974
16162 72 3624
14059 84 4213
15128 209 10496
17098 64 3225
13982 34 1710
18779 86 4345
14205 12 642
17367 18 911
15923 326 16347
14583 69 3486
17793 41 2064
13965 34 1731
15416 77 3894
16540 19 960
14009 97 4883
17220 23 1199
15766 37 1885
14218 7 397
15409 17 900
15517 71 3573
18495 82 4146
14924 146 7337
18631 62 3102
16169 100 5011
17524 101 5095
14888 217 10876
13709 18 923
14924 228 11414
14899 285 14280
18733 43 2161
17401 98 4920
16422 23 1178
13913 91 4562
15456 100 5013
15166 350 17542
14458 25 1295
18615 117 5867
17698 6 336
15257 127 6389
15398 228 11425
16853 0 21
15099 68 3408
14750 17 895
17036 433 21699
13739 21 1055
15386 23 1184
16216 88 4421
15397 226 11350
15851 92 4626
16222 12 625
15828 302 15114
15961 370 18539
15592 120 6040
14736 271 13569
16272 320 16049
15267 77 3862
14816 152 7614
14080 181 9051
15231 157 7865
15469 32 1646
15174 58 2926
14220 39 1962
17057 76 3821
15867 142 7129
18005 112 5637
14912 134 6731
17144 118 5918
17367 90 4540
16867 163 8172
17663 21 1074
17661 29 1458
15682 28 1438
17545 36 1802
17306 68 3432
18615 438 21945
14611 182 9124
18954 115 5758
15709 25 1298
17671 410 20513
17325 5 260
18034 86 4311
14764 63 3172
14772 142 7132
18752 534 26735
14789 112 5619
17344 118 5913
18228 187 9380
17620 69 3474
17196 56 2841
15267 163 8199
15391 201 10077
17126 7 370
13791 8 443
15103 106 5341
15154 74 3724
15766 24 1240
16228 158 7941
18910 86 4302
16226 3 185
17344 118 5913
13970 29 1484
17372 103 5152
14590 92 4641
14436 300 15049
14924 147 7362
15360 23 1181
18021 514 25705
17240 22 1121
18924 4 247
17108 25 1259
16226 66 3303
13937 40 2015
15386 23 1184
18286 97 4868
18673 50 2520
14438 74 3716
15961 188 9429
16411 11 566
14543 95 4754
16499 514 25733
16158 32 1619
17701 55 2752
14357 5 289
13929 10 508
16158 6 323
13923 25 1264
18760 224 11218
14117 12 644
15846 167 8366
16679 64 3240
16576 37 1896
15291 319 15953
16975 191 9576
15267 77 3862
18515 57 2895
14690 26 1326
18488 314 15706
18492 323 16177
15130 70 3521
16852 25 1291
15395 89 4461
16023 462 23148
15877 62 3128
17693 42 2116
17560 41 2080
17985 321 16097
14468 110 5505
18574 340 17017
17164 112 5639
14582 60 3044
18701 8 425
18463 177 8875
18615 438 21945
14545 6 318
17169 246 12344
16952 0 35
15923 344 17224
14763 17 884
17414 40 2038
14319 18 901
14556 130 6501
14959 269 13468
18701 21 1082
14205 12 642
16529 33 1662
18733 43 2170
17727 38 1950
17986 72 3604
15403 156 7802
14246 116 5830
17726 51 2568
15921 137 6879
17186 32 1631
18733 41 2070
18005 180 9028
16150 92 4618
16975 112 5647
15246 126 6341
16731 459 22979
13865 251 12570
14063 231 11569
14458 102 5139
15111 289 14466
14392 238 11947
15713 294 14713
15360 122 6137
17793 41 2064
16172 103 5195
17210 229 11463
18021 507 25355
16891 243 12171
17666 212 10633
15634 158 7931
16389 64 3250
15894 185 9260
18678 309 15489
15478 358 17930
17379 24 1202
18496 74 3722
16960 47 2400
15987 258 12940
16579 76 3811
14530 8 422
14335 232 11609
17528 18 920
16051 200 10019
18048 89 4465
16743 21 1061
14985 170 8539
14306 198 9910
16357 50 2508
16216 105 5251
18021 454 22746
18958 10 516
16199 27 1370
17739 23 1192
16821 409 20463
17055 18 936
17975 72 3647
14924 39 1954
15103 12 620
17956 128 6449
15274 35 1789
18678 317 15895
16134 166 8319
18953 116 5827
16986 26 1332
16889 48 2401
14784 6 327
18496 78 3947
13957 2 126
16112 20 1042
17353 12 626
16551 373 18691
16271 8 412
15507 4 206
15783 252 12623
16891 154 7712
18923 291 14562
18244 279 13973
17057 80 4042
13911 140 7039
17098 64 3206
15183 12 601
18034 136 6825
17043 98 4902
17435 16 831
15636 13 684
14763 56 2824
16950 84 4214
13763 132 6611
14592 81 4062
15592 59 2997
18910 140 7024
16232 86 4327
16524 389 19498
18032 249 12493
17684 154 7731
14062 5 271
16935 188 9430
14580 23 1180
16169 301 15075
17422 0 16
17098 64 3206
13923 25 1264
17524 127 6383
16776 222 11128
17164 78 3903
17667 85 4288
13807 98 4916
16750 92 4638
16741 116 5850
17271 66 3331
15166 70 3531
18031 274 13726
16446 192 9604
17137 115 5784
18923 416 20828
14464 124 6202
18685 182 9105
17410 60 3035
18646 78 3944
18784 3 185
18244 143 7167
17858 168 8431
18242 178 8931
17990 46 2332
16852 70 3501
15966 369 18456
14542 289 14455
16529 38 1905
14874 8 406
15222 99 4975
18495 127 6395
18040 43 2165
15909 36 1838
13732 103 5192
14924 135 6787
18760 149 7486
14771 214 10721
17701 2 108
17592 125 6298
16158 108 5417
18026 166 8335
17563 79 3968
14282 2 147
14603 15 792
15415 65 3284
18603 170 8534
14159 183 9176
14014 162 8140
14293 70 3516
16169 362 18128
18245 199 9975
14372 83 4152
15917 285 14255
14026 109 5473
14067 15 789
17696 53 2695
14093 182 9122
14690 25 1267
17166 8 434
14784 57 2860
15179 22 1102
18244 362 18112
14877 232 11626
14080 140 7049
14555 273 13691
17090 64 3246
15350 197 9881
14464 84 4219
14590 92 4617
17761 63 3199
18773 30 1506
18048 320 16020
16731 491 24579
15353 170 8541
18527 274 13720
15106 208 10433
15149 93 4697
17684 127 6379
16852 70 3523
17972 39 1951
17325 5 263
15783 213 10695
14112 59 2995
14597 65 3263
18488 536 26833
14038 107 5396
15762 80 4004
17726 83 4171
17990 82 4142
16199 126 6338
17524 126 6312
14152 47 2354
17467 80 4029
16529 36 1841
18235 247 12367
18233 245 12295
16551 328 16431
16075 341 17073
14549 141 7053
18021 422 21119
14743 187 9364
17521 25 1277
16843 299 14996
14212 184 9213
14191 204 10228
18910 140 7035
18044 230 11543
18497 206 10337
18244 307 15367
14882 96 4824
15954 208 10415
18933 95 4788
17166 5 278
15469 271 13563
15098 79 3954
14631 257 12883
17090 64 3246
14044 30 1541
17210 230 11534
14530 1 73
15004 12 624
15345 148 7434
14553 190 9549
15315 6 336
16172 229 11457
18733 41 2052
18235 236 11827
18024 366 18343
17975 52 2634
18685 9 453
14291 24 1201
18495 157 7867
17596 47 2379
15486 320 16002
13707 126 6327
16894 20 1046
17591 86 4350
17255 14 741
14172 46 2310
17545 59 2993
16317 67 3369
16867 100 5017
15915 162 8144
15360 137 6898
18574 340 17017
18765 320 16042
17208 191 9552
18910 77 3874
17029 99 4970
18713 4 215
16679 83 4200
14438 137 6874
15640 6 328
18733 47 2386
15851 92 4626
15701 218 10927
13799 30 1520
16038 192 9601
14555 114 5736
16529 91 4598
17965 15 751
18935 95 4799
16726 143 7176
14824 231 11557
14603 15 792
17614 211 10577
15099 34 1704
