17098 64 3206
18031 291 14584
15954 208 10415
14768 190 9529
15766 24 1240
17243 13 651
17213 83 4173
17985 159 7973
14603 15 792
14058 65 3273
17500 67 3385
17500 60 3021
17164 78 3923
17849 118 5901
17177 26 1306
13773 113 5675
14959 269 13468
14205 27 1364
14901 200 10039
15923 344 17224
16150 209 10472
18692 170 8533
14686 19 999
14771 214 10721
13739 19 991
16986 14 708
18021 77 3852
17095 16 830
14789 41 2081
15917 285 14255
15969 105 5288
15469 291 14589
14882 137 6883
17684 89 4498
15931 521 26051
14297 138 6915
18469 139 6981
17871 250 12539
18692 299 14987
18685 35 1781
17840 284 14208
17030 93 4674
15709 25 1298
17029 99 4998
18678 317 15895
14743 187 9364
18021 77 3899
17596 47 2355
18229 1 60
15592 8 407
16307 49 2451
18678 309 15489
15466 256 12808
15430 57 2895
17029 99 4970
14985 64 3211
17255 28 1413
18044 230 11511
18024 291 14557
13807 25 1275
15125 174 8722
17398 246 12330
17614 35 1753
14220 43 2185
14080 169 8466
14750 17 895
13714 113 5655
15792 222 11149
16513 15 795
14438 254 12714
14959 201 10075
14882 92 4634
14631 27 1362
18761 40 2037
14335 160 8008
17591 67 3384
15762 330 16544
15970 93 4665
15397 219 10977
16232 186 9334
14392 88 4443
14746 88 4414
14080 181 9051
14366 31 1561
16852 316 15830
16529 36 1841
15099 26 1331
13770 16 839
14281 52 2645
14293 63 3169
15111 57 2893
14583 28 1415
18032 249 12493
14212 184 9213
17131 192 9602
18228 117 5852
14749 223 11164
14464 84 4219
14631 27 1362
14123 39 1989
17990 82 4142
18865 72 3629
16422 23 1178
14626 143 7195
17323 27 1381
18021 260 13001
16378 39 1962
14746 88 4414
17701 2 108
14977 20 1045
18048 89 4465
14067 58 2904
17978 126 6319
14464 237 11859
18021 386 19342
17620 13 652
17349 19 990
16038 246 12308
16891 131 6565
16199 27 1370
15867 64 3235
15339 28 1433
14975 63 3161
14580 23 1180
16726 16 821
14771 214 10721
18040 43 2165
17344 118 5913
15428 62 3113
18765 60 3016
17458 55 2787
14313 270 13515
13803 195 9797
15492 28 1429
14726 60 3050
16226 3 185
18026 166 8335
14981 63 3181
16424 305 15286
13935 227 11399
15808 31 1561
15639 189 9475
16906 32 1644
16852 316 15830
18035 230 11531
18760 149 7486
17210 230 11541
17367 18 911
14771 34 1711
17144 22 1133
15634 126 6312
17240 243 12169
14530 8 446
18527 716 35803
14985 30 1536
15916 207 10366
17089 104 5238
17874 22 1115
17090 64 3246
17503 247 12383
18771 51 2573
14763 17 884
17667 257 12871
13763 247 12396
16906 84 4211
18497 206 10345
17128 25 1273
16222 157 7861
13809 135 6798
15125 134 6725
14828 198 9910
15970 334 16728
15491 86 4320
14537 52 2650
15923 48 2405
17686 28 1413
14024 10 522
17055 18 924
14431 47 2391
18733 50 2541
16802 234 11706
17973 27 1365
18692 139 6968
15639 194 9702
17108 32 1644
14555 273 13691
18933 95 4788
17521 1 66
15257 6 303
16172 377 18856
18923 565 28282
18024 366 18322
16339 159 7962
13895 42 2124
14556 130 6501
17521 18 907
14392 214 10717
15882 198 9914
18701 21 1082
17754 75 3777
14127 182 9137
16962 191 9562
15116 282 14141
16540 19 960
17978 193 9696
16759 7 397
14805 29 1498
14310 1 57
18039 110 5531
17793 41 2088
17243 13 651
17169 383 19157
18760 149 7470
17144 101 5099
14453 139 6969
15416 122 6109
15430 57 2895
16852 197 9870
16006 476 23804
14555 141 7051
15491 330 16504
13729 80 4020
17791 2 112
15111 71 3568
15149 22 1132
13865 76 3804
14555 273 13691
18679 105 5276
16962 191 9562
18935 71 3575
17955 206 10319
15766 37 1885
13707 144 7241
18021 507 25355
16852 94 4729
18010 232 11603
16471 51 2567
17410 60 3035
15231 157 7865
14768 6 304
15880 26 1325
16317 40 2005
16172 462 23122
18021 536 26826
16894 224 11211
16101 81 4073
18646 2 145
15593 44 2243
16021 433 21671
14310 0 3
17091 27 1395
14818 97 4874
17755 14 737
13862 164 8228
17662 129 6497
13979 181 9091
14768 115 5778
17955 190 9527
16821 207 10396
13935 227 11367
16226 18 939
16109 148 7431
15267 163 8199
17108 25 1288
15350 197 9881
17865 22 1101
13937 40 2015
18026 180 9042
18495 102 5141
14436 88 4427
18603 170 8521
14543 103 5171
16759 7 385
14209 120 6042
14550 10 532
16752 10 501
18018 78 3902
18233 73 3655
17379 24 1202
14725 16 829
16158 182 9101
15106 208 10420
17726 74 3726
17309 17 878
13799 30 1520
14788 49 2488
14814 114 5702
17724 34 1747
15174 91 4569
14726 60 3050
17560 56 2819
18225 561 28079
15130 70 3521
17840 362 18129
18795 111 5588
18935 257 12862
14043 57 2858
15762 253 12657
16875 22 1102
17701 55 2752
14801 40 2021
16221 4 231
15433 170 8506
14551 204 10239
17166 5 278
16867 37 1889
18933 66 3309
17578 11 579
16317 86 4317
13709 18 923
18923 416 20828
15315 30 1549
18010 225 11255
17615 4 218
17137 115 5784
18676 493 24675
17137 61 3058
15960 128 6442
16446 282 14121
14468 110 5505
16271 82 4134
17594 72 3624
17972 39 1959
16172 105 5290
16960 47 2400
13773 53 2668
15882 198 9914
15762 296 14813
17544 8 433
17667 9 482
17667 71 3598
17652 55 2799
17514 3 169
17352 290 14528
14569 159 7995
15061 181 9069
17684 75 3780
18032 249 12493
17592 93 4675
16322 1 93
16845 140 7006
13714 40 2013
15722 89 4460
14107 89 4476
18954 115 5797
16891 131 6594
17208 83 4178
18527 466 23329
16339 171 8554
15900 138 6912
16506 124 6243
13709 18 912
18018 43 2152
18482 25 1296
14186 207 10352
15477 7 373
18245 210 10502
13913 66 3342
16551 328 16431
15386 96 4820
16158 6 323
17057 76 3821
17497 127 6380
14350 9 496
17544 7 380
13732 103 5192
16753 112 5643
17467 5 263
18032 175 8798
16741 82 4150
14611 182 9120
15116 281 14055
18650 46 2328
16741 40 2005
15792 222 11105
15592 8 407
16540 15 760
14129 3 164
18514 68 3425
14882 169 8468
17661 29 1458
18924 103 5177
17489 147 7356
14891 10 515
15446 66 3302
14021 75 3786
16271 82 4150
18773 28 1407
14067 156 7849
18794 85 4256
15252 34 1728
18947 143 7184
13982 100 5044
17985 229 11488
18794 112 5603
18714 179 8996
15593 167 8389
14038 64 3236
13897 39 1987
15174 58 2926
17521 50 2510
16825 99 4977
13762 86 4305
17521 50 2510
18760 149 7476
17383 512 25638
18469 145 7285
16159 158 7945
18665 329 16456
16172 471 23589
15154 74 3719
14093 182 9122
16446 192 9604
15783 213 10695
17693 82 4125
14392 238 11947
15350 54 2715
16906 46 2337
17323 23 1199
15501 96 4814
15479 354 17728
17146 13 654
17987 38 1904
14582 1 65
17169 67 3357
14375 138 6931
18244 143 7167
14874 239 11965
15701 3 193
13864 89 4460
13957 2 126
16339 159 7962
14108 88 4426
14924 39 1954
13991 46 2305
16849 118 5932
14715 57 2871
13861 28 1412
16529 33 1662
18005 180 9028
16499 224 11221
15783 215 10753
15915 129 6490
15965 497 24868
16776 8 440
17475 164 8240
14313 270 13515
17169 322 16141
17213 81 4063
17726 51 2568
17667 246 12336
15417 2 114
14891 179 8984
15486 160 8050
13762 27 1386
17210 229 11463
16891 10 549
14543 221 11075
16845 199 9971
16529 33 1660
18733 41 2070
17095 73 3658
17666 50 2523
15640 6 328
17986 227 11391
14750 25 1261
15246 128 6446
15987 252 12619
16228 219 10978
14413 2 111
13791 122 6124
16266 199 9973
17089 121 6057
17435 16 805
15966 369 18456
15017 5 257
17137 41 2054
17696 9 472
18760 149 7496
18753 124 6224
18242 101 5083
13937 60 3014
18021 454 22746
16119 186 9314
17011 199 9969
17414 40 2038
15969 105 5288
18713 4 215
14550 300 15004
15386 23 1156
14319 18 901
14784 69 3474
16506 316 15849
13936 23 1170
17166 8 434
15701 218 10927
14873 291 14582
17162 171 8557
16891 131 6565
15457 194 9745
14112 90 4543
13745 119 5996
17701 2 108
16978 298 14902
14186 207 10352
13935 227 11399
14784 57 2860
17621 175 8796
16731 459 22995
16021 433 21671
18474 260 13021
18244 362 18112
14743 44 2201
15391 201 10077
13942 75 3761
17323 27 1378
13714 72 3631
18044 329 16477
15086 30 1505
14038 39 1977
14399 47 2398
18048 320 16020
14146 12 633
16148 220 11044
15125 67 3362
18527 674 33741
14617 32 1633
17686 274 13750
18713 14 747
17724 53 2661
15639 176 8820
16023 462 23148
13865 89 4494
18005 112 5637
15086 184 9239
18863 86 4315
15427 8 426
16228 158 7941
17675 48 2410
13861 127 6385
16802 234 11739
14551 50 2549
14040 101 5062
15409 6 337
14877 232 11614
14044 32 1646
14122 54 2722
14550 280 14006
15989 307 15361
18615 150 7517
16158 66 3316
15160 61 3077
14218 10 528
14912 148 7402
15961 370 18533
18603 170 8521
15412 167 8382
13732 99 4966
18574 340 17017
14007 121 6068
13937 58 2929
15061 122 6102
15877 245 12294
15593 178 8926
18235 236 11827
16950 84 4214
14220 45 2288
15291 125 6267
15101 76 3822
13929 10 508
16491 14 722
13745 39 1967
15395 89 4461
18032 242 12136
18927 20 1018
18233 245 12295
18265 149 7459
14306 145 7267
17344 118 5913
13876 260 13011
18577 291 14576
18463 177 8887
14026 98 4923
14401 226 11303
17663 21 1095
14725 64 3233
14068 68 3407
17138 52 2603
15086 168 8436
17034 221 11096
15118 186 9339
17410 2 141
17036 433 21699
16119 463 23166
17186 32 1631
14093 136 6838
14784 9 488
18929 173 8690
17435 16 831
17849 2 142
17479 26 1311
15330 96 4825
18923 291 14562
17128 148 7419
15291 266 13305
17578 2 120
14157 60 3021
15828 446 22333
14998 17 859
17328 29 1484
15442 51 2567
16172 224 11235
15479 33 1666
14907 181 9080
14036 12 622
16952 0 35
15961 370 18539
16101 69 3484
14897 153 7663
13763 14 750
17365 29 1487
17783 141 7053
18795 1 73
16073 105 5281
17344 118 5927
15931 521 26051
18235 156 7827
17853 7 400
14801 30 1513
17521 34 1707
13770 10 529
15909 36 1838
16826 362 18103
17631 7 376
18760 191 9586
14537 52 2650
16134 297 14893
15099 35 1754
17195 118 5901
13895 41 2068
18488 314 15706
16216 88 4421
16994 37 1869
17030 44 2224
17560 41 2081
13911 140 7025
15970 330 16544
15669 29 1455
17686 274 13750
15103 12 620
16023 336 16823
14708 24 1212
15960 300 15015
18724 33 1677
16101 44 2227
17090 64 3246
17724 34 1733
18010 225 11255
15099 15 783
17087 359 17961
17034 221 11096
17478 125 6285
17144 22 1133
15099 35 1787
14043 66 3340
17853 186 9345
18765 320 16042
15166 350 17542
17226 34 1715
14545 112 5628
17500 67 3381
17724 34 1739
16965 69 3464
17521 25 1277
15486 8 421
16275 108 5436
18615 117 5859
15397 219 10969
18021 514 25705
16298 110 5524
17132 205 10258
17137 149 7468
18225 79 3957
13725 126 6349
14959 31 1580
14335 232 11643
14673 57 2879
15479 76 3842
17614 211 10577
17996 103 5172
17126 118 5904
18782 52 2618
18935 383 19168
17727 22 1148
18238 255 12763
17869 42 2139
15017 197 9900
13911 147 7399
13762 260 13050
16122 452 22631
15507 5 300
17849 86 4324
17029 179 8999
16845 86 4320
14542 289 14455
18692 78 3938
15486 227 11386
18612 93 4670
15409 17 900
17990 129 6490
13803 171 8564
14956 240 12049
17162 171 8557
16735 59 2957
14729 89 4451
18032 186 9323
17144 14 725
18954 3 160
16112 20 1042
14956 309 15457
17684 75 3780
18733 7 355
15257 170 8510
15828 302 15114
16741 116 5850
17055 18 924
13965 34 1731
16513 15 772
17195 209 10498
18244 307 15367
16199 444 22210
18024 366 18343
13708 71 3584
15873 256 12818
15446 66 3302
16169 100 5011
18760 121 6058
17257 15 768
18265 8 449
18713 4 215
15927 82 4124
14062 5 271
15507 4 226
14357 5 289
15116 302 15131
14784 9 488
14105 124 6220
17372 103 5152
14044 30 1541
14750 17 895
13911 140 7039
15785 59 2984
16424 135 6782
13732 99 4961
18741 21 1073
14458 102 5139
18257 109 5491
17596 6 314
18031 262 13139
17504 31 1590
18646 78 3944
17874 64 3216
15498 152 7644
14623 23 1184
15867 111 5555
16317 67 3352
13714 50 2528
17667 85 4288
15167 20 1034
16579 51 2598
14729 178 8910
17858 168 8431
14026 39 1966
14597 27 1368
14959 16 838
15961 95 4781
18497 328 16403
18793 56 2829
15412 282 14133
14801 240 12035
14464 124 6202
15931 14 743
15894 67 3386
14708 24 1233
18923 446 22316
14981 199 9989
14789 70 3533
15762 149 7472
16152 39 1957
13707 126 6305
15314 47 2367
17648 10 521
17364 93 4684
17497 160 8006
17598 39 1995
15873 123 6189
14975 102 5141
15222 99 4976
14446 11 573
15395 29 1492
16216 88 4421
15715 197 9857
17871 25 1252
17451 326 16331
15486 177 8888
17482 77 3894
14592 69 3484
15590 171 8554
17662 57 2889
17955 72 3644
16221 4 201
14009 63 3197
14977 8 436
16317 40 2005
17246 2 122
14438 22 1123
15382 229 11464
14068 93 4674
17965 265 13254
15463 246 12350
18646 48 2444
15478 52 2636
14985 64 3222
14882 96 4824
18202 89 4459
16339 207 10379
15639 169 8492
18514 105 5255
16986 26 1332
13929 0 28
16173 201 10093
16094 534 26705
18733 41 2070
16579 76 3811
14598 43 2191
15397 152 7627
15412 132 6629
17307 17 896
17383 412 20607
15382 239 11974
18955 117 5851
14690 25 1260
18794 68 3433
15282 56 2804
14363 34 1707
18760 150 7504
17414 190 9526
15923 326 16347
17352 44 2249
16891 154 7712
18489 219 10983
13950 180 9029
14332 75 3773
18463 177 8875
17186 32 1631
16112 0 36
17414 99 4977
18933 332 16630
14914 33 1678
14124 155 7795
15593 178 8934
14924 228 11414
14446 15 766
16162 0 50
14673 70 3506
18463 177 8875
15183 9 480
14067 58 2904
17307 126 6321
18793 31 1600
18039 175 8761
15442 51 2567
15482 116 5831
13714 113 5666
14541 167 8386
14634 123 6178
14038 93 4678
13921 47 2358
15417 24 1244
15118 186 9339
13725 126 6349
18244 30 1517
17044 10 523
18272 29 1477
16852 70 3523
14007 0 9
13799 30 1520
16946 130 6508
17631 7 376
17541 18 945
14739 5 292
13923 25 1264
16172 85 4294
15722 89 4460
18040 43 2165
18244 144 7244
17978 47 2386
15350 138 6903
15792 222 11105
18795 235 11792
14372 84 4213
16504 94 4744
17132 226 11306
15491 330 16546
14555 157 7857
16852 148 7418
17561 3 183
13767 46 2305
18603 256 12823
15469 271 13563
14209 22 1111
14455 38 1907
18731 224 11225
14708 34 1715
18242 178 8931
16504 149 7457
15766 15 797
14569 77 3886
17596 47 2379
17204 108 5409
14080 115 5799
17164 78 3903
16750 92 4638
16524 383 19166
16051 200 10019
14924 146 7337
15099 151 7583
16341 416 20825
16107 58 2928
17144 14 725
13896 99 4958
14763 30 1531
14874 133 6691
18794 60 3034
17727 25 1278
14956 60 3001
15792 222 11148
16976 36 1838
15382 239 11974
15114 28 1425
14007 29 1494
16433 85 4296
18492 323 16177
16051 85 4258
13803 195 9793
15115 126 6330
15783 233 11683
13702 164 8233
17986 72 3617
14998 188 9430
14580 9 493
14293 70 3516
13862 79 3975
18928 157 7852
14310 1 57
15246 126 6341
16101 0 50
17851 182 9135
16894 135 6782
17755 14 737
17132 225 11291
18225 24 1208
13714 113 5655
16221 1 64
18054 15 781
15986 42 2114
14306 145 7296
18035 183 9151
14756 63 3180
15952 74 3719
16118 79 3963
18031 262 13139
17349 46 2327
15894 0 45
17355 78 3918
16975 70 3549
13896 24 1219
14764 63 3172
17869 180 9042
15656 48 2406
16821 195 9751
16315 8 418
16200 75 3771
15473 57 2881
18927 65 3272
14739 5 292
16172 126 6312
15409 17 857
17030 93 4677
17220 23 1199
15174 105 5271
16894 12 633
17100 67 3399
17652 50 2521
17853 7 400
17851 173 8685
16150 92 4618
15880 26 1325
18741 27 1397
14096 91 4580
18753 138 6906
16826 362 18149
15086 30 1505
15715 192 9620
16011 154 7712
14802 286 14340
17560 49 2462
16188 159 7960
18463 177 8888
16101 102 5129
15386 96 4820
15267 77 3862
18927 61 3094
14418 139 6967
18244 35 1774
13779 8 406
17196 55 2782
18882 143 7154
18927 65 3269
18527 674 33705
14030 58 2921
14040 28 1427
15527 3 194
17557 17 894
14882 143 7157
17467 5 263
18463 177 8888
14468 119 5964
18748 151 7573
16875 22 1102
14912 73 3694
17722 3 153
13712 74 3711
16119 273 13676
18574 340 17024
17053 113 5678
16221 38 1944
18225 93 4666
14580 9 494
17087 45 2280
18244 279 13973
15130 30 1521
17497 197 9868
14040 28 1439
14183 25 1299
14814 175 8764
16540 15 789
15828 292 14624
17098 64 3227
15177 20 1020
16437 8 428
14165 122 6135
18032 242 12136
18673 105 5254
14939 60 3013
17648 50 2549
15339 262 13107
14959 277 13874
17169 23 1187
18645 68 3437
14399 145 7286
14458 83 4184
18218 147 7391
14186 75 3764
16761 380 19004
17029 99 4970
15098 39 1967
15851 19 995
14939 60 3013
13780 143 7190
14725 118 5902
16741 481 24052
18760 150 7515
17243 100 5006
18954 328 16431
18031 138 6920
15463 210 10547
18764 42 2110
16867 40 2002
15166 70 3531
14191 204 10228
18021 514 25719
17684 75 3755
17987 18 931
15267 77 3862
17666 50 2527
17030 44 2224
15436 0 40
17493 214 10704
18935 386 19323
17217 68 3433
15783 252 12623
16094 46 2330
17367 133 6667
16317 67 3369
18922 574 28707
13907 16 837
18225 79 3994
18488 314 15722
13799 40 2034
17467 80 4032
18488 559 27979
13780 143 7156
17186 32 1631
15785 155 7776
17325 5 260
15915 180 9018
18794 56 2827
16802 250 12548
14342 288 14421
18233 171 8577
18882 58 2905
15415 225 11269
17990 129 6490
15862 287 14383
13913 91 4562
17087 45 2276
17861 396 19806
14229 82 4115
13907 16 808
13791 54 2723
15867 10 511
15174 58 2926
16134 375 18795
15106 240 12006
15103 106 5341
17164 112 5639
15862 287 14383
16169 357 17899
18794 56 2843
13865 113 5661
15128 229 11498
13708 85 4266
13708 55 2796
15588 297 14851
18724 19 984
17793 41 2088
18676 558 27945
16094 534 26705
16199 27 1370
15800 48 2429
13929 10 508
15409 6 337
16169 113 5674
17169 322 16141
13937 40 2015
16091 28 1438
13791 201 10065
14124 108 5424
17422 5 269
14043 20 1030
16221 28 1418
17869 44 2244
13803 195 9783
15106 240 12006
16529 33 1660
16247 69 3483
17217 70 3549
14446 18 912
17210 66 3336
13773 69 3476
15774 490 24524
14739 5 292
17137 3 151
17132 91 4584
14281 158 7902
18574 393 19654
18935 95 4799
15636 13 684
15466 256 12837
16172 103 5195
14917 3 158
14913 62 3106
15715 221 11079
18915 331 16583
17620 241 12077
17449 46 2333
16158 211 10594
14729 57 2877
18488 314 15706
17078 101 5099
16433 39 1951
14597 144 7226
15440 44 2216
18054 447 22384
14736 256 12802
14543 103 5179
18040 69 3459
18761 9 487
14619 151 7597
15257 170 8531
14343 37 1887
14597 101 5088
13763 244 12229
14080 205 10275
16073 105 5292
17858 71 3557
15391 285 14298
17312 203 10159
17204 43 2176
15136 36 1837
17691 55 2763
17722 121 6094
13791 8 435
18218 160 8003
17349 104 5207
14924 229 11478
14736 256 12802
17985 321 16097
14725 161 8098
18733 41 2052
18021 386 19324
18733 47 2386
14814 114 5702
18574 340 17017
15469 32 1646
15517 46 2309
17726 15 774
13707 5 268
16226 66 3303
17985 159 7974
14451 15 799
17338 56 2824
18286 111 5591
17302 78 3918
17846 131 6560
16169 333 16688
17451 300 15024
17869 44 2219
16726 16 821
17354 20 1038
13763 131 6589
13792 118 5915
14392 96 4815
17651 6 308
17349 104 5207
14165 54 2749
16499 188 9447
15416 122 6116
13945 285 14264
13865 251 12570
14763 56 2824
18699 161 8060
18218 174 8740
15403 156 7802
18794 56 2843
16524 389 19498
14553 197 9894
15701 255 12789
15322 149 7475
17739 19 966
17671 320 16011
14882 143 7157
17479 6 315
14784 39 1954
17344 118 5927
16109 49 2471
18021 373 18675
18574 401 20078
14067 191 9553
13897 37 1883
18574 387 19372
17322 53 2655
15783 128 6433
14558 147 7396
14184 34 1720
14030 58 2948
15004 1 64
18048 260 13033
16216 88 4421
14030 89 4487
18244 353 17657
17722 121 6069
17615 6 306
13970 5 255
18235 182 9108
18225 492 24613
14458 1 51
15851 92 4626
17004 240 12001
16107 33 1695
13861 125 6275
17132 182 9147
14186 15 779
16894 89 4478
14760 149 7451
14535 109 5472
18282 94 4725
17840 369 18480
13913 55 2792
15961 370 18539
14062 263 13194
14007 4 226
14641 193 9679
15464 162 8111
16877 32 1634
14912 134 6731
18697 238 11904
14007 84 4216
14122 45 2281
18771 50 2506
17592 79 3993
14874 160 8016
18923 629 31460
15014 146 7306
15785 256 12827
14812 89 4455
13897 32 1617
17874 57 2863
16889 250 12543
16271 48 2431
18510 256 12848
16168 42 2114
15411 241 12087
18574 349 17485
17987 80 4013
16340 422 21147
14582 1 86
17986 186 9348
16169 301 15075
13913 55 2792
14375 133 6695
16281 74 3718
17208 69 3468
14789 116 5819
17630 23 1180
14756 107 5370
16060 173 8676
18678 226 11338
15017 87 4371
18021 373 18675
16524 25 1276
18645 40 2041
14959 16 826
17077 61 3086
14784 57 2860
17144 22 1115
15862 5 288
17853 7 400
15730 0 11
15267 77 3862
14229 7 379
18714 165 8281
14024 24 1241
17514 54 2739
17655 271 13587
17693 163 8198
15242 182 9121
17986 10 510
18692 299 14987
16122 161 8063
17316 41 2060
15808 51 2577
15960 241 12059
13982 109 5499
14553 190 9521
16023 21 1094
18034 86 4311
14611 182 9120
17164 112 5639
17206 388 19415
18466 48 2418
18048 89 4465
18922 15 782
18031 291 14558
14690 17 883
15106 208 10433
17726 25 1284
15783 263 13176
15792 76 3822
16021 478 23943
15114 98 4928
18673 52 2604
14539 234 11702
18226 215 10793
18218 300 15001
15106 240 12006
18235 230 11525
14171 17 900
14372 83 4196
14446 18 912
17169 101 5071
18510 339 16985
16852 70 3523
18779 17 897
14152 47 2354
13864 143 7152
17087 316 15811
15061 71 3565
18753 57 2852
16694 327 16374
18218 160 8003
13792 100 5023
17763 12 630
15902 214 10748
14021 75 3786
15882 198 9914
13945 178 8901
14539 234 11712
16281 85 4270
18731 224 11227
16750 1 95
14924 135 6787
18286 111 5562
15125 134 6725
16906 46 2328
18488 560 28039
15122 62 3102
17661 29 1478
16752 10 501
18923 183 9180
18794 113 5651
16726 187 9375
18923 408 20425
15339 262 13107
15398 357 17867
17615 4 218
17004 229 11478
17098 64 3206
18918 139 6978
17030 44 2213
16894 5 286
16172 32 1632
14535 156 7811
16444 83 4154
17004 286 14311
13791 54 2750
13862 79 3987
16028 421 21100
17596 46 2310
17414 40 2032
18701 21 1068
15873 256 12818
17208 191 9552
18685 29 1456
14059 84 4213
15322 63 3189
18958 10 516
18048 186 9335
18506 90 4521
15799 193 9683
13791 148 7430
15676 184 9236
16340 416 20827
14186 15 767
18795 50 2542
15915 162 8144
17373 136 6818
15382 78 3942
15128 209 10496
15851 53 2660
15339 126 6347
13935 70 3542
14438 178 8904
13787 23 1177
15785 59 2984
16106 53 2682
17727 38 1950
16741 347 17355
16162 72 3609
15828 319 15960
18685 501 25066
18021 390 19514
14802 70 3539
18286 58 2914
14436 215 10788
16750 33 1656
15161 186 9317
16778 77 3852
17620 69 3474
17367 18 911
17793 41 2064
15426 83 4164
16205 298 14913
14530 8 422
17985 203 10187
17325 26 1337
13805 282 14127
15828 302 15114
15426 41 2069
13970 8 419
14067 147 7389
14639 39 1988
13940 16 803
18021 438 21935
17522 59 2962
16292 76 3845
15396 38 1948
15931 14 743
14924 229 11461
14912 38 1911
15966 347 17363
17662 57 2865
17312 186 9324
15989 440 22004
18527 716 35803
18615 438 21945
16994 37 1869
14975 78 3903
17125 37 1877
15928 53 2696
14553 294 14748
16158 260 13023
16119 13 697
16051 85 4262
15116 117 5899
15492 4 232
17186 32 1631
18267 40 2019
16520 27 1362
13702 141 7083
15901 183 9154
15507 4 206
15894 185 9260
13895 41 2068
17206 486 24319
15872 38 1935
17987 76 3828
13792 65 3284
16847 4 203
16962 290 14507
16894 5 286
15350 197 9881
14924 93 4652
16584 94 4709
15398 228 11425
17663 21 1095
14611 182 9129
13757 50 2544
16158 343 17184
18010 225 11296
15079 15 795
15179 22 1117
17630 1 66
17701 55 2773
18918 142 7135
14631 257 12883
17696 53 2695
18765 183 9193
17344 83 4184
15894 0 16
16107 86 4332
17029 158 7913
16821 208 10433
14159 214 10729
15492 32 1612
14531 35 1783
17467 60 3023
15959 50 2521
14136 26 1317
14259 82 4103
16845 117 5854
18795 82 4101
15927 38 1902
18927 53 2668
18496 78 3947
17323 27 1378
14555 114 5736
16250 17 898
14686 79 3998
14580 9 493
18265 160 8005
18953 260 13003
16222 12 625
17978 221 11070
17307 4 208
14281 52 2618
13799 30 1520
15877 58 2908
14743 187 9364
18959 39 1985
15222 99 4975
18733 25 1262
14959 31 1580
14729 115 5752
13707 126 6327
14030 104 5209
18615 231 11567
13729 80 4045
17569 7 397
17691 19 953
15382 184 9233
15057 122 6132
14291 25 1268
16551 373 18691
16199 27 1370
15250 73 3691
16852 25 1291
15252 14 731
18244 98 4934
14592 81 4062
17973 46 2320
15592 8 443
14021 4 219
18733 50 2530
16158 53 2674
15149 93 4697
14257 237 11853
17478 87 4382
16052 208 10445
16776 222 11124
17144 22 1133
17686 274 13727
13862 174 8708
18034 86 4311
14026 109 5473
18953 260 13003
17667 85 4288
18673 105 5300
15952 132 6646
16228 232 11650
18953 316 15848
16169 362 18106
14122 45 2296
17196 55 2782
13950 180 9029
15676 184 9236
17631 51 2574
14030 58 2921
18615 319 15957
14014 162 8140
17271 93 4686
17383 115 5787
18712 403 20166
15423 38 1941
14030 74 3713
14431 65 3296
14372 138 6947
13767 11 596
17303 32 1632
14965 141 7066
17578 11 558
17169 246 12344
15415 245 12284
14220 39 1962
14413 2 111
15415 65 3284
15851 19 968
13773 250 12543
18637 138 6907
14981 173 8697
15900 127 6399
17630 96 4847
18951 306 15345
15751 52 2629
14617 32 1624
18794 52 2643
14105 32 1626
17698 6 336
17985 338 16945
17566 160 8035
14784 6 327
18665 240 12014
16762 1 58
18024 291 14557
15411 113 5684
13719 50 2505
18676 493 24675
16752 17 884
14771 214 10721
18603 170 8534
14080 205 10262
15954 208 10412
17724 34 1747
18938 4 205
18228 125 6292
16075 283 14195
14891 46 2326
15931 42 2138
18044 230 11543
17655 410 20528
17724 14 734
14209 79 3955
18218 111 5565
17408 20 1019
16118 120 6040
16356 17 862
13763 93 4674
15116 282 14141
13709 30 1548
17125 21 1090
17985 149 7488
15986 234 11713
18673 47 2352
15409 52 2636
17196 56 2841
15433 170 8506
16188 32 1615
14464 66 3325
14877 232 11626
13739 21 1055
14729 57 2877
16776 222 11124
16221 23 1183
18910 157 7877
13913 91 4572
17727 38 1942
14458 69 3464
17524 126 6312
14899 87 4351
17996 103 5172
18692 299 14987
15456 100 5013
14789 70 3542
15877 26 1313
15396 145 7295
18005 199 9972
15873 200 10030
16910 171 8600
13767 0 7
15427 12 615
14362 75 3786
14212 184 9213
17545 10 501
18756 54 2708
16272 320 16049
17851 128 6411
17641 31 1561
15395 87 4369
18790 336 16830
14455 95 4791
17307 4 209
15931 0 10
18924 4 247
14220 18 938
16759 7 393
18938 17 895
16731 459 22979
18034 62 3102
15246 124 6235
13729 87 4361
15411 151 7597
13861 127 6385
18468 53 2680
17479 7 361
17978 123 6197
15125 174 8736
14453 169 8467
14067 161 8094
17024 13 678
15792 222 11148
16852 178 8930
15111 282 14143
17701 55 2800
18935 167 8376
14372 63 3168
13714 113 5666
18677 142 7149
17620 69 3474
18021 454 22711
18048 267 13363
16726 16 821
16101 69 3452
17087 317 15874
16960 47 2400
14375 73 3684
17869 92 4638
15267 163 8196
17783 141 7053
17177 23 1153
17869 42 2139
14068 68 3407
16188 159 7960
14998 67 3385
17383 398 19943
16119 186 9314
18039 12 639
14959 16 838
16008 133 6679
17840 132 6645
14344 14 736
15652 20 1019
15291 319 15953
18922 574 28707
14209 125 6276
14558 55 2763
14107 89 4458
17108 25 1259
16228 40 2033
18872 1 89
18005 199 9982
14603 15 792
15149 22 1132
15894 118 5904
13732 103 5195
14080 140 7049
18678 317 15895
16726 143 7176
14902 135 6765
18764 42 2115
14607 67 3358
16875 22 1102
17383 416 20806
18733 43 2170
17998 145 7287
15713 294 14713
17422 0 16
17684 127 6379
17367 90 4540
14038 107 5396
13739 19 952
17077 8 438
17754 75 3777
18265 208 10432
16847 0 7
14063 92 4613
17614 35 1751
15251 159 7968
15588 354 17744
15492 32 1634
17206 337 16875
17383 398 19943
18018 43 2194
14024 24 1235
14007 121 6098
16679 12 624
16875 22 1102
16446 192 9604
13809 41 2099
15762 147 7376
17401 98 4920
14558 147 7396
17369 24 1245
17344 118 5913
18495 127 6395
14788 49 2476
18659 109 5483
18794 7 365
14063 92 4613
17521 84 4206
15167 36 1825
17401 8 431
14080 140 7049
15423 41 2051
14749 4 215
15592 114 5738
13725 194 9719
15382 78 3942
14592 69 3490
18929 173 8680
18516 364 18240
15395 95 4751
18753 49 2489
18026 180 9033
13702 58 2937
16052 464 23206
17239 187 9387
17578 2 140
13773 53 2668
14171 51 2560
15794 119 5971
15151 283 14189
17302 43 2151
15463 246 12350
17302 14 736
17098 64 3206
16726 85 4270
17524 54 2715
17698 6 336
15160 258 12922
14451 15 799
18021 637 31896
16281 433 21651
15780 136 6812
16094 534 26719
17210 198 9942
15254 65 3300
18935 257 12871
14550 301 15100
14220 43 2185
18615 438 21945
18021 370 18542
17314 66 3341
17138 102 5106
14063 245 12264
18062 241 12060
14291 24 1201
13965 7 377
18673 47 2373
16818 96 4845
17569 18 940
16199 444 22210
18218 219 10977
17251 180 9036
15785 155 7780
16158 53 2676
18685 501 25094
17514 86 4341
14725 122 6134
18733 41 2056
17678 6 340
15415 226 11342
18057 4 234
15593 97 4863
17631 7 355
13762 27 1386
18923 284 14204
16158 66 3343
18010 225 11255
15976 72 3606
18678 302 15150
14306 198 9916
16960 47 2400
14438 254 12733
15353 164 8243
18021 422 21119
16121 31 1574
17955 68 3419
18913 38 1928
16038 192 9601
17111 182 9147
17087 361 18080
18469 185 9287
17697 15 769
16499 225 11258
14103 75 3774
13712 127 6380
15415 52 2615
15397 57 2897
13957 2 132
16676 260 13029
17874 57 2874
18765 60 3006
15859 109 5467
17965 15 751
16920 9 467
14639 39 1988
15851 92 4621
15491 270 13510
15130 37 1879
15099 34 1704
16159 158 7945
15146 61 3076
14220 25 1258
15952 134 6704
18760 149 7478
17208 159 7991
15360 23 1181
17766 15 763
14708 41 2097
14372 13 663
15478 226 11307
15469 273 13666
14549 106 5301
14736 271 13569
18733 50 2530
16158 108 5402
18496 74 3722
16894 20 1046
16250 36 1828
13907 16 837
14124 176 8818
16960 47 2400
15527 19 996
15715 34 1746
14699 11 567
15167 9 498
18910 140 7024
15339 177 8899
16122 161 8063
17365 29 1462
18685 182 9105
14399 17 851
18272 75 3782
13807 38 1915
18953 116 5827
15291 204 10204
18765 104 5213
18959 17 867
17987 18 941
17524 79 3993
15395 95 4783
18678 338 16902
14127 248 12445
15111 71 3597
17865 96 4808
14597 144 7235
17598 18 941
17314 48 2417
16540 1 76
16228 230 11521
16021 219 10980
14877 173 8685
14549 217 10888
14112 59 2995
14455 38 1907
15238 175 8767
18244 143 7188
14229 7 400
15800 262 13146
