7010 668 33401
7010 1042 52143
5441 83 4167
6123 9 467
6303 126 6311
6751 25 1281
6666 185 9299
6933 86 4341
6765 212 10622
7004 1208 60421
7004 1138 56937
6548 1 99
7014 1062 53131
7001 26 1336
7004 309 15491
7008 589 29462
7003 1044 52201
7008 1027 51396
7001 891 44596
6379 31 1557
7008 1110 55518
6334 12 619
7014 763 38152
7013 108 5417
6616 26 1335
7004 309 15457
7003 1658 82901
6620 127 6387
6812 3 169
6616 20 1027
6650 20 1020
7010 727 36376
7001 264 13249
7003 469 23465
7006 471 23592
7012 1065 53283
5497 16 827
7010 220 11048
7006 486 24315
6751 25 1262
7006 337 16890
6616 22 1111
7003 1449 72499
5630 42 2129
6319 44 2227
5497 109 5459
6956 115 5796
6837 157 7891
7003 1642 82135
6542 166 8303
6211 66 3301
6687 191 9596
5404 30 1540
7010 280 14026
7004 514 25717
6968 7 351
7001 542 27123
6930 17 886
5497 11 571
7003 848 42442
6579 48 2448
5783 86 4338
7003 31 1558
7010 48 2449
7003 43 2157
6321 71 3576
7010 1485 74253
5452 46 2345
6954 6 332
7008 145 7259
5564 192 9641
6123 10 536
7004 1164 58227
7014 10 548
5519 144 7236
6030 14 734
6930 20 1007
7008 145 7264
7013 193 9688
5511 40 2017
6548 87 4389
7001 153 7683
6954 3 176
7003 932 46626
7008 133 6667
6322 42 2101
6666 12 618
6560 10 503
7010 1343 67151
7014 867 43368
7008 889 44451
7014 515 25787
6542 170 8512
7012 1186 59346
6091 100 5039
6401 14 707
6952 91 4593
7010 1049 52494
5996 25 1294
6420 45 2300
7012 1290 64503
6467 98 4924
7010 369 18476
6827 104 5210
7014 1214 60733
6882 129 6500
7010 1343 67159
7014 1640 82009
6616 22 1111
7008 1244 62225
7004 1622 81120
6482 147 7356
7014 308 15407
7010 579 28995
7004 184 9225
6035 7 382
7008 144 7233
7008 1393 69677
7012 708 35419
7004 1605 80267
7012 1006 50313
6828 169 8486
6334 15 771
6482 150 7525
6620 149 7473
7012 1126 56307
7001 977 48900
7001 464 23238
7014 1062 53110
7008 417 20889
7012 1447 72376
7010 579 28999
7003 932 46623
6319 45 2300
7012 529 26462
5151 83 4186
6882 156 7833
7003 1437 71869
7001 185 9261
5541 41 2091
6934 18 904
6564 84 4216
7008 133 6653
7003 852 42646
7004 575 28776
6871 187 9399
7003 1413 70665
7008 1348 67415
7010 441 22054
7014 990 49532
5497 103 5160
7001 977 48900
6359 5 288
7003 1437 71881
7014 1582 79141
6888 0 47
6991 68 3444
6366 12 604
6945 219 10959
4983 18 933
7010 220 11036
6812 3 181
6130 13 667
6908 190 9523
7001 732 36647
7003 828 41432
6030 8 416
7013 201 10077
7012 1275 63773
7014 950 47503
7008 280 14022
5093 161 8053
7010 1562 78133
7008 786 39311
6123 9 463
5401 33 1684
7008 1393 69694
7012 1186 59301
6560 10 503
6697 100 5025
7003 228 11417
6942 93 4658
7008 280 14022
6362 83 4171
7003 232 11641
6319 47 2352
7013 193 9682
5185 74 3720
7014 662 33147
7001 379 18972
5155 49 2474
7008 1244 62224
7010 1068 53414
6951 20 1037
7010 727 36357
6831 51 2600
7014 326 16327
7004 206 10329
7004 118 5937
7013 224 11247
6503 57 2865
7012 1730 86543
6765 212 10610
7012 708 35404
7001 324 16221
6401 13 684
7001 210 10526
7003 214 10711
7010 1562 78104
6401 21 1099
6480 101 5082
7003 31 1558
7014 205 10265
6211 64 3233
6908 190 9549
6794 21 1071
7001 823 41156
6908 57 2877
7004 1268 63421
7004 1138 56917
7014 34 1713
5547 74 3723
6507 46 2344
6956 112 5632
6992 9 475
7003 31 1568
7004 1023 51172
6319 46 2324
5108 92 4634
6170 38 1918
7008 734 36719
6334 8 442
7001 464 23212
6945 219 10961
7014 308 15406
7014 1411 70584
7003 848 42429
7001 210 10538
7012 1425 71271
6628 44 2210
7008 133 6695
7003 1513 75695
5385 160 8039
7010 1549 77496
7008 889 44460
6763 166 8301
6334 7 366
7001 26 1327
6535 87 4376
7014 308 15419
6664 123 6160
7014 1346 67318
6751 27 1351
7003 119 5994
6656 38 1937
6918 65 3291
7001 823 41192
6952 101 5052
7003 1193 59666
7010 1049 52465
7010 1447 72360
6315 25 1258
7008 746 37312
7001 153 7683
7008 195 9767
6378 2 140
7014 867 43377
5106 192 9604
7014 53 2699
7001 26 1347
6908 52 2619
7001 823 41193
7008 1027 51397
6908 188 9442
7010 1038 51928
6359 5 272
6528 13 684
6090 72 3626
7004 654 32722
5401 31 1597
5078 3 178
5013 9 478
6560 17 884
6050 9 486
7003 1375 68778
5401 31 1577
6420 43 2197
7004 1278 63912
5547 72 3646
7008 746 37312
5487 28 1444
6960 166 8310
7014 763 38164
7014 5 252
6338 26 1316
6951 24 1219
6827 110 5527
5512 189 9462
6616 22 1126
6664 123 6154
6756 42 2145
6170 38 1923
6955 211 10595
7012 302 15133
7006 486 24350
6687 191 9587
5380 2 127
7001 324 16207
7004 1622 81102
7001 464 23205
7008 1029 51455
7013 154 7733
6379 34 1738
7014 1640 82029
6763 142 7141
7014 308 15442
5169 35 1798
7010 1038 51908
6975 69 3485
6211 66 3301
6162 213 10689
6934 15 789
6426 22 1125
7014 1640 82011
6765 214 10713
7003 1734 86714
6560 18 913
7008 510 25517
6123 1 68
7010 1447 72351
7003 852 42649
6548 84 4206
7012 302 15117
7007 22 1146
6930 13 691
7008 1010 50545
7012 302 15105
6366 75 3773
7003 228 11428
6908 188 9422
6697 98 4932
6973 40 2004
5106 184 9240
6300 124 6223
6401 21 1100
5497 100 5004
7010 579 28984
7013 193 9680
7004 901 45081
7014 1346 67346
7003 1304 65239
7003 411 20560
7004 1435 71767
7003 119 5991
7008 280 14014
5441 89 4470
6650 19 953
7012 302 15106
7008 195 9793
7001 153 7674
7010 579 28988
5511 49 2495
5891 148 7425
7014 53 2667
7010 19 990
7010 1038 51938
6030 7 388
5511 46 2349
7008 280 14041
5969 46 2316
5506 51 2574
7014 763 38173
7004 184 9203
7010 668 33444
7012 1141 57053
7003 31 1569
7010 579 28984
7008 133 6679
7012 1466 73341
6794 22 1150
7006 308 15408
7001 228 11418
6303 79 3967
7003 1449 72472
7014 212 10639
5497 102 5129
7001 144 7205
7014 1214 60724
6036 53 2677
7003 875 43798
5331 138 6925
6666 12 603
6954 10 547
6080 89 4498
7004 901 45066
7010 1270 63544
7004 1660 83002
7008 1010 50530
5093 164 8242
6930 20 1021
7012 1126 56309
6205 95 4756
6968 2 133
6945 213 10662
5385 160 8039
5557 20 1035
6882 153 7674
6908 191 9583
7003 413 20661
6102 38 1949
7008 103 5173
6956 197 9851
7008 583 29158
6446 126 6347
6080 91 4599
7003 363 18199
7004 1138 56917
6827 110 5522
7010 1042 52120
6837 4 202
7014 34 1748
5516 22 1105
5497 101 5090
7008 102 5118
6107 19 995
7008 786 39350
7004 1275 63770
5216 85 4256
7004 1208 60441
5382 170 8508
6930 15 774
6548 2 104
6837 151 7594
7003 643 32172
6406 115 5796
5065 24 1217
7001 379 18992
6837 154 7749
5441 6 309
6387 11 586
7004 1660 83017
7014 1582 79113
7006 486 24327
7008 1464 73202
6633 32 1642
6663 18 911
7010 579 28991
7006 486 24345
6991 67 3357
7001 566 28315
7003 456 22819
6407 92 4631
7001 418 20920
7013 40 2011
7012 529 26477
7001 26 1317
7010 48 2412
7003 1642 82147
7010 1447 72393
6827 103 5182
6548 0 47
6908 51 2566
6027 4 226
5069 34 1740
7012 794 39747
7008 833 41672
5459 1 78
7014 1411 70560
7010 416 20807
5456 18 921
7014 429 21462
6441 62 3122
6756 41 2092
7003 188 9407
7013 193 9674
5380 1 78
7013 185 9292
5370 52 2628
7006 558 27942
7001 866 43311
7014 1062 53144
6765 156 7837
5516 24 1229
7010 84 4235
6480 101 5083
6908 53 2675
7008 1387 69351
6025 99 4981
7014 1505 75258
5108 92 4627
7003 270 13511
7004 901 45073
7003 775 38756
6656 42 2126
7008 786 39330
6201 55 2770
6687 193 9698
6918 36 1827
5229 2 141
7001 144 7224
7003 749 37479
7008 994 49735
6853 100 5046
6908 56 2807
7013 206 10312
7001 185 9300
6503 58 2948
6407 96 4843
6765 158 7920
7013 154 7745
5108 96 4837
7001 682 34148
6535 89 4471
6080 92 4611
7012 1447 72380
7003 1437 71856
7001 185 9254
7014 216 10816
6945 219 10978
7013 40 2023
6359 2 132
6837 152 7619
6407 90 4539
7004 1622 81137
6751 23 1163
6078 23 1160
7003 31 1552
5557 23 1194
6030 8 446
7014 216 10847
6882 154 7717
6321 69 3466
7004 206 10314
5547 72 3648
5380 8 445
7012 1730 86529
7001 566 28301
6837 154 7701
7001 324 16212
6827 108 5430
7010 138 6936
6366 13 694
6036 32 1634
6666 186 9318
5519 144 7236
7003 411 20561
7006 558 27903
7010 280 14046
7012 781 39057
5966 12 602
7013 206 10326
6831 59 2978
6482 153 7696
6896 17 859
7008 280 14045
7003 1734 86729
6991 67 3356
7003 924 46239
7004 206 10314
5229 6 309
7008 885 44276
7003 411 20558
6749 44 2232
7014 326 16338
6960 163 8192
6507 46 2342
7003 413 20655
7004 1319 65967
7012 1659 82972
6663 25 1272
7001 26 1314
6827 110 5516
7003 1050 52511
5783 88 4444
7001 153 7686
6663 18 911
5511 45 2275
5146 43 2164
7004 1486 74342
6366 75 3779
7001 185 9260
7008 1078 53915
6945 215 10799
6338 43 2157
6666 12 621
5996 22 1138
6663 169 8458
7003 784 39228
6366 79 3995
6650 20 1039
5169 121 6062
6763 158 7918
6568 34 1743
7012 708 35428
7008 1051 52563
6286 141 7098
6975 57 2889
7003 932 46636
7010 48 2428
5401 38 1906
5339 47 2360
5564 192 9642
7008 675 33795
7012 442 22101
7014 212 10639
6934 74 3711
7012 1290 64531
5154 152 7612
4983 48 2440
7008 1387 69361
7012 1466 73310
6908 186 9342
7012 1549 77474
7010 8 401
7014 1121 56099
5966 50 2549
5404 30 1532
7008 417 20883
5382 179 8989
7010 668 33441
6036 56 2847
6930 15 776
7003 1375 68799
7013 154 7704
5151 163 8195
7004 654 32724
6404 173 8691
6036 34 1739
7014 1640 82010
7003 1387 69393
5146 43 2164
5404 37 1875
5013 27 1388
6406 115 5791
6991 66 3350
7014 990 49547
7012 794 39720
5511 43 2196
6908 184 9246
6078 3 199
6826 46 2334
5452 49 2459
6882 195 9783
6752 72 3616
6490 38 1911
7012 1485 74264
6690 149 7491
7003 1513 75692
7008 1393 69651
6467 98 4924
6687 192 9629
6908 188 9427
7003 1437 71866
5497 11 572
6882 155 7787
7004 118 5949
7001 185 9263
6564 81 4090
7003 1433 71668
7008 1244 62244
6650 18 943
7012 1006 50343
6930 18 935
6334 8 425
4983 46 2320
6162 213 10695
7013 206 10348
6908 55 2755
6756 154 7737
7008 1348 67407
7008 1464 73203
7004 253 12673
6503 58 2948
6467 97 4896
5339 44 2210
6765 212 10624
7014 1062 53110
7001 1025 51251
5136 61 3053
7003 1044 52214
6992 9 475
5586 141 7080
7004 1164 58209
7011 302 15108
6378 2 107
7003 1449 72486
5106 184 9240
6749 44 2212
5000 43 2171
7004 1299 64963
7006 471 23551
7013 187 9390
6401 17 898
7004 654 32704
6908 188 9440
6620 151 7588
6975 69 3485
7004 1208 60403
6616 28 1419
6106 49 2459
6763 150 7545
5151 89 4491
7008 1348 67437
6507 47 2388
6959 125 6270
6959 119 5990
6030 13 693
7013 40 2041
7003 1318 65909
6945 215 10795
6442 28 1416
7003 400 20002
7008 890 44543
7012 442 22135
5169 37 1859
7003 1387 69355
7003 1050 52537
7013 224 11220
6663 24 1217
7013 108 5404
6560 10 506
7014 308 15405
6930 13 682
7012 1659 82963
5077 31 1557
7006 486 24303
7003 784 39231
7003 1375 68778
7012 19 999
7008 889 44462
7004 1486 74336
7014 653 32694
7012 1141 57087
7012 708 35422
6480 101 5064
7012 892 44601
7003 960 48037
7008 280 14039
7008 195 9776
7012 529 26489
7014 653 32656
7004 1435 71800
6829 123 6189
7010 48 2441
7014 867 43369
7008 103 5182
6334 15 791
7010 84 4237
5459 177 8878
7008 466 23308
5547 74 3715
7008 1029 51459
7001 480 24018
6620 150 7502
6420 40 2016
7014 1505 75258
5966 48 2444
5459 9 487
7012 442 22145
7008 1321 66095
7010 649 32466
7008 833 41672
7012 1659 82959
7004 1299 64991
5019 115 5798
6426 27 1387
6765 157 7898
7003 852 42619
6090 76 3813
6027 3 163
7008 885 44292
5339 96 4846
7013 40 2035
6614 110 5539
7012 1065 53268
5519 148 7450
7012 1479 73973
7008 1051 52562
7012 324 16219
7003 828 41434
6572 174 8731
6981 128 6448
6945 213 10664
5519 146 7322
6572 172 8608
7008 280 14050
7010 27 1359
7003 411 20589
7010 1390 69527
6205 95 4789
6697 100 5020
7014 34 1750
7014 1270 63519
7003 1413 70700
5511 48 2408
6366 83 4173
7010 579 28994
5433 159 7952
6568 36 1806
7012 246 12326
7001 700 35036
7001 1025 51254
7014 990 49547
6690 147 7367
7003 262 13136
7010 1068 53407
7014 326 16318
7003 1433 71695
7010 416 20826
7008 144 7244
6528 11 553
6230 97 4872
6442 34 1732
7003 270 13543
6106 48 2444
7013 193 9698
7012 1220 61027
6829 122 6102
7003 411 20568
7004 1319 65957
6934 75 3795
5216 81 4074
5380 8 445
7012 1065 53256
6663 19 959
7011 308 15419
6912 59 2977
5966 46 2335
6528 12 610
7010 579 28994
7006 486 24306
5401 36 1807
7003 1449 72459
5195 29 1489
7004 1486 74322
7008 833 41685
7008 889 44458
7001 210 10547
5891 149 7452
6407 96 4837
7010 1042 52116
6542 165 8293
6123 8 426
7006 308 15436
6426 27 1387
7003 960 48030
6482 148 7447
7008 1387 69361
6663 21 1076
4995 8 413
6960 73 3696
7003 232 11622
6765 212 10621
7001 823 41166
7008 1393 69651
7004 901 45097
7014 1184 59234
7013 193 9699
7014 326 16322
5013 2 108
7011 302 15123
7004 184 9210
7010 1447 72384
5404 34 1731
7004 1340 67012
6100 14 736
6812 9 454
6975 71 3594
6871 187 9394
6991 68 3436
7006 486 24316
7001 208 10420
7012 914 45736
7001 344 17249
6782 2 129
7008 734 36723
7008 1244 62204
5456 18 921
6923 14 711
7010 1568 78408
7008 280 14018
7013 201 10051
7012 1006 50324
5404 38 1902
7004 206 10347
7003 700 35021
7014 653 32653
7003 643 32154
7013 238 11913
6882 210 10509
6828 162 8145
7010 138 6936
5380 5 262
6483 0 12
5459 177 8878
6981 40 2045
6620 127 6366
7014 867 43381
7004 961 48088
6923 30 1546
6632 34 1714
6908 50 2506
7012 1466 73325
7003 1318 65915
7004 1624 81209
7012 1006 50304
7004 1622 81150
7003 1437 71886
7001 542 27110
7012 1186 59315
6050 0 1
5380 3 195
7006 558 27943
6548 63 3152
6446 124 6250
6338 43 2157
6918 33 1684
7008 885 44254
7003 31 1585
5452 47 2370
6955 208 10427
7003 1318 65912
7003 188 9419
7001 480 24001
6387 19 992
6334 12 618
7003 1050 52510
6123 8 412
6628 44 2237
6959 124 6248
7008 1387 69381
7010 138 6947
7010 727 36368
6882 153 7674
7001 344 17241
6170 31 1590
7012 892 44650
6881 136 6820
7014 867 43371
7008 146 7318
7010 1042 52103
6756 153 7698
7010 1049 52498
5564 192 9627
7001 891 44555
6756 40 2031
7008 1029 51484
6956 190 9501
7011 308 15418
7010 710 35534
7010 1049 52466
7003 1658 82901
6080 92 4637
6230 97 4872
7013 238 11914
6286 78 3910
7003 469 23496
7010 246 12343
6288 175 8755
7010 84 4242
7010 416 20841
6663 175 8791
7004 1435 71797
7004 1278 63944
7012 1466 73341
6765 212 10610
6366 13 694
7001 682 34137
5516 25 1290
7012 1730 86510
7003 1413 70682
5519 142 7117
7008 890 44526
7001 418 20905
6423 75 3797
6973 43 2173
6918 33 1654
7013 238 11927
7003 1433 71675
6102 38 1905
5441 7 375
7012 892 44618
7014 990 49504
6837 7 383
5331 130 6501
7001 324 16213
6366 19 973
6956 115 5753
7012 1290 64503
6908 52 2604
6763 150 7514
5433 153 7692
7008 994 49743
6959 127 6384
6952 97 4875
7001 1134 56707
7014 1054 52741
6663 19 959
6954 6 311
7014 1331 66566
6201 64 3250
6960 79 3967
6081 13 691
7014 515 25789
6689 35 1787
5459 182 9124
6507 47 2378
7008 633 31675
7001 682 34105
6828 164 8247
5891 141 7095
7013 193 9690
7004 654 32713
5190 2 108
6206 129 6465
7012 1141 57088
6912 58 2924
7012 1220 61012
7014 1505 75289
6981 40 2016
7014 429 21451
7008 466 23304
7012 1141 57094
6568 34 1743
7003 270 13547
7001 185 9262
5966 47 2378
7014 1640 82043
7003 1433 71657
7014 662 33148
6535 87 4376
5996 22 1138
7003 643 32163
5966 8 434
6319 29 1493
7008 417 20884
6663 41 2097
5459 170 8540
7014 515 25772
7003 214 10707
5401 37 1861
6687 196 9847
7014 205 10270
7008 1393 69674
6697 100 5025
5339 91 4557
7006 324 16211
7003 228 11406
4998 132 6649
7001 264 13212
7001 228 11449
7003 1413 70693
6960 73 3656
7010 441 22089
6955 212 10630
7001 819 40988
6480 127 6369
6683 13 700
6379 38 1929
5331 135 6760
5070 55 2779
7010 1390 69539
6794 18 918
6955 204 10243
6441 62 3126
5380 9 491
7014 1054 52736
7003 1437 71881
6407 97 4883
7001 700 35037
5042 47 2375
7010 1270 63519
7010 8 441
7008 734 36706
6912 60 3044
6959 123 6171
7008 145 7299
6794 17 899
7001 1134 56703
7004 654 32712
7010 84 4237
6930 19 989
7014 429 21494
7001 324 16213
6467 123 6192
7004 1622 81126
7006 588 29422
7003 848 42443
7013 193 9696
7012 1141 57055
6663 41 2096
7003 1111 55565
7010 1343 67162
6697 100 5020
7008 1348 67411
7012 1466 73310
6423 75 3776
7004 1622 81125
7003 1050 52545
7003 228 11440
7003 932 46620
5459 178 8943
7001 295 14769
7010 27 1389
6930 18 946
6991 65 3298
7008 589 29485
6752 72 3650
6201 65 3251
7001 866 43335
7012 246 12311
7001 210 10539
7003 1527 76396
7004 575 28761
6635 0 2
7010 1596 79837
6623 82 4144
7010 1049 52492
6918 68 3435
5137 8 441
7003 1111 55557
7012 246 12350
6960 166 8320
6078 1 61
6036 56 2834
6078 1 51
6955 211 10598
7012 529 26456
6548 3 171
5487 20 1050
7003 1387 69379
6560 10 535
6908 50 2550
7003 784 39244
6284 63 3162
7006 604 30201
5077 19 956
7013 193 9683
5065 2 140
5581 35 1791
7003 775 38797
7004 1605 80290
6956 120 6049
6664 120 6037
6959 122 6150
6956 116 5830
6577 32 1631
7001 977 48873
7010 89 4484
6080 89 4468
6896 18 917
7013 193 9680
6334 111 5600
7003 214 10711
7010 1562 78108
6954 10 547
5519 149 7494
6829 122 6102
6021 185 9293
7012 1479 73977
5519 147 7352
6888 90 4515
6623 61 3064
7008 675 33770
5448 11 580
7003 119 5961
6577 34 1705
7010 89 4494
6912 195 9761
6170 36 1819
7012 1275 63781
6387 16 830
7014 34 1706
7012 1466 73327
7014 53 2682
7012 442 22146
7001 208 10433
7008 144 7224
6992 10 549
6751 27 1389
7008 633 31684
7010 1038 51929
5926 13 677
6991 64 3219
6401 14 716
7008 1348 67415
7012 892 44641
6828 163 8171
7014 34 1706
7014 867 43362
7004 1275 63771
5977 194 9743
6956 115 5792
5511 40 2017
5557 21 1052
6387 12 621
7008 466 23333
6831 59 2991
7004 1278 63943
7008 145 7282
7008 583 29163
6482 150 7525
7004 654 32739
5456 13 669
5487 50 2509
7014 867 43371
7008 589 29460
7010 48 2443
5487 28 1446
6407 93 4660
5151 177 8878
5515 96 4836
7008 103 5169
6090 80 4005
7001 1025 51278
7012 302 15105
6959 120 6039
6831 50 2515
6664 181 9080
6375 30 1525
6528 14 702
7001 26 1322
6828 160 8005
5586 85 4287
5456 12 614
7010 416 20801
7001 700 35040
7014 990 49516
5497 12 637
7008 146 7308
6025 98 4923
7004 1278 63932
5891 158 7930
7014 1505 75268
4971 110 5502
7008 890 44509
7008 890 44529
6663 18 939
7012 529 26489
6577 37 1899
7008 72 3606
7012 1466 73302
5498 4 223
6577 37 1899
6683 15 764
7004 1278 63912
7001 228 11437
6303 83 4159
6981 39 1957
6908 191 9584
7003 1642 82147
7014 763 38200
6359 6 309
6930 20 1007
7008 102 5147
7008 144 7246
7008 890 44526
6401 13 684
7014 515 25783
7003 775 38785
6362 83 4192
6968 6 320
6078 6 302
5891 158 7936
7008 1110 55541
6991 67 3368
7003 784 39202
7003 960 48037
5541 40 2024
7008 583 29173
6756 40 2043
7003 413 20655
7004 961 48065
5586 139 6983
7001 566 28301
6338 44 2247
7014 1121 56053
7014 1062 53138
7012 1466 73303
7003 1304 65215
7003 270 13513
7014 1640 82036
7014 5 258
7004 514 25704
6812 3 192
6782 0 20
6616 25 1271
6930 15 770
7010 8 420
6030 13 698
7003 31 1576
7006 324 16243
7008 195 9787
6978 99 4973
7003 456 22816
7003 411 20559
7004 514 25713
5456 12 622
7008 734 36729
6908 184 9218
7003 469 23488
7012 442 22114
7010 649 32452
6663 44 2241
7003 1513 75683
6756 153 7689
7001 480 24009
7006 308 15415
5108 97 4858
6751 26 1305
5630 39 1996
7010 1390 69550
6577 33 1666
5155 49 2463
6951 25 1285
7012 1275 63791
6959 125 6256
7012 892 44642
7001 324 16224
7012 1479 73983
5497 108 5439
6853 106 5340
6572 168 8437
7003 1111 55576
6975 66 3315
6942 93 4654
7003 1413 70665
7001 1025 51269
6548 2 104
7004 575 28764
7003 413 20690
6281 32 1632
6981 37 1888
7008 1321 66063
6653 126 6328
7014 34 1719
5108 90 4519
7008 786 39311
7001 418 20934
6420 43 2197
6960 166 8320
6021 187 9381
7010 246 12338
7012 442 22146
7012 1730 86543
5512 210 10511
6123 9 491
5783 93 4697
6912 59 2977
5519 148 7450
6362 101 5077
7012 708 35402
7012 1549 77459
7008 1321 66063
7006 558 27917
6401 13 669
7004 1208 60418
7011 308 15402
6507 45 2294
7003 1734 86737
6628 43 2173
7012 1485 74251
7010 1343 67168
5155 92 4633
7008 146 7318
6908 191 9571
5966 0 5
7001 480 24033
6942 94 4729
6406 116 5804
6945 219 10961
7006 471 23562
7004 1023 51198
6568 36 1811
6211 67 3370
7008 510 25510
7007 22 1143
7003 1111 55571
7012 1275 63761
6375 57 2855
7014 1184 59222
6765 212 10644
7014 1121 56060
6827 101 5076
7008 195 9767
7008 734 36730
7001 480 24031
6444 37 1867
7010 1568 78403
6106 49 2457
6632 56 2832
6482 153 7696
6535 91 4558
5891 149 7452
5926 13 661
7014 1411 70552
5586 87 4379
7010 441 22086
7001 866 43313
6663 20 1037
5195 61 3074
7014 1003 50181
7013 40 2027
7004 575 28781
6441 61 3070
6765 210 10503
7012 1485 74272
6968 1 89
5339 41 2099
6211 204 10206
7014 867 43398
6765 210 10513
7010 441 22057
6616 24 1232
6230 58 2910
6542 166 8328
7001 1025 51269
6542 165 8293
6286 138 6945
7001 566 28313
5630 41 2058
6286 138 6919
7011 308 15402
7003 119 5991
7010 1390 69526
6027 3 163
6564 84 4216
6934 77 3863
7010 1562 78131
7004 1164 58250
7014 1582 79108
7012 1061 53052
6632 57 2869
6467 124 6206
6664 193 9659
7012 1290 64540
6319 48 2430
7003 1318 65908
7013 238 11913
7008 417 20853
7012 1549 77456
4983 6 317
7003 31 1561
6036 33 1698
7014 515 25755
7004 184 9231
6882 195 9782
5497 102 5112
7010 246 12334
7008 885 44290
7014 1003 50188
7012 892 44606
6912 58 2924
6379 94 4729
6162 213 10672
7010 343 17180
7001 866 43342
6480 110 5524
6334 14 735
7004 1278 63943
7004 253 12672
6945 212 10636
7008 889 44451
7013 206 10323
7003 643 32174
7004 1622 81126
7010 710 35543
6991 65 3298
6577 35 1761
7003 214 10734
7008 890 44506
5459 2 107
7012 708 35424
7014 1214 60727
6572 58 2945
7001 566 28328
7014 662 33112
6951 23 1167
7014 867 43398
7011 302 15108
7003 456 22836
7008 1348 67404
7012 1485 74261
7004 1268 63428
6663 18 947
6107 26 1337
7012 1447 72362
6765 212 10621
6334 14 735
6375 30 1550
6036 53 2677
5497 106 5327
7012 1186 59333
6664 72 3619
7014 1184 59211
5536 12 618
5229 7 368
6959 124 6222
6826 42 2128
7003 1449 72467
5036 20 1050
7013 193 9668
7012 1061 53061
7008 72 3614
5155 38 1947
7004 1268 63442
7014 10 545
4998 132 6616
6528 11 553
6812 3 192
6782 2 138
6211 69 3457
6934 79 3991
7004 1299 64963
6201 57 2864
7006 308 15422
7003 232 11632
5891 32 1608
7008 144 7243
7003 31 1591
7014 1121 56058
7014 1214 60733
6871 187 9394
7012 1061 53093
6579 47 2391
6829 123 6177
7014 34 1730
6406 119 5970
7003 924 46233
6623 61 3051
6616 23 1186
7013 206 10323
6319 46 2314
7012 794 39711
6765 210 10503
6315 26 1343
7010 1042 52131
6106 50 2506
7010 649 32492
6404 174 8703
6763 158 7918
6882 153 7659
6284 60 3042
6650 17 896
6981 39 1957
6959 122 6150
6442 33 1680
6829 123 6158
7003 1318 65948
7010 1549 77471
7012 529 26496
6956 112 5612
7003 456 22819
6960 77 3855
6912 193 9668
7008 1321 66099
7003 411 20593
7004 1275 63770
6663 45 2259
6401 21 1063
6908 190 9549
7003 1304 65224
7003 1339 66954
7010 579 28968
5370 57 2851
6918 66 3322
7006 308 15402
7014 5 270
7012 246 12323
7014 1728 86427
6828 162 8145
6960 77 3861
6837 8 434
6663 43 2192
5331 133 6681
6827 103 5191
6173 32 1612
7010 1270 63503
5783 86 4301
7001 295 14800
6956 117 5879
7010 1049 52496
6590 25 1279
6908 191 9584
7006 558 27927
6945 216 10844
6933 81 4062
5511 48 2408
6577 37 1872
7014 950 47536
6663 173 8685
4998 132 6649
7012 529 26464
7001 208 10408
6968 1 89
6231 109 5458
6503 56 2806
6666 15 783
7008 1244 62235
7004 654 32704
7013 187 9384
7010 1596 79810
7010 19 983
5042 40 2042
7010 668 33444
7003 643 32172
7010 280 14043
7003 643 32174
5106 183 9186
7012 1054 52744
7010 84 4227
7003 1050 52522
6407 93 4660
7003 1304 65238
6975 64 3213
6359 6 309
7013 238 11922
7001 977 48897
6960 167 8361
5169 36 1834
7001 210 10501
6952 101 5061
7006 324 16220
6656 40 2019
7003 456 22811
6912 60 3044
7004 654 32730
6440 57 2900
5891 155 7755
5511 48 2425
7010 1038 51946
7001 819 40988
6480 110 5524
6981 42 2130
5404 37 1875
6831 53 2656
7008 1027 51377
6666 187 9381
7014 515 25787
6756 42 2145
6483 0 12
5557 24 1236
5511 46 2313
7001 295 14786
7008 102 5134
6338 44 2220
7008 1464 73246
5154 72 3643
6934 71 3573
7008 72 3610
7013 193 9696
7012 708 35419
6882 152 7618
7001 295 14755
7003 188 9405
7010 1568 78417
6934 75 3799
6319 47 2351
4957 144 7230
5013 29 1470
7004 1208 60441
6668 87 4364
7003 119 5951
7003 1304 65232
6564 83 4156
7010 1447 72393
6334 111 5583
7008 777 38867
5071 13 692
7013 108 5417
7012 1447 72392
6991 69 3473
7008 144 7224
7014 1214 60705
6826 40 2041
7012 1659 82967
6078 23 1160
6923 12 607
6956 197 9872
7012 19 952
6942 94 4701
7008 1387 69398
7004 206 10348
6442 28 1426
5497 16 827
7014 1582 79147
6406 115 5796
6949 81 4057
7001 823 41151
6933 83 4197
7010 668 33432
6217 142 7114
6756 42 2142
6315 26 1345
6490 36 1824
6359 0 1
6664 182 9101
6663 46 2342
5459 175 8785
6030 13 693
7003 31 1559
7013 224 11231
6482 152 7608
6106 48 2428
5380 3 181
7007 22 1146
7012 1065 53256
7003 232 11630
7008 890 44544
7011 302 15132
7001 144 7227
7001 682 34105
5401 36 1807
7008 1051 52565
7003 924 46239
7003 852 42647
7008 145 7285
6614 157 7869
7004 1340 67021
7001 480 24004
6535 91 4563
7001 682 34120
7010 1343 67165
7010 8 435
6908 188 9440
7003 188 9422
5586 148 7406
5108 96 4840
6535 89 4484
6934 13 665
7001 566 28307
6616 26 1335
7010 138 6934
6564 81 4092
6828 167 8383
6955 208 10427
7008 675 33754
6827 104 5231
5331 134 6739
7008 417 20876
6934 77 3882
6404 108 5431
6918 37 1886
7010 1485 74269
7003 363 18174
7003 363 18182
7010 138 6925
6379 94 4729
6960 167 8374
6366 75 3779
5966 50 2523
7012 1035 51798
6656 41 2068
5151 89 4467
7008 1348 67433
7008 1464 73244
7008 145 7276
6896 13 654
7003 1044 52245
6934 13 689
7003 1734 86722
7008 1078 53942
7014 205 10266
6812 3 181
6955 212 10630
7012 1054 52740
6577 32 1631
5512 213 10686
6321 70 3511
7014 1331 66557
6687 196 9804
7013 206 10326
7010 84 4244
5380 0 47
7007 22 1143
7008 890 44536
7014 53 2668
7014 1582 79102
6288 175 8796
6199 75 3768
6319 47 2352
7004 901 45055
6975 66 3313
5512 189 9491
6441 65 3284
7001 264 13249
7008 1348 67437
7012 1054 52712
7008 833 41662
6410 122 6121
7001 324 16212
6579 43 2151
5497 109 5479
6021 187 9399
5605 55 2769
7001 823 41178
6831 55 2793
5106 183 9176
7014 653 32657
7001 682 34120
7004 1624 81236
7013 201 10078
6952 91 4571
6628 45 2259
5497 101 5090
6912 195 9761
6837 8 406
7003 1318 65919
7010 1162 58138
7003 1193 59666
6615 169 8484
6035 3 175
7011 302 15124
7013 238 11917
7001 228 11418
7003 232 11619
6650 20 1015
7014 326 16327
4971 187 9360
6401 21 1099
7010 89 4498
7004 654 32707
6321 64 3215
6908 51 2576
7004 514 25741
7008 1470 73518
6954 14 724
7012 324 16249
6446 123 6200
5921 19 974
7012 1141 57080
7004 206 10348
7008 924 46215
6973 38 1931
6420 45 2300
5190 3 178
7004 1622 81126
6201 58 2946
6629 8 430
7012 302 15113
7001 26 1314
7003 119 5966
6359 7 383
6480 107 5363
6942 94 4729
6579 43 2194
6930 12 650
7012 1054 52723
6812 4 212
7006 588 29413
7014 144 7213
7010 649 32465
6912 193 9700
5966 48 2403
7014 1346 67318
6912 201 10052
6828 164 8219
7012 246 12311
7003 1437 71865
5401 31 1577
7003 784 39202
7012 892 44602
7013 201 10074
7014 1270 63545
5497 19 959
6827 101 5076
6934 13 665
7008 734 36706
6831 59 2986
6908 188 9426
6896 15 788
7014 867 43368
7001 210 10516
6359 4 223
5108 91 4578
7004 184 9210
7014 1270 63506
7014 990 49519
5458 157 7853
7014 216 10846
6752 70 3514
6426 23 1167
7001 208 10413
7001 819 40954
6542 164 8214
5380 5 269
6211 207 10382
6650 22 1147
6406 119 5970
7014 205 10272
6826 46 2350
6375 57 2870
6366 80 4028
7014 515 25759
7003 828 41406
5370 56 2819
7008 144 7247
6918 34 1712
5921 17 855
7008 1393 69661
6837 8 402
6882 195 9771
5331 137 6856
7010 710 35547
4957 142 7102
7014 5 252
5340 96 4813
6933 87 4374
5155 89 4475
6828 165 8278
5581 35 1791
7012 1061 53074
6507 45 2294
6666 12 603
4983 46 2320
6981 38 1901
7010 19 990
7014 1346 67310
6991 70 3541
5029 172 8650
5380 0 5
7008 885 44291
6423 75 3782
6362 101 5096
5586 142 7135
7010 1485 74296
7004 1435 71783
6812 4 212
6379 38 1947
7014 1270 63545
6035 3 175
7012 1290 64532
7012 302 15131
7012 1054 52722
6934 76 3820
5000 41 2052
6173 32 1612
7001 866 43314
7006 604 30208
7013 193 9671
7014 326 16325
7013 201 10094
7012 1447 72368
6548 91 4552
7014 1331 66579
6794 22 1150
6664 182 9101
7014 1411 70562
7013 224 11220
6407 98 4901
6091 103 5163
6689 33 1652
7003 469 23482
7006 604 30249
7008 1078 53928
4983 44 2238
6923 35 1788
7008 1051 52579
7012 892 44601
7013 201 10058
6981 65 3282
5331 133 6681
7012 1141 57087
7003 228 11441
5380 7 384
7014 205 10294
7003 749 37454
6401 19 968
7004 1268 63401
7004 1622 81114
6102 38 1905
6945 213 10658
7014 53 2665
5515 67 3372
5541 45 2277
6564 83 4189
6379 37 1883
6828 169 8469
7010 1270 63543
7008 924 46203
5068 95 4765
6812 1 56
6420 45 2267
5611 102 5120
7008 1078 53915
7013 185 9256
6975 66 3313
6960 73 3673
5519 146 7322
7012 1730 86503
6973 43 2186
6548 3 171
6973 43 2173
5042 49 2457
5557 92 4634
5331 137 6874
7013 187 9382
5977 194 9745
5497 12 637
7010 1545 77286
6916 123 6178
6956 120 6036
7010 1545 77286
6090 78 3936
6990 19 957
7001 570 28520
6217 143 7174
7001 566 28315
7004 901 45073
6756 43 2189
7014 1331 66553
6763 150 7514
6664 72 3649
5151 163 8195
7008 102 5112
7003 469 23475
7001 344 17204
6564 82 4120
5459 3 171
6683 15 764
7001 464 23223
7014 653 32669
7013 201 10058
7008 589 29494
6650 18 935
7008 144 7238
7010 1162 58138
7014 1270 63546
5515 62 3108
6977 90 4504
6777 1 77
6960 79 3967
7010 138 6940
7003 1387 69375
4957 145 7253
7003 1513 75651
6362 76 3815
6615 168 8446
7010 727 36361
7014 10 514
6666 186 9318
6319 49 2476
7014 867 43375
7014 1184 59231
7001 228 11446
7004 118 5913
7012 708 35448
6090 78 3950
6945 213 10658
7003 119 5961
6812 1 94
6888 90 4536
7004 729 36483
7001 185 9264
5605 57 2879
7014 1411 70564
5433 156 7826
7001 682 34140
7003 643 32156
6123 8 426
5966 44 2201
7008 885 44276
7004 1622 81109
6975 56 2818
6991 69 3486
5996 23 1169
7001 480 24031
5071 19 960
7003 228 11417
6616 27 1361
7010 343 17176
7003 228 11426
7008 889 44500
7014 429 21481
7014 34 1716
7003 119 5978
7001 344 17241
7003 828 41420
7010 1042 52103
7003 1111 55583
5000 46 2328
5947 158 7901
5519 147 7397
6945 208 10429
5055 52 2609
7010 1485 74286
6945 208 10429
7004 654 32712
6490 38 1911
7004 514 25712
7001 344 17227
7013 108 5424
7008 280 14018
6542 170 8518
5108 96 4847
7003 411 20579
7003 31 1592
7014 1214 60705
5783 93 4693
5456 14 739
6882 153 7671
6837 152 7635
7001 866 43342
5441 8 414
7001 682 34130
5000 41 2052
7012 1141 57051
7001 891 44569
6572 57 2878
7008 675 33755
7014 326 16342
6503 60 3046
6765 156 7829
6615 172 8613
7014 1003 50191
6211 69 3457
7012 1425 71271
7003 214 10746
6286 140 7029
7010 1162 58106
6908 54 2730
6426 26 1329
7008 1387 69388
6663 21 1076
7003 469 23500
7013 193 9688
5071 19 960
7010 27 1375
6991 68 3436
7004 1340 67021
7004 1023 51197
6366 13 663
6663 16 841
7014 429 21493
5487 52 2642
6560 14 718
7008 583 29179
6888 50 2519
6680 73 3652
5586 87 4352
7010 727 36372
6683 15 792
6664 180 9006
7012 19 981
7014 5 270
7003 1513 75686
7003 1304 65240
6918 35 1770
6981 65 3270
5068 34 1713
6991 69 3458
6535 93 4660
6908 191 9571
7004 1268 63447
7003 411 20560
5459 178 8943
7003 80 4048
6663 173 8679
5339 45 2300
6756 47 2371
5459 180 9020
7004 1208 60403
7014 5 273
7014 653 32674
7014 429 21451
5151 177 8878
7012 794 39711
7008 924 46243
7014 867 43381
7004 1624 81236
7004 1275 63777
7001 210 10501
5498 8 406
6366 74 3708
6078 3 199
6949 78 3916
7001 480 24049
7003 775 38758
6027 5 275
7014 1411 70563
5069 34 1740
7001 682 34118
7010 1270 63503
7004 729 36455
7012 1635 81757
7010 1447 72351
5169 34 1746
7008 1010 50545
5229 7 360
5154 155 7791
