9668 118 5915
8714 152 7617
10848 112 5618
11692 2 120
10625 230 11520
10489 48 2439
9702 88 4405
11184 21 1057
11080 103 5163
9438 93 4653
8508 6 334
12036 121 6086
11913 137 6857
10606 12 614
13616 245 12253
10850 84 4246
8746 60 3018
10683 272 13645
13639 83 4197
8419 1 56
12075 49 2497
10623 18 928
10592 297 14860
13675 73 3683
10756 10 547
11868 51 2574
10353 0 16
9345 206 10350
11906 166 8341
13630 35 1785
8996 292 14622
9668 193 9656
8433 202 10112
11830 133 6652
9457 86 4320
11075 12 626
9651 129 6472
9438 35 1775
8852 50 2511
12142 28 1439
8433 204 10210
11508 183 9186
11658 11 557
9618 262 13114
8705 77 3866
11776 146 7327
9546 83 4196
13504 12 647
11614 14 718
8589 168 8449
12555 10 548
10545 146 7349
11668 86 4335
9453 1 83
10998 69 3494
11119 155 7755
8762 305 15277
10475 191 9577
13583 72 3630
11520 271 13555
8626 82 4136
13565 35 1800
8810 93 4661
9651 132 6609
11274 12 601
11751 150 7529
10518 12 606
10660 240 12006
10858 127 6366
11278 51 2565
10579 9 451
9195 241 12051
8915 114 5729
9704 119 5959
10711 100 5003
8897 25 1264
9601 125 6262
10501 18 915
10574 24 1249
11001 17 889
10988 255 12763
8957 233 11698
8447 58 2909
9464 83 4198
9454 104 5222
10624 267 13352
9341 215 10787
11206 21 1074
11943 121 6094
13629 229 11488
11080 103 5158
10951 29 1459
13683 10 547
12565 123 6185
11751 287 14379
10705 0 44
12557 71 3592
9438 35 1767
10501 45 2278
10821 12 635
11091 165 8268
12079 10 529
8918 123 6165
13623 82 4134
10972 58 2916
10748 65 3291
11071 270 13543
11972 120 6042
8934 47 2367
9068 104 5217
11965 136 6802
10625 230 11511
8585 35 1778
10692 101 5070
9656 333 16693
9454 134 6718
10624 193 9700
9326 37 1887
11923 146 7346
10850 197 9864
11213 63 3191
9533 10 544
11957 71 3594
11751 25 1256
11741 36 1829
9620 44 2236
8416 106 5348
9717 310 15545
13491 59 2990
9210 254 12722
8852 48 2437
11913 288 14419
10819 8 405
9394 124 6232
13470 46 2346
11965 345 17293
8620 129 6498
9072 127 6373
10905 110 5541
9470 93 4673
12446 87 4368
9470 94 4710
11565 120 6035
10609 132 6638
9247 42 2114
9535 57 2895
9726 239 11958
11169 129 6491
10757 88 4446
12066 41 2085
11278 35 1776
13623 116 5817
10793 58 2947
10778 180 9004
9238 131 6580
10727 120 6015
11227 3 166
13583 7 372
11292 6 348
8683 203 10173
11664 16 837
8963 61 3063
10483 57 2879
12073 128 6444
12508 266 13323
9427 153 7677
10449 207 10353
9024 44 2207
13623 54 2729
9640 108 5423
8468 56 2841
12454 425 21252
12383 3 182
11237 42 2121
8702 197 9859
11508 160 8040
12025 86 4313
10471 35 1768
8959 183 9153
8918 122 6120
9214 126 6319
9061 51 2553
9390 7 372
9075 48 2407
9298 27 1380
11830 114 5722
9386 184 9244
13643 110 5536
8701 224 11233
11741 26 1336
11182 87 4352
11071 8 409
11604 155 7755
9704 117 5873
13569 145 7267
11521 43 2158
11884 68 3427
10755 122 6148
9304 104 5227
11913 137 6853
11759 146 7327
8894 84 4225
11821 70 3539
9464 85 4283
11878 85 4262
10829 11 586
10599 114 5712
12508 266 13341
8698 84 4247
10837 144 7249
10719 10 518
11861 38 1902
11965 420 21005
9366 127 6385
9080 30 1525
13583 72 3648
11751 25 1300
11623 108 5411
9384 56 2802
10436 304 15229
8996 288 14427
8413 14 715
10445 157 7852
10353 0 18
11740 84 4211
9677 55 2753
12094 6 318
11878 224 11247
11629 52 2627
11998 134 6750
11879 228 11404
13655 29 1488
10688 103 5157
10648 69 3475
9675 0 1
12418 33 1674
8695 22 1105
10837 165 8262
11558 5 275
8433 191 9561
10716 143 7196
9030 122 6148
12506 9 493
10672 68 3424
11593 98 4922
8746 57 2883
9035 139 6961
12425 38 1942
9516 329 16452
11618 42 2106
9545 210 10504
10905 111 5570
9464 83 4172
13618 110 5507
8750 217 10873
9225 130 6541
11738 109 5466
9632 118 5944
9444 328 16444
10756 80 4015
9410 72 3633
8620 130 6510
11072 16 830
12377 5 288
9675 2 133
11759 208 10438
9395 346 17312
10848 110 5534
9694 170 8529
10705 8 413
11972 147 7381
9386 255 12795
12542 19 951
11922 3 184
11514 22 1116
9601 123 6179
10696 281 14093
12039 109 5486
12545 40 2042
11090 202 10124
11111 92 4625
11751 282 14135
11515 27 1389
9035 138 6909
10501 39 1999
8918 123 6169
11872 120 6028
10545 145 7272
9694 170 8516
9516 329 16478
8915 121 6077
11884 265 13254
13683 19 956
10483 58 2947
11712 1 61
11589 205 10263
11071 8 409
11963 2 123
9345 60 3017
9427 154 7724
11066 212 10640
12554 86 4339
10694 159 7964
13661 70 3525
13583 7 364
12039 84 4201
9605 51 2555
10813 70 3542
8905 50 2504
10672 68 3450
11878 119 5987
9632 126 6326
11721 157 7864
11292 6 348
10804 91 4552
11000 16 832
8859 17 851
11751 220 11034
11182 75 3792
8740 35 1772
12025 86 4321
11135 73 3700
9516 325 16260
8419 1 97
8549 113 5660
13676 84 4206
10822 70 3537
8787 93 4668
8419 6 315
11527 81 4076
12543 308 15424
10483 54 2727
11135 49 2460
12566 262 13118
11933 224 11227
10906 128 6450
8697 122 6121
12485 220 11023
11747 3 181
10838 47 2360
10696 234 11705
10850 23 1159
11591 57 2875
8905 52 2620
11872 120 6048
9411 65 3283
9546 84 4235
11527 108 5427
8416 106 5312
9473 22 1137
9546 83 4159
11025 95 4775
9668 244 12250
9442 7 359
11776 11 560
11933 186 9318
12066 41 2054
9619 154 7708
11618 42 2119
13477 54 2745
11599 50 2532
11508 114 5717
11926 293 14656
12377 5 265
9090 142 7134
10609 141 7098
10449 127 6384
11001 13 658
8922 23 1162
9410 71 3569
9579 114 5736
11274 12 601
11935 29 1482
12036 1 91
8996 290 14501
12036 5 261
11913 137 6859
10609 140 7032
11150 5 292
11989 81 4087
10606 11 552
11741 102 5146
11776 105 5287
10883 216 10812
8735 4 249
13661 9 495
10705 166 8330
9065 82 4131
10819 6 346
12506 9 455
12549 100 5014
11867 109 5494
10925 124 6215
10592 183 9162
9511 324 16203
8700 83 4186
10757 103 5169
13564 7 360
11119 69 3499
12454 425 21252
11913 281 14072
10437 142 7114
11884 54 2749
9457 86 4310
9483 217 10881
11087 47 2362
11738 246 12327
11913 323 16184
10906 128 6437
12039 201 10061
9516 484 24214
11872 227 11371
11821 71 3568
9247 44 2204
11922 70 3505
8508 5 269
11002 3 170
10475 192 9646
10522 181 9078
10883 165 8260
12454 425 21287
11091 165 8293
9304 105 5276
8810 93 4656
9243 120 6042
11540 64 3209
11885 42 2103
12374 88 4448
11228 34 1717
13503 191 9579
8747 123 6189
9668 12 605
8541 24 1245
8458 78 3919
11691 38 1916
11965 383 19159
9338 107 5391
10592 295 14784
12079 10 534
10883 174 8708
10449 287 14373
11926 293 14656
11922 70 3535
12540 12 605
8957 234 11739
13630 57 2874
10517 28 1410
8894 30 1537
9037 235 11785
10660 200 10043
9632 123 6170
8770 271 13551
8914 19 981
12009 32 1610
11632 4 240
11747 27 1380
12431 39 1982
8508 6 334
11619 19 1000
11776 59 2971
13691 136 6832
10972 57 2851
10501 18 938
9542 296 14819
8810 89 4467
8994 164 8248
10819 8 405
12000 65 3290
11868 66 3348
12039 77 3884
10883 174 8712
9500 0 8
11776 59 2954
11878 10 527
10640 28 1421
9354 38 1946
13675 78 3919
12005 89 4490
8862 49 2463
13635 77 3874
12542 19 955
12023 23 1153
11492 3 176
12404 82 4125
10822 66 3340
9668 116 5815
8690 39 1983
12027 33 1673
12554 86 4339
8909 45 2269
8804 126 6345
11186 166 8340
11728 336 16832
9442 4 229
9390 7 374
8471 20 1011
11135 74 3711
10624 177 8851
13691 29 1458
11512 87 4382
12565 292 14640
9267 24 1209
13638 46 2325
11828 11 580
11763 16 828
11589 212 10607
13629 134 6750
9340 91 4563
12508 266 13348
10705 8 413
9188 19 964
11150 5 293
11866 71 3577
10778 182 9118
12070 359 17957
8957 256 12827
13675 73 3699
9243 120 6022
11842 15 760
11512 87 4379
9554 33 1687
13470 72 3636
11707 53 2696
11896 9 458
10444 15 766
10520 81 4097
13661 81 4059
11763 108 5411
9298 54 2723
10449 127 6369
10449 208 10436
9090 136 6836
8987 143 7157
9438 93 4687
11727 296 14807
11935 250 12524
11243 82 4112
9068 43 2172
11515 27 1379
12004 113 5687
10756 12 647
11963 359 17993
9515 104 5221
11601 211 10574
12442 42 2132
9632 118 5921
12091 367 18362
9345 63 3177
9618 264 13201
9308 33 1663
9024 46 2324
8720 124 6226
10765 12 643
8918 123 6161
12508 266 13323
12046 94 4716
9410 71 3599
10906 217 10872
8695 8 428
10590 41 2053
13580 4 247
11879 40 2016
9362 248 12404
11653 46 2333
9304 107 5358
9470 48 2405
9713 65 3283
11913 323 16196
9615 27 1359
11935 27 1394
13633 32 1628
9195 224 11239
10580 239 11993
9632 60 3049
10821 12 648
11917 21 1061
11762 18 939
12426 64 3248
8700 132 6605
13639 83 4166
10448 100 5028
9052 31 1560
9065 82 4106
10925 124 6231
12079 61 3068
11779 269 13463
11103 60 3037
9390 7 391
9090 138 6938
8957 235 11792
8904 65 3299
12036 115 5788
9620 56 2812
10883 216 10826
9254 24 1201
10624 192 9631
12110 219 10963
10905 83 4200
10580 221 11066
11187 230 11507
10883 165 8273
10998 69 3458
8416 80 4030
11922 26 1327
10988 186 9312
9345 62 3113
9009 146 7335
11861 6 345
10569 4 235
11891 156 7827
11915 24 1202
8996 291 14575
11738 246 12327
9583 501 25063
9386 255 12800
10848 110 5545
11879 311 15588
12540 157 7899
11527 108 5427
9511 325 16288
9679 105 5292
13548 4 211
9395 346 17315
10848 112 5618
10692 103 5152
11685 149 7476
9344 52 2624
12555 10 533
11601 211 10553
9394 125 6258
11830 191 9576
13626 67 3376
10756 70 3531
11878 224 11235
11589 59 2977
9379 243 12155
9210 254 12722
9632 127 6353
12556 67 3394
10520 217 10874
11629 10 532
11759 25 1292
9651 132 6624
11664 119 5985
10747 18 917
12070 130 6512
9008 118 5937
9651 187 9381
11514 37 1855
9035 135 6774
12004 283 14173
10846 121 6069
10592 298 14937
10660 324 16209
10931 106 5319
12056 330 16532
12549 100 5005
8894 84 4236
11275 109 5489
12046 94 4716
11657 13 664
8852 32 1636
11724 6 307
9454 107 5379
9453 1 57
10864 115 5766
11707 101 5074
11614 6 341
13658 11 569
8620 129 6497
9675 1 65
11551 92 4618
10580 222 11109
10848 105 5269
13695 99 4976
9454 104 5235
8996 57 2876
11515 27 1389
12073 187 9399
13642 62 3148
10864 114 5741
8958 188 9442
10850 84 4246
10448 100 5048
8914 19 968
13542 153 7652
12426 87 4398
12073 65 3282
13662 81 4062
9583 206 10323
12505 87 4365
11182 87 4359
11601 200 10050
9607 40 2015
10848 105 5286
11930 276 13837
12077 166 8326
9444 327 16387
11524 201 10061
10773 150 7502
11512 12 608
9579 115 5792
11512 107 5352
12543 308 15434
8959 184 9217
9511 323 16198
11824 9 479
12508 140 7036
11601 32 1604
12000 97 4886
9298 77 3866
11678 32 1635
11716 74 3702
10747 50 2505
11096 85 4299
10647 81 4100
13678 24 1240
11867 14 743
11668 86 4346
12145 191 9597
10483 61 3051
9702 78 3922
8690 41 2067
9656 333 16663
9444 329 16496
11186 166 8308
9411 64 3245
9035 139 6979
9632 118 5944
9364 25 1277
9567 158 7931
10708 43 2176
10838 47 2362
11187 217 10856
9709 7 360
9035 136 6810
13618 35 1787
8465 256 12814
10353 0 16
10765 12 638
10580 222 11122
10711 99 4965
13561 114 5723
9344 246 12336
11230 17 875
10719 25 1289
12496 96 4809
13454 19 977
8579 24 1236
11508 29 1473
11085 2 110
12506 9 493
10593 72 3644
11080 103 5152
12404 82 4137
11922 136 6814
13626 82 4140
11119 155 7755
9620 288 14409
8448 134 6714
10444 15 780
9461 107 5367
11259 16 832
8914 19 965
11186 108 5418
10646 96 4820
9362 248 12413
13676 49 2485
13565 35 1760
8914 20 1015
13548 4 242
11963 2 123
12486 74 3706
8626 81 4075
10727 119 5969
11880 17 865
11539 60 3022
13678 118 5902
13678 118 5910
9345 205 10294
9713 64 3214
12079 61 3078
12066 274 13731
11589 205 10295
8762 282 14101
11551 106 5342
12561 284 14238
11935 63 3179
9454 136 6845
9341 216 10845
8549 113 5651
8419 4 209
13491 59 2980
11970 78 3948
8958 190 9515
9298 29 1470
8957 233 11658
13491 54 2744
11593 98 4922
11887 159 7953
11589 146 7305
11847 74 3720
9620 46 2345
8852 50 2511
10580 222 11112
11507 6 331
11927 44 2216
11991 100 5011
8959 183 9153
12039 272 13643
11991 57 2895
11599 59 2978
10449 206 10322
8666 55 2788
8994 162 8111
10522 182 9108
9386 184 9235
9702 77 3854
9665 8 411
10449 126 6333
13661 174 8745
11071 8 440
10569 5 256
11169 217 10856
13623 116 5834
12077 166 8307
8549 113 5699
13675 208 10407
10755 126 6318
11537 8 449
8897 26 1324
11564 108 5418
11842 41 2066
9075 47 2354
11601 200 10024
13691 135 6785
8889 64 3229
11119 69 3476
10719 26 1331
10519 72 3623
9583 500 25003
9601 124 6246
13552 57 2879
9338 109 5470
11119 10 531
8701 224 11223
11119 48 2419
11519 72 3629
11134 43 2163
12565 170 8535
10837 165 8266
9545 210 10541
11521 57 2900
10705 166 8330
8897 27 1371
10660 327 16354
13623 54 2723
13692 71 3574
12518 22 1137
8994 19 978
11519 72 3637
8687 190 9549
13638 46 2332
10858 124 6248
10666 43 2159
10501 45 2278
10708 39 1966
11726 300 15008
9075 292 14647
9338 107 5391
11976 371 18582
12145 73 3675
10883 125 6288
8987 144 7201
8959 210 10515
8770 271 13577
8700 133 6662
13675 73 3698
8419 6 315
11593 4 212
9533 13 688
11545 266 13330
9030 137 6867
8683 203 10179
11134 43 2183
12023 23 1200
12039 109 5488
11913 118 5948
8784 58 2929
11243 42 2134
9726 186 9340
9410 71 3569
12145 191 9597
8937 50 2538
11139 4 224
10708 42 2138
12442 179 8967
9464 87 4362
10590 40 2031
9075 44 2247
11619 3 196
10737 289 14490
11515 27 1379
9298 79 3998
8714 140 7045
8909 43 2190
12497 13 688
13583 72 3624
8468 56 2841
13552 57 2886
8958 186 9335
12566 262 13147
10441 125 6261
12538 29 1474
11601 139 6952
8909 47 2354
8695 20 1007
8740 35 1763
9191 39 1998
11527 0 18
13691 23 1195
11847 74 3740
9677 55 2795
11998 57 2871
10609 129 6481
12496 96 4816
11891 103 5152
9243 120 6044
9567 431 21583
13569 145 7267
11935 29 1482
10773 113 5673
10773 110 5510
11926 239 11953
11508 160 8014
8416 98 4942
11094 187 9376
11564 26 1305
12504 149 7493
11878 119 5969
9679 44 2250
12566 232 11624
12446 21 1072
8957 235 11761
13542 138 6937
11619 60 3026
8994 24 1242
9024 44 2235
11913 137 6857
8460 227 11386
10520 81 4097
11507 6 338
9345 206 10317
9345 61 3075
12438 102 5143
11707 126 6314
12383 64 3237
11861 6 303
8620 128 6445
9710 183 9177
11134 43 2158
9668 193 9697
11648 58 2919
8620 128 6432
11658 11 566
12071 304 15201
11664 119 5975
9298 77 3894
11194 1 81
9188 18 918
9267 23 1199
10921 243 12195
12036 121 6086
11088 4 210
8433 32 1644
9094 4 206
10574 19 986
12441 113 5682
9090 144 7207
11866 71 3578
9090 136 6836
10647 81 4100
8541 25 1260
10906 207 10381
8799 12 643
9035 135 6767
8915 113 5680
11514 37 1876
8419 3 190
8750 214 10722
10520 213 10656
10848 194 9722
11957 92 4650
12066 41 2069
11707 131 6576
9238 128 6445
10672 68 3442
12418 33 1660
12404 55 2762
11792 11 554
9438 34 1740
11957 71 3566
9225 129 6499
11738 184 9221
8714 152 7617
8700 206 10346
10609 141 7070
11935 222 11116
10800 15 756
13580 4 212
8740 38 1928
11169 217 10892
9712 25 1273
11119 304 15232
12496 20 1002
10748 68 3444
13504 74 3727
12426 64 3218
12056 112 5601
12485 116 5802
8889 64 3234
8861 38 1925
10913 222 11115
8852 37 1886
8458 78 3939
13675 208 10449
12073 187 9375
11943 236 11814
12077 166 8307
8987 141 7057
12565 123 6198
10850 225 11274
10906 132 6626
8690 39 1990
11759 25 1274
13688 125 6296
11228 34 1704
9557 2 147
12426 9 466
11080 103 5191
9618 264 13235
11001 17 895
11544 3 154
10822 71 3564
12036 121 6091
11601 200 10031
11726 188 9431
10822 71 3570
11943 254 12712
11935 222 11116
10501 18 937
8853 188 9411
11830 148 7402
9499 309 15456
9340 92 4605
10737 287 14388
10520 81 4071
13583 127 6388
12091 367 18356
9068 105 5279
9500 6 348
9410 73 3665
8782 16 815
9279 1 53
9620 301 15092
8905 50 2504
9545 181 9075
9326 36 1814
12364 40 2017
10747 17 886
11707 146 7332
13629 31 1599
12054 45 2287
12075 134 6725
10609 134 6715
9712 43 2174
10837 144 7222
10848 111 5570
8433 99 4972
10848 112 5615
8862 52 2624
11830 39 1975
11926 6 350
9621 21 1083
11119 309 15483
10819 6 326
9651 129 6496
8859 14 707
11878 224 11237
12508 164 8232
10569 7 353
13588 4 239
10545 145 7297
9188 19 964
9500 2 146
10773 85 4251
11618 30 1528
11623 108 5406
9681 77 3869
13614 26 1328
8934 47 2378
8690 42 2147
11505 29 1460
11601 1 88
11728 61 3056
12039 201 10087
9344 245 12299
9243 120 6022
12070 371 18593
8915 117 5861
10434 113 5665
11943 121 6094
11887 88 4435
11589 146 7306
12075 134 6732
9669 189 9466
13691 135 6767
10483 60 3006
10520 213 10666
9618 263 13173
12499 5 271
9090 144 7230
12075 48 2410
11527 7 389
12543 131 6575
13626 82 4147
11776 146 7326
12368 49 2473
10837 142 7141
13687 1 57
11817 0 39
8529 137 6890
8539 38 1912
10906 205 10292
11878 153 7664
13542 153 7700
9090 138 6938
9461 109 5467
11878 10 527
9507 243 12167
9621 20 1044
10437 140 7019
11927 59 2957
12504 159 7981
11514 32 1636
9567 156 7834
10471 35 1768
10551 117 5881
8416 129 6463
10819 6 332
11841 25 1254
9386 20 1014
13454 7 374
13467 150 7520
11913 318 15923
9702 89 4464
13695 40 2025
11921 138 6918
10771 246 12344
11025 95 4775
11972 21 1060
8859 15 782
10811 49 2492
10475 192 9646
11000 17 893
13676 49 2461
10819 7 355
9075 46 2318
10905 106 5303
13583 127 6386
9030 41 2093
10434 21 1094
9675 82 4115
11713 43 2189
8701 225 11287
12145 73 3675
9668 193 9675
10665 240 12008
8862 52 2621
11921 17 894
9709 9 469
10518 11 579
13623 82 4134
12086 31 1555
13477 38 1918
12374 153 7680
8587 79 3981
10906 205 10283
12023 23 1200
11648 58 2934
11751 220 11039
11842 41 2078
8859 14 731
12145 191 9574
10711 101 5091
9500 391 19594
10592 182 9104
10545 145 7300
11599 61 3061
11953 34 1728
9454 104 5235
12039 99 4954
11879 228 11448
11896 21 1096
12485 117 5889
13477 40 2011
11119 110 5515
9632 128 6420
10850 79 3955
10436 305 15290
13623 97 4897
11116 126 6343
13675 208 10407
11492 3 185
9404 125 6282
8695 11 579
11963 171 8577
8548 75 3752
8735 4 211
8852 37 1892
10850 86 4339
10694 159 7956
10719 25 1294
9009 147 7359
10665 238 11906
8853 199 9996
10434 21 1052
12086 31 1555
8994 164 8205
11727 288 14421
12066 140 7046
9516 213 10655
12091 185 9296
9627 16 833
9041 83 4170
12542 164 8224
11707 93 4693
12556 67 3357
12485 222 11129
9210 0 35
13683 19 999
11187 217 10856
8508 7 358
10747 50 2521
9340 90 4548
10756 10 547
11707 134 6743
9324 80 4024
9677 54 2739
13586 0 31
8994 163 8152
9024 45 2282
11527 81 4079
11889 17 887
10772 118 5921
10434 113 5653
13675 235 11800
8915 116 5842
8957 233 11692
11972 148 7428
8782 16 816
11751 107 5372
13691 29 1475
10449 127 6398
11779 227 11380
12426 64 3228
8529 276 13817
9390 7 374
13565 67 3370
11529 243 12169
9075 46 2329
12374 88 4417
10950 19 988
9028 11 591
10483 58 2919
12145 73 3675
11653 46 2333
9191 40 2044
9546 84 4216
10906 213 10680
8959 208 10432
10517 29 1460
9386 18 940
12075 49 2492
11186 108 5439
10756 12 633
10646 97 4882
11119 304 15206
10844 73 3673
12364 111 5571
10635 65 3295
9681 80 4024
11119 309 15456
8413 11 576
12070 24 1237
9519 263 13175
11527 134 6724
10593 79 3973
12449 285 14287
9473 20 1002
9557 2 134
11763 76 3849
9632 60 3050
9390 7 391
11963 332 16622
9453 3 182
9713 66 3308
12077 56 2801
11601 211 10597
8996 292 14602
10800 21 1062
9061 52 2641
10648 53 2654
9651 129 6472
9679 48 2435
8695 7 374
11726 233 11692
9694 169 8469
10850 197 9889
10520 81 4093
9704 118 5924
12032 9 485
11707 146 7301
10520 81 4060
11103 60 3046
12392 19 990
11933 101 5074
11741 40 2013
9704 119 5978
9217 22 1107
9080 30 1534
13467 144 7249
9068 107 5385
10757 102 5143
8959 207 10393
9341 217 10886
9411 66 3307
11915 31 1574
10850 22 1138
11721 152 7633
11965 136 6802
9061 52 2635
11096 113 5671
8735 5 254
12566 251 12594
11759 25 1270
10712 318 15935
9444 326 16349
9627 17 854
8735 5 289
9717 310 15543
9285 172 8609
11776 179 8985
9605 71 3554
10660 241 12054
10442 12 605
12549 90 4533
8959 210 10515
12009 32 1610
8909 43 2191
11972 43 2196
9679 106 5331
8958 186 9346
11214 54 2726
9230 0 15
11921 178 8948
11066 212 10640
11512 87 4390
13454 19 956
11529 28 1431
13561 114 5723
8746 208 10413
11900 28 1434
10449 126 6326
8419 5 271
10925 56 2806
9507 243 12167
11763 234 11731
13662 132 6616
12364 40 2023
10625 231 11593
9463 92 4613
8897 28 1442
10609 141 7054
9545 210 10521
9437 30 1510
9651 129 6496
9463 91 4573
9075 49 2454
9285 172 8609
11972 148 7420
10434 114 5745
9709 8 408
9344 244 12205
8746 59 2988
10829 11 587
8620 128 6445
9675 82 4119
12027 14 703
10449 126 6336
10666 42 2136
13580 146 7347
9324 55 2771
8915 113 5671
9327 12 620
12079 100 5025
9439 116 5823
9554 31 1557
10520 73 3652
11778 13 652
8959 183 9197
12426 9 494
10449 126 6317
8626 81 4074
12025 272 13623
12004 283 14167
11551 123 6170
10483 54 2748
9285 170 8505
10434 21 1094
11664 89 4494
8959 208 10432
9554 33 1687
9627 17 891
9344 88 4425
9651 188 9450
10849 229 11463
8439 19 997
11520 54 2729
8454 27 1373
12449 83 4166
9535 319 15994
10660 326 16327
9632 128 6420
11957 92 4650
10906 205 10292
10623 18 929
9030 121 6086
9324 39 1968
13662 81 4062
11492 3 173
10574 25 1269
12508 266 13331
10756 70 3536
9615 25 1288
10821 13 676
11747 3 192
13463 22 1129
10574 25 1270
10390 62 3145
11119 110 5548
12466 39 1996
10756 12 647
9068 106 5328
10648 42 2139
9640 110 5527
10574 19 951
11879 228 11448
8852 50 2528
10535 19 976
11066 91 4557
10635 67 3384
8579 21 1099
10850 84 4242
10545 146 7329
11922 107 5391
10592 182 9122
11606 175 8783
13692 17 868
11847 74 3712
10660 323 16168
11726 161 8094
8620 131 6576
11977 7 368
10660 326 16341
9583 277 13886
8441 191 9567
10569 6 341
10522 180 9009
8620 131 6576
8905 49 2453
9442 173 8688
10756 80 4011
10545 146 7334
8690 164 8225
10883 165 8300
9298 76 3802
11589 146 7305
9464 85 4299
10846 121 6069
13542 138 6918
11529 291 14598
9632 118 5927
13621 40 2034
8695 11 553
9620 289 14483
8922 19 989
9195 85 4264
11991 71 3552
8416 128 6449
8915 120 6046
9713 64 3210
9321 90 4515
10445 160 8043
11924 8 450
9542 298 14920
11741 5 270
11085 2 115
10647 81 4068
9615 25 1281
12496 20 1037
8922 20 1039
8419 5 266
10719 12 648
9473 23 1188
11745 15 790
12482 295 14761
8707 7 372
9621 22 1132
11976 371 18557
13477 54 2729
10551 117 5889
8441 189 9498
11972 21 1079
11921 252 12639
9427 153 7677
10711 100 5029
9285 172 8627
8548 105 5278
8994 163 8194
9457 85 4264
10748 65 3271
12441 401 20064
11830 114 5710
13467 150 7540
9338 107 5363
9362 246 12304
11186 258 12938
9470 48 2429
9239 149 7484
9592 271 13562
8735 5 270
9500 2 146
11957 71 3578
13470 95 4790
9094 5 283
9068 43 2166
12558 56 2801
10748 68 3444
11921 169 8490
9345 63 3177
9439 115 5760
11741 26 1336
11953 34 1745
10773 111 5589
11926 293 14662
9024 45 2286
10811 48 2440
12039 3 187
11963 171 8569
8419 0 41
9726 256 12850
10437 142 7113
8987 140 7039
10771 246 12314
13648 80 4036
10475 191 9582
12066 274 13718
13583 178 8948
10913 219 10990
9461 107 5356
13618 31 1587
9470 96 4804
9712 43 2151
13695 40 2010
11135 74 3711
10712 316 15841
9411 64 3245
13687 1 91
10800 21 1090
10773 82 4129
9324 39 1999
11957 71 3585
10858 124 6217
11972 43 2196
11564 26 1324
9030 41 2069
12070 163 8181
12110 219 10974
9545 218 10929
10611 103 5176
9470 46 2322
13505 9 470
12379 11 591
11911 16 849
9656 331 16595
8934 47 2378
9702 89 4495
12071 302 15111
13629 109 5467
9669 190 9544
10905 106 5347
10569 6 313
10623 15 767
8702 200 10015
8859 17 862
8589 168 8450
12441 401 20069
12441 401 20064
11111 92 4632
9726 186 9316
8918 122 6126
9068 41 2068
10765 13 670
9453 4 208
8690 164 8215
8746 85 4275
9281 70 3528
9404 126 6328
9639 216 10823
11879 128 6437
9326 37 1851
13678 133 6658
9656 331 16596
8537 268 13437
11001 14 733
12377 5 256
10434 95 4796
9188 123 6198
9285 169 8490
9341 217 10886
9651 107 5360
10579 9 460
8687 212 10635
9505 219 10970
9516 249 12491
9681 80 4010
9651 355 17770
9405 11 571
11879 244 12207
8458 80 4050
9583 500 25003
13656 12 645
9621 20 1044
8697 122 6121
9444 326 16338
11728 218 10912
9080 31 1577
10765 12 643
10660 327 16356
8416 80 4033
10905 111 5582
8936 111 5584
9567 156 7834
8433 205 10282
10480 111 5578
9677 55 2753
10623 19 956
13695 99 4991
11678 8 448
9345 62 3113
9225 131 6574
10771 244 12207
8784 57 2894
13467 144 7244
9679 46 2334
9394 126 6323
10906 221 11084
8433 97 4896
10355 265 13286
11884 261 13056
11995 33 1682
8419 3 155
11278 82 4137
11930 57 2859
9470 96 4822
9454 105 5270
11601 165 8274
11002 3 196
11096 50 2503
10727 117 5852
9470 91 4582
10442 10 503
9457 86 4310
11707 134 6743
10688 84 4245
11291 33 1685
10756 75 3792
10646 97 4882
11080 277 13889
11514 32 1639
13676 15 793
12517 239 11969
9345 207 10396
11519 72 3637
8750 216 10822
13618 31 1562
13616 245 12282
10592 298 14910
10811 48 2449
12073 98 4922
10569 4 231
9247 42 2114
11576 29 1483
9035 138 6909
11963 79 3969
10906 207 10377
9651 129 6455
10883 165 8274
13620 53 2663
12538 3 199
11913 137 6859
10950 18 920
10611 99 4953
11842 49 2488
10449 206 10323
12383 7 389
11763 108 5424
11230 17 878
8889 67 3386
11519 192 9618
11075 12 647
12438 12 649
11998 57 2877
11187 230 11509
13542 138 6906
9651 186 9313
10442 11 584
8853 201 10058
10832 61 3063
10434 105 5254
10593 79 3975
11889 11 597
11617 179 8973
9090 135 6787
11759 25 1264
8716 95 4792
8471 20 1011
11957 71 3571
10712 307 15357
9557 1 89
11237 23 1152
11921 4 237
10711 101 5091
11551 92 4618
8918 122 6120
9545 218 10950
12542 164 8224
10592 296 14818
12404 82 4102
10660 239 11985
11186 108 5419
11565 84 4220
11922 13 680
8740 35 1759
10592 181 9063
9681 80 4030
9679 44 2241
12392 19 990
8958 221 11086
10606 3 162
10849 228 11406
9615 26 1341
13561 95 4764
11912 87 4391
10883 125 6298
11090 202 10130
10672 68 3450
13565 67 3370
8750 214 10722
13623 116 5828
10849 229 11488
9656 332 16620
8690 163 8167
9500 393 19655
11797 3 153
10913 222 11114
9533 14 713
9702 89 4470
9028 9 469
13683 10 530
10609 142 7130
11801 15 760
9461 108 5413
12558 18 935
9267 25 1261
9369 34 1743
13503 191 9589
8539 39 1999
12054 45 2282
10660 197 9860
13658 11 569
12542 164 8211
8416 128 6450
11998 399 19966
9583 202 10137
9384 55 2767
12566 251 12592
11087 18 950
11922 70 3529
11926 122 6143
12066 41 2065
10434 104 5229
10623 17 893
10712 318 15935
8740 37 1894
10551 117 5881
9439 117 5889
9239 149 7481
12379 96 4817
13504 74 3730
12066 274 13715
12070 130 6518
8416 129 6476
10838 50 2547
12066 94 4721
11673 43 2171
10822 66 3326
9214 128 6436
12557 71 3585
8446 311 15553
9072 127 6373
11599 61 3096
12039 99 4954
9463 91 4573
10838 50 2547
9702 88 4445
12392 8 450
10696 234 11721
12075 112 5646
11728 218 10912
11593 41 2071
12000 97 4880
13565 67 3384
8909 45 2290
9281 75 3796
12556 67 3357
9500 0 8
11237 23 1152
11891 130 6549
8957 235 11792
12543 131 6586
10864 114 5713
9439 115 5760
13586 0 21
13638 145 7264
9464 87 4394
8958 188 9442
8936 114 5712
8909 43 2167
9279 0 43
9726 184 9220
12066 41 2065
11741 26 1336
11543 122 6122
11601 297 14864
11668 71 3595
9457 87 4385
10449 207 10355
8585 35 1783
11243 82 4133
9028 9 469
13671 124 6239
9453 1 57
12369 58 2943
8994 24 1234
12558 18 920
11545 266 13345
9694 168 8440
10711 44 2216
12374 88 4417
10850 23 1159
10712 304 15245
13580 58 2934
12566 251 12589
9394 125 6292
8859 15 758
9507 243 12162
9386 18 938
12485 82 4136
13477 38 1924
11759 25 1292
13634 25 1298
9386 63 3197
8419 4 214
9583 215 10797
8894 30 1505
11924 8 410
9470 91 4582
10846 123 6179
9639 216 10823
13619 53 2683
11963 171 8569
9601 124 6246
11601 165 8275
11599 50 2532
9394 124 6203
11508 114 5743
12485 82 4121
12543 308 15411
8695 9 457
10998 69 3494
12482 295 14789
11601 1 77
11833 80 4035
11519 192 9650
8447 57 2888
9709 8 426
9668 118 5942
11135 74 3709
8935 111 5556
10750 12 644
8746 57 2859
9583 278 13908
10520 81 4093
10449 208 10437
10610 270 13534
10390 62 3103
12070 313 15678
11508 29 1456
12056 37 1888
11599 59 2978
11738 250 12502
11879 228 11404
12070 187 9371
11993 0 33
13536 74 3713
10729 51 2581
8957 233 11692
10800 15 756
10850 223 11169
11668 71 3595
12079 83 4178
9195 225 11277
8762 283 14178
9238 128 6428
13638 145 7264
9726 188 9424
10646 97 4882
9285 172 8610
9463 92 4623
10696 255 12765
9726 184 9220
13542 153 7692
11599 50 2523
10913 220 11009
10635 65 3258
11738 171 8580
9639 215 10787
11833 88 4443
8897 25 1278
9065 82 4131
13527 24 1225
8852 48 2437
9639 215 10787
11969 18 922
10712 314 15706
10716 144 7215
8762 282 14125
13565 35 1780
10727 117 5860
11887 77 3877
13635 72 3623
8735 4 247
10696 254 12740
10483 58 2948
8770 57 2864
12418 33 1693
11632 4 217
11884 249 12480
8707 6 307
11924 269 13500
11885 42 2135
11182 171 8551
11065 166 8308
9438 34 1740
9195 222 11149
8454 27 1373
10545 145 7276
9618 264 13201
12566 251 12594
13661 9 480
12520 12 647
9196 2 119
11709 57 2864
11989 81 4073
11866 71 3581
10837 142 7102
9542 293 14669
13537 1 90
10635 67 3359
11868 51 2574
9592 274 13739
13691 136 6843
9404 127 6378
10756 10 527
11774 30 1532
12449 147 7361
11776 47 2366
13671 124 6220
11885 82 4135
12039 3 186
12438 102 5143
8445 191 9570
12566 262 13138
11135 74 3708
8714 140 7007
9704 118 5908
9354 39 1970
9442 173 8685
11162 32 1629
13504 12 641
9694 167 8395
8548 103 5154
10449 206 10344
10848 110 5514
10998 42 2121
8934 47 2361
13616 245 12274
13676 50 2530
10449 127 6369
13564 7 355
13583 72 3648
10711 101 5070
8695 7 373
10692 103 5198
8936 109 5454
10905 106 5347
10625 233 11698
13467 147 7368
9632 128 6439
11707 53 2681
12565 123 6162
12071 302 15137
9267 24 1209
9615 25 1288
10449 206 10321
10609 134 6721
8711 0 30
13629 229 11488
12052 6 348
8529 276 13830
9037 236 11822
11763 76 3811
10578 17 881
12383 7 373
10471 35 1799
12079 100 5018
10437 141 7056
11619 3 192
8579 21 1090
12544 19 990
9677 54 2749
8697 123 6183
10648 53 2676
8746 59 2961
8862 133 6688
9238 131 6593
8697 123 6161
13537 1 74
11977 7 383
13626 45 2287
11066 91 4571
12079 61 3061
12560 86 4306
10747 50 2513
10609 135 6765
9639 218 10903
9679 105 5298
12540 12 607
11664 119 5986
12383 3 182
13675 235 11796
11678 32 1618
10624 176 8815
10850 78 3934
10519 71 3586
9620 301 15072
11001 13 658
11740 11 563
11866 71 3577
8915 113 5680
12566 262 13147
8936 112 5614
8746 208 10414
10483 54 2746
8879 106 5322
9583 205 10281
9238 131 6591
11965 420 21004
9061 53 2685
11977 30 1534
9196 3 162
9215 104 5245
9080 31 1577
9009 146 7335
13695 99 4976
11878 225 11293
11278 224 11220
8994 162 8116
10858 128 6439
11532 49 2489
8996 292 14602
11087 18 947
10748 65 3274
10822 68 3436
9677 9 494
10660 324 16209
9090 136 6814
10635 65 3265
10688 83 4154
8996 290 14501
13692 71 3587
11169 129 6482
10660 241 12076
11972 68 3432
12496 103 5192
10624 176 8836
13623 82 4139
11972 147 7358
13618 110 5534
11174 1 69
13538 13 682
9620 44 2217
11953 34 1728
9243 120 6018
12039 84 4234
10441 126 6320
9448 62 3119
9364 25 1298
8958 186 9335
13688 7 352
9030 121 6086
9394 128 6421
11879 40 2016
10660 241 12066
11589 59 2987
8695 22 1148
12073 24 1224
9615 25 1281
9369 34 1743
9515 102 5107
13477 99 4977
8541 25 1261
9210 0 35
8810 90 4510
8862 49 2463
13634 25 1293
8735 5 289
11921 169 8468
11075 12 626
11664 89 4454
10966 251 12579
9470 48 2402
11087 47 2362
11196 28 1437
10449 287 14375
8918 123 6167
11820 253 12693
12077 166 8347
8433 204 10235
12404 29 1499
10483 57 2896
11924 8 424
11751 220 11039
10845 192 9648
9225 129 6499
12517 239 11964
10708 39 1995
10434 21 1052
12508 99 4978
9405 12 610
11564 94 4713
10483 58 2926
10822 68 3407
11551 108 5436
10390 63 3156
13619 53 2667
11933 224 11214
10592 297 14886
9470 46 2304
13582 16 802
13678 34 1707
11842 15 788
9542 297 14890
10822 68 3448
10696 234 11711
11673 29 1467
9605 51 2589
10449 127 6391
11842 15 752
11091 165 8284
9304 107 5370
10390 62 3103
9519 255 12784
13580 58 2907
11779 0 24
11119 115 5798
12000 65 3283
9637 84 4218
9196 1 76
13692 71 3566
11935 247 12396
9486 213 10673
9341 216 10810
10592 180 9031
9196 0 46
11984 87 4394
10590 43 2164
11774 4 228
12000 46 2344
10501 46 2323
9298 27 1380
12442 179 8990
8902 34 1705
8964 184 9231
11078 20 1009
10578 13 675
8687 212 10606
11134 78 3934
9061 52 2647
10729 51 2557
11776 146 7303
9238 128 6428
9563 391 19591
10811 48 2420
11745 53 2698
10590 42 2133
8914 18 913
9601 120 6026
9702 78 3902
10737 287 14370
11792 16 846
8468 55 2758
10545 146 7345
12023 23 1153
11930 79 3993
12549 90 4543
8707 7 394
11527 1 99
11116 126 6327
10623 19 967
11933 128 6403
9072 128 6422
9651 130 6539
13564 7 360
8770 271 13551
11601 139 6998
8782 15 761
11589 210 10519
10711 98 4920
8915 119 5954
11926 6 305
10592 183 9182
9188 19 995
9080 34 1715
9030 135 6783
13470 46 2308
8697 123 6152
8746 59 2961
11779 6 333
11648 58 2919
11991 10 548
10906 221 11076
8915 121 6077
11564 108 5406
12079 66 3338
9505 216 10832
11194 1 86
13618 110 5534
11919 185 9257
12079 61 3078
9632 60 3012
9470 45 2253
10625 231 11592
11776 30 1506
9030 121 6098
8963 21 1071
11872 75 3797
9583 216 10804
11728 10 535
13583 178 8948
12000 97 4860
9515 98 4937
10837 142 7120
12073 65 3295
8902 35 1777
8720 163 8169
11993 0 5
9545 181 9085
9516 249 12483
11668 71 3591
9362 248 12417
9464 87 4362
11521 43 2182
11974 26 1316
11514 32 1641
8669 12 631
11965 136 6802
12095 133 6653
9196 3 161
11619 3 196
8702 198 9913
8433 202 10113
9028 8 426
11728 180 9007
10951 29 1469
11878 225 11277
12485 117 5889
11196 63 3159
11776 146 7303
10858 124 6228
10660 197 9868
11614 158 7915
12497 13 688
10593 79 3973
8700 206 10346
11512 12 608
11738 184 9216
12066 41 2062
8669 12 619
8762 305 15264
11727 288 14421
11995 33 1653
9473 20 1028
10434 21 1075
9717 309 15499
9627 16 833
12449 83 4156
8441 190 9545
10660 325 16289
12036 112 5624
10972 57 2851
8695 22 1147
10390 63 3192
10590 5 280
12504 149 7456
11187 230 11507
9028 6 315
10606 12 614
13565 35 1751
9533 14 713
9545 211 10557
11913 80 4047
11738 250 12502
8465 258 12917
10748 65 3291
13617 114 5729
11926 265 13275
11637 39 1978
11841 19 972
11066 91 4557
11965 165 8257
13491 59 2953
9327 11 591
10711 33 1665
10434 105 5278
11963 153 7675
13617 114 5703
9583 277 13863
8714 140 7007
10837 143 7199
13503 191 9576
12066 41 2078
12004 283 14173
10475 187 9355
8915 113 5687
13648 80 4003
11965 54 2731
11779 269 13469
11707 93 4693
13477 40 2011
9713 67 3375
10547 69 3483
11614 158 7904
11202 7 354
9195 224 11239
11792 11 554
13617 114 5729
10434 114 5705
8859 17 851
11080 3 194
11957 71 3566
10849 220 11028
11721 1 93
9439 117 5854
10747 19 971
8508 6 324
10858 128 6403
10436 305 15290
9579 45 2286
12549 96 4847
10906 213 10695
8922 21 1065
11867 69 3493
11187 319 15994
11845 29 1493
11963 359 17990
11664 119 5975
8936 113 5676
9665 8 401
12554 86 4327
12549 100 5050
13491 54 2744
9712 24 1207
8697 121 6075
11926 239 11987
12020 14 705
12449 83 4187
9438 93 4697
11614 158 7932
9516 126 6329
11529 28 1434
12383 7 368
9632 39 1975
10683 155 7773
11779 55 2799
8853 201 10066
10648 53 2676
11935 222 11132
11519 188 9427
8909 48 2430
11551 108 5404
9563 268 13407
13667 2 110
11707 131 6556
8994 163 8198
12004 193 9692
10665 240 12045
11821 94 4746
9583 281 14095
9473 22 1137
9267 25 1283
11529 1 58
9215 104 5245
11830 191 9574
11779 63 3192
8677 10 531
12392 19 993
8416 128 6449
13542 138 6937
10599 114 5719
12029 27 1363
12459 107 5359
11085 2 141
12091 185 9275
9717 310 15526
12056 368 18442
11913 80 4047
11551 106 5329
11527 106 5312
10606 3 156
13621 40 2034
9679 105 5298
11957 92 4640
9442 172 8618
10716 119 5972
9024 185 9263
8433 202 10112
8915 118 5950
11119 309 15483
10437 140 7036
12039 218 10950
10647 81 4057
12406 5 297
9675 2 133
13675 19 968
10858 124 6248
11094 115 5782
11521 43 2196
8562 154 7719
10705 2 147
8413 11 592
11998 134 6723
13675 19 986
10848 110 5545
11779 6 333
12383 3 181
9702 77 3854
9379 243 12193
12556 8 413
13634 17 884
8799 11 556
8852 37 1886
9379 241 12051
11879 311 15588
10660 241 12062
10593 72 3631
13588 4 231
8508 6 328
12542 19 951
8897 25 1296
10822 70 3529
8409 19 995
9080 33 1660
11681 55 2772
13623 97 4896
13561 23 1169
12485 117 5890
8804 126 6319
9037 236 11822
11685 123 6157
12070 187 9396
11998 134 6721
10590 43 2190
9464 85 4299
11709 57 2868
8915 117 5877
9345 208 10408
10574 24 1217
9254 23 1189
9681 79 3987
9535 57 2875
9344 244 12213
10850 225 11291
11976 371 18582
8409 19 992
10567 136 6823
12418 33 1672
8468 55 2751
9210 253 12660
13643 110 5503
10864 19 979
11921 288 14438
12054 152 7638
9470 165 8290
10471 35 1769
12543 131 6570
10938 37 1865
12025 86 4313
9444 327 16351
13688 125 6261
8894 30 1547
9515 104 5221
8416 80 4030
10931 103 5160
11786 285 14283
11094 91 4583
9065 95 4785
9379 242 12122
9195 84 4246
11707 1 93
10856 34 1721
