17620 199 9981
15335 257 12884
18011 82 4124
14740 39 1995
16581 23 1172
14191 33 1667
17125 97 4882
15776 5 288
18860 155 7777
18756 12 639
15074 56 2808
14771 129 6486
16031 68 3421
17394 2 128
14527 9 454
17561 212 10604
14338 54 2735
18653 175 8788
14921 7 352
17827 28 1431
15391 85 4274
18031 83 4200
17662 156 7805
18024 69 3487
17866 20 1006
16832 42 2125
14121 240 12005
17419 7 394
15458 17 858
16888 98 4908
17208 196 9827
16379 4 237
18752 259 12981
17034 59 2981
14263 103 5179
17116 115 5790
18499 343 17154
17283 9 492
18756 129 6464
16089 6 305
18246 20 1039
17371 382 19136
16583 258 12931
14377 83 4161
15794 176 8804
15923 484 24226
14290 90 4519
17260 25 1289
18756 19 975
15149 67 3353
16026 102 5149
14921 59 2990
16341 301 15085
15469 324 16244
17661 84 4203
17034 211 10567
18011 82 4144
15389 25 1263
18233 141 7083
16319 24 1218
17589 8 407
14286 12 624
16242 351 17584
15074 74 3701
16513 87 4379
16927 35 1778
18253 16 817
17089 9 454
15989 75 3762
16835 290 14529
17394 74 3717
14749 103 5165
15430 102 5110
18923 346 17337
17337 45 2255
16947 165 8264
14231 7 385
17834 52 2637
17753 148 7423
15318 147 7390
14641 98 4933
16847 140 7007
17371 149 7488
17260 11 573
18253 2 134
16265 12 621
15383 178 8917
17667 97 4880
14165 77 3881
15391 44 2238
16927 35 1778
18233 115 5788
16319 24 1218
16265 12 624
14543 140 7029
16544 73 3700
14333 33 1666
14903 119 5996
18244 214 10705
15713 30 1536
18021 138 6902
17494 155 7781
15074 118 5950
14986 23 1166
18021 138 6902
15322 28 1401
14218 250 12529
17300 4 232
15296 92 4609
18666 61 3058
14772 95 4762
17116 115 5790
14543 148 7431
18760 65 3285
14543 148 7431
14764 105 5259
17371 149 7488
17131 205 10257
18763 5 270
14942 65 3265
17172 28 1406
17829 62 3108
18021 577 28886
18954 245 12288
14986 250 12538
18244 14 750
15243 37 1851
16809 232 11625
16150 2 108
15391 187 9360
17829 62 3108
17875 355 17761
14772 46 2301
15413 54 2742
14546 179 8965
15382 209 10454
14165 77 3881
16847 140 7007
16262 49 2472
14816 243 12198
18044 412 20620
14450 77 3856
15335 257 12884
14902 213 10688
14970 13 659
16731 172 8648
15458 7 353
15447 46 2312
15909 67 3377
17834 52 2647
18644 159 7990
16761 361 18066
18210 7 385
18760 307 15392
18219 58 2904
18615 566 28332
16041 237 11891
17580 2 149
17339 314 15735
14623 249 12485
18021 662 33108
17662 176 8841
14611 60 3020
14338 174 8713
15125 186 9350
14543 148 7445
17327 39 1984
14736 86 4347
14356 301 15058
17493 226 11325
17855 240 12029
16697 129 6481
16458 31 1551
14940 101 5093
17270 35 1761
17125 97 4882
15946 478 23944
18021 662 33108
17753 148 7423
14231 7 385
17144 37 1884
14636 102 5124
15800 279 13984
18760 65 3292
17636 33 1671
17753 4 217
16150 2 108
18605 38 1929
17185 57 2851
17671 159 7980
16301 29 1474
18752 259 12981
15391 44 2238
16319 3 170
14277 35 1760
17636 33 1671
15464 234 11723
18756 19 975
17620 122 6137
18253 2 134
15800 279 13984
18712 71 3579
17195 86 4323
17696 8 427
16026 102 5149
16485 30 1509
17191 48 2427
14157 4 202
18021 662 33123
14764 53 2660
17270 47 2398
14901 38 1925
14527 70 3549
16295 243 12167
17495 139 6962
17371 149 7488
17776 5 275
14319 22 1103
16697 129 6481
17131 205 10257
17495 139 6962
18923 346 17337
17791 37 1880
15389 55 2796
15222 121 6065
17696 17 852
14558 110 5526
16042 34 1717
16526 30 1542
17028 212 10650
18666 51 2598
14161 109 5456
17089 9 466
15308 93 4683
15689 156 7843
17866 60 3018
18761 81 4066
18010 101 5099
16513 87 4379
18021 78 3902
16840 84 4212
16137 42 2104
17394 2 117
17089 9 484
15254 97 4884
18233 141 7083
14319 13 657
14564 19 1000
18021 138 6926
16219 258 12910
18604 16 802
16889 192 9635
17447 1 58
15061 244 12239
14707 30 1523
14816 181 9051
17394 74 3717
16583 258 12931
15484 289 14456
14157 127 6377
14191 33 1667
17492 82 4118
18712 64 3218
14771 129 6485
14746 279 13988
17191 34 1724
15413 54 2742
17028 212 10650
18760 307 15360
14270 16 836
14355 11 571
18044 522 26101
17394 155 7763
18021 138 6946
15469 324 16244
14157 78 3947
16118 250 12501
17671 346 17311
14425 160 8003
18249 7 390
14143 48 2437
18752 564 28246
14901 38 1925
14903 119 5996
18752 62 3147
18923 391 19597
16158 526 26305
14948 279 13998
16172 81 4095
15103 103 5181
15430 102 5107
17339 63 3179
15897 46 2319
14986 250 12538
16847 140 7007
15909 43 2172
14734 57 2874
18748 153 7659
14564 11 580
17191 48 2427
15154 233 11661
17349 61 3093
18021 78 3945
18712 71 3579
17239 106 5334
18779 453 22693
15859 154 7738
17535 50 2545
17125 10 529
18021 78 3902
15103 129 6480
15297 135 6764
17313 65 3266
18021 662 33138
14677 22 1117
17661 84 4203
18258 124 6224
14390 84 4244
18746 17 864
16947 166 8327
17662 176 8841
14143 41 2051
17958 22 1144
17662 180 9010
16581 26 1325
14281 183 9189
18746 17 864
14356 222 11117
14545 89 4484
14771 196 9836
14782 73 3683
15266 9 484
16137 42 2104
17495 139 6962
18752 259 12981
16047 5 300
17493 226 11325
14390 84 4210
18756 22 1144
17337 45 2258
18929 73 3680
17517 316 15826
14228 84 4245
17871 105 5261
18860 155 7777
17371 149 7460
14375 6 321
15074 74 3701
17005 92 4638
14277 35 1760
17260 25 1289
15689 156 7843
17313 65 3266
14641 98 4933
17172 28 1406
18929 118 5918
14319 13 657
14768 63 3196
17313 180 9022
15163 25 1291
16379 4 237
18021 577 28858
15989 75 3797
17237 22 1132
18577 252 12626
15689 156 7843
15446 39 1969
14375 114 5711
16227 11 586
18750 213 10663
18605 38 1929
18760 307 15392
15897 1 99
15946 524 26203
16761 43 2193
15154 233 11699
18685 484 24243
17394 2 117
18044 522 26145
18748 172 8624
18756 12 610
17344 1 100
14363 149 7478
18753 27 1365
17866 20 1006
17361 298 14913
15973 116 5839
15689 156 7845
17055 155 7795
18021 138 6946
14291 194 9707
17300 4 232
16761 43 2193
15382 209 10454
18619 120 6037
16298 17 891
14768 63 3196
14564 11 580
17834 52 2647
18685 20 1009
14121 240 12005
14263 87 4361
17364 118 5936
17349 61 3056
14363 149 7478
14768 63 3196
18028 305 15283
17313 43 2159
17312 115 5767
17978 315 15790
16761 361 18066
14157 78 3910
15464 234 11706
18760 307 15360
17791 37 1880
17343 26 1315
17620 199 9981
16265 12 621
17339 204 10219
17364 52 2613
18714 4 232
17514 61 3097
14270 16 836
14319 22 1103
15966 443 22191
14379 63 3170
17270 35 1761
16947 166 8327
17260 31 1595
16481 122 6145
16888 177 8856
14564 1 70
14190 18 942
17447 85 4274
16341 301 15085
15391 187 9383
16031 68 3421
16262 49 2472
16047 24 1239
15141 65 3280
18011 82 4124
16117 64 3237
18756 22 1144
18039 80 4026
17415 100 5008
17636 5 263
14290 178 8933
18685 487 24366
17208 196 9827
18923 645 32296
15828 501 25078
16095 109 5480
14921 7 352
14782 73 3683
14319 22 1103
17089 9 454
14921 59 2990
18492 143 7177
18024 127 6366
15446 39 1969
17514 61 3095
17394 155 7772
14545 89 4484
14942 251 12563
14915 1 64
15689 114 5709
18244 214 10705
15318 78 3932
15061 244 12239
14306 180 9031
14901 72 3631
18527 360 18027
14410 274 13720
15987 199 9982
14157 193 9669
14915 1 64
15689 156 7845
15130 61 3084
18712 64 3218
16481 122 6145
18034 101 5055
14143 41 2051
18574 230 11517
18632 127 6390
17034 211 10567
17636 33 1671
14921 59 2990
16526 30 1542
