16798 67 3388
14338 163 8171
14970 68 3425
16227 46 2312
15430 154 7703
16927 37 1853
14721 2 150
17589 8 450
17505 52 2643
18605 38 1909
17206 175 8766
14117 33 1658
18048 378 18905
14356 222 11123
16242 265 13280
15383 250 12508
17204 33 1676
15447 160 8006
18630 50 2509
14149 256 12814
15876 52 2609
18011 33 1686
18034 65 3297
17671 218 10945
18924 7 374
14369 45 2262
17237 235 11798
15127 33 1699
14970 86 4304
17055 128 6401
17973 22 1144
16733 5 254
17847 15 777
14825 59 2994
18481 113 5670
18685 484 24235
14664 151 7596
18210 1 54
18489 195 9773
17237 521 26056
15640 48 2402
17089 53 2677
15149 24 1204
14921 7 360
17055 93 4693
18922 157 7867
18011 39 1968
16676 153 7652
18630 50 2509
17875 375 18793
14319 13 699
15254 49 2478
18492 143 7180
14623 88 4427
15965 347 17388
16889 253 12670
15264 162 8134
14335 225 11277
14379 28 1410
14736 135 6783
17757 78 3946
18011 82 4143
18764 40 2001
14191 27 1391
14575 83 4169
15673 53 2689
17875 375 18793
17766 1 67
17116 67 3379
16835 304 15225
14281 88 4401
15801 79 3994
15130 61 3079
18005 23 1164
14216 17 872
14281 83 4164
17177 68 3415
17383 78 3939
15457 170 8505
15469 194 9707
14772 6 304
16867 271 13586
17696 8 425
18697 380 19030
18514 555 27800
16042 34 1710
17322 5 293
16172 288 14422
14149 0 25
18761 81 4064
14165 51 2594
15254 49 2494
18007 91 4557
14956 310 15536
17494 148 7445
18779 542 27146
17973 13 685
14403 63 3173
15464 203 10194
15130 50 2503
18931 62 3112
15279 30 1548
15862 296 14807
17336 3 185
17667 61 3074
15863 21 1095
15458 7 397
14774 160 8036
17667 127 6383
14764 101 5080
18031 88 4410
15099 36 1840
17336 3 185
16526 7 385
14546 151 7590
16410 193 9693
18009 22 1106
14886 55 2787
16798 48 2430
14733 0 6
14970 236 11815
17504 25 1258
14363 220 11020
18258 126 6328
15940 214 10702
15014 152 7648
15966 443 22199
18947 309 15473
18035 162 8137
15917 386 19313
15965 269 13478
18044 55 2757
14427 264 13229
17875 346 17317
18923 646 32332
15776 5 256
16832 1 98
18955 136 6805
14431 17 879
18953 355 17757
14231 19 986
17339 274 13726
14970 68 3425
16144 77 3880
15909 63 3158
16893 49 2484
15554 177 8895
18712 182 9124
16095 79 3972
16047 24 1249
16118 96 4849
18258 126 6302
14291 58 2933
14139 258 12913
14749 61 3077
17089 83 4194
14673 40 2005
17681 50 2533
16298 200 10030
14607 113 5689
18712 306 15322
18048 408 20446
18953 355 17797
16825 74 3708
14970 86 4325
18044 522 26136
17636 5 251
15318 147 7374
14942 251 12578
16497 20 1023
18481 120 6007
17522 18 909
14772 48 2422
15970 198 9932
15867 140 7013
14970 86 4325
18732 89 4498
16379 4 241
15689 273 13676
16432 19 978
17484 274 13717
14338 163 8195
14575 4 208
18931 126 6312
14338 232 11626
18233 141 7069
16042 11 562
15970 198 9915
18732 359 17991
14542 146 7309
15919 46 2304
18644 124 6237
15828 421 21068
15251 94 4702
15927 178 8911
17337 45 2257
14427 264 13248
18644 219 11000
15894 87 4384
18678 329 16494
15861 38 1917
16889 256 12809
17766 1 64
15987 177 8876
15442 109 5475
16118 225 11300
16341 269 13491
14564 106 5324
14915 206 10325
14782 108 5431
18752 363 18168
14281 88 4401
14157 193 9677
14948 279 13957
15469 318 15934
14291 136 6808
15965 347 17373
18665 130 6515
17874 19 968
18238 218 10907
18765 333 16693
18756 2 108
14623 249 12485
18860 29 1493
17847 15 779
18048 365 18258
18701 47 2361
17191 3 160
17337 31 1574
17344 30 1532
14223 55 2793
17482 139 6989
18922 418 20932
18910 160 8009
16344 54 2723
17462 12 604
14610 161 8064
18685 565 28262
14556 135 6786
18481 120 6011
14333 33 1678
15167 79 3998
14901 108 5439
14319 2 135
15940 118 5917
14263 285 14290
16979 9 486
15391 44 2213
14410 274 13728
17383 116 5811
14782 73 3683
14338 54 2716
14446 17 900
14746 147 7397
17371 55 2779
14458 32 1633
15273 178 8927
14458 32 1633
14191 27 1360
14458 4 205
18007 77 3897
18931 62 3112
14772 6 323
18040 73 3666
16845 271 13582
18732 344 17214
18028 229 11456
15987 177 8876
17973 50 2523
14458 46 2323
17696 180 9033
18031 21 1053
17447 62 3110
18514 63 3173
15591 28 1406
14356 120 6035
17046 51 2577
15469 318 15912
17177 68 3415
15783 85 4270
17493 193 9676
15236 65 3289
14377 83 4172
14190 72 3604
17840 156 7807
14903 79 3984
17667 97 4868
18752 564 28238
18481 120 6007
18044 55 2796
18910 79 3982
14410 178 8944
14736 188 9425
18740 45 2279
14450 228 11404
14774 241 12078
14901 72 3631
17260 30 1520
18860 29 1493
17875 421 21055
16733 5 254
17419 47 2374
14450 278 13928
18955 228 11450
17851 326 16324
17561 60 3038
15973 116 5830
15876 52 2618
18258 124 6213
14556 135 6786
17504 28 1448
16888 413 20670
15930 516 25831
17371 465 23267
16410 159 7994
15917 353 17675
18947 309 15473
14202 47 2379
18752 199 9983
14195 198 9918
18049 45 2262
15965 125 6264
18753 34 1716
16835 27 1370
15053 188 9447
17237 235 11770
18039 46 2330
14338 186 9312
15234 7 361
17361 155 7783
18632 156 7808
15403 174 8705
16458 162 8132
18923 623 31169
17361 200 10002
18481 124 6205
14367 88 4444
15733 4 215
15965 194 9744
17371 386 19334
14643 179 8952
14545 148 7429
17116 0 19
18045 49 2459
15713 2 108
15894 39 1997
18779 512 25647
17322 38 1938
17144 165 8298
15074 74 3706
15909 214 10702
15113 0 31
17851 259 12981
16379 32 1648
14772 240 12016
14527 76 3845
15251 108 5426
17791 13 662
17874 52 2612
14636 102 5131
14410 178 8911
16893 49 2484
16526 30 1541
18779 301 15061
18732 359 17958
15917 420 21042
17481 36 1810
17990 405 20276
15872 69 3476
18031 88 4403
17681 22 1132
17489 196 9807
14975 133 6668
16063 51 2588
16117 58 2940
17489 13 658
17371 465 23287
18756 129 6465
18756 128 6403
14143 61 3061
17462 19 959
17260 25 1261
16434 46 2330
15296 92 4630
15986 61 3056
18860 116 5822
18924 0 44
18752 310 15519
18779 453 22666
17530 110 5502
17313 70 3531
18750 205 10281
16835 304 15237
18497 76 3812
16301 272 13638
14764 38 1932
16809 232 11636
18922 599 29984
14427 264 13229
14446 17 885
17776 5 255
14269 140 7048
16434 46 2330
18732 359 17958
14148 73 3657
15919 46 2304
16058 22 1124
15828 417 20871
14611 110 5517
14157 93 4678
18018 46 2329
14986 80 4004
14771 82 4136
17339 127 6352
18923 644 32217
14231 19 963
17776 5 252
14543 148 7445
18763 5 274
18499 201 10066
17116 0 19
14664 240 12002
18712 64 3238
17237 55 2784
16835 187 9359
15987 345 17299
14157 78 3928
16485 30 1515
16341 269 13471
15254 64 3215
18492 223 11161
14445 0 37
16676 307 15390
18481 113 5656
15074 56 2829
18874 199 9989
14901 72 3631
16344 37 1892
15689 273 13685
18928 96 4849
16481 116 5836
17228 81 4077
16809 235 11785
15484 77 3858
14159 134 6723
15179 103 5166
15127 43 2160
14450 82 4101
14410 274 13741
14772 48 2405
15149 97 4872
14149 183 9177
16458 37 1881
17851 342 17129
18924 121 6065
18779 441 22065
14632 70 3527
18712 182 9124
17985 180 9036
16442 18 932
17337 11 555
18753 27 1387
15447 121 6061
18603 7 354
18687 3 180
16676 330 16535
17415 49 2475
14643 182 9113
16446 173 8700
17503 241 12094
14986 111 5593
18928 96 4810
15279 114 5713
14702 33 1662
18712 182 9138
17046 74 3745
15080 36 1832
18527 302 15105
17840 337 16895
14715 41 2058
17178 36 1809
17791 0 12
14543 104 5227
17300 18 939
16186 326 16338
15946 246 12332
15876 72 3604
16344 54 2723
17973 3 155
14363 149 7471
15442 171 8596
14774 112 5603
14772 43 2164
15115 139 6999
14976 54 2734
16832 1 67
14138 95 4762
17343 12 617
16798 19 951
17858 248 12422
15130 61 3073
14891 224 11229
17753 4 246
15061 252 12603
14243 33 1677
17137 91 4592
14816 57 2894
18481 113 5670
17850 28 1417
14369 45 2262
18018 46 2321
14774 176 8835
14722 39 1961
14749 61 3087
17440 165 8286
16927 17 887
14611 162 8118
18007 39 1964
14746 279 13954
17260 11 560
17191 1 75
15179 55 2754
14795 3 163
17636 35 1796
14277 3 199
16101 56 2812
14277 125 6300
17394 183 9171
18044 268 13443
17237 493 24658
18732 50 2508
15909 81 4094
15167 152 7636
14216 83 4169
18665 25 1282
18499 334 16712
15053 23 1159
17874 19 968
18929 220 11019
15894 109 5488
15163 71 3590
15234 6 338
15383 250 12508
17493 30 1544
18732 47 2363
14801 252 12610
17662 27 1355
17267 81 4094
18499 334 16712
14377 113 5691
17089 1 87
16845 143 7176
17990 209 10493
17116 67 3372
17423 9 453
18574 75 3773
14218 200 10017
18527 576 28847
16826 173 8681
15940 123 6175
15251 55 2759
14774 241 12091
18481 91 4575
14403 63 3178
15989 500 25017
16225 155 7757
14336 88 4402
15696 27 1374
15286 201 10090
18732 509 25458
17875 421 21055
17239 163 8157
18010 101 5082
18024 69 3485
14195 198 9925
17620 199 9977
18665 11 598
14369 45 2262
16051 206 10349
14636 102 5127
16209 23 1151
16355 47 2394
18953 328 16446
17116 0 35
17874 20 1043
17237 442 22129
18514 28 1433
16526 43 2178
15163 71 3578
17667 97 4860
18034 65 3297
15335 54 2747
15113 43 2161
18764 32 1614
15442 171 8593
17344 30 1521
18040 5 297
14782 73 3654
18028 229 11456
18732 104 5240
17578 6 317
16921 125 6294
16506 80 4031
14707 49 2489
18763 0 33
14564 104 5204
17462 3 186
17875 223 11188
16144 77 3860
14446 17 876
16889 245 12294
16947 165 8288
15941 23 1174
16144 77 3898
15783 317 15855
16265 16 813
14664 240 12023
14223 55 2793
14623 288 14404
17326 59 2951
15179 55 2754
14425 145 7285
17177 37 1880
17322 35 1791
14202 85 4298
16893 11 582
17875 330 16511
15113 0 31
18765 291 14575
15014 163 8151
15966 150 7522
17260 11 580
14697 47 2352
17206 175 8766
14146 56 2848
18024 364 18221
18011 33 1655
18756 12 602
14768 31 1571
15783 85 4268
17494 151 7556
14575 4 209
17028 300 15027
15923 381 19093
18955 136 6807
16041 237 11874
18632 156 7837
16117 58 2912
15713 2 124
14149 213 10652
18947 313 15699
15457 76 3845
18922 604 30242
14721 67 3390
16199 175 8784
18024 589 29462
16031 12 636
14564 56 2835
14824 187 9374
16835 304 15205
15273 178 8927
15909 214 10743
17191 31 1595
16878 168 8409
17339 43 2181
15828 417 20862
16689 6 312
17152 7 366
14764 105 5292
15970 193 9654
14436 201 10082
15115 20 1018
14319 13 690
17267 81 4080
18007 70 3529
17371 465 23287
15484 257 12856
15297 108 5403
15236 85 4255
17757 46 2333
14319 10 549
15355 14 741
18024 401 20051
18644 159 7982
17137 91 4592
15780 104 5203
17423 11 579
14874 46 2311
17457 68 3403
18603 184 9219
16225 249 12500
17364 105 5259
17366 51 2577
14228 84 4213
14886 129 6488
17423 8 425
16689 6 312
16761 55 2795
17479 8 416
17504 25 1258
18499 178 8949
17875 346 17345
18011 33 1679
14545 89 4479
18754 34 1739
18499 201 10071
17144 89 4463
14772 73 3655
16031 2 123
18219 154 7742
14592 10 515
18651 64 3211
14816 82 4107
14697 47 2393
18249 7 383
14355 2 117
17834 5 267
16319 21 1059
14161 86 4328
14772 43 2175
15167 81 4085
15103 228 11426
16341 269 13491
18644 124 6237
18712 138 6943
18756 128 6401
16840 38 1941
18924 7 374
16167 259 12997
17874 51 2591
17034 59 2951
15296 92 4605
14159 109 5485
15919 44 2250
18954 75 3790
18244 24 1241
17535 49 2481
18474 217 10856
14940 155 7756
16262 10 523
14157 193 9677
16431 95 4777
17481 29 1455
17592 136 6821
14921 59 2990
15469 324 16247
18492 238 11938
14403 59 2982
15673 53 2689
17361 185 9277
14190 18 923
17339 8 437
17517 316 15823
17095 97 4868
15862 296 14829
17419 28 1415
15863 47 2388
15328 177 8864
16520 101 5065
17419 16 801
18752 564 28212
17992 78 3929
18926 21 1085
18928 96 4810
17208 139 6983
17116 0 3
14940 121 6098
15166 43 2182
14190 18 949
15774 111 5582
18481 124 6202
18220 103 5164
17973 50 2523
17005 100 5029
18732 104 5221
14642 3 163
18039 46 2330
15462 25 1263
14277 38 1906
16262 10 529
14379 28 1442
14549 210 10529
15640 71 3557
17603 17 856
17661 84 4233
14764 101 5080
14154 81 4088
15800 279 13985
15794 17 878
14546 151 7561
14306 172 8620
15383 289 14479
17603 20 1009
14886 55 2751
14246 193 9676
16265 16 844
14664 190 9523
18685 484 24235
16845 302 15110
16073 209 10454
15154 123 6200
17415 77 3881
15115 99 4971
16227 46 2312
14740 57 2883
16063 92 4642
14279 49 2490
17447 32 1648
15894 39 1997
14543 25 1292
14771 121 6074
17339 127 6352
16119 525 26298
18619 120 6011
17990 405 20276
17123 21 1070
17335 25 1290
15464 234 11731
15851 15 793
17522 18 914
18024 345 17278
17029 152 7622
18603 184 9225
14146 56 2848
14942 251 12583
16075 314 15733
14976 46 2301
17267 81 4080
16481 116 5836
15970 397 19861
15154 166 8340
14403 47 2360
15236 65 3257
14363 14 732
18514 555 27800
14707 36 1831
18238 176 8821
15987 210 10526
15053 48 2447
17029 60 3008
17371 29 1500
15640 48 2449
16506 161 8066
16867 271 13553
15294 66 3306
14363 271 13556
14279 248 12439
17662 32 1624
15447 160 8004
17636 35 1796
15290 29 1460
15154 123 6200
17990 254 12738
16526 18 924
17178 53 2679
16874 99 4980
14319 2 135
17046 87 4370
17339 199 9967
17344 30 1530
15425 177 8851
15442 176 8807
14218 82 4108
18665 25 1282
16186 124 6210
16047 26 1321
17985 286 14343
14403 47 2360
18007 77 3853
17237 233 11682
16733 18 916
18750 213 10694
14218 82 4110
18527 360 18031
16341 269 13491
18024 62 3148
14281 88 4432
17992 78 3947
17985 78 3925
16520 101 5065
15923 310 15527
18760 259 12960
15014 164 8217
16526 48 2415
16410 193 9678
15391 187 9392
14436 80 4043
16319 3 199
18010 101 5082
15774 449 22475
17985 150 7527
17874 20 1002
14610 168 8421
14746 133 6664
18779 32 1642
15696 76 3828
18474 233 11653
16431 196 9836
14733 59 2996
18007 70 3546
18049 45 2262
15696 8 447
14218 61 3095
17462 19 959
18035 78 3925
16836 80 4007
14970 86 4304
17875 273 13660
18752 363 18151
17658 22 1119
15127 33 1672
14722 39 1961
14746 133 6670
17336 1 91
16172 80 4008
18631 316 15839
14328 20 1001
18659 134 6741
14281 83 4164
15919 12 625
18031 88 4403
17447 120 6022
14336 88 4402
18929 281 14076
14157 49 2464
14425 145 7280
17337 31 1574
17208 254 12740
14377 107 5371
17177 68 3415
14333 22 1144
16167 56 2835
14213 13 659
16058 190 9544
14450 228 11403
17462 12 613
15166 162 8130
14886 75 3786
17633 74 3718
18631 316 15839
15130 50 2503
17479 8 416
14942 77 3865
17300 18 942
15846 89 4482
18685 484 24211
16101 56 2812
17978 278 13943
15154 84 4201
16058 22 1143
16150 103 5161
14286 8 402
15409 84 4220
16753 62 3105
16042 11 562
14277 125 6300
15862 284 14233
17164 138 6908
15469 324 16247
17178 83 4151
17338 10 519
18732 89 4474
14269 41 2085
17239 128 6433
15234 43 2171
15987 233 11666
18527 302 15147
17972 164 8237
14546 112 5615
17053 11 578
16581 23 1172
15322 54 2746
14338 232 11626
18049 21 1096
16845 449 22485
14764 5 271
18018 46 2303
14729 21 1071
16783 45 2286
17206 326 16331
14816 106 5309
16199 309 15473
16832 1 80
17992 82 4127
16845 143 7183
15328 15 792
17530 7 397
18040 73 3661
18034 101 5073
17840 156 7815
15511 202 10105
17228 55 2789
18860 29 1493
16493 22 1118
15828 145 7277
14524 36 1845
14722 63 3174
14231 10 524
16432 19 978
18027 37 1876
17364 6 338
14338 122 6110
15846 116 5833
14190 18 923
15774 449 22451
14722 54 2743
15318 156 7830
17696 33 1670
18765 74 3737
14542 284 14215
15391 198 9942
15113 0 14
18907 107 5382
17269 170 8513
17137 91 4592
16137 90 4527
17871 105 5290
14246 122 6118
16867 155 7786
17766 33 1695
16205 239 11954
18011 39 1980
14390 84 4210
16172 288 14422
17055 428 21448
16835 38 1930
18779 551 27562
17522 18 909
17679 10 548
18741 8 406
17344 30 1530
18928 96 4802
17055 128 6428
16889 245 12294
17620 122 6109
18010 81 4064
16893 53 2660
18712 306 15340
16319 24 1206
17322 35 1794
15783 230 11503
16442 18 917
18947 40 2034
17333 55 2767
14542 284 14244
16442 57 2863
17361 56 2831
14410 290 14513
15863 21 1095
18007 77 3891
17394 2 106
14269 41 2069
18631 316 15850
14379 28 1442
14409 176 8815
18910 160 8044
17068 27 1384
14138 95 4762
15446 39 1951
17177 37 1891
15425 13 676
17990 209 10477
18010 81 4062
14263 103 5179
15318 156 7823
18732 509 25473
14736 188 9449
17874 19 995
17503 163 8169
18481 124 6240
15774 93 4698
18712 64 3238
18605 38 1922
15917 420 21023
16825 29 1473
18907 107 5382
17990 405 20276
15266 9 464
17140 62 3135
18630 52 2649
14269 41 2085
14450 278 13931
15484 290 14537
14632 79 3956
14986 282 14144
14410 178 8944
18024 401 20098
17195 117 5873
18516 202 10117
18753 27 1388
18678 329 16456
14543 199 9975
14642 70 3515
17978 133 6698
15970 136 6821
16965 322 16138
15425 122 6104
16026 15 756
17681 22 1142
17603 26 1321
16432 13 676
18732 344 17214
16893 11 587
17300 18 901
17335 46 2321
14335 220 11048
18007 39 1967
15163 42 2136
17191 3 200
17696 176 8837
16878 158 7921
14450 1 81
17866 60 3022
15677 246 12338
18492 238 11934
14379 210 10527
18024 364 18205
17875 375 18793
14824 305 15263
14611 157 7862
18474 217 10859
15446 21 1066
16167 259 12985
17990 284 14229
14819 10 533
17636 35 1773
17866 60 3022
15234 43 2176
14328 23 1172
18527 302 15119
14190 18 949
18219 152 7650
18644 124 6233
14336 55 2765
14886 105 5289
16344 20 1032
16041 195 9752
18481 113 5656
18244 34 1744
18018 46 2321
16878 158 7941
16927 21 1085
14195 130 6509
14942 251 12583
15442 171 8593
17992 15 781
15689 273 13674
18049 45 2297
18527 360 18003
14527 76 3839
18922 26 1311
15640 71 3585
17095 97 4861
17875 405 20266
17522 90 4503
14425 205 10275
15591 179 8975
18497 65 3254
14543 104 5231
14431 72 3620
15053 23 1173
15458 7 373
17590 15 763
17791 30 1524
18732 50 2504
18492 143 7180
14139 117 5872
17164 138 6936
17177 37 1880
16889 192 9635
17326 12 605
17423 9 455
18924 121 6065
18024 401 20056
17053 42 2147
14445 0 37
14338 54 2723
16150 273 13688
18923 346 17347
15383 30 1524
18779 32 1629
14190 72 3625
15923 192 9645
15130 50 2519
15430 41 2092
15154 8 433
18701 220 11025
16442 80 4013
17366 23 1168
14151 70 3538
15166 43 2179
15989 424 21232
15154 98 4947
14986 140 7045
17322 5 293
17696 180 9028
18527 545 27268
14774 176 8834
17152 7 366
18011 35 1755
17462 3 186
16836 51 2590
18499 220 11020
17972 129 6480
17851 259 12963
18756 111 5558
17338 86 4309
18244 109 5466
18922 26 1311
14149 188 9449
16845 143 7183
15867 140 7013
14768 52 2643
16832 23 1186
14736 213 10695
18249 7 383
17260 11 582
18027 54 2731
14329 227 11390
14427 143 7166
17335 93 4685
15973 116 5839
18011 35 1788
15382 185 9252
14269 39 1998
14564 10 535
18929 220 11019
14893 247 12378
15910 229 11491
18631 316 15839
18040 86 4320
18933 57 2873
16172 472 23601
18631 369 18463
18754 34 1715
18740 45 2295
17985 167 8378
15876 51 2552
14409 199 9981
14319 22 1136
17846 50 2539
15927 57 2874
17972 164 8214
18481 38 1924
18516 367 18361
15511 81 4092
15923 155 7791
15923 155 7791
16835 38 1904
14281 88 4432
14446 17 859
14269 65 3257
14223 55 2774
16526 24 1234
15859 289 14495
18044 419 20962
16809 232 11605
17482 160 8012
14643 179 8980
15859 338 16930
15228 70 3523
17361 298 14910
18929 118 5918
18474 217 10856
14968 127 6393
16947 176 8805
18666 61 3065
14747 39 1964
17237 22 1115
14795 3 190
14741 201 10073
14277 125 6300
18750 205 10281
15163 31 1579
18604 16 811
15469 194 9707
14664 190 9541
14286 11 563
14623 17 869
17312 206 10315
15941 66 3336
14213 24 1247
14270 254 12720
17337 24 1241
15413 54 2739
17620 44 2203
15919 36 1814
16832 1 98
14575 83 4169
18489 195 9776
14336 55 2765
14795 55 2751
14968 127 6393
17423 9 455
17251 215 10777
14270 254 12709
18644 124 6221
17206 483 24199
16497 8 427
17327 39 1970
17580 15 792
14446 17 851
15458 12 635
14546 27 1365
18933 390 19516
15783 85 4270
17633 74 3746
15254 60 3027
14733 20 1046
16298 200 10030
16431 196 9841
14286 20 1028
18764 32 1614
14117 18 906
15876 51 2552
14774 112 5603
17851 324 16224
15486 372 18635
17243 43 2156
14431 17 898
17419 16 801
14410 178 8911
16867 271 13553
18955 251 12551
17494 24 1230
17300 11 567
14218 250 12505
15733 13 668
18001 1 87
16227 28 1420
18748 153 7665
15774 111 5554
15167 79 3998
15383 77 3852
16242 351 17574
15894 39 1997
18765 333 16693
17440 165 8286
14277 0 12
17834 63 3181
17990 428 21415
18031 83 4175
14592 10 505
15430 41 2095
14774 187 9400
18210 7 393
16186 309 15500
16319 21 1067
15149 49 2457
15458 7 381
18010 101 5062
15383 18 920
17978 133 6671
14151 70 3506
15328 62 3142
18701 226 11308
15251 94 4730
15294 9 471
14736 213 10657
14623 17 869
18007 77 3853
15828 506 25320
15930 455 22786
16493 81 4089
15297 198 9938
14336 88 4402
16845 35 1798
18779 542 27146
15154 69 3480
16047 34 1705
17367 91 4586
15828 501 25095
15966 305 15265
16205 362 18103
14749 103 5165
18481 38 1940
17326 18 923
17055 433 21654
18527 302 15131
14795 55 2767
17371 55 2756
15154 43 2186
17636 33 1679
