15479 76 3842
17662 57 2889
17667 246 12336
14205 12 642
14553 294 14748
15128 177 8852
17137 16 818
13799 30 1520
18242 162 8140
14611 182 9120
17849 16 841
15652 20 1019
14281 158 7902
17701 55 2800
15593 178 8926
14555 273 13691
16894 89 4478
14673 70 3506
18495 82 4148
17693 153 7667
14067 192 9607
17849 103 5195
15386 23 1156
17637 115 5775
17208 159 7991
15961 352 17649
16023 300 15033
17560 41 2081
14939 67 3379
15274 35 1762
17029 99 4970
15391 285 14298
18021 222 11146
15466 256 12837
15350 239 11960
14750 25 1261
15676 184 9236
14985 30 1536
17497 160 8006
17726 74 3739
13929 12 650
14959 277 13874
16867 40 2018
16109 148 7414
18218 62 3126
15166 335 16760
18665 240 12014
14112 190 9510
17195 196 9849
14644 281 14081
15715 192 9620
17726 25 1284
14985 64 3211
13745 119 5996
14063 245 12264
17683 89 4483
17367 18 911
15086 30 1505
14067 191 9553
14067 58 2904
17077 61 3086
14555 141 7073
15785 74 3712
14814 114 5702
14009 90 4539
17666 212 10633
15639 169 8492
15257 127 6389
14598 46 2303
15017 116 5837
14438 74 3716
16852 197 9872
18910 157 7877
14108 121 6076
17371 269 13495
18261 4 245
18959 39 1985
15762 193 9697
15783 263 13176
18645 40 2041
17727 25 1278
15463 246 12350
14212 184 9234
17095 16 830
18492 323 16177
14030 58 2921
17323 27 1378
15917 285 14255
17648 0 35
15179 22 1117
17098 64 3225
17724 34 1733
17338 56 2824
17631 20 1022
13799 40 2034
15952 74 3719
18244 334 16748
18242 93 4667
16499 225 11258
15851 19 951
17024 13 678
18244 98 4934
13720 10 507
16356 17 862
18882 143 7154
17166 5 278
14617 32 1633
17137 61 3058
16471 51 2567
18794 162 8142
17325 5 260
14882 137 6883
18958 10 516
17596 47 2379
17243 13 651
16960 47 2400
18910 140 7024
18764 42 2110
17667 257 12871
13779 223 11151
18244 98 4934
15382 20 1044
18922 258 12930
13791 54 2750
13913 66 3342
14171 47 2374
17955 206 10319
13921 47 2358
16222 157 7861
14281 52 2645
18225 492 24613
17206 337 16875
14453 107 5381
16112 487 24400
16028 460 23019
14059 84 4213
15590 171 8554
17030 44 2213
17722 121 6069
14043 20 1030
18782 24 1236
14165 70 3505
18733 41 2052
16544 117 5896
16036 318 15910
15425 40 2044
13937 40 2015
18021 386 19340
16753 112 5618
18062 241 12096
14687 11 569
17973 27 1365
14597 65 3263
15715 34 1746
14882 96 4824
16226 66 3303
15179 22 1102
15103 106 5341
15457 194 9745
18242 101 5083
15099 35 1754
17514 86 4341
15415 52 2615
17755 14 737
15149 22 1132
17524 79 3993
18218 160 8003
17255 14 741
18678 302 15150
15360 137 6898
18062 241 12060
13982 100 5044
16867 40 2002
14413 2 111
17029 179 8999
17186 32 1631
17521 50 2510
16809 240 12038
14152 47 2354
17271 93 4686
14453 169 8467
14912 134 6731
15969 105 5288
14030 58 2948
16073 105 5281
17869 42 2139
17998 125 6271
17271 12 614
16853 0 21
15634 158 7931
17479 7 361
18910 88 4402
17246 7 399
14550 280 14006
16358 49 2497
14882 92 4634
18933 66 3309
14103 75 3774
17978 221 11070
17500 67 3385
15888 24 1219
17243 86 4312
14446 11 552
14401 99 4959
15862 5 293
13895 41 2068
18574 393 19654
14539 50 2511
14543 95 4754
15931 42 2138
16875 22 1102
14063 92 4613
15403 149 7471
16232 186 9334
15222 99 4975
14093 136 6838
15116 281 14055
13707 126 6305
14729 133 6687
17555 1 51
18929 173 8680
15267 77 3862
18018 43 2194
18779 86 4345
14464 124 6202
17306 68 3431
15927 320 16035
13779 87 4389
18676 493 24675
14874 17 851
18574 340 17024
15417 7 396
13991 33 1655
15656 48 2406
15792 222 11148
18615 319 15957
17055 295 14781
17034 64 3203
18466 48 2418
17132 205 10267
15762 40 2050
14205 27 1364
17128 108 5401
16101 44 2227
18773 30 1506
17662 129 6495
17791 2 112
13895 42 2127
15125 134 6725
17998 145 7287
17545 10 501
17686 28 1413
18527 674 33705
14603 15 792
18760 149 7478
18265 149 7459
14750 22 1135
14592 49 2462
18044 230 11543
14063 92 4613
17594 72 3624
18935 174 8724
17662 57 2865
15416 85 4270
14543 132 6635
17874 3 198
17204 43 2176
14725 16 829
14553 197 9894
14212 222 11143
17761 63 3196
17410 60 3035
13763 247 12396
18701 8 425
14229 7 400
17108 25 1259
16551 373 18691
17302 46 2313
17195 209 10497
15417 24 1244
16847 0 7
17648 10 512
16411 87 4384
18794 56 2827
15859 109 5467
16948 103 5200
13965 7 377
18054 339 16998
13719 50 2505
14535 109 5472
17493 95 4794
17087 359 17961
17655 57 2885
18692 299 14987
14080 240 12026
17186 2 119
17126 45 2280
14924 135 6787
18463 177 8875
18733 50 2541
14726 94 4714
16741 40 2005
13809 135 6798
14569 77 3897
16172 380 19021
13762 27 1386
17739 23 1192
18044 468 23427
17996 103 5172
15986 191 9558
17987 18 941
15966 369 18456
14882 169 8468
16339 207 10379
14152 47 2354
17667 9 482
14768 115 5762
16949 437 21870
16158 53 2676
14068 224 11247
17503 247 12383
18701 21 1082
14067 156 7849
14186 194 9745
18031 291 14584
16540 1 76
17861 396 19806
15464 162 8111
18927 65 3272
15427 12 615
17503 233 11673
14458 25 1295
16173 191 9571
14736 268 13422
16894 224 11211
15382 229 11464
16753 112 5643
15588 297 14857
15103 12 620
14802 301 15051
13739 19 991
14771 34 1711
13936 23 1170
17243 13 651
16094 534 26705
17137 3 151
17383 398 19912
17089 33 1699
14080 140 7049
15923 497 24871
14882 143 7157
17851 128 6411
18782 72 3647
16221 38 1944
16226 18 934
14549 217 10888
17695 1 91
17206 254 12733
18032 249 12493
14626 143 7195
18935 31 1583
16853 63 3171
15074 15 782
16504 149 7457
15634 126 6312
17162 171 8557
17990 82 4142
13720 10 512
17243 84 4214
13805 282 14127
16513 15 778
17422 26 1342
15785 59 2984
15254 143 7166
17521 34 1707
16228 230 11521
14874 178 8945
17029 179 8999
17243 78 3907
17528 24 1227
15391 201 10077
17314 66 3341
14975 102 5141
15151 283 14189
17791 48 2445
15851 92 4621
17422 0 16
13913 91 4572
18527 466 23302
14108 112 5625
17451 23 1153
16874 403 20189
14458 37 1861
18933 332 16630
14036 12 622
13762 57 2894
16148 220 11044
15593 167 8389
15792 222 11148
14965 203 10178
17667 246 12336
17204 108 5409
13861 28 1412
17489 147 7356
18685 501 25094
18794 112 5603
14362 75 3786
14392 238 11947
15806 14 720
15308 46 2322
18469 44 2226
15867 111 5555
14030 74 3713
14715 57 2871
15130 26 1318
14551 50 2549
15086 30 1505
14375 133 6695
18794 85 4256
16759 7 397
13767 46 2305
15785 256 12827
17986 72 3617
17696 53 2695
14784 9 488
14080 140 7049
18714 175 8795
17598 18 917
14021 75 3786
17166 8 434
17514 3 169
18054 436 21821
15894 118 5904
17793 41 2064
17986 186 9348
18235 236 11827
18202 89 4459
17648 13 693
16271 82 4150
16122 161 8063
18733 7 355
17213 81 4063
14569 159 7995
15409 17 857
17367 18 911
13993 79 3970
16158 182 9101
16119 463 23166
16845 113 5675
14771 214 10721
14067 47 2373
16152 111 5555
15222 99 4975
15923 344 17214
14372 13 663
15339 28 1433
15800 206 10327
15701 510 25547
15867 64 3235
14464 66 3342
16158 32 1619
14446 18 912
15395 29 1492
17255 43 2152
14965 141 7064
16852 70 3523
17354 40 2032
15923 248 12427
14736 271 13569
15116 281 14055
16158 211 10594
18795 1 73
17693 82 4125
18955 117 5851
18761 40 2037
13791 195 9751
15923 451 22592
14080 205 10277
16849 118 5932
15456 184 9214
15762 63 3160
15267 77 3862
17529 22 1123
15592 8 443
17524 137 6873
17630 122 6148
14107 89 4458
15491 46 2348
15592 59 2997
17960 207 10385
15862 287 14383
16172 377 18856
14007 4 226
18267 25 1261
18733 25 1262
18235 236 11827
18495 105 5256
18794 7 365
18021 536 26826
17614 117 5872
18910 140 7035
18488 314 15706
17312 203 10159
15409 6 337
15762 330 16544
15851 19 995
13745 39 1967
16118 120 6040
13923 25 1264
17344 118 5927
17986 10 510
14467 293 14677
15588 297 14851
15931 14 743
14631 27 1362
13950 180 9029
16021 219 10980
17087 316 15811
18034 62 3102
17849 118 5901
14549 217 10872
17637 16 811
17840 200 10035
17087 45 2280
16867 100 5017
15436 119 5984
17029 99 4998
14580 143 7187
13937 60 3014
15430 57 2895
16226 18 939
18229 1 60
15771 58 2919
17166 5 273
17220 23 1199
15486 320 16002
13739 19 952
14981 63 3181
13707 121 6087
17206 388 19415
15442 51 2567
15174 53 2696
14350 42 2149
14631 257 12883
15762 147 7376
16188 32 1615
16524 389 19498
16731 459 22979
17514 3 169
14981 199 9989
17497 197 9868
17401 8 431
18741 27 1400
14165 122 6135
16852 178 8930
14319 5 268
15397 152 7627
15004 12 624
14935 130 6516
17651 6 308
16172 229 11457
14372 83 4196
14725 64 3233
18645 68 3437
17410 60 3035
14631 27 1362
18032 270 13504
14784 57 2860
14686 19 999
15149 93 4697
15894 185 9260
14766 7 358
16867 276 13827
16317 67 3369
18733 43 2161
15482 116 5831
16317 40 2005
13714 113 5666
14789 112 5619
18615 438 21945
17722 121 6094
18488 559 27979
16894 20 1046
14959 16 838
14582 1 65
14873 249 12468
18794 162 8149
15166 350 17542
16051 85 4262
18577 291 14576
14123 114 5722
14334 72 3622
13709 18 912
17055 18 924
17578 11 558
13714 72 3631
17367 133 6667
18024 366 18343
15125 174 8722
17055 18 936
14539 234 11702
17978 126 6319
14392 88 4443
16013 212 10623
17691 19 953
16158 6 323
16825 99 4977
15167 36 1803
17851 113 5684
14632 102 5108
15634 126 6312
15959 78 3947
17648 12 630
17328 29 1484
13982 109 5469
16894 5 286
18233 171 8577
17847 57 2873
14580 5 277
16935 101 5055
13712 127 6380
14551 204 10239
17246 7 399
14009 63 3197
14673 57 2865
14468 26 1336
17087 317 15874
17169 23 1188
16051 85 4262
18678 317 15895
18753 57 2852
18225 24 1208
14801 240 12035
17691 55 2763
17965 15 751
17955 206 10319
14592 81 4061
18515 57 2874
14146 55 2771
14877 232 11614
14014 162 8140
14550 188 9426
18713 4 215
17686 274 13750
14558 147 7396
15916 290 14529
13950 180 9029
18910 77 3874
14569 77 3886
15828 249 12493
16052 464 23206
13707 144 7241
15851 92 4626
14291 138 6904
14749 4 215
15118 186 9339
16679 64 3240
17034 221 11096
17675 48 2410
14067 58 2904
14877 232 11626
17217 70 3549
15846 112 5635
16281 74 3718
15106 208 10420
17684 44 2228
15308 5 278
15946 534 26704
16471 80 4044
14007 121 6098
16028 226 11345
18039 110 5531
14543 103 5171
14882 43 2171
14543 95 4754
16976 36 1838
18024 291 14574
14873 291 14582
15154 74 3724
16894 89 4478
14750 17 895
17306 68 3432
17196 56 2841
17965 268 13432
15395 29 1497
17974 165 8267
15397 219 10977
18764 42 2137
17521 20 1027
17344 118 5927
15274 35 1789
16232 156 7825
14899 285 14259
16845 117 5854
15161 60 3017
16172 224 11235
15783 167 8382
14257 237 11853
17630 96 4848
17379 24 1202
14814 114 5702
17108 25 1259
14556 130 6501
17034 64 3203
15398 357 17862
17257 15 768
15464 162 8111
15116 282 14141
16802 234 11708
16169 78 3938
14998 67 3385
16513 15 778
16104 55 2773
13923 25 1264
15636 0 23
14985 64 3222
15828 302 15114
18765 320 16042
16101 81 4073
16169 362 18149
17365 29 1462
14789 122 6107
14209 120 6042
16891 131 6594
15397 152 7627
13725 194 9719
18228 117 5852
14641 193 9679
17724 50 2537
15111 289 14466
14375 133 6683
17111 182 9147
14611 182 9124
18938 4 205
17169 23 1187
18685 501 25096
16172 126 6312
14743 44 2201
18953 260 13003
14468 110 5505
15960 140 7016
18685 182 9105
17210 66 3336
17344 83 4184
16172 85 4294
16162 71 3586
16529 73 3678
17132 226 11306
14993 66 3308
18603 256 12823
15931 521 26051
14446 11 573
16960 3 187
17231 57 2882
15469 291 14589
14080 140 7049
14998 188 9430
18765 60 3006
15966 347 17363
17578 12 605
14550 301 15100
17344 118 5913
18673 52 2604
14760 3 166
17458 55 2787
18489 219 10983
17312 186 9324
17030 44 2224
17383 398 19943
15927 84 4248
14186 15 779
18527 716 35803
14739 5 292
13791 148 7430
18617 22 1110
15961 370 18539
16122 452 22631
16228 186 9302
15960 241 12059
18574 401 20078
15593 44 2243
16947 129 6469
14986 104 5241
15762 98 4924
14959 31 1580
15491 330 16504
17408 20 1019
18488 560 28039
15867 142 7129
15116 302 15131
16726 187 9375
15954 208 10415
17521 84 4211
17566 160 8035
16551 328 16431
17972 39 1951
15593 139 6951
17164 78 3923
16275 108 5436
14455 38 1907
16891 154 7712
17858 71 3557
14062 263 13194
16317 86 4317
14464 66 3325
18931 90 4510
17387 40 2002
15395 29 1497
17763 1 53
13714 113 5666
18947 143 7184
15774 490 24524
17978 135 6792
16013 212 10617
18018 43 2160
16168 44 2237
17853 2 119
13725 126 6349
18637 138 6907
18765 183 9192
14153 96 4841
16726 16 821
14007 29 1494
16946 130 6508
17091 64 3242
14184 34 1720
14998 17 859
18637 138 6924
15267 163 8196
16172 419 20974
18741 27 1397
18863 35 1789
14784 39 1954
15125 174 8736
15783 233 11683
14392 96 4815
17596 33 1686
18646 65 3289
17367 90 4540
16499 224 11221
16109 148 7414
17541 18 945
14956 309 15457
14136 26 1317
18574 401 20078
13865 89 4494
14335 232 11609
14535 156 7819
18286 78 3911
14068 68 3407
14771 214 10721
18678 317 15895
13715 53 2674
16845 199 9971
17210 229 11487
17871 250 12539
13736 51 2587
15396 38 1948
18218 300 15001
16679 64 3227
18882 106 5340
17302 78 3918
16221 23 1183
17137 146 7333
16162 0 50
14743 187 9364
14590 92 4617
18631 178 8936
17479 21 1091
15923 344 17224
17693 163 8198
13766 118 5929
15762 80 4004
16228 230 11521
16520 37 1864
14107 72 3619
14024 10 522
15677 229 11489
18732 16 840
17186 32 1631
16122 161 8063
14007 84 4216
15762 296 14813
18953 116 5827
14157 60 3039
17166 0 29
18741 27 1397
15099 118 5948
14306 198 9916
17662 64 3227
15330 96 4825
15808 31 1561
13907 16 837
13862 4 250
16107 33 1695
15592 59 2997
17111 105 5275
17478 125 6285
14924 135 6790
13945 285 14264
14690 26 1326
16750 1 76
17373 136 6818
15862 5 288
17578 2 140
17322 53 2655
13942 75 3761
17401 98 4942
17137 83 4169
15961 71 3562
16852 311 15591
15473 57 2881
13736 177 8856
15291 232 11620
16172 465 23283
17367 133 6665
14044 32 1646
18010 225 11255
13732 33 1671
14455 95 4797
14458 83 4184
15411 113 5684
15792 222 11149
17030 93 4677
15111 71 3568
17365 29 1487
17087 361 18080
16188 159 7960
18527 716 35803
15004 10 513
17563 79 3968
18527 674 33741
13864 55 2781
18752 161 8067
16529 38 1905
17255 24 1224
15701 218 10927
16094 534 26719
16118 79 3963
15440 26 1320
14392 24 1201
16028 421 21100
15411 151 7597
18048 89 4465
14350 32 1636
14597 27 1368
13709 114 5705
16731 459 22995
18760 150 7503
14739 5 292
17655 410 20528
15478 157 7892
17506 69 3498
16504 94 4744
17474 46 2335
15987 258 12940
15315 6 336
18574 401 20078
14377 130 6547
14438 22 1123
18756 54 2708
17004 286 14311
13861 148 7440
17521 84 4206
17560 138 6941
15976 72 3606
14122 45 2281
17985 229 11488
18733 50 2530
15177 20 1020
15923 48 2405
14882 57 2859
17955 206 10319
17986 10 510
15590 71 3584
14140 33 1691
18044 230 11543
17500 18 918
18779 17 897
15783 213 10695
17451 326 16331
15103 106 5341
14677 0 9
18048 260 13033
14030 50 2509
16172 413 20671
14749 223 11164
17098 64 3206
16520 27 1362
16676 68 3406
18463 177 8887
15783 233 11683
14766 7 374
18497 206 10345
15636 13 684
17641 18 929
18054 264 13242
17166 8 434
16466 88 4401
18463 177 8875
17620 227 11384
14549 83 4200
18741 27 1397
14093 182 9122
18021 77 3899
18615 231 11567
13707 144 7241
15426 151 7552
15931 521 26051
16778 73 3674
16962 10 547
17475 164 8213
15774 249 12481
16894 134 6727
18005 180 9028
13709 30 1548
18741 21 1073
15397 226 11350
13913 55 2792
16875 22 1102
15701 255 12789
13732 99 4966
17726 126 6350
17467 80 4029
15411 153 7690
15079 15 795
14677 29 1499
15222 54 2720
18603 170 8539
17435 16 831
17467 5 263
16228 219 10978
17220 23 1199
15783 362 18108
17987 76 3843
17965 255 12794
17497 197 9868
16877 11 570
18922 196 9843
14801 39 1976
16075 341 17073
15391 201 10077
17620 69 3474
18005 112 5637
18021 370 18520
17302 51 2565
18031 138 6920
17698 6 336
17955 206 10319
17648 50 2549
17847 120 6032
18923 408 20425
17956 251 12584
14985 64 3222
14537 52 2650
15174 204 10202
17186 32 1631
18040 43 2165
14912 38 1911
17769 26 1341
18782 72 3647
14127 182 9137
15386 96 4820
18753 124 6224
18922 574 28707
16158 343 17184
15794 119 5971
17524 126 6312
14409 155 7756
13729 80 4045
14067 15 789
13929 10 508
17521 50 2510
18659 109 5483
16994 37 1869
17309 17 878
15774 343 17154
16339 159 7962
15146 61 3076
14024 24 1235
18048 267 13363
15592 66 3302
17851 58 2919
15436 0 40
18927 53 2668
18677 142 7149
14129 3 164
17592 125 6298
13762 64 3218
18765 60 3006
14281 52 2618
18678 317 15895
17309 43 2168
14729 188 9403
16894 135 6782
16158 108 5402
15386 23 1184
13702 164 8233
17663 21 1074
17678 37 1897
13937 58 2929
16962 10 547
14917 3 158
18010 225 11296
15792 76 3822
14956 60 3001
14535 109 5472
13807 98 4916
16513 15 772
15167 36 1825
14399 145 7286
15785 155 7776
17169 322 16141
18760 150 7515
14342 288 14421
15128 209 10496
16411 208 10432
17560 56 2819
18218 185 9255
14901 310 15514
18865 72 3629
18685 501 25094
15257 170 8531
18699 180 9037
14171 51 2560
14455 38 1907
17596 47 2355
15766 24 1240
14784 9 488
17871 250 12539
14874 239 11965
17451 311 15592
15872 38 1940
17684 75 3780
17858 168 8431
14401 226 11303
13709 18 912
14313 107 5371
17196 55 2782
16975 191 9576
14093 196 9841
16089 372 18641
13701 74 3734
18469 145 7285
18910 157 7877
14220 45 2288
18010 232 11603
17383 444 22219
17974 255 12761
13721 25 1296
15473 57 2856
16847 4 203
14607 67 3358
16317 40 2005
13715 92 4601
17615 4 218
14549 106 5301
16021 302 15119
16169 220 11036
18748 151 7573
13929 10 508
15440 44 2239
14080 205 10262
16826 362 18103
18765 320 16042
17630 23 1180
18510 339 16976
15252 14 731
14212 184 9213
13770 10 529
17177 10 516
15766 15 797
18010 232 11648
15061 181 9069
15161 79 3966
14431 62 3148
14924 228 11414
16506 124 6243
14220 39 1962
18574 349 17485
16051 85 4258
17125 21 1090
18910 157 7877
15783 215 10753
17865 22 1101
18795 167 8376
18612 93 4670
14592 57 2880
17169 322 16141
14812 89 4455
18039 12 639
14802 286 14340
14891 46 2326
13799 30 1520
15322 149 7496
13937 58 2929
16216 105 5251
18021 438 21935
15395 95 4783
18516 372 18637
15420 7 359
13773 53 2668
17166 0 29
15800 262 13146
13865 113 5661
17030 44 2213
15339 177 8899
17349 6 347
15246 124 6235
16752 10 501
16173 201 10093
15492 28 1429
14464 84 4219
17743 44 2224
18701 21 1068
13762 64 3229
18062 234 11702
18910 114 5744
14000 54 2719
15238 5 266
17858 64 3234
18048 89 4465
13762 57 2897
18692 139 6968
14401 91 4569
13929 0 28
15116 282 14141
13792 65 3284
18646 48 2444
13702 47 2367
14768 6 304
15382 239 11974
16726 143 7176
14451 15 799
13913 55 2792
17684 154 7731
15154 74 3705
13803 195 9797
15403 156 7802
17522 59 2962
15592 114 5738
16205 298 14913
17325 26 1337
15395 89 4461
14598 43 2191
16529 33 1660
17314 66 3315
14401 91 4554
13935 227 11399
15486 177 8888
13803 171 8564
15350 43 2176
16524 112 5615
18615 0 46
14007 126 6340
14043 57 2858
17144 22 1115
16112 487 24355
13861 125 6275
15074 15 782
17387 5 267
14191 209 10464
17849 2 142
16935 188 9430
16741 481 24052
14291 24 1201
15909 36 1838
14802 286 14340
15350 197 9881
13945 178 8901
14038 93 4678
14807 300 15022
14455 95 4791
16845 86 4320
16169 357 17899
18793 56 2829
15254 143 7182
16960 47 2400
14981 135 6796
13950 21 1094
14555 114 5736
18927 45 2276
14582 1 86
17614 211 10577
17648 13 693
13763 93 4674
17048 72 3640
16584 94 4709
16222 145 7251
13732 99 4961
17314 66 3335
14726 94 4719
13799 42 2111
17652 50 2521
15395 89 4461
15986 42 2114
17853 2 119
14736 256 12802
15382 78 3942
18031 225 11291
16073 105 5292
17598 18 941
14191 204 10228
14708 34 1715
17240 512 25612
18685 238 11921
15301 117 5862
16433 39 1951
15970 330 16544
16891 131 6565
15017 197 9900
18021 386 19342
18731 224 11225
15426 83 4151
17631 7 355
16109 148 7431
18244 143 7167
16935 364 18243
18024 366 18343
18024 291 14557
14897 153 7663
17987 18 931
18488 560 28039
14438 254 12714
16826 193 9684
17666 50 2527
14959 201 10075
16411 11 566
15154 74 3719
18676 558 27945
16348 98 4935
14007 0 9
16507 31 1557
15669 29 1455
14549 141 7053
14438 254 12710
17592 125 6298
17506 69 3475
17057 76 3821
14686 61 3061
16147 248 12404
14040 28 1427
17349 46 2327
17169 347 17378
13861 125 6291
17401 11 589
18574 340 17017
13805 282 14127
17996 103 5172
14271 253 12693
18882 119 5962
15116 281 14055
18771 51 2573
14026 98 4923
16852 25 1291
14122 36 1806
14375 78 3943
14619 151 7597
17307 126 6321
17641 31 1561
17302 43 2151
15428 62 3113
15486 227 11386
14413 2 111
13791 8 435
16731 165 8281
18506 79 3991
18218 219 10989
14293 70 3516
15774 343 17154
14209 79 3955
16341 416 20825
16119 524 26249
15167 20 1034
17874 22 1115
16094 534 26705
15676 184 9236
15166 149 7461
15106 240 12006
18218 160 8003
16112 0 36
18717 39 1981
17653 30 1530
15440 44 2216
15954 208 10415
17055 146 7334
17514 86 4341
14743 44 2244
18514 105 5276
15415 245 12284
16199 27 1370
18697 238 11923
17853 7 400
14409 155 7777
15416 122 6109
13708 85 4266
17098 64 3206
18021 370 18538
18862 391 19582
15952 132 6609
16499 514 25733
15160 61 3077
14436 300 15049
18717 43 2171
17955 158 7913
17985 159 7974
14009 97 4883
15961 391 19556
16169 301 15075
15900 138 6912
17960 207 10385
17458 55 2787
14124 108 5424
15916 207 10366
18244 284 14202
16965 123 6184
15086 184 9239
14935 290 14531
17426 2 142
16266 199 9973
15491 270 13510
15360 122 6137
17132 225 11291
16221 4 201
17693 42 2116
14569 77 3897
17726 15 774
13970 8 419
15492 32 1634
16965 123 6184
17169 322 16141
15174 105 5271
14007 121 6098
17592 93 4698
17592 76 3804
18955 222 11105
18679 105 5276
14399 17 851
18032 250 12517
13895 62 3128
18218 174 8740
16529 36 1841
14729 31 1560
15923 326 16347
14873 41 2059
15183 40 2047
13732 128 6414
14690 25 1260
18021 507 25380
15960 300 15015
14597 70 3547
17578 11 579
17479 6 315
16307 49 2479
14936 23 1175
17724 53 2661
17307 4 208
16906 32 1644
14436 300 15049
18615 438 21945
13763 131 6589
15114 98 4928
15478 226 11307
17615 4 218
14673 57 2879
15909 36 1838
16849 187 9390
14455 38 1907
17164 112 5639
18272 29 1477
15923 367 18396
14592 69 3490
17793 41 2088
15955 39 1987
18482 21 1051
15592 8 407
14690 21 1096
16228 232 11650
17144 21 1085
13773 252 12648
17851 58 2924
18225 79 3957
14686 79 3998
18685 501 25066
14580 9 493
17701 55 2752
18233 73 3655
17504 31 1590
17328 29 1451
16188 135 6779
17560 56 2819
17144 22 1133
17621 175 8796
17048 85 4271
17541 26 1322
15252 34 1728
14464 84 4219
14038 64 3236
14282 2 147
16852 70 3501
16826 362 18103
17217 68 3433
14040 101 5062
18713 4 215
17138 52 2603
15130 70 3521
17592 79 3993
15417 2 138
13792 118 5915
16529 91 4598
14000 57 2857
15397 53 2678
18026 166 8335
17144 118 5918
15507 4 206
18225 140 7049
18692 299 14974
16950 84 4214
14530 8 422
18701 116 5834
18495 102 5141
16845 140 7006
17095 130 6515
17840 242 12110
18031 262 13139
18034 86 4311
14418 139 6967
15507 4 226
14749 128 6447
13721 60 3028
14580 9 493
16348 98 4935
17524 41 2085
15966 18 906
13907 16 808
16199 126 6338
18603 170 8534
17243 100 5006
15923 367 18372
15128 229 11487
18218 300 15001
15386 96 4820
13799 30 1520
17108 32 1644
14912 148 7402
17722 3 153
18044 329 16458
16847 0 34
15722 89 4460
18724 33 1697
15701 332 16623
14537 52 2650
17686 274 13727
15308 5 278
16506 316 15849
16118 79 3963
18793 56 2839
14107 89 4458
18228 189 9475
18938 17 895
18218 341 17089
15901 183 9190
14617 32 1624
17369 26 1317
13709 30 1548
17684 150 7516
18651 172 8633
17257 15 768
18286 191 9561
14914 250 12532
18286 33 1673
18673 105 5300
14592 69 3484
13913 55 2790
15682 106 5305
17727 36 1849
18923 284 14204
13945 61 3070
18048 352 17611
18954 3 160
17451 311 15578
15416 77 3894
17522 15 800
16776 8 440
15106 17 872
17482 112 5613
18035 183 9151
17783 141 7053
14431 47 2391
18935 167 8376
16975 191 9576
15252 14 731
17755 14 737
17204 108 5409
15350 54 2715
15125 67 3362
15086 168 8436
14977 15 789
17530 69 3469
17986 227 11391
17472 17 896
16011 154 7712
17853 7 400
16109 148 7414
17312 186 9324
15722 36 1803
17983 27 1363
14009 63 3197
17975 72 3603
15806 121 6080
15234 174 8722
18760 149 7476
17545 59 2993
18645 68 3450
15722 89 4458
15469 273 13666
16544 102 5118
14165 54 2749
15395 87 4369
18488 536 26833
18238 255 12763
17314 48 2417
15291 204 10204
16802 234 11706
16894 12 633
14067 100 5034
17354 20 1038
18764 42 2115
13935 110 5505
17745 16 844
15291 125 6267
14729 115 5752
17591 86 4350
15017 87 4371
17955 72 3644
14229 61 3080
14026 39 1966
18794 162 8104
15799 193 9683
14451 15 799
14882 96 4824
15463 210 10547
17521 34 1707
13862 164 8228
14553 190 9549
18218 160 8003
17144 22 1133
17053 26 1347
18678 309 15489
15098 39 1967
18933 95 4766
17029 99 4963
13895 41 2068
18244 353 17657
16424 135 6782
18032 249 12493
17853 47 2386
17563 79 3964
17545 36 1802
18021 514 25705
15783 362 18115
17090 64 3246
18495 82 4146
17186 32 1631
15862 287 14383
17458 55 2787
17726 74 3739
17451 300 15024
15166 70 3531
16962 101 5087
18915 331 16583
18793 60 3003
15592 96 4815
14067 57 2885
18463 177 8888
17851 58 2919
15701 218 10927
18202 89 4459
15167 126 6331
15231 157 7869
17686 274 13750
14743 187 9364
17846 131 6560
18265 8 449
14582 60 3030
14555 157 7857
18244 279 13973
16576 37 1896
14771 214 10721
17251 180 9036
18935 391 19583
16466 56 2849
16094 464 23242
17648 50 2549
18031 274 13726
14763 30 1531
18282 94 4704
14186 75 3753
18527 279 13978
17569 18 940
18515 57 2895
18028 96 4834
14956 60 3001
14873 41 2059
17955 49 2461
14802 70 3539
17974 264 13213
15828 292 14603
17701 49 2462
16743 21 1061
15894 0 45
18054 447 22384
15507 4 206
14372 138 6947
15873 256 12818
15017 116 5837
17667 85 4288
18935 71 3575
16169 333 16688
17754 75 3777
18631 54 2741
14582 60 3044
15116 282 14141
17089 104 5238
14558 55 2763
16750 33 1656
15894 0 16
16122 108 5448
14093 182 9137
15417 2 114
15415 225 11269
16158 108 5417
16491 14 722
15931 0 45
17422 5 261
15794 56 2820
18010 225 11255
15715 197 9857
13862 79 3975
14446 24 1208
14891 10 515
17620 13 652
15961 188 9436
15592 138 6940
13970 29 1484
16743 21 1053
14912 75 3773
16960 47 2400
16172 103 5195
18959 17 892
17840 242 12110
17985 159 7973
14592 69 3484
17987 38 1904
18506 90 4521
15222 237 11875
15486 160 8050
18032 270 13504
16315 59 2969
17326 81 4067
18054 15 781
15915 129 6466
16579 51 2598
14007 121 6068
15423 41 2096
14124 108 5424
17596 46 2310
18701 21 1082
17383 412 20602
14335 160 8008
14446 15 766
17231 90 4509
18733 50 2530
18923 408 20441
18018 78 3902
15234 101 5075
18631 54 2736
14985 10 538
16910 171 8600
13982 34 1704
13957 2 132
14956 240 12049
18005 180 9048
16158 66 3343
17398 246 12330
17311 149 7470
14914 101 5090
15397 57 2897
15762 149 7472
14436 215 10788
15909 36 1838
14319 18 901
18733 47 2386
15961 188 9429
18678 327 16370
18495 102 5141
14975 102 5141
14043 39 1958
14901 7 396
17164 112 5639
16726 85 4270
18724 19 984
15167 9 498
17467 5 263
18026 180 9033
14392 214 10717
17614 35 1753
15242 182 9106
15017 122 6128
14038 107 5396
17985 229 11488
15931 198 9944
17986 186 9339
17661 46 2344
14096 91 4580
18497 351 17568
18268 5 253
14729 29 1472
15478 358 17930
17560 49 2462
16226 66 3303
16894 20 1046
17598 39 1995
16023 454 22703
14603 15 792
14067 48 2416
15482 116 5848
17557 17 894
16051 85 4262
16281 85 4270
14824 231 11557
16222 12 625
18923 291 14562
15917 285 14255
18263 126 6323
18265 208 10432
18021 422 21119
18882 58 2905
15411 153 7690
18218 216 10820
14297 138 6915
18489 219 10983
15339 180 9021
16889 250 12543
17874 3 197
18678 226 11338
16551 373 18691
13762 27 1386
15457 212 10636
16121 31 1574
16422 20 1029
14124 155 7779
17217 106 5328
17684 44 2222
14597 70 3547
15783 128 6433
16036 471 23578
14590 92 4641
15923 344 17214
16119 13 697
14530 8 422
13729 87 4361
14220 39 1961
18954 271 13591
18699 161 8089
13708 71 3584
16821 195 9751
15409 6 317
15322 149 7475
15902 214 10748
16199 27 1370
15382 184 9233
17990 100 5020
17239 187 9387
15877 245 12294
15792 222 11129
14357 5 289
17323 27 1381
18007 76 3801
17078 65 3289
16875 14 705
17524 127 6383
17985 338 16945
18954 115 5797
14715 34 1739
18044 230 11539
16731 418 20917
14293 63 3169
17169 23 1188
18286 58 2924
14756 63 3180
15527 19 996
13770 10 529
14108 88 4426
18935 71 3575
17793 41 2064
15527 12 625
16222 12 625
15715 65 3269
15154 74 3724
18760 149 7496
16052 208 10431
14725 122 6134
15872 38 1935
17830 25 1296
17206 104 5206
13745 197 9864
18955 54 2748
17684 89 4498
14220 43 2185
17972 157 7854
16891 243 12171
18057 137 6877
14431 41 2094
14335 160 8008
14172 46 2310
15880 26 1325
18021 454 22711
14784 6 327
14127 248 12445
14319 18 934
15792 222 11105
18712 409 20494
15592 175 8767
16292 76 3845
17089 49 2462
17128 148 7419
18527 279 13997
18574 393 19654
14611 182 9120
16228 40 2033
16228 158 7941
15965 497 24868
14043 57 2858
18510 339 16985
18637 138 6907
17869 42 2139
17766 43 2197
16960 47 2400
16221 1 64
13913 91 4572
14186 75 3764
15955 24 1226
14220 43 2185
14580 23 1180
18044 230 11511
16424 305 15286
17522 59 2962
16741 82 4150
18005 229 11484
17169 246 12344
14467 162 8149
13809 41 2099
15167 9 498
18510 256 12848
18244 143 7188
15251 159 7968
16158 66 3307
13803 16 838
18514 68 3425
17701 55 2773
14580 143 7158
15403 149 7474
17210 229 11463
14186 207 10352
14873 249 12468
16965 210 10503
16023 462 23148
16731 90 4533
14924 229 11461
16994 37 1869
14541 167 8386
14375 224 11234
15161 186 9317
17514 54 2739
16679 83 4186
17325 5 260
15222 99 4976
14375 138 6931
17325 5 260
16341 347 17359
17098 64 3206
18760 191 9595
15057 122 6132
14784 69 3474
17078 101 5099
13862 35 1800
13935 227 11399
13780 143 7156
14209 22 1111
17661 29 1458
17783 141 7053
18245 186 9349
14610 273 13673
16172 462 23122
16060 173 8676
16874 443 22196
17364 93 4684
17858 64 3201
17869 44 2244
16731 491 24579
16852 197 9887
14891 46 2326
18218 300 15001
15762 100 5005
14959 269 13468
17840 369 18480
15136 36 1837
15433 170 8506
17169 383 19157
14805 29 1498
18923 162 8134
18697 238 11904
14062 56 2820
15154 65 3261
13862 174 8708
18235 247 12367
17722 121 6089
15592 120 6040
16188 159 7960
18482 25 1254
17196 57 2899
13714 72 3631
17990 129 6490
14068 68 3407
17975 72 3647
13763 244 12229
14977 20 1045
17544 8 433
17655 393 19654
13929 10 508
17973 36 1807
15989 440 22004
18713 7 371
18574 340 17017
14607 47 2365
17307 17 896
16776 222 11135
18527 716 35850
18026 166 8335
18959 17 867
18021 260 13030
14306 198 9910
17987 76 3828
17596 47 2371
14555 273 13691
17563 79 3964
15409 6 337
15098 47 2361
13979 20 1004
17169 298 14924
17978 193 9696
18514 105 5255
18933 95 4788
16134 370 18516
17131 203 10162
14771 34 1711
17990 444 22220
13803 16 838
14446 18 912
18795 143 7194
15466 256 12808
15873 200 10030
18933 95 4788
17620 127 6389
17783 66 3339
15267 77 3862
13739 19 952
15491 86 4320
18052 49 2465
14977 15 751
17849 86 4324
18673 105 5254
14399 145 7286
17077 8 438
18005 199 9972
18244 144 7244
16499 188 9447
14959 269 13468
17683 7 369
18910 132 6624
17055 18 924
15242 74 3713
14413 2 111
15412 132 6629
18021 77 3856
17754 75 3777
16387 45 2275
15894 118 5904
18021 77 3894
16172 121 6095
18927 20 1018
13714 25 1283
17521 18 907
18753 138 6906
17240 243 12169
18469 185 9290
14553 294 14748
17195 32 1616
14171 17 900
14428 188 9432
14746 88 4414
18692 299 14987
17874 57 2863
16821 207 10396
17851 182 9135
17091 64 3230
17691 19 953
17500 60 3021
17195 209 10459
17246 2 122
14729 89 4493
16147 327 16393
15426 41 2069
18795 235 11792
13763 254 12701
14924 158 7918
15969 105 5288
15274 35 1789
16910 171 8600
15382 239 11974
14981 117 5863
15246 126 6341
17620 241 12077
14124 176 8818
16286 473 23696
16762 1 58
17137 149 7468
17739 19 966
17631 51 2555
16356 18 906
14446 24 1235
18021 77 3852
16778 113 5673
15395 95 4751
18923 304 15244
14464 237 11859
18903 356 17811
15593 178 8934
18044 452 22615
14468 119 5964
17493 214 10704
17053 113 5684
17387 10 514
17630 96 4847
18935 257 12871
15501 96 4814
16222 54 2722
14108 110 5515
18267 40 2019
17355 78 3918
17132 205 10258
17053 113 5678
14555 23 1194
18039 175 8761
14597 33 1653
14888 217 10876
17667 85 4288
17684 127 6379
15174 58 2926
17195 209 10498
15639 176 8820
18286 21 1086
16169 100 5011
17383 412 20607
13929 12 650
14603 15 792
15527 18 941
17726 15 753
17435 16 831
16152 39 1957
15412 167 8382
18701 27 1369
18527 274 13720
18872 1 89
18057 137 6877
18021 454 22746
17372 103 5152
18615 438 21945
14644 281 14072
18024 366 18322
17195 118 5901
16340 422 21147
14335 232 11643
18527 466 23329
17724 14 734
17853 186 9330
14550 288 14424
15593 169 8451
16852 197 9872
15498 152 7644
14306 145 7296
15386 107 5394
18935 383 19168
16340 416 20839
17169 6 309
18685 29 1456
15783 343 17167
18954 115 5758
18764 42 2137
17620 69 3474
14080 205 10287
16317 67 3352
15828 443 22172
16867 40 2018
13791 195 9781
14725 118 5902
14771 204 10221
16119 273 13699
16159 158 7945
14021 75 3786
14729 89 4451
18795 1 93
13770 16 839
17763 12 637
17591 67 3384
17169 23 1188
16286 473 23696
15415 65 3284
17739 19 966
18699 161 8060
16038 192 9601
18678 338 16902
18021 386 19324
13991 46 2305
16422 20 1045
18242 178 8931
18665 329 16456
15106 240 12006
17087 359 17961
17166 7 355
15115 126 6330
18026 166 8335
14545 112 5628
14123 39 1989
17478 87 4382
16221 4 231
15961 95 4781
17162 171 8557
15242 182 9121
14123 114 5705
15433 170 8506
18506 79 3967
16378 39 1962
13874 11 579
14690 25 1267
16540 15 760
17316 115 5753
18927 61 3094
17497 127 6380
13791 97 4896
17125 35 1757
15412 282 14133
17414 190 9526
14067 192 9607
14530 8 446
16272 320 16049
17793 41 2088
17615 4 218
15106 240 12006
17196 55 2782
14965 257 12863
14203 52 2609
15900 138 6912
14186 75 3764
16119 501 25055
17840 330 16531
18673 159 7972
17661 29 1478
17414 40 2032
13911 140 7025
16101 81 4060
15246 126 6339
17524 54 2715
14372 83 4152
14592 81 4085
17666 212 10633
17990 365 18298
14068 93 4674
17271 66 3331
18242 170 8528
15466 256 12808
13715 92 4607
17974 264 13232
16825 99 4977
16877 16 802
14726 29 1487
14924 146 7337
16978 298 14919
16529 33 1660
15970 93 4665
17560 49 2462
15004 1 77
14159 214 10729
14080 181 9051
15426 83 4164
18032 186 9323
16676 260 13029
16906 46 2328
17727 38 1950
17435 16 831
15415 226 11342
14814 175 8764
16158 66 3343
16168 42 2114
17561 3 183
17307 2 116
16169 301 15075
18760 224 11218
15125 67 3362
15257 127 6389
16107 58 2928
17146 13 654
18031 291 14558
14553 292 14616
17521 20 1027
16994 37 1883
15954 208 10412
18244 263 13189
14924 39 1954
13911 140 7025
18935 257 12862
17978 126 6319
17544 7 380
16978 298 14902
18771 50 2506
18034 62 3116
17383 512 25638
18228 125 6292
16051 200 10019
13767 91 4583
14603 15 792
18773 30 1506
18760 121 6058
14924 147 7362
17661 50 2530
15111 47 2382
14455 38 1907
15701 3 193
14764 63 3160
18244 30 1517
15335 125 6270
15099 35 1787
17521 37 1865
14939 60 3013
13940 16 835
15961 370 18533
17302 64 3212
13767 91 4583
16119 273 13676
14749 63 3197
14220 18 938
17596 47 2371
14458 1 51
14542 289 14455
16975 112 5647
17596 6 314
15111 57 2893
16112 20 1042
18923 446 22316
14186 207 10352
17990 64 3245
15345 148 7427
15766 15 797
14535 156 7811
18784 3 185
18793 40 2015
15397 219 10977
17044 10 523
14390 122 6124
13896 24 1219
14375 73 3684
17637 73 3688
18024 573 28681
14112 90 4543
17312 203 10159
16021 433 21671
13739 19 991
14902 135 6765
16752 10 501
16802 250 12548
14038 37 1872
18918 142 7135
16802 234 11739
14431 65 3296
14040 28 1439
14583 28 1415
17987 138 6944
18257 109 5491
15486 227 11386
14789 116 5819
17611 105 5269
14634 123 6178
13809 41 2089
15952 132 6646
16540 19 960
16778 77 3852
17696 9 472
13895 78 3938
18024 366 18343
17985 181 9096
15339 262 13107
14985 170 8539
15766 15 775
17349 104 5207
18235 182 9108
14313 270 13515
15486 8 421
14899 285 14280
16776 222 11128
13911 147 7399
17349 104 5207
17596 47 2379
14699 11 567
17840 369 18480
14597 144 7226
16023 336 16823
15238 5 266
18032 242 12136
14062 54 2718
18933 66 3309
18034 62 3116
18218 300 15029
15808 51 2577
16726 187 9375
18238 255 12798
13732 99 4961
15801 140 7032
16101 102 5129
15469 281 14058
17726 83 4171
13791 8 443
14874 8 406
14550 10 532
13707 126 6327
17652 50 2501
17701 55 2773
14229 7 379
18218 62 3144
16858 173 8695
17087 45 2276
15801 487 24389
15873 256 12818
17206 388 19450
18035 41 2073
14438 254 12710
14801 150 7527
15339 0 34
14539 234 11712
16506 5 295
13940 16 803
14768 190 9529
13732 99 4966
18953 260 13003
13982 34 1710
15456 100 5013
16852 70 3523
17169 157 7883
17956 128 6440
17697 15 769
17243 84 4241
17407 105 5279
15640 6 328
16200 75 3771
17383 398 19943
17316 41 2060
16935 46 2313
15464 156 7804
13936 23 1170
18924 4 201
15902 436 21828
15098 57 2880
14965 141 7066
18286 111 5562
15882 198 9914
18021 283 14193
18032 270 13504
17560 41 2080
17726 51 2568
18692 299 14987
14080 115 5799
13763 14 750
15250 73 3691
13791 244 12245
13911 140 7039
18795 50 2542
17206 332 16630
17666 50 2523
17669 85 4283
17528 18 920
16540 1 76
16169 64 3210
14421 11 571
13712 74 3711
17853 186 9316
17975 52 2634
18935 167 8376
18767 23 1166
14392 238 11947
14985 10 504
16741 116 5850
18244 163 8164
16750 1 95
18918 116 5824
13809 135 6759
18502 11 569
16122 161 8063
17631 20 1021
15428 252 12619
18574 387 19372
14079 166 8333
17144 22 1133
14763 17 884
18031 274 13737
16906 84 4211
15774 313 15651
14766 22 1148
14438 74 3721
18040 69 3459
16052 208 10445
16891 243 12191
16524 25 1276
15339 126 6347
17514 3 169
15894 67 3386
18794 56 2843
17164 112 5639
13762 260 13050
16852 316 15830
16013 20 1011
18267 3 166
15915 162 8144
17138 102 5106
18646 2 145
14542 289 14461
16286 473 23688
16920 9 467
15111 71 3568
16749 79 3986
14626 143 7166
13982 34 1710
15442 35 1766
18922 574 28707
15291 125 6267
14423 19 967
17724 34 1747
15411 119 6000
18651 14 707
15697 60 3017
16162 72 3624
18024 291 14557
14818 97 4874
17169 101 5071
16818 96 4845
18724 33 1677
18926 106 5338
17383 115 5787
17089 121 6057
16471 46 2314
17874 64 3216
14725 118 5901
18653 258 12934
17985 229 11488
15286 12 635
16094 244 12224
14562 71 3565
17383 115 5787
16168 42 2114
18765 183 9189
15800 48 2429
13767 11 596
15517 46 2309
14281 158 7902
14350 9 496
16094 242 12107
15101 76 3822
16199 444 22210
18741 17 863
17691 55 2763
17693 153 7667
17414 99 4977
16298 110 5524
13937 40 2015
18692 299 14974
15463 246 12350
17692 190 9532
15900 143 7200
17177 26 1306
14259 9 474
17851 34 1706
15416 122 6116
17560 49 2462
14766 7 358
15410 77 3872
14597 144 7235
17691 8 449
13709 18 923
18923 446 22316
16776 222 11128
14993 66 3308
15927 38 1902
14014 162 8140
18953 316 15848
18731 109 5469
18286 97 4868
17004 240 12001
15061 181 9069
18959 39 1985
13719 1 73
18225 561 28079
15766 37 1885
14874 133 6691
17830 25 1286
14438 178 8904
17367 61 3070
17978 126 6343
15114 28 1425
16867 37 1889
15130 37 1879
18032 175 8798
13982 109 5499
14080 181 9051
17783 111 5577
17978 47 2386
15149 22 1132
18790 336 16830
17344 118 5913
13803 16 806
16271 82 4134
14044 32 1646
17726 74 3726
17840 132 6645
15517 71 3573
15828 302 15114
18753 49 2489
17726 131 6564
18733 41 2070
13979 181 9091
13929 12 650
16340 416 20827
14335 160 8008
18687 351 17556
13763 14 750
18242 15 775
14040 28 1439
14209 125 6276
14088 48 2436
18753 124 6224
15422 46 2311
14789 70 3542
15880 26 1325
17091 27 1395
17144 22 1115
14639 39 1988
16849 95 4769
18468 53 2680
18034 86 4311
14985 64 3211
16499 233 11665
16529 33 1660
17500 67 3381
13707 5 268
14438 178 8904
17521 1 66
16506 124 6243
18048 379 18997
15125 174 8736
16158 260 13023
18286 169 8489
18923 629 31460
15477 7 373
13861 46 2336
13773 224 11238
17090 64 3246
16172 32 1632
18665 250 12549
15882 198 9914
18021 370 18542
14059 84 4213
18794 52 2649
18615 438 21945
17671 320 16011
17349 19 990
17972 39 1959
14306 228 11406
14186 15 779
14067 192 9607
14603 88 4419
18282 94 4725
13739 21 1055
14458 102 5139
17620 13 652
18218 160 8003
16348 98 4935
17503 128 6414
18265 160 8005
15118 186 9339
18218 111 5565
17763 42 2118
17849 168 8425
18724 33 1677
16271 48 2431
18026 187 9359
17853 2 119
14107 72 3619
18021 188 9432
17521 25 1277
16221 28 1418
16271 8 412
13865 76 3804
17306 68 3432
13791 54 2723
16529 33 1662
13907 16 837
18235 30 1509
18923 183 9180
18615 117 5859
16089 372 18610
18673 47 2373
16752 17 884
18021 655 32791
18028 66 3340
14981 9 471
18039 55 2800
17871 25 1252
14760 149 7451
15136 92 4635
14891 179 8984
14553 190 9521
16216 88 4421
17840 284 14208
17030 93 4674
14122 45 2281
14220 39 1962
13896 70 3550
14229 82 4115
14555 141 7051
16952 0 35
17414 40 2038
17390 21 1100
13862 153 7652
17053 113 5678
15350 138 6903
13805 273 13656
14026 109 5473
17087 4 229
17144 14 725
14080 205 10275
17695 1 91
17865 96 4808
14725 161 8098
18793 56 2839
15877 245 12294
14623 23 1184
13896 99 4958
13780 143 7191
14030 104 5209
15430 70 3530
18228 182 9130
18713 4 215
14080 140 7049
17684 75 3780
15115 118 5941
14344 14 736
14464 240 12009
17095 16 830
14553 292 14616
17763 12 630
14901 200 10039
17727 22 1148
17401 98 4920
13865 251 12570
15828 292 14624
16986 14 708
14218 10 528
14372 248 12448
14080 240 12024
17987 80 4013
16158 32 1619
17407 141 7092
15128 145 7277
16588 195 9778
16551 328 16413
16821 243 12193
14112 122 6144
17853 7 400
14372 84 4213
17663 21 1095
15507 2 123
14708 24 1233
17686 274 13750
13935 227 11367
15267 163 8199
15469 32 1646
14582 60 3031
18032 242 12136
13807 25 1275
14453 169 8467
16776 222 11124
14186 194 9726
14537 117 5854
15862 5 287
18021 260 13001
18218 111 5565
17851 173 8673
16906 32 1619
16821 409 20463
13865 251 12570
18773 28 1407
18782 39 1965
18235 16 831
16021 478 23943
15766 36 1815
14558 147 7396
13913 288 14435
18692 170 8533
18676 493 24675
14067 48 2426
15125 134 6725
17467 60 3023
18782 72 3647
17095 73 3658
15828 429 21477
16975 70 3549
18244 362 18112
15762 253 12657
18657 37 1852
15130 30 1521
14257 237 11854
13791 97 4896
16524 389 19498
15398 357 17867
14623 52 2631
14062 5 271
17965 263 13160
17213 83 4173
14122 45 2296
16986 38 1926
17667 9 482
16101 69 3484
16162 72 3609
13945 178 8901
18678 317 15861
15257 170 8510
14551 41 2097
14580 23 1180
15762 233 11670
14788 49 2476
13714 113 5655
16433 85 4299
16491 14 722
14212 184 9246
15382 78 3915
14246 116 5830
15883 26 1325
16052 7 358
14124 203 10178
17620 227 11371
18615 438 21945
16504 149 7457
16965 69 3464
16122 452 22626
18631 54 2722
13861 127 6385
16891 131 6565
13897 37 1883
16006 476 23804
18496 74 3722
17560 100 5005
16506 5 257
17353 12 626
14067 161 8094
16446 192 9604
15291 38 1904
17662 129 6497
13729 80 4020
15183 12 601
13864 15 763
16339 171 8554
18927 65 3269
18527 279 13962
15238 175 8767
16106 53 2682
18685 35 1781
15961 70 3549
14124 155 7795
18495 127 6395
17493 95 4794
16119 186 9314
15397 152 7627
17978 135 6782
14310 1 57
14560 5 285
15851 19 968
17128 25 1273
15079 26 1302
17144 86 4335
13732 103 5195
14205 12 642
14611 222 11126
17990 46 2332
16169 113 5674
18701 270 13544
13861 141 7088
13708 55 2796
17853 7 400
14343 37 1887
15322 137 6882
18733 43 2170
18482 25 1296
18794 56 2843
17226 34 1715
17387 40 2046
18646 78 3944
14310 0 3
15828 367 18362
18794 52 2643
15116 302 15131
15966 151 7590
17206 486 24319
15682 28 1438
18021 429 21489
18795 111 5588
15353 170 8541
15353 164 8243
18482 25 1296
14112 59 2956
15267 163 8199
14590 60 3012
13787 23 1177
15873 123 6189
18678 303 15163
15423 41 2051
16159 158 7945
16847 0 34
16852 148 7418
18615 438 21945
15486 177 8888
14105 124 6220
13809 135 6759
15061 71 3565
17196 55 2782
13937 40 2047
15291 266 13305
18793 56 2839
18659 109 5489
18495 102 5112
17208 191 9552
18005 229 11466
17851 173 8685
16243 174 8741
18665 329 16456
14899 87 4351
13715 92 4613
18026 166 8335
18954 328 16431
14446 11 573
15345 148 7434
16821 208 10433
13780 143 7156
14342 288 14434
17087 45 2280
13792 42 2104
14913 62 3106
17302 78 3918
15386 23 1184
15873 256 12818
15959 78 3927
13714 40 2013
15174 91 4569
18286 111 5591
13803 195 9783
15921 137 6879
17965 265 13254
14531 35 1783
13773 69 3476
14907 181 9080
14063 231 11569
16726 16 821
17352 44 2249
17658 73 3693
13702 58 2937
18765 320 16019
14673 16 841
16232 86 4327
17034 239 11993
17098 64 3227
17132 182 9147
16679 12 624
14562 59 2991
16159 158 7945
14750 17 895
17210 230 11534
15106 208 10433
15492 32 1612
18286 78 3911
14708 24 1212
16759 7 385
16877 16 827
17724 14 720
14121 183 9161
16679 83 4200
14631 27 1362
18218 219 10977
18040 43 2165
14129 44 2212
15492 4 232
18761 9 487
16750 1 95
18286 90 4533
16826 362 18149
15411 241 12087
18469 139 6981
17053 91 4556
17596 47 2371
15800 11 592
18603 170 8521
13736 51 2597
15986 234 11713
15111 282 14143
15916 233 11658
16540 15 789
17578 2 120
18794 56 2843
15061 122 6102
18463 177 8888
16119 273 13676
18010 225 11255
14122 92 4638
13913 199 9962
18495 102 5141
15382 20 1044
17667 71 3598
16101 69 3452
17210 198 9942
17955 190 9527
15479 282 14147
18005 112 5637
18603 256 12803
14357 5 289
16584 94 4709
15959 50 2521
18052 49 2465
15639 194 9702
18794 68 3450
14816 152 7611
13921 47 2360
17521 25 1277
18872 1 92
17137 61 3058
17985 203 10187
14530 1 73
17731 20 1008
15396 145 7295
15257 6 303
18760 150 7504
15125 66 3307
16119 186 9314
18761 40 2037
15222 94 4714
16356 17 862
14924 229 11478
15479 75 3755
15880 26 1325
13861 127 6385
16741 347 17355
18026 180 9042
18031 291 14597
14912 73 3694
17137 115 5784
16250 36 1828
13913 66 3323
15491 330 16546
16134 166 8319
15593 178 8926
14458 84 4213
18918 139 6978
16852 197 9870
17560 87 4378
16216 88 4421
15915 129 6490
14959 16 838
14026 109 5473
18497 328 16403
18903 356 17811
16962 191 9562
16422 23 1178
15588 354 17744
15322 63 3189
18245 199 9975
17973 46 2336
17196 55 2782
15099 26 1331
13767 50 2528
14939 60 3013
14203 18 950
15900 143 7186
17724 53 2656
18733 41 2070
15888 24 1211
18021 390 19514
18010 225 11255
18935 386 19323
18795 82 4101
17472 17 862
17840 369 18480
18021 514 25719
17869 92 4638
14959 16 826
17055 202 10125
15386 38 1942
13725 126 6349
14428 194 9713
18272 29 1477
16222 12 625
18031 291 14560
17684 150 7516
13991 46 2305
14936 32 1604
17865 55 2751
14882 92 4634
15166 70 3531
18760 191 9586
17592 93 4675
15174 204 10202
15099 34 1704
14746 88 4414
14030 58 2921
14310 1 96
17210 230 11541
16008 133 6679
16962 191 9562
15828 446 22333
15916 461 23083
14639 39 1988
18779 69 3484
16038 246 12308
17545 10 501
18699 161 8089
15423 38 1941
16387 45 2275
18760 149 7486
14580 9 494
14993 66 3308
14067 147 7389
16205 259 12966
16109 29 1474
18057 38 1926
13803 16 838
16112 20 1042
18773 12 601
18044 329 16477
18272 75 3782
15246 128 6446
17177 23 1153
15395 95 4783
17978 30 1501
16023 336 16823
14899 73 3669
17029 99 4970
16726 16 821
14582 1 70
14067 30 1518
17630 1 66
18650 46 2328
18924 4 247
18048 320 16020
15867 145 7265
17479 26 1311
15966 369 18456
14165 116 5829
16387 45 2275
18760 317 15862
15098 79 3954
14030 116 5812
17011 16 820
16060 102 5133
14549 141 7053
18021 283 14156
18724 19 984
18062 241 12092
17847 277 13865
15473 240 12023
13921 61 3078
13773 113 5675
18218 147 7391
14736 256 12802
17851 173 8685
15774 490 24537
18794 362 18144
14874 160 8016
15952 134 6704
15933 290 14511
14418 139 6967
17853 45 2296
14603 88 4419
13708 2 118
14259 82 4103
17965 11 570
14882 143 7157
16894 5 286
17631 7 376
17213 83 4173
14399 47 2398
16444 83 4154
18466 48 2436
14828 198 9910
17369 24 1245
14080 169 8466
15111 289 14466
16929 134 6730
17100 67 3399
14058 65 3273
17663 21 1074
16986 26 1332
15883 39 1951
17998 3 185
17435 16 805
18516 364 18240
16446 282 14121
13714 133 6685
14768 115 5778
16173 191 9593
15762 91 4551
18714 165 8281
14186 15 779
18685 238 11921
14067 60 3029
16172 27 1367
14218 7 397
17956 128 6449
18678 317 15895
18923 565 28282
16544 117 5856
18951 306 15345
15877 58 2908
15927 82 4124
16216 88 4421
15183 9 480
18245 210 10502
18795 235 11792
14220 18 938
18488 314 15722
17986 72 3604
14726 29 1487
16874 468 23417
15901 183 9154
13803 195 9793
14828 198 9937
17091 63 3170
17521 20 1027
17307 31 1551
18225 93 4666
15004 1 64
15106 240 12006
17724 53 2661
13702 141 7083
14043 66 3340
13896 31 1585
18021 77 3852
17137 41 2054
16726 85 4270
15478 132 6617
17004 9 475
14121 47 2360
15386 23 1184
18692 78 3938
16286 89 4469
18244 307 15367
14327 26 1337
17226 34 1715
17208 83 4178
17851 173 8651
18714 179 8996
13773 249 12458
16228 203 10167
18931 50 2528
16150 92 4618
17655 271 13587
18765 104 5213
13732 103 5192
17132 91 4584
13970 5 255
15099 68 3408
18733 25 1262
14977 8 436
17240 517 25857
15017 5 257
16743 21 1094
16894 224 11211
17210 229 11463
16978 298 14902
16112 474 23723
15252 20 1011
15478 52 2636
15915 180 9018
17975 52 2622
17217 70 3504
18951 115 5770
17545 10 501
18018 43 2152
15174 58 2926
14877 173 8685
16891 154 7712
14319 18 934
15128 229 11498
17323 27 1378
17410 2 141
16172 301 15094
18496 78 3947
15970 334 16728
17615 4 218
18673 92 4650
13773 53 2668
17029 158 7913
14438 137 6874
13957 2 126
18954 328 16431
18673 13 668
14229 82 4115
16109 148 7431
15851 53 2660
14543 103 5154
14801 40 2021
15931 14 743
17726 83 4171
16891 10 549
18733 41 2070
14171 17 900
15128 229 11498
14044 30 1541
16877 24 1215
18035 230 11501
13913 142 7122
18235 230 11525
15989 307 15361
15125 134 6725
14543 221 11075
14030 89 4487
16341 416 20825
18760 149 7470
14914 33 1678
16205 314 15722
15785 155 7780
18923 243 12185
18005 199 9982
18021 507 25355
18794 113 5651
17090 64 3246
14306 145 7267
15828 319 15960
14067 47 2373
17087 45 2282
16741 354 17726
15639 189 9475
18699 180 9016
18615 117 5867
15415 226 11302
18924 103 5177
16199 444 22210
17663 21 1095
14669 65 3259
17840 362 18129
16579 76 3811
18495 157 7867
17503 247 12383
14103 105 5262
13962 13 661
18603 170 8521
15785 59 2984
14096 66 3337
16021 478 23943
14067 57 2889
15507 2 123
16150 92 4618
16339 159 7962
15398 228 11425
16158 260 13023
16433 25 1254
16433 85 4296
18026 166 8335
16962 290 14507
15859 180 9042
17631 7 376
18923 474 23725
16107 86 4332
17726 15 753
15291 319 15953
15588 297 14851
17131 192 9602
14936 23 1175
14153 18 924
15836 35 1794
15492 28 1429
14183 25 1299
17352 290 14528
15762 233 11691
14582 1 65
15115 7 363
14789 70 3533
17955 68 3419
17367 90 4540
13807 208 10415
17030 44 2224
13950 21 1083
14816 152 7614
16867 163 8172
14212 184 9213
14975 78 3903
18954 250 12519
13779 8 439
17344 118 5913
14901 7 396
15155 34 1719
13864 89 4460
18865 34 1744
18026 105 5277
13862 79 3987
15504 85 4288
17255 4 203
17090 64 3246
15877 87 4365
13876 260 13011
17990 129 6490
17761 63 3199
17701 2 108
13714 50 2528
17972 127 6396
14363 34 1707
17869 180 9042
16877 32 1634
14438 179 8974
14413 0 35
16169 362 18106
14293 252 12627
17766 15 763
17701 2 108
15179 132 6640
15103 225 11286
14955 90 4535
18044 449 22498
17011 199 9969
18712 403 20166
17985 149 7488
17302 14 736
18021 77 3851
15931 0 10
14350 32 1624
14007 121 6098
13714 113 5655
16228 158 7946
15254 65 3300
15901 183 9154
18753 124 6250
15061 71 3565
15412 167 8382
18497 206 10337
16867 276 13827
15593 178 8918
17111 212 10616
13763 93 4674
15099 15 783
16112 207 10388
18048 406 20348
18474 260 13021
17323 23 1199
13803 171 8579
13965 34 1731
15315 30 1549
18793 31 1576
17965 265 13254
15106 240 12037
16158 53 2674
15701 3 193
18034 136 6825
16091 28 1438
16778 73 3674
14186 15 767
14366 31 1561
15989 307 15361
15397 197 9880
14739 5 292
15469 271 13563
16061 7 387
14105 32 1626
18752 534 26735
18954 3 160
18631 62 3102
18927 91 4580
14560 6 338
18673 50 2520
17727 38 1942
17034 221 11096
18527 674 33741
15397 219 10969
14874 178 8906
14431 47 2366
15961 370 18539
16228 113 5670
16446 192 9604
18685 9 453
17164 78 3903
17726 51 2568
16761 380 19004
15595 13 682
16109 49 2471
17327 75 3755
15640 144 7207
14729 57 2877
15931 521 26076
17467 80 4032
17724 34 1747
18048 186 9335
14112 59 2995
16776 222 11124
16315 8 418
14690 21 1096
15780 136 6812
17328 29 1484
18913 38 1928
14801 30 1513
15479 33 1699
16150 209 10472
14530 8 446
16735 59 2957
18794 68 3433
16849 118 5932
14726 60 3050
17727 38 1942
14784 57 2860
17985 225 11272
13712 127 6380
18506 90 4504
14117 12 644
18795 50 2541
13862 104 5218
17978 119 5961
15099 151 7583
13864 143 7152
16750 92 4638
13763 132 6611
14583 69 3486
14159 183 9176
17684 75 3755
14690 17 883
14788 49 2488
14545 6 318
18233 245 12295
15339 180 9006
14611 182 9129
18031 262 13139
17240 22 1121
13913 91 4562
15792 222 11105
13861 28 1416
18863 86 4315
14749 209 10466
17840 132 6615
14559 282 14105
18244 35 1774
13935 227 11399
17030 93 4674
14185 8 422
17869 44 2244
18235 41 2075
14455 147 7355
17727 38 1909
15392 114 5713
14764 63 3172
15382 78 3942
18713 14 747
18923 416 20828
17678 6 340
16028 226 11345
16205 122 6103
14030 71 3554
15976 72 3606
18793 31 1600
14555 141 7051
18469 185 9287
14807 239 11997
14438 178 8904
18928 157 7852
17407 141 7092
18229 41 2068
18286 58 2914
13792 100 5023
18631 83 4165
16357 50 2508
18673 47 2352
14024 24 1241
15398 372 18628
14122 45 2296
18488 314 15706
14171 47 2374
17422 5 269
18732 26 1322
17973 46 2320
15457 184 9205
13878 33 1659
17985 321 16097
15794 119 5971
15592 8 407
17566 42 2125
16852 311 15591
15179 22 1102
17043 98 4902
15697 29 1492
14136 26 1317
13807 38 1915
17648 13 673
16499 233 11685
15862 180 9040
16158 66 3316
13929 10 508
16021 433 21671
16134 375 18795
13950 94 4732
17726 74 3726
15806 121 6055
16075 283 14195
17726 51 2558
18779 77 3881
16389 64 3250
17108 32 1649
17125 37 1877
18034 62 3116
18741 27 1400
13767 88 4407
15457 194 9707
14981 173 8697
14924 93 4652
16843 299 14996
14789 70 3533
18021 637 31896
14772 142 7132
16529 33 1660
14749 191 9597
17990 64 3205
17169 67 3357
17696 53 2695
16906 46 2337
17569 7 397
15851 19 995
16584 94 4709
17087 336 16843
15257 3 191
14708 41 2097
17387 38 1910
15766 37 1871
17614 35 1751
18612 87 4386
16272 320 16049
17846 131 6580
17137 146 7304
18035 230 11531
14335 226 11317
18032 261 13065
14291 25 1268
16994 169 8491
14597 101 5088
14917 3 191
14117 12 644
13725 126 6349
17793 41 2088
14436 88 4427
13791 122 6124
15751 52 2629
16753 112 5611
18039 55 2800
18021 260 13001
16051 85 4258
17493 214 10704
17111 182 9147
17033 70 3545
18646 2 113
18225 79 3994
16221 31 1591
17352 44 2249
14332 75 3773
16513 15 795
17036 433 21699
17652 55 2799
14107 89 4476
17853 186 9345
14631 108 5428
14726 60 3050
14583 5 260
13757 50 2544
17522 59 2962
17217 68 3433
15350 197 9881
15900 196 9837
17874 57 2874
17731 20 1008
16226 3 185
15409 52 2636
15697 29 1471
15160 258 12922
14458 69 3464
16694 327 16374
17095 16 830
18021 454 22746
14729 178 8910
17661 78 3908
17255 28 1413
18760 191 9578
17963 53 2699
15593 97 4863
15111 71 3597
13945 246 12329
14985 10 538
16247 69 3483
14550 300 15004
16529 30 1550
18228 125 6292
17307 4 209
15715 221 11079
16281 433 21651
15231 157 7865
13762 86 4305
18928 35 1760
14562 59 2991
13779 8 406
17630 161 8072
17615 6 306
18733 41 2079
16101 81 4073
15079 15 795
13773 250 12543
17303 32 1632
13721 60 3028
15877 62 3128
18021 373 18675
17091 45 2266
15492 28 1429
18267 33 1655
17684 75 3780
15730 0 11
17055 295 14781
15166 247 12364
15592 222 11106
15466 256 12837
15846 167 8366
14021 4 219
17978 123 6197
15442 51 2567
16060 173 8676
16028 421 21100
17663 21 1095
14372 63 3168
17648 10 521
16852 178 8905
17671 410 20513
14438 254 12733
18021 373 18675
15479 33 1666
17869 44 2219
15682 99 4993
15517 24 1212
14059 84 4215
18794 85 4256
18935 95 4799
18496 12 647
14157 60 3021
17004 229 11478
14789 41 2081
14067 58 2904
17255 43 2168
17398 246 12330
15900 127 6399
13770 2 110
17853 15 760
15282 56 2804
16852 94 4729
15122 62 3102
16529 91 4574
18765 183 9193
15900 138 6912
17128 8 413
16222 54 2733
16735 59 2991
15360 23 1181
16250 17 898
16875 22 1102
16852 316 15830
15877 26 1313
16307 49 2451
15851 92 4626
15960 128 6442
14146 12 633
15398 222 11106
15116 117 5899
18935 391 19583
17449 46 2333
18228 187 9380
15409 17 900
18733 41 2056
16159 150 7516
15882 198 9914
16926 172 8629
17144 101 5099
13767 0 7
15403 156 7802
15478 358 17930
14259 120 6015
15446 66 3302
16101 0 50
14829 4 208
14756 107 5370
17482 77 3894
15965 497 24868
18235 156 7827
14191 209 10464
15792 222 11148
14453 139 6969
17955 206 10319
15446 66 3302
14220 25 1258
14673 16 841
13965 18 926
16889 48 2401
13708 2 118
18733 41 2070
16852 316 15830
17524 101 5095
17467 80 4032
18054 436 21827
17251 43 2157
16826 193 9684
17698 6 336
17004 242 12133
14062 241 12052
16172 105 5290
15103 12 620
15339 262 13107
14959 31 1580
15014 146 7306
17560 41 2081
13895 42 2124
15136 92 4635
16752 15 788
17367 42 2150
16750 1 76
15430 57 2895
17367 18 941
15928 53 2696
18765 60 3016
16089 372 18614
16089 372 18641
13714 25 1283
17475 164 8240
16094 46 2330
17057 80 4042
14038 39 1977
16228 230 11521
16172 471 23589
14350 2 103
17126 7 370
16889 250 12543
15479 354 17728
18731 224 11227
16169 100 5011
17661 50 2530
15783 252 12623
17563 79 3964
16322 1 93
18922 15 782
15794 119 5971
18057 4 234
15722 89 4460
14535 109 5472
15961 391 19556
14021 4 219
13907 16 837
16121 75 3781
13913 66 3342
15257 127 6389
17314 57 2851
14611 182 9120
14310 1 57
13780 143 7190
18615 150 7517
18794 60 3034
15312 67 3352
15409 6 337
17011 199 9960
13762 260 13048
16158 32 1619
13721 60 3006
14763 56 2824
14026 90 4540
16759 7 393
16778 77 3852
17126 118 5904
17724 34 1739
17849 168 8425
14122 54 2722
14597 100 5011
18910 86 4302
15415 52 2615
17696 53 2680
16524 383 19166
17162 177 8894
17144 14 725
15314 47 2367
15427 8 426
13911 147 7399
16529 38 1905
13791 108 5423
18225 449 22454
15987 335 16785
18782 52 2618
14729 57 2877
18021 422 21124
15987 252 12619
14824 231 11557
15527 3 194
17029 179 8999
15140 182 9116
13897 32 1617
18226 215 10793
18218 253 12698
13897 39 1987
16875 22 1102
17963 66 3319
16023 21 1094
16437 8 428
17325 5 263
18929 173 8690
14592 81 4062
18244 353 17657
18021 260 13001
13708 71 3555
15507 5 300
15976 101 5084
14362 33 1667
16762 37 1900
14749 223 11164
14568 25 1287
17631 51 2574
14814 175 8764
15250 73 3691
15099 151 7583
14560 0 21
16134 297 14893
13970 5 255
14543 103 5179
14313 270 13515
17724 27 1379
17493 214 10704
17975 253 12662
17208 69 3468
17683 89 4483
16679 12 622
16169 362 18128
17390 21 1095
13791 201 10065
15251 110 5504
16315 59 2962
14146 12 633
15709 25 1298
14401 103 5172
18719 179 8966
13937 40 2015
16205 104 5244
15588 297 14857
15713 294 14713
16199 27 1370
13935 70 3542
17131 2 143
17137 215 10795
17383 416 20806
14117 12 644
14975 63 3161
17108 25 1288
15867 10 511
17239 266 13322
14603 15 792
16158 345 17294
16250 17 898
