9575 16 808
10905 77 3876
10884 293 14699
12145 46 2350
11926 24 1219
8971 4 228
12011 11 565
11605 218 10935
11582 11 552
9499 445 22286
10647 107 5392
9369 31 1585
11664 86 4339
12073 54 2713
11582 11 552
8860 87 4381
12091 147 7362
9367 105 5288
8919 136 6850
8471 296 14843
12145 52 2648
11756 226 11307
12545 129 6467
12020 0 12
11844 109 5462
9575 18 922
11793 31 1587
9617 252 12638
9583 233 11674
12091 147 7362
12032 35 1797
9494 345 17296
11707 72 3628
10798 72 3620
12073 146 7316
10625 31 1583
9281 195 9790
10453 21 1077
9300 104 5206
13474 51 2597
8817 55 2774
13476 59 2990
10773 116 5832
9501 104 5213
9041 155 7796
11005 56 2801
8427 257 12877
11915 168 8418
13629 206 10316
9529 2 135
9615 39 1959
10436 302 15129
13463 30 1521
10648 125 6277
9392 41 2084
8616 84 4211
9316 27 1361
13520 103 5184
11938 39 1963
9273 25 1292
11998 345 17285
11618 66 3316
8971 4 228
9316 30 1510
8996 307 15359
10660 89 4484
13616 198 9933
8672 14 717
11803 125 6279
12069 110 5536
8751 112 5636
11906 252 12626
10530 155 7799
11906 291 14590
11624 31 1559
13505 19 955
11851 67 3385
9685 49 2494
8771 133 6662
11609 197 9861
12020 0 12
11915 168 8418
9575 18 922
12431 137 6885
11609 197 9861
8771 133 6662
8467 124 6243
13693 27 1383
9308 63 3166
11094 217 10885
12020 0 12
8433 186 9314
9065 8 446
11080 72 3605
8958 161 8085
10769 41 2086
12380 164 8201
8445 28 1435
10529 174 8713
9653 38 1935
13641 16 838
8919 125 6256
8433 183 9197
13643 81 4075
12420 113 5681
9525 230 11534
9653 19 977
11912 20 1043
9095 357 17899
12025 72 3626
8996 307 15359
13565 74 3709
9362 249 12490
8566 44 2217
12106 3 195
9362 75 3752
9338 128 6421
9277 43 2191
10551 147 7391
11065 174 8722
9080 3 173
10711 103 5171
11841 10 528
10371 37 1889
10951 4 227
13661 190 9508
12070 294 14727
11742 105 5258
10951 2 150
10529 174 8739
10928 132 6640
10958 16 805
9321 148 7438
9512 384 19202
11963 374 18707
9065 5 291
13647 42 2102
11630 54 2715
9022 59 2988
9503 181 9094
13661 190 9508
9637 252 12639
13643 158 7906
8433 186 9314
13536 114 5750
9080 2 147
10894 89 4481
11977 175 8771
10525 9 469
10995 17 883
8905 237 11899
12052 23 1183
9467 133 6658
9434 334 16709
11282 6 307
10648 123 6171
11802 33 1692
13463 30 1517
10995 17 883
11998 345 17284
9201 168 8412
9435 90 4539
11912 116 5844
8750 42 2138
11751 115 5781
11727 67 3359
11112 242 12143
8927 139 6983
9583 226 11329
9617 250 12550
10704 272 13618
12364 132 6619
8777 20 1042
10798 78 3901
9725 36 1816
13696 12 630
10743 307 15394
10660 89 4484
12565 92 4630
9559 195 9785
9033 86 4346
11791 197 9883
8406 134 6733
11720 114 5722
9500 130 6508
11878 184 9211
8434 0 29
12110 95 4772
10790 143 7183
12110 227 11366
13463 30 1521
12066 83 4153
9603 13 664
8764 277 13892
10613 119 5962
9285 130 6549
11848 245 12277
9392 42 2136
11296 40 2023
8919 137 6853
9603 13 664
9617 174 8713
10625 32 1626
10445 312 15644
10561 144 7228
8445 28 1435
8936 273 13675
10502 156 7811
10525 6 321
10888 33 1670
9407 307 15373
9289 155 7753
9300 104 5206
9467 133 6658
10613 118 5907
9239 24 1218
9446 106 5320
13689 47 2367
9440 103 5188
11628 248 12438
11895 141 7085
11878 129 6467
10704 170 8515
9297 160 8045
8468 104 5210
13565 74 3709
10888 251 12576
12516 24 1239
13453 9 452
9297 28 1412
13480 30 1521
9039 25 1268
10625 104 5208
11290 222 11133
10523 173 8660
8514 102 5135
12071 315 15771
12052 44 2248
9277 81 4063
10958 15 772
13480 30 1541
11926 68 3441
10502 157 7868
13689 47 2367
8750 177 8882
10613 118 5907
12380 124 6209
9080 0 39
10432 173 8689
13629 206 10348
11756 226 11307
12020 85 4274
10613 119 5962
12116 15 798
10870 62 3146
13460 56 2807
9545 307 15391
10529 174 8713
9321 148 7438
8876 110 5519
12459 60 3017
10798 72 3620
11279 54 2735
11071 28 1431
10603 6 326
12517 200 10018
8927 139 6983
9095 229 11463
13580 164 8243
13696 12 624
11884 144 7203
9002 127 6366
12041 87 4396
9313 12 636
8724 20 1007
12004 200 10014
8771 243 12186
12083 310 15509
13507 11 596
8899 291 14571
8724 20 1007
12045 65 3266
10590 16 847
11290 222 11133
12029 35 1780
9586 249 12464
8616 84 4211
10725 182 9107
9503 118 5929
11947 55 2797
11083 171 8580
11727 67 3359
9677 160 8029
11996 19 953
10655 10 534
12071 288 14440
11578 34 1703
8936 276 13809
13536 114 5750
9586 249 12486
8750 177 8867
9226 343 17171
9653 19 992
12565 92 4648
11896 8 424
13678 202 10114
12535 11 563
12111 13 693
12045 13 697
9277 43 2191
11071 36 1842
10493 24 1241
9459 59 2974
8882 83 4186
11973 165 8268
12032 35 1797
12431 186 9339
9395 220 11019
11687 120 6047
9567 291 14588
9479 247 12379
10741 45 2275
10693 37 1861
9269 29 1466
8935 338 16938
11935 251 12553
11090 63 3195
11766 51 2600
11545 254 12731
11072 6 335
10471 131 6567
12073 54 2713
9026 26 1335
8771 282 14150
9277 83 4197
12545 28 1414
9040 99 4956
8406 86 4307
8406 88 4408
9028 43 2186
11116 114 5749
12554 107 5364
9065 8 442
9369 31 1583
11793 204 10244
11127 20 1041
11072 100 5006
12061 288 14416
9369 31 1583
10578 32 1639
10439 110 5547
10449 131 6556
12431 116 5850
10432 153 7673
11762 306 15332
12406 1 74
10790 34 1727
9007 93 4680
9447 14 723
10758 13 662
11766 295 14791
9290 106 5338
10382 26 1345
10448 147 7353
10493 24 1241
12056 339 16968
12420 97 4867
12004 27 1358
10704 272 13618
9349 151 7556
8455 25 1262
12431 137 6882
9002 127 6366
12431 137 6882
8735 131 6568
11618 66 3301
11071 28 1403
9447 14 723
13474 69 3475
11872 54 2713
12116 19 951
10448 219 10964
12091 181 9060
13618 73 3679
9677 159 7956
8935 338 16938
11543 70 3544
10803 238 11929
8735 131 6568
11005 56 2801
11091 256 12846
9653 40 2008
12041 24 1215
9668 34 1712
11915 168 8418
12561 96 4835
10530 155 7799
10656 63 3157
11723 263 13161
8971 79 3989
11630 165 8261
13689 47 2367
9590 439 21983
9095 357 17899
9503 181 9094
8971 79 3969
8738 270 13512
9583 360 18047
9273 189 9500
9467 133 6658
10931 222 11128
12011 11 564
9500 358 17921
10687 91 4565
9479 245 12294
9435 90 4539
10672 84 4202
10603 6 302
10725 182 9107
8708 11 585
10857 88 4410
9767 29 1469
11947 55 2797
10856 81 4069
10625 118 5935
8427 257 12877
11720 114 5722
10656 63 3157
12543 276 13839
9090 47 2375
13476 59 2990
11802 33 1692
10951 4 227
12016 233 11675
12459 38 1924
9308 63 3195
13678 202 10114
10439 189 9488
12392 90 4524
11039 156 7849
9458 42 2130
10656 58 2901
11851 67 3385
9273 25 1292
12095 72 3611
12389 59 2981
12561 23 1182
11520 153 7690
10530 285 14288
9533 206 10314
9649 146 7302
12041 87 4396
12001 68 3443
9273 24 1209
12073 54 2716
12139 105 5288
10471 98 4924
10432 198 9909
12495 241 12052
11527 127 6359
8444 9 466
12011 11 565
11802 33 1692
11833 155 7792
10493 24 1241
11727 2 144
12045 13 697
12431 137 6885
11872 267 13399
8455 25 1262
11073 30 1505
10561 133 6699
10719 168 8435
11791 197 9867
12565 267 13385
11589 126 6342
10448 219 10964
12071 315 15771
11543 70 3544
12431 53 2652
8471 296 14843
10590 16 847
11938 39 1987
10625 104 5208
9437 184 9203
9281 97 4891
8899 291 14571
11921 183 9178
9209 23 1193
9494 345 17279
11977 175 8762
9653 19 992
11578 34 1703
9467 134 6738
9612 8 410
9403 3 184
10625 31 1583
9545 243 12165
8860 87 4381
10592 44 2231
8529 206 10305
12364 132 6624
12145 167 8363
9499 25 1291
10921 172 8618
9374 38 1920
9704 84 4208
10719 168 8435
8905 237 11899
10761 137 6900
10389 29 1460
9529 128 6401
12083 288 14434
12020 85 4274
10704 272 13646
11606 1 94
10858 8 410
11989 39 1967
10898 105 5293
9435 90 4540
8860 87 4381
13619 22 1149
10803 238 11929
9307 254 12741
13507 11 589
9033 84 4209
9080 2 147
12539 40 2036
11842 26 1301
12020 85 4274
13480 86 4328
12001 9 469
11815 191 9580
11921 183 9168
11872 234 11729
9281 192 9642
11520 31 1592
10762 132 6609
8627 8 401
9590 439 21983
11813 167 8391
10898 107 5389
9704 103 5170
13693 27 1383
12000 107 5380
8935 192 9612
12145 167 8363
13538 9 472
10845 189 9473
8537 245 12283
11765 288 14439
9277 81 4072
8666 35 1761
11630 165 8261
11791 197 9883
9030 70 3540
9435 90 4540
8959 121 6086
11112 242 12143
9338 128 6421
10580 29 1458
12111 13 684
11872 79 3979
9068 236 11823
9467 133 6658
9650 70 3533
8764 277 13892
12083 294 14749
10660 215 10761
8893 54 2714
12454 441 22095
9512 210 10542
9704 345 17266
12083 288 14434
10870 63 3176
8427 258 12918
12145 54 2725
8996 66 3345
11878 184 9211
11527 17 892
12486 60 3032
11296 40 2023
10648 191 9573
8919 126 6331
9637 251 12597
10672 84 4202
12004 27 1358
12504 57 2881
11537 315 15765
12146 29 1454
9362 75 3752
12545 129 6499
12029 35 1793
10523 173 8660
8996 307 15359
9494 345 17279
12497 11 575
11628 188 9415
11726 244 12213
9239 48 2444
13662 104 5225
11297 73 3694
11848 245 12277
10921 114 5750
10931 222 11128
11998 269 13488
9744 27 1375
8682 4 235
12083 294 14749
9039 25 1268
9395 220 11019
12545 90 4511
9049 1 56
11926 68 3441
9525 235 11768
11094 217 10885
10453 19 995
8446 246 12305
12565 92 4648
11609 197 9861
12497 11 575
10842 43 2175
12083 288 14434
12543 17 867
10902 8 438
9095 229 11463
9035 51 2571
10921 114 5750
9403 2 144
12451 52 2630
9679 110 5516
12106 3 163
8958 161 8081
8971 4 228
11071 266 13301
10479 30 1501
8682 4 235
