18261 24 1219
15462 150 7514
17631 9 485
15966 28 1418
14686 16 801
18781 94 4705
18248 81 4099
16147 48 2402
17566 132 6635
14007 102 5120
16878 76 3802
17667 180 9041
13728 157 7862
17849 251 12588
15002 30 1534
14367 187 9365
17371 513 25653
15900 174 8739
16289 35 1783
15308 98 4926
15969 373 18690
15124 5 251
14343 229 11496
17088 15 780
14302 11 556
17471 57 2880
15500 164 8250
14572 25 1292
14361 5 285
17324 100 5003
17972 105 5292
17582 18 930
16021 95 4786
15499 64 3239
16090 59 2999
17169 231 11594
15308 14 745
14129 10 536
14990 100 5032
15923 302 15113
14801 291 14580
15863 57 2885
14641 59 2964
14569 163 8157
14127 220 11014
18653 134 6702
14177 50 2505
17132 383 19168
15222 162 8141
16121 9 492
14464 85 4296
17282 77 3899
14283 4 205
17678 61 3066
15801 120 6022
17331 29 1462
18954 138 6927
13714 158 7929
16299 27 1356
17387 20 1049
17135 47 2385
17865 318 15919
17100 135 6753
13721 125 6292
16850 253 12669
14450 253 12694
16506 191 9592
17131 175 8762
15383 283 14158
18740 260 13029
14644 285 14257
14535 122 6112
15130 0 46
14763 26 1347
18685 106 5309
16588 39 1992
14470 31 1573
15147 36 1805
17245 62 3119
15965 463 23176
14012 19 989
15935 148 7415
15497 36 1820
18685 178 8907
17162 174 8747
14129 10 536
17352 152 7650
18665 16 805
17383 373 18690
17361 338 16937
17065 183 9160
16542 29 1462
15236 87 4399
15251 5 255
17157 2 138
14148 5 290
17100 152 7643
17415 107 5378
17398 174 8719
14782 16 812
14101 41 2088
17079 31 1568
14790 197 9865
17140 5 258
18747 1 64
14428 125 6299
16289 2 140
15106 88 4433
14112 27 1366
14788 29 1488
16214 116 5829
18492 320 16011
17100 12 610
15392 73 3662
14060 70 3515
16090 202 10118
14263 85 4260
18923 66 3325
16188 0 36
14921 54 2704
15017 96 4841
18717 150 7534
17488 253 12661
16809 230 11506
14259 114 5724
17865 402 20147
17389 100 5010
17678 61 3055
16439 30 1528
18709 77 3898
14450 262 13111
15482 41 2083
17185 95 4797
15491 0 40
14224 73 3696
14111 38 1907
14549 205 10254
15640 11 593
13794 64 3240
14543 284 14246
14924 290 14549
16850 79 3959
14418 34 1729
14021 251 12559
17847 317 15862
18666 9 499
14218 147 7399
17631 87 4398
16289 12 632
14924 191 9592
16807 76 3840
15955 56 2841
18054 185 9282
15348 132 6613
17361 321 16082
17048 9 474
17630 29 1468
16225 41 2055
15923 95 4788
18515 124 6222
13794 64 3240
13774 107 5362
16845 247 12363
13923 28 1416
14185 12 610
16818 49 2488
17847 314 15723
17429 25 1251
13762 203 10183
15489 146 7302
16091 57 2892
15961 204 10204
13742 81 4090
17495 18 904
14938 36 1811
17111 62 3133
17429 11 560
15778 10 516
18062 61 3085
15309 18 922
17131 204 10237
14877 53 2672
16036 168 8445
15961 341 17055
15316 237 11856
14716 30 1507
14774 304 15227
17169 231 11585
14219 88 4403
17380 53 2682
16841 93 4675
15140 193 9652
16095 96 4846
17237 79 3978
14664 215 10788
16468 174 8722
17373 185 9251
18665 466 23306
13776 26 1308
17566 46 2344
15961 341 17092
16583 304 15242
14047 30 1542
14062 256 12802
14002 57 2862
14572 20 1034
17572 17 881
15946 156 7846
15805 22 1143
15147 88 4431
18272 55 2796
17990 469 23472
16891 226 11347
15152 21 1057
14259 232 11649
16052 424 21216
18226 203 10156
15774 296 14810
15491 100 5012
14926 46 2344
17108 23 1178
15774 103 5187
14524 6 321
16884 34 1713
15777 105 5262
17303 87 4356
16801 85 4277
14377 252 12607
14764 2 131
15935 148 7415
15715 105 5273
14746 181 9088
18574 191 9566
16326 94 4746
14885 11 579
14634 165 8279
18631 229 11474
14058 104 5240
17849 151 7590
15901 269 13481
18492 331 16562
16834 50 2503
18933 171 8565
14553 78 3918
14121 221 11070
15115 147 7359
17065 132 6637
15980 32 1620
15222 155 7775
14229 72 3625
17471 57 2854
16588 199 9962
16588 199 9986
17313 251 12587
18497 291 14568
17197 18 948
14774 279 13976
18704 42 2142
16118 231 11568
15264 71 3563
17847 407 20380
15590 403 20187
15416 47 2355
18779 18 939
16102 40 2018
16094 281 14094
18574 91 4600
14617 76 3837
17987 93 4678
17830 41 2095
17569 37 1868
17871 163 8165
13977 70 3530
16979 64 3238
15153 157 7886
17371 233 11693
13977 57 2882
18577 161 8096
13789 182 9104
16588 34 1725
17407 0 37
17009 17 884
15335 222 11134
13940 30 1503
14548 187 9356
17644 36 1837
15633 4 201
17239 297 14897
17522 119 5989
16243 161 8085
14408 5 292
14470 22 1115
14452 83 4200
15115 147 7351
17692 14 711
13791 101 5074
14664 206 10317
18794 105 5286
15676 207 10382
17197 3 185
14300 26 1309
18953 405 20286
18044 535 26780
15692 42 2148
16022 95 4789
14163 36 1848
15834 195 9754
13725 79 3997
14020 196 9803
17990 411 20553
14020 4 223
17070 208 10425
15960 188 9423
17206 65 3252
17079 1 71
17723 11 587
16095 415 20776
17413 359 17962
16828 31 1590
14431 16 818
14060 32 1628
18644 44 2230
16063 32 1607
17582 54 2735
18492 505 25295
17560 110 5516
17100 152 7626
16499 112 5624
18731 40 2029
14799 89 4463
16267 14 708
17067 54 2741
14790 118 5947
14361 30 1518
18634 248 12404
17239 137 6867
18603 166 8342
14058 104 5220
15987 392 19615
14555 230 11507
16493 21 1088
14548 120 6036
18929 167 8380
14948 19 973
14300 26 1349
17631 9 485
14537 120 6022
15676 126 6307
15330 81 4065
15491 100 5012
16446 265 13256
16785 31 1551
17663 60 3008
17633 28 1434
16741 168 8408
16286 31 1590
16267 14 708
16818 30 1550
14410 78 3925
18685 330 16518
15279 26 1305
14272 78 3931
16801 76 3826
17048 99 4981
14147 4 216
18245 67 3396
14300 26 1349
16676 10 514
15946 9 473
16272 105 5271
14901 319 15973
17132 432 21635
17744 73 3695
16013 31 1568
15128 193 9681
15720 9 456
14206 157 7878
14367 201 10052
17865 38 1909
15160 82 4147
15392 125 6290
17871 292 14609
14114 197 9865
17339 30 1521
17488 116 5833
17158 70 3537
14369 160 8018
18257 32 1602
15785 70 3550
16331 33 1682
18526 89 4469
14377 283 14187
15115 25 1289
18636 453 22699
14453 132 6617
17849 14 720
18257 31 1568
14790 197 9865
14556 156 7838
16453 380 19008
17028 275 13762
17871 326 16308
14259 114 5702
17132 152 7639
17401 41 2099
16169 188 9448
14379 204 10249
15501 162 8111
14870 76 3819
16676 10 545
16006 64 3246
15713 162 8116
13701 76 3849
14147 30 1549
15160 130 6542
15316 116 5842
14785 56 2827
17985 241 12097
16588 39 1998
13707 55 2770
14020 22 1113
18644 239 11995
14379 86 4333
14469 67 3367
14109 4 235
15251 63 3174
15416 102 5135
14870 245 12252
14901 171 8595
16147 385 19289
15593 265 13253
14901 319 15980
17861 300 15021
16828 36 1845
14891 134 6742
15419 5 257
16680 22 1121
13732 47 2356
15901 356 17806
14340 68 3449
15528 326 16317
14088 15 778
18701 279 13964
14623 137 6888
17048 12 620
14425 119 5959
16196 163 8158
17327 5 289
16013 136 6817
17700 75 3769
17410 13 691
15960 533 26694
15324 3 186
14743 97 4864
17987 106 5311
15328 166 8316
15930 519 25979
15147 69 3484
17678 22 1107
18261 24 1217
17861 300 15003
14989 203 10167
18031 73 3696
16826 19 984
15590 322 16111
17846 91 4594
18497 291 14594
17532 10 542
17459 213 10656
13945 295 14753
15383 138 6915
14453 40 2021
13950 165 8265
17871 244 12230
13799 12 623
17206 410 20502
15251 153 7667
15785 222 11113
15057 106 5322
17503 124 6220
16161 114 5746
13862 135 6761
14980 44 2220
14551 24 1206
16121 9 463
16021 124 6204
14464 169 8454
14456 63 3176
17744 75 3771
18044 275 13757
17389 100 5010
18922 242 12116
18701 34 1741
14626 26 1321
14377 242 12130
13728 137 6861
16090 89 4453
15966 20 1029
16172 41 2088
14870 76 3833
15411 133 6661
15287 52 2638
14014 18 918
16117 81 4056
17566 118 5941
18923 642 32147
14938 228 11435
16340 14 708
18039 51 2600
15416 102 5135
15901 287 14351
15915 465 23293
17122 155 7773
15383 38 1929
18495 185 9294
15484 306 15313
18665 139 6972
13935 202 10132
14553 295 14783
17670 47 2354
15918 28 1430
15987 497 24851
15504 80 4017
14290 65 3288
14615 62 3146
17365 82 4111
15486 357 17853
15785 99 4971
18953 405 20281
13762 59 2979
17100 129 6469
17088 15 786
17684 27 1398
17274 11 586
17655 219 10955
14942 317 15882
13812 40 2024
18701 279 13964
15392 69 3487
15486 373 18690
14074 23 1169
14148 133 6686
17238 30 1521
17220 53 2691
16813 31 1594
18228 166 8309
17327 20 1050
15061 62 3139
18779 59 2975
14891 134 6733
16243 161 8085
16489 164 8241
17489 103 5155
14558 30 1545
14986 193 9695
15500 55 2763
16227 101 5100
18754 220 11022
18220 15 768
16267 49 2471
18779 411 20587
17128 3 152
14186 154 7735
18603 85 4257
16188 214 10712
15689 327 16384
17022 10 536
18644 264 13222
17990 390 19527
17871 244 12242
15425 142 7106
14079 78 3918
14890 130 6513
16090 202 10144
17975 226 11333
14940 282 14101
17695 82 4106
15318 36 1829
14556 156 7838
17956 224 11227
17974 261 13091
15140 231 11552
13732 15 793
16818 115 5786
13861 36 1825
17871 163 8165
17829 236 11849
15497 36 1832
14555 183 9177
14390 15 788
18032 298 14922
15127 45 2298
17865 375 18777
16186 142 7127
18779 261 13074
15383 283 14158
17343 55 2781
16036 410 20527
14697 71 3557
15915 213 10686
13911 85 4293
18623 81 4092
14087 90 4544
13977 70 3546
17530 2 104
17584 53 2659
17220 42 2134
14924 41 2096
17240 455 22795
15499 66 3344
18235 214 10742
15492 43 2193
17972 148 7429
14729 197 9858
17100 129 6483
13799 24 1227
14559 51 2598
13791 112 5619
18933 105 5290
18044 275 13762
17337 18 927
15933 229 11494
15019 0 33
14272 51 2586
18643 49 2470
18923 72 3603
14148 40 2018
14101 54 2715
14020 4 216
15785 222 11132
15160 73 3682
15497 197 9887
17847 101 5077
15491 0 36
15251 7 374
13701 76 3806
14716 61 3051
14093 232 11602
15416 32 1640
14105 128 6429
17662 88 4409
14993 94 4726
15633 27 1386
15402 120 6035
17653 32 1638
18044 214 10713
15392 69 3469
14129 31 1555
16894 199 9952
14569 173 8695
17557 155 7774
17478 169 8499
14453 88 4410
14409 278 13950
14818 14 716
17383 386 19314
18740 78 3931
16258 8 405
16809 160 8004
17389 86 4339
15339 188 9443
14257 220 11004
17111 19 981
18773 20 1043
14743 97 4864
16095 309 15485
17678 22 1104
14643 224 11243
17197 12 609
14538 29 1478
17849 251 12559
14553 182 9106
17057 104 5245
15183 32 1613
14020 145 7298
17669 26 1303
15128 140 7049
17028 15 781
15166 338 16904
16446 259 12967
15291 137 6879
14206 133 6667
15909 195 9789
14148 40 2018
17978 23 1179
18233 279 13962
14367 280 14029
14377 27 1399
17678 61 3066
18704 42 2142
17459 213 10683
18634 148 7424
15130 1 90
14274 187 9354
14537 111 5589
14543 10 546
14313 307 15399
17847 317 15862
17669 32 1648
14445 125 6278
13799 12 623
14901 234 11731
16022 15 752
15295 68 3406
17471 16 835
17560 166 8339
15362 84 4239
15930 519 25979
17079 11 566
14569 175 8763
15466 104 5203
18953 405 20281
13709 207 10375
14074 23 1177
18733 32 1624
15463 250 12539
14021 251 12553
14047 115 5769
14107 55 2798
15279 26 1334
14721 174 8707
15935 145 7256
17119 13 665
17373 192 9640
15392 69 3487
14721 174 8730
17961 39 1972
15122 217 10854
13709 207 10356
17621 186 9309
17239 101 5058
15900 174 8739
14626 172 8620
17694 31 1587
14392 52 2606
14818 22 1108
15484 323 16180
15417 8 401
15445 6 321
16584 48 2449
15901 352 17649
17371 110 5518
15147 1 63
17339 330 16524
14774 127 6381
18953 306 15320
14020 196 9803
14617 78 3945
14938 277 13873
15383 175 8756
17172 68 3438
17333 178 8936
14697 71 3564
18497 316 15840
15106 14 717
16250 95 4795
14756 99 4954
17448 208 10420
16875 4 216
17383 152 7643
14445 96 4824
14697 71 3596
14259 114 5702
15590 1 77
16894 168 8449
15053 33 1665
17495 50 2504
17131 72 3625
17056 158 7913
16828 44 2213
14736 128 6424
17686 157 7882
16051 100 5017
16036 32 1619
16494 20 1028
14427 207 10377
14076 47 2356
18228 85 4286
17700 32 1641
16426 44 2207
15151 312 15626
13742 22 1102
15301 108 5413
14068 227 11386
13935 202 10122
17312 191 9566
17985 237 11875
14942 279 13994
14257 0 49
14617 76 3834
17132 544 27209
15416 32 1629
15397 93 4688
14831 33 1699
14805 53 2661
15222 155 7788
18261 24 1217
18526 72 3602
14227 134 6734
14410 40 2017
15913 52 2623
14470 7 388
18678 125 6258
14559 51 2592
14172 43 2157
17661 4 247
15859 253 12652
14425 230 11509
17119 59 2986
17398 155 7755
15275 1 57
15900 174 8741
14224 64 3233
14157 175 8758
15859 354 17747
17250 118 5949
16299 18 936
17429 16 804
14721 116 5842
14053 58 2948
15291 190 9549
17070 286 14325
14990 170 8517
15590 421 21054
16694 59 2966
17398 197 9864
15391 272 13602
14741 150 7511
17572 35 1761
17128 85 4297
15279 57 2874
13923 28 1408
15969 373 18661
15987 453 22677
15491 95 4775
15166 324 16244
18701 236 11837
14556 78 3923
13963 6 313
14467 283 14155
17413 357 17861
15416 57 2859
18516 76 3817
15172 74 3704
15099 114 5717
14263 111 5558
18574 275 13781
14377 271 13555
15491 116 5819
17132 383 19165
18644 94 4750
15923 343 17189
14697 37 1868
14020 183 9159
18220 15 753
15057 113 5664
18286 136 6830
17088 5 268
14467 252 12605
14074 17 873
16467 282 14108
14553 295 14783
15946 42 2120
14782 20 1001
14088 29 1492
16013 136 6817
14245 145 7267
14626 223 11165
15877 266 13345
14634 168 8447
16286 31 1590
17992 48 2402
17138 57 2889
17144 183 9196
14782 116 5806
18219 69 3489
14148 16 802
15151 10 502
13728 137 6861
16802 194 9743
14068 233 11675
15861 79 3985
16571 46 2331
16095 202 10113
16096 56 2808
15590 298 14948
16772 69 3496
14899 279 13954
17972 140 7027
18619 133 6692
17128 17 890
14049 116 5824
15966 343 17200
17407 37 1870
14899 215 10800
17125 102 5110
15115 3 183
15422 50 2505
15987 497 24869
14147 30 1518
17744 75 3771
15590 142 7120
15249 136 6833
13712 31 1576
15913 11 572
14047 30 1542
15989 490 24524
18492 217 10897
18005 34 1732
14806 61 3074
18032 436 21811
14111 38 1907
16571 46 2322
18699 245 12263
15318 183 9184
18031 181 9098
14009 87 4373
14625 26 1339
14216 31 1568
14621 96 4819
16357 8 410
14121 221 11070
15783 308 15406
14468 116 5831
15160 159 7975
15901 146 7345
15348 129 6488
16052 97 4888
16750 148 7412
15348 170 8514
14626 64 3212
14274 184 9239
14955 26 1335
17861 173 8697
16227 135 6773
14263 111 5558
18005 34 1748
14764 59 2977
14079 113 5674
15785 162 8134
15801 120 6005
14127 223 11159
15116 100 5045
14790 197 9879
16584 88 4421
15391 272 13606
14148 9 453
15140 8 433
17856 67 3385
15445 6 321
14263 291 14594
14379 86 4333
15264 71 3563
14408 34 1702
17070 266 13318
14020 196 9818
18923 642 32149
17661 4 205
18226 240 12004
17644 36 1814
14938 287 14367
14959 47 2361
15554 241 12065
13940 123 6173
17237 26 1321
14621 73 3673
14245 63 3191
14885 4 207
18922 617 30896
16207 51 2600
18701 280 14018
14903 1 99
18701 280 14006
16878 141 7062
14316 28 1409
16331 84 4248
16889 255 12790
17992 48 2402
14300 103 5183
17119 13 665
18921 2 125
15477 20 1042
14313 158 7918
14301 89 4460
18283 78 3913
15946 42 2135
15482 169 8477
18226 57 2878
14020 196 9818
16471 38 1913
14617 82 4127
14907 53 2652
17847 314 15742
18782 59 2998
17210 39 1983
15254 130 6509
17095 127 6392
17856 64 3245
17119 41 2059
14557 163 8165
14367 187 9365
14592 15 765
17665 7 375
15291 307 15353
14469 67 3367
15469 133 6681
15774 465 23252
17858 198 9944
14763 26 1320
16426 28 1429
15391 272 13602
14721 88 4429
15061 51 2574
13944 14 737
17698 92 4642
14621 96 4819
18005 24 1223
17522 13 657
17352 152 7608
15316 93 4681
17112 137 6894
14342 68 3448
17653 32 1638
15722 88 4447
18907 4 214
13945 235 11763
14741 134 6710
17287 160 8040
15918 6 343
14938 277 13873
15939 95 4759
17783 162 8116
15017 179 8997
15554 225 11293
17245 19 956
17238 14 721
14885 4 207
13911 1 97
14074 23 1169
14459 92 4641
15715 74 3706
18701 135 6761
14551 155 7797
14101 54 2715
14607 175 8764
14270 283 14174
14121 221 11063
14063 142 7130
18215 16 806
14274 187 9354
14888 186 9347
17002 65 3294
15491 116 5819
14470 34 1723
15785 231 11571
14211 31 1596
17139 132 6610
14431 16 818
14302 19 997
16403 1 58
18699 203 10178
17079 19 996
17146 67 3371
16172 347 17352
15116 194 9701
16544 36 1817
15115 147 7381
18929 354 17725
16782 31 1576
16147 164 8238
17210 246 12302
14785 27 1393
15592 31 1562
17692 14 711
13791 151 7565
17753 117 5853
16118 77 3887
14790 118 5916
15915 482 24108
15425 12 604
14056 18 938
14877 53 2672
14912 155 7783
15328 227 11351
15909 195 9761
17237 249 12487
17744 73 3695
16458 199 9983
17065 112 5638
17055 445 22256
14707 55 2770
14707 48 2413
18692 21 1071
14066 55 2772
18781 116 5829
17100 12 610
14789 138 6913
14537 118 5927
18468 267 13374
14023 128 6407
18740 28 1416
14455 108 5403
14774 44 2242
18244 200 10019
15676 215 10771
17865 292 14644
14617 76 3821
15463 141 7087
17686 24 1248
14721 174 8730
14107 48 2428
16442 175 8795
17197 8 421
14020 14 724
15397 240 12022
14224 73 3656
15291 178 8923
17210 130 6540
14068 233 11675
17100 232 11615
14012 4 224
15116 194 9719
15805 10 541
16499 112 5624
14592 44 2218
14559 270 13510
17132 448 22402
14068 217 10865
13802 14 746
15383 175 8756
15416 32 1629
15989 88 4406
18032 343 17153
15236 87 4398
16741 506 25320
14626 235 11787
13809 179 8957
14147 4 216
15106 190 9547
18665 16 828
14740 44 2241
14058 151 7575
18732 567 28383
14938 27 1392
17125 126 6312
14186 179 8993
16006 234 11741
17700 36 1811
15291 178 8909
13712 31 1558
14993 94 4726
14306 194 9709
17237 79 3962
13874 48 2420
14940 15 764
18948 122 6115
14921 54 2731
14105 21 1091
17700 32 1638
14890 75 3752
17753 160 8028
17830 41 2055
17992 69 3489
18492 331 16583
14274 184 9214
16439 47 2391
15391 292 14631
15445 1 99
14095 52 2631
18062 123 6164
14617 76 3842
15930 367 18355
15713 162 8116
18035 171 8564
14557 163 8156
15151 251 12593
14617 76 3821
13902 56 2844
15348 28 1442
17009 17 872
14302 19 963
17210 130 6540
15392 73 3659
18226 57 2851
17210 191 9551
16894 158 7902
18911 130 6515
15328 85 4273
14349 36 1819
13742 81 4090
14782 119 5969
14623 240 12029
14938 177 8883
16067 146 7326
14527 129 6474
14021 195 9769
14569 173 8691
18699 203 10178
15160 82 4127
17700 53 2677
14007 77 3895
15328 159 7984
14157 51 2583
14763 38 1950
16845 247 12363
17849 184 9227
13810 10 522
14721 82 4145
15464 269 13458
14770 138 6945
17009 17 890
16141 248 12443
17337 18 927
17524 82 4130
17693 357 17882
15249 136 6841
15236 40 2031
15061 219 10988
14686 16 833
15965 235 11781
14060 70 3515
14293 6 312
16310 278 13916
18035 145 7280
15053 33 1665
15065 35 1751
17172 68 3405
14263 85 4260
15161 201 10060
16826 132 6602
17835 28 1410
18685 247 12371
17119 51 2588
17048 14 733
15053 81 4068
14107 48 2428
14243 124 6205
17146 48 2450
16389 51 2554
14148 18 939
14343 93 4700
14129 30 1515
18784 26 1324
17391 49 2477
17457 118 5946
15348 57 2893
18233 128 6412
15946 156 7810
13777 14 728
18233 332 16609
17482 63 3173
14774 304 15227
16403 1 58
16947 1 66
17239 292 14624
15447 50 2505
17478 169 8499
17655 219 10970
15106 190 9525
16298 82 4135
16826 72 3625
14066 55 2785
17079 1 71
16942 220 11039
16021 95 4786
18283 95 4771
14270 283 14158
17140 5 261
18915 216 10817
15335 137 6898
15931 447 22398
15416 102 5145
18615 118 5938
14768 33 1688
17489 103 5155
17849 184 9227
13928 35 1799
17095 2 126
16494 20 1018
15715 165 8293
13902 56 2820
18645 87 4394
18235 40 2019
13776 26 1309
13979 69 3455
18748 86 4325
18492 153 7663
16228 277 13856
17366 11 600
18907 201 10069
18208 29 1456
18948 39 1972
17675 78 3904
15713 80 4018
13764 250 12509
18911 55 2756
16310 303 15187
14881 96 4833
15324 19 953
16258 8 448
16850 250 12522
18233 279 13961
16858 80 4029
17552 25 1252
18039 51 2574
18740 4 212
16458 85 4269
17572 17 883
17459 213 10683
14186 154 7706
14634 163 8189
14107 41 2068
15291 137 6879
14782 99 4991
17407 174 8734
16964 263 13182
16209 179 8960
14445 125 6261
18754 27 1389
16219 316 15812
16584 67 3355
15222 155 7788
16850 47 2395
17985 391 19555
15677 78 3925
18610 97 4884
14053 132 6618
17206 329 16484
17157 59 2985
16063 21 1082
16095 202 10113
14993 153 7683
14774 127 6379
16225 41 2100
14632 100 5038
16858 136 6844
17172 68 3405
14535 122 6113
17057 82 4131
15966 20 1011
