16921 175 8755
18760 259 12960
14564 10 526
18732 256 12820
18779 512 25647
14768 87 4391
16676 330 16535
16095 79 3972
17322 35 1791
17337 24 1241
14642 117 5874
17423 9 455
15696 76 3828
16836 80 4007
14721 2 150
17239 163 8157
18024 338 16913
17633 74 3718
14632 57 2852
15458 12 635
16355 47 2394
18732 316 15830
14774 176 8835
17068 12 611
15236 65 3257
14545 89 4479
15511 202 10105
16798 108 5449
14643 179 8980
15919 12 625
16927 17 887
18514 28 1433
14425 205 10275
18732 104 5221
18750 205 10254
18525 101 5056
18024 338 16914
15115 20 1018
14143 61 3061
18603 184 9225
18732 254 12740
15228 70 3523
18007 77 3891
14338 232 11626
17339 8 437
18009 35 1772
18752 564 28238
14117 33 1691
17874 19 968
18001 1 87
18527 545 27291
15973 120 6033
14149 0 25
16442 80 4013
17322 5 293
15413 50 2533
17990 284 14229
14369 75 3756
17383 23 1154
15689 273 13674
14390 84 4210
14768 87 4367
18040 5 297
18779 32 1642
14281 83 4164
15458 7 373
15403 95 4784
17517 316 15823
14886 129 6488
14902 313 15683
17590 4 212
14772 48 2405
15166 162 8130
18752 199 9983
14338 50 2529
16431 196 9836
18922 599 29984
15828 87 4375
16434 46 2330
14749 300 15003
14795 60 3029
14390 79 3975
18953 355 17797
15403 81 4064
15862 143 7178
16041 192 9621
15783 85 4268
18756 2 108
16301 272 13644
18732 359 17991
14231 25 1290
15430 41 2092
15251 82 4145
16205 362 18103
14410 178 8911
14281 88 4432
18929 228 11421
16298 200 10030
18481 124 6205
14736 188 9450
18031 83 4175
17447 85 4281
17757 46 2333
15149 64 3207
14542 284 14244
16298 200 10030
14338 163 8171
14970 86 4304
16845 35 1798
17589 8 450
14231 19 986
14733 62 3112
18035 94 4715
18907 165 8268
16874 99 4980
14403 68 3402
15689 273 13685
15927 178 8901
18659 134 6741
16836 51 2590
15909 63 3158
14772 43 2164
15946 246 12332
16442 57 2863
14986 80 4004
14243 33 1677
17620 122 6109
17313 180 9031
17338 10 519
16209 23 1151
14403 63 3173
14319 2 135
17028 163 8160
17339 199 9967
15640 78 3916
17973 50 2523
14664 244 12236
14968 127 6393
14269 39 1998
16733 17 862
14436 160 8006
16058 22 1143
17005 100 5029
14269 65 3257
17592 136 6821
16431 95 4777
15511 202 10105
17681 46 2330
17489 13 658
14216 17 872
17766 1 64
15458 7 381
17972 164 8239
16058 97 4854
18007 77 3861
18246 20 1010
16379 4 241
18630 52 2649
15917 353 17666
15862 318 15925
14202 85 4283
17990 254 12738
17206 175 8766
17633 74 3746
14819 8 423
14921 7 360
17267 31 1598
14975 51 2563
14564 10 535
14227 74 3713
18756 19 996
18765 333 16693
15254 50 2516
14642 117 5874
17766 1 67
18011 35 1755
16520 101 5065
17383 116 5843
14702 33 1662
15484 280 14032
18249 7 383
18474 217 10856
15234 6 338
16979 57 2900
16031 12 636
17178 40 2003
16227 161 8056
15014 164 8217
15713 2 124
16410 193 9697
14722 161 8062
15462 25 1263
18928 96 4802
15733 4 215
16520 101 5088
15973 116 5839
17191 3 160
14970 13 655
14768 31 1571
18018 46 2319
15074 74 3706
14431 17 879
15383 289 14479
14782 73 3654
15965 347 17388
15296 231 11592
14664 151 7596
18955 228 11450
18481 91 4575
17603 21 1057
14319 13 690
14271 139 6987
14632 70 3527
16117 34 1704
17865 99 4990
14377 107 5371
17696 180 9028
16753 62 3105
15894 39 1997
14216 83 4169
18922 383 19195
18219 152 7650
15053 188 9432
17419 47 2400
16432 19 978
15774 93 4698
15469 324 16247
15919 46 2304
16832 1 98
18779 542 27146
14611 162 8118
14143 48 2431
14632 79 3956
14546 151 7561
18794 20 1009
14328 20 1001
14165 51 2594
15469 318 15934
18024 401 20098
15965 360 18012
16172 396 19816
16497 8 427
17493 193 9676
14543 199 9975
17204 33 1676
17603 17 864
17753 148 7401
17300 18 942
18947 309 15473
14768 176 8808
18779 32 1629
14611 110 5517
15413 54 2739
15130 61 3079
16075 308 15410
16205 239 11954
15894 87 4362
18953 328 16446
15923 155 7791
16410 193 9693
15862 284 14233
15149 97 4872
15130 50 2519
14335 220 11048
14246 122 6118
18244 109 5466
15355 14 741
17505 11 560
18466 118 5920
18481 38 1924
15894 109 5488
15941 12 638
15987 177 8875
14636 102 5128
17875 405 20274
18489 195 9776
16761 368 18429
17955 259 12991
17696 166 8310
17178 53 2679
16150 142 7141
18258 123 6169
15846 116 5833
17251 200 10030
16893 53 2660
15828 417 20862
17973 50 2549
14281 88 4401
15154 249 12477
14159 63 3193
15014 152 7648
16205 248 12447
14450 72 3640
16893 11 587
16697 122 6110
14409 199 9981
18665 130 6515
14545 148 7429
14772 236 11816
17336 1 91
18605 38 1909
15167 81 4085
15909 214 10717
16526 7 385
18044 419 20962
18701 226 11307
18631 316 15839
17419 16 801
18644 219 11000
14782 108 5431
14333 22 1144
14819 10 533
15297 198 9938
17361 163 8191
15828 506 25320
14438 171 8591
17336 38 1921
14269 41 2069
17522 18 909
17217 109 5452
16847 58 2923
18001 11 567
15780 104 5203
14409 176 8815
14458 4 205
16119 525 26298
17662 27 1389
15828 145 7277
18048 408 20450
17972 246 12303
17237 235 11783
18258 126 6328
14746 279 13954
18219 58 2904
17419 47 2374
14356 177 8865
18665 25 1282
17696 176 8837
17481 36 1810
15074 56 2829
16075 314 15733
18497 76 3812
14151 66 3348
18753 34 1725
18011 39 1980
17177 37 1880
15774 449 22451
18874 194 9713
15014 152 7648
17827 62 3148
16526 68 3442
16481 116 5836
17312 206 10315
17152 7 366
18631 316 15850
17776 5 255
14942 77 3865
14403 59 2998
14410 178 8944
14425 205 10296
15919 44 2250
16051 206 10327
17313 199 9984
16520 101 5068
18010 101 5073
17847 15 779
18753 69 3488
16798 67 3388
15383 18 920
17116 0 19
14363 220 11020
16432 101 5088
16733 17 868
18005 214 10749
14564 11 591
16798 48 2447
17494 155 7756
14771 60 3010
14338 232 11626
18034 101 5073
14218 200 10017
18028 229 11460
14902 270 13530
18481 113 5656
16825 74 3708
17383 116 5843
16825 29 1473
16101 71 3565
17237 442 22129
16921 125 6294
14749 103 5165
14281 88 4432
15484 97 4867
18514 28 1433
17662 32 1624
18763 5 274
18929 118 5918
17269 83 4161
16845 143 7183
16947 165 8288
17435 49 2456
17089 1 87
14816 57 2894
17343 29 1463
16209 215 10778
15464 160 8009
18748 153 7685
15355 14 737
14611 157 7862
15894 39 1997
15917 515 25800
15966 305 15265
18024 69 3485
15923 388 19438
14338 54 2716
16227 46 2312
16378 24 1245
17339 127 6352
16888 540 27040
14329 199 9957
15941 23 1174
15941 66 3335
17866 20 1012
17494 12 627
14771 82 4136
14772 48 2422
16893 53 2660
16058 22 1143
16836 18 906
17116 0 19
17366 51 2577
14564 56 2835
17172 62 3124
16118 225 11280
14764 38 1932
15917 420 21023
14643 217 10857
16835 38 1904
14642 3 163
17415 77 3856
17875 405 20266
18752 363 18151
14269 41 2085
18761 81 4064
14722 39 1961
17144 165 8298
17237 235 11783
16733 17 862
15989 156 7815
14213 13 659
18732 344 17214
14427 264 13229
17505 27 1387
15053 188 9447
18666 26 1304
16446 173 8700
15965 429 21492
14450 291 14568
17990 209 10493
14764 5 271
17667 97 4860
17366 23 1168
16835 27 1393
16835 304 15237
15986 61 3091
17535 70 3510
18514 80 4009
14356 120 6035
16144 77 3898
17457 68 3403
14427 264 13248
15166 43 2182
18740 45 2295
17326 58 2909
15442 109 5475
17361 298 14910
17326 18 923
16150 103 5198
16835 187 9359
14543 181 9094
15457 76 3845
18244 34 1744
17361 185 9277
14157 66 3322
18040 73 3661
15328 177 8864
18644 124 6237
17099 99 4979
18034 65 3255
16431 196 9841
18008 82 4141
14281 88 4401
18244 24 1241
17681 22 1132
14270 91 4563
17324 53 2668
14157 78 3928
14338 163 8195
14281 88 4401
16073 171 8578
15801 183 9193
14218 86 4341
15640 41 2087
16809 235 11785
18018 46 2303
15923 471 23555
14390 72 3630
16344 54 2723
15103 134 6720
14149 188 9448
14527 95 4800
14369 45 2262
17462 3 186
15103 103 5156
15794 59 2995
17191 1 75
17671 218 10912
18678 329 16494
15425 122 6104
17095 97 4861
18931 62 3112
15987 177 8876
15099 36 1840
14772 6 304
14458 46 2320
16581 23 1172
14355 11 593
18011 33 1655
17484 274 13747
14575 4 209
15876 51 2552
15061 244 12203
15673 53 2687
17343 29 1490
14623 17 869
17866 60 3018
15103 129 6461
17505 99 4976
17440 76 3814
18027 37 1863
14740 57 2883
14369 45 2262
18040 5 297
14721 2 150
17267 81 4080
18910 160 8044
17270 4 219
17776 17 867
14202 121 6099
18005 23 1164
17177 68 3415
15919 36 1814
15383 289 14479
17990 405 20276
14377 83 4171
18603 189 9486
17992 2 137
18666 51 2594
18603 7 354
16927 17 887
14956 310 15523
18028 229 11456
14886 75 3786
17875 375 18793
14956 310 15536
15154 117 5854
18763 0 33
15154 8 433
16676 330 16535
15484 116 5803
15987 326 16331
15469 318 15932
16555 69 3480
14795 3 190
15053 48 2447
18926 21 1085
17875 421 21055
16063 51 2588
14733 20 1046
16964 12 616
15014 207 10393
17503 241 12094
15733 13 668
18008 82 4110
17336 1 97
16798 19 951
14975 83 4192
17270 4 219
18605 38 1930
18044 55 2757
15970 193 9654
15154 166 8340
18246 20 1023
17861 351 17595
16889 253 12670
15986 61 3056
18753 27 1387
17985 150 7527
18741 8 435
15413 54 2736
15894 87 4384
15713 2 108
15322 54 2746
18701 220 11025
16798 108 5449
15862 296 14807
17992 82 4127
15053 48 2447
14300 181 9054
18011 82 4143
18514 28 1433
14623 249 12485
17985 138 6904
14721 2 150
14816 106 5309
14749 301 15070
14356 120 6035
15130 50 2503
16225 155 7757
15115 63 3164
15909 222 11131
18644 124 6233
18514 330 16501
14886 105 5289
14143 41 2074
17985 286 14343
18514 555 27800
14736 135 6783
15127 43 2160
14746 108 5443
17875 330 16515
15851 15 793
16506 161 8066
14277 125 6300
14335 280 14036
14664 240 12002
18712 64 3238
15318 156 7830
18665 11 598
14165 51 2594
18687 3 180
14427 264 13229
17095 97 4868
14772 6 323
18027 37 1876
14903 188 9450
16493 22 1118
17447 120 6022
18249 22 1143
15328 15 792
17753 175 8763
16410 193 9697
18604 145 7289
18028 305 15289
18741 15 774
18748 153 7665
14948 279 13957
18034 65 3297
14154 197 9894
14782 139 6976
15318 147 7374
15464 234 11731
17875 346 17317
14575 4 208
14319 2 135
14673 40 2005
15154 123 6200
16526 68 3412
18685 484 24235
16442 18 917
16199 175 8784
17055 433 21685
17028 13 692
17055 128 6401
15115 153 7694
17326 48 2446
14333 33 1677
15965 125 6264
16227 33 1691
16341 18 902
15403 95 4784
14431 39 1981
17322 38 1938
16526 43 2178
17535 70 3510
16481 116 5836
15696 76 3843
16431 196 9836
18662 7 356
16047 24 1249
16319 21 1062
14117 24 1247
15987 233 11666
14722 54 2743
18753 27 1388
16172 80 4008
18220 103 5164
17462 19 959
18924 7 374
15965 290 14544
15322 54 2746
14213 24 1247
17270 64 3209
17028 163 8159
17636 5 251
17415 77 3881
18499 201 10066
18031 88 4410
17371 55 2756
16927 21 1085
14151 70 3538
17985 78 3907
18018 46 2325
17237 493 24658
17322 5 293
14575 83 4190
17116 67 3373
18514 63 3173
15383 91 4597
17757 82 4130
17636 35 1796
15297 108 5403
17973 3 155
15098 66 3342
16341 269 13471
17447 32 1648
18024 364 18205
16047 34 1705
15115 99 4971
15296 231 11592
15987 370 18535
16199 176 8824
14942 251 12578
17267 81 4094
18024 364 18205
14764 39 1999
18752 310 15530
18752 363 18164
18018 46 2329
16058 22 1124
15909 214 10743
18732 256 12802
14543 25 1292
16432 13 676
18922 157 7867
17029 152 7622
14427 264 13248
14986 111 5599
14319 10 549
17834 63 3181
14764 105 5261
14774 176 8835
14195 130 6509
18481 113 5673
14319 13 690
14607 113 5689
17269 170 8513
15987 210 10526
18760 259 12960
14403 63 3178
18860 90 4544
14277 125 6300
15940 123 6175
14575 55 2790
14564 11 567
15279 114 5723
15867 73 3665
17423 9 455
18874 209 10466
17851 342 17113
16835 187 9369
15966 150 7522
14379 28 1442
14445 0 37
14269 41 2085
14543 148 7445
17696 54 2713
18685 484 24235
18024 345 17278
17326 58 2909
16889 81 4082
16893 11 582
15828 501 25095
18463 273 13691
16058 190 9544
14970 68 3425
17324 48 2413
17028 95 4785
17972 164 8214
14697 19 978
15279 114 5723
17177 78 3927
15640 48 2449
18923 644 32217
14143 61 3092
17973 22 1144
18516 202 10117
16227 46 2312
17462 11 586
14277 0 12
15776 2 129
14231 10 524
18662 9 476
15127 33 1672
17985 167 8378
16947 176 8803
17029 60 3008
17827 5 281
15923 155 7791
18756 12 602
17239 128 6433
17333 55 2767
15383 250 12534
17053 110 5503
14195 198 9925
14524 36 1846
17338 86 4309
18007 77 3853
16063 92 4642
15930 516 25831
15927 57 2874
14798 38 1935
18249 11 584
17636 35 1796
14986 111 5593
16783 45 2286
18748 153 7659
18481 38 1948
14623 17 869
18031 21 1053
17985 167 8378
14151 70 3506
17875 375 18793
15828 421 21068
15080 36 1832
16219 223 11163
17834 5 267
18010 81 4064
17620 95 4769
18048 365 18258
18756 125 6292
16172 31 1588
17195 117 5873
17361 257 12856
18009 22 1106
14592 10 505
18756 22 1122
18765 74 3737
16520 101 5065
15910 229 11491
14436 80 4043
18007 77 3853
17603 17 859
18631 369 18463
15163 31 1579
18760 259 12970
17990 254 12738
16199 118 5925
18031 88 4403
14970 86 4304
16344 54 2723
14190 72 3604
17140 62 3135
18754 34 1730
17300 18 901
17260 30 1520
17992 15 781
14306 180 9028
17696 8 425
17992 78 3947
18779 473 23660
17482 160 8012
18039 46 2330
14546 112 5615
17339 127 6352
14410 290 14513
15801 378 18922
14410 290 14517
16845 143 7176
14556 135 6786
18219 154 7742
14154 108 5407
17394 2 106
15430 46 2301
18697 380 19008
14886 55 2751
17679 6 309
14425 175 8766
14138 95 4762
18933 182 9105
17251 215 10763
18756 129 6465
16832 1 67
17237 233 11682
17696 54 2724
14379 210 10527
18760 259 12968
17662 32 1624
14379 28 1442
16209 287 14369
16265 16 844
16041 54 2733
17972 246 12337
14446 17 851
14390 84 4210
14772 240 12016
17462 11 599
18210 7 393
18233 141 7056
15923 388 19447
17871 34 1743
16878 158 7921
17530 7 397
17662 48 2402
16761 55 2795
14446 22 1110
14664 190 9541
16073 209 10454
15430 46 2301
18048 378 18905
17636 35 1796
14772 240 12016
17398 64 3208
15464 203 10194
18929 31 1573
18779 473 23688
17300 10 537
18630 50 2509
18499 178 8949
18752 564 28212
16073 32 1647
15130 61 3073
17851 324 16208
18756 125 6262
15909 81 4094
17851 326 16324
16101 56 2816
17343 12 604
14286 20 1028
14195 198 9918
14195 130 6509
17658 22 1119
17365 97 4875
17850 28 1417
16481 116 5836
18929 220 11019
14218 200 10017
14329 227 11390
18732 344 17214
16867 155 7751
18024 345 17278
18865 5 273
15458 57 2880
17344 30 1521
15987 177 8876
17300 18 939
14148 127 6374
15113 0 31
16205 239 11954
18752 310 15530
17662 4 250
18024 589 29462
16526 18 924
18678 329 16456
14643 110 5520
17766 33 1698
16835 304 15205
14427 143 7166
14740 57 2858
15776 2 133
18929 76 3827
16117 58 2912
18605 38 1922
14157 93 4678
15446 39 1951
14149 127 6373
14986 282 14144
14636 102 5131
14542 146 7309
15442 171 8593
18651 64 3211
17667 97 4860
15074 56 2829
18732 254 12740
18924 7 374
15294 66 3306
17851 28 1417
14942 251 12563
17053 11 578
14379 28 1442
15940 118 5917
16581 178 8923
15469 194 9707
14543 104 5227
17603 26 1307
14202 47 2379
15923 381 19093
17489 50 2542
16432 19 978
16826 169 8475
17973 13 685
17972 91 4580
14772 236 11840
14139 258 12913
14623 288 14404
15965 194 9744
14277 125 6300
14291 136 6808
18011 33 1686
14623 288 14404
14159 109 5485
16832 1 80
14269 65 3257
17055 93 4693
18665 209 10465
14306 137 6851
14446 22 1110
16047 13 679
17484 274 13717
16355 47 2394
16410 193 9678
16227 46 2312
18750 205 10281
14190 72 3625
14223 55 2774
14436 180 9016
14707 30 1526
18492 238 11934
15464 234 11731
18712 138 6943
17228 81 4077
14224 33 1693
14764 53 2652
15290 29 1460
15251 55 2759
17312 115 5791
15442 171 8593
14736 188 9425
18752 564 28212
17237 235 11770
18258 126 6302
15894 39 1997
18712 182 9124
16458 37 1877
18527 302 15105
17681 50 2533
14641 103 5155
17505 52 2644
18018 46 2324
17164 138 6936
17344 30 1530
15103 129 6456
16172 472 23601
17522 18 914
14218 61 3095
18779 32 1642
17191 31 1595
15794 17 878
16095 251 12593
14409 176 8847
18732 509 25473
17972 129 6480
15391 44 2213
14149 30 1550
15290 29 1460
16526 28 1408
15828 145 7277
14736 213 10695
17344 69 3497
17866 60 3016
15391 44 2213
17846 50 2539
18764 40 2008
14772 43 2175
14369 45 2262
15383 69 3485
16298 17 881
16051 146 7347
15403 81 4064
14772 108 5419
17366 51 2577
17237 521 26056
16058 29 1470
17333 117 5892
15464 234 11720
15923 155 7766
18860 29 1493
14795 3 163
17423 9 453
18923 543 27169
14300 181 9054
16058 29 1496
17851 259 12981
15940 214 10702
18481 81 4066
15080 34 1737
14824 305 15263
14556 135 6786
18481 120 6011
14664 240 12023
14772 43 2191
14148 27 1396
18031 88 4403
15286 201 10090
16225 155 7781
15591 183 9158
17990 405 20276
18040 26 1346
18756 128 6415
15989 500 25017
18577 264 13216
14774 160 8036
18007 77 3879
18010 101 5066
18474 233 11653
16225 155 7757
15894 39 1997
17366 23 1168
14436 160 8050
18955 136 6805
16118 96 4849
17753 175 8763
18860 29 1493
18732 50 2504
18258 123 6185
18024 62 3148
15917 102 5132
16286 548 27438
17254 58 2907
14749 61 3077
17667 61 3074
18492 238 11938
18662 7 373
18874 128 6442
18752 363 18168
14355 2 117
18010 101 5062
15279 114 5713
14575 55 2775
17858 248 12422
18922 26 1311
18955 231 11582
14306 172 8620
14319 10 539
17972 33 1700
15689 273 13676
17696 54 2725
15917 190 9533
15965 478 23918
14223 55 2793
18631 316 15839
16965 322 16141
17823 99 4989
17055 433 21654
17459 105 5266
17055 428 21448
14592 10 515
17361 56 2831
15254 97 4884
14749 61 3094
17457 158 7904
14764 105 5292
18499 201 10066
16845 302 15110
15876 52 2609
18238 218 10907
15800 279 13985
16889 245 12294
17191 3 200
18712 306 15322
18910 79 3982
14736 188 9442
14768 35 1784
18527 545 27268
17592 151 7584
17116 0 35
18750 213 10694
16783 30 1531
18045 49 2459
16979 1 77
14336 88 4402
16878 158 7921
15640 48 2402
14749 300 15043
14746 133 6664
17326 12 605
16042 11 562
16845 143 7183
18740 45 2260
18748 4 214
14149 183 9177
15783 230 11503
18701 226 11308
17419 28 1415
14664 151 7596
17636 5 251
17300 4 217
18481 38 1940
15446 22 1109
18929 118 5903
14564 10 535
16262 10 523
18860 116 5822
15251 108 5426
15266 9 464
15989 424 21232
17164 138 6908
17237 22 1115
17046 74 3745
14741 201 10073
15863 21 1095
17335 25 1299
18922 343 17184
17208 139 6983
17339 274 13726
14746 147 7378
18929 281 14076
14286 8 402
17312 115 5751
14819 10 517
18481 124 6205
17371 149 7465
15965 347 17373
14450 278 13931
14336 88 4402
14146 56 2848
15154 118 5942
17337 31 1574
14740 57 2853
14431 72 3620
15462 25 1263
16172 64 3224
14338 186 9312
15179 103 5166
18492 542 27135
18732 104 5243
17875 330 16515
15154 226 11337
15458 7 397
15469 318 15912
14355 9 459
18481 124 6202
15163 71 3590
14218 200 10017
15251 94 4702
15876 51 2552
14764 38 1932
14795 35 1791
15774 111 5554
16753 62 3105
16676 307 15390
18035 94 4708
16921 18 932
15014 37 1889
17099 99 4979
17603 20 1009
17590 1 67
15167 79 3998
18732 50 2508
18011 82 4143
14277 35 1760
17178 36 1809
14546 27 1365
17267 81 4080
15863 47 2388
17493 245 12258
15251 82 4106
15328 62 3121
14642 3 163
16798 67 3388
15910 229 11500
17313 70 3512
14335 225 11277
14764 38 1917
17973 22 1144
17423 8 425
15640 64 3224
16481 116 5836
17337 31 1574
17578 6 317
14369 107 5352
14549 210 10529
18238 176 8821
16835 304 15225
14446 25 1257
14335 211 10574
14281 83 4164
16798 67 3388
16783 48 2431
14154 81 4088
16073 209 10459
15425 13 676
15876 72 3604
14263 285 14290
17459 47 2356
14545 89 4479
18007 39 1967
18249 11 590
16676 153 7652
18651 75 3759
17840 156 7807
18712 182 9138
18685 484 24211
17871 34 1743
14403 47 2360
17415 77 3881
17603 26 1321
16847 58 2935
15862 296 14829
18753 34 1716
17423 9 461
18007 70 3546
14642 126 6341
18249 7 383
15403 174 8721
18874 199 9989
18008 91 4579
15484 77 3858
18644 124 6238
14545 89 4479
16947 176 8805
17371 55 2779
18492 143 7180
16150 359 17998
14715 41 2058
18516 224 11213
18001 11 564
17371 465 23287
16888 413 20670
16867 260 13036
15966 443 22199
14149 188 9449
15794 17 878
17590 10 543
16878 158 7941
15484 257 12856
16341 269 13491
17973 50 2523
17326 59 2951
18712 182 9124
15294 9 471
17990 209 10477
18024 364 18221
18644 124 6238
18603 184 9219
16031 2 123
16733 17 868
16520 71 3567
15318 43 2187
17046 62 3115
16893 49 2484
15099 36 1840
17116 0 19
18753 69 3496
14564 1 100
17620 199 9977
14956 310 15536
14721 164 8221
14436 201 10082
14458 46 2323
15061 252 12603
17152 21 1066
15801 183 9193
14968 127 6393
15061 252 12603
17535 27 1353
18244 24 1210
17871 105 5290
17479 8 416
18732 104 5240
17055 261 13097
17343 12 617
17840 81 4087
17481 29 1455
17504 8 401
17208 116 5817
14729 21 1071
14271 139 6987
15794 134 6723
18516 202 10117
15673 53 2689
14921 59 2990
14795 37 1889
17503 241 12094
