14306 194 9709
14901 319 15980
16894 44 2249
17182 16 825
14361 5 285
14367 187 9365
14741 134 6710
16286 31 1590
18701 236 11837
14924 14 744
18220 15 753
17197 3 185
16312 272 13630
17871 244 12230
14470 34 1723
14431 83 4174
18692 19 985
15301 26 1303
14617 78 3945
18574 91 4600
15345 193 9657
17535 11 597
15916 239 11972
14878 28 1402
15960 533 26694
15588 32 1640
18911 55 2756
18229 19 986
14302 19 963
14101 15 757
15785 175 8774
13982 127 6370
15128 117 5883
13764 250 12539
14259 114 5702
15783 308 15444
18468 267 13374
18701 236 11837
13712 31 1558
18233 279 13961
15106 14 717
14697 37 1868
15348 132 6613
15909 195 9789
17370 50 2505
13977 70 3530
17499 9 464
14068 228 11432
18920 5 253
14112 27 1366
15501 162 8111
14363 133 6653
17389 100 5010
13998 4 220
17028 15 781
17700 32 1638
14058 151 7575
18954 138 6927
17237 79 3978
18915 216 10817
13792 140 7043
17830 41 2055
14743 97 4864
15834 195 9754
14549 200 10001
17457 11 552
16186 142 7127
18773 20 1043
16214 116 5829
18701 243 12178
14877 53 2672
17401 41 2094
18740 260 13029
15980 32 1620
17744 73 3695
17448 208 10420
17132 432 21635
15264 71 3563
15901 356 17806
18644 44 2230
15946 156 7810
18035 171 8564
15222 155 7788
16845 438 21934
16453 380 19008
15491 116 5819
17302 110 5530
18666 58 2942
17865 38 1909
14349 36 1819
15147 78 3935
17237 79 3978
18676 431 21571
17079 11 566
17524 170 8533
13714 71 3556
17556 139 6977
15965 463 23176
18497 316 15840
17383 472 23638
18492 153 7663
15783 308 15444
18676 155 7800
17383 386 19314
18740 4 222
15463 250 12539
16337 56 2804
13791 101 5074
17358 63 3199
14408 31 1551
16571 46 2331
15701 258 12944
15484 323 16180
18747 1 64
15115 25 1294
15634 175 8756
14592 44 2212
13728 157 7862
18733 32 1624
16569 4 207
15330 81 4065
14938 287 14367
18516 76 3821
17655 219 10970
14301 89 4460
18699 203 10187
16036 168 8445
18794 396 19835
14948 19 973
17849 151 7590
16809 160 8004
18957 122 6131
13911 1 97
13935 202 10122
17861 300 15003
18907 4 214
15279 26 1305
18690 73 3698
17849 14 720
14725 80 4023
18492 563 28152
18754 220 11018
18953 306 15320
17783 79 3996
14163 36 1848
17125 102 5110
14418 34 1729
16161 9 460
18258 117 5874
18740 28 1416
13732 15 793
13812 40 2024
14716 61 3051
17849 184 9248
15383 138 6915
14891 54 2714
15774 65 3262
14101 54 2715
18257 32 1626
16038 430 21518
14878 72 3640
16588 199 9962
14263 291 14594
15251 167 8383
14014 5 291
14245 145 7267
16118 113 5671
14218 147 7399
18701 279 13964
14924 41 2096
14942 215 10782
17557 13 655
15402 41 2069
18039 51 2600
14020 196 9818
14549 205 10254
14989 203 10167
13809 153 7700
14626 26 1321
14686 16 833
15291 178 8909
14740 48 2413
17312 190 9504
15348 57 2893
17349 95 4799
17596 26 1347
14725 7 358
16036 32 1619
15751 36 1830
14721 116 5842
15676 201 10059
15287 52 2638
15464 255 12767
16680 22 1121
14408 5 292
15362 84 4239
16588 39 1998
16021 95 4786
17100 12 610
15279 26 1305
15900 174 8739
17383 386 19314
15402 41 2058
18619 133 6692
15422 50 2505
16227 101 5100
18685 330 16518
18740 78 3931
17067 51 2563
16225 41 2055
15785 162 8134
15251 7 374
17620 10 531
18699 203 10178
16092 17 887
18794 105 5286
18603 274 13726
15222 155 7775
14597 162 8137
18492 320 16011
17383 347 17380
15948 17 856
14572 25 1292
15161 201 10060
17429 25 1251
15834 25 1298
14148 213 10675
17783 55 2799
17495 50 2504
18634 148 7424
15065 42 2135
18062 123 6164
13780 150 7501
15308 14 745
14290 180 9009
14569 105 5295
14556 156 7802
13736 115 5784
17303 50 2543
16267 14 708
17871 244 12242
14785 27 1393
17009 17 890
15935 148 7415
17129 28 1426
16694 59 2966
16021 79 3975
14300 103 5183
16809 230 11506
13777 14 728
18219 18 943
17753 117 5853
15462 150 7514
14877 177 8867
16352 454 22744
14729 86 4321
17119 51 2557
18779 59 2975
14049 116 5824
14741 79 3973
15291 137 6879
15466 272 13607
17361 85 4276
13950 235 11799
15913 11 572
14940 282 14101
15422 105 5286
18044 275 13757
16889 275 13764
15916 239 11960
18492 331 16562
15946 42 2120
17312 190 9546
17695 10 549
13902 56 2820
16172 41 2088
15328 116 5811
15966 83 4192
16826 72 3625
17100 129 6483
15634 93 4674
17471 57 2880
17700 36 1811
15251 153 7667
15640 11 577
15391 292 14631
16243 161 8085
17005 257 12864
14020 196 9803
16094 156 7803
14885 11 579
15497 46 2324
15966 5 295
14641 127 6359
17398 8 420
15909 168 8438
17494 78 3930
17358 63 3199
16942 220 11039
18953 405 20286
17582 54 2735
17847 317 15890
13745 128 6411
14367 187 9365
14224 73 3696
15383 283 14158
15251 63 3174
17132 383 19165
18005 257 12894
15590 298 14948
17352 152 7608
18040 82 4127
17274 11 586
17065 183 9160
13709 175 8753
14063 142 7130
15140 193 9652
16935 297 14893
14012 19 989
18699 267 13380
15222 25 1279
16036 112 5621
15785 18 902
14468 116 5831
17048 9 474
15713 80 4018
15254 150 7536
15236 87 4373
14831 33 1658
14870 76 3819
17287 160 8040
17693 357 17882
15785 216 10833
13799 12 623
17955 305 15290
14206 133 6667
18779 261 13074
17100 135 6753
18233 128 6412
14716 102 5124
15318 36 1829
15324 3 186
17398 197 9864
18768 2 114
15383 38 1929
15588 211 10587
15909 195 9761
14901 171 8595
17872 62 3132
14790 197 9865
15965 267 13384
17365 130 6507
15061 51 2574
15147 36 1805
15955 56 2841
14445 125 6278
16403 67 3355
14721 116 5805
14782 99 4991
18610 97 4884
14721 82 4145
17391 49 2477
16158 367 18371
15116 100 5045
15792 175 8790
15801 252 12622
16979 64 3238
14127 223 11159
13714 158 7929
15279 57 2874
15915 482 24108
17371 513 25653
15486 362 18144
14806 61 3074
15419 5 287
14021 195 9769
18272 55 2766
16471 38 1913
17865 375 18777
16060 6 314
17459 213 10656
18261 24 1219
17366 34 1719
14626 235 11787
14551 155 7797
18031 181 9098
16158 250 12522
17986 194 9709
15930 367 18355
18779 18 939
14469 67 3367
14623 137 6888
15153 138 6905
14409 278 13950
17065 170 8525
14074 23 1169
15913 11 555
15590 324 16240
18929 200 10007
14948 113 5684
17398 197 9898
17686 338 16927
18784 26 1324
14453 132 6617
18261 24 1217
16453 380 19040
14185 12 610
17132 152 7639
14788 29 1488
16169 188 9430
14938 177 8883
15236 87 4399
17065 112 5638
15301 108 5413
18907 201 10069
17532 10 542
14185 2 137
17238 14 738
18692 21 1071
14938 277 13873
18615 118 5938
17961 39 1993
14553 78 3948
15774 465 23293
17314 43 2157
17569 38 1924
17407 0 17
16118 231 11568
17963 54 2708
18752 565 28290
17056 158 7913
14980 44 2220
13712 15 785
14729 10 503
15785 231 11571
17079 31 1568
18054 452 22633
18923 72 3603
15494 21 1068
18257 28 1425
14121 221 11063
16036 410 20527
13793 295 14790
17990 469 23472
15287 26 1347
13861 25 1283
15318 183 9160
16312 307 15363
14367 192 9642
17557 168 8410
18024 507 25357
16878 122 6142
17644 36 1837
14885 4 207
17333 178 8936
18948 122 6115
14617 76 3834
14163 36 1805
15057 113 5664
14229 72 3625
13928 99 4972
15061 219 10988
17847 167 8369
18574 91 4590
14455 108 5403
15715 105 5273
14243 140 7016
15785 222 11132
14428 153 7697
15916 172 8647
14432 77 3881
17349 101 5072
14324 32 1624
17621 186 9309
15151 312 15626
13777 148 7408
16172 347 17352
17990 390 19510
17206 65 3252
15147 69 3484
16096 16 832
18704 42 2142
15987 497 24851
13728 137 6861
16118 77 3887
15961 341 17092
17663 60 3008
16096 16 832
13794 186 9328
14367 280 14029
16807 76 3807
15497 36 1820
14987 22 1107
15961 204 10204
16021 46 2307
18603 259 12980
14074 23 1177
16052 97 4888
16389 126 6346
14901 319 15973
15966 20 1011
13774 107 5362
18795 236 11823
14088 15 772
17457 118 5946
18603 85 4257
14615 62 3146
14555 230 11507
16446 284 14239
15933 229 11494
18215 16 806
15511 62 3129
14768 33 1688
16267 49 2471
17140 5 261
15099 114 5717
14020 98 4920
14900 41 2092
14707 37 1861
15348 129 6488
14425 119 5959
15923 44 2208
17213 65 3283
17128 125 6254
15316 237 11856
14634 168 8447
14101 54 2715
14870 245 12252
16583 280 14031
18492 552 27623
14445 96 4824
16813 31 1594
17429 15 769
17371 513 25663
17240 273 13662
17459 213 10656
18489 100 5008
14394 45 2300
14467 283 14155
15500 55 2763
14300 26 1349
18911 109 5485
18747 52 2647
15965 235 11791
16420 100 5008
14764 34 1723
16466 11 557
15590 322 16111
17655 50 2527
16357 8 410
16834 50 2503
14290 49 2477
18492 331 16583
17684 27 1398
15392 69 3487
17210 39 1983
13745 128 6431
14369 20 1030
15294 105 5287
14431 93 4698
17771 26 1329
16267 14 708
13705 214 10726
14020 196 9803
14749 104 5207
15416 47 2355
15502 142 7131
17131 175 8762
14121 221 11070
16542 63 3181
17302 105 5274
17727 0 24
13945 295 14753
18229 19 951
18732 567 28383
17389 100 5005
18911 130 6515
17561 194 9717
16158 97 4854
17079 1 71
17100 7 370
14527 129 6474
15913 3 184
15900 165 8260
15987 460 23047
17119 51 2588
17753 184 9238
17459 213 10671
17975 226 11333
16584 48 2449
14542 81 4098
16105 30 1530
14020 183 9195
18733 52 2615
14551 160 8034
15935 145 7256
13950 207 10371
18779 18 908
13714 52 2631
14891 221 11085
14456 63 3176
14903 1 99
17686 338 16927
14697 71 3596
17478 169 8499
17383 386 19347
18235 123 6177
15115 147 7359
15966 5 295
14475 27 1380
14912 132 6646
14058 104 5220
15004 23 1194
15140 45 2261
14148 9 453
15989 119 5996
14185 28 1440
15689 291 14574
18644 264 13222
14764 73 3661
14277 205 10260
14056 7 362
17197 3 185
14559 51 2592
15948 92 4606
18665 159 7986
14302 7 375
17653 32 1638
18272 55 2796
16468 174 8722
13799 51 2595
14721 174 8707
17146 48 2450
14445 125 6261
17429 11 560
15930 367 18355
14980 119 5975
15166 338 16904
15702 50 2547
14938 228 11435
14740 44 2241
14634 165 8279
17022 10 536
14313 158 7945
15960 522 26120
16949 488 24436
16588 34 1725
17312 258 12934
15965 463 23161
14068 233 11675
14047 134 6718
15152 21 1057
16913 33 1685
18226 57 2851
16092 66 3337
14111 38 1907
14245 63 3191
14431 16 818
15335 222 11134
13701 21 1051
14553 295 14783
17144 183 9196
17620 194 9736
18768 5 296
14469 130 6526
14470 31 1573
17522 119 5989
13701 29 1496
14148 40 2018
15882 136 6813
16022 443 22177
16243 161 8085
14053 84 4236
14263 111 5558
15397 240 12022
15053 33 1665
17095 2 126
18907 4 214
17692 108 5441
15946 42 2135
17670 47 2377
17849 184 9227
17108 19 980
14392 52 2606
18732 541 27062
15160 82 4127
18059 169 8455
15383 283 14158
14026 102 5115
14785 27 1393
15416 32 1629
17582 18 930
16544 36 1817
14127 220 11014
16188 0 36
18225 90 4542
14938 287 14377
17488 113 5669
17088 15 786
15147 69 3484
15989 490 24524
15122 217 10854
17339 30 1521
14993 153 7683
18492 240 12025
13862 135 6761
14899 102 5140
18748 86 4325
17398 155 7755
15383 283 14158
15966 83 4192
15335 82 4107
16439 30 1528
15931 447 22398
14177 50 2505
15677 78 3949
16499 5 261
17861 173 8656
14756 99 4954
16850 253 12669
14306 24 1204
17371 188 9429
17955 246 12344
15965 124 6207
16199 372 18601
14694 7 389
18031 73 3696
15863 57 2885
17389 100 5010
15308 98 4926
14340 68 3449
17172 68 3438
15348 129 6488
17429 16 804
17579 42 2133
13945 235 11763
17503 124 6220
16741 162 8107
16310 278 13916
16676 10 545
15464 273 13676
15151 130 6541
14790 118 5916
14186 154 7706
16117 81 4056
15106 14 712
16875 4 224
17698 92 4642
14556 178 8914
15160 130 6542
13950 184 9202
14789 138 6913
14259 232 11649
15140 231 11552
17847 249 12466
16676 10 514
17095 51 2586
15930 498 24908
14555 183 9177
17389 86 4339
16141 248 12443
16090 89 4453
18062 61 3085
16458 199 9983
13950 165 8265
13807 213 10690
14592 60 3035
14088 29 1492
17172 68 3438
14020 14 724
16826 19 957
14592 19 975
16013 136 6817
16147 385 19289
17856 67 3385
16439 47 2391
15715 127 6373
14154 187 9384
18032 445 22254
14782 116 5806
15592 245 12286
14785 56 2827
16499 266 13336
18497 316 15840
15465 60 3026
15491 95 4775
15692 22 1104
13982 17 888
14772 276 13825
17719 79 3990
14716 30 1501
15391 272 13606
17849 14 720
16091 57 2892
14553 78 3918
16096 56 2808
13736 196 9820
14921 54 2731
15138 10 546
15396 20 1035
14020 183 9159
17559 82 4122
17065 132 6637
18526 87 4367
15634 35 1769
17075 117 5867
15861 79 3985
15166 324 16233
14902 298 14928
18574 377 18869
15222 155 7788
14369 51 2575
14807 249 12487
15397 93 4688
17349 101 5072
18492 331 16562
15805 10 541
17371 513 25653
14626 223 11179
14830 25 1295
15987 248 12438
16161 84 4206
14741 57 2860
17972 148 7429
14336 13 694
14543 10 546
14537 118 5927
15065 3 180
16588 199 9962
15172 74 3704
17846 24 1231
18665 466 23306
15249 136 6833
14093 232 11602
18794 105 5286
14053 47 2360
13991 162 8128
16426 28 1429
13861 192 9616
17535 103 5180
18039 51 2574
15019 0 33
18770 11 588
14617 76 3842
16095 417 20852
14363 120 6041
17067 51 2563
18779 59 2951
18911 130 6508
15416 102 5145
17009 17 872
17303 85 4295
18261 24 1217
15445 1 99
15335 137 6898
14559 51 2592
14559 51 2598
18685 106 5309
14111 38 1907
15183 32 1613
17961 39 1972
17387 20 1049
14047 30 1542
16298 82 4135
17655 219 10955
16828 36 1845
16446 259 12967
14805 53 2661
17065 94 4735
16063 32 1607
14558 30 1545
18489 100 5008
18035 39 1975
14881 96 4833
17631 57 2899
17371 233 11693
17070 266 13318
18257 32 1602
15801 120 6022
13954 55 2775
15106 88 4433
18701 280 14018
14907 53 2652
15279 26 1334
14697 71 3557
14774 279 13976
17138 57 2889
17459 213 10683
15422 105 5266
14427 207 10377
16036 168 8445
15676 213 10687
14053 90 4513
15785 222 11113
14125 90 4538
16141 248 12443
17992 69 3489
16494 20 1018
18623 81 4092
14263 111 5558
16520 117 5890
14677 62 3142
17448 92 4608
18603 93 4672
14445 96 4824
15115 3 183
14924 191 9592
14259 114 5724
14464 169 8454
14729 197 9858
15160 81 4099
17157 59 2985
18634 248 12404
17139 132 6610
15339 188 9443
14980 44 2220
14721 88 4429
18678 125 6258
15236 87 4376
13923 190 9526
15160 81 4054
18574 191 9552
15254 130 6509
18623 81 4092
18731 40 2029
15222 162 8141
17849 251 12588
17111 34 1746
14379 204 10210
15877 266 13345
17380 46 2301
16894 32 1601
14912 202 10133
14556 8 424
15762 243 12151
18923 642 32149
16744 27 1390
13861 36 1825
14093 106 5336
14079 78 3918
16403 1 58
13803 200 10041
15777 65 3282
15499 76 3848
18794 58 2949
18005 34 1732
15930 302 15120
14626 64 3212
13789 153 7659
15392 73 3662
16458 85 4269
16021 124 6204
13935 202 10132
16426 44 2207
15127 45 2298
17135 47 2385
15275 1 57
15328 85 4273
17963 67 3400
13940 28 1439
16075 444 22249
16403 1 58
15330 54 2732
15057 106 5322
17380 53 2682
18005 34 1732
14721 174 8730
15923 343 17189
14368 161 8057
16052 424 21216
17874 88 4440
14105 128 6429
15785 167 8391
18933 171 8565
14643 278 13901
16878 76 3802
15447 50 2505
16161 114 5746
14336 46 2323
17239 292 14624
14556 78 3923
17313 251 12587
13725 79 3988
18907 34 1745
13902 56 2844
15676 215 10771
14592 37 1869
18283 111 5565
14157 175 8758
15291 307 15353
15683 70 3534
16013 49 2477
14617 38 1947
14551 24 1206
13765 148 7439
17413 262 13131
14020 4 223
15343 6 329
18645 87 4394
13731 18 906
17468 11 578
16772 69 3496
17100 129 6483
15486 357 17853
15930 302 15120
18701 34 1741
18954 138 6927
13776 26 1308
17871 326 16308
15489 146 7302
17158 70 3537
13791 101 5074
17210 130 6540
17851 294 14729
15960 188 9423
14377 283 14164
17830 41 2095
18497 291 14568
17744 73 3695
13763 105 5263
14450 262 13111
17079 1 79
14771 244 12247
15464 167 8368
17245 19 985
15528 99 4971
17303 87 4356
17210 191 9551
15689 264 13221
14058 104 5240
17413 359 17962
14549 142 7121
15970 444 22201
14369 160 8018
18031 73 3696
14014 18 918
16006 268 13418
14542 113 5680
14938 39 1964
17974 285 14269
14885 11 579
17415 107 5378
15291 137 6879
16571 46 2322
16555 81 4057
16352 435 21794
15464 167 8368
17985 391 19555
17070 286 14325
16584 67 3398
18492 552 27613
14079 113 5674
15392 73 3653
15669 62 3149
15484 306 15313
15785 216 10824
15391 272 13606
14938 27 1392
17157 4 239
13712 31 1576
14114 197 9865
16063 155 7771
14066 55 2785
14790 197 9879
13774 107 5362
16063 152 7607
14634 104 5233
17655 95 4794
16052 97 4888
18235 83 4151
15603 202 10125
14107 55 2798
16090 202 10118
18636 319 15974
14467 252 12605
14068 217 10865
15261 5 294
14556 156 7838
18920 2 133
17840 225 11273
15692 42 2148
15933 113 5658
17978 23 1179
16022 95 4789
14625 26 1338
18709 77 3898
13742 81 4090
17488 73 3682
14410 78 3925
17566 33 1683
15397 128 6409
15383 283 14158
14940 64 3228
14782 119 5969
14185 13 691
14093 106 5331
14891 134 6742
14450 294 14720
17987 106 5311
15479 263 13180
16584 88 4421
16802 194 9743
18922 242 12116
17663 60 3008
16006 234 11741
15392 125 6290
14095 189 9500
15500 164 8250
17695 82 4106
17327 5 289
13732 47 2356
18920 13 674
17830 33 1670
18634 115 5752
14367 157 7858
14464 88 4402
17780 17 857
14020 183 9170
18644 142 7131
17048 14 733
15946 9 473
16289 35 1783
17478 169 8499
17678 22 1107
18920 5 274
14377 242 12130
15140 231 11552
17324 100 5003
17569 37 1868
15918 28 1430
15913 52 2623
14020 4 216
16051 100 5017
15491 100 5012
17847 317 15883
15492 43 2193
17157 4 238
15774 296 14810
16118 77 3863
16494 20 1028
16947 1 66
15115 3 177
14021 251 12553
16741 506 25320
18933 105 5290
17132 493 24664
18665 139 6972
14597 162 8137
17457 165 8271
15335 82 4107
17652 58 2903
13862 135 6761
17675 78 3904
15117 154 7728
14293 157 7862
13701 215 10785
14053 58 2948
14367 153 7693
14408 5 292
14543 284 14246
14300 118 5907
17100 152 7643
17584 53 2659
17847 314 15723
18208 29 1456
17985 396 19808
17028 15 781
14224 64 3233
18644 94 4740
15116 194 9701
14551 8 407
17313 2 129
14074 15 782
16158 406 20318
15002 30 1534
13963 6 313
14831 33 1699
16676 51 2595
15392 69 3487
14763 26 1320
14644 285 14257
14877 53 2672
14782 16 812
16243 167 8394
16006 64 3246
18790 312 15627
14172 43 2157
14626 172 8620
18235 214 10742
14014 5 291
15309 18 922
15491 100 5012
15416 102 5135
16964 263 13182
18032 403 20167
15473 150 7540
15469 240 12049
14377 27 1399
18922 426 21302
17448 208 10420
15633 27 1386
15254 130 6509
16906 26 1319
17620 194 9713
14559 270 13510
17669 32 1648
17692 14 711
16021 95 4786
18665 159 7986
17240 455 22795
18526 72 3602
15593 265 13253
15677 78 3949
14993 94 4726
17678 22 1104
14899 279 13954
17469 116 5803
16889 255 12790
14741 2 119
13776 26 1308
15328 166 8316
16782 31 1576
18228 85 4286
17065 83 4183
14990 41 2082
13977 70 3537
14377 271 13555
17686 24 1248
14068 236 11824
14109 4 235
15504 80 4017
17220 53 2691
14754 0 41
16152 43 2161
15640 11 593
16845 247 12363
17119 41 2059
17413 357 17861
18740 4 212
14741 150 7511
14746 181 9088
14535 122 6112
16826 359 17973
16095 202 10113
18032 258 12916
17239 297 14897
15124 60 3041
14452 44 2230
15222 162 8102
14609 176 8819
14707 55 2761
15057 81 4055
15383 38 1929
15222 19 966
15901 287 14351
14068 236 11824
15419 5 257
17100 135 6753
17990 390 19527
14274 184 9239
17410 18 930
15590 421 21054
13725 79 3988
18059 141 7093
16094 281 14094
15383 283 14164
13763 105 5263
15504 92 4646
16466 11 592
15160 73 3682
18272 55 2796
15966 20 1011
16013 31 1568
14377 283 14187
16858 80 4002
16544 122 6104
15291 111 5592
17400 9 474
18245 67 3396
17067 51 2552
17239 232 11616
14431 115 5761
16416 2 143
17865 402 20147
17686 24 1248
18754 27 1389
17108 23 1178
17700 32 1641
18953 405 20281
16426 44 2205
15425 12 604
18226 102 5124
18665 466 23335
16467 282 14108
17361 321 16082
15504 51 2562
15128 117 5883
16092 109 5494
14475 27 1369
15348 144 7235
14716 30 1507
17686 157 7882
18235 262 13121
14431 16 818
14068 227 11386
14274 187 9354
17756 5 297
15587 27 1393
16092 7 368
18685 221 11065
15751 36 1830
14148 16 802
13861 75 3780
18754 220 11022
14760 152 7646
18492 217 10897
17046 82 4124
14186 154 7735
14274 187 9354
17992 48 2402
18005 34 1748
13709 56 2810
14290 2 118
14343 321 16066
16818 30 1550
14569 173 8691
15115 147 7351
14032 52 2621
14697 71 3596
14377 283 14164
15151 251 12593
17753 160 8028
18704 42 2142
15166 324 16244
13742 81 4090
16807 76 3840
14801 291 14580
17206 197 9896
14763 26 1347
14368 135 6756
