14117 12 644
17504 31 1590
17353 12 626
18021 514 25705
18218 160 8003
17213 83 4173
13962 13 661
18286 33 1673
14736 268 13422
15507 2 123
15909 36 1838
17206 104 5206
18032 249 12493
18903 356 17811
18514 105 5276
13911 140 7025
18218 160 8003
18039 55 2800
14468 110 5505
15927 82 4124
17853 15 760
17726 83 4171
15478 358 17930
17407 141 7092
18615 438 21945
17652 50 2501
16920 9 467
17451 326 16331
14030 74 3713
16891 10 549
15350 43 2176
18752 161 8067
15234 174 8722
15466 256 12837
13767 50 2528
17521 1 66
18235 41 2075
15593 139 6951
17479 26 1311
18923 416 20828
18765 104 5213
18474 260 13021
15482 116 5831
14603 15 792
15902 436 21828
18678 226 11338
13739 19 952
14335 232 11609
17383 416 20806
14030 50 2509
18645 40 2041
17578 11 579
15154 74 3705
14418 139 6967
18928 35 1760
14530 8 446
15872 38 1940
14372 63 3168
16205 122 6103
18794 113 5651
17563 79 3964
17793 41 2064
15952 132 6646
18235 236 11827
14939 67 3379
17591 86 4350
17210 229 11487
17169 246 12344
18225 449 22454
14611 182 9120
14873 41 2059
17692 190 9532
13937 40 2047
13739 19 991
14218 7 397
15639 189 9475
18760 150 7504
18488 314 15706
14220 18 938
15701 218 10927
15125 174 8736
15592 96 4815
17004 286 14311
17451 311 15578
16221 23 1183
13805 273 13656
14067 47 2373
15828 302 15114
14993 66 3308
14096 66 3337
14451 15 799
14306 198 9910
17611 105 5269
14814 114 5702
17091 45 2266
14171 47 2374
15593 178 8934
15478 226 11307
17387 40 2046
18793 40 2015
15901 183 9190
14603 15 792
13913 288 14435
17044 10 523
17963 53 2699
15592 8 443
14080 240 12024
16891 154 7712
16584 94 4709
14828 198 9910
18244 362 18112
16852 70 3523
18021 370 18538
15909 36 1838
15382 184 9233
13787 23 1177
18646 65 3289
18631 54 2741
18692 299 14987
17055 18 936
18286 90 4533
16444 83 4154
17451 311 15592
18794 7 365
15676 184 9236
14438 179 8974
17973 46 2320
15762 80 4004
15783 233 11683
16118 79 3963
14985 64 3211
14902 135 6765
15345 148 7434
13896 31 1585
14291 24 1201
15106 208 10433
16158 32 1619
17648 0 35
14007 121 6068
14789 122 6107
18021 77 3899
16168 42 2114
18882 119 5962
14129 44 2212
13773 53 2668
15927 84 4248
18929 173 8680
14007 121 6098
16499 233 11665
16158 108 5402
15116 281 14055
16759 7 393
15701 510 25547
14749 223 11164
15527 3 194
17849 16 841
14784 9 488
15111 282 14143
17314 66 3315
13780 143 7191
18218 216 10820
14824 231 11557
14165 54 2749
16036 318 15910
15149 22 1132
16759 7 397
16960 47 2400
15923 367 18396
17858 168 8431
18010 225 11255
17648 12 630
18918 116 5824
15111 47 2382
18245 199 9975
15859 109 5467
15274 35 1789
15442 51 2567
18765 320 16019
18244 284 14202
14924 135 6790
17701 55 2773
17701 2 108
14212 222 11143
17196 55 2782
15017 116 5837
17853 7 400
18687 351 17556
18910 140 7035
16152 39 1957
16762 37 1900
18719 179 8966
18261 4 245
16109 49 2471
14610 273 13673
17561 3 183
14446 11 552
16962 191 9562
15701 255 12789
17726 51 2558
13935 110 5505
13763 247 12396
16199 126 6338
13736 177 8856
16172 32 1632
16743 21 1053
18021 422 21124
18701 21 1082
14582 1 65
15931 42 2138
15174 58 2926
17631 20 1021
14760 149 7451
13913 55 2792
16750 1 95
15315 6 336
14105 124 6220
16119 463 23166
14375 133 6695
13895 62 3128
17955 206 10319
18032 186 9323
17243 86 4312
16821 207 10396
14977 15 789
14874 160 8016
15308 46 2322
14725 122 6134
14750 17 895
15928 53 2696
16433 39 1951
15970 93 4665
14626 143 7166
14901 310 15514
14007 126 6340
17240 243 12169
17472 17 862
15130 70 3521
18714 165 8281
15867 142 7129
16753 112 5643
14112 90 4543
15398 357 17867
14631 257 12883
17761 63 3199
14372 13 663
16947 129 6469
18685 501 25094
16852 148 7418
16422 20 1029
15722 89 4460
15592 175 8767
17985 338 16945
18903 356 17811
14736 256 12802
17701 55 2752
16122 161 8063
13763 254 12701
16118 79 3963
14229 61 3080
16906 46 2328
17323 27 1381
17985 225 11272
13861 46 2336
14729 115 5752
14124 176 8818
18031 262 13139
15099 35 1787
17410 2 141
18933 332 16630
17169 23 1188
17560 138 6941
16271 8 412
15961 70 3549
14603 15 792
15079 15 795
14220 39 1961
17987 76 3828
17500 18 918
18959 17 892
15592 8 407
14112 59 2956
15806 121 6055
13913 91 4572
18032 175 8798
18603 256 12803
17985 181 9096
18574 340 17024
14549 141 7053
17560 41 2081
14597 144 7235
18685 238 11921
14644 281 14081
17861 396 19806
17090 64 3246
15785 155 7780
17478 125 6285
15274 35 1789
17696 9 472
14708 24 1233
17220 23 1199
14446 11 573
15715 192 9620
18760 149 7470
15946 534 26704
15894 0 45
14000 57 2857
17631 20 1022
14539 234 11702
14912 148 7402
17985 321 16097
18265 8 449
17323 23 1199
15238 175 8767
18044 452 22615
15166 350 17542
14040 28 1439
13780 143 7190
14428 194 9713
17196 57 2899
14597 65 3263
13803 195 9793
18242 178 8931
17652 55 2799
17973 46 2336
14543 95 4754
14789 70 3542
18760 149 7486
15125 174 8736
13712 74 3711
17560 56 2819
14542 289 14461
17204 108 5409
14350 2 103
15395 29 1497
16849 187 9390
14562 71 3565
14766 22 1148
16052 7 358
18673 47 2352
14690 25 1267
16317 40 2005
15179 132 6640
18924 4 247
15491 270 13510
16172 377 18856
17387 5 267
17726 126 6350
17683 89 4483
17975 253 12662
14736 271 13569
13861 127 6385
15360 23 1181
14024 24 1241
17695 1 91
15828 302 15114
15915 162 8144
13923 25 1264
18495 157 7867
13719 1 73
17724 34 1747
16307 49 2479
17325 5 263
14392 88 4443
14259 82 4103
18922 574 28707
16358 49 2497
17684 150 7516
17973 27 1365
14673 16 841
18865 72 3629
13921 47 2358
14212 184 9213
14030 71 3554
13725 194 9719
14030 116 5812
17671 320 16011
17724 53 2661
17312 186 9324
15961 352 17649
13763 93 4674
13865 251 12570
16172 413 20671
17655 271 13587
14140 33 1691
18024 366 18322
16843 299 14996
15415 226 11302
15588 297 14857
18947 143 7184
18701 116 5834
18225 561 28079
15161 60 3017
18218 160 8003
16894 5 286
17996 103 5172
15350 197 9881
18272 29 1477
14319 18 934
18760 149 7496
17521 20 1027
15766 15 775
18685 238 11921
14205 12 642
14063 231 11569
13729 80 4045
18021 454 22711
18692 299 14987
18782 52 2618
14545 6 318
18765 320 16042
16341 416 20825
17078 65 3289
14043 20 1030
17521 20 1027
13762 260 13050
18646 48 2444
15931 0 10
16199 27 1370
14874 178 8906
16147 327 16393
15927 38 1902
14007 84 4216
18741 27 1397
17874 3 197
18795 143 7194
18218 300 15001
16513 15 795
15291 266 13305
15794 119 5971
17137 41 2054
14281 52 2618
13791 97 4896
13767 11 596
14611 222 11126
17401 8 431
18514 105 5255
14802 70 3539
15315 30 1549
18021 283 14156
16061 7 387
15410 77 3872
18872 1 92
18954 328 16431
13809 41 2089
16172 462 23122
16292 76 3845
14580 143 7158
15961 391 19556
14874 239 11965
15783 233 11683
17407 105 5279
14080 140 7049
15183 40 2047
15669 29 1455
13739 19 952
17108 25 1288
17990 64 3205
17208 83 4178
15250 73 3691
15128 145 7277
17137 146 7333
15873 200 10030
16158 53 2674
15730 0 11
14750 17 895
17030 44 2224
15492 32 1612
14030 58 2921
15174 58 2926
18915 331 16583
14157 60 3021
15061 71 3565
16867 40 2002
16529 30 1550
18699 161 8089
13979 181 9091
18244 163 8164
17255 14 741
18615 438 21945
15422 46 2311
16339 159 7962
14553 294 14748
14603 88 4419
16357 50 2508
17853 2 119
13708 85 4266
15498 152 7644
16743 21 1061
17312 203 10159
16281 433 21651
16109 148 7414
17662 129 6495
15411 113 5684
14418 139 6967
17206 332 16630
17724 14 734
16852 197 9872
13779 223 11151
18795 235 11792
14729 57 2877
13876 260 13011
17497 197 9868
17053 113 5684
13791 54 2723
15783 213 10695
17667 9 482
17727 38 1950
14816 152 7611
17111 182 9147
15423 41 2096
18924 103 5177
15801 140 7032
17220 23 1199
16221 1 64
17144 22 1133
15486 227 11386
18021 507 25380
18923 243 12185
14914 250 12532
16169 301 15075
18024 291 14557
14690 21 1096
15592 138 6940
18010 225 11255
18733 47 2386
14220 18 938
16821 409 20463
17986 10 510
16188 135 6779
15238 5 266
16894 224 11211
15792 76 3822
15183 12 601
17410 60 3035
15155 34 1719
17011 199 9960
15420 7 359
13702 141 7083
18035 41 2073
15877 87 4365
14063 92 4613
17344 118 5913
15098 79 3954
17651 6 308
13937 40 2015
18935 167 8376
14784 9 488
15115 118 5941
17467 5 263
17011 199 9969
15242 182 9121
16232 156 7825
17686 274 13750
16853 0 21
14021 75 3786
14468 26 1336
16752 10 501
16119 273 13699
15252 34 1728
14874 17 851
15794 56 2820
15783 128 6433
17240 512 25612
14344 14 736
17087 45 2280
17560 56 2819
16226 3 185
15800 48 2429
16544 102 5118
17255 24 1224
14392 238 11947
18235 182 9108
14690 26 1326
13707 144 7241
16994 37 1883
18034 86 4311
14067 58 2904
16013 212 10623
13982 109 5469
18794 362 18144
14455 95 4797
15828 446 22333
14342 288 14421
15125 134 6725
14063 92 4613
17563 79 3964
15339 0 34
16228 232 11650
18935 167 8376
16169 78 3938
18665 250 12549
17755 14 737
14715 57 2871
17596 6 314
15762 233 11691
16889 250 12543
17048 85 4271
15411 153 7690
15174 204 10202
13862 79 3987
17990 82 4142
18272 75 3782
15386 23 1156
13745 119 5996
14882 96 4824
16021 219 10980
16529 73 3678
18673 105 5300
17398 246 12330
14914 101 5090
15961 71 3562
17087 317 15874
14981 173 8697
13865 251 12570
14592 81 4062
16106 53 2682
17630 96 4848
17858 64 3234
13807 25 1275
17316 115 5753
18244 307 15367
18794 52 2649
14186 15 767
13929 10 508
15252 20 1011
18795 50 2542
17724 14 720
14882 57 2859
13714 50 2528
13766 118 5929
18282 94 4725
17691 55 2763
16101 69 3484
16821 243 12193
15074 15 782
18673 92 4650
15286 12 635
15411 241 12087
17975 52 2622
18645 68 3450
15086 30 1505
17344 118 5913
18910 86 4302
14623 52 2631
13913 55 2790
15507 4 226
18245 186 9349
15396 145 7295
17871 25 1252
16506 5 257
14763 56 2824
14451 15 799
16731 459 22979
17793 41 2088
17166 7 355
15915 129 6490
16075 341 17073
14924 93 4652
18931 90 4510
15491 330 16504
17990 365 18298
17978 30 1501
18021 77 3852
17524 54 2715
17985 159 7973
17352 44 2249
15106 17 872
14438 137 6874
16731 165 8281
17614 117 5872
16962 191 9562
15442 35 1766
14205 12 642
15398 372 18628
18244 98 4934
14924 228 11414
17874 64 3216
14043 66 3340
14350 9 496
18228 189 9475
14399 145 7286
17210 230 11534
17128 25 1273
14040 28 1439
14985 64 3222
15970 334 16728
13803 16 806
17435 16 831
14873 41 2059
13791 122 6124
18497 206 10337
15492 28 1429
17169 6 309
15128 177 8852
17990 129 6490
18714 175 8795
14917 3 158
17986 10 510
18923 291 14562
17166 5 273
17327 75 3755
13714 72 3631
17309 43 2168
17169 322 16141
14784 57 2860
18244 279 13973
18044 230 11543
15894 185 9260
17985 149 7488
14631 108 5428
15099 151 7583
14108 112 5625
16867 37 1889
15118 186 9339
18488 314 15706
17162 171 8557
14899 87 4351
17620 241 12077
16540 19 960
15888 24 1211
17697 15 769
16949 437 21870
16150 92 4618
18615 319 15957
15900 138 6912
17325 5 260
18218 185 9255
17206 486 24319
18057 38 1926
17851 173 8651
17352 44 2249
17435 16 805
18659 109 5489
17312 186 9324
15291 125 6267
14998 17 859
17467 60 3023
16762 1 58
17840 132 6645
17354 20 1038
14582 1 86
16411 87 4384
14044 30 1541
15976 101 5084
17615 4 218
16226 18 934
15466 256 12808
14824 231 11557
18882 143 7154
17840 369 18480
13767 88 4407
15128 229 11487
14873 249 12468
18753 138 6906
18795 50 2541
17414 40 2032
17352 290 14528
13792 65 3284
16339 159 7962
14291 25 1268
16250 17 898
14121 47 2360
18741 27 1400
13929 10 508
16994 37 1869
17131 203 10162
16134 297 14893
18678 317 15895
17309 17 878
14607 67 3358
16228 158 7946
14743 44 2244
14986 104 5241
17684 154 7731
18021 77 3856
15862 5 288
15883 39 1951
15114 98 4928
14580 23 1180
16825 99 4977
15457 194 9707
17514 3 169
14080 140 7049
18286 111 5562
18574 340 17017
14801 150 7527
14550 301 15100
15395 29 1497
17087 361 18080
18496 74 3722
16579 76 3811
18286 111 5591
17422 26 1342
17598 18 917
13708 2 118
17972 127 6396
14959 269 13468
18724 19 984
15291 204 10204
17678 37 1897
14558 55 2763
17727 22 1148
17398 246 12330
18678 309 15489
13762 57 2894
17851 128 6411
17090 64 3246
18225 140 7049
17126 118 5904
15322 137 6882
14802 301 15051
16437 8 428
14124 203 10178
16107 86 4332
14617 32 1624
16172 301 15094
18615 117 5859
18218 300 15029
18765 183 9193
17956 128 6449
15882 198 9914
16172 27 1367
16228 230 11521
18651 172 8633
16960 47 2400
14080 115 5799
16387 45 2275
13803 16 838
17648 10 512
15762 330 16544
17186 2 119
16874 403 20189
16946 130 6508
17314 66 3335
16529 38 1905
17869 180 9042
14729 57 2877
17162 171 8557
18699 180 9016
17307 17 896
16158 260 13023
18044 329 16477
15486 8 421
15350 138 6903
16158 343 17184
15960 140 7016
15116 281 14055
14816 152 7614
13791 54 2750
13803 16 838
13965 18 926
14592 69 3484
15931 521 26076
14580 9 493
15877 58 2908
18910 140 7024
14335 160 8008
14993 66 3308
14152 47 2354
13791 8 435
16389 64 3250
14209 120 6042
14438 254 12714
17004 229 11478
17204 108 5409
14801 40 2021
14729 89 4451
18233 171 8577
15339 180 9021
14446 18 912
14464 66 3342
17522 59 2962
17545 36 1802
17985 229 11488
13874 11 579
14372 83 4152
16112 207 10388
13773 113 5675
15961 188 9436
17637 115 5775
15154 74 3719
18724 33 1677
16317 86 4317
17978 135 6782
18044 230 11539
13809 135 6798
15901 183 9154
17243 13 651
14421 11 571
14924 158 7918
14366 31 1561
18615 117 5867
18218 111 5565
17615 4 218
18286 78 3911
18701 21 1068
14431 47 2391
14313 107 5371
17213 81 4063
14580 23 1180
17055 295 14781
15130 26 1318
13982 34 1710
18603 170 8539
17472 17 896
18032 270 13504
16741 354 17726
17667 85 4288
15794 119 5971
14080 181 9051
15923 497 24871
14771 204 10221
17367 18 911
16867 276 13827
16199 27 1370
15486 177 8888
16158 53 2676
18935 71 3575
18678 317 15895
16750 33 1656
17783 141 7053
17869 92 4638
18510 339 16976
14458 37 1861
14805 29 1498
17128 108 5401
16422 23 1178
16200 75 3771
17545 10 501
17693 163 8198
13861 28 1416
15592 120 6040
17766 43 2197
15682 106 5305
16906 46 2337
15762 149 7472
16169 333 16688
15446 66 3302
17306 68 3432
13791 244 12245
15397 152 7627
14220 43 2185
14912 73 3694
16894 135 6782
18603 256 12823
14924 229 11478
18235 247 12367
17793 41 2088
16051 85 4262
15783 167 8382
15927 320 16035
14568 25 1287
16172 224 11235
16228 219 10978
14159 183 9176
17344 118 5913
14108 88 4426
18062 241 12092
16551 328 16413
14107 72 3619
14530 8 422
16169 362 18149
16052 208 10445
16162 0 50
15160 61 3077
14335 232 11643
15125 134 6725
17578 2 140
18021 77 3894
14335 160 8008
14631 27 1362
18938 17 895
18918 142 7135
15397 219 10977
17663 21 1095
14007 0 9
15382 78 3942
16731 459 22995
13911 147 7399
15588 297 14851
14446 24 1208
17326 81 4067
14453 169 8467
17987 76 3843
14067 57 2889
15794 119 5971
18574 401 20078
15174 105 5271
16221 38 1944
14306 145 7296
18048 379 18997
15923 344 17214
15677 229 11489
17727 38 1942
14313 270 13515
14203 52 2609
15774 490 24524
15722 36 1803
17667 246 12336
14392 238 11947
18935 174 8724
18054 15 781
14729 89 4493
17349 46 2327
14306 198 9916
17131 2 143
18469 185 9290
18242 101 5083
14043 39 1958
14725 161 8098
17479 21 1091
16877 24 1215
14453 107 5381
17307 31 1551
17598 39 1995
17034 221 11096
17684 44 2228
17521 84 4206
16052 208 10431
14409 155 7777
17655 410 20528
18795 235 11792
14592 81 4085
17500 60 3021
15154 65 3261
18032 270 13504
15339 262 13107
13762 64 3218
13732 99 4966
17111 182 9147
18286 191 9561
15783 362 18115
18793 56 2839
15125 66 3307
16298 110 5524
14357 5 289
17987 38 1904
17137 16 818
18779 17 897
18034 62 3116
15412 167 8382
15397 226 11350
14617 32 1633
16529 38 1905
14788 49 2488
15425 40 2044
18010 232 11648
13721 25 1296
16778 73 3674
16109 148 7431
14171 47 2374
18242 93 4667
17328 29 1484
14891 46 2326
16471 80 4044
15806 121 6080
16119 186 9314
14559 282 14105
18954 3 160
17684 75 3780
13763 14 750
16750 1 76
16986 14 708
15231 157 7869
15751 52 2629
13779 87 4389
13935 227 11367
17196 55 2782
18955 54 2748
17011 16 820
14455 95 4791
14030 104 5209
16894 89 4478
15251 159 7968
17246 7 399
16875 22 1102
18927 65 3269
13736 51 2587
14186 15 779
17529 22 1123
17138 52 2603
13791 148 7430
14551 204 10239
17739 19 966
14959 31 1580
15415 52 2615
15634 126 6312
13732 128 6414
17217 106 5328
16011 154 7712
17849 103 5195
18733 50 2541
16975 191 9576
17830 25 1286
17479 6 315
18794 85 4256
15867 145 7265
17648 10 521
15915 129 6466
15339 28 1433
17306 68 3432
18048 352 17611
15590 171 8554
18021 422 21119
13862 174 8708
18732 26 1322
16023 454 22703
15099 15 783
18692 78 3938
15478 358 17930
17754 75 3777
17965 15 751
15966 369 18456
15242 182 9106
17648 13 693
15785 59 2984
16524 389 19498
16889 48 2401
14000 54 2719
17663 21 1074
13770 10 529
13862 35 1800
18005 199 9972
14062 241 12052
16529 33 1662
15588 354 17744
15267 163 8196
15353 170 8541
14431 62 3148
18044 230 11543
15952 134 6704
18463 177 8887
15792 222 11105
16118 120 6040
16169 100 5011
17678 6 340
14981 9 471
15959 50 2521
17793 41 2088
17648 13 693
14597 144 7226
14530 1 73
15335 125 6270
18495 127 6395
15057 122 6132
17965 263 13160
15416 85 4270
16094 464 23242
14771 34 1711
18612 87 4386
17727 38 1942
13945 178 8901
18910 88 4402
13767 91 4583
17620 227 11371
14583 69 3486
14537 117 5854
14455 38 1907
13913 142 7122
14185 8 422
14687 11 569
18724 33 1677
18031 291 14584
14530 8 446
14550 280 14006
15111 57 2893
15386 23 1184
13937 40 2015
18923 408 20425
18927 61 3094
15409 17 900
18021 260 13001
14897 153 7663
15900 138 6912
14350 42 2149
13791 97 4896
14375 224 11234
14569 77 3897
14464 240 12009
17847 120 6032
15491 46 2348
15274 35 1762
14372 84 4213
15722 89 4458
16551 373 18691
16232 86 4327
17693 82 4125
17144 21 1085
18021 637 31896
14375 73 3684
14009 90 4539
15392 114 5713
15116 302 15131
13911 147 7399
14592 69 3490
14080 205 10287
18005 180 9048
15851 92 4626
17974 255 12761
15715 197 9857
18272 29 1477
15808 51 2577
18229 41 2068
18466 48 2436
18794 60 3034
14122 36 1806
14531 35 1783
14555 141 7073
14103 105 5262
14067 30 1518
15463 210 10547
13725 126 6349
14030 89 4487
15931 14 743
15149 22 1132
17482 112 5613
13942 75 3761
14259 9 474
18699 180 9037
17426 2 142
17467 5 263
17030 93 4677
18794 162 8149
17095 16 830
17195 209 10459
14924 135 6787
15954 208 10415
18794 162 8142
16101 81 4073
18615 438 21945
14553 292 14616
18752 534 26735
13896 70 3550
16158 66 3343
15267 77 3862
18052 49 2465
17132 182 9147
17661 29 1478
18225 79 3994
16021 433 21671
13913 91 4572
17987 138 6944
17663 21 1095
16094 242 12107
15427 12 615
17053 91 4556
14729 29 1472
14611 182 9129
14067 191 9553
17137 61 3058
18018 43 2194
15774 249 12481
15222 237 11875
18773 12 601
14191 204 10228
14699 11 567
18267 33 1655
15115 7 363
14093 182 9122
16060 102 5133
17255 28 1413
14725 118 5901
17087 4 229
17029 179 8999
16726 143 7176
15440 44 2216
13803 16 838
18057 137 6877
14171 17 900
14293 70 3516
17871 250 12539
18218 300 15001
18527 274 13720
17111 105 5275
15894 0 16
14690 25 1260
14768 115 5762
18034 62 3102
17693 153 7667
13807 98 4916
15593 178 8926
17239 266 13322
15428 252 12619
18701 8 425
14107 72 3619
14936 32 1604
16761 380 19004
14597 100 5011
16150 92 4618
17614 35 1751
18495 105 5256
15291 319 15953
17125 21 1090
15411 153 7690
18010 225 11296
16339 207 10379
14814 114 5702
17055 146 7334
15783 343 17167
18760 149 7476
15766 37 1885
17722 121 6094
17978 126 6319
14464 84 4219
16679 64 3240
14438 178 8904
16802 234 11708
17521 20 1027
18229 1 60
13861 125 6275
15267 77 3862
17963 66 3319
13950 180 9029
17615 6 306
14555 273 13691
18024 291 14557
14446 11 573
15433 170 8506
18482 25 1296
17663 21 1095
15103 225 11286
16250 36 1828
13763 244 12229
18218 253 12698
17196 55 2782
16874 443 22196
14749 4 215
18497 351 17568
14191 209 10464
17978 126 6319
18574 349 17485
15166 70 3531
18228 187 9380
18953 316 15848
17479 7 361
14007 121 6098
15267 163 8199
17458 55 2787
14209 125 6276
17365 29 1487
17367 90 4540
16540 1 76
17630 23 1180
17390 21 1095
18637 138 6924
18021 390 19514
14580 9 494
17521 37 1865
17314 57 2851
17965 11 570
17849 168 8425
14749 191 9597
18918 139 6978
18923 408 20441
14537 52 2650
18954 250 12519
17169 322 16141
18005 112 5637
17698 6 336
15386 107 5394
18245 210 10502
14038 39 1977
14558 147 7396
18603 170 8521
18923 474 23725
17592 93 4675
14203 18 950
17307 4 209
18021 260 13001
14541 167 8386
15428 62 3113
14924 146 7337
15959 78 3947
13763 132 6611
16867 276 13827
13897 37 1883
14040 28 1427
17206 337 16875
17144 86 4335
17144 22 1115
14708 41 2097
14912 75 3773
18021 373 18675
14043 57 2858
16356 18 906
14044 32 1646
15125 67 3362
14038 93 4678
18741 17 863
15231 157 7865
17693 42 2116
15828 429 21477
17655 393 19654
14555 157 7857
16158 32 1619
18765 183 9192
18954 271 13591
17243 84 4241
14669 65 3259
15867 111 5555
17955 49 2461
13957 2 126
17414 40 2038
13762 260 13048
13950 21 1094
14985 10 504
16952 0 35
15166 70 3531
18760 150 7515
16852 70 3523
18673 50 2520
16877 16 802
14913 62 3106
14631 27 1362
15986 191 9558
16101 69 3452
14899 73 3669
18021 454 22746
15894 67 3386
15116 282 14141
17030 44 2213
15125 174 8722
14924 39 1954
14882 143 7157
17592 79 3993
17987 18 941
18922 574 28707
17652 50 2521
18931 50 2528
15592 8 407
13770 10 529
14467 162 8149
16205 298 14913
18527 466 23302
17325 5 260
18794 56 2843
18760 150 7503
16073 105 5281
17840 362 18129
17521 84 4211
15486 177 8888
15479 76 3842
16894 20 1046
13913 66 3342
15234 101 5075
15762 253 12657
18235 236 11827
17592 125 6298
17169 23 1188
13714 113 5655
17089 104 5238
15061 71 3565
15257 170 8531
17126 45 2280
17865 96 4808
14784 6 327
17497 197 9868
14597 70 3547
18226 215 10793
16221 28 1418
18040 69 3459
13982 34 1704
17620 69 3474
15491 330 16546
17057 76 3821
18771 50 2506
16094 244 12224
17598 18 941
16726 85 4270
16975 70 3549
15486 160 8050
14726 60 3050
13913 55 2792
15785 256 12827
16216 105 5251
17255 43 2152
14582 1 65
16741 481 24052
17383 512 25638
17401 98 4942
17323 27 1378
17528 18 920
14107 89 4458
14413 2 111
13861 127 6385
16504 149 7457
14186 207 10352
17503 128 6414
13809 135 6759
14127 248 12445
16986 26 1332
14464 66 3325
17522 15 800
16094 46 2330
15877 26 1313
13861 125 6291
17144 14 725
13709 18 912
18712 403 20166
17169 23 1187
17029 99 4963
18935 391 19583
17372 103 5152
15254 143 7166
15099 68 3408
15386 23 1184
17853 186 9316
17307 126 6321
17314 66 3341
17306 68 3431
16028 421 21100
14998 67 3385
14153 18 924
16169 362 18128
13803 195 9783
18031 291 14597
16222 54 2733
15161 186 9317
17144 22 1133
15174 91 4569
18637 138 6907
14555 141 7051
14428 188 9432
16852 178 8905
13712 127 6380
14959 31 1580
15111 289 14466
17144 118 5918
16584 94 4709
17435 16 831
15140 182 9116
18244 334 16748
15894 118 5904
15952 132 6609
14122 92 4638
18244 353 17657
14038 107 5396
18678 338 16902
14749 128 6447
18637 138 6907
14956 60 3001
17596 47 2355
18603 170 8534
16809 240 12038
17467 80 4032
17560 49 2462
16168 44 2237
18039 175 8761
17986 186 9348
14124 108 5424
14372 138 6947
18242 162 8140
17246 7 399
17004 242 12133
18244 353 17657
16028 226 11345
14413 2 111
16776 222 11124
18673 52 2604
16524 383 19166
16104 55 2773
17169 298 14924
17186 32 1631
18218 341 17089
18701 270 13544
15396 38 1948
14580 9 493
16826 193 9684
16060 173 8676
15291 125 6267
15166 247 12364
16112 0 36
15792 222 11148
15477 7 373
18463 177 8888
14401 103 5172
14319 5 268
16150 209 10472
17653 30 1530
16960 47 2400
15762 100 5005
16906 32 1644
14186 75 3764
15917 285 14255
15989 307 15361
14965 141 7066
15004 10 513
17978 119 5961
17693 153 7667
17166 0 29
15106 208 10420
16162 72 3624
14736 256 12802
18527 279 13997
17449 46 2333
13707 5 268
17521 25 1277
16935 46 2313
18492 323 16177
17095 16 830
18923 183 9180
16159 150 7516
15417 2 138
15430 70 3530
17986 227 11391
16889 250 12543
15507 2 123
15473 240 12023
13779 8 439
16731 418 20917
14122 45 2281
16158 6 323
17874 57 2863
15397 152 7627
17987 18 931
14220 39 1962
18733 41 2052
17125 35 1757
15251 110 5504
17164 112 5639
14067 192 9607
16679 83 4200
15397 197 9880
17208 69 3468
15774 313 15651
15322 149 7475
15136 92 4635
17840 369 18480
16504 149 7457
14623 23 1184
14350 32 1624
14553 294 14748
16060 173 8676
14549 83 4200
17998 145 7287
13791 8 443
14088 48 2436
17271 93 4686
17661 46 2344
18794 56 2827
14014 162 8140
14715 34 1739
15989 440 22004
13982 100 5044
18054 436 21821
15987 335 16785
17684 44 2222
17034 64 3203
16089 372 18641
17840 242 12110
14543 95 4754
15862 5 293
14985 10 538
14186 15 779
18753 124 6250
15916 290 14529
15456 100 5013
14590 92 4617
16529 33 1660
17701 55 2800
16584 94 4709
16894 89 4478
15350 239 11960
15339 126 6347
18024 366 18343
13861 148 7440
15114 28 1425
17955 206 10319
13767 91 4583
17302 43 2151
17630 1 66
14535 156 7811
13991 46 2305
13732 103 5192
17614 211 10577
15792 222 11105
16753 112 5618
17985 229 11488
16243 174 8741
16962 101 5087
13991 33 1655
17271 66 3331
13780 143 7156
18741 27 1397
18031 274 13726
14784 39 1954
14998 188 9430
15106 240 12006
15397 53 2678
16821 195 9751
16867 163 8172
18527 716 35803
13929 0 28
13707 121 6087
16750 1 76
17087 359 17961
18923 565 28282
16551 328 16431
15116 117 5899
16275 108 5436
18024 573 28681
13773 252 12648
16524 389 19498
17355 78 3918
14631 27 1362
15851 19 968
18795 111 5588
13862 153 7652
18233 245 12295
15880 26 1325
17874 3 198
18678 303 15163
17407 141 7092
18233 73 3655
15762 40 2050
18645 68 3437
13982 109 5499
18010 232 11603
17972 39 1959
14535 109 5472
13791 201 10065
14543 103 5179
18021 188 9432
16422 20 1045
14067 60 3029
15061 181 9069
14551 41 2097
15473 57 2856
15783 263 13176
14293 63 3169
16433 25 1254
17975 72 3647
16356 17 862
18646 78 3944
18612 93 4670
13773 249 12458
15792 222 11148
17383 115 5787
16112 474 23723
14955 90 4535
15501 96 4814
16387 45 2275
17344 118 5927
17164 78 3903
14112 122 6144
18764 42 2115
17726 15 774
15792 222 11129
18034 62 3116
16222 145 7251
15792 222 11149
14458 84 4213
14550 300 15004
18021 386 19324
16845 86 4320
14068 68 3407
17055 18 924
13770 2 110
15590 71 3584
16023 300 15033
14136 26 1317
17851 182 9135
15969 105 5288
17089 33 1699
16199 444 22210
18773 30 1506
16339 171 8554
16051 85 4258
14212 184 9234
14603 15 792
15179 22 1102
18872 1 89
14392 96 4815
15166 149 7461
14009 63 3197
18242 15 775
15867 10 511
16172 380 19021
15486 320 16002
18218 62 3126
17662 57 2889
15828 292 14603
15179 22 1117
15415 225 11269
16006 476 23804
16188 159 7960
15382 78 3915
16228 186 9302
16986 38 1926
17514 86 4341
15382 229 11464
15464 156 7804
15960 241 12059
15146 61 3076
18692 299 14987
17755 14 737
16926 172 8629
17091 63 3170
14686 79 3998
13895 41 2068
15873 256 12818
15877 245 12294
18244 143 7167
18527 279 13978
18631 83 4165
17869 44 2244
16023 336 16823
18764 42 2110
17846 131 6560
13763 93 4674
16894 20 1046
18685 35 1781
18021 222 11146
13965 7 377
16148 220 11044
17530 69 3469
15766 37 1871
17840 330 16531
17726 74 3739
18753 49 2489
16891 131 6565
17731 20 1008
16847 0 34
15976 72 3606
16109 148 7414
14882 92 4634
15115 126 6330
15436 0 40
16845 199 9971
15174 204 10202
18678 302 15150
15415 245 12284
15061 122 6102
16122 161 8063
15900 127 6399
14772 142 7132
14021 75 3786
18733 41 2070
14067 192 9607
16222 12 625
15403 156 7802
18923 162 8134
16158 260 13023
13945 61 3070
13895 42 2127
16726 187 9375
17727 25 1278
15916 461 23083
15527 12 625
17210 230 11541
13913 199 9962
17053 26 1347
16169 113 5674
16411 11 566
16752 17 884
18713 7 371
18935 95 4799
18057 4 234
15900 143 7186
16169 301 15075
13745 197 9864
17196 55 2782
13937 58 2929
16513 15 772
17669 85 4283
17325 5 260
15397 219 10969
15873 256 12818
15882 198 9914
17055 295 14781
14458 69 3464
18054 447 22384
18244 98 4934
14634 123 6178
14026 109 5473
18717 39 1981
16013 20 1011
13861 141 7088
16676 68 3406
15989 307 15361
16847 0 34
15136 36 1837
14103 75 3774
17865 55 2751
18954 115 5797
17869 42 2139
14956 240 12049
17974 165 8267
15785 155 7776
17316 41 2060
17077 8 438
14105 32 1626
14026 98 4923
13792 100 5023
13720 10 507
17955 72 3644
15987 252 12619
15386 96 4820
17661 50 2530
15593 44 2243
17367 18 941
17955 190 9527
15106 240 12037
14453 139 6969
14062 56 2820
17724 53 2661
15900 138 6912
14310 1 96
17383 412 20607
16679 12 624
17349 104 5207
17217 70 3549
14768 6 304
18010 225 11255
14122 45 2296
17467 80 4029
14067 100 5034
18617 22 1110
17506 69 3475
17087 336 16843
14107 89 4476
16845 117 5854
17724 27 1379
16094 534 26719
18267 3 166
16158 182 9101
16867 40 2018
14673 16 841
17596 47 2371
13897 32 1617
17323 27 1378
17566 160 8035
13936 23 1170
17769 26 1341
14080 205 10277
17251 43 2157
17990 46 2332
16147 248 12404
17367 18 911
15017 116 5837
16446 282 14121
17783 66 3339
16173 191 9593
16852 197 9872
14607 47 2365
15433 170 8506
13701 74 3734
18031 225 11291
16158 66 3307
16750 92 4638
14641 193 9679
17091 64 3230
17144 22 1133
14975 78 3903
15440 26 1320
14423 19 967
18697 238 11904
18488 536 26833
14907 181 9080
14259 120 6015
18502 11 569
16122 452 22631
15252 14 731
16051 85 4262
14766 7 374
17851 173 8685
16109 148 7414
14924 229 11461
16726 187 9375
15771 58 2919
17648 13 673
14788 49 2476
14117 12 644
18052 49 2465
13895 41 2068
14009 97 4883
16524 25 1276
14026 39 1966
13911 140 7025
15762 296 14813
16852 197 9887
16228 203 10167
17528 24 1227
14377 130 6547
14220 43 2185
18927 53 2668
18793 56 2839
16315 59 2969
15291 38 1904
17365 29 1462
18935 31 1583
