15301 80 4006
17229 14 718
14805 294 14727
15463 151 7578
14907 14 711
16715 283 14151
14623 224 11224
15464 133 6652
16267 108 5402
17339 199 9956
17271 181 9070
14824 62 3134
17472 12 612
15098 22 1134
16864 90 4545
15464 121 6099
14654 88 4439
14745 119 5983
16874 369 18458
17139 317 15899
16890 53 2694
14924 17 895
14218 199 9992
14934 179 8952
16286 267 13397
15355 57 2888
16769 114 5725
17232 32 1614
14947 7 359
17002 38 1938
15917 344 17231
15430 159 7966
17451 115 5788
17249 147 7392
17475 178 8911
15431 57 2862
14802 60 3001
14956 143 7157
15382 50 2545
17353 25 1278
15469 207 10358
17383 113 5695
17270 74 3717
17070 142 7124
14300 72 3630
14548 136 6819
16305 48 2402
16310 315 15777
14438 154 7725
16022 268 13420
15801 462 23128
14301 86 4314
15443 68 3402
16148 18 903
16122 229 11491
15916 65 3282
15183 36 1811
15335 143 7200
15042 4 241
14187 96 4811
14989 43 2199
15463 361 18074
17447 52 2649
14347 48 2442
15780 68 3450
17489 155 7795
17317 20 1026
17312 261 13051
14418 272 13650
15520 67 3393
15152 81 4095
17205 107 5378
15960 124 6206
17030 155 7758
17164 145 7259
17158 105 5286
16272 14 730
15341 54 2724
15377 83 4158
15428 290 14543
14228 19 984
14793 117 5869
17171 0 47
15862 262 13109
14729 51 2587
14870 39 1958
17398 50 2535
15882 11 579
14343 153 7698
15902 381 19094
15915 198 9946
17373 2 148
15916 534 26749
15774 90 4525
17371 3 168
14970 163 8169
16817 239 11973
15486 325 16266
14134 94 4719
16489 174 8708
15603 37 1898
15463 435 21758
17451 277 13854
15103 150 7502
14136 70 3526
14923 12 626
17158 3 183
16272 199 9994
17132 524 26210
15978 24 1248
14764 80 4012
17224 53 2673
16110 5 290
17245 27 1394
17100 208 10417
14806 141 7067
16319 1 96
17209 31 1598
15780 49 2479
17493 142 7142
17274 15 776
16807 121 6086
15882 38 1936
17165 88 4424
15774 299 14960
16867 229 11464
14455 8 410
15368 152 7643
17112 139 6954
15302 38 1937
17533 100 5002
14957 45 2257
14558 14 746
14642 86 4333
14452 37 1895
15800 50 2510
17308 7 370
14558 14 746
14206 97 4857
14376 243 12198
16722 162 8121
16137 1 64
15151 96 4819
14934 179 8952
14228 31 1600
17390 0 44
14907 139 6986
16946 231 11567
16891 139 6967
14329 109 5489
15010 8 438
14564 45 2279
17386 26 1346
15154 181 9089
17141 14 702
14793 103 5155
16992 21 1060
16066 42 2120
14139 254 12717
14652 223 11200
15355 6 330
16199 280 14031
15986 161 8068
16759 83 4158
14358 219 10981
15457 93 4668
14223 236 11803
14654 202 10147
15054 85 4296
14270 212 10611
17533 108 5423
16150 129 6489
15878 0 12
17132 390 19526
15634 22 1105
16948 60 3035
14998 54 2704
14707 34 1728
14467 300 15045
17371 459 22953
16148 237 11894
14771 225 11269
14760 184 9238
15469 201 10090
14399 67 3385
14664 227 11353
15225 50 2522
14886 101 5090
14802 172 8639
15983 146 7311
17388 17 851
17239 121 6057
14886 141 7090
14151 118 5929
15464 142 7107
17388 43 2164
14368 19 983
15824 18 919
16158 16 814
17131 141 7059
17302 33 1666
17240 398 19947
14736 136 6825
14596 8 411
14940 3 188
14239 16 821
15410 104 5245
15397 233 11683
14372 102 5108
15500 261 13063
16769 92 4639
16807 121 6081
15862 72 3616
15641 1 77
17356 50 2545
14363 0 31
15013 54 2724
14772 121 6060
15145 175 8780
14916 18 950
16592 1 83
15828 134 6734
17027 40 2042
15875 333 16673
16209 341 17056
16125 8 408
15890 24 1238
17137 216 10821
16874 441 22070
15266 49 2473
14368 181 9074
16877 57 2883
15337 0 20
15778 37 1862
15449 17 872
14245 60 3033
17361 146 7329
16764 39 1989
14300 72 3630
17096 10 513
14764 77 3874
17541 4 231
16119 7 361
14907 14 711
16022 268 13420
17414 139 6984
14253 10 527
16112 473 23687
17440 90 4524
17226 116 5836
15714 21 1100
14316 5 271
17497 227 11390
15322 44 2212
14541 174 8737
14368 186 9330
15870 109 5474
17097 11 551
14760 170 8531
17316 20 1016
15923 154 7712
15482 47 2361
14243 130 6547
14194 76 3821
15900 212 10650
14368 181 9074
14263 157 7881
15890 24 1238
17448 166 8311
17187 7 376
14149 189 9466
15237 29 1477
14726 42 2134
14921 94 4727
14899 124 6240
14590 13 678
14631 141 7087
14453 133 6657
14162 60 3033
17109 1 70
15464 11 580
15354 66 3308
14578 75 3760
14408 38 1936
15017 13 684
17415 61 3089
15499 74 3730
15302 15 753
17208 49 2468
15639 159 7989
14548 198 9950
14526 52 2643
14956 78 3942
17365 11 574
15913 19 991
17482 120 6003
17308 153 7675
16172 315 15775
17327 57 2879
15457 201 10071
17408 64 3211
17169 140 7024
17388 41 2087
14746 61 3083
17560 142 7108
14611 54 2725
17341 47 2387
17218 17 860
14779 143 7180
14136 62 3136
16109 66 3309
17154 34 1740
16158 519 25984
16122 126 6326
17140 63 3191
14986 48 2415
14418 184 9244
14877 104 5205
17132 431 21594
15172 44 2235
15103 160 8020
14775 26 1312
15335 3 169
14722 124 6201
14453 39 1972
14329 253 12687
17360 16 841
17383 478 23926
14991 13 664
17339 254 12737
15163 52 2650
17248 180 9042
14664 117 5887
14259 80 4042
16011 134 6701
15901 210 10530
17240 122 6147
16963 285 14283
16006 395 19760
17302 81 4054
17265 90 4504
17414 61 3054
15701 55 2785
14725 30 1526
14922 16 826
15222 175 8780
17140 19 960
15103 57 2875
16169 164 8224
15915 104 5211
17331 14 707
16076 7 379
15149 118 5942
14164 27 1364
14136 45 2291
14293 192 9637
14306 210 10533
16011 134 6701
15807 13 673
14609 133 6675
16864 90 4545
14473 8 413
14770 247 12381
15528 2 127
15467 5 289
15074 48 2405
14991 12 633
15425 150 7509
17397 53 2695
14368 0 25
15846 38 1918
16112 17 887
14893 165 8279
16109 66 3309
17181 81 4062
15703 4 201
16051 228 11426
15722 160 8033
17560 149 7479
14736 122 6109
17559 109 5497
15227 140 7021
16894 188 9442
15554 42 2141
15511 238 11925
16112 328 16438
15949 171 8598
14285 2 110
15086 121 6100
15140 1 83
16150 180 9014
17083 41 2099
16676 128 6441
15805 13 689
15511 224 11218
15916 301 15099
16286 524 26215
16199 222 11144
15318 161 8096
14998 37 1862
15227 159 7981
15701 335 16753
14942 42 2129
14446 29 1479
14149 273 13686
15491 253 12665
17194 11 574
14362 51 2559
16283 82 4119
15528 237 11853
17165 88 4424
14712 82 4110
14377 124 6235
14306 91 4569
15369 296 14819
15302 38 1937
16112 17 887
15601 12 614
17247 14 707
14886 22 1133
16150 189 9467
17348 9 487
15799 226 11330
15514 79 3986
17334 12 640
14458 8 410
17540 27 1352
15774 211 10588
15486 3 161
16428 15 765
14934 179 8952
15799 246 12314
15183 16 841
14548 22 1140
17394 83 4154
14664 210 10545
15161 159 7953
16973 24 1244
14903 275 13797
15659 0 45
15965 118 5910
16802 19 975
15447 217 10863
14642 72 3621
15145 294 14741
15302 34 1705
15828 195 9757
14550 111 5562
14658 7 364
17396 4 208
17453 41 2071
17556 65 3269
17123 15 781
15282 101 5100
17361 255 12751
15259 29 1477
14611 11 584
14888 4 214
17159 44 2242
15870 182 9105
14356 191 9593
17560 149 7479
17525 0 27
17116 62 3112
15910 7 400
17043 48 2408
17269 163 8191
15713 218 10920
14562 78 3936
14641 201 10093
15172 49 2484
14779 25 1286
15297 131 6569
14873 282 14110
15010 8 438
16076 113 5684
16171 18 902
14183 7 384
15482 129 6485
14139 213 10657
15160 187 9362
15800 206 10349
17313 29 1480
15639 2 103
14453 133 6657
14147 26 1303
14635 7 370
14750 28 1419
14707 17 899
14356 180 9040
15916 16 816
15106 206 10334
17239 147 7361
14571 34 1744
17168 33 1659
15785 37 1869
16411 193 9652
15466 87 4388
15875 428 21442
17095 13 663
14621 5 281
14300 72 3630
15659 4 230
16942 78 3931
14771 299 14997
15514 19 978
14970 233 11685
15783 377 18869
14793 155 7753
15799 268 13442
14446 29 1479
15514 157 7884
17509 23 1154
14159 94 4747
14948 219 10986
17257 82 4122
14874 240 12042
15182 135 6795
14259 21 1069
17135 61 3053
15410 138 6922
15382 146 7335
14989 55 2783
16948 207 10362
17308 3 160
14551 33 1662
16196 111 5598
16166 38 1939
15361 218 10901
15251 138 6921
15316 158 7916
17030 13 658
15588 200 10034
14575 50 2535
14148 132 6613
15177 27 1355
15751 7 390
17076 6 304
17093 120 6015
14250 14 722
14436 31 1586
14195 113 5680
16726 170 8519
14903 98 4906
14644 215 10793
15403 23 1165
16013 96 4824
17165 101 5093
15927 312 15650
15282 105 5265
14396 42 2135
15528 43 2151
17360 17 883
15397 129 6492
14293 220 11022
17264 3 197
14910 6 349
15897 74 3714
16038 161 8092
16205 227 11381
16276 12 613
17451 151 7595
15155 4 211
15053 58 2901
17047 38 1901
14914 301 15069
14555 107 5376
14368 181 9074
15902 489 24455
14293 195 9787
15103 83 4166
17138 72 3612
17478 127 6372
14812 314 15710
17240 398 19947
17339 318 15922
14432 75 3795
15243 82 4114
15416 99 4980
15731 8 440
14901 307 15387
16843 208 10407
15511 51 2585
15824 18 919
16076 7 379
17121 5 279
14436 148 7408
17232 105 5294
16546 146 7346
15783 375 18767
16150 129 6489
15182 147 7361
14458 85 4292
17458 36 1821
16676 183 9169
14990 160 8045
17383 443 22192
15801 299 14984
15785 45 2283
15970 472 23615
14758 105 5253
14907 14 711
17478 18 938
14559 202 10144
15511 51 2585
15402 35 1789
16096 73 3686
15074 11 578
14590 9 498
17552 19 988
17308 115 5779
14667 17 852
14213 62 3118
15927 281 14069
15149 118 5942
17535 40 2037
15156 11 599
14756 47 2397
14336 87 4353
14228 40 2003
15927 97 4859
15456 134 6726
14149 140 7033
17563 69 3473
17265 24 1246
14191 120 6049
16159 4 228
15882 7 400
17371 148 7416
17282 49 2458
14139 29 1486
14940 147 7363
14712 232 11614
15262 84 4221
15162 111 5595
15228 126 6350
14377 19 964
15014 96 4833
15593 236 11836
14257 178 8945
17271 167 8394
15981 18 904
14207 1 89
15603 77 3869
17036 272 13631
14293 195 9787
15403 23 1165
17158 65 3290
15774 439 21964
15391 44 2222
15882 36 1846
15458 137 6874
14162 10 503
14597 86 4308
14316 27 1390
17339 254 12737
15882 171 8583
15682 54 2701
15479 78 3903
14343 33 1681
14436 186 9305
15101 19 998
14654 265 13270
14551 268 13417
15409 85 4290
17311 4 231
14297 19 964
14806 22 1138
15403 23 1165
14902 104 5244
14575 77 3865
15386 19 997
17457 62 3102
15391 44 2222
15502 87 4372
16262 20 1035
14789 148 7438
15917 489 24456
14903 62 3123
14716 42 2129
17165 79 3980
14306 117 5852
16685 165 8265
15859 81 4080
17333 110 5547
16809 126 6343
15486 120 6006
15466 124 6234
14911 127 6378
16152 86 4335
16110 109 5487
15669 13 683
14280 19 962
15801 513 25662
15361 60 3028
14740 14 717
17495 97 4880
14516 56 2834
14686 32 1648
17251 176 8819
16511 52 2646
15463 6 301
15227 159 7981
14557 65 3272
15883 1 57
17219 1 51
16247 75 3764
14642 111 5555
15410 10 527
14904 25 1251
15398 324 16211
17070 228 11439
14516 98 4938
15254 134 6750
15436 342 17144
16428 470 23544
14375 140 7005
15166 133 6683
15394 50 2549
16558 54 2744
15415 177 8875
14902 290 14535
17424 13 700
14152 254 12714
16962 125 6281
16727 300 15035
16846 329 16467
14734 45 2294
15902 448 22444
15146 43 2178
15504 203 10185
17036 196 9801
15339 45 2285
17307 122 6146
14467 52 2640
16921 36 1812
15580 30 1548
16137 76 3817
15785 37 1869
14772 283 14158
15426 102 5117
17152 91 4574
15343 165 8281
15432 128 6424
17140 19 960
15153 90 4507
14556 157 7867
14539 212 10602
17309 152 7638
17198 81 4066
17213 76 3806
16060 164 8201
17471 93 4681
17171 40 2019
15167 150 7507
14743 170 8545
16925 52 2603
14250 14 722
17156 50 2508
17390 48 2445
14631 165 8258
16008 388 19419
15167 113 5679
15296 133 6667
17139 105 5255
16769 122 6103
14626 30 1513
15145 312 15642
15634 105 5265
16336 72 3646
15689 224 11227
16769 114 5725
14645 50 2532
17036 301 15068
16858 101 5077
15923 154 7712
16161 40 2008
15901 276 13801
15386 74 3729
16341 70 3539
14445 78 3940
15174 85 4270
15264 101 5062
15486 378 18918
14801 260 13027
15529 21 1077
16041 269 13478
15497 12 647
16978 409 20475
15266 20 1016
17106 24 1217
17030 21 1065
14274 100 5032
14244 29 1494
14991 165 8268
14195 16 812
14225 65 3261
16473 49 2488
14768 133 6690
15422 82 4120
16008 388 19419
16525 40 2026
17556 77 3869
15808 71 3590
17226 62 3114
15944 18 920
15872 10 518
16011 115 5777
17458 36 1821
14369 137 6854
17481 8 447
15702 19 993
14222 12 633
14409 261 13071
17096 10 513
17011 282 14125
16112 292 14623
15464 241 12059
17557 66 3340
17019 85 4259
15927 312 15650
17361 358 17934
14592 9 464
16126 35 1784
15479 294 14727
15099 27 1394
16428 225 11292
14981 197 9860
14277 312 15635
14207 22 1106
14277 189 9470
15432 29 1461
15361 60 3028
17383 203 10161
14830 3 165
15167 66 3320
17205 158 7917
17373 84 4223
14191 79 3988
17383 113 5695
14458 138 6907
14245 60 3033
16186 142 7113
16119 516 25806
14550 68 3423
14134 15 782
17114 99 4987
15061 195 9784
15182 135 6795
14609 16 845
14874 188 9401
17248 258 12949
14934 179 8952
15491 36 1813
15116 281 14099
16891 139 6967
17415 200 10043
17250 76 3821
15715 94 4709
16022 113 5693
16169 164 8224
14953 13 672
14453 112 5639
16119 267 13352
14771 121 6073
15828 488 24408
14209 135 6794
15170 105 5285
14550 267 13360
15410 128 6410
15464 125 6269
14884 217 10890
15362 52 2650
17267 63 3176
17137 216 10821
17194 2 123
17360 106 5328
14621 2 137
15457 156 7807
14418 250 12512
15851 7 352
16358 55 2794
17100 53 2686
15167 61 3060
17177 21 1095
15828 103 5174
16581 77 3895
17371 562 28119
15489 170 8537
15916 284 14239
14667 81 4053
16889 89 4469
15730 8 426
14488 7 369
15639 128 6449
17210 119 5970
17349 12 614
15783 204 10247
15118 120 6016
14749 60 3026
14870 127 6395
15428 111 5568
14521 9 468
14598 42 2139
15155 9 485
15877 0 38
14997 70 3529
16021 167 8369
17561 148 7433
14817 62 3117
15316 132 6644
14245 175 8781
17352 15 781
16840 43 2173
17224 37 1889
15335 94 4731
14356 282 14124
17100 77 3867
16272 199 9994
15154 282 14118
14652 131 6580
14452 18 925
14270 84 4232
17360 6 342
14436 88 4424
15246 172 8633
17245 27 1389
17005 73 3652
14291 173 8659
14920 7 380
14924 149 7494
14427 183 9196
15282 129 6457
16486 2 139
14537 9 476
16101 201 10081
15361 73 3687
14139 29 1486
15286 276 13842
15182 71 3599
15808 54 2746
14801 310 15505
17102 15 758
16714 175 8761
14746 63 3180
15463 435 21758
14559 52 2608
17078 30 1528
14938 107 5362
17144 161 8097
14901 307 15387
14758 232 11623
14195 113 5680
15354 66 3308
15715 64 3241
16711 5 262
15042 4 241
15677 149 7490
17254 0 9
14279 49 2457
17131 228 11413
14243 130 6547
17194 13 688
14223 64 3214
15427 202 10115
17308 7 370
15497 177 8871
16557 111 5595
15279 70 3524
17341 93 4654
15873 145 7253
14229 14 735
14942 24 1246
17556 65 3269
16845 381 19084
16694 35 1767
14907 14 711
16227 188 9423
15491 54 2728
15446 87 4365
17407 137 6877
15294 35 1792
17440 171 8562
14798 1 97
14749 215 10754
17144 79 3970
17237 119 5981
15236 159 7952
15590 242 12133
17559 109 5497
14910 51 2554
14772 283 14158
17251 52 2648
15457 218 10947
15078 15 785
15458 112 5628
17413 343 17191
14979 22 1137
17087 389 19485
14924 195 9777
17561 70 3546
15242 164 8205
16517 110 5546
16329 14 727
15391 70 3530
15676 212 10623
16978 251 12576
17139 279 13958
14831 156 7810
14203 28 1434
14383 39 1982
16148 201 10057
15160 31 1565
16036 410 20510
14722 95 4797
14916 159 7974
17196 40 2032
17030 13 658
15859 167 8391
16878 108 5446
16517 12 644
14458 123 6179
15234 176 8809
14245 81 4099
17036 79 3982
15153 0 5
17170 36 1811
14816 213 10677
15916 420 21039
14980 106 5316
14652 249 12465
14191 94 4702
16209 294 14716
14298 66 3350
14745 86 4303
17439 22 1130
14410 278 13905
17414 135 6774
14329 253 12687
16148 129 6479
16760 21 1086
14586 16 803
14372 270 13546
17267 91 4570
17308 58 2938
14875 34 1748
14575 48 2447
15145 281 14100
15915 31 1573
17111 236 11838
15789 33 1653
17158 42 2140
14279 49 2457
14392 136 6810
15394 50 2549
17159 37 1864
15234 128 6427
14516 116 5806
15462 131 6558
16526 55 2763
14467 223 11157
17260 71 3598
14475 27 1358
16283 82 4119
16839 130 6526
15271 17 864
17372 110 5502
17082 30 1508
16787 59 2994
14947 4 209
16603 17 890
15923 437 21857
15097 157 7875
16158 328 16433
14134 263 13167
14293 195 9787
14721 122 6119
16227 188 9423
14737 29 1493
14300 72 3630
15799 268 13442
14445 78 3940
14154 174 8720
14537 9 476
15047 17 877
14149 239 11989
14342 259 12979
17136 19 961
16119 537 26855
15481 18 935
14270 230 11519
15701 92 4605
15294 35 1792
16562 9 494
15589 4 248
14190 3 164
14458 120 6027
14259 22 1119
15111 145 7288
14384 6 327
14915 142 7111
15409 85 4290
15118 61 3094
16243 125 6262
16935 263 13163
15902 489 24455
15713 157 7867
17448 45 2282
15463 214 10714
17132 387 19359
14122 168 8427
15353 116 5808
17194 22 1128
14452 156 7815
17196 31 1556
14772 121 6060
15499 5 283
16196 36 1814
15282 101 5100
16715 86 4340
15227 159 7960
15254 93 4675
14925 172 8633
14284 9 463
14758 17 889
16676 256 12823
15446 39 1976
16109 66 3309
15916 202 10124
15872 36 1841
14768 178 8948
14934 179 8952
17413 8 427
15677 120 6048
15328 88 4407
14801 92 4641
14124 171 8589
14243 92 4627
15639 108 5429
15799 246 12314
15981 148 7439
14989 180 9031
14899 124 6240
15677 194 9714
15466 178 8936
17373 147 7370
15785 252 12628
15356 37 1862
14814 63 3173
14225 41 2098
