6906 2 120
7007 0 4
6111 1 72
7054 94 4721
7010 1438 71914
6801 35 1755
7003 532 26608
7497 77 3863
7020 153 7662
6752 77 3876
7019 481 24099
7487 26 1334
7019 526 26314
7054 1122 56133
6147 34 1740
6352 24 1232
6907 67 3352
7001 865 43260
7054 1515 75799
7025 21 1058
5430 20 1008
7017 180 9008
7004 1429 71497
5363 10 502
7020 594 29740
6173 200 10025
7049 1970 98518
7014 138 6922
6107 3 158
7003 238 11926
6605 13 651
7017 1755 87754
7012 651 32598
6768 138 6924
7049 1963 98192
7049 214 10748
7049 563 28157
7018 26 1329
7013 147 7392
7023 1457 72884
7016 7 394
7049 2004 100222
7003 20 1023
7010 274 13706
7341 34 1706
7020 51 2577
7019 477 23856
7049 1154 57716
7049 922 46141
7004 1578 78924
7016 8 421
7023 1444 72209
7014 178 8945
7026 252 12603
7004 8 435
7011 297 14851
7010 307 15391
7130 19 991
7049 919 45984
6811 149 7457
7023 920 46050
6563 126 6332
6787 9 470
7014 841 42053
7006 566 28348
5452 2 147
7017 40 2011
7004 773 38665
5151 71 3589
7049 1776 88843
7014 1211 60570
7010 1217 60868
7020 906 45344
7008 1351 67600
7023 1601 80063
6565 133 6698
5328 81 4077
7023 681 34078
7014 1602 80103
7016 218 10936
6967 55 2777
7020 799 39988
7004 398 19904
7012 1476 73819
7020 901 45081
7023 1377 68894
7054 1060 53011
7054 1618 80936
7023 99 4958
7019 477 23868
7054 893 44690
7008 1013 50651
7012 1084 54214
7017 686 34326
7054 673 33657
6599 92 4647
7025 172 8645
7053 45 2299
7018 604 30240
6235 5 261
7018 152 7611
7008 1421 71061
6663 90 4534
7004 128 6424
5187 134 6747
7019 276 13801
6360 92 4643
7014 841 42085
6974 107 5377
7017 936 46820
6305 65 3277
7055 338 16901
7054 395 19756
5933 132 6643
5933 172 8620
6999 10 540
7020 8 418
7017 756 37848
7017 528 26412
7013 10 542
4971 144 7248
7018 114 5709
7026 536 26843
6974 26 1347
7004 434 21730
7055 132 6645
7004 427 21361
7003 771 38588
6369 118 5905
7016 392 19650
7004 360 18009
7049 676 33839
5960 17 871
7010 1467 73380
7025 303 15161
6785 96 4820
7049 360 18024
5179 141 7077
7001 16 847
7021 193 9657
7004 1373 68698
7049 1720 86021
7054 785 39273
7008 688 34401
7010 1520 76050
7020 1727 86374
6631 43 2164
7012 635 31771
7054 1380 69007
7023 1787 89393
7049 159 7988
7020 1850 92518
6461 46 2334
5095 27 1381
7012 24 1236
7054 1744 87215
7023 1870 93530
6158 14 743
7049 847 42356
7018 97 4889
5233 103 5153
7055 338 16930
7023 1032 51624
7004 856 42836
7141 37 1867
6577 96 4817
6205 72 3612
6787 193 9670
7021 374 18729
6921 3 165
6348 38 1901
6623 72 3643
7048 53 2696
6427 18 939
7006 424 21212
7010 6 306
7017 4 238
7006 476 23836
7054 544 27234
7054 648 32412
6146 7 356
7049 319 15990
7051 57 2879
7008 309 15478
7004 1317 65861
6026 29 1454
6633 6 312
7004 95 4761
7054 1847 92383
7017 899 44963
7049 1356 67808
6405 12 609
7010 322 16111
6642 88 4403
7055 324 16234
7014 1167 58372
7008 445 22300
7014 1083 54176
7003 317 15900
7026 869 43457
7010 1521 76060
7023 1870 93505
7010 1185 59273
7006 310 15530
7020 344 17231
7010 451 22562
6342 88 4435
7004 793 39685
7011 44 2245
6529 11 563
7054 176 8811
7018 254 12735
7004 498 24936
7003 1506 75306
6021 32 1613
7051 85 4284
5038 40 2036
6769 135 6789
7017 1558 77925
7054 1139 56978
6529 14 744
7012 1579 78993
7003 134 6718
7012 1718 85902
7014 324 16234
6369 142 7111
7292 11 576
7131 53 2667
6596 53 2683
7010 1028 51435
6301 0 8
7004 791 39570
7004 498 24906
7010 620 31003
7017 746 37302
6919 1 96
6768 121 6054
5515 87 4360
7001 681 34057
7008 1201 60089
7001 660 33024
5000 84 4213
5906 24 1249
6162 31 1577
7001 994 49713
6650 28 1405
7046 51 2563
7054 1097 54894
7054 1566 78326
7025 408 20401
7001 147 7389
6993 22 1113
7006 249 12457
6121 45 2284
7054 1226 61321
7025 119 5974
7008 551 27566
7012 328 16416
7049 676 33805
7003 454 22712
7054 785 39282
7048 33 1692
6905 82 4104
6999 54 2708
7018 254 12743
7003 1392 69623
7022 61 3056
7018 72 3640
7023 588 29424
5104 13 661
7025 481 24068
7012 143 7197
7054 526 26312
7048 112 5612
7048 204 10240
6965 0 9
7017 425 21262
7012 1718 85923
7023 1736 86829
6589 159 7974
5187 134 6747
7003 489 24490
7020 1712 85635
6348 94 4746
7054 18 925
7004 176 8810
7014 1022 51139
7004 1434 71711
6769 92 4618
7017 919 45956
5201 143 7197
5774 66 3309
5364 49 2486
7023 756 37802
7020 799 39951
6611 131 6562
7054 227 11365
7004 491 24568
7023 1664 83208
7026 65 3292
7026 175 8757
7017 703 35171
7023 1678 83903
7049 417 20879
7018 604 30223
7020 342 17117
6562 41 2055
7011 317 15857
6861 43 2167
5066 17 852
7025 369 18470
7018 246 12338
7054 653 32671
7003 210 10544
7049 1159 57958
7020 666 33307
7016 282 14142
7006 310 15540
7054 1873 93666
7026 475 23768
7023 868 43411
7021 715 35790
7022 166 8345
6138 54 2714
7004 469 23489
7017 4 219
7023 903 45186
7010 1185 59260
5611 45 2300
7021 368 18401
6540 35 1754
7003 1120 56023
7054 58 2902
6797 14 726
6324 72 3647
7018 669 33470
7054 1591 79578
7001 394 19707
7026 369 18462
7020 153 7670
7008 1269 63495
7049 431 21573
7004 433 21684
7004 678 33925
7018 37 1899
6173 122 6146
7020 1120 56037
7008 471 23583
7010 443 22169
5526 15 797
5364 104 5248
7012 750 37550
7019 434 21715
7025 242 12120
6074 74 3746
6589 141 7076
5227 27 1356
7047 72 3642
7020 1149 57480
7054 653 32671
7048 204 10211
7049 1626 81312
5201 97 4875
7049 1340 67037
7023 711 35586
6462 18 949
7049 1625 81292
7026 124 6212
5512 221 11052
7023 596 29833
6885 27 1393
7008 287 14364
7023 588 29425
6305 28 1441
7054 96 4803
7054 674 33741
6563 128 6447
7014 1510 75523
6853 92 4614
7054 96 4820
6560 35 1753
7018 868 43425
7001 705 35273
7017 1210 60537
7018 264 13232
7021 367 18360
6634 31 1600
7054 914 45703
7006 49 2491
7026 707 35374
7020 1679 83998
5142 1 74
6917 62 3103
7010 1352 67629
7014 393 19682
6382 13 653
7018 785 39278
7021 186 9342
7008 43 2180
7006 597 29860
6284 6 305
6965 9 466
7023 503 25182
7017 1612 80613
7020 412 20640
6874 26 1302
6974 111 5567
6478 127 6396
7020 1595 79795
7011 317 15899
7003 1580 79026
7055 204 10224
6907 49 2478
7017 321 16071
7021 500 25044
7012 1707 85360
7003 512 25636
6952 58 2903
6871 134 6709
7049 1352 67616
7012 204 10204
7003 755 37798
7436 203 10152
7020 1850 92505
6213 22 1108
7565 4 234
7008 1250 62537
7049 922 46138
7007 121 6098
7025 523 26181
7008 586 29337
6979 113 5668
7055 48 2401
7023 573 28700
7054 648 32411
7026 252 12632
6303 145 7252
6426 189 9461
7004 456 22821
7023 965 48279
7017 179 8977
6589 124 6212
7019 431 21598
7001 416 20844
4982 137 6861
7023 785 39298
6286 4 240
5226 52 2617
7016 400 20041
7001 877 43870
7054 1977 98895
7017 1632 81627
7048 185 9269
7021 367 18398
7010 1264 63234
7012 635 31785
7001 684 34238
7054 1512 75641
6840 73 3669
7010 1654 82707
6285 104 5201
7001 787 39383
7049 1666 83349
6769 105 5293
6664 224 11238
7003 1629 81458
7046 84 4246
7020 904 45222
7026 830 41538
6840 73 3690
5344 22 1103
6980 85 4279
7020 192 9606
6859 36 1827
7010 1028 51431
7054 1166 58341
7025 217 10860
7017 1042 52131
7054 625 31299
7008 465 23299
7008 1436 71842
7006 429 21476
7021 475 23773
5499 213 10652
7014 74 3722
7014 1319 65956
7055 357 17886
6303 72 3626
7053 49 2469
7049 1580 79016
7055 491 24559
7055 539 26959
7515 2 102
6076 124 6213
7010 901 45067
7055 783 39157
7001 442 22143
7017 172 8611
7006 310 15531
7021 435 21776
6884 18 929
7010 1467 73388
7001 713 35657
7003 1254 62746
7023 795 39777
6974 24 1235
7051 4 219
6489 37 1861
6874 150 7530
7021 282 14150
7003 532 26638
7003 1620 81049
7004 1305 65251
7001 713 35698
7023 1705 85251
6406 121 6053
7023 1446 72341
7019 221 11060
7010 455 22761
5333 15 764
7012 1742 87105
6928 64 3240
7054 411 20578
7049 662 33103
7003 205 10274
7008 844 42216
7026 397 19878
5095 20 1021
6305 44 2223
7022 235 11759
7017 899 44963
7010 1272 63631
5419 79 3960
6792 12 611
7023 1708 85448
6805 99 4967
7021 457 22859
7014 207 10399
7004 8 404
7049 1013 50688
6955 22 1134
7010 630 31525
6888 59 2967
7055 445 22269
5512 206 10305
6799 70 3519
7017 40 2005
7004 673 33651
6462 13 666
7007 130 6522
6783 152 7636
7017 1210 60535
7021 123 6197
6058 194 9736
7353 34 1746
7010 1551 77586
7026 442 22150
7008 35 1795
6327 1 58
7001 776 38804
7004 157 7852
7020 503 25157
5089 30 1533
7014 786 39319
7004 1374 68716
6811 47 2357
6230 33 1678
5977 74 3709
7135 14 703
7012 1170 58533
7055 600 30028
5437 92 4638
7054 1016 50833
7001 1141 57087
7012 980 49009
7026 499 25000
7001 972 48637
6367 54 2744
7004 1287 64396
7014 1536 76821
7003 854 42711
6304 125 6270
6667 18 922
7026 535 26782
5167 2 113
7426 12 631
7017 617 30853
6684 5 254
7006 52 2611
7020 1341 67075
7016 101 5087
7012 856 42821
7003 844 42211
7014 394 19711
6769 181 9089
6785 159 7977
6387 72 3601
7054 1580 79020
6866 99 4958
6955 21 1061
7003 965 48293
7004 1492 74612
4957 103 5161
7004 708 35450
7012 566 28316
7016 383 19194
7001 928 46422
7008 309 15466
6777 191 9587
5462 1 90
7017 1037 51897
7013 66 3343
5227 30 1516
7026 65 3267
7026 650 32517
7020 93 4661
7049 509 25489
7021 36 1829
7054 485 24253
7053 6 342
7003 1010 50520
6478 125 6257
7023 1844 92232
7001 884 44246
7132 55 2765
7023 806 40311
7003 64 3210
7007 57 2882
5911 46 2340
5565 27 1382
7003 1291 64566
7014 1280 64031
6446 168 8428
7018 509 25471
5462 8 413
6934 50 2522
7004 1445 72268
7001 1140 57047
5179 133 6672
7018 165 8283
7004 167 8353
7004 469 23461
7054 1737 86875
7026 536 26843
7020 470 23502
7010 3 191
6286 1 95
7001 28 1417
6192 167 8396
7003 532 26638
7019 386 19306
6110 119 5973
5985 189 9476
6793 5 275
6959 149 7477
7017 1557 77855
7003 557 27890
7012 1563 78163
7004 218 10903
7019 276 13842
4992 79 3990
7006 489 24483
7003 226 11320
7004 1255 62757
7017 16 843
7054 185 9266
6593 3 195
6776 61 3087
7017 1454 72729
7012 1523 76151
5419 71 3584
7021 310 15511
7054 1517 75882
7023 1601 80054
7010 1094 54735
7004 793 39655
7017 1556 77828
7004 433 21684
7093 10 544
6776 59 2971
6980 112 5643
7054 1311 65569
7003 1075 53773
7012 545 27252
7001 994 49723
7004 1373 68678
7055 196 9816
7048 185 9295
7048 185 9284
7004 1287 64356
7016 392 19631
7003 993 49683
7049 1998 99931
7003 1294 64735
7049 246 12350
7084 15 765
6382 10 506
6591 149 7462
5179 31 1595
7010 1701 85069
7023 754 37710
7001 275 13791
6528 65 3274
7025 303 15193
7010 236 11820
7008 681 34069
6140 39 1998
7018 424 21246
7010 901 45054
7018 935 46790
7004 629 31456
7049 915 45779
5151 71 3589
7004 681 34062
7054 749 37464
7054 571 28583
6797 14 726
7017 1317 65880
7006 445 22290
7026 7 390
7048 86 4338
5029 159 7975
7007 0 24
7049 1874 93725
7054 185 9268
6503 0 6
7010 296 14807
7048 76 3837
6840 85 4273
7019 245 12261
7054 1628 81408
7004 1243 62173
7021 57 2887
7049 919 45989
7023 1855 92764
7004 176 8808
7016 102 5126
5182 13 655
7026 523 26197
7003 557 27874
7022 150 7538
7006 121 6087
7049 2020 101028
7004 176 8814
7054 94 4749
6800 213 10656
7054 256 12825
7049 433 21673
7012 1576 78834
6596 32 1638
7004 510 25523
4982 144 7241
6404 7 400
7014 1760 88014
6969 89 4489
7048 89 4473
7054 1139 56988
6285 104 5226
7020 366 18314
7020 598 29932
7018 86 4339
7010 227 11397
7020 777 38853
6998 64 3206
7017 708 35443
7012 1249 62457
6563 127 6364
7003 542 27104
7012 449 22474
7006 40 2007
7017 1389 69455
5912 13 665
7003 1287 64359
7003 65 3272
7004 1294 64733
5449 91 4575
7018 935 46790
6402 54 2730
7021 241 12080
6370 3 158
6369 121 6071
7003 64 3218
7003 172 8626
7049 1540 77046
6319 117 5854
7023 795 39784
7018 664 33241
5602 32 1608
7004 1075 53778
6751 34 1706
6689 120 6035
6494 81 4058
7049 344 17245
6663 62 3123
7018 868 43417
7017 1351 67595
7023 495 24754
6031 150 7519
7017 1632 81625
7020 566 28319
7014 925 46289
7008 1211 60556
7019 76 3810
7022 55 2765
6639 28 1422
7003 238 11926
7023 120 6026
7049 773 38696
7014 1577 78857
7054 94 4725
7017 287 14394
5344 26 1312
7004 266 13316
6076 124 6213
7011 167 8360
7054 233 11657
7017 426 21338
7010 6 314
7003 721 36060
7019 495 24775
7001 972 48637
7025 169 8481
6776 38 1938
5099 43 2198
5512 173 8676
7004 521 26074
7001 772 38610
6374 14 734
7021 65 3264
7012 1291 64591
6605 165 8288
7022 155 7756
7008 282 14137
5019 67 3368
5066 17 855
7054 1591 79588
7054 1517 75898
7049 1105 55283
7026 74 3722
7046 0 34
7046 0 33
6608 59 2962
7023 1544 77249
5211 63 3162
7054 1651 82571
7017 1401 70065
7001 681 34094
6493 27 1395
7008 1148 57425
7054 762 38142
7010 292 14639
7022 71 3571
7004 167 8367
7004 1469 73477
7012 1044 52239
7018 592 29650
7012 765 38292
7006 206 10309
7458 47 2376
7020 996 49828
5513 10 538
6965 0 9
7012 319 15977
7049 1352 67649
6600 70 3517
7012 1046 52306
7018 888 44439
5933 172 8620
7019 138 6942
6324 94 4740
6979 113 5661
6429 139 6984
7008 586 29328
7001 556 27812
7014 240 12039
5182 13 655
7014 499 24958
6907 59 2989
7023 1490 74539
7023 941 47095
7023 1597 79884
7003 442 22126
6304 123 6160
7049 1232 61617
7017 903 45190
7008 1211 60589
6359 73 3678
7011 125 6275
7054 182 9120
6785 148 7437
5987 11 595
5925 140 7049
7020 1543 77176
7023 217 10883
7012 643 32156
7049 788 39411
7014 524 26245
7004 1305 65297
7010 1579 78980
7010 1579 78980
7018 4 211
7026 7 398
7021 500 25023
6084 5 281
6906 15 797
6327 1 76
7012 1416 70845
7012 874 43720
7003 922 46145
7054 579 28954
7011 191 9584
7014 1319 65984
7010 1027 51381
7014 1661 83069
7051 76 3823
7017 1012 50618
7004 1526 76307
6305 23 1181
7023 1372 68622
7010 1172 58614
5038 36 1834
7020 1709 85471
5933 128 6449
7016 282 14133
5515 211 10571
7004 656 32848
6824 97 4891
6830 218 10950
7352 25 1279
7013 49 2468
7023 1283 64186
7017 519 25959
7020 592 29649
7012 1408 70415
6147 24 1218
7004 427 21377
7014 610 30533
7023 965 48255
7353 34 1746
6998 64 3206
6780 107 5361
6664 166 8337
5611 50 2549
7007 93 4656
7025 137 6899
6577 93 4655
7003 1500 75048
7003 1585 79288
7020 153 7692
5946 58 2906
7017 168 8406
7019 221 11072
7008 1209 60457
7001 994 49713
7001 929 46486
7739 5 299
6106 0 10
7012 635 31783
7010 447 22379
7012 469 23460
7146 47 2353
7016 256 12839
7049 1352 67649
6993 19 986
7014 1280 64031
7001 903 45153
7054 332 16648
6812 11 563
7021 237 11896
6110 119 5973
7006 53 2670
7025 115 5781
7014 988 49419
5093 10 518
7020 1635 81759
7049 1626 81325
7023 54 2721
7008 313 15697
7054 1147 57396
7017 1432 71636
7021 190 9536
7048 204 10231
7008 34 1705
7055 245 12275
6769 137 6863
6427 18 933
7021 417 20851
7003 1231 61553
6405 21 1067
5452 2 147
6467 48 2439
6800 160 8029
7054 395 19756
7001 40 2035
7010 634 31717
7014 499 24976
7014 475 23774
7017 829 41481
7004 1342 67116
7010 417 20875
7010 1432 71648
7014 882 44125
7010 393 19673
7014 1360 68036
5979 34 1702
6883 26 1306
7049 884 44245
7016 317 15874
7055 10 522
7025 254 12745
7008 1440 72042
7017 640 32047
7010 286 14324
7010 614 30701
7054 1793 89687
7006 108 5427
7021 123 6180
7012 45 2269
7003 254 12735
7054 1334 66727
7018 49 2497
7048 53 2696
6382 34 1722
7008 1351 67573
7010 1217 60881
7001 787 39357
7020 612 30631
7011 126 6314
6934 215 10771
7020 1153 57662
5065 18 902
6689 80 4008
6783 16 809
7049 1631 81585
7004 372 18633
6955 149 7493
7049 360 18011
7528 226 11336
7010 1027 51399
7006 555 27761
6690 63 3195
7049 809 40499
6380 101 5070
6406 64 3209
7049 1195 59777
7054 1876 93817
7003 1231 61581
5925 69 3489
7047 76 3840
6780 107 5361
7021 290 14506
7012 149 7451
7054 1341 67082
6562 47 2394
7017 1236 61833
7018 174 8727
7011 126 6314
7054 383 19166
7055 590 29532
7025 594 29732
7529 109 5472
7049 1996 99818
6761 31 1553
7049 1175 58767
7023 571 28576
7014 1099 54951
7012 860 43032
7010 1358 67904
7049 875 43772
7022 6 326
6600 131 6564
6788 8 424
7017 528 26422
7018 627 31377
7017 130 6509
6840 73 3660
7006 174 8735
7003 1509 75470
7059 23 1174
7025 524 26210
5226 52 2617
5940 24 1224
5933 109 5496
7017 802 40111
7021 102 5132
7012 150 7513
6888 62 3147
7021 374 18712
6161 20 1042
7020 1209 60456
6783 2 106
5144 13 690
7012 415 20782
5437 72 3626
7010 1683 84151
7017 357 17860
7020 503 25157
7023 384 19223
7003 1486 74319
6827 64 3237
7049 1723 86156
7006 334 16744
7014 322 16119
7017 180 9044
7022 85 4278
7019 285 14260
7010 1535 76776
7004 1611 80568
7049 1859 92981
7010 1721 86082
7025 21 1076
7054 1744 87242
7019 214 10745
7017 1639 81984
7522 2 114
7004 986 49314
7049 575 28795
7004 1364 68229
6859 126 6317
7014 1325 66269
6030 85 4256
7001 1140 57013
7394 1 63
6642 88 4403
7049 724 36218
7004 448 22420
7142 40 2014
7020 1775 88796
7020 904 45212
4992 54 2709
7012 1100 55037
7001 990 49548
7023 55 2790
7004 1565 78271
5437 90 4542
7021 53 2687
7051 4 219
7003 298 14936
6783 37 1871
5353 13 662
6288 117 5870
7017 1491 74599
7054 1651 82571
7023 754 37736
7020 1717 85897
7010 456 22833
7026 499 25000
6906 15 797
6591 105 5270
6684 4 224
5154 74 3744
7010 69 3463
7014 808 40421
7001 681 34057
6803 36 1825
6786 54 2733
7021 580 29012
7023 1705 85251
7014 1543 77160
7012 150 7540
7010 1493 74683
7026 147 7381
6235 5 272
7011 117 5870
7006 52 2610
7054 1341 67100
6787 68 3405
7054 1241 62060
7017 655 32756
5541 53 2695
7017 1664 83207
6520 11 591
6853 147 7395
7023 785 39298
7003 779 38998
7004 1037 51855
6591 105 5270
6787 234 11712
5501 8 430
7004 1132 56639
7054 1147 57357
7008 292 14606
7019 276 13845
7017 1136 56816
7017 130 6548
6871 147 7390
7049 879 43981
7014 74 3746
6939 54 2712
7017 425 21283
7008 1342 67110
7023 119 5954
7013 0 36
7001 131 6564
7001 387 19393
6176 141 7072
7004 1342 67133
7023 237 11866
7018 888 44448
6980 232 11649
7049 409 20459
6501 6 326
7049 719 35983
7023 1184 59212
7046 98 4950
6667 15 766
7008 352 17612
7004 1155 57762
7054 1873 93681
6483 15 775
7020 1476 73819
7004 1342 67132
7010 307 15395
6616 46 2335
7013 212 10615
7018 515 25793
7054 97 4861
7049 1878 93915
7014 740 37050
7020 412 20640
7004 402 20113
7018 297 14895
7020 1717 85871
5782 134 6745
7004 1364 68230
7018 323 16155
6916 125 6280
7012 1183 59194
7023 887 44387
7017 996 49850
5998 8 445
6594 24 1211
7006 293 14656
5521 7 395
7004 266 13316
7012 494 24730
6840 74 3710
7010 233 11662
7025 549 27456
7014 61 3070
7003 1010 50520
7012 1567 78398
7049 563 28198
7054 292 14616
7054 1591 79578
7020 186 9334
7682 129 6466
6589 137 6857
7014 1616 80845
7018 710 35530
7014 88 4427
6916 71 3594
7019 498 24929
7025 457 22852
6687 122 6141
7023 875 43759
7001 1113 55670
7012 192 9637
7012 192 9637
7004 773 38665
7012 765 38287
7019 81 4090
7003 1294 64728
7010 1118 55914
7013 72 3625
7295 104 5228
7054 1498 74902
7004 310 15512
6894 14 705
7010 515 25777
6303 142 7105
7004 521 26066
7049 366 18339
7054 408 20411
7003 1669 83454
6663 91 4567
7016 224 11231
7020 904 45222
6084 5 291
7004 1103 55169
7017 349 17469
7016 176 8805
7008 1462 73101
6906 13 692
7008 1462 73134
7017 1317 65880
7054 1233 61683
6427 14 725
5586 96 4820
7017 650 32512
7004 402 20103
7018 288 14424
5104 13 661
6917 233 11659
6098 161 8054
7004 1640 82005
7017 1557 77855
7008 1342 67135
7004 1155 57796
7012 1172 58638
7014 134 6710
7023 120 6007
7054 625 31251
6642 78 3945
6322 4 206
7012 900 45049
7003 194 9740
7014 791 39551
6382 14 750
5104 12 621
7049 319 15965
7017 168 8406
7054 1146 57329
6226 67 3396
7013 2 109
7018 37 1858
7017 1440 72032
7021 598 29945
7025 343 17186
7026 806 40349
7049 932 46634
7049 620 31037
6827 61 3055
7008 1273 63682
6748 171 8556
7020 158 7927
6564 165 8254
7003 38 1919
5449 94 4723
6980 88 4426
6224 24 1234
7010 488 24448
6412 28 1450
7014 947 47351
7017 292 14619
6633 17 892
7004 412 20614
7055 48 2402
6600 131 6579
6609 80 4010
7017 1145 57290
5949 21 1082
7014 135 6784
7021 576 28818
7003 1159 57953
6840 85 4268
7026 227 11382
5021 75 3772
7017 524 26207
7020 1153 57697
6883 23 1174
7014 803 40190
7003 319 15956
5441 18 909
7019 36 1818
7054 1519 75958
7528 226 11336
7017 1360 68039
7022 12 631
7048 184 9209
5201 22 1137
7026 715 35788
7054 1617 80874
7023 1048 52403
7006 43 2190
7014 1724 86238
7008 313 15657
7020 839 41957
7026 147 7373
7012 1523 76198
7014 984 49235
7023 1379 68978
7013 112 5623
7014 1046 52330
7014 1276 63802
5151 117 5890
6656 11 589
5013 178 8910
5005 64 3220
7012 1408 70419
6429 62 3123
7026 563 28167
7055 783 39185
7017 1436 71832
7054 1563 78181
7003 729 36453
7004 1740 87029
6303 190 9522
7023 273 13674
7055 188 9428
7012 507 25352
7008 611 30565
7049 2004 100231
6563 127 6352
7049 903 45153
6562 110 5530
7025 29 1452
7011 117 5854
6565 134 6723
7008 551 27589
7023 589 29491
7010 6 308
7018 603 30189
7019 51 2556
7018 888 44432
7017 92 4647
7017 1616 80807
7004 1080 54017
7014 774 38720
7010 1476 73816
7010 227 11398
7023 1782 89130
6589 115 5781
7012 433 21682
7292 11 576
7023 1102 55134
7010 539 26953
7018 69 3488
7018 530 26532
7020 1896 94837
7023 573 28700
7014 841 42093
7054 58 2939
7003 532 26608
7014 387 19382
7049 283 14193
7007 130 6522
7051 75 3758
7115 38 1932
6680 39 1998
7010 1358 67947
6942 0 18
6850 88 4418
7020 8 430
6027 116 5849
7012 1718 85909
7054 576 28831
7699 115 5764
7013 16 833
7020 160 8050
6905 9 479
6960 159 7990
7046 84 4246
7019 221 11054
7021 102 5140
6907 199 9962
7023 264 13230
7012 755 37794
7010 1476 73812
6028 20 1047
7023 1032 51626
7021 814 40715
6751 34 1704
7018 234 11736
7012 835 41790
7006 53 2692
7001 56 2837
7001 993 49676
7010 619 30955
6783 11 586
7023 444 22232
7644 178 8934
7008 1080 54032
7049 1996 99808
7020 1937 96858
7006 92 4640
7023 444 22242
7018 81 4077
6478 126 6312
7012 33 1664
7014 75 3783
7049 611 30565
7023 605 30296
7022 105 5282
7007 58 2934
5136 52 2610
7001 33 1665
7010 1683 84153
7001 762 38121
7023 444 22225
7003 1009 50458
7049 1340 67030
7026 573 28681
7055 491 24554
7023 66 3309
7004 46 2310
7014 459 22985
7017 640 32024
7008 1102 55146
7003 1278 63902
7003 185 9259
7001 877 43870
7026 227 11382
7013 51 2591
7017 1406 70349
6980 27 1354
7010 552 27612
6615 178 8937
7018 4 216
7010 149 7475
7054 1360 68033
6981 17 856
7001 865 43260
5624 13 670
6905 87 4362
7003 1009 50490
7001 16 805
7012 746 37344
7049 433 21694
7008 1072 53648
7048 74 3725
7054 312 15611
6461 58 2931
7054 899 44957
6052 21 1080
7049 53 2666
7017 760 38004
7023 822 41149
7021 141 7093
5201 10 516
7004 64 3239
7012 291 14569
7021 163 8166
7020 609 30495
7018 331 16556
7016 208 10410
7017 1639 81979
7023 903 45186
7010 943 47164
7049 1998 99921
7049 1073 53672
7013 100 5044
7535 18 935
7020 799 39957
6125 70 3521
7046 98 4916
5326 37 1884
6620 84 4218
7004 65 3300
7054 1036 51832
6387 79 3997
7017 40 2019
7003 1254 62714
7008 741 37058
7054 556 27827
7020 301 15072
7046 84 4238
7022 150 7542
7003 59 2967
7003 910 45536
6786 71 3552
5089 37 1866
7017 1719 85989
7023 681 34097
7004 590 29544
7004 412 20611
7008 188 9417
6942 83 4194
7003 716 35810
7004 46 2310
7054 544 27234
5419 79 3954
6083 8 449
5106 48 2402
7001 451 22586
7023 98 4914
5604 16 838
7003 59 2973
7086 28 1413
6684 13 676
6382 36 1842
6906 13 693
7008 559 28000
7008 605 30269
7012 1278 63916
6490 123 6178
7017 1432 71641
7014 139 6996
7020 413 20666
7026 397 19857
6336 54 2701
7003 234 11706
7017 626 31324
7017 936 46816
7006 334 16727
7055 461 23091
7054 185 9278
5361 29 1455
7004 1152 57645
7054 1086 54345
6412 110 5545
7003 317 15859
7010 1551 77587
7026 715 35788
6653 112 5622
6690 124 6203
6598 58 2912
7023 1919 95995
6840 86 4308
7004 405 20259
6874 26 1332
7023 409 20460
7017 425 21280
7016 143 7169
7049 879 43997
6121 24 1208
7049 1175 58769
7055 132 6618
7008 1462 73101
5390 56 2845
7049 1518 75941
7739 66 3301
7007 13 691
7017 717 35879
7014 1536 76839
7007 13 651
6969 88 4450
7400 164 8230
7025 403 20168
7010 620 31050
7010 1285 64283
7025 350 17510
6921 2 107
7023 174 8731
7023 1222 61103
7013 64 3218
7012 177 8860
7048 86 4338
7008 1413 70670
5979 139 6980
5104 12 621
6581 20 1042
7017 1447 72391
5605 95 4776
7010 563 28165
5106 122 6129
7010 1064 53220
7020 1355 67791
7001 990 49545
7020 644 32220
7018 72 3633
7054 1607 80376
7014 519 25960
5894 11 571
7003 426 21341
5363 16 839
7011 303 15158
7018 509 25455
7010 1538 76914
6562 110 5530
7012 1668 83449
5971 23 1174
7049 25 1256
7021 554 27725
7054 1563 78186
7093 18 908
7023 1678 83903
7055 590 29506
7003 1452 72642
7004 1253 62670
7022 67 3373
7020 557 27858
6840 73 3669
7004 681 34065
7012 204 10236
7020 1543 77171
7054 653 32680
7054 1793 89659
7020 153 7651
7018 426 21315
7017 1703 85198
7014 1319 65961
6478 32 1627
7019 285 14279
6149 165 8254
7021 368 18404
7017 1454 72715
7046 51 2571
7011 261 13060
4999 26 1316
7013 147 7392
7003 1657 82864
7010 901 45066
5364 144 7248
7012 1165 58279
7006 489 24483
7019 498 24908
7017 770 38534
7017 92 4647
5000 86 4350
7026 213 10660
7017 1012 50628
7020 1041 52069
7049 447 22385
7023 473 23692
7020 802 40139
7020 566 28336
7017 508 25415
7008 445 22274
5602 46 2327
7012 840 42034
7001 786 39311
7008 1250 62515
7020 1521 76061
7018 295 14792
7013 10 533
7014 548 27433
5213 13 683
6478 45 2265
7055 324 16229
6688 82 4133
7006 177 8873
7020 1625 81255
7012 1291 64587
5925 143 7187
6284 74 3727
5038 40 2015
7010 34 1708
7054 493 24668
7004 1708 85418
7049 171 8564
7020 342 17117
7008 1012 50629
7014 1167 58372
7014 638 31939
7026 83 4182
7049 724 36229
7016 7 365
7017 887 44387
6969 159 7961
7003 725 36259
7004 590 29510
7010 730 36535
7049 283 14194
6799 75 3778
7020 952 47639
7014 1 97
5388 16 841
7022 166 8328
7054 1901 95070
7019 59 2995
6219 107 5373
6908 208 10409
7054 1873 93681
7012 1605 80297
7008 592 29602
7014 1364 68225
6960 170 8532
7026 755 37757
7010 1188 59445
7026 147 7387
7020 367 18374
5099 81 4094
7049 531 26600
7014 706 35323
6608 61 3071
7020 669 33459
5449 71 3595
7004 1373 68689
7012 291 14600
7049 809 40471
7049 1490 74526
7026 867 43367
7017 899 45000
6091 3 159
6936 210 10526
7010 1166 58327
7020 1712 85635
6173 84 4222
7014 1601 80068
6752 63 3155
7054 991 49583
7008 465 23255
7023 1048 52435
7051 95 4794
6235 0 19
7008 1351 67600
7019 492 24647
7012 1684 84246
7008 471 23583
7004 1287 64381
6319 53 2666
7003 948 47410
7003 234 11745
5386 175 8752
5501 6 308
7010 1476 73831
5779 6 340
7021 580 29045
7025 554 27708
5212 4 211
7048 5 262
7023 958 47917
7012 1183 59167
7023 119 5982
5437 181 9080
7023 931 46572
7131 62 3112
7012 1249 62495
7020 1149 57488
7020 582 29104
7012 369 18476
7023 920 46002
6427 15 800
6589 137 6893
6776 28 1416
7012 433 21652
7014 1510 75538
7001 277 13885
5933 130 6508
7025 340 17006
7023 237 11866
5966 61 3087
6023 50 2520
7049 246 12321
7054 1044 52228
7010 33 1692
6663 96 4824
7026 268 13430
7020 1928 96407
7003 1272 63610
7054 227 11400
5894 35 1788
5540 16 850
6797 10 515
6593 4 240
7054 1086 54346
7055 514 25707
6863 27 1362
6879 193 9672
7008 287 14364
6969 165 8261
5005 60 3031
6871 96 4825
7001 589 29494
7055 68 3424
7023 99 4990
7012 227 11394
7006 8 444
7004 843 42185
7013 129 6459
6773 224 11219
5437 78 3940
7014 1421 71077
7739 7 354
7011 236 11832
7054 1901 95088
7014 168 8443
7014 1167 58394
7014 128 6410
7012 1630 81526
7017 1664 83245
6905 25 1278
7023 1797 89884
7018 118 5929
7008 1413 70698
7021 328 16410
5151 84 4215
7020 901 45051
7014 1136 56827
6615 128 6410
5386 108 5428
6686 43 2175
6319 52 2608
7020 1443 72168
7023 1678 83921
6936 208 10419
7020 629 31455
7018 555 27787
6493 27 1385
7004 563 28186
7023 818 40943
7019 85 4292
6803 38 1940
7012 1523 76167
7012 561 28080
7054 1587 79361
7014 1601 80097
7003 898 44924
5179 183 9169
7006 206 10324
5418 40 2039
6805 99 4967
7020 93 4661
7049 1993 99698
7010 1090 54544
7018 303 15188
7026 822 41109
7010 515 25777
7023 66 3326
7003 744 37218
7022 262 13145
7010 443 22171
7019 380 19018
7003 844 42243
6173 87 4358
7573 34 1724
7006 126 6302
7010 296 14806
6773 60 3013
7025 21 1069
7020 301 15053
7023 681 34082
7012 98 4903
7012 1100 55037
7023 1102 55134
7020 1230 61507
6182 93 4674
6426 56 2822
6346 58 2906
7017 703 35161
6689 80 4008
7003 922 46135
6788 34 1728
7014 1536 76839
6824 95 4760
6573 64 3214
7020 160 8003
7017 1557 77851
6942 8 447
7017 746 37326
7004 456 22820
7017 145 7274
7008 269 13454
7019 528 26433
5437 91 4573
7017 717 35863
7019 76 3839
7014 384 19226
7014 1116 55810
7010 1638 81945
7018 31 1557
5412 45 2258
7014 1116 55826
5038 36 1834
7017 203 10180
7049 864 43208
7008 595 29771
7012 771 38588
7008 608 30404
7006 380 19002
7054 2015 100777
7004 1470 73536
7008 35 1766
7010 1247 62388
7001 725 36274
7010 630 31543
7389 10 533
7010 1683 84167
7054 1980 99020
7021 262 13111
5216 74 3721
7026 162 8136
7017 1616 80835
7016 317 15863
6861 244 12221
7008 1375 68763
7055 347 17389
6752 77 3876
7012 992 49609
7001 56 2809
7011 167 8382
7025 210 10531
5921 146 7341
6786 77 3890
7012 201 10074
7023 818 40917
7023 1195 59789
7017 731 36597
6993 21 1079
7017 1664 83222
7411 99 4993
5975 88 4433
7012 1181 59064
7008 941 47090
6952 49 2458
7023 1589 79481
7023 699 34995
7004 365 18261
6478 45 2289
6379 172 8637
5155 100 5023
7023 1561 78077
6360 93 4655
7049 1518 75939
6688 11 566
7020 1442 72105
7054 360 18007
7054 1046 52340
7008 533 26693
7055 491 24595
7018 560 28007
7054 264 13203
7055 188 9428
7020 192 9620
6915 209 10484
6647 142 7112
7012 761 38070
7020 809 40492
7017 794 39732
5891 9 461
7023 1664 83208
7049 1798 89909
7020 671 33574
7017 1301 65084
5179 36 1814
7026 650 32530
6162 77 3879
6616 50 2522
7054 761 38080
7049 919 45987
7003 1607 80380
7014 1043 52181
7107 12 635
6336 46 2329
6773 59 2958
7020 1482 74108
7131 74 3744
7004 1732 86618
7017 480 24039
7049 1408 70438
7020 235 11778
7003 744 37205
7012 192 9630
7049 662 33115
7026 147 7395
7023 846 42350
7003 1226 61332
7014 1083 54159
7054 1360 68030
6871 144 7229
7008 1 82
5384 45 2278
7006 335 16770
7014 1159 57999
7004 936 46841
6199 4 222
7023 1184 59226
7017 802 40111
6311 52 2615
7018 888 44404
7004 1311 65592
7012 874 43740
7012 1476 73804
6778 35 1770
7010 1158 57918
7022 85 4279
6195 101 5093
7012 369 18489
7018 303 15153
7021 368 18404
5779 6 307
7574 87 4386
7008 1250 62548
6145 49 2459
7018 893 44665
7017 349 17477
7014 685 34252
6973 121 6087
7018 331 16568
5051 169 8451
6769 135 6789
5933 109 5496
7054 763 38190
7012 384 19225
7049 915 45799
7010 901 45100
7022 67 3358
7021 81 4087
7001 1185 59271
7017 1210 60523
7017 1401 70090
7049 1895 94797
6600 26 1317
7055 347 17370
7014 1724 86245
7054 1241 62060
7049 719 35994
7007 119 5973
7014 394 19704
7016 143 7154
7004 1155 57796
7055 597 29858
7017 480 24026
7012 1684 84229
6023 11 592
7054 1147 57357
7023 1377 68851
7008 1468 73407
5382 20 1029
6689 43 2189
6787 228 11422
5382 205 10278
7010 1166 58309
6319 116 5815
6162 122 6119
7016 35 1793
7014 180 9023
7010 460 23016
7010 1240 62006
7049 1580 79019
7046 98 4907
7008 281 14080
7054 408 20443
6957 27 1367
6919 5 277
7012 1432 71621
6031 150 7519
6879 182 9112
7049 1489 74492
6616 36 1833
6919 44 2229
7006 125 6291
7014 1022 51126
7010 1166 58306
6021 168 8421
7004 64 3221
7669 137 6851
7018 160 8007
7126 15 761
6304 125 6270
7025 119 5988
7025 580 29028
6007 15 784
7001 651 32595
6286 4 203
7006 479 23962
7014 1543 77158
7023 605 30267
7014 841 42093
7014 499 24952
7019 276 13801
5093 18 906
7022 25 1295
6631 35 1791
7014 88 4411
7012 415 20784
7012 643 32173
7049 159 7973
7014 240 12011
6769 93 4659
7049 1518 75938
7008 188 9418
6689 128 6407
7054 1146 57313
7008 445 22274
7008 161 8055
6176 169 8485
7049 433 21660
7017 402 20145
6230 28 1432
7054 458 22941
7018 844 42237
7010 498 24935
5977 74 3709
6065 73 3681
7055 196 9804
7026 47 2365
7020 470 23535
7008 247 12378
7021 81 4077
5459 167 8386
7025 481 24088
7019 59 2967
5104 13 678
7013 153 7688
7021 14 704
7008 206 10319
7019 562 28105
6974 66 3339
5519 18 901
6600 131 6564
7014 168 8420
7014 1431 71565
6004 192 9649
6151 31 1552
6874 54 2738
7008 397 19866
5001 21 1086
6631 96 4825
7004 98 4949
7004 990 49509
6147 28 1410
7146 48 2411
7049 482 24129
7049 418 20948
7054 411 20578
7017 325 16251
7049 417 20855
7021 22 1116
7019 285 14295
7019 254 12740
7010 33 1664
7008 904 45211
7006 49 2495
6380 81 4093
6506 186 9308
7012 862 43106
7004 1434 71720
7008 281 14071
7007 86 4340
7012 561 28080
6359 66 3315
6280 131 6561
7021 554 27738
7013 235 11798
7012 980 49035
7003 319 15967
6589 131 6555
7018 959 47967
7019 254 12702
7018 18 936
6917 1 94
6305 22 1102
7014 751 37578
7001 990 49513
7054 579 28953
5966 59 2967
7054 408 20409
7010 1654 82733
7742 236 11813
7014 925 46274
7023 99 4983
7048 105 5279
7012 431 21570
7049 845 42293
7014 128 6421
7054 1056 52807
6761 32 1623
7049 1651 82557
7026 444 22218
7010 233 11659
7004 145 7272
7004 563 28161
7054 1150 57549
6378 43 2163
7004 1643 82179
7018 627 31365
7023 1379 68961
6965 8 404
7010 1713 85699
7049 1821 91055
7012 227 11394
6957 57 2887
7026 676 33808
7003 1029 51493
7019 276 13842
7010 443 22153
7006 108 5416
7049 1175 58766
7513 82 4135
7026 488 24425
5949 23 1160
7047 43 2196
7003 818 40923
6084 7 380
7023 1323 66182
7049 883 44192
6792 12 603
7020 1355 67800
7054 1150 57547
7018 866 43329
7023 187 9397
6105 89 4478
7046 0 38
7011 152 7617
7019 85 4289
6305 22 1101
7023 411 20594
6683 115 5758
5905 38 1929
5604 93 4677
7023 728 36446
7049 2020 101005
5940 20 1020
7004 360 18016
7054 673 33692
6529 10 533
7049 168 8443
7022 283 14182
7466 103 5189
4957 106 5348
7049 598 29938
7054 1360 68050
7055 245 12265
5364 106 5314
7004 159 7981
5501 8 430
7054 383 19173
7018 331 16585
7055 472 23620
7023 909 45492
5911 53 2671
7020 192 9635
7012 879 43985
7008 1050 52504
7025 95 4782
6428 11 594
7014 1755 87764
7008 716 35826
5133 7 357
7023 1283 64152
6145 51 2556
7008 586 29343
7018 604 30223
7049 2020 101003
7018 303 15176
7010 121 6065
7019 85 4300
6185 8 412
7001 147 7396
7012 566 28348
7018 303 15185
5361 21 1096
7055 332 16627
7302 65 3295
7023 291 14567
6769 105 5276
6312 96 4827
7006 512 25631
6406 132 6612
7020 160 8008
6529 15 756
7012 994 49705
7010 1158 57918
7001 455 22762
7020 669 33465
7054 264 13220
6921 9 475
6825 12 643
6176 141 7072
7008 1072 53614
7049 491 24554
7017 1282 64146
7010 33 1666
5412 41 2058
6840 71 3588
6803 40 2008
7003 1509 75465
7017 1513 75679
7003 1329 66470
6377 8 430
6028 24 1216
7014 484 24248
7001 93 4652
7049 447 22374
7006 249 12499
7003 104 5223
7012 291 14589
7006 43 2190
7003 13 664
7006 380 19002
7026 492 24616
7018 49 2497
7049 417 20861
6606 92 4614
6404 177 8864
7014 973 48660
7020 1245 62274
5411 109 5499
7020 952 47632
7054 1021 51095
7008 445 22268
7006 190 9505
6620 75 3793
6589 170 8546
7400 164 8244
7014 1368 68424
7017 903 45173
7001 972 48608
7023 120 6013
7001 776 38815
7319 12 635
7003 1027 51394
7004 656 32843
7020 1802 90133
7008 881 44088
7049 1470 73548
7008 1100 55027
7019 326 16314
7001 1074 53748
7017 170 8504
7004 1374 68728
7014 1210 60546
7020 1778 88936
6140 39 1998
7004 46 2309
7012 1567 78389
7146 47 2369
6885 30 1541
7010 359 17959
4999 131 6554
7020 1679 83965
7021 382 19105
7054 1221 61074
7012 1567 78382
7003 1120 56019
7004 817 40890
7017 528 26449
6906 2 120
7017 488 24444
7580 43 2175
7010 1166 58318
7049 1175 58767
6667 18 925
7018 784 39206
6503 8 441
7001 589 29469
7023 777 38887
7020 731 36566
7023 96 4846
7012 970 48513
7049 84 4205
7047 22 1117
7021 418 20906
6348 28 1441
7049 1023 51171
7004 510 25547
7023 1544 77212
7046 0 7
7003 755 37762
7054 1737 86877
6562 109 5458
7017 92 4649
7025 242 12125
7008 117 5853
7022 110 5541
6408 48 2406
7020 1442 72107
7010 1520 76048
7020 1382 69115
7020 160 8011
6615 144 7236
6205 102 5126
5133 3 187
7014 327 16377
7006 387 19358
7016 218 10947
6606 84 4215
7022 155 7797
7023 909 45451
7017 165 8260
7021 26 1346
7055 394 19746
7003 897 44876
7054 96 4834
7012 737 36854
7023 1601 80098
5894 76 3834
6785 161 8095
7047 113 5679
7025 408 20437
5914 106 5305
7003 620 31006
6551 63 3163
6319 9 482
7014 1536 76803
7013 49 2487
7019 285 14288
6907 61 3083
6382 150 7532
7004 1373 68681
6951 38 1912
7055 48 2422
7049 246 12341
7004 266 13347
6520 16 815
7012 194 9750
7022 110 5505
4999 28 1446
7017 5 264
7003 1291 64586
6599 99 4982
7023 1787 89353
7026 117 5870
7014 209 10453
6835 56 2848
5925 143 7187
7054 168 8408
7023 588 29424
7011 152 7649
7049 187 9357
7010 408 20418
7020 1041 52080
7049 2008 100450
6698 47 2359
7003 226 11343
7020 1595 79767
7004 1492 74612
7054 1341 67064
7048 5 267
5021 75 3772
7018 319 15989
7004 266 13347
6800 218 10931
6788 30 1545
7055 338 16909
7010 607 30351
7054 1449 72464
6885 65 3299
7008 697 34860
6506 167 8355
6478 31 1564
7004 496 24817
7001 387 19355
7023 237 11856
7022 61 3070
7020 12 620
5179 31 1600
7012 1629 81451
7049 1447 72372
7003 1629 81474
7054 378 18928
7008 551 27587
6596 59 2996
7020 186 9347
6440 89 4480
6956 80 4009
5397 1 100
7012 1309 65479
6993 22 1112
7010 341 17097
6406 134 6706
7008 559 27960
7049 1798 89939
6874 51 2575
7021 367 18395
7497 80 4002
7022 262 13143
7025 340 17011
7014 1360 68006
6030 81 4085
7142 58 2945
7020 818 40927
6778 34 1749
7018 394 19701
7012 158 7931
7004 8 435
7400 27 1372
7025 408 20439
7496 16 821
7017 425 21272
6656 11 589
7001 776 38804
7047 76 3813
6205 76 3820
7054 1060 53011
7016 150 7545
7023 360 18016
7020 593 29686
7026 450 22509
7004 1374 68730
7017 172 8621
7049 598 29949
7026 7 385
7008 1275 63785
7021 22 1147
7049 418 20901
7017 1735 86799
5363 10 502
7565 121 6070
6224 24 1234
7006 52 2610
7020 1593 79663
7023 754 37740
7051 95 4794
6184 25 1276
7054 929 46498
7054 671 33593
7020 70 3522
7004 848 42448
4977 55 2781
5912 12 608
7055 445 22264
6683 116 5839
7006 190 9501
7021 600 30035
7020 470 23514
7017 806 40307
6625 9 467
7008 309 15461
6195 38 1922
7049 416 20820
7054 1893 94692
7021 838 41907
6030 21 1059
7020 1285 64296
7010 1476 73812
7017 1292 64622
6230 30 1542
6402 49 2488
5894 30 1549
7001 929 46468
7047 20 1041
7004 593 29689
7055 13 678
7008 292 14636
7055 600 30005
5940 19 990
7012 1182 59133
6788 33 1669
7017 339 16966
7020 51 2560
7010 1431 71587
7001 479 23986
7007 58 2908
7019 254 12701
5386 128 6448
6356 74 3723
7010 589 29497
7012 369 18489
7017 1103 55174
7008 985 49294
6799 75 3778
7023 1797 89852
6195 43 2182
7019 214 10722
7014 187 9354
6871 141 7091
7054 1980 99012
6629 27 1399
7013 226 11348
5093 10 530
6907 56 2831
7018 229 11456
7008 533 26652
7049 1202 60129
7010 1264 63225
7023 521 26096
7054 1737 86880
7014 793 39689
7055 728 36438
6341 78 3940
7018 86 4350
7049 319 15965
6387 72 3622
7014 541 27051
7026 541 27075
7014 1543 77161
7014 1576 78846
7006 512 25631
7006 157 7855
7013 64 3229
6387 88 4432
7004 145 7290
7012 1363 68180
7017 1292 64608
7008 1375 68771
7049 1073 53694
7023 892 44638
5155 100 5029
7014 1061 53066
7095 70 3523
6446 86 4329
7018 935 46790
7017 508 25406
7054 1160 58005
7008 1255 62791
7021 282 14144
7016 310 15532
7014 1265 63275
7054 97 4880
7053 49 2458
5019 67 3368
7007 20 1033
5946 64 3228
6965 0 43
7049 1993 99655
7012 316 15849
7017 1317 65868
7021 421 21051
5106 78 3942
7008 309 15466
7008 1012 50626
7017 339 16966
7012 1014 50709
7049 883 44157
7055 302 15137
7001 903 45188
7018 26 1326
6824 96 4803
7048 184 9238
7023 1601 80054
7049 1308 65425
7012 1364 68221
7010 121 6078
7004 1098 54935
5565 27 1389
5386 63 3199
7018 866 43326
6540 34 1749
7003 1009 50458
7054 1580 79046
7025 548 27443
6785 162 8128
7001 1042 52137
6380 57 2878
7054 1243 62165
7014 1597 79879
6417 172 8634
7017 535 26753
7012 1579 78998
5436 16 821
7049 1625 81251
6907 63 3200
6028 17 865
7023 576 28803
7003 992 49640
7003 992 49628
6145 45 2265
7010 1463 73161
7049 1625 81252
7020 500 25039
6664 158 7925
5586 96 4820
7023 1451 72592
6589 1 76
7004 286 14313
5966 55 2773
7014 1136 56821
6367 75 3785
7021 576 28835
7016 40 2018
6799 39 1988
7012 1537 76877
6444 88 4434
6423 202 10143
7012 526 26334
6906 34 1715
7004 360 18016
7014 1724 86238
7019 387 19354
7017 1003 50171
7001 147 7388
7025 350 17530
6007 139 6972
7004 563 28160
6881 101 5077
7001 669 33473
6007 23 1171
7055 48 2405
6606 91 4579
6589 147 7391
7049 1130 56506
7010 1117 55864
6503 7 371
7020 1041 52080
6683 114 5711
7006 520 26038
7020 1576 78850
7054 1495 74783
6642 93 4651
6812 10 522
7003 922 46147
7054 1566 78309
7026 755 37780
6788 8 405
7008 1013 50651
6573 64 3214
7017 529 26470
7054 1945 97278
7023 1820 91021
7017 1424 71203
7006 52 2622
7010 1722 86114
7023 1681 84063
7014 1304 65210
6669 108 5409
6064 52 2604
5588 197 9886
7004 578 28937
6687 125 6277
7025 457 22871
6503 4 233
7014 290 14502
7001 919 45962
7055 55 2790
7054 1651 82565
7020 790 39545
7003 254 12712
7142 47 2361
7023 409 20491
6007 145 7293
7021 418 20942
7016 256 12829
6091 148 7429
5482 26 1309
7003 854 42746
7014 793 39678
7018 303 15153
5979 37 1870
7006 98 4907
7017 724 36249
7003 948 47410
7023 1463 73174
6406 162 8137
6375 110 5549
7023 1919 95954
7055 76 3814
7003 20 1013
7014 138 6903
7014 1280 64018
7023 681 34097
7010 539 26951
7008 313 15697
7136 50 2536
7054 1478 73918
7026 755 37760
7049 53 2664
7020 865 43267
7054 780 39050
7003 1500 75048
6698 95 4779
7053 45 2254
6835 98 4948
6589 145 7271
7003 254 12715
7021 7 370
7006 83 4199
6786 70 3503
7054 1907 95399
6670 33 1677
7017 919 45974
5783 16 829
7020 904 45246
7003 1452 72613
7007 119 5995
7020 160 8025
6664 158 7925
7049 864 43208
7006 429 21495
7049 363 18160
7008 492 24613
7001 387 19375
7055 197 9879
6915 147 7363
7023 1919 95995
6905 5 264
7047 84 4248
6344 26 1313
7130 19 991
7017 130 6536
6917 227 11385
6566 33 1685
6687 13 673
6589 137 6893
7020 1876 93805
7020 1382 69101
7004 1547 77398
7019 36 1831
7055 273 13682
7017 529 26462
7049 1580 79019
6686 30 1514
7014 811 40560
7012 1413 70698
7014 610 30514
6540 37 1872
6853 140 7049
7006 207 10381
7006 512 25616
7016 263 13165
6162 198 9921
7020 582 29107
7003 721 36066
6955 153 7686
7004 681 34091
7023 1283 64179
7023 605 30286
6139 30 1505
7017 1301 65070
6974 112 5626
7003 1509 75492
7049 359 17985
5074 1 60
7003 1278 63918
7054 1065 53299
7017 298 14916
7535 20 1036
6835 18 912
7017 1375 68774
7004 1241 62074
7054 306 15316
7025 598 29938
7012 771 38578
7049 360 18007
7012 1627 81399
7055 245 12267
7048 75 3759
7004 1006 50319
7023 1652 82620
5424 11 572
7012 1651 82557
5541 71 3552
6712 21 1094
7049 1244 62219
7012 1363 68164
7013 129 6470
6303 145 7252
7010 1688 84440
7019 168 8430
6936 146 7326
5515 116 5846
6645 5 285
7007 20 1002
6195 33 1674
6529 18 917
7016 35 1781
6528 65 3283
7054 893 44688
7001 442 22146
6631 34 1745
5436 10 521
6811 147 7375
7026 694 34708
6787 193 9667
7008 1275 63792
7014 1167 58394
7054 761 38082
7023 1134 56716
7049 1836 91841
6162 219 10961
7008 1275 63752
7017 480 24035
6917 58 2912
7026 397 19871
7020 235 11786
7049 773 38695
7008 21 1063
6830 214 10719
7049 1651 82589
7012 225 11296
6454 14 727
7008 352 17618
7054 207 10356
5364 131 6572
7012 158 7907
7014 1265 63276
7008 750 37536
7004 585 29266
7004 673 33697
7018 97 4889
7010 539 26990
7003 804 40232
7023 652 32627
7023 652 32639
7054 458 22922
7003 890 44546
7025 369 18463
7008 322 16104
5454 4 225
5005 167 8386
7014 808 40447
7017 384 19203
7021 485 24300
7020 1495 74754
6410 91 4566
7054 713 35672
6205 2 125
7014 751 37557
7049 308 15430
6489 36 1848
7020 996 49840
5363 12 646
6863 21 1072
6917 227 11385
7021 646 32350
7003 324 16210
7018 169 8454
7054 617 30890
6380 80 4045
7003 131 6587
7012 224 11218
6917 234 11723
7003 210 10526
7023 38 1948
5598 48 2445
7014 1244 62244
7054 1044 52245
7010 1733 86697
7051 14 711
7001 1189 59481
7007 86 4341
7054 634 31736
7018 337 16890
7055 223 11155
7004 98 4924
7054 713 35655
6664 99 4966
7010 286 14302
7017 330 16518
7049 1892 94618
5508 96 4835
7001 556 27826
7054 1243 62196
7012 835 41764
7014 869 43453
7023 576 28819
7017 480 24023
7014 499 24958
6146 0 40
7013 134 6733
7017 1639 81977
6786 70 3503
5106 78 3942
7012 761 38062
6562 46 2304
7017 1491 74583
7054 373 18680
7012 3 191
6812 15 759
6428 12 609
7001 1113 55670
7049 433 21673
7055 223 11192
6776 77 3895
7008 551 27557
7003 1226 61323
7020 1245 62271
7055 394 19702
7017 515 25769
7055 145 7269
7023 876 43850
7025 523 26195
7003 104 5205
5915 11 559
6917 239 11955
7020 1331 66599
4986 9 469
7141 47 2379
7014 324 16234
7010 1117 55898
7020 197 9882
6751 33 1663
7012 994 49705
7020 1823 91197
7008 313 15674
7023 1571 78571
7004 140 7009
7049 1993 99671
7013 7 398
6606 81 4069
7018 868 43425
7049 809 40492
5363 10 503
7010 1493 74686
7013 124 6204
6370 4 203
7001 1062 53129
7017 760 38014
6853 99 4982
6507 134 6709
6936 204 10237
6765 102 5127
7054 1628 81434
7020 51 2577
7023 1435 71760
7023 756 37821
7003 426 21349
7016 224 11222
7008 1193 59681
7008 1251 62577
7010 1240 62050
6021 191 9591
5382 199 9952
7003 1086 54320
7017 553 27671
6176 93 4662
6953 71 3553
7020 687 34393
7003 1418 70911
7004 1085 54257
7020 1717 85862
7008 741 37075
6853 66 3321
7025 340 17003
7014 774 38720
7008 197 9858
6323 102 5148
7054 761 38076
7016 198 9913
7020 835 41753
7026 752 37625
7004 1294 64733
7004 832 41613
6916 203 10185
7020 864 43242
7001 786 39345
7010 634 31740
7054 1591 79588
7004 95 4761
7012 856 42830
7004 1059 52951
7017 663 33199
6786 76 3823
6608 60 3001
6146 7 356
7004 98 4924
7014 384 19213
7049 1208 60430
7007 38 1904
6906 8 441
7010 943 47151
7020 996 49812
7010 1520 76048
7012 874 43742
7021 227 11389
7334 56 2818
7023 1525 76295
6917 240 12029
7014 484 24233
7049 1352 67625
7012 771 38589
7018 303 15159
7018 426 21312
7025 242 12117
7008 112 5640
7020 1501 75094
6406 126 6301
5412 41 2058
7017 84 4227
7020 158 7907
5904 36 1848
7021 310 15511
7011 317 15899
7054 463 23199
7023 571 28570
7049 919 45993
6824 98 4918
6959 204 10214
7008 1250 62523
5354 12 626
6310 57 2864
7017 130 6527
7004 1611 80568
7008 206 10316
7014 1761 88077
7054 673 33692
7021 457 22885
7054 97 4880
7012 1249 62472
7055 181 9064
7004 1434 71731
7010 296 14839
7054 1397 69873
7055 761 38079
7055 706 35317
6220 10 549
7017 41 2055
7003 254 12715
7014 240 12024
7012 840 42026
7008 245 12289
7054 185 9296
7023 1377 68875
7023 1451 72551
7054 762 38104
7023 1787 89386
7020 1209 60476
7003 571 28564
7049 921 46075
7012 158 7907
7054 1838 91907
7049 1963 98186
7017 1545 77261
7023 958 47912
7054 1498 74919
7025 169 8465
6327 42 2117
7004 567 28372
7010 1638 81949
7020 612 30605
7012 222 11117
7008 245 12277
7001 387 19393
6980 79 3969
7012 862 43148
6906 34 1741
7051 12 650
7023 1457 72884
7023 120 6026
7012 855 42790
5547 23 1161
7047 72 3607
6689 158 7920
7026 207 10378
7014 1116 55814
7023 756 37821
7010 20 1017
7054 1925 96263
6670 41 2085
7023 120 6006
6565 141 7051
5386 16 824
5005 161 8093
7054 152 7611
6139 37 1871
6620 85 4288
6959 204 10225
7016 208 10410
5017 51 2551
7025 95 4800
6007 39 1965
7051 97 4854
6946 70 3523
6811 47 2394
7012 968 48401
7018 888 44448
7001 713 35698
7293 2 121
7012 566 28334
7049 1117 55882
7026 783 39155
6916 202 10137
7006 0 44
7055 491 24554
7017 734 36749
7020 860 43020
7012 605 30275
7003 744 37205
7021 26 1319
7026 523 26187
7018 152 7645
7022 56 2840
7025 520 26036
7008 1100 55006
7014 138 6922
6783 16 822
7018 26 1326
7017 1641 82076
7055 27 1360
7019 343 17187
7014 1760 88019
7021 462 23108
7001 549 27471
7047 72 3607
6206 127 6378
7006 479 23991
6825 14 741
6583 142 7144
6683 154 7707
7017 1612 80637
7003 657 32864
7017 528 26416
7004 585 29266
7049 1105 55264
6776 77 3854
6605 169 8500
7008 1213 60695
6454 10 550
7529 109 5472
7023 422 21142
6344 21 1072
7013 16 850
7633 115 5796
7049 159 7988
7018 509 25474
7020 1896 94842
7010 359 17959
7020 757 37857
7004 1353 67669
7054 411 20554
7048 53 2669
7018 844 42221
7023 1871 93581
7004 1708 85418
7021 418 20950
7010 519 25960
7049 1340 67046
7026 500 25045
7394 8 446
7004 1328 66407
7011 290 14529
7014 894 44748
7001 491 24589
4979 13 695
7003 1120 56032
7054 967 48368
7019 165 8274
7017 1616 80806
7004 140 7048
5929 65 3272
7014 1543 77161
5419 73 3670
7054 571 28583
7003 818 40915
7010 1733 86690
7010 3 183
7010 69 3495
7010 974 48724
6092 191 9559
7054 620 31014
7054 1016 50841
6140 37 1854
7025 508 25438
7004 23 1199
7054 1466 73321
7004 1287 64391
7049 1723 86159
6683 155 7757
7025 340 17035
7018 264 13223
7003 324 16234
7442 22 1150
7003 1556 77820
6594 26 1327
7006 240 12023
7054 1121 56060
7055 248 12435
7004 1569 78476
6881 101 5077
7021 7 384
6853 140 7028
7023 384 19205
7017 321 16063
7023 652 32650
7008 373 18697
5495 19 981
7008 399 19990
7023 810 40521
7019 36 1814
7012 771 38558
7010 1188 59405
7020 1775 88773
7010 1683 84151
7049 1352 67622
7010 1502 75113
6853 66 3327
7016 310 15506
7011 48 2420
7022 25 1261
7001 131 6567
6611 131 6562
7017 193 9674
7008 688 34434
7025 131 6584
7018 888 44426
7012 149 7484
6219 2 121
7560 79 3995
7011 290 14529
7022 61 3068
7023 547 27381
7048 96 4812
7048 76 3827
7021 186 9308
6865 90 4543
7013 88 4442
7625 105 5271
7020 1521 76069
7017 72 3638
6377 11 551
7008 117 5881
7049 966 48340
7010 1654 82706
7014 1459 72971
7054 1580 79008
7049 1798 89932
7025 219 10964
6936 145 7271
6007 15 784
7003 657 32879
5979 66 3341
6873 3 161
7021 628 31401
7054 1016 50841
7026 877 43855
7019 85 4289
7025 242 12110
7001 416 20808
5106 157 7900
7003 8 437
7021 588 29437
6680 39 1998
7054 1561 78098
6853 68 3433
6564 174 8739
7054 185 9290
5038 40 2015
6305 42 2107
6783 16 809
7001 252 12640
7010 34 1720
7017 1440 72030
7054 1628 81433
7054 1628 81438
6343 149 7464
7020 808 40419
7018 224 11231
6078 66 3348
7055 210 10533
7012 1432 71633
7026 806 40349
7018 862 43120
6905 90 4518
7018 784 39206
7023 1435 71760
7004 556 27821
7048 9 478
5212 9 475
7001 1189 59462
7021 382 19138
7054 1977 98895
7021 53 2687
7010 620 31022
7021 418 20906
7023 875 43781
7049 611 30565
7021 123 6180
7025 217 10857
7010 1117 55873
7023 1797 89852
6773 60 3013
7021 368 18433
7054 1160 58005
6908 201 10098
5353 12 612
6377 11 551
7003 1009 50470
7010 581 29082
7012 1561 78055
7003 792 39602
7023 1762 88126
6083 1 57
7018 255 12752
7011 152 7634
7008 1443 72170
7007 121 6098
7020 1276 63816
7047 22 1129
7054 1731 86585
7016 282 14133
7019 276 13819
7023 1055 52793
7016 309 15461
7018 728 36433
7004 8 404
6893 112 5628
6406 192 9632
6640 171 8581
5227 23 1189
7017 1616 80806
7049 482 24129
7003 205 10270
7001 28 1432
7018 619 30972
7054 1980 99020
6934 46 2315
7049 759 37952
7023 605 30256
7054 556 27823
6684 10 527
