6170 30 1507
6527 112 5624
6614 157 7876
6140 31 1594
7006 471 23581
7049 924 46203
7012 1275 63792
7018 481 24093
7001 480 24035
7003 456 22838
6751 23 1161
5458 153 7698
7003 1375 68785
6930 20 1022
7020 950 47548
7003 232 11635
7023 569 28457
6663 175 8791
7014 1623 81152
6426 20 1015
6527 105 5292
7016 152 7608
6664 126 6314
5459 175 8770
5340 98 4935
7023 362 18126
7014 990 49542
7006 324 16238
7003 43 2172
7010 1049 52471
7008 133 6674
5608 11 556
6749 44 2234
7049 154 7743
7003 80 4022
6021 180 9003
7020 207 10367
7001 376 18802
6968 1 59
7017 362 18125
7023 1781 89083
7001 1080 54012
7008 133 6697
7013 238 11929
7014 990 49521
6960 169 8467
7048 27 1374
7048 81 4091
6879 208 10424
5013 3 164
7012 1054 52727
7054 875 43781
7017 1133 56665
7049 1934 96707
7004 1624 81205
7017 522 26144
7006 211 10576
7761 34 1714
5077 20 1042
7054 1269 63476
7023 1776 88803
7020 950 47514
7001 566 28311
7012 997 49898
7017 14 706
7010 610 30513
7051 67 3371
7008 280 14027
7055 175 8776
7021 471 23570
7001 998 49918
7003 960 48047
7017 1723 86178
6936 160 8039
7017 1536 76823
7049 807 40393
6628 42 2104
7012 246 12320
6615 175 8771
7049 1627 81382
7006 440 22028
5459 8 405
7054 1728 86436
6572 175 8800
7023 204 10220
7021 466 23304
7023 1934 96739
7014 1260 63041
7048 35 1792
5586 90 4534
7049 988 49416
7018 776 38827
5564 189 9485
7010 1447 72351
7046 111 5578
7049 1417 70885
7019 91 4560
7023 1675 83791
7020 1725 86253
7054 87 4369
7017 362 18125
6936 157 7861
7008 889 44464
7017 955 47771
7018 570 28510
7049 2015 100784
7001 26 1348
7017 1004 50240
6881 126 6309
7003 1734 86728
7046 102 5142
7012 997 49882
6031 219 10994
7012 1006 50313
5452 44 2216
7013 40 2041
7017 828 41401
7012 1659 82973
4971 117 5874
7012 442 22116
7004 309 15497
7054 1878 93943
6340 176 8809
7025 435 21778
6444 35 1791
6321 73 3673
7023 337 16870
7054 1250 62543
7023 77 3876
7017 1232 61603
7055 406 20317
7003 123 6175
7017 955 47787
7018 743 37187
7012 246 12324
6211 71 3581
7302 81 4092
6663 167 8382
7001 264 13240
6407 92 4631
6650 19 959
7003 749 37498
7026 108 5401
7003 214 10730
6206 43 2165
7019 31 1554
7006 337 16856
6991 71 3598
7021 748 37413
7010 1562 78140
7010 52 2626
7049 614 30718
6420 42 2117
6687 197 9866
7017 681 34081
6837 7 383
7003 784 39228
7001 264 13249
7017 1163 58179
7010 1556 77805
6031 219 10994
6036 53 2664
7003 875 43797
7025 609 30471
7357 47 2379
5339 96 4811
5608 11 586
7400 140 7010
7023 50 2506
7010 1162 58120
7021 579 29000
5445 8 446
6829 129 6465
7054 643 32172
7018 481 24088
6426 24 1242
5624 21 1055
7020 1135 56753
7004 1605 80272
7020 972 48621
6663 20 1034
5093 161 8091
6170 33 1665
7023 1378 68921
7008 1393 69690
6979 27 1369
7021 404 20234
7017 665 33265
6812 1 64
7049 696 34822
5459 175 8770
7054 1290 64506
7025 203 10177
5339 90 4546
5996 27 1369
7019 157 7896
7012 19 982
7014 1121 56058
6696 0 31
7048 27 1393
6812 8 430
6923 32 1605
7055 406 20304
7016 152 7624
6407 95 4799
7025 72 3635
7054 1576 78817
6334 3 166
7018 178 8911
7003 1317 65873
7016 152 7640
7018 363 18198
7020 1884 94201
7010 1545 77260
7004 347 17372
7003 1339 66997
5013 9 478
7020 1852 92603
7001 532 26633
7054 1009 50470
7012 713 35666
6379 31 1573
6979 23 1165
7019 437 21884
7055 684 34233
5077 20 1042
7003 119 5953
7049 1161 58069
5564 191 9572
7003 1743 87167
7003 1339 66963
7025 88 4441
7014 1270 63530
7054 1177 58883
7020 43 2161
7049 1366 68311
6106 49 2491
7008 1464 73210
7054 1728 86423
7017 79 3984
6918 33 1698
7055 256 12809
7014 1400 70034
7049 1934 96734
7012 324 16207
7006 337 16894
7012 1290 64550
6426 24 1242
7010 651 32556
6826 47 2395
7006 471 23592
7013 205 10270
6483 1 56
7026 634 31730
5029 168 8450
7023 1378 68943
7003 400 20043
7054 1944 97245
7023 1549 77466
7025 385 19274
7003 363 18167
7669 113 5669
7046 102 5122
5401 33 1652
6829 128 6438
7023 343 17166
5339 94 4731
7017 1002 50135
7025 385 19254
7049 1967 98375
7017 47 2377
7010 369 18464
4998 132 6637
7022 97 4877
7014 653 32689
7008 833 41671
7003 232 11647
5380 0 50
7017 1163 58165
7019 31 1573
7055 684 34205
7026 448 22418
6794 18 939
7003 1317 65873
7013 185 9268
7049 732 36622
7021 782 39120
7014 515 25765
7010 727 36398
7008 102 5106
7019 445 22251
7021 750 37534
7003 1346 67340
7010 610 30526
7004 514 25730
6826 40 2017
7004 253 12673
6664 182 9129
7010 1042 52103
7003 960 48038
6689 34 1716
5106 181 9082
7021 748 37441
6050 0 42
6683 17 855
6036 56 2839
7003 336 16806
7003 411 20592
6960 169 8462
7012 1479 73995
7019 466 23317
7023 1776 88829
7049 1417 70885
7020 903 45158
7628 133 6665
7003 1449 72465
6031 101 5081
7014 1346 67350
7023 50 2542
7010 48 2407
7020 1903 95191
7023 1286 64313
7019 445 22272
7020 851 42568
7023 1454 72701
7010 1562 78141
7004 1340 67013
5077 20 1026
7023 1249 62479
7021 348 17420
6288 174 8703
7504 16 812
6632 55 2780
7017 1133 56673
6050 2 102
7014 150 7527
7001 866 43348
5169 37 1869
7014 1400 70050
5966 0 47
6968 7 371
7003 784 39238
7049 1934 96741
7012 1035 51784
7025 445 22274
7017 1458 72913
6991 69 3458
7048 125 6258
5013 5 299
7008 1470 73505
7010 1421 71056
6319 47 2372
7010 1366 68343
7010 89 4478
7021 748 37440
7008 633 31692
7023 654 32718
7008 144 7227
7003 262 13126
7010 220 11024
7010 8 412
7008 510 25515
7003 456 22814
7014 1214 60718
5452 42 2102
7018 178 8909
6812 6 303
7025 507 25400
5557 20 1003
6382 191 9579
6366 79 3954
5154 65 3278
7004 1340 67018
6090 74 3739
7003 1437 71891
7017 359 17978
7003 1734 86734
7054 912 45629
6503 61 3090
7023 1454 72704
6837 5 276
7003 1734 86744
7017 1163 58177
7049 46 2340
6795 7 363
6827 101 5100
6934 19 976
7010 1366 68304
6081 4 225
7004 1023 51160
7016 267 13360
5459 9 488
6930 21 1088
7020 504 25236
7008 589 29466
7008 1321 66081
7055 690 34518
5382 178 8909
7055 490 24523
7008 1110 55530
7021 68 3450
7001 511 25598
7054 1878 93933
6362 83 4166
5519 147 7352
7004 184 9211
6378 2 107
7008 885 44289
7020 1884 94230
7021 456 22805
7003 43 2192
7001 977 48888
7025 250 12501
7049 1854 92724
4998 132 6637
6785 14 731
7017 440 22033
7003 775 38777
7020 43 2168
5516 25 1279
5136 61 3053
6779 28 1413
5229 9 490
6664 182 9109
7020 1051 52595
7049 177 8867
6955 205 10261
6663 174 8720
7017 299 14991
7008 103 5189
7055 690 34536
6765 210 10503
5515 63 3164
7026 728 36435
7017 440 22020
7023 745 37294
7003 1375 68755
6689 29 1467
7017 827 41355
6663 23 1174
6211 69 3457
7020 1135 56755
5497 101 5057
7054 1710 85542
6782 0 30
7026 176 8821
6756 44 2225
6483 8 415
6918 37 1886
7054 1273 63689
7018 363 18191
7008 144 7203
7054 320 16019
7011 302 15140
6030 6 342
7020 927 46367
7003 1339 66993
7026 381 19065
7049 971 48556
7026 133 6651
7055 256 12832
7054 643 32162
7003 214 10714
7004 253 12681
7018 363 18191
7003 1044 52237
7013 205 10271
7012 324 16239
6211 206 10331
6031 101 5054
7017 828 41424
7003 336 16815
6951 23 1181
7012 708 35411
6656 39 1971
7021 750 37542
7001 511 25561
7049 931 46559
7013 205 10297
7018 570 28538
5036 19 989
7408 121 6071
7020 383 19160
7001 144 7229
6043 173 8662
7003 1339 66992
7012 1479 73967
6078 9 474
7012 1275 63793
7023 1068 53436
6829 129 6465
7054 1157 57860
7023 620 31029
7021 348 17434
5019 108 5434
7004 527 26400
7017 1591 79592
5459 175 8785
7008 675 33795
7010 610 30540
7010 19 978
6340 167 8376
7021 748 37436
7003 1304 65202
6837 7 394
7003 960 48028
7054 598 29932
6548 0 41
7010 1366 68306
7008 195 9792
7017 419 20990
7004 1121 56075
7010 1562 78127
7025 72 3628
7023 1068 53436
6036 54 2736
6423 75 3771
7014 144 7211
7003 413 20689
6036 32 1613
7054 1441 72077
7001 228 11447
7021 557 27870
7020 1135 56751
7008 1387 69398
7020 927 46367
7055 457 22890
7019 437 21879
7054 1177 58861
7023 337 16900
7021 556 27802
7019 445 22275
7054 1159 57961
6992 12 624
7055 354 17742
7003 1318 65928
7054 1290 64523
7004 1011 50566
7017 675 33762
7023 1286 64331
6696 8 428
7049 46 2340
7021 456 22809
7020 1117 55859
6616 24 1203
6616 20 1034
7001 1134 56716
7017 994 49724
6423 75 3771
5557 92 4634
7017 1748 87433
7021 557 27870
7049 1469 73469
7013 201 10071
6656 40 2005
6059 49 2498
7020 199 9963
7513 73 3666
6548 2 114
7025 250 12529
7010 651 32561
7003 80 4033
7006 604 30218
7019 213 10656
7049 1750 87506
7014 1214 60724
7025 445 22273
7017 1004 50244
7016 165 8294
7025 609 30493
7012 19 955
7014 1331 66572
7054 1455 72799
6951 24 1219
6030 10 513
7004 1208 60434
7003 363 18200
7055 457 22859
7001 532 26604
7023 1795 89793
6206 47 2396
6090 39 1971
7004 1138 56913
7001 700 35047
7017 775 38759
7023 805 40257
7012 324 16204
7010 8 413
7145 12 630
7023 1454 72704
7025 435 21798
6795 6 342
5547 72 3649
7021 422 21142
7017 824 41224
6663 50 2546
6426 22 1136
7049 1967 98375
5441 3 192
7008 746 37318
7023 1579 78957
7017 448 22416
6991 65 3298
6756 42 2139
7003 1437 71895
7013 40 2029
7003 1032 51626
6975 66 3317
7003 80 4041
7004 1319 65967
7003 700 35008
7019 286 14334
7012 529 26463
6483 9 485
7055 543 27179
7003 852 42640
7055 174 8713
7004 1340 67013
6211 70 3543
7010 84 4212
7010 441 22063
7017 299 14963
6951 24 1219
6420 43 2158
7023 1937 96887
7010 1421 71094
6968 0 39
6955 205 10261
7049 679 33962
7025 178 8919
7023 1579 78983
7504 15 775
7003 700 35008
5608 11 556
7017 828 41424
7010 1562 78141
6968 9 481
6955 212 10646
7023 1346 67343
7645 138 6911
6021 182 9141
7012 19 982
7003 1734 86734
6030 10 513
7023 1934 96748
7020 1612 80649
7004 206 10322
5169 35 1766
7003 775 38754
7023 654 32749
7054 1646 82334
7014 1623 81180
6697 94 4711
7025 385 19274
6303 125 6281
7049 1469 73482
7014 367 18369
7010 1447 72380
6690 150 7518
6751 24 1215
7008 786 39308
6620 127 6397
7049 822 41122
6078 9 474
7003 1339 66976
7025 88 4441
7023 1671 83572
7004 1624 81208
7013 206 10328
7003 214 10745
7025 445 22257
6420 43 2158
6837 1 95
7017 905 45298
7049 1744 87240
6423 74 3704
6666 13 679
7014 1260 63012
7012 892 44628
7023 1454 72735
7014 1260 63012
7049 1469 73455
6319 30 1513
7049 988 49416
7003 123 6184
6483 9 478
5557 99 4971
7003 1032 51646
7049 822 41113
6589 106 5323
6021 182 9150
7049 1469 73461
5452 40 2014
5487 51 2562
6954 3 173
6992 10 514
7001 1080 54027
7054 1273 63700
5515 63 3164
5229 4 221
7026 176 8817
7018 863 43158
7025 445 22273
5497 102 5139
6420 43 2158
7019 213 10656
7054 239 11963
6030 6 342
6324 93 4661
7010 89 4468
5339 40 2047
7008 1321 66054
6663 41 2097
7003 1317 65874
7049 1627 81386
7055 175 8760
7017 1748 87426
7054 223 11168
5216 52 2603
6420 43 2158
5519 142 7102
7012 302 15117
7055 629 31492
5169 36 1834
7017 331 16565
7006 337 16856
7054 87 4392
6170 36 1842
7049 700 35006
6043 172 8645
6991 69 3458
7023 300 15009
7001 185 9264
7023 238 11941
7055 457 22890
5108 97 4884
7022 126 6327
7026 89 4466
6956 197 9861
7049 931 46559
6697 96 4810
7017 1119 55951
7049 1161 58055
7021 32 1627
7004 1299 64974
7004 1138 56913
7003 749 37498
7001 977 48856
7003 119 5953
7341 18 937
7004 1340 67018
7054 2010 100541
7008 1387 69373
7001 26 1347
7021 348 17443
7014 150 7527
7008 885 44253
7014 34 1714
7017 1119 55954
7017 1119 55955
5157 100 5046
6683 17 870
7018 41 2089
6080 94 4711
7001 379 18970
7017 994 49708
7003 775 38795
7020 1824 91240
5458 159 7969
7046 22 1119
7001 480 24021
7010 710 35545
7023 1548 77424
7054 875 43798
7654 9 493
7054 1159 57992
7023 1068 53409
7017 1002 50110
7003 31 1568
7020 504 25223
7017 469 23453
7021 579 28972
7054 1944 97223
7014 990 49542
7018 776 38814
7001 228 11435
7001 1144 57247
7010 579 28999
7001 866 43325
6031 101 5073
7391 360 18003
6785 19 951
7282 30 1513
7004 1660 83008
7388 17 870
7025 385 19285
7054 791 39574
7054 1273 63699
7020 1580 79030
7008 146 7330
7054 1269 63466
7001 210 10516
7003 232 11635
7008 885 44253
7010 610 30535
7003 232 11635
7026 654 32735
7010 1562 78141
6663 45 2268
7054 1871 93551
7017 877 43891
7017 474 23730
7001 228 11407
7008 786 39309
7054 1871 93575
7012 324 16231
6572 57 2861
6407 91 4571
7008 1078 53933
7010 1447 72388
7021 782 39108
7004 1340 67007
7003 1317 65897
7049 2025 101273
7001 542 27135
7014 429 21459
6923 34 1745
7054 1009 50470
7022 97 4862
7023 852 42615
7001 1025 51291
5977 200 10007
7054 537 26857
7001 264 13207
7019 373 18692
7012 997 49851
6632 55 2784
7022 126 6306
7018 863 43158
7010 343 17198
7023 467 23385
7017 875 43781
6837 9 459
7565 73 3652
7003 1339 66991
6382 191 9571
7021 782 39121
7054 1888 94440
7014 10 533
5921 19 991
7010 166 8336
5586 147 7358
7008 1110 55512
7049 696 34844
6632 55 2780
5452 41 2093
7010 1562 78142
7020 417 20896
7006 85 4296
5154 68 3402
7013 185 9274
6923 33 1678
7055 457 22891
7003 43 2183
7001 264 13215
7004 347 17378
7001 511 25593
7008 146 7332
7020 755 37789
7025 507 25377
7008 1244 62214
5487 51 2599
7021 761 38062
6936 159 7964
7051 67 3396
7017 1637 81874
7513 76 3829
5093 165 8259
6090 35 1769
7010 1447 72376
6503 57 2877
7020 950 47514
7014 34 1718
7008 890 44547
6420 42 2117
7010 48 2420
7282 27 1365
7023 1068 53436
7012 708 35420
6955 208 10433
7023 804 40225
6628 42 2104
7012 246 12348
7003 643 32173
7055 175 8769
7020 331 16568
7054 1480 74021
6589 102 5119
7010 1343 67189
7020 346 17330
7008 1244 62232
6827 109 5452
7003 643 32166
7001 977 48891
7003 1318 65920
7006 486 24319
7014 1346 67346
7018 147 7386
7017 448 22447
7004 1660 83009
7054 537 26872
6140 28 1410
7021 748 37436
7019 445 22251
7003 1044 52226
7017 225 11294
7010 19 985
6689 29 1465
7008 146 7324
7017 1119 55955
7018 399 19968
6340 174 8701
7049 399 19979
7048 125 6280
7019 91 4560
7020 312 15629
7014 1062 53138
6340 168 8415
7010 48 2425
7019 578 28924
7003 1318 65902
7017 675 33759
7017 827 41384
7054 1455 72799
7014 205 10297
7023 1068 53447
7001 1080 54012
5169 34 1746
7001 511 25553
7021 117 5861
5078 7 358
5977 199 9978
7020 1580 79021
6140 35 1766
5605 57 2880
7054 1646 82315
7054 1009 50479
7023 362 18120
6951 28 1403
7021 761 38090
7018 776 38827
7020 331 16558
7012 1447 72367
7001 977 48863
7023 1221 61098
7001 866 43346
7020 1725 86264
7004 514 25730
7006 308 15419
7026 518 25949
7026 774 38741
7019 213 10656
7025 272 13647
6934 15 775
7003 480 24015
7049 1303 65196
7019 373 18692
6090 73 3687
7023 50 2512
7049 732 36611
5036 21 1086
7054 400 20045
7017 877 43853
7055 690 34507
7017 994 49723
7020 755 37774
7017 994 49731
7010 84 4212
6653 125 6295
7004 514 25730
7017 123 6171
7017 1458 72915
6923 33 1678
7017 1591 79563
5459 6 308
7010 1270 63543
7014 150 7527
6572 59 2971
7008 144 7229
6483 6 316
6829 129 6485
7048 38 1941
7008 1110 55547
7010 84 4238
7003 924 46215
6548 0 37
7014 1640 82026
7001 700 35008
7013 205 10271
7018 570 28505
6050 7 399
5155 89 4478
7020 383 19160
7020 346 17318
7020 1258 62945
7017 827 41372
6683 14 742
6779 27 1359
5448 10 546
7010 1545 77262
7023 930 46544
5380 6 308
6756 42 2139
7018 975 48768
7021 750 37515
5448 13 687
5077 15 776
7048 125 6280
7018 116 5835
5515 63 3164
7012 1730 86524
6035 7 364
7023 1221 61085
7003 643 32161
5487 51 2599
7004 1319 65967
6837 5 289
7008 72 3638
7020 383 19162
7025 435 21762
7017 665 33289
7023 654 32737
7004 1268 63410
7023 1675 83782
7008 786 39303
5036 28 1422
7003 1317 65867
7017 359 17999
6912 193 9661
6837 8 418
6059 50 2514
6812 8 408
7001 144 7229
7017 47 2377
7013 40 2009
6934 16 827
7054 537 26897
7049 1161 58068
7049 1744 87249
7016 106 5344
7504 145 7275
7049 1934 96727
7026 140 7026
7049 732 36622
6503 60 3049
7025 295 14757
7014 429 21492
7012 442 22119
6664 121 6064
7014 34 1745
7017 1748 87433
6340 168 8415
7001 480 24019
6362 83 4166
7025 203 10154
6527 104 5230
6884 32 1632
5586 146 7305
7012 892 44628
6765 212 10610
7054 598 29932
7049 596 29817
6366 18 948
6334 3 152
7012 1730 86524
7020 1117 55868
5370 54 2707
7004 1340 67007
7003 1318 65911
7023 700 35050
7017 656 32810
7003 1375 68777
5013 5 299
7012 1035 51784
7012 246 12320
7004 1435 71784
5155 89 4500
7023 362 18142
7014 429 21492
7049 1750 87532
7013 224 11228
6632 33 1657
7017 875 43791
7055 457 22891
7046 35 1793
7023 1675 83769
7016 211 10596
7010 651 32580
7012 1126 56307
7049 1750 87538
6952 92 4613
7008 833 41661
6826 47 2395
7012 997 49896
7003 228 11441
7049 1934 96743
7013 238 11919
5516 28 1401
7047 109 5491
7018 41 2074
7001 1101 55061
6366 76 3832
7023 700 35019
7014 1054 52738
7004 1208 60434
7020 1580 79030
7054 1290 64505
7054 1944 97205
7004 1319 65960
7010 1545 77262
7010 48 2418
6882 195 9788
6756 44 2225
6785 20 1037
7017 1119 55974
5541 49 2464
7020 1669 83478
5042 46 2301
7012 1726 86320
6923 33 1678
7016 196 9841
7017 440 22008
7003 960 48031
7010 1447 72391
7006 85 4296
5441 88 4426
7003 784 39228
7017 1163 58172
6548 0 39
7014 1121 56058
7001 1101 55072
7008 1387 69373
7026 700 35049
7023 1881 94099
7019 210 10535
6930 13 668
7055 827 41351
7014 216 10834
7003 1044 52228
7023 1899 94952
6589 110 5525
7016 152 7606
7003 852 42649
7001 26 1327
7006 471 23581
7003 232 11635
6828 166 8323
6756 47 2357
6837 1 95
7474 144 7221
7001 511 25592
6359 0 9
7008 734 36743
7054 1177 58897
7026 700 35030
7001 682 34142
7003 875 43770
7017 875 43800
7023 1221 61068
7018 147 7365
7004 1340 67013
6955 209 10466
7003 119 5988
7023 1671 83572
7017 656 32840
7003 119 5953
7020 312 15637
7008 890 44540
7055 457 22885
7017 79 3984
7055 690 34536
7049 1161 58071
7004 206 10312
7004 1299 64987
7013 154 7720
6991 68 3416
7004 1268 63416
7003 924 46248
6359 8 429
7020 1903 95175
6080 89 4498
6956 194 9730
6036 30 1529
7026 52 2607
7017 824 41206
6616 28 1425
7049 988 49449
7019 219 10959
7017 1119 55951
5966 49 2482
7010 1556 77835
7017 225 11270
7021 557 27864
7724 144 7245
6955 211 10573
7020 1612 80611
7019 373 18676
7049 1934 96724
6620 149 7470
7014 763 38168
7004 1319 65967
7020 927 46400
7400 140 7007
7003 1413 70687
7004 1268 63422
7055 230 11538
7001 542 27138
7001 819 40978
7003 875 43770
7054 2010 100541
7008 786 39309
7023 1579 78970
7026 634 31712
5154 122 6133
7049 177 8859
7012 1006 50321
7017 225 11289
7017 1163 58193
7012 1035 51787
7026 518 25909
6616 26 1325
7054 1778 88907
7020 312 15601
6635 0 10
7049 696 34806
7049 177 8867
7018 116 5833
7001 480 24035
7004 654 32738
6859 142 7140
7014 1003 50193
7004 1278 63901
7004 654 32701
7004 118 5913
7020 417 20896
7004 1208 60434
5013 5 299
7008 102 5116
7018 570 28549
6572 171 8587
7008 1464 73233
6812 8 444
7008 924 46235
7017 681 34086
7004 1605 80290
6837 5 289
7014 10 533
7018 526 26307
6572 175 8800
7012 1641 82085
5216 52 2603
6696 0 31
7022 126 6315
6483 9 466
7020 755 37752
7054 1009 50492
7021 234 11740
6923 36 1830
7006 85 4296
7018 178 8948
7055 739 36997
7008 1387 69373
7017 522 26118
7010 48 2425
7019 230 11543
7023 1579 78994
7004 1299 65000
6959 125 6257
7008 924 46204
7049 1854 92705
7003 456 22836
7010 579 28954
7010 651 32556
7055 175 8769
7017 225 11285
7014 867 43377
6782 0 30
7003 1387 69385
7054 1273 63666
6324 93 4680
7707 7 385
7014 1121 56100
7008 1393 69651
7724 144 7245
7017 448 22418
7004 1208 60434
7001 511 25561
7707 7 385
7018 975 48768
5487 56 2803
7010 220 11003
7023 1378 68913
6968 2 120
7010 513 25691
7017 877 43853
6100 13 673
7023 852 42640
7017 665 33277
7049 270 13524
6956 198 9921
7023 337 16870
7008 146 7324
7017 665 33292
7008 510 25515
6663 18 901
7017 474 23716
7013 205 10270
6616 26 1325
7049 649 32478
7054 1888 94406
7003 1413 70663
7021 234 11740
5216 52 2603
7054 1728 86450
7001 542 27119
6078 9 474
7654 10 530
7026 774 38728
7054 1177 58883
7008 280 14046
7017 1332 66643
6663 174 8720
7010 1562 78141
6162 216 10822
6881 137 6853
7025 609 30457
7004 729 36492
7011 302 15119
6162 216 10822
7055 490 24526
7003 1437 71893
7001 210 10539
7017 440 22016
7049 2015 100789
6123 1 76
5385 162 8117
7023 1899 94997
7021 32 1625
6631 32 1609
5586 89 4470
7054 1317 65895
7012 708 35444
7014 1623 81164
6021 188 9408
6319 46 2328
7001 26 1348
7046 95 4778
6420 40 2027
7054 944 47223
7020 1824 91231
7012 1659 82973
7054 320 16048
6981 128 6410
7021 422 21145
6959 119 5974
7014 1270 63506
7023 50 2521
6548 0 6
7049 385 19263
7023 556 27825
7023 556 27807
7761 34 1710
7026 381 19070
5452 45 2276
7049 679 33966
7115 43 2163
7003 1413 70653
6751 27 1361
7014 1640 82005
6379 39 1965
6912 228 11419
7021 750 37517
6881 105 5280
7047 48 2447
7023 343 17175
7018 178 8939
7026 381 19065
7054 1944 97220
7021 773 38660
7008 583 29159
7054 1778 88905
7006 211 10586
7014 5 292
7013 238 11937
7003 1375 68754
7055 256 12841
7017 1536 76820
6981 128 6410
6426 22 1136
7055 230 11502
6829 123 6158
7023 1378 68943
7008 144 7201
7010 1447 72392
7055 490 24536
6027 4 248
7021 563 28161
7021 773 38698
7023 1346 67322
7054 537 26881
6663 174 8720
6697 104 5201
7026 143 7175
6650 19 985
7008 146 7324
7023 362 18120
7020 1929 96473
5036 28 1422
7054 1273 63689
7026 654 32749
7014 429 21498
7046 18 948
7017 1591 79592
7008 146 7327
6689 36 1811
7017 681 34083
7026 176 8844
7014 429 21458
6080 95 4754
7003 119 5978
7023 1795 89777
6441 61 3070
7047 110 5532
7054 1944 97215
7001 379 18982
7012 1730 86524
7018 631 31563
7049 46 2317
6992 11 588
7019 31 1571
7025 445 22273
7047 110 5530
7003 119 5957
7020 574 28716
6288 47 2357
7016 196 9841
7008 1110 55512
7017 1723 86198
7021 748 37419
7008 1244 62213
7025 435 21763
7010 651 32556
7049 1627 81382
4983 6 322
7012 442 22150
7001 732 36620
7017 775 38786
7054 1728 86432
7054 1778 88901
7017 675 33766
7020 1117 55868
6826 47 2355
7012 1006 50337
6441 58 2946
6951 29 1479
7054 1480 74019
6954 7 383
7026 700 35044
7014 1411 70574
7049 270 13513
7004 347 17378
7003 1734 86728
7001 1144 57240
7004 1208 60427
6650 17 867
7003 1050 52543
7021 404 20234
7017 1748 87447
7003 1437 71895
7021 750 37544
7001 480 24009
6632 55 2780
7019 219 10959
6664 193 9676
6043 173 8662
7026 381 19081
7006 471 23582
7013 187 9374
7049 2025 101296
6211 207 10390
7020 312 15637
6098 47 2382
5013 22 1130
6324 90 4549
7012 442 22119
7004 1208 60427
6426 23 1152
7018 631 31563
6615 175 8754
7021 750 37514
7026 176 8812
7054 400 20002
7051 67 3390
6765 157 7898
7049 1161 58086
7014 662 33111
6031 102 5136
6666 13 679
5339 90 4539
7023 1454 72724
7020 417 20865
7012 997 49881
7003 1346 67328
6589 104 5209
7001 264 13220
7004 184 9226
7020 207 10367
6975 64 3245
7003 1032 51620
7017 828 41416
7001 264 13210
6812 1 94
7023 1549 77455
5339 96 4811
6918 64 3214
7049 696 34822
7282 34 1714
7047 110 5549
6656 43 2183
7008 1027 51381
6628 42 2104
7006 85 4254
7020 1725 86281
7010 1485 74266
7017 1119 55955
6918 64 3214
7019 286 14330
7006 486 24310
7055 174 8747
7008 1051 52567
7004 1622 81110
7020 1903 95171
7014 367 18354
7013 238 11929
7055 717 35899
6779 28 1413
7018 147 7379
7049 807 40396
6882 199 9980
7003 123 6164
7049 1967 98391
7054 537 26892
6827 106 5344
7012 324 16236
7049 924 46208
7008 1051 52589
7020 383 19184
7054 1159 57992
7014 326 16336
7017 448 22413
7006 486 24341
7004 206 10322
6981 66 3316
7008 777 38889
6653 125 6295
7017 775 38759
7010 89 4477
7003 852 42638
7006 588 29438
6853 105 5254
6573 22 1146
6334 3 166
6614 109 5479
7012 892 44619
7001 418 20922
7003 775 38754
7001 1080 54030
7020 1797 89868
7012 1065 53282
6827 109 5452
6955 206 10333
6616 25 1287
6173 34 1749
5185 78 3938
7046 35 1792
7014 1214 60728
7004 527 26380
5891 141 7095
7023 50 2506
7049 1469 73482
5000 38 1937
7055 230 11524
7003 31 1561
7021 466 23332
7003 1387 69377
7003 1044 52228
6527 104 5230
6696 5 282
7020 950 47502
6098 47 2382
7003 1317 65868
7055 739 36982
7054 1888 94450
4971 117 5862
7017 1119 55973
7013 187 9385
7014 1184 59243
7010 84 4211
7014 1411 70595
6683 11 571
7008 144 7238
5396 60 3035
6749 44 2230
7010 19 978
7017 1119 55983
7054 1159 57982
7049 2015 100784
7006 85 4289
7012 1061 53066
6483 7 373
6362 84 4204
5401 33 1653
7020 1884 94221
7010 19 973
6837 3 188
7054 320 16004
7023 1881 94051
5013 5 299
7025 609 30485
7008 1027 51381
5331 133 6664
7417 27 1391
7010 89 4478
7013 187 9386
7023 300 15001
7003 551 27578
6615 170 8541
7012 288 14423
6975 57 2860
6749 44 2236
7006 337 16866
7055 569 28459
7006 588 29444
7012 1479 73995
7003 31 1588
7010 1049 52468
7016 152 7639
7014 1346 67342
7004 1299 64987
7145 8 439
7017 522 26128
7026 381 19052
7020 1258 62922
5151 177 8859
7054 1157 57860
7145 8 439
7001 228 11406
