18717 39 1981
15783 252 12623
18265 8 449
13791 195 9751
17986 227 11391
16422 20 1045
13929 10 508
17658 73 3693
16910 171 8600
13982 109 5499
16499 188 9447
14550 288 14424
17683 89 4483
15867 142 7129
15061 71 3565
15282 56 2804
18218 62 3126
15128 177 8852
13864 143 7152
17726 74 3726
17312 203 10159
16960 47 2400
15478 358 17930
18510 339 16985
17975 52 2634
14750 25 1261
16906 32 1644
17761 63 3196
17422 5 269
15931 521 26051
18910 157 7877
16172 32 1632
18685 501 25094
16867 40 2018
14726 60 3050
15851 19 995
15257 170 8531
17132 182 9147
15801 140 7032
15478 358 17930
15125 134 6725
14423 19 967
15900 196 9837
16232 156 7825
17693 153 7667
17978 123 6197
18951 115 5770
18032 261 13065
14186 15 779
15386 96 4820
15771 58 2919
16226 18 934
14726 94 4714
16540 19 960
17383 115 5787
18488 536 26833
14771 204 10221
15242 182 9106
14067 100 5034
14814 114 5702
14562 71 3565
13720 10 512
17137 146 7333
17853 186 9345
18244 307 15367
17975 253 12662
13773 252 12648
15593 169 8451
15961 71 3562
15430 57 2895
17206 486 24319
14026 90 4540
14677 29 1499
18794 56 2843
16188 32 1615
14543 103 5179
15762 193 9697
16433 25 1254
13861 125 6275
13862 164 8228
14824 231 11557
14458 1 51
14539 50 2511
14067 58 2904
15923 497 24871
14152 47 2354
16975 112 5647
17652 50 2501
18048 267 13363
17497 197 9868
17985 181 9096
15880 26 1325
17451 23 1153
15501 96 4814
14888 217 10876
15257 127 6389
17387 38 1910
18218 300 15001
17524 126 6312
15140 182 9116
16551 328 16413
17144 22 1115
17029 158 7913
15901 183 9190
17344 118 5913
14129 3 164
14749 191 9597
17851 58 2924
17615 6 306
17987 138 6944
18637 138 6907
15504 85 4288
16433 85 4296
18733 43 2170
14062 5 271
14428 188 9432
17840 200 10035
14184 34 1720
13803 16 838
18286 111 5562
15492 28 1429
18692 299 14987
14592 81 4061
16118 79 3963
18024 291 14574
17126 7 370
14597 70 3547
15238 5 266
15360 23 1181
14553 294 14748
15409 17 857
17325 5 260
14122 36 1806
15428 252 12619
15806 121 6080
17162 171 8557
15167 36 1825
18673 52 2604
17973 27 1365
14451 15 799
18272 75 3782
18244 30 1517
17204 43 2176
18764 42 2115
14108 88 4426
18031 274 13726
14743 44 2244
17208 83 4178
15286 12 635
17195 196 9849
18527 674 33741
15103 106 5341
13809 41 2089
14902 135 6765
15766 37 1871
15415 52 2615
18034 86 4311
17251 43 2157
16158 53 2674
13729 80 4045
17851 173 8685
16544 102 5118
14291 138 6904
13809 41 2099
17467 5 263
14218 7 397
16228 219 10978
17166 5 278
14912 148 7402
18678 317 15895
18018 43 2194
17169 322 16141
17793 41 2088
15961 370 18539
17545 10 501
16986 14 708
15160 258 12922
15291 319 15953
15792 222 11148
15166 70 3531
14468 26 1336
16158 66 3343
13807 25 1275
14332 75 3773
18699 161 8089
14229 61 3080
15527 18 941
14977 15 789
15479 282 14147
17206 337 16875
18244 279 13973
17367 133 6667
17978 221 11070
18469 145 7285
18031 274 13737
16847 0 34
18935 71 3575
14673 57 2865
17955 206 10319
17990 64 3205
13950 21 1094
17667 9 482
15923 344 17214
14030 104 5209
14725 16 829
15900 127 6399
13763 254 12701
14725 118 5901
16761 380 19004
16952 0 35
18779 69 3484
17144 14 725
14124 108 5424
14043 20 1030
15125 67 3362
17986 72 3604
14043 66 3340
15426 83 4151
16948 103 5200
18733 7 355
14558 55 2763
14583 69 3486
18466 48 2436
13714 25 1283
15339 262 13107
17353 12 626
18286 21 1086
15125 66 3307
18765 104 5213
17663 21 1095
13745 197 9864
18933 66 3309
14220 39 1962
15246 124 6235
17246 7 399
17686 274 13750
17847 57 2873
18701 116 5834
17986 186 9348
16158 182 9101
18910 114 5744
17631 20 1022
14122 45 2296
17034 64 3203
17195 209 10498
15862 5 287
14550 280 14006
14583 28 1415
15116 281 14055
14750 22 1135
14899 285 14280
14259 82 4103
17648 13 673
18910 77 3874
15322 63 3189
15411 113 5684
15697 29 1492
17869 44 2244
16529 33 1660
16222 12 625
14535 156 7811
17853 2 119
16021 302 15119
13803 195 9793
17316 41 2060
16894 5 286
17217 68 3433
16051 85 4258
18603 170 8534
14816 152 7611
15106 17 872
17144 101 5099
16122 108 5448
14977 15 751
17858 71 3557
15116 282 14141
13707 144 7241
16994 37 1883
17663 21 1095
18225 449 22454
15154 74 3719
14715 57 2871
17557 17 894
16741 354 17726
14007 121 6068
18574 401 20078
17874 57 2863
17722 121 6069
17972 39 1951
14899 285 14259
17271 93 4686
18922 196 9843
16877 24 1215
18733 41 2070
17987 80 4013
16228 40 2033
17352 290 14528
14112 59 2956
15808 31 1561
15828 446 22333
15130 30 1521
14729 57 2877
18021 77 3856
18506 90 4521
18782 39 1965
16520 27 1362
16172 103 5195
13791 122 6124
15873 256 12818
13895 62 3128
18954 115 5797
16867 276 13827
17383 115 5787
16821 243 12193
15250 73 3691
18021 507 25380
18685 501 25096
15409 17 900
14551 41 2097
13708 71 3584
16222 145 7251
18010 225 11255
17544 8 433
16894 224 11211
14597 65 3263
16731 90 4533
13945 178 8901
18469 44 2226
17691 55 2763
17955 206 10319
16317 67 3369
14062 54 2718
14281 52 2645
18474 260 13021
14877 173 8685
17226 34 1715
16867 40 2018
17955 68 3419
14607 47 2365
18510 339 16976
17874 22 1115
17560 49 2462
17048 72 3640
15987 258 12940
17830 25 1286
14375 133 6683
18714 179 8996
15478 226 11307
13792 65 3284
16272 320 16049
17034 221 11096
13721 60 3006
15961 391 19556
17521 84 4206
15682 99 4993
15762 40 2050
16221 4 201
14611 222 11126
13913 288 14435
14026 109 5473
16891 10 549
17611 105 5269
14103 75 3774
17853 15 760
15257 170 8510
14464 84 4219
17125 37 1877
17144 118 5918
16292 76 3845
14014 162 8140
14026 98 4923
16849 95 4769
15901 183 9154
13861 28 1416
17302 46 2313
18489 219 10983
16232 186 9334
15931 521 26051
17701 55 2800
18044 230 11543
18497 206 10337
18497 206 10345
17307 4 208
17195 209 10459
13979 181 9091
16247 69 3483
14690 17 883
13913 66 3323
18665 240 12014
17312 186 9324
14153 18 924
16874 403 20189
15339 180 9021
18052 49 2465
18692 139 6968
16544 117 5896
17034 221 11096
15921 137 6879
14749 63 3197
18021 386 19340
16776 222 11128
13767 0 7
15322 137 6882
17691 19 953
14726 94 4719
15507 5 300
17655 410 20528
18574 401 20078
16317 67 3352
15412 167 8382
14059 84 4213
15828 249 12493
16216 105 5251
13970 5 255
14446 15 766
14431 47 2391
18795 235 11792
13861 127 6385
13945 285 14264
13732 99 4961
17306 68 3432
18005 180 9028
16894 135 6782
15961 352 17649
13792 42 2104
14763 30 1531
18673 13 668
18631 54 2741
14555 23 1194
16735 59 2991
18922 574 28707
14212 184 9246
14067 48 2426
17306 68 3431
16759 7 397
15946 534 26704
16094 534 26705
14108 112 5625
18771 51 2573
13725 194 9719
16529 33 1660
15774 249 12481
16119 13 697
17726 74 3739
18039 110 5531
17186 32 1631
17169 23 1187
13714 40 2013
15762 253 12657
15111 289 14466
13714 50 2528
17560 56 2819
15017 87 4371
17666 50 2527
17314 66 3315
17422 0 16
14438 178 8904
18021 514 25719
15846 167 8366
18488 314 15722
17686 274 13727
15800 206 10327
15412 132 6629
17401 98 4942
16159 158 7945
15017 122 6128
18021 454 22711
15931 521 26076
16122 452 22626
18225 140 7049
17493 214 10704
14686 61 3061
17138 102 5106
14939 67 3379
14281 52 2618
16551 328 16431
15927 38 1902
14912 134 6731
17383 412 20602
17169 157 7883
14580 9 493
13950 21 1083
17323 27 1378
16466 56 2849
14549 217 10872
15397 57 2897
15931 0 10
13708 71 3555
18044 449 22498
17344 83 4184
13803 16 838
18054 436 21827
14030 71 3554
14580 9 494
15588 354 17744
14939 60 3013
16172 301 15094
16222 54 2722
14191 204 10228
16348 98 4935
17648 50 2549
17036 433 21699
16226 3 185
16094 464 23242
17763 12 630
14897 153 7663
16094 244 12224
16038 192 9601
17091 45 2266
16849 118 5932
18034 62 3102
16726 85 4270
15792 222 11105
14159 214 10729
17975 52 2622
15391 285 14298
15762 233 11670
16504 149 7457
13862 153 7652
16962 101 5087
13762 64 3218
18054 436 21821
17367 133 6665
17166 8 434
15961 370 18539
18032 242 12136
16894 5 286
15593 44 2243
15099 151 7583
14669 65 3259
13895 42 2127
17851 128 6411
13940 16 803
18218 111 5565
17978 126 6319
14877 232 11614
16169 220 11036
17132 91 4584
17724 34 1747
13701 74 3734
16023 336 16823
17631 51 2555
18760 149 7476
14725 161 8098
16506 124 6243
18044 329 16477
16172 85 4294
14634 123 6178
14030 58 2921
16221 1 64
16894 134 6727
15222 99 4975
16221 28 1418
15174 53 2696
15989 440 22004
15339 28 1433
14007 121 6098
15709 25 1298
17166 7 355
17631 7 376
16013 20 1011
17655 271 13587
18463 177 8888
14117 12 644
17973 46 2336
16506 5 257
16205 122 6103
16172 229 11457
18514 68 3425
14818 97 4874
17091 64 3230
18244 284 14202
13732 99 4966
15422 46 2311
14438 254 12714
16205 314 15722
13864 55 2781
18784 3 185
13991 46 2305
18760 149 7470
16158 211 10594
15308 46 2322
17217 106 5328
14784 69 3474
18244 98 4934
15986 234 11713
16726 16 821
16852 178 8930
15952 132 6609
17144 22 1133
15507 4 226
14140 33 1691
16513 15 778
14985 10 538
14801 39 1976
14985 64 3211
14985 64 3222
16121 75 3781
16749 79 3986
17521 34 1707
14205 12 642
18577 291 14576
16529 73 3678
13807 98 4916
14644 281 14081
17648 0 35
17213 81 4063
17727 38 1909
16529 30 1550
15267 77 3862
15308 5 278
14874 8 406
15345 148 7434
18678 317 15895
15114 98 4928
14122 54 2722
17372 103 5152
18673 50 2520
15146 61 3076
18699 180 9037
17726 51 2568
17563 79 3964
18028 66 3340
18039 12 639
15099 35 1754
17666 212 10633
16339 207 10379
13791 54 2750
14873 249 12468
18646 2 113
18782 72 3647
15017 116 5837
13895 41 2068
14058 65 3273
16753 112 5643
18048 379 18997
13721 60 3028
17840 242 12110
18267 3 166
17030 44 2213
16444 83 4154
14375 133 6695
14766 7 358
18527 466 23302
18673 47 2373
18794 56 2843
15989 307 15361
18753 124 6250
15274 35 1762
17524 41 2085
15463 246 12350
15409 6 337
18773 30 1506
17108 25 1288
17210 230 11541
13763 132 6611
15931 198 9944
14558 147 7396
14146 12 633
15976 101 5084
15882 198 9914
15762 149 7472
17985 203 10187
14436 88 4427
18685 9 453
15846 112 5635
15411 119 6000
15274 35 1789
14736 256 12802
13757 50 2544
18286 58 2914
18678 317 15861
18673 92 4650
17474 46 2335
14901 7 396
16826 362 18149
16073 105 5292
18673 105 5300
15593 97 4863
13913 91 4572
16776 8 440
17691 8 449
15398 222 11106
16250 17 898
17528 24 1227
14626 143 7195
18496 78 3947
17137 16 818
17560 49 2462
16513 15 795
15079 15 795
17956 128 6449
17545 59 2993
18495 102 5112
18732 16 840
18903 356 17811
15783 128 6433
16199 444 22210
17727 36 1849
13865 113 5661
17255 14 741
16028 226 11345
14191 209 10464
14956 309 15457
15482 116 5831
14319 18 901
16339 159 7962
16976 36 1838
15800 11 592
17727 22 1148
16877 16 827
18225 561 28079
14306 145 7296
16023 300 15033
17338 56 2824
15877 245 12294
15409 6 337
17108 32 1649
17053 113 5684
15417 24 1244
18024 366 18343
17208 69 3468
15894 118 5904
17745 16 844
17410 2 141
16051 200 10019
15116 302 15131
14985 64 3222
13702 164 8233
17478 87 4382
16122 161 8063
16852 311 15591
18021 222 11146
18040 43 2165
13779 8 406
18463 177 8875
18760 191 9586
15656 48 2406
18527 279 13978
14335 160 8008
14117 12 644
17422 5 261
16741 481 24052
14375 73 3684
16051 85 4262
18767 23 1166
16889 250 12543
17621 175 8796
14030 89 4487
18685 501 25094
13950 180 9029
17973 46 2320
14205 27 1364
15792 222 11148
14413 2 111
18794 7 365
16286 89 4469
18021 77 3851
18714 175 8795
13715 53 2674
18021 260 13030
17087 317 15874
16778 77 3852
15473 240 12023
14729 29 1472
15479 76 3842
18244 98 4934
18651 14 707
17726 131 6564
13803 16 838
17987 18 941
17326 81 4067
18039 175 8761
14281 158 7902
14801 150 7527
15792 222 11105
17726 126 6350
17169 101 5071
15783 362 18108
18692 299 14974
18733 50 2541
18955 117 5851
17055 146 7334
18218 160 8003
13736 51 2597
17598 39 1995
16134 370 18516
14455 38 1907
17208 191 9552
15004 10 513
17620 69 3474
17974 264 13213
14535 109 5472
18039 55 2800
14220 18 938
17727 38 1942
17766 43 2197
15960 140 7016
13791 201 10065
18741 27 1397
15391 201 10077
16579 51 2598
18795 167 8376
14558 147 7396
17724 34 1747
14455 95 4791
18646 78 3944
17739 19 966
15970 330 16544
14293 63 3169
15592 8 407
15116 281 14055
15125 174 8722
15592 114 5738
18678 309 15489
15794 119 5971
17521 34 1707
15322 149 7475
15174 105 5271
17791 2 112
18954 3 160
13763 93 4674
18048 320 16020
15593 139 6951
15592 59 2997
14539 234 11702
17541 18 945
14729 115 5752
14080 181 9051
16387 45 2275
16158 260 13023
18010 225 11296
16315 59 2962
15976 72 3606
14186 75 3753
13862 35 1800
18225 79 3957
18010 225 11255
15416 122 6116
13809 135 6798
17243 100 5006
13929 12 650
14392 96 4815
16147 327 16393
16118 79 3963
16172 419 20974
17401 11 589
14068 68 3407
15491 330 16546
18026 105 5277
15382 78 3915
18752 161 8067
13791 97 4896
15057 122 6132
16852 311 15591
17840 369 18480
18265 208 10432
14229 82 4115
14342 288 14421
15682 106 5305
17755 14 737
15592 120 6040
15923 344 17214
15397 152 7627
18795 1 73
15250 73 3691
17004 286 14311
14067 15 789
17695 1 91
13763 247 12396
15464 162 8111
14763 17 884
17965 265 13254
17686 274 13750
14993 66 3308
14438 254 12710
18032 270 13504
14030 58 2921
15167 9 498
14874 17 851
18242 93 4667
14372 138 6947
15466 256 12808
17974 255 12761
17325 5 260
14882 96 4824
17648 10 512
16021 433 21671
14545 6 318
17435 16 805
16752 10 501
18922 258 12930
17414 190 9526
13913 55 2790
14743 187 9364
18733 41 2056
18733 50 2530
17869 92 4638
18495 127 6395
16776 222 11124
15360 137 6898
14531 35 1783
14631 27 1362
15882 198 9914
16281 85 4270
15915 162 8144
17213 83 4173
15350 197 9881
14431 47 2366
14063 92 4613
17578 2 120
15183 40 2047
16962 10 547
17048 85 4271
14784 39 1954
17522 59 2962
15174 58 2926
13923 25 1264
17100 67 3399
17986 72 3617
16348 98 4935
18935 31 1583
17255 4 203
16826 362 18103
17169 23 1188
15888 24 1219
14553 292 14616
15859 180 9042
18760 121 6058
18765 320 16042
18024 366 18343
15828 302 15114
16199 444 22210
13895 42 2124
18228 182 9130
17724 53 2661
16852 178 8905
16802 250 12548
14771 214 10721
17344 118 5913
15715 221 11079
18021 373 18675
18782 24 1236
16298 110 5524
13896 99 4958
16540 1 76
17853 7 400
16094 534 26705
17987 38 1904
15111 282 14143
14117 12 644
15061 71 3565
14749 223 11164
17722 121 6089
15785 59 2984
15916 290 14529
13709 18 912
15954 208 10415
14993 66 3308
17137 115 5784
18469 185 9287
18497 351 17568
18928 157 7852
14560 0 21
13712 127 6380
16433 85 4299
18761 9 487
14079 166 8333
13991 33 1655
14183 25 1299
15774 490 24524
17314 57 2851
14313 270 13515
14372 83 4196
17383 398 19912
17524 127 6383
16906 32 1619
18637 138 6907
17206 332 16630
16874 468 23417
14746 88 4414
15969 105 5288
14297 138 6915
18218 160 8003
16243 174 8741
14319 18 934
17724 34 1739
17383 512 25638
15486 227 11386
14030 50 2509
15931 42 2138
16524 389 19498
13739 21 1055
15174 204 10202
14632 102 5108
16524 25 1276
14874 178 8906
14555 273 13691
15828 319 15960
13907 16 837
16281 433 21651
17858 168 8431
18731 224 11227
15167 126 6331
17373 136 6818
15179 22 1117
18615 438 21945
14129 44 2212
14639 39 1988
13861 125 6291
14009 63 3197
15915 180 9018
15397 53 2678
18218 160 8003
14924 39 1954
17541 26 1322
14455 95 4797
18032 270 13504
14771 214 10721
16199 27 1370
14729 188 9403
16134 166 8319
15592 66 3302
18923 446 22316
14590 92 4617
14986 104 5241
18659 109 5489
14458 84 4213
15636 0 23
15014 146 7306
17614 211 10577
18031 291 14597
16228 203 10167
14212 222 11143
17986 10 510
13945 178 8901
16962 191 9562
17239 266 13322
17990 64 3245
15923 367 18396
14171 51 2560
15486 227 11386
17004 229 11478
14631 27 1362
14556 130 6501
15469 281 14058
13897 39 1987
15751 52 2629
17111 182 9147
14673 16 841
15395 95 4751
14319 5 268
18272 29 1477
15426 83 4164
14802 286 14340
18665 329 16456
16158 6 323
15469 271 13563
13929 10 508
18468 53 2680
18235 156 7827
14592 81 4085
14726 29 1487
16752 17 884
18245 210 10502
16122 161 8063
16101 81 4073
18244 163 8164
16809 240 12038
14611 182 9124
16750 1 76
16075 283 14195
16286 473 23696
14007 0 9
14760 3 166
16891 131 6565
17055 202 10125
16946 130 6508
17667 257 12871
14789 112 5619
14067 191 9553
17196 55 2782
14965 257 12863
13714 25 1283
15339 262 13107
16091 28 1438
18910 88 4402
18923 304 15244
15166 70 3531
14977 8 436
13739 19 952
13707 121 6087
18496 74 3722
17726 15 753
16169 362 18106
16752 10 501
16858 173 8695
18692 78 3938
15257 3 191
14956 60 3001
18010 225 11255
16250 17 898
15701 332 16623
15836 35 1794
18018 43 2152
14956 60 3001
15923 367 18372
18235 236 11827
13807 208 10415
16853 0 21
16339 159 7962
15676 184 9236
17344 118 5927
17090 64 3246
14067 57 2889
13861 46 2336
13935 110 5505
15395 89 4461
17489 147 7356
18665 329 16456
16852 197 9872
17367 61 3070
15267 163 8199
14107 89 4458
17024 13 678
14103 105 5262
13950 94 4732
15398 228 11425
14641 193 9679
16089 372 18641
16894 224 11211
18218 216 10820
17503 247 12383
14959 31 1580
13762 57 2897
13780 143 7191
15800 262 13146
14935 290 14531
14603 88 4419
14009 63 3197
15386 107 5394
16271 8 412
14000 57 2857
13787 23 1177
13707 5 268
14080 140 7049
16119 273 13676
18935 167 8376
14007 29 1494
14882 57 2859
14229 82 4115
18795 50 2542
17853 2 119
18687 351 17556
15923 326 16347
17349 6 347
16107 86 4332
17514 3 169
16101 102 5129
16750 1 95
13907 16 837
18872 1 89
17108 32 1644
16845 199 9971
18026 166 8335
17169 246 12344
17414 40 2032
16106 53 2682
15960 241 12059
17563 79 3968
16028 226 11345
13767 46 2305
16222 12 625
17322 53 2655
13714 72 3631
14802 301 15051
15966 369 18456
16199 27 1370
15382 20 1044
17004 242 12133
18603 170 8539
15636 13 684
18927 20 1018
18527 716 35803
16169 100 5011
17724 34 1733
14985 170 8539
14372 63 3168
14583 5 260
18910 86 4302
18218 219 10977
16101 69 3452
15111 289 14466
18935 257 12862
16759 7 393
15766 15 797
17578 11 579
18765 183 9193
16060 173 8676
18018 43 2160
18054 15 781
18954 3 160
15345 148 7427
17851 173 8673
15440 26 1320
16852 197 9872
15961 391 19556
15350 138 6903
14998 188 9430
17655 393 19654
15933 290 14511
17521 1 66
13970 8 419
18031 262 13139
14882 92 4634
18052 49 2465
18761 40 2037
17985 159 7973
16028 421 21100
17144 21 1085
18927 45 2276
15417 2 114
17302 64 3212
18935 95 4799
17596 47 2371
14123 39 1989
13779 223 11151
15125 174 8736
16094 534 26719
18637 138 6924
16226 18 939
17592 125 6298
14372 13 663
17138 52 2603
15507 4 206
17098 64 3206
17354 20 1038
14080 205 10277
18615 438 21945
17667 71 3598
15828 443 22172
15382 78 3942
17307 126 6321
17451 311 15578
17087 45 2282
14560 6 338
14771 34 1711
14392 238 11947
14891 10 515
15415 65 3284
14122 45 2281
18021 373 18675
13979 20 1004
13708 55 2796
17414 99 4977
14756 107 5370
15231 157 7869
18527 279 13997
13861 28 1412
17521 50 2510
17398 246 12330
18005 112 5637
14399 145 7286
16168 44 2237
18779 17 897
18958 10 516
14959 269 13468
15469 32 1646
14771 34 1711
14038 39 1977
17091 27 1395
16750 33 1656
18527 674 33741
14729 89 4451
14209 120 6042
15862 287 14383
17594 72 3624
17955 158 7913
16089 372 18641
14246 116 5830
18482 25 1254
16818 96 4845
15410 77 3872
18701 270 13544
15179 22 1102
17166 0 29
16169 64 3210
17246 7 399
14171 47 2374
15783 263 13176
14438 74 3721
17965 265 13254
18741 27 1400
14409 155 7777
14343 37 1887
16524 389 19498
18492 323 16177
14257 237 11853
18515 57 2895
18935 383 19168
15061 122 6102
17449 46 2333
18244 334 16748
14372 83 4152
17869 44 2219
16340 416 20827
17667 85 4288
15446 66 3302
15785 59 2984
16162 0 50
15161 79 3966
15017 5 257
15806 121 6055
15828 292 14603
18510 256 12848
17164 78 3903
16825 99 4977
18913 38 1928
14067 47 2373
14555 273 13691
17560 56 2819
15395 29 1497
15457 194 9745
18761 40 2037
14537 52 2650
18790 336 16830
17974 165 8267
18048 352 17611
15409 6 337
17631 7 355
16387 45 2275
15792 222 11149
17521 50 2510
17401 98 4920
16529 38 1905
17524 137 6873
14788 49 2488
16036 471 23578
18044 329 16458
15900 138 6912
14725 64 3233
17328 29 1484
15154 74 3724
14436 300 15049
13878 33 1659
15783 362 18115
16867 100 5017
13762 64 3229
16551 373 18691
14611 182 9129
15099 15 783
18782 72 3647
13707 126 6305
17592 76 3804
17349 19 990
15251 110 5504
14981 117 5863
13896 31 1585
17383 412 20607
18793 56 2839
17840 242 12110
18238 255 12798
18645 68 3450
14582 60 3030
16172 27 1367
17524 54 2715
16228 230 11521
15954 208 10412
17865 22 1101
16741 40 2005
14551 204 10239
13907 16 808
15851 19 995
16735 59 2957
15955 24 1226
14068 68 3407
17874 57 2874
16122 161 8063
18733 41 2070
15478 157 7892
16228 232 11650
14582 1 86
14631 257 12883
15106 240 12006
17398 246 12330
15867 10 511
18779 86 4345
18218 147 7391
14067 156 7849
16107 33 1695
17467 60 3023
16228 230 11521
14108 121 6076
14059 84 4215
17302 14 736
17985 149 7488
18713 4 215
15397 219 10977
14136 26 1317
16513 15 772
15382 78 3942
17030 44 2224
16271 82 4150
14562 59 2991
17678 6 340
14038 93 4678
18495 105 5256
15965 497 24868
14550 301 15100
14310 1 57
14829 4 208
15722 89 4460
17164 78 3923
14088 48 2436
13861 127 6385
17482 77 3894
14749 128 6447
17727 25 1278
17030 44 2213
17990 46 2332
14959 277 13874
17853 186 9330
15730 0 11
15417 2 138
13865 251 12570
16147 248 12404
16949 437 21870
15301 117 5862
16119 501 25055
18218 185 9255
16134 297 14893
14024 10 522
14080 205 10275
14924 228 11414
16499 225 11258
14108 110 5515
14784 57 2860
17651 6 308
16679 83 4200
17648 13 693
17754 75 3777
17325 26 1337
18242 170 8528
14220 18 938
14739 5 292
14603 15 792
16506 5 295
18927 91 4580
18035 183 9151
16753 112 5618
16731 459 22979
18235 247 12367
14191 209 10464
15125 67 3362
16387 45 2275
18924 4 201
17053 113 5678
14334 72 3622
17726 15 774
16356 18 906
18685 238 11921
14392 24 1201
17503 247 12383
16731 418 20917
14611 182 9120
14038 37 1872
16889 48 2401
17783 141 7053
13767 50 2528
17641 18 929
14165 70 3505
15111 57 2893
15004 12 624
16962 10 547
16891 243 12171
15960 128 6442
14313 107 5371
18021 386 19324
14401 91 4569
14530 8 446
15877 245 12294
18733 47 2386
17652 55 2799
14617 32 1633
14043 57 2858
17162 171 8557
17675 48 2410
15872 38 1940
17620 241 12077
18233 171 8577
16994 169 8491
18753 138 6906
15415 226 11342
14067 161 8094
15136 92 4635
17344 118 5927
15762 80 4004
16411 11 566
17128 148 7419
14281 158 7902
18697 238 11923
17011 199 9960
14874 178 8945
16162 71 3586
14814 175 8764
16867 37 1889
13805 273 13656
17692 190 9532
17684 44 2222
16584 94 4709
17177 10 516
17955 49 2461
17087 45 2280
17530 69 3469
17210 229 11463
15074 15 782
17763 12 637
15986 42 2114
15851 92 4626
18794 162 8142
14350 2 103
18032 270 13504
14611 182 9120
18235 182 9108
14768 190 9529
16975 70 3549
14043 39 1958
17684 150 7516
16524 112 5615
14124 176 8818
17302 78 3918
17545 10 501
16158 53 2676
17987 76 3828
14375 224 11234
16741 82 4150
15457 194 9707
15098 39 1967
13935 227 11399
16726 85 4270
18910 157 7877
15106 240 12006
18631 54 2736
17853 186 9316
16051 85 4262
15174 204 10202
14562 59 2991
15440 44 2239
14306 198 9910
17985 229 11488
17840 330 16531
16433 39 1951
14764 63 3172
17630 122 6148
16762 37 1900
14372 84 4213
18235 41 2075
14891 46 2326
15917 285 14255
18488 560 28039
14537 52 2650
14690 21 1096
18929 173 8690
16877 11 570
16852 197 9887
18514 105 5276
18026 166 8335
17055 295 14781
13714 113 5655
17029 99 4998
18753 124 6224
17210 229 11463
14965 203 10178
13937 58 2929
18615 438 21945
15122 62 3102
16109 148 7431
15479 354 17728
16826 193 9684
15130 70 3521
15961 188 9436
15382 239 11974
18764 42 2137
15395 29 1492
17503 233 11673
17312 186 9324
16061 7 387
18286 169 8489
15478 52 2636
18678 226 11338
13780 143 7190
14121 47 2360
16188 159 7960
15396 38 1948
13982 34 1710
14874 133 6691
16778 113 5673
17044 10 523
17637 115 5775
16978 298 14902
18927 65 3269
18922 15 782
15111 71 3568
15966 151 7590
13913 91 4572
14112 90 4543
18469 185 9290
15101 76 3822
14093 136 6838
14882 143 7157
15894 0 16
18646 65 3289
14186 75 3764
15179 132 6640
16506 316 15849
18699 180 9016
15252 14 731
18615 438 21945
18692 299 14987
14007 4 226
16726 143 7176
13745 39 1967
16200 75 3771
18035 230 11531
13714 113 5655
14068 224 11247
14924 147 7362
16013 212 10617
17671 410 20513
14030 74 3713
14107 72 3619
14924 93 4652
15640 144 7207
18040 69 3459
16504 94 4744
17458 55 2787
14985 10 504
18918 139 6978
17408 20 1019
15430 70 3530
16101 81 4060
13937 40 2015
15873 256 12818
17169 298 14924
17314 66 3341
14749 223 11164
14040 28 1439
14350 9 496
17169 383 19157
16158 66 3307
16960 47 2400
17206 388 19450
15593 178 8926
14401 99 4959
18218 174 8740
16172 126 6312
17560 41 2081
13913 142 7122
15909 36 1838
16776 222 11128
15828 292 14624
17030 93 4674
14030 116 5812
16008 133 6679
17793 41 2064
16978 298 14919
15762 147 7376
14789 41 2081
18005 199 9972
13896 24 1219
14418 139 6967
15411 151 7597
15479 33 1666
16094 242 12107
18793 56 2839
15079 15 795
14750 17 895
16173 201 10093
17849 118 5901
18910 132 6624
16446 192 9604
13732 33 1671
17840 132 6615
17858 64 3201
17312 203 10159
14553 292 14616
15111 71 3597
14171 17 900
16446 192 9604
17422 26 1342
15900 138 6912
14122 45 2296
14059 84 4213
13805 282 14127
15411 153 7690
15440 44 2216
18527 279 13962
17011 199 9969
13911 140 7025
17098 64 3225
17631 20 1021
18024 291 14557
14959 16 838
16286 473 23688
14067 60 3029
17696 53 2695
15970 93 4665
13970 29 1484
18244 143 7167
14784 9 488
13862 104 5218
16965 123 6184
18645 40 2041
13767 11 596
18267 33 1655
17401 8 431
17566 160 8035
15909 36 1838
18488 559 27979
16341 416 20825
18794 85 4256
16750 92 4638
16741 116 5850
13770 16 839
15961 188 9429
18959 17 867
14458 37 1861
15436 0 40
17166 5 273
18679 105 5276
18915 331 16583
17671 320 16011
15403 156 7802
18882 58 2905
13911 147 7399
18733 41 2052
18021 655 32791
16778 73 3674
15987 335 16785
16906 46 2328
13732 103 5192
15799 193 9683
17493 214 10704
15851 92 4626
17137 61 3058
16891 243 12191
15222 99 4976
17196 55 2782
16028 460 23019
13937 60 3014
17591 86 4350
13861 141 7088
17592 125 6298
14553 294 14748
17661 29 1478
17783 66 3339
16357 50 2508
13732 128 6414
16843 299 14996
18678 317 15895
16676 68 3406
15456 100 5013
17144 86 4335
16935 46 2313
18692 299 14974
18865 72 3629
14924 158 7918
14043 57 2858
17678 37 1897
15783 213 10695
14335 160 8008
18574 393 19654
17029 99 4963
17458 55 2787
18265 149 7459
17271 66 3331
14739 5 292
14882 137 6883
15125 134 6725
15954 208 10415
13865 76 3804
16726 16 821
18062 241 12092
15507 2 123
17095 16 830
13791 54 2723
15989 307 15361
16173 191 9571
18218 111 5565
15927 320 16035
17563 79 3964
14912 75 3773
15436 119 5984
13791 195 9781
13762 27 1386
18218 341 17089
17328 29 1451
18953 116 5827
17631 7 376
17206 254 12733
14438 22 1123
17614 35 1751
15593 178 8934
15242 74 3713
14413 2 111
18765 60 3016
17521 37 1865
15491 270 13510
13763 131 6589
18021 429 21489
18923 629 31460
14725 118 5902
18645 68 3437
14310 1 96
17596 47 2371
17195 118 5901
14553 190 9521
14186 207 10352
17851 173 8651
18615 150 7517
17323 23 1199
18057 4 234
18928 35 1760
17243 78 3907
14096 91 4580
14598 46 2303
15160 61 3077
17739 19 966
18031 138 6920
17955 206 10319
17662 129 6495
16158 108 5417
17615 4 218
13982 109 5469
13709 30 1548
17087 336 16843
16168 42 2114
14580 23 1180
15382 184 9233
17560 41 2081
15395 89 4461
17500 67 3381
14873 41 2059
17057 80 4042
15463 246 12350
16852 25 1291
16853 63 3171
18631 62 3102
14924 229 11461
18005 199 9982
14186 75 3764
14812 89 4455
15257 6 303
15507 2 123
18466 48 2418
14789 70 3542
17231 57 2882
15785 256 12827
18497 328 16403
18794 56 2843
17169 23 1188
17217 70 3504
16169 113 5674
15403 149 7471
17087 361 18080
14535 156 7819
15701 3 193
15961 370 18533
17561 3 183
14924 229 11478
17869 44 2244
14392 238 11947
14568 25 1287
14124 203 10178
15867 64 3235
18935 71 3575
15492 32 1634
13935 227 11399
15234 174 8722
18021 454 22746
13862 4 250
16759 7 385
17467 80 4029
15482 116 5848
15491 330 16504
16378 39 1962
14690 26 1326
15291 125 6267
14038 64 3236
15862 180 9040
18469 139 6981
14220 25 1258
17726 15 753
18953 260 13003
14789 70 3533
17724 53 2656
17978 119 5961
17615 4 218
13805 282 14127
16726 187 9375
14597 101 5088
18463 177 8888
17243 86 4312
16152 39 1957
17349 46 2327
17667 246 12336
16232 86 4327
16228 113 5670
15527 12 625
15353 170 8541
16104 55 2773
14603 15 792
17204 108 5409
17698 6 336
15103 106 5341
14597 33 1653
14438 179 8974
16199 126 6338
18488 314 15706
14291 25 1268
17865 96 4808
14105 124 6220
18031 225 11291
17089 33 1699
13950 180 9029
15222 54 2720
18765 60 3006
15415 226 11302
14985 64 3211
18760 149 7486
15640 6 328
14766 7 374
17467 80 4032
14590 60 3012
17696 53 2695
17514 54 2739
14464 237 11859
14080 205 10287
13791 108 5423
15231 157 7865
14623 23 1184
17726 51 2558
17596 47 2355
14959 31 1580
17840 362 18129
17132 205 10267
18603 170 8521
13929 10 508
14067 58 2904
16741 347 17355
16101 69 3484
14542 289 14455
18701 27 1369
13913 91 4562
15595 13 682
14592 57 2880
15492 32 1612
16847 4 203
13707 126 6327
15238 5 266
14107 89 4476
17500 18 918
17087 316 15811
18615 0 46
18947 143 7184
16529 91 4574
15098 57 2880
14877 232 11626
18677 142 7149
15099 68 3408
17560 138 6941
15395 95 4783
15103 12 620
14458 83 4184
14623 52 2631
14335 232 11609
14455 38 1907
18863 35 1789
13773 69 3476
16222 54 2733
18021 422 21124
16975 191 9576
18482 21 1051
13913 55 2792
15639 176 8820
16422 23 1178
17055 18 924
18495 102 5141
17990 129 6490
13929 12 650
17840 369 18480
