5361 67 3385
6426 183 9174
5511 10 516
6854 112 5628
6078 81 4070
5561 118 5901
5761 2 144
6647 69 3480
5990 35 1764
6991 193 9686
6989 109 5479
6551 3 196
5351 53 2673
6043 138 6922
6976 5 300
6978 90 4548
6658 61 3084
6571 40 2005
6980 88 4415
6773 52 2602
6998 193 9665
5573 24 1210
6881 176 8809
6407 55 2766
6131 7 395
5393 4 223
5935 15 751
5093 68 3444
5767 76 3848
5191 10 550
5463 8 408
5513 25 1286
6801 113 5664
5262 4 232
6382 17 856
5194 14 742
6680 99 4994
6963 102 5103
6549 43 2196
5541 127 6361
6669 84 4240
6576 57 2880
5727 4 216
6608 49 2499
6362 73 3660
5103 24 1203
5397 123 6197
5269 23 1151
6622 30 1549
6934 12 612
5948 59 2978
6991 117 5869
6902 44 2223
6223 18 927
6502 81 4081
6311 0 30
6922 162 8145
6004 54 2740
6506 187 9373
6360 67 3362
6092 27 1356
6663 73 3658
6542 21 1086
6380 123 6160
6406 44 2234
6311 8 447
6482 67 3396
5824 25 1255
6980 38 1934
6880 2 103
6058 189 9458
5211 12 648
6777 47 2393
6463 68 3402
6760 1 59
6095 6 339
6549 34 1717
5835 186 9334
6680 39 1977
6985 58 2947
6977 25 1284
6558 91 4590
5272 73 3695
6591 1 82
5086 26 1305
6379 116 5822
6980 191 9587
6527 26 1306
6756 129 6486
5025 102 5106
6969 189 9473
6574 10 523
6959 93 4656
6981 70 3534
6905 97 4859
5512 105 5296
6608 65 3282
6800 213 10655
6866 148 7417
6080 108 5427
6566 76 3841
6827 151 7599
5585 52 2628
4992 134 6707
6044 6 304
6901 21 1060
6571 27 1364
6565 162 8101
5896 19 954
6482 5 298
6336 140 7032
6340 48 2444
6426 33 1672
6591 131 6572
6697 118 5925
5710 16 823
4998 82 4102
5767 63 3161
6854 70 3528
5705 16 813
6780 14 705
5470 26 1329
6801 178 8930
6908 193 9669
5953 5 269
6782 23 1155
6497 74 3731
6340 20 1027
5839 38 1910
6546 15 774
5561 41 2092
6785 44 2242
5728 7 360
6318 99 4971
5142 27 1364
6199 165 8271
6973 216 10848
5593 65 3261
6856 30 1507
5455 53 2656
5459 106 5343
6861 21 1079
6748 13 654
6356 123 6188
4971 0 11
5397 52 2638
6596 26 1306
5985 201 10073
6332 14 748
6963 10 507
5985 201 10073
5745 6 301
6853 76 3824
6502 99 4966
6407 5 267
4957 18 945
5495 22 1132
6981 70 3534
4955 114 5738
5977 178 8943
6921 33 1696
5777 11 594
5519 120 6019
6811 189 9474
6508 18 943
6680 135 6780
6505 1 89
6773 209 10453
6564 43 2176
5948 59 2978
5966 187 9354
5830 150 7531
6347 169 8459
5977 205 10296
5512 105 5296
6664 68 3436
6298 183 9175
6789 128 6428
6185 18 934
6949 45 2256
6783 177 8900
6829 107 5395
5157 18 915
6687 169 8479
6317 27 1398
6325 61 3077
5337 5 287
6436 3 163
6224 107 5371
5654 21 1094
6975 136 6829
5616 218 10912
5359 0 21
6752 169 8495
5558 10 540
6544 156 7848
5616 185 9252
5808 101 5056
5515 180 9003
5333 102 5134
6888 168 8433
5705 126 6340
6280 2 127
6358 19 986
6192 46 2336
5547 114 5725
6640 168 8413
6103 74 3715
6950 42 2104
6827 35 1764
5403 7 392
5164 36 1845
6978 176 8805
5834 113 5697
5386 172 8630
6599 58 2928
6973 191 9578
6192 64 3226
5102 50 2532
6765 96 4801
5920 22 1130
6576 64 3206
6888 78 3947
6388 0 43
6666 92 4624
5384 191 9556
6752 83 4181
5564 131 6582
6493 79 3982
6023 38 1931
6549 50 2507
6561 12 642
6157 78 3945
4982 38 1918
6813 34 1721
6762 15 753
6881 20 1010
6853 141 7085
5720 15 756
5702 11 597
5937 1 58
6939 31 1561
5830 81 4089
6934 183 9166
6792 27 1398
5959 30 1527
6954 55 2772
6642 4 211
6412 15 790
6950 46 2317
6813 223 11165
6867 32 1621
6859 122 6143
6596 20 1043
5411 68 3447
6980 38 1934
6977 70 3522
6123 23 1200
6425 24 1212
6881 35 1774
6810 40 2046
6811 73 3683
5333 35 1775
5021 79 3959
6377 52 2608
5691 4 215
5847 23 1189
6631 86 4329
5512 105 5296
6932 230 11505
6780 78 3947
6173 11 587
6916 86 4347
6894 39 1999
6058 202 10115
6936 48 2411
6336 166 8328
5935 15 751
5605 101 5093
6162 14 738
6487 0 15
5712 99 5000
5570 0 33
6510 49 2461
6339 121 6070
6814 29 1500
6828 166 8329
6000 2 103
6179 5 271
6687 76 3809
6634 25 1270
6763 173 8652
6468 106 5328
6467 108 5407
6417 81 4051
6429 154 7739
6980 11 600
5171 57 2887
6439 8 419
6314 1 56
6712 15 770
5553 0 28
6282 12 649
6574 1 78
5959 31 1568
6663 104 5204
6964 1 64
5191 51 2556
6941 15 763
5480 11 565
5536 51 2576
6663 24 1214
6839 10 519
5846 24 1215
6600 69 3489
6893 59 2971
6837 143 7154
6670 38 1914
6861 234 11729
6562 103 5162
5262 65 3293
6304 90 4544
6301 51 2562
5093 31 1563
5709 5 286
5971 8 445
6440 80 4024
6047 7 364
6369 4 201
5025 64 3235
6773 236 11828
5361 68 3445
6675 0 37
6192 64 3226
5725 17 864
5935 15 751
6840 78 3910
6960 75 3763
6300 136 6802
6507 7 391
6983 0 12
6752 105 5258
5223 18 932
6960 167 8353
5226 40 2027
6219 140 7008
6083 36 1848
6628 4 245
6779 107 5387
6211 117 5877
6552 81 4098
6689 139 6956
5187 1 79
5836 97 4881
5512 105 5296
6420 35 1782
6407 18 937
5831 91 4599
6217 76 3823
6148 37 1881
6921 84 4202
6091 163 8177
6634 149 7495
6572 224 11228
6806 8 419
6529 46 2301
6620 68 3427
4967 14 725
6991 237 11892
5639 139 6965
6506 45 2255
6098 161 8078
6828 58 2937
5891 144 7228
5943 4 243
6626 32 1606
5752 92 4628
6786 24 1235
6303 140 7001
6658 13 657
5092 6 322
6478 15 772
5643 51 2582
5338 9 459
6955 188 9424
6091 12 605
6091 120 6041
6342 86 4322
5157 48 2449
6591 175 8788
6540 61 3084
6507 131 6578
6572 136 6834
6552 44 2202
6493 116 5817
6369 100 5015
6439 23 1156
5497 28 1446
6487 55 2791
6932 128 6446
6526 3 196
6867 16 815
6800 134 6728
4981 23 1170
6052 77 3866
5745 6 301
5551 3 172
6805 189 9455
6829 179 8954
6881 36 1817
5013 114 5728
5164 36 1845
6505 4 220
5386 188 9440
5061 95 4800
5557 93 4664
5854 97 4887
6688 10 526
6478 6 325
5767 32 1621
6761 53 2684
6908 160 8013
6091 12 605
6107 20 1034
6679 18 930
6952 203 10194
5497 47 2390
6139 96 4817
6800 190 9523
5606 69 3459
5164 32 1622
6634 80 4010
5996 32 1648
6396 1 92
6052 19 981
6572 30 1510
6888 185 9265
5979 29 1467
6811 181 9091
6749 227 11394
6780 74 3748
6793 19 993
6078 22 1135
6780 74 3748
6298 29 1497
5853 404 20225
6853 101 5068
5585 30 1521
6918 116 5825
6461 85 4281
6919 73 3673
5752 40 2002
5849 15 757
6690 97 4858
6105 25 1258
6299 2 138
6366 63 3177
6890 59 2998
6176 174 8702
6304 77 3852
6890 71 3568
6800 113 5655
6637 29 1477
6669 29 1464
6749 148 7425
6176 57 2884
5532 85 4281
6300 190 9516
6546 18 910
6311 0 14
6056 14 724
4967 43 2163
6981 127 6356
6195 53 2657
5824 25 1255
6402 50 2549
5767 63 3161
6829 162 8114
6596 74 3736
6533 113 5687
6915 154 7738
6951 19 988
6979 110 5523
6977 0 28
6917 44 2217
6508 61 3100
6566 7 397
6579 48 2409
5725 92 4644
6348 43 2153
6765 140 7026
6798 116 5814
6304 36 1809
5364 82 4146
6663 249 12452
5926 4 229
6663 11 573
5573 57 2855
6959 231 11598
5262 4 232
6571 58 2936
6907 82 4136
4971 37 1871
5604 63 3191
5858 0 36
6487 82 4137
5002 22 1128
6407 72 3625
6457 149 7492
6797 71 3591
6336 140 7032
5745 1 68
6599 103 5194
5207 114 5727
6692 144 7209
6527 111 5582
6837 154 7719
6989 107 5372
6494 32 1613
6571 13 690
5207 137 6880
5025 64 3235
5986 8 448
6800 84 4234
6591 65 3271
6880 21 1090
6917 73 3696
6921 154 7731
6861 167 8364
6094 21 1067
6551 13 681
6756 78 3939
5706 27 1372
6835 3 166
6954 40 2034
6989 109 5479
6952 166 8340
4991 5 290
6241 11 556
6955 179 8990
6625 37 1898
5181 25 1292
6486 16 828
6879 8 437
5593 2 140
5124 22 1128
6594 50 2506
6569 15 752
6149 60 3024
5211 101 5071
6902 50 2544
6144 36 1839
5154 79 3967
5512 105 5296
6377 52 2608
6157 89 4459
6784 22 1115
5499 5 276
5341 57 2865
6298 109 5500
6777 131 6555
6572 57 2898
5986 8 448
6144 36 1839
5762 39 1995
5349 11 574
6406 106 5328
5720 15 756
6588 17 872
5720 15 756
6058 23 1172
5858 0 41
5540 32 1632
6441 78 3936
6798 217 10875
6697 136 6832
6100 161 8064
6901 47 2388
6500 24 1217
5822 20 1012
6551 3 196
5374 36 1835
6853 130 6501
6822 96 4850
6853 49 2484
6417 32 1641
5583 29 1456
5154 91 4581
6462 39 1983
6379 91 4587
6653 92 4626
6303 3 184
6871 63 3162
5201 77 3862
6339 10 502
6205 5 261
5034 14 719
6467 60 3021
5726 3 174
6614 141 7082
6773 142 7139
5525 0 41
6462 71 3572
6583 97 4874
6652 6 343
6981 67 3399
6787 93 4659
6211 153 7655
6773 229 11469
6854 103 5183
6508 52 2623
5593 65 3261
6406 7 383
6748 86 4339
6377 53 2669
6159 5 287
5926 4 229
5938 25 1295
6768 37 1862
6888 182 9109
6558 49 2453
5474 81 4097
6865 66 3315
5709 113 5683
6765 154 7702
5462 111 5585
5265 26 1305
6692 26 1317
