5195 29 1472
7400 140 7010
7008 146 7324
7055 827 41351
7012 1730 86524
7017 1163 58177
7012 997 49882
7017 1119 55955
7004 1340 67009
6078 1 65
7054 1290 64532
7018 178 8948
7008 195 9793
7054 400 20024
7004 118 5913
7014 150 7527
6968 0 39
7006 324 16246
5459 175 8770
7001 1144 57212
7008 133 6674
6979 23 1165
7014 1346 67350
7049 1934 96724
7003 1734 86734
6078 9 474
7017 955 47782
6059 49 2498
5557 99 4971
7372 75 3770
7010 1447 72391
6650 19 985
5452 45 2276
7017 448 22418
7049 2015 100789
6656 42 2102
7014 34 1718
7003 1346 67316
7026 133 6686
6211 71 3581
6407 92 4631
5586 90 4534
7006 588 29446
6979 21 1056
7026 654 32735
6829 123 6158
7054 1944 97215
6483 9 485
6036 32 1613
6954 3 173
7020 312 15637
7054 1177 58863
7010 651 32556
7021 18 903
7021 579 28972
7054 1273 63699
7025 88 4441
7014 34 1714
7001 324 16201
5547 71 3552
6080 89 4498
7054 1710 85542
7001 26 1347
7026 108 5401
7023 300 15043
7013 187 9391
7018 41 2089
5547 70 3549
7054 875 43759
7014 1728 86442
7008 885 44289
7003 1339 66952
6827 108 5440
6322 40 2026
6031 219 10994
7016 152 7624
7019 578 28936
7014 1270 63545
6366 76 3832
7055 256 12848
6211 72 3611
7004 1299 64973
6420 43 2158
7018 743 37190
6080 95 4754
7013 201 10071
7006 558 27915
7026 774 38728
7017 665 33284
5169 34 1742
6334 3 166
7017 775 38759
7047 110 5532
6173 34 1749
7023 1068 53409
7010 727 36366
7010 1270 63543
7012 1730 86524
5036 28 1422
7014 1214 60728
7049 807 40368
7003 924 46209
7017 853 42693
5019 108 5434
7014 308 15414
7049 2015 100775
5557 92 4634
7003 1375 68785
6653 125 6295
7014 653 32653
7025 295 14757
7020 1349 67496
7049 177 8879
7017 875 43791
7020 199 9963
7010 138 6929
7003 1449 72458
7012 1065 53282
7003 400 20043
7026 381 19065
7019 373 18692
7012 1126 56307
7054 1480 74019
7004 1340 67007
7008 889 44456
7645 138 6911
7020 1580 79030
7023 1068 53448
7014 1054 52738
7513 73 3666
7019 445 22251
6918 33 1698
7049 2015 100784
7003 1413 70663
6664 193 9676
7020 331 16558
6573 29 1460
6779 28 1413
7008 786 39309
7046 41 2057
7012 990 49518
7049 807 40396
6991 66 3301
7014 212 10626
6785 21 1091
5106 181 9069
7020 199 9963
7017 775 38759
6930 21 1088
7020 312 15601
5458 153 7698
7021 748 37441
7008 144 7229
6690 150 7518
7020 972 48621
7008 195 9792
5036 25 1287
7017 827 41384
6031 216 10813
7018 363 18198
7004 1605 80263
7014 205 10255
7011 302 15140
7012 1054 52715
7017 1591 79555
5013 5 299
5380 0 50
7025 609 30471
7054 1778 88901
7008 924 46228
7010 1562 78133
7008 1470 73545
7055 543 27179
7003 123 6164
6423 76 3802
7014 515 25771
7026 33 1664
7003 1437 71895
7010 369 18468
7004 184 9211
5093 169 8495
7003 262 13126
7004 1275 63779
7021 782 39120
5000 40 2004
7010 513 25687
7010 1270 63516
7018 519 25974
7008 890 44515
7014 10 528
7001 682 34142
7020 755 37792
6030 10 513
7020 1725 86294
6102 38 1944
7018 776 38827
7012 302 15117
5564 192 9637
7051 67 3390
7018 570 28522
7003 1449 72465
6614 157 7876
7054 1728 86423
6078 9 474
7046 95 4778
7012 1726 86320
7049 822 41126
6826 47 2395
7008 510 25515
7012 997 49898
7008 144 7238
6968 2 120
7019 445 22251
7012 529 26463
6801 154 7725
7014 367 18352
7025 435 21763
7010 89 4477
7023 654 32718
7010 651 32600
7004 1319 65967
6979 24 1234
7021 404 20204
7006 324 16235
7008 1027 51381
7003 363 18167
7004 1278 63950
7025 435 21762
6882 154 7725
7003 1304 65222
7020 1051 52563
5977 199 9978
7023 362 18120
6687 194 9739
7023 1579 78957
5519 142 7102
7004 184 9226
7004 1319 65960
7001 1025 51289
6573 22 1146
5458 153 7698
6683 17 855
7054 1157 57880
7019 31 1573
7008 133 6676
7003 31 1561
6956 197 9861
7004 347 17372
5977 200 10007
6923 36 1830
7008 1027 51377
7001 144 7229
7025 435 21778
7006 471 23592
7006 440 22031
5019 108 5434
5154 124 6247
7025 272 13647
7054 944 47223
6340 170 8528
7564 8 445
7008 786 39303
6975 64 3245
6211 207 10390
7018 147 7396
7054 166 8340
7010 84 4212
7021 563 28161
7054 1273 63689
7054 791 39574
5977 201 10095
7017 469 23453
6527 104 5230
7012 713 35666
7021 748 37413
7016 106 5344
7055 256 12809
7019 286 14330
5783 85 4280
7021 234 11716
7004 1208 60434
7014 1623 81197
7003 1304 65241
7014 367 18354
6955 212 10646
6765 157 7898
5331 133 6664
7023 77 3876
5966 49 2500
6992 11 588
6826 46 2319
7019 210 10535
7003 1449 72500
6664 126 6314
7016 211 10551
7025 435 21780
7001 1134 56716
6930 13 668
6663 19 952
7010 651 32556
7504 16 812
7054 1710 85542
7414 42 2104
7023 804 40243
7049 1417 70885
7003 480 24050
7025 250 12529
6078 9 474
7018 975 48768
7026 654 32735
7048 38 1944
7054 320 16048
6923 33 1678
7021 748 37419
7012 997 49882
7008 786 39309
6503 61 3090
7017 1332 66643
6853 104 5233
7003 31 1568
7055 406 20304
6483 7 373
7017 1163 58179
6756 47 2357
7049 1934 96727
5155 89 4500
7054 320 16015
7017 775 38785
7018 570 28510
7008 1393 69653
7020 346 17330
6589 109 5462
6589 106 5323
7025 250 12546
7003 1032 51610
7017 1459 72979
7054 1646 82315
7020 417 20896
7004 253 12689
6749 44 2230
7010 1447 72351
6354 138 6938
7003 1734 86736
7026 89 4498
7513 76 3829
7008 1244 62229
7003 1437 71895
6632 55 2780
7016 196 9841
7017 448 22413
7003 852 42649
6483 9 478
7025 203 10154
6959 119 5974
7055 230 11524
6663 174 8720
6030 6 342
7003 1032 51646
7054 1317 65895
7010 19 978
7341 18 937
6362 83 4166
7017 225 11289
6441 58 2946
6992 12 624
7006 324 16235
7004 1340 67013
7736 15 790
7004 118 5919
7017 877 43891
7017 1232 61603
7003 456 22809
7026 634 31741
6078 9 474
7006 85 4289
7049 1417 70885
6664 179 8953
7023 238 11941
7008 1078 53924
7017 79 3984
6650 19 959
7054 1269 63476
7006 324 16244
7019 580 29045
7761 34 1710
7003 875 43766
7054 87 4392
7054 400 20045
5564 189 9485
6199 75 3796
7003 336 16827
7008 777 38885
7010 1562 78141
6140 31 1594
7019 466 23317
6918 37 1886
7003 1743 87167
7003 749 37479
6211 206 10349
5340 91 4558
7054 1177 58883
7016 211 10556
7014 5 292
7010 166 8336
7001 511 25561
6934 16 819
5586 146 7305
7014 1184 59243
7010 1421 71090
7008 1393 69677
7049 1222 61150
7017 331 16569
6837 7 383
7020 1051 52563
7019 437 21884
7012 1730 86524
7010 610 30535
7046 41 2099
6036 30 1529
6589 100 5013
7001 353 17697
7010 1447 72388
7017 1723 86198
7513 73 3666
7017 299 14988
6656 43 2183
7017 79 3984
7021 466 23332
7025 609 30485
5515 63 3164
5154 118 5933
7025 445 22273
6918 64 3214
7003 1437 71860
7013 206 10343
6031 101 5054
5229 9 490
6303 125 6281
7003 1413 70687
7054 537 26897
7049 1934 96707
7049 924 46248
7001 210 10549
7019 479 23957
6090 34 1743
7001 566 28311
6956 197 9861
7442 0 15
7021 750 37534
7004 1268 63416
5445 8 446
7019 445 22272
5487 51 2581
7003 924 46209
7054 1441 72077
7020 1612 80631
6324 93 4661
5029 168 8450
7003 80 4041
6423 74 3704
7054 1728 86450
7017 1119 55954
7049 1750 87532
5169 35 1766
7013 206 10328
7017 1119 55951
7013 187 9385
7020 1797 89887
5516 28 1401
6666 13 679
7019 91 4560
7012 1447 72369
5013 3 164
7017 675 33762
7010 1556 77835
7008 746 37322
7017 474 23704
6031 219 10994
7014 662 33104
7299 24 1220
5564 191 9572
7049 732 36629
6211 70 3543
7026 52 2606
6954 6 306
6923 34 1745
6975 71 3594
6340 174 8723
7048 125 6298
7026 700 35030
7012 1141 57097
7021 348 17404
7020 851 42574
7023 1378 68943
7019 91 4560
6952 158 7940
7013 40 2041
7049 1161 58099
6036 54 2730
6615 175 8754
7012 442 22150
7025 295 14777
7054 1157 57860
7003 1722 86148
6362 84 4204
6503 62 3140
7020 312 15637
5448 13 687
6572 56 2845
7008 994 49726
7003 80 4041
6663 23 1174
7023 343 17166
7008 633 31683
7001 379 18982
7049 988 49416
7007 22 1150
7282 34 1714
7004 1624 81205
7565 73 3652
7018 570 28505
7003 1339 66993
6956 198 9921
7003 1449 72498
7003 411 20556
7055 43 2200
7049 696 34806
7003 643 32186
7012 892 44628
5921 16 829
7020 950 47514
7004 1121 56069
7049 1967 98364
7014 1346 67344
7017 875 43800
7017 828 41424
7023 1795 89793
7010 651 32561
5921 19 991
7003 1339 66991
7008 924 46204
5891 152 7643
6956 194 9730
7017 1133 56665
6663 171 8578
7003 749 37461
7008 146 7324
7049 2025 101269
7003 456 22838
7003 262 13144
6884 32 1632
7055 739 36994
7003 336 16806
6696 5 282
5042 46 2301
7012 892 44619
7017 827 41355
7017 448 22440
7003 232 11635
6303 125 6281
7021 466 23314
7021 348 17420
7020 755 37789
7010 651 32570
7003 1318 65902
7001 144 7217
7014 326 16344
7054 1710 85508
7004 1138 56913
7017 875 43781
7012 1061 53066
7046 35 1757
7055 690 34536
7023 300 15001
6782 0 30
7012 324 16204
7023 804 40219
7010 1366 68304
7019 445 22288
7055 457 22891
7054 320 16019
7008 994 49706
6548 0 41
7054 1455 72799
5947 158 7909
6628 42 2104
7026 700 35030
7003 480 24015
7048 99 4979
7001 700 35047
7019 437 21879
7012 1126 56321
7023 1346 67322
7020 1852 92621
7049 46 2340
7012 1035 51787
7020 1258 62945
6918 37 1862
7001 511 25561
7049 1934 96734
7023 1675 83769
6923 33 1678
6632 55 2780
6991 71 3598
6446 127 6400
7049 399 19953
7001 353 17653
7020 1135 56753
7003 80 4022
7001 144 7229
7021 117 5861
6812 8 408
7049 679 33995
7049 1469 73455
5042 48 2435
7021 404 20234
7055 739 36968
7010 48 2405
6923 33 1678
7008 1393 69690
7021 378 18912
6572 171 8587
7049 1927 96370
5487 51 2562
7010 1549 77492
6090 78 3929
7016 106 5343
6751 23 1161
6362 102 5109
6170 36 1842
7055 205 10255
6837 7 383
5042 42 2107
7003 749 37498
7010 610 30540
7001 210 10516
7010 52 2626
7018 863 43158
7023 654 32732
6632 33 1657
7018 178 8920
7049 1366 68336
7302 83 4166
7021 557 27865
7021 782 39108
5459 8 405
7021 557 27864
7018 399 19968
6615 170 8541
6382 191 9579
7020 207 10369
7001 228 11447
7020 755 37786
7012 442 22116
7003 400 20043
7017 877 43853
7021 579 28985
7008 1348 67404
6812 0 22
6319 30 1513
7049 1750 87506
7018 41 2060
7010 166 8330
6779 28 1413
7004 184 9226
6656 40 2005
7012 1061 53059
7003 875 43770
7020 1762 88103
6378 2 107
5078 7 358
5487 51 2599
5216 52 2603
7020 1117 55868
7021 234 11740
7023 1454 72704
7003 43 2172
7003 1375 68755
7017 775 38786
7023 1221 61085
6423 75 3771
7054 1871 93551
5977 199 9957
7049 1627 81382
7010 1162 58120
6631 32 1609
7019 578 28936
7010 1549 77470
5564 191 9572
7504 16 812
7006 337 16894
7628 133 6665
7001 1144 57240
5042 48 2435
7054 875 43756
7013 40 2009
7023 1781 89083
6663 20 1035
7049 596 29817
6812 6 303
7020 1349 67451
7054 598 29941
7012 708 35444
6322 36 1812
7003 232 11635
7008 102 5104
7054 1710 85529
7010 1447 72376
7012 1126 56306
6991 71 3555
7049 177 8859
7017 1591 79592
7006 486 24341
7026 634 31723
6030 10 513
7026 381 19065
7054 1778 88907
7020 950 47548
5331 137 6856
7021 593 29652
7010 1366 68339
7049 971 48556
7707 7 385
6340 173 8669
7001 228 11435
6615 175 8771
7054 87 4369
7017 225 11294
6951 24 1219
7055 543 27154
5441 3 192
6632 55 2784
7003 1449 72474
7012 1549 77468
5515 63 3164
7020 1669 83495
7006 337 16856
7400 140 7007
7017 1637 81874
7054 912 45634
7003 749 37498
6080 98 4945
7010 343 17198
7054 2010 100541
7003 852 42649
5185 78 3938
7021 456 22805
7023 654 32718
6650 17 867
6991 73 3697
7017 1232 61623
7012 1447 72369
7012 19 982
7004 184 9250
7012 1479 73971
6689 29 1467
6882 154 7725
7018 178 8939
7018 743 37170
4971 117 5874
7023 337 16900
7020 1852 92621
6934 15 786
6206 43 2165
7049 46 2303
7023 805 40285
7003 852 42640
7046 102 5134
7001 376 18810
6021 188 9408
6572 175 8800
7008 1321 66081
6407 97 4891
7008 994 49737
6426 24 1242
7023 745 37258
7004 514 25730
7003 400 20014
7018 863 43187
7023 362 18120
7008 195 9799
6090 73 3687
7021 295 14757
6960 169 8462
6170 33 1665
7020 331 16573
7023 77 3876
7017 828 41401
7010 84 4228
7021 557 27870
6359 9 460
7006 85 4296
7047 48 2418
7049 1927 96379
7016 152 7640
7014 1062 53138
7019 230 11543
7003 1339 66992
6837 8 418
7014 326 16336
6663 175 8791
7018 147 7379
7054 791 39593
7026 140 7026
7055 569 28459
7006 308 15419
6923 30 1549
7017 875 43781
7004 1340 67018
7049 696 34844
6080 94 4711
7003 43 2192
7012 324 16236
5169 34 1742
6548 61 3079
7049 679 33962
7010 48 2425
7017 656 32840
5459 9 488
7049 1750 87538
7021 692 34618
7012 529 26477
6663 41 2097
6663 20 1034
7003 1044 52228
7017 448 22447
7023 654 32710
6683 14 742
7049 1469 73476
7010 19 978
6689 29 1465
7055 457 22890
7003 1437 71881
7003 80 4022
7022 126 6312
7049 1417 70893
7004 901 45085
7003 924 46215
7014 1640 82005
7001 566 28310
6968 1 59
7012 1447 72367
7008 133 6697
7004 1299 65000
5013 5 299
7023 1781 89073
7049 46 2317
7012 1054 52727
7025 445 22274
7017 522 26128
7004 1340 67013
7004 1622 81107
7008 1051 52580
6321 64 3219
7282 34 1714
7054 1159 57992
7001 210 10539
7008 885 44253
7017 440 22020
7020 1156 57812
7014 1346 67342
6881 126 6309
6359 0 9
7010 19 978
6696 0 31
7049 270 13513
7003 1449 72474
7008 1393 69651
7055 684 34233
7021 773 38700
7008 1244 62213
6059 50 2514
5071 19 951
7054 537 26892
7049 1934 96741
7003 119 5953
7004 1660 83009
7049 696 34822
6366 75 3764
6548 0 39
6666 13 679
6954 7 383
6050 7 375
7023 1221 61097
7016 196 9841
7014 1728 86435
7055 684 34230
7001 264 13215
7017 1723 86198
6975 57 2860
7003 1044 52226
7001 264 13220
6616 26 1325
7048 38 1941
7008 786 39309
5536 13 692
5459 175 8770
7008 144 7203
7011 302 15103
5452 44 2216
5608 2 147
6616 25 1287
7013 187 9361
7020 1135 56751
7020 207 10369
7013 238 11929
7012 324 16203
7135 71 3555
7017 1536 76820
7010 1421 71088
7012 1290 64524
7017 1163 58172
5516 25 1279
7004 253 12673
6697 104 5201
7003 336 16815
7008 734 36743
7017 1536 76846
6420 48 2402
5042 46 2301
7017 824 41207
7001 228 11407
7020 950 47502
7003 1413 70663
7023 1776 88803
7023 1221 61068
7010 1421 71056
7020 1824 91246
6572 175 8800
6960 166 8348
7049 924 46203
7018 776 38814
7001 542 27111
6030 6 342
7021 750 37537
5151 177 8859
7054 1009 50466
6507 47 2370
6827 110 5545
7026 133 6671
5229 6 338
7003 228 11423
6934 19 976
7020 1824 91231
6955 208 10433
7054 223 11176
7017 474 23726
7020 207 10389
7025 385 19283
7019 373 18692
7049 1161 58086
7018 631 31563
6548 0 42
6378 2 128
6616 28 1425
5977 199 9957
7004 1622 81107
6106 49 2491
6441 58 2946
7010 369 18464
7014 1623 81180
7004 527 26400
6503 62 3140
7014 990 49542
5339 47 2368
7021 748 37436
6090 35 1769
7003 1734 86728
7017 994 49724
6324 93 4680
7010 48 2420
7048 99 4958
6663 17 861
7010 1049 52471
7682 16 817
7019 91 4556
7049 1469 73482
7008 280 14027
7017 1536 76823
7025 435 21762
7020 574 28739
7010 84 4238
5497 106 5327
7003 123 6183
7049 1854 92724
7013 187 9372
6616 23 1186
7001 823 41172
7020 1762 88133
7001 480 24037
7003 932 46608
7023 1249 62469
7017 939 46961
6420 43 2158
6036 31 1589
7013 224 11228
7055 175 8760
7023 1249 62479
7014 1640 82026
7017 665 33292
6031 101 5081
5586 140 7017
7048 125 6280
7017 1119 55993
6211 68 3405
5498 1 62
7018 178 8917
6503 58 2913
6666 13 679
7017 665 33274
7003 1449 72465
7022 126 6306
7023 620 31029
7020 574 28716
6960 169 8462
7017 331 16576
5339 90 4546
7019 578 28924
7008 889 44471
7021 750 37517
7025 250 12529
5216 22 1104
7017 1458 72913
6030 6 342
7003 214 10745
7026 774 38728
6583 15 774
7049 399 20000
7004 1660 83008
7008 102 5105
7003 214 10722
6030 9 471
7020 383 19160
5331 133 6664
6837 1 95
7055 256 12848
6366 76 3832
7012 302 15141
7004 729 36492
7001 379 18974
7019 373 18662
7020 417 20896
5229 4 221
7012 1479 73960
7017 827 41387
7014 34 1745
7010 513 25692
6663 175 8769
7012 781 39062
7054 1888 94448
7003 1032 51620
7021 68 3450
5401 33 1652
7008 72 3627
7001 153 7660
7046 35 1789
7004 1605 80290
7013 206 10328
6140 27 1370
6837 7 394
7046 35 1789
6081 4 225
6572 59 2971
5229 4 221
7020 43 2168
7010 246 12305
6050 0 42
7008 1110 55547
7003 214 10714
6951 23 1190
7010 513 25691
7001 480 24022
6031 101 5081
7055 230 11509
7049 1366 68311
6589 106 5314
7017 1133 56697
7010 1447 72376
6853 105 5254
7019 466 23313
6751 30 1525
7001 480 24035
6043 173 8662
7003 960 48047
7014 1260 63012
6981 38 1949
7020 207 10367
5605 57 2880
6951 28 1403
7025 445 22288
7019 91 4597
7025 609 30493
7003 43 2171
7017 828 41424
7017 123 6173
7004 901 45081
7021 563 28151
7004 527 26380
5216 52 2603
6420 46 2302
7019 466 23308
7018 602 30128
7004 667 33357
7023 1881 94099
7012 529 26463
6322 43 2195
7021 18 903
7008 1029 51452
7001 264 13249
7010 84 4211
6751 28 1405
7047 110 5530
7054 537 26857
7016 152 7624
7023 1781 89083
6881 137 6853
7017 1004 50212
7049 1927 96372
7020 842 42147
7003 551 27578
6837 5 289
7023 556 27847
7055 684 34205
7012 302 15111
7020 1669 83469
7014 1270 63547
6140 28 1410
7020 1797 89879
7008 144 7201
7008 72 3609
7003 1339 66992
6934 15 786
7001 144 7229
7003 400 20043
7021 750 37515
6140 34 1735
7001 700 35008
7017 359 17966
7010 1562 78141
6951 24 1219
5547 72 3649
7023 804 40230
5036 27 1364
6098 47 2382
7020 1903 95164
7017 419 20955
7014 367 18369
5036 28 1422
5977 192 9644
6664 182 9129
7049 2025 101273
7003 411 20595
6483 7 388
7001 1101 55061
7008 1464 73236
5154 178 8949
6444 38 1916
6078 9 474
7026 654 32735
7001 153 7685
7003 643 32161
7046 95 4760
7014 205 10297
7019 91 4556
6420 43 2158
7049 385 19263
6090 74 3739
6826 47 2355
7003 1318 65925
6881 97 4878
7017 1458 72915
7049 1744 87218
7049 1627 81386
7008 1321 66054
7049 1744 87226
7020 1156 57833
7055 543 27179
7003 852 42601
7023 1937 96887
6572 59 2971
7049 679 33993
7054 1944 97230
7054 1441 72077
7055 739 36968
7004 1208 60434
6696 5 282
7023 1671 83572
7021 295 14796
7012 1126 56336
7021 466 23304
7012 1275 63793
7026 654 32735
7003 1339 66997
7017 1591 79565
6170 37 1883
7014 662 33111
7023 852 42640
7019 210 10502
7013 205 10271
6620 149 7453
7010 1562 78142
7001 998 49932
7017 448 22416
7049 696 34806
7004 1299 64987
7023 1454 72735
6090 74 3739
7017 47 2377
7003 1346 67340
7008 924 46227
7004 347 17378
7010 166 8345
7012 19 955
7012 997 49896
7006 558 27936
7004 1138 56948
7021 761 38062
7006 486 24334
6882 211 10589
7010 1549 77492
7010 1556 77825
7019 213 10656
7016 267 13360
4983 6 322
7019 578 28912
5229 4 221
7017 362 18125
7026 700 35049
6573 27 1365
6035 7 364
6527 109 5488
6319 46 2328
7018 481 24093
7724 144 7245
5370 53 2682
7055 230 11502
5608 11 586
7003 480 24030
6794 18 939
7017 1002 50135
7020 1725 86264
7054 1944 97220
7020 383 19160
7049 732 36611
6321 71 3574
7017 1459 72961
7055 457 22891
5891 141 7095
7020 1852 92603
7014 1270 63506
7008 102 5116
5340 98 4935
7004 1023 51160
6794 22 1125
7020 1612 80649
7003 232 11635
7021 32 1625
7010 166 8318
6319 44 2212
7014 1728 86419
6288 174 8703
7048 125 6280
7023 1549 77479
7001 511 25592
7014 990 49509
6975 58 2926
6785 19 951
7001 264 13207
6036 56 2839
6687 191 9568
6923 34 1745
7021 750 37514
7014 1003 50193
7008 1470 73505
7001 480 24021
6650 21 1089
7001 480 24035
7023 192 9623
7003 80 4041
7046 22 1119
7008 1029 51465
6653 124 6225
7049 1469 73482
7023 1934 96739
6572 57 2861
7018 178 8909
7055 490 24537
7008 633 31683
7026 133 6651
7001 977 48897
7004 1268 63410
7049 1672 83604
7003 31 1577
7025 295 14777
6696 9 461
5564 192 9637
6837 1 95
6589 110 5525
7012 708 35420
7026 52 2607
5331 136 6827
7054 1577 78893
6031 101 5073
7018 116 5835
7017 440 22026
7022 97 4862
6751 26 1348
7001 819 40981
7010 1568 78414
5013 5 299
7003 775 38754
6664 118 5923
7012 1035 51784
6616 26 1325
7021 761 38090
6918 37 1859
6779 27 1359
7049 931 46553
6697 96 4810
5965 31 1593
7003 1339 66976
7025 72 3635
5229 9 490
7006 558 27927
7017 1119 55974
7010 1421 71094
7023 510 25504
7001 732 36611
6140 35 1766
7008 1464 73210
7049 1161 58071
7003 1032 51620
6829 129 6485
7020 1117 55882
7054 1441 72088
6173 34 1749
6628 42 2104
7020 1258 62922
6751 29 1481
6059 49 2498
6795 7 381
7010 1366 68328
7003 188 9439
7016 106 5330
6683 11 571
5036 21 1086
7016 211 10596
7008 1321 66058
7003 1375 68754
7012 1659 82973
7055 629 31492
7012 1290 64540
7017 359 17978
7020 950 47514
7054 1273 63666
7055 490 24536
6756 153 7675
7010 710 35545
6663 174 8720
7054 1778 88905
7049 1744 87240
7021 748 37436
7026 381 19081
7013 154 7720
7008 1110 55542
7014 1411 70595
7026 518 25939
7017 362 18134
7017 665 33289
7046 95 4773
7008 1078 53933
7054 1944 97223
7019 210 10510
7025 445 22262
7055 690 34507
7049 1161 58055
5339 90 4539
7020 1349 67451
6683 11 575
7012 1730 86504
5608 11 556
5586 84 4247
6751 25 1262
6528 13 655
7003 775 38754
5340 93 4688
7001 511 25553
7025 295 14755
7001 185 9264
7017 681 34083
7012 1006 50313
7008 1110 55512
7003 700 35008
5441 90 4542
7018 147 7386
7003 123 6175
7054 1888 94440
7003 456 22836
5013 20 1003
5013 5 299
5966 0 47
6956 194 9730
7004 206 10322
7017 1748 87447
5169 36 1834
6100 13 673
5487 51 2599
7010 84 4212
7025 295 14757
6583 15 774
7048 125 6267
7019 445 22259
7001 542 27119
7020 1884 94221
7022 97 4877
6828 166 8323
7003 80 4033
7017 675 33796
7008 144 7224
7026 448 22415
5077 15 776
7049 177 8867
7004 1023 51167
7055 739 36997
7025 88 4407
6426 24 1242
6826 47 2395
7026 654 32749
7006 440 22039
7018 147 7379
5487 51 2562
7020 1051 52586
7014 1260 63012
6527 104 5230
6689 36 1811
7001 344 17201
7003 1317 65873
7010 8 412
6951 23 1181
7103 13 662
6756 42 2139
7010 220 11028
7026 176 8844
7012 288 14405
5487 51 2562
7014 34 1718
7019 31 1554
7001 26 1348
7020 1117 55878
6991 65 3298
7047 48 2407
7020 331 16567
7017 827 41355
7017 656 32840
7025 295 14800
7004 654 32738
7049 679 33971
7003 643 32173
7048 99 4979
7021 348 17434
7014 1270 63537
7014 5 294
7049 1744 87249
7017 994 49737
7001 542 27119
6359 9 460
6653 125 6295
6319 45 2291
5077 20 1042
7012 1061 53066
7014 429 21458
7017 955 47772
7017 1119 55955
7001 1144 57247
7017 1332 66643
7054 1944 97245
7054 791 39595
5458 159 7969
7055 490 24522
6749 44 2234
6696 0 31
6211 66 3347
7046 95 4794
7016 152 7608
6440 56 2824
7018 570 28549
7010 1545 77260
6992 10 514
7054 320 16004
7023 805 40257
7018 41 2074
7049 1627 81388
6340 169 8468
7008 1051 52589
7010 1549 77479
6756 44 2225
7014 1640 82025
7010 1562 78141
6968 0 17
6663 18 901
7010 1366 68306
7010 1549 77462
7004 1208 60434
6366 79 3954
6035 3 175
6664 126 6314
7013 205 10297
7014 1270 63530
6664 182 9109
7004 206 10322
6382 191 9571
7017 1133 56670
7046 22 1138
7006 486 24342
7049 1627 81382
6324 90 4549
7054 320 16011
7010 1366 68304
7055 614 30707
7021 378 18919
6936 160 8039
7003 1346 67316
6653 126 6317
7003 775 38777
7017 1748 87433
7369 20 1039
7008 583 29159
7021 557 27870
7020 1051 52595
7020 417 20896
7012 1061 53058
6632 55 2780
7017 225 11285
6615 168 8402
7001 153 7659
7017 994 49731
6812 8 430
6689 26 1329
7004 1011 50566
7008 1464 73233
7018 41 2094
7016 196 9801
7003 456 22841
7049 696 34837
7019 580 29007
7013 224 11221
7054 1273 63673
7049 931 46559
6955 209 10466
6366 76 3832
7023 654 32749
7055 690 34536
7012 1479 73967
7017 1119 55951
7008 1393 69651
7010 8 413
7014 1214 60707
7023 1548 77424
7010 1390 69501
7046 102 5122
7023 50 2506
6300 122 6104
7115 43 2163
7021 466 23332
7017 474 23716
7054 400 20002
6616 25 1287
6696 0 31
6614 110 5504
7020 207 10367
5077 20 1029
6765 212 10610
7012 1006 50337
6334 3 152
7054 348 17433
7054 1273 63658
7017 474 23730
7025 250 12538
7003 232 11647
7018 116 5833
7054 1009 50479
5204 158 7901
7008 885 44253
7014 1062 53140
6663 175 8791
7012 19 982
5396 60 3035
6881 105 5280
7023 1671 83572
7017 1591 79563
7010 1562 78140
7008 145 7252
7003 1387 69382
6615 169 8453
7055 490 24536
7017 955 47787
7008 146 7330
7003 1437 71854
7046 35 1792
7008 833 41670
7020 346 17326
7001 823 41157
7026 108 5443
7020 1903 95171
7019 479 23972
6829 128 6438
7017 1133 56673
5783 96 4828
7003 749 37455
7001 977 48888
7003 1513 75663
7054 1290 64506
6078 14 708
6826 49 2480
7003 875 43770
7018 519 25975
7017 827 41374
7026 728 36435
7048 81 4091
7020 1824 91240
7055 174 8738
5783 97 4883
7010 1545 77262
7049 1750 87501
7001 376 18802
7014 10 533
7049 154 7732
7025 507 25400
7010 1455 72779
7054 643 32181
7055 174 8747
5459 6 308
7020 972 48622
7006 337 16894
7003 262 13126
6859 142 7140
7004 901 45065
7001 1080 54012
7012 1659 82973
6036 54 2712
7023 1579 78999
7049 700 35044
6756 42 2138
7006 85 4296
6420 46 2302
7051 67 3371
5169 34 1746
7025 445 22257
6483 6 316
7003 1050 52532
7023 1286 64331
6426 20 1015
5154 118 5950
7010 220 11003
6170 36 1842
7003 784 39236
6664 182 9109
