6969 89 4489
7004 578 28937
7054 485 24283
7014 1136 56803
7017 528 26412
7025 520 26036
7025 369 18470
7049 847 42387
7023 984 49221
7012 1146 57342
7025 429 21475
6369 118 5905
7093 6 310
5457 22 1150
5946 41 2082
7017 1210 60534
7014 1543 77160
7054 1243 62196
6776 28 1416
6461 58 2931
7001 787 39357
7513 82 4135
7023 1797 89852
5419 78 3922
6404 9 479
7054 75 3756
7006 559 27975
6605 172 8618
7004 1006 50350
7014 1284 64221
7023 586 29350
7049 1580 79019
7017 84 4238
7006 548 27405
7012 1684 84246
7020 1442 72110
6450 8 418
7131 54 2718
5933 130 6508
7012 1183 59156
7017 941 47076
6917 236 11848
7003 844 42243
7019 76 3839
7007 129 6472
7017 919 45956
6895 17 856
7003 1120 56023
6874 21 1086
7020 93 4668
7004 567 28372
6427 18 939
7054 477 23896
6884 19 958
6960 170 8532
7055 600 30028
7004 310 15512
5386 104 5227
6377 11 575
7054 1166 58332
7023 561 28069
6853 147 7395
7008 1080 54032
7022 150 7542
7020 904 45222
7010 359 17959
7006 205 10262
7054 185 9278
7025 216 10836
7017 1476 73810
7023 1323 66182
6162 31 1577
7017 717 35879
7003 1620 81035
7022 150 7509
7003 1506 75306
7019 526 26316
7142 40 2014
6999 10 540
7022 67 3358
7014 264 13249
7021 580 29012
7025 598 29905
4999 26 1316
7014 180 9014
7010 1438 71933
6059 81 4086
7014 791 39551
6883 20 1039
7049 171 8564
7014 207 10399
6161 20 1042
5541 71 3552
6959 204 10225
6907 58 2907
7008 281 14080
7010 1240 62048
7001 28 1433
7018 509 25471
7017 92 4647
7017 626 31324
7004 1589 79472
7054 1110 55546
6235 4 220
7017 426 21312
6596 29 1451
7001 990 49548
7020 818 40927
7054 819 40986
7023 1787 89353
7012 643 32173
7006 520 26038
7014 356 17849
7020 1521 76061
7014 1576 78821
7023 1048 52441
7004 1364 68229
6147 21 1080
7001 148 7444
7023 473 23675
6382 34 1722
7003 512 25636
7049 360 18011
6380 54 2703
6370 66 3325
5440 27 1376
7017 887 44387
6304 123 6160
7095 65 3265
7023 156 7848
7054 851 42600
7023 1457 72852
7018 560 28037
7565 226 11330
7014 310 15545
7023 119 5982
7025 119 5953
7026 641 32052
7054 1838 91907
6827 61 3055
7010 1638 81949
7003 104 5223
7048 33 1692
7017 528 26449
6140 43 2159
6957 55 2772
7012 1046 52302
7004 427 21377
7001 1017 50893
7012 192 9637
7020 1028 51445
7017 298 14916
7026 40 2009
7012 433 21652
6769 109 5464
7003 1254 62746
7020 952 47639
7004 1243 62166
7574 87 4386
7021 485 24287
7055 197 9892
7004 1526 76307
7021 123 6183
6980 27 1354
6778 35 1770
7007 142 7137
5616 23 1190
7049 159 7988
5449 91 4575
7004 1732 86618
7054 1226 61304
5364 131 6572
7054 94 4721
7014 1737 86851
7004 145 7294
7004 848 42448
7023 1195 59786
7006 40 2007
5527 36 1823
7013 134 6733
7004 1611 80568
7004 1470 73526
7049 1993 99698
6871 134 6709
6562 46 2304
7008 702 35136
7023 875 43781
7008 1012 50626
7003 54 2703
7054 485 24270
7012 1363 68180
7020 1590 79525
7018 669 33470
7020 612 30631
7001 993 49676
6341 78 3940
7003 454 22712
7020 629 31455
7054 1221 61061
7049 2008 100450
7003 1620 81049
7001 767 38389
5586 154 7723
6031 150 7519
7023 237 11866
7003 1506 75305
7049 2008 100450
7017 717 35863
7010 1237 61891
6412 28 1450
5437 99 4968
6979 110 5535
6284 73 3691
7020 799 39988
7012 1718 85909
7021 462 23108
7023 576 28819
6540 34 1749
6783 38 1945
5440 31 1560
7008 1462 73109
7023 495 24795
7010 227 11397
7003 1287 64387
7008 1038 51917
7049 922 46141
7055 48 2405
6942 88 4429
6623 72 3643
7003 59 2967
6478 45 2265
7014 1265 63276
7001 990 49513
6406 121 6053
7025 66 3318
6879 193 9672
6942 75 3775
7021 282 14133
6769 93 4661
7001 713 35698
7055 324 16234
6645 5 285
7018 72 3633
7012 902 45132
7049 1580 79034
7054 525 26258
7013 49 2468
7023 1525 76278
7023 444 22225
5386 16 824
7003 844 42211
7014 180 9023
7025 115 5781
7008 1050 52537
7010 296 14839
7023 876 43850
7003 854 42746
7008 1443 72170
7054 544 27234
7004 1294 64733
7004 640 32025
7014 1167 58381
6145 44 2237
7004 1342 67132
6153 10 535
6346 58 2906
7004 1085 54257
6139 37 1871
7003 922 46145
7023 596 29833
7014 475 23774
7054 1311 65569
6853 144 7223
5353 13 662
7026 54 2703
6453 56 2832
7008 1198 59939
6825 12 643
5201 10 516
6336 46 2329
7142 40 2012
6490 121 6088
5344 26 1312
7014 524 26245
7022 85 4278
7012 902 45149
7008 551 27589
7012 1363 68180
7008 1012 50612
7049 433 21673
6591 105 5270
7006 240 12023
6428 11 594
7001 147 7388
7528 226 11336
7021 382 19138
7003 64 3210
7008 1421 71061
7017 524 26207
7018 160 8007
7013 7 398
7004 1737 86854
7021 367 18360
6478 27 1380
6162 198 9921
7054 1466 73315
7010 1217 60868
7006 424 21205
6917 63 3189
6076 160 8017
7004 159 7981
7017 480 24039
7008 1050 52504
7010 447 22379
6084 5 281
7020 808 40429
6074 74 3746
6369 140 7023
7014 1244 62244
6952 21 1098
7003 729 36453
7023 473 23661
7010 306 15304
7006 205 10251
6028 17 865
7025 508 25438
5512 206 10305
7017 154 7745
7010 455 22761
6917 227 11385
5987 11 595
7014 1755 87764
7053 25 1277
7023 1919 95995
6176 10 547
7019 528 26433
7020 669 33480
7023 1589 79481
6649 98 4917
7017 724 36249
7023 754 37710
6529 11 563
7004 346 17344
6600 131 6564
7054 1515 75758
7023 1561 78098
7669 131 6586
7054 1341 67082
7115 38 1932
7010 1650 82540
7334 56 2818
7020 802 40139
7054 312 15611
7020 554 27715
6874 51 2575
7008 245 12277
7018 787 39384
7017 640 32012
7049 406 20322
7014 384 19213
5092 168 8441
7026 147 7395
7055 761 38079
7017 425 21272
7020 470 23514
5216 74 3721
7001 928 46422
6324 94 4740
7026 54 2734
7010 539 26951
7012 980 49029
7003 54 2717
7047 94 4704
7006 174 8735
7017 1295 64759
5921 146 7341
7001 979 48976
7012 1278 63916
7004 360 18014
7019 208 10408
7012 535 26788
5783 19 957
7095 27 1375
7049 1315 65782
7023 1379 68961
7013 0 36
6647 140 7010
7023 174 8731
7055 491 24554
5155 100 5029
7055 210 10533
6285 104 5201
6788 8 405
7012 771 38589
7021 425 21270
7017 746 37347
7054 182 9120
5136 52 2621
7006 19 984
7021 421 21090
7004 456 22820
6978 173 8664
5783 22 1133
5441 16 849
5933 172 8620
7004 843 42169
6773 224 11219
7022 56 2842
7017 829 41473
7010 111 5568
7021 538 26903
7055 356 17826
7026 412 20642
7004 1374 68716
6064 52 2604
7003 1159 57953
7023 1457 72884
7022 155 7796
7012 291 14595
7016 150 7518
6342 28 1447
7001 1042 52137
6475 20 1039
6937 39 1968
7026 877 43855
7051 33 1697
6787 193 9667
4999 28 1446
6199 183 9193
7012 1408 70419
7010 1476 73816
4979 13 696
7403 19 978
7017 1210 60523
7018 619 30997
7014 1211 60570
7020 1717 85871
7023 958 47912
6840 85 4273
5449 97 4860
5783 16 833
7010 1551 77587
7020 1442 72107
7004 1075 53778
7014 1597 79879
7004 1103 55192
6506 186 9308
7010 1264 63234
7023 388 19427
6797 10 515
6605 165 8288
7023 728 36446
7007 78 3946
7014 1319 65984
7014 882 44125
7003 46 2320
7010 292 14639
7023 876 43824
6689 128 6437
7018 903 45191
7016 383 19164
7001 491 24597
7012 494 24730
7018 592 29650
7010 1031 51585
7012 994 49705
7054 58 2939
7018 26 1326
7522 112 5628
5925 140 7049
7010 626 31348
6776 61 3087
6980 89 4483
6634 31 1600
5093 18 906
7054 1991 99588
6811 47 2357
5977 74 3709
7020 267 13351
7026 466 23341
7055 472 23620
7003 104 5205
7025 303 15175
5384 97 4862
4969 95 4793
7004 365 18266
7023 887 44384
7020 1712 85645
7049 676 33824
6922 151 7563
7008 897 44856
7022 155 7756
7016 282 14101
7023 909 45476
6768 83 4174
7016 150 7505
7016 176 8844
7049 1377 68896
7020 1595 79767
5519 16 846
6564 174 8739
6140 39 1998
7021 435 21776
7049 1798 89932
7008 1250 62548
7055 181 9057
7016 143 7154
7018 312 15611
7017 1389 69455
7023 965 48299
7014 1761 88077
7017 1401 70090
7020 655 32760
7021 814 40715
7054 1243 62196
6955 149 7493
7017 1440 72006
6426 56 2822
7021 186 9342
7026 822 41109
7025 219 10992
7023 1490 74539
7010 443 22153
7023 920 46034
5089 30 1532
5979 39 1978
7025 598 29905
6893 110 5521
7049 1478 73944
7055 72 3647
6919 5 277
7004 1569 78476
7023 605 30257
6874 150 7530
7003 1357 67871
6176 169 8485
6956 80 4009
7055 48 2416
7010 1713 85656
6905 9 479
7010 1510 75550
7003 854 42711
5528 7 383
7021 163 8182
7012 1668 83449
6606 93 4658
7016 58 2906
6091 148 7429
7008 415 20790
6960 159 7990
7012 598 29904
7049 903 45155
7004 346 17313
6111 1 97
7020 1635 81759
7014 1760 88011
7014 1167 58372
7426 12 631
6478 47 2356
6936 146 7326
7023 66 3309
7001 163 8192
7008 1250 62537
5611 46 2332
7055 372 18609
7020 93 4661
6318 35 1771
6974 111 5597
7012 33 1664
5512 221 11052
7001 1185 59271
7012 1000 50037
7010 307 15395
5598 48 2445
7004 1243 62173
7010 1289 64489
7004 412 20611
7021 418 20950
7012 1642 82132
7025 303 15161
7004 578 28937
7020 1285 64277
7003 792 39642
7010 1166 58327
7001 56 2837
7026 500 25042
6443 9 472
7017 357 17884
7016 198 9902
7023 785 39298
7014 541 27052
7054 761 38082
7020 192 9620
7054 1150 57549
7006 429 21495
7055 196 9816
7013 153 7688
6529 10 533
7014 1116 55826
7025 457 22852
7049 1625 81251
6769 92 4618
7004 1114 55732
5971 23 1174
7001 929 46468
6195 43 2182
7012 1567 78398
7001 1185 59293
7017 709 35485
6957 50 2532
7047 72 3607
7010 33 1652
7014 1597 79873
7007 75 3752
7018 169 8454
7016 101 5087
7008 1351 67600
7049 2020 101005
7054 1086 54345
5451 10 524
6779 68 3407
7001 884 44246
7008 21 1063
6967 55 2777
7011 236 11837
7004 360 18009
7010 619 30955
7001 394 19701
7049 8 441
7022 12 631
7048 149 7492
6769 137 6863
7008 1415 70783
7014 168 8420
7004 1731 86565
7008 844 42245
7021 368 18446
7001 387 19393
7010 1031 51580
5029 159 7975
7048 74 3725
7411 118 5903
6906 13 693
7023 411 20594
7025 403 20168
5515 87 4360
7010 1638 81945
5144 13 690
7049 279 13999
5437 92 4638
6182 93 4674
7055 188 9420
7014 499 24952
7004 673 33697
7054 556 27806
7004 80 4030
5179 31 1595
7004 567 28378
7016 224 11222
7017 165 8295
7012 470 23537
7008 492 24613
7008 309 15478
7016 309 15461
7049 1377 68896
7014 774 38720
6319 52 2608
7020 1896 94842
7004 427 21361
7010 1158 57942
7026 300 15004
7049 724 36229
7025 523 26181
6110 119 5973
7049 1408 70438
6974 107 5377
7049 319 15990
7006 157 7882
7020 687 34379
7017 285 14264
7004 128 6424
7012 682 34126
5515 215 10763
7018 160 8045
7020 609 30495
5386 132 6637
7018 664 33241
6284 6 305
7014 1543 77161
6953 71 3553
5386 175 8771
5457 23 1154
6454 10 550
7004 1287 64356
7004 1429 71470
7012 1523 76167
6812 11 563
7008 716 35801
6211 36 1805
7023 920 46050
7292 11 576
7023 1107 55351
5565 29 1459
7012 862 43148
6305 44 2223
6786 76 3823
7020 503 25157
7012 194 9750
7669 131 6586
5412 41 2058
7010 251 12597
7023 605 30267
7049 214 10748
7014 1597 79879
7019 276 13845
7020 160 8050
7006 512 25631
7008 1297 64891
7004 402 20124
6916 98 4926
7008 1275 63752
7025 137 6899
7021 600 30035
5179 133 6672
7023 920 46002
5133 3 187
5523 2 102
7026 596 29812
6766 121 6057
7026 523 26197
6885 29 1453
6098 81 4097
7026 147 7381
7001 1151 57582
7004 266 13347
7014 902 45118
7018 49 2497
6688 11 566
7003 1120 56019
6098 68 3432
7010 286 14302
7054 785 39282
6663 96 4824
7019 76 3810
7018 152 7645
6765 102 5107
6942 0 18
6299 3 191
7014 1211 60578
7055 332 16642
7019 477 23856
7016 317 15863
7014 1096 54840
7018 337 16881
7004 469 23489
5979 12 633
6367 58 2911
7051 85 4262
7018 669 33469
6824 32 1646
7010 227 11398
5915 11 559
7017 529 26470
7049 1117 55882
7003 38 1919
7003 898 44913
7004 791 39570
7049 366 18339
7010 563 28165
7008 780 39009
7023 1601 80098
7021 636 31803
7055 590 29506
7021 500 25023
7054 1517 75882
7017 170 8504
6689 81 4098
7014 880 44001
6324 94 4740
7054 1587 79361
7020 663 33198
7008 688 34434
7012 874 43740
7008 282 14135
7023 846 42330
7010 33 1669
7010 630 31543
7011 125 6264
7004 509 25465
7023 1871 93581
6769 142 7113
7016 176 8805
6589 131 6555
7017 1259 62962
7012 1693 84677
7014 1 97
6656 11 589
7003 319 15967
6303 72 3626
5021 75 3772
7004 23 1172
5541 53 2695
7006 335 16770
7004 64 3239
7008 999 49953
7001 163 8155
7004 433 21684
6785 148 7437
7012 1172 58638
7014 1616 80845
6830 214 10719
7017 15 784
6043 141 7059
7466 103 5189
7021 193 9669
7004 23 1199
7017 298 14916
7026 536 26843
7004 1287 64390
7017 330 16518
7016 317 15874
7739 7 354
6600 131 6564
6028 20 1047
6748 176 8830
5364 144 7248
7008 1072 53614
7049 719 35983
5535 17 863
7014 803 40190
7023 1102 55134
7003 385 19293
6873 4 228
6993 21 1079
7003 1585 79288
7093 18 908
7004 616 30815
7006 582 29136
7017 1012 50618
7049 662 33115
7023 1601 80063
6905 3 166
7054 1449 72464
6159 32 1619
7004 556 27817
5361 29 1455
7025 260 13044
7049 1051 52591
7020 1667 83353
7020 1625 81255
7026 563 28167
7016 175 8751
7008 844 42222
7022 189 9485
6140 39 1998
6921 3 165
6076 160 8017
5894 35 1788
7049 875 43772
5169 55 2761
7018 37 1898
7049 724 36218
6942 89 4475
7004 681 34062
7020 1355 67800
7006 240 12023
5411 104 5233
5090 56 2841
6640 170 8518
7010 1657 82895
7011 303 15163
6919 7 394
7003 185 9265
7018 288 14424
7018 509 25474
7025 160 8022
6310 54 2711
7047 94 4726
7010 1118 55950
7026 523 26187
7391 95 4764
7022 155 7796
7018 253 12698
7049 482 24129
7023 1020 51024
7010 201 10095
7014 371 18600
7020 1543 77196
7048 75 3759
7049 363 18160
7020 1501 75063
6506 186 9308
6883 26 1306
6506 190 9507
7049 319 15965
7018 114 5708
7003 8 405
7016 282 14133
6565 140 7043
7020 1543 77196
7026 844 42229
7003 1272 63627
5106 48 2402
7017 203 10163
7019 482 24142
7049 1993 99693
7018 956 47832
7004 773 38665
5462 7 369
6840 78 3909
7142 58 2945
7023 965 48279
6199 4 222
7013 10 508
7020 1276 63816
7026 227 11382
7496 16 821
7025 580 29028
6577 92 4635
6917 233 11659
7055 360 18017
7051 76 3823
5084 7 352
6942 3 152
7054 1044 52245
5419 79 3954
7442 22 1150
7018 319 15994
7049 915 45779
7023 985 49270
7049 1315 65793
7001 1140 57009
6147 28 1410
6799 75 3778
7014 1276 63841
7018 868 43425
7012 1629 81470
6917 63 3166
7017 529 26462
7014 1159 57999
6620 75 3793
7014 774 38720
7023 1705 85251
7016 58 2901
6993 22 1113
6683 110 5523
6606 88 4424
7017 519 25959
7341 31 1576
7006 424 21205
7018 651 32574
7023 1736 86829
7014 811 40560
7017 172 8611
7018 152 7611
7019 57 2871
7436 176 8804
7047 43 2196
7003 1613 80660
7004 1265 63275
7054 761 38080
7006 249 12457
7006 231 11584
7003 935 46791
7026 207 10378
7012 579 28997
7006 249 12499
7019 245 12264
6748 175 8791
7014 524 26212
7018 323 16169
7014 1136 56821
7010 974 48739
7026 715 35788
7014 1669 83465
7573 24 1216
7004 556 27817
7010 15 797
5095 24 1220
5363 12 646
7054 1901 95070
7003 324 16234
6620 75 3793
7004 176 8814
7023 795 39769
6125 70 3521
7017 676 33834
7132 55 2765
7017 650 32550
7049 1308 65425
6206 127 6378
6752 75 3791
5946 58 2906
7004 1305 65251
7012 526 26334
7004 814 40711
7013 147 7392
7012 1576 78817
7014 88 4411
7001 776 38815
7008 595 29771
7049 308 15430
7008 465 23256
7014 869 43473
4979 13 695
7055 48 2422
7054 1651 82571
7049 1340 67030
7049 431 21573
7026 450 22509
7020 1896 94837
7008 1415 70793
7003 1486 74319
7012 201 10054
7023 756 37821
7573 34 1724
7004 64 3221
7012 1707 85360
7436 113 5655
6356 74 3723
6947 34 1712
6936 202 10119
6420 56 2827
7008 697 34860
7018 664 33231
7018 72 3640
7001 877 43870
7006 310 15546
7017 1440 72032
7054 1233 61683
5540 16 850
7023 892 44638
6689 120 6035
7020 1712 85635
6339 64 3247
6942 87 4377
7049 417 20861
6211 34 1719
7003 319 15967
6912 98 4933
4992 113 5696
7008 1012 50627
7049 1723 86156
7023 349 17468
6639 28 1422
7003 1607 80380
7006 387 19378
7023 1032 51624
7018 227 11359
7055 10 522
7049 1996 99808
6520 11 591
7017 40 2019
7021 123 6180
6690 124 6203
6785 98 4912
7019 59 2967
6503 0 6
7011 317 15881
7010 901 45100
7008 551 27557
7010 410 20502
6147 24 1218
7022 269 13463
7006 206 10324
7017 899 44993
7001 776 38804
7023 388 19427
7020 582 29115
6835 18 912
7010 1579 78980
7012 1567 78381
7017 1401 70090
7003 744 37218
7021 14 727
6981 3 176
5382 20 1029
7022 71 3575
7012 177 8860
7054 556 27849
7014 499 24952
7003 254 12715
6387 72 3622
7021 554 27738
7012 406 20336
7004 1305 65297
7011 167 8360
6993 18 908
7020 1593 79667
7017 1447 72381
7023 1705 85251
7049 1470 73548
6905 90 4518
6952 21 1062
7022 71 3575
7020 901 45051
7055 338 16901
7048 185 9269
7010 287 14387
7013 194 9725
6801 35 1755
6787 60 3050
7018 165 8283
5386 108 5428
6312 43 2181
7025 523 26181
7020 687 34393
7017 528 26427
7010 1217 60881
6058 194 9736
7017 996 49814
7010 589 29495
7021 237 11896
7049 676 33814
7014 484 24248
7020 537 26859
7008 1072 53631
7017 1632 81627
7054 185 9268
7018 959 47967
5925 132 6638
7001 994 49713
7010 322 16111
7023 1134 56716
7054 1737 86875
7049 884 44223
6589 115 5781
7049 319 15967
6783 15 791
7023 941 47095
7394 1 63
6853 149 7479
7003 1329 66470
6748 169 8485
7023 1048 52403
7003 234 11745
7001 877 43870
7026 40 2033
7023 1844 92232
7013 235 11798
6091 159 7966
7021 102 5132
7004 593 29689
7010 460 23046
7054 634 31736
7004 990 49509
7019 59 2968
7014 841 42085
6921 9 475
6859 126 6317
7022 61 3070
7018 664 33231
7004 218 10938
7633 249 12488
7026 715 35754
7003 672 33639
6076 123 6194
7014 134 6710
7001 1113 55670
5001 21 1086
7010 1463 73161
6022 109 5472
7012 992 49609
4999 72 3613
7019 276 13842
6529 19 951
7004 1006 50319
6589 137 6857
7049 759 37986
7014 1434 71701
7049 1051 52571
6980 79 3969
7001 423 21153
6969 159 7961
7010 1165 58266
7026 450 22509
5521 7 395
7096 36 1837
7054 1515 75799
7012 433 21682
7008 1297 64858
7021 282 14144
7004 1740 87029
6589 124 6212
7014 393 19682
7023 605 30296
5459 167 8386
7025 219 10964
7004 1374 68728
6664 99 4974
6908 204 10215
6428 11 594
4999 84 4240
6906 15 797
7014 1613 80683
5066 17 855
7012 561 28080
7008 322 16136
7014 803 40166
7008 586 29337
7292 11 576
7019 498 24929
6285 103 5166
7141 45 2292
7010 1431 71587
7011 20 1040
7001 713 35657
7017 130 6509
6934 50 2522
7049 447 22370
7010 410 20541
7017 1454 72715
7014 1319 65956
6947 30 1550
5089 30 1533
7010 1688 84440
7004 510 25547
7023 875 43787
6428 12 609
7023 1544 77212
6921 3 165
7003 948 47410
7004 1434 71720
7372 26 1324
6284 74 3727
7021 26 1346
6686 42 2117
6026 29 1454
7020 470 23502
6859 36 1827
7023 1435 71760
6310 57 2864
6379 172 8637
7054 1654 82702
7049 1993 99651
7003 1076 53824
7021 417 20851
7012 1046 52306
7055 461 23091
6030 85 4256
6863 27 1362
7025 217 10857
7006 335 16788
7012 1642 82126
7003 1613 80653
6752 63 3155
7025 594 29732
7020 904 45246
7023 1048 52437
6616 36 1833
7026 488 24433
7012 470 23511
7004 1037 51881
7014 209 10453
7019 36 1831
6148 11 563
7004 1640 82005
7004 365 18261
7017 130 6536
7004 936 46841
7051 4 236
7008 595 29781
6288 17 851
7020 1679 83998
7054 395 19786
6835 98 4948
6642 78 3945
7023 1855 92764
7400 164 8230
6690 140 7020
7019 526 26314
7049 1892 94618
7025 29 1452
7004 145 7290
7742 236 11813
7054 185 9266
7001 776 38827
5946 64 3228
7023 588 29425
7012 1044 52239
6907 199 9962
7010 460 23016
7054 1139 56998
7025 21 1069
7017 1476 73810
6906 34 1715
7049 864 43208
7017 1360 68039
7020 158 7925
5466 2 115
7021 190 9536
7014 912 45643
7017 1103 55174
7008 559 28000
7023 1323 66167
6105 89 4478
7014 519 25996
7020 88 4412
7016 8 421
6785 162 8102
7004 773 38665
6182 91 4562
7025 340 17011
7020 1476 73819
5212 4 211
7014 1280 64031
7008 465 23297
7012 755 37794
6327 2 148
5419 25 1293
7006 310 15531
7014 1136 56827
7010 1713 85699
5124 53 2656
7020 1667 83381
6493 27 1385
7010 607 30351
6298 7 394
7013 129 6490
7049 1626 81312
7006 43 2190
5089 30 1533
7014 178 8945
7014 1536 76839
7008 551 27566
7049 1651 82557
7012 1630 81526
5364 49 2486
7003 1009 50458
7013 7 388
7022 55 2761
6594 102 5144
7014 634 31704
7023 444 22232
6600 15 756
6205 102 5126
6503 0 6
7054 1731 86585
7018 785 39278
7018 323 16193
5074 23 1191
7054 946 47330
7006 520 26038
7004 1353 67669
7018 607 30396
7019 527 26384
7023 1787 89370
6405 21 1067
6577 93 4655
6785 162 8102
7049 1723 86159
5418 40 2039
7010 69 3463
7022 262 13126
7008 309 15466
7049 921 46075
7026 755 37760
6563 128 6447
7049 1748 87425
7018 118 5940
7023 66 3326
7016 35 1781
7001 972 48637
7003 844 42249
7054 1517 75899
7565 104 5229
7023 1890 94533
6322 4 206
7026 7 398
7014 1116 55814
6980 85 4279
7017 1639 81984
7010 286 14324
7004 1006 50334
7049 1117 55890
7004 1434 71711
6387 72 3608
7054 1628 81433
7131 74 3744
6917 240 12029
7022 105 5282
7049 534 26706
6593 4 240
6881 101 5077
6952 57 2891
7012 1567 78389
5364 136 6812
7012 1563 78163
7047 76 3840
6748 168 8406
7026 500 25039
7018 264 13248
7004 1578 78924
7003 1357 67852
6123 129 6476
7026 174 8726
7023 561 28058
6698 95 4779
6769 181 9089
7017 1301 65084
6565 133 6698
7017 1616 80806
6023 50 2519
7001 28 1432
7020 8 432
7010 1467 73380
7007 7 357
7023 422 21133
7049 845 42293
7004 23 1172
4957 103 5161
6064 7 389
7054 819 40960
7010 443 22169
7055 241 12062
5382 193 9688
7020 996 49828
7025 508 25402
7006 512 25634
7054 1016 50841
7326 48 2437
7003 1272 63613
7018 956 47821
7018 604 30232
7017 1492 74624
7010 1431 71578
7023 652 32627
6305 22 1101
6835 92 4617
7025 169 8481
7054 1495 74783
7004 1098 54923
7016 390 19535
7020 996 49828
7054 617 30863
7049 1023 51171
6285 104 5206
5979 43 2178
7049 1485 74252
7017 145 7296
7048 96 4808
7021 367 18395
6865 90 4543
7012 1684 84229
6176 141 7072
6553 49 2483
7010 1677 83862
6912 66 3306
6788 8 424
7020 953 47682
7295 104 5228
7017 1282 64146
7008 43 2197
7003 965 48293
7004 1241 62074
7049 1356 67808
6797 17 860
6589 140 7018
7007 20 1033
7012 1476 73819
7001 40 2035
6936 40 2002
6489 36 1848
7021 382 19105
7049 1859 92961
7014 1474 73725
7014 324 16234
5353 12 612
6631 100 5032
6327 1 76
7018 959 47997
6380 79 3953
6853 99 4982
7014 1136 56835
7006 8 444
7008 825 41256
7026 535 26782
6907 48 2446
7054 1121 56060
6874 26 1302
6663 90 4534
7014 88 4427
7049 1352 67649
7017 663 33199
7003 532 26608
7025 408 20401
7001 651 32558
7008 465 23299
7017 1545 77261
6917 46 2328
6969 88 4450
6594 20 1007
7004 1708 85438
7004 832 41613
7054 360 18026
7054 650 32524
7014 226 11341
7049 1859 92961
7049 482 24139
7016 310 15532
7014 841 42093
7049 921 46067
7053 45 2293
7051 76 3813
7666 9 465
7016 129 6498
7004 673 33677
7020 153 7691
7017 1292 64622
7046 0 20
7023 1372 68622
7023 858 42911
7004 1155 57796
7003 1075 53773
7016 175 8786
7003 890 44546
5038 40 2015
7008 1275 63785
7010 1117 55864
6785 96 4820
6625 9 467
7049 491 24586
6022 173 8666
6348 28 1441
7017 1012 50631
6520 11 591
6928 64 3240
5961 11 559
7049 366 18307
5187 74 3714
7049 1484 74235
7004 1155 57762
7018 935 46790
6562 108 5422
7012 225 11263
7010 1551 77586
6138 54 2714
7049 966 48340
7014 925 46274
6906 10 540
7023 1416 70847
7019 51 2556
7008 1468 73431
7021 368 18401
7049 724 36214
7023 777 38897
7020 997 49896
7001 483 24162
7008 586 29337
5925 161 8099
5911 48 2409
7026 830 41503
7004 360 18016
6955 21 1061
7023 1762 88126
7012 169 8500
7055 204 10202
7017 917 45872
6475 11 599
7049 1195 59777
7054 761 38080
7004 1114 55722
6853 66 3327
7026 650 32533
6182 93 4674
7012 651 32574
7014 1102 55129
6195 101 5093
5501 8 430
5466 2 137
7026 492 24616
7003 897 44876
7007 121 6098
7049 1340 67037
7049 719 35967
7004 469 23461
6921 2 104
7146 47 2353
7012 835 41790
7003 542 27104
7049 883 44157
6799 39 1988
7054 1566 78334
6593 6 301
7008 1013 50651
7021 485 24300
7017 1295 64787
6007 145 7293
5051 169 8451
7014 706 35323
5151 24 1201
7017 899 44963
7018 4 216
7019 477 23868
7001 731 36585
7023 1158 57929
7023 1048 52435
7008 642 32102
7023 1664 83208
6921 3 170
7012 1693 84652
6285 104 5226
7018 295 14792
7017 1376 68805
7021 814 40750
7001 62 3111
7008 595 29780
6205 72 3612
7017 703 35161
7049 482 24129
5547 23 1161
7007 38 1925
7020 51 2577
7012 1172 58638
7010 408 20418
7049 575 28795
7047 22 1117
7353 33 1694
5482 26 1309
6874 26 1332
7001 929 46482
6629 27 1399
7049 618 30902
7049 447 22385
7025 254 12745
7049 884 44245
7012 930 46505
7010 6 308
7020 947 47352
7018 37 1853
7020 666 33307
7020 904 45246
7003 1086 54320
7004 65 3300
7010 1317 65874
7001 556 27812
7014 541 27052
7017 731 36566
7014 1601 80088
7020 644 32220
7017 1513 75679
7016 143 7154
7012 1364 68221
5000 84 4213
6563 127 6364
7012 384 19237
7049 1758 87939
7054 625 31299
7010 1476 73825
6840 86 4308
7004 1708 85418
7049 611 30551
7004 1731 86578
7004 1155 57765
7008 1443 72170
5512 221 11088
7019 85 4292
7004 412 20614
7023 301 15095
7026 475 23797
5436 10 521
6084 5 281
6905 5 264
6581 20 1042
7020 51 2560
7049 159 7988
5600 153 7690
6583 142 7118
7021 53 2669
7054 1793 89654
6936 204 10237
6642 87 4353
7014 548 27443
7023 903 45186
7049 418 20901
6785 98 4907
7048 86 4338
7008 844 42245
7003 385 19255
7025 457 22875
5155 100 5029
7008 881 44088
7049 724 36220
7013 105 5263
7021 374 18718
6751 33 1663
7054 18 925
7054 801 40066
7003 1027 51394
7018 647 32355
7054 463 23199
7008 586 29343
7023 1020 51024
7016 40 2034
7025 457 22871
7006 177 8873
7008 741 37068
7026 83 4182
6919 44 2229
5344 51 2568
6216 17 855
7010 121 6065
6786 75 3761
7017 529 26480
7010 1166 58309
7018 593 29682
7025 350 17510
7018 736 36819
7018 710 35530
5977 74 3709
7010 1476 73812
6566 33 1685
4999 73 3669
7006 231 11592
7086 8 414
7017 40 2005
7017 203 10174
7055 394 19746
7055 539 26959
7013 49 2468
7020 1928 96407
7010 1166 58318
5925 143 7187
7017 136 6820
7086 17 881
7049 1757 87864
7004 1373 68681
7054 526 26317
7054 233 11674
6431 21 1075
7049 575 28799
6840 73 3669
6999 54 2713
7049 1013 50688
7020 1382 69101
7022 25 1261
6507 134 6709
7053 49 2458
7023 1032 51626
7054 97 4878
6888 62 3125
7054 257 12877
6993 22 1112
6223 25 1285
7008 399 19975
7023 1575 78755
7014 1661 83069
7010 1188 59401
6800 218 10931
7003 388 19430
7004 496 24817
7010 1654 82733
7003 1287 64358
7020 1625 81255
7017 488 24444
6840 87 4353
7004 1698 84906
7004 567 28398
7059 23 1174
7054 700 35028
7013 100 5044
7014 1116 55802
6562 47 2394
7010 417 20875
6220 52 2626
7049 864 43208
5337 204 10243
7008 1440 72042
7023 1575 78763
7054 1591 79588
5418 35 1784
7010 1701 85069
5501 0 39
7049 1352 67642
7010 405 20257
5384 45 2278
7023 756 37802
7010 1289 64487
7004 1152 57624
7010 1493 74683
7016 133 6654
7017 92 4638
5985 189 9476
7049 1399 69960
7353 34 1746
7047 76 3801
7020 412 20640
6907 49 2478
7020 111 5596
6999 10 512
6629 14 713
6098 122 6101
6606 81 4069
7054 477 23874
7010 1028 51435
7010 447 22386
6827 61 3100
7018 509 25455
7018 18 913
7003 992 49640
7017 760 38014
7004 434 21730
7049 620 31037
7007 119 5973
7017 179 8977
7054 257 12877
7023 1561 78077
7020 1041 52080
7017 1657 82899
7023 754 37716
7021 22 1147
7054 1334 66727
7019 460 23038
7458 47 2376
7012 222 11133
7054 458 22941
5211 63 3162
7010 630 31525
6102 104 5210
6076 71 3595
6783 16 809
7017 703 35159
7026 500 25045
7055 10 501
7008 681 34069
7010 498 24935
5933 172 8610
7003 134 6718
7372 80 4047
7020 344 17231
5106 122 6129
7014 1724 86238
7012 992 49605
7020 566 28336
7021 310 15511
7023 572 28626
6338 77 3857
6453 50 2535
6885 68 3414
7021 227 11389
6689 128 6407
7017 1401 70099
7018 555 27761
7018 319 15989
7023 291 14567
7017 43 2190
6768 138 6924
7017 455 22766
7008 117 5853
7010 519 25957
6683 116 5839
7054 1243 62165
6562 41 2055
7018 844 42237
6625 5 288
6915 147 7363
7049 611 30565
6021 191 9591
7008 397 19866
7025 95 4782
7049 788 39411
7020 904 45208
7014 841 42074
6149 165 8254
7012 1291 64563
7014 1083 54159
7017 1492 74607
7501 57 2854
7049 1202 60129
6748 174 8725
7013 147 7392
7023 237 11866
7054 1226 61344
7023 1797 89884
7049 344 17245
7053 6 342
7019 434 21715
7010 1520 76048
7003 317 15859
7020 212 10621
7054 556 27823
5136 52 2610
5536 49 2500
6936 210 10526
7010 460 23001
7003 238 11926
7023 1708 85448
7022 166 8328
7017 936 46820
6942 80 4017
7004 1429 71497
7010 69 3495
7025 390 19504
7049 1943 97165
7001 787 39357
6378 43 2163
7021 123 6180
7018 254 12743
7010 1508 75425
7010 1733 86697
5501 22 1122
7049 611 30560
7022 166 8326
5201 97 4875
6478 127 6396
7054 1426 71316
7142 47 2361
7023 38 1917
5169 55 2761
7004 140 7048
6319 116 5815
7020 1543 77184
5233 96 4835
5526 15 797
6427 18 933
7004 1353 67677
7018 784 39206
6919 1 96
7010 1094 54735
7026 488 24433
7020 1153 57697
7049 1844 92229
7023 1463 73181
7018 424 21226
7017 1616 80835
5235 27 1368
7017 84 4235
7020 669 33459
6367 75 3785
6906 2 120
7017 770 38534
5933 128 6449
7054 1360 68050
6007 23 1171
6483 15 775
7001 451 22586
7018 888 44448
7010 410 20546
7001 455 22762
5397 1 100
6327 42 2117
7025 119 5974
7008 688 34408
7022 56 2840
7018 748 37412
7049 417 20855
7003 620 31006
7046 84 4246
7012 291 14600
7025 549 27456
7021 186 9308
7006 157 7855
6888 58 2912
7010 225 11284
7013 129 6459
7011 207 10384
5452 2 147
7018 37 1895
7023 681 34082
7017 172 8621
7020 1120 56037
7008 397 19895
6631 96 4825
7020 860 43020
7010 1476 73812
7003 1250 62530
7014 1099 54954
7017 130 6509
7014 74 3722
6776 38 1938
7026 227 11367
7017 1491 74599
7012 140 7047
7025 350 17515
7001 651 32584
5093 10 530
5949 23 1160
7020 790 39540
7019 208 10420
7049 598 29949
5019 67 3368
7006 98 4909
5393 28 1434
7003 716 35810
7014 1319 65961
7008 1013 50683
7010 1289 64489
7011 150 7526
7001 858 42927
6906 11 572
7025 457 22892
7023 264 13230
7054 1097 54894
6235 5 272
7010 443 22156
7023 699 35000
7020 1850 92517
7003 769 38468
7017 1447 72391
7001 1017 50880
7008 309 15466
7049 610 30502
6915 209 10484
6406 132 6612
7018 297 14856
7012 372 18629
7001 624 31204
7048 5 267
7018 903 45191
7006 310 15530
7014 1178 58935
7018 598 29908
7004 1547 77358
7003 185 9289
7017 1210 60535
6787 193 9670
7001 381 19078
7046 98 4907
7020 777 38853
6663 90 4534
7018 37 1899
7054 673 33692
6620 84 4218
7023 1797 89868
7001 972 48637
7054 1580 79008
7004 673 33651
7012 1413 70683
6894 11 590
7021 335 16788
6140 88 4425
7049 2004 100231
6520 16 815
7023 1678 83903
7017 1735 86799
7001 1140 57001
7019 36 1831
7019 526 26314
5966 55 2773
7022 166 8345
5326 37 1884
5068 87 4397
7016 224 11222
7049 1036 51847
7017 650 32512
5457 23 1154
6185 8 412
7014 477 23873
7017 16 827
5386 104 5248
7022 110 5513
5005 60 3031
7048 96 4832
7017 426 21338
6969 165 8261
7022 280 14030
6139 30 1505
7010 620 31023
7001 1185 59293
6921 8 436
7006 387 19358
7012 839 41955
7017 650 32513
6377 8 430
6835 16 818
5340 6 337
7021 776 38837
5418 40 2039
7048 102 5116
5386 128 6448
6303 145 7252
7020 1717 85897
7012 765 38287
7006 52 2610
7086 28 1413
7008 1012 50623
5430 20 1008
5038 36 1834
7054 185 9290
7008 1255 62752
7017 170 8513
7023 818 40943
7003 210 10544
7026 536 26843
7021 290 14506
7021 81 4077
6689 43 2189
7017 903 45173
7023 444 22242
6917 240 12029
7012 1718 85923
7048 204 10240
5333 15 764
7008 1375 68771
6596 59 2996
5982 52 2641
7491 12 631
7046 0 24
7008 741 37075
6563 127 6364
6751 34 1706
5201 100 5030
7049 1798 89939
7008 292 14606
7012 227 11394
7012 1183 59167
7054 1150 57547
7017 553 27688
7006 310 15540
7010 1352 67631
7012 566 28334
7013 123 6155
7010 488 24448
7025 605 30255
7020 1341 67075
4977 55 2781
5344 22 1103
7003 244 12236
7018 49 2472
7018 31 1557
7003 1418 70949
7010 69 3495
6529 10 538
6478 45 2289
5462 8 413
7146 48 2411
7025 172 8645
7018 888 44428
7010 236 11820
5515 116 5846
7011 207 10380
7004 681 34091
7020 809 40481
7016 102 5126
7023 681 34097
7010 589 29497
6936 204 10237
6761 36 1845
5606 47 2400
7017 165 8260
7006 125 6291
7008 1250 62523
7016 263 13165
6979 133 6677
6912 66 3306
7020 720 36029
6659 63 3180
6803 38 1940
6946 68 3424
7055 411 20579
7010 121 6078
7003 1509 75465
7049 1752 87635
7003 1287 64364
7018 86 4334
7021 538 26941
7010 341 17095
7049 719 35959
6304 125 6270
7141 47 2379
7018 254 12741
6853 68 3433
7001 1054 52741
7008 287 14371
7026 647 32382
7003 1556 77820
7017 782 39127
6885 49 2479
7014 138 6922
7049 809 40471
7014 1280 64048
7054 4 221
7018 426 21315
7006 184 9239
7025 242 12117
6973 121 6087
7004 510 25547
6429 62 3123
7008 206 10343
7003 1294 64728
7049 773 38696
5227 23 1189
7049 759 37995
6562 41 2055
7008 741 37058
7055 76 3814
6769 105 5293
7020 1850 92518
7055 706 35317
7020 557 27858
7012 366 18333
7017 1389 69456
7011 290 14529
5451 2 137
7017 16 843
7001 994 49723
6078 78 3922
7049 1195 59777
7008 1462 73134
6380 80 4045
7012 1630 81532
7012 201 10081
6596 53 2683
7054 1036 51832
7049 1484 74235
7018 956 47814
7055 394 19702
7008 681 34094
7017 130 6548
7012 624 31249
7004 167 8367
7001 287 14368
7026 755 37792
7142 47 2363
7004 521 26089
7049 1836 91840
7003 298 14936
7054 571 28583
6893 112 5628
7625 4 246
6811 47 2394
5521 7 395
7004 346 17344
7054 1046 52313
7054 395 19756
7008 611 30584
5386 8 427
7008 247 12398
7054 1847 92397
5393 24 1207
5783 16 829
7017 425 21262
7049 2020 101003
5779 6 307
6360 92 4643
7017 1755 87754
7055 514 25707
7019 285 14279
7004 157 7852
7023 1310 65540
7013 7 388
7008 1013 50690
7021 580 29045
7012 263 13199
7020 1331 66568
6344 26 1313
7012 994 49705
7047 84 4248
7026 830 41538
6871 128 6443
7049 1130 56534
7003 442 22126
7048 146 7346
7023 1544 77248
7017 1375 68774
7022 61 3068
7026 252 12632
6748 168 8448
7012 765 38292
7021 237 11896
6284 21 1063
7001 416 20808
7049 1518 75924
6919 45 2278
5154 117 5887
7023 1570 78546
7003 1629 81458
6503 7 371
7560 79 3995
6475 19 974
6647 142 7112
7048 189 9465
7008 313 15657
7008 313 15697
7021 598 29945
7023 1844 92245
7023 167 8397
6420 2 148
7055 678 33934
7026 397 19878
7048 89 4488
6380 101 5070
7020 1712 85635
7008 1415 70797
7049 884 44223
6633 8 419
7054 576 28844
7001 56 2809
6404 196 9819
7020 160 8003
7055 600 30013
7012 1291 64587
6686 38 1928
7018 81 4062
7014 1325 66269
7018 69 3488
5086 8 430
7014 988 49419
7020 746 37321
7023 1919 95995
6881 101 5077
7004 218 10938
7020 1495 74754
7054 1221 61074
6906 8 441
5449 94 4723
6494 81 4079
7054 694 34738
6370 4 203
6991 2 138
7020 835 41753
6871 147 7366
6907 59 2989
6873 3 161
7008 1342 67111
6230 36 1823
6195 38 1922
6195 38 1902
7018 72 3615
7019 85 4300
7006 153 7677
5099 44 2219
6689 80 4008
7008 35 1795
7049 919 45993
7012 1642 82139
7018 710 35530
6261 27 1379
6594 24 1211
7026 124 6212
7004 98 4924
6812 15 759
5382 20 1047
7017 1012 50618
7018 143 7158
6853 92 4614
7048 184 9201
5361 21 1096
7018 114 5709
7049 183 9176
6959 204 10214
7001 865 43260
7055 597 29858
7012 900 45049
6598 58 2912
5005 64 3220
7023 573 28700
7560 79 3995
7018 868 43409
5501 8 430
6121 24 1208
7004 1364 68230
7010 455 22754
7013 64 3218
7054 1226 61312
5106 122 6129
7054 1651 82565
6640 170 8518
6687 136 6819
7026 232 11650
7004 140 7009
7049 2004 100222
7020 731 36566
6162 122 6119
7012 1363 68200
7014 74 3707
7014 1057 52869
7008 313 15674
7025 303 15151
6374 14 734
7010 614 30728
6092 191 9559
7006 597 29860
6348 32 1628
7008 1211 60589
7004 266 13316
7054 1478 73918
7054 653 32671
4999 131 6554
6748 176 8801
7055 720 36034
6991 137 6882
7008 1462 73134
6007 145 7293
6145 51 2556
6205 105 5275
7020 1896 94842
7010 393 19673
7021 36 1829
7020 365 18256
7001 993 49683
7049 1798 89909
7021 367 18398
7008 1193 59677
6888 218 10907
7008 1255 62791
7010 233 11659
7012 1165 58265
5182 13 655
6423 205 10287
7049 246 12341
7003 716 35810
5382 24 1235
6974 64 3250
7020 671 33574
7054 207 10356
6319 53 2666
7010 1076 53838
6303 142 7105
7078 17 890
6980 112 5622
7008 382 19101
7004 176 8808
7006 512 25631
7012 765 38270
5038 40 2015
7001 147 7365
7017 1735 86761
6955 153 7686
7010 1538 76918
7017 1042 52131
7004 310 15523
7004 590 29510
7054 96 4834
7020 344 17218
6343 144 7244
7136 50 2536
7020 158 7907
5998 8 445
6606 84 4215
7023 273 13674
7003 1418 70946
7049 159 7974
7003 1607 80380
7008 206 10316
7049 1352 67616
7020 1778 88936
7004 65 3290
7006 52 2613
7004 1059 52985
7004 1255 62757
6980 232 11649
7023 1797 89852
7021 282 14150
7014 808 40421
6824 98 4918
7026 694 34737
7008 1211 60556
7394 8 446
7023 1571 78571
7012 1642 82126
6528 65 3252
5386 128 6448
6336 54 2701
7026 442 22150
7008 985 49262
7049 1272 63645
7055 783 39157
7021 499 24981
7020 865 43267
7022 55 2765
7012 1445 72290
7004 346 17313
7010 1094 54735
7054 1060 53011
7001 690 34519
7004 1080 54017
5393 21 1057
5013 178 8910
7049 53 2666
7014 786 39320
7003 1254 62714
7023 96 4842
7014 548 27443
6991 140 7048
7023 217 10883
7012 415 20784
7014 168 8443
7010 620 31003
7023 264 13224
6871 129 6498
7049 1666 83349
7017 16 801
7054 264 13203
6827 61 3055
7054 1046 52340
7008 161 8092
7010 1028 51431
7018 165 8268
7012 143 7152
7017 321 16053
7049 2004 100222
7053 49 2462
6078 66 3348
7054 1498 74919
7014 394 19711
6426 56 2822
7014 751 37557
7006 126 6302
7001 62 3111
6768 121 6054
7008 753 37659
7021 509 25496
7003 1287 64359
7008 1193 59681
7012 635 31783
5382 77 3895
7004 1728 86420
6342 88 4435
7007 58 2908
7019 387 19354
7020 186 9347
5201 7 400
7025 548 27440
7010 34 1720
7017 1419 70951
5233 103 5153
7054 94 4725
5167 2 113
6589 137 6893
6978 173 8660
7054 648 32441
7049 847 42387
7003 818 40923
7008 206 10319
7049 1153 57693
7017 1424 71203
7014 499 24958
7054 801 40089
7012 980 49009
7021 328 16410
7014 1167 58394
6305 23 1181
6404 196 9819
5474 101 5057
7003 65 3272
7023 576 28803
6884 18 929
7020 864 43242
7048 185 9284
6934 215 10771
7006 429 21476
7025 524 26211
7018 701 35056
7023 98 4939
6593 3 195
7014 1364 68225
7001 589 29494
7003 194 9710
7014 1724 86245
7018 394 19701
7012 1249 62472
6780 107 5361
7020 412 20640
7021 186 9349
7014 1601 80068
7019 57 2869
7054 1147 57357
7010 901 45051
6303 57 2892
7021 368 18432
7017 15 784
7054 713 35655
6689 17 858
6303 190 9522
7023 1451 72551
7003 1254 62717
6893 40 2001
5526 24 1214
6787 234 11734
7020 1928 96407
7049 730 36545
7018 49 2474
6583 142 7144
7021 268 13412
7006 378 18941
7442 215 10791
7055 489 24490
6683 115 5758
7770 0 18
6780 107 5363
7008 188 9417
7019 57 2871
7014 459 22985
7326 47 2396
6402 54 2730
6905 25 1278
7014 138 6922
7055 55 2790
7020 1382 69115
7014 499 24976
7054 556 27827
5979 139 6980
7010 1733 86690
7021 570 28513
7019 434 21715
7014 548 27433
5419 118 5932
7054 1110 55541
7023 1601 80054
7013 112 5623
6683 155 7757
7016 218 10947
6620 83 4161
5515 110 5503
7049 922 46138
7049 1105 55283
7055 600 30028
7018 701 35068
7016 143 7186
7006 476 23840
7003 65 3266
5436 16 827
7013 16 850
7021 310 15511
7049 273 13654
7054 1580 79046
7049 933 46700
7565 4 234
6192 167 8396
7014 803 40190
7017 480 24035
6596 32 1638
7001 541 27070
7016 224 11234
7026 38 1931
7003 804 40222
7021 102 5148
7054 1220 61043
7020 1911 95582
6683 158 7905
7008 1058 52928
7023 892 44606
7017 292 14634
7003 820 41021
6378 43 2163
7007 121 6098
7003 1329 66471
7014 524 26201
7010 341 17097
7014 1061 53066
7718 24 1239
5013 178 8910
5179 36 1814
7507 151 7553
7048 184 9209
7018 81 4077
7020 342 17117
7049 662 33103
7012 192 9637
7054 653 32671
7013 72 3625
7026 74 3722
6885 49 2479
7020 93 4661
7054 256 12825
7017 1557 77855
7011 35 1794
7020 1849 92470
5337 209 10454
7055 491 24595
6773 60 3013
6656 11 599
7047 113 5679
7003 1010 50520
6589 137 6893
7010 1117 55873
7018 784 39206
6777 191 9587
7021 193 9675
6083 8 449
7020 153 7651
6792 20 1047
7023 1457 72884
7008 942 47148
7020 1041 52080
6338 76 3849
7054 136 6816
6939 59 2990
6684 19 958
7054 408 20411
5019 75 3798
6923 59 2988
7008 282 14109
7054 628 31414
6688 15 762
7014 75 3783
6683 154 7707
5419 79 3960
7014 638 31939
7008 1102 55141
7010 1502 75129
5021 75 3772
7049 1272 63645
7026 175 8792
7010 1432 71648
7001 669 33498
7023 422 21142
7017 1664 83245
7003 1613 80662
7013 226 11348
7054 1998 99923
7048 53 2696
4982 137 6861
7008 1401 70099
7010 614 30701
5059 56 2846
7411 118 5903
7023 1797 89884
7012 225 11296
7020 80 4005
7012 369 18476
7502 81 4077
7006 49 2495
6788 9 486
7054 1341 67064
6811 141 7092
7012 1445 72264
7021 310 15511
7054 97 4861
6783 16 822
7018 254 12735
7022 155 7770
7023 473 23672
7020 593 29686
7020 1149 57480
7055 720 36036
6360 93 4695
7012 98 4903
7051 4 219
7010 233 11662
6752 77 3876
7003 1278 63918
7010 1638 81949
7017 1052 52610
7022 262 13143
7023 571 28575
7023 1184 59226
7003 298 14940
6698 95 4779
6871 132 6610
7018 165 8288
6653 112 5622
7014 1499 74994
7007 39 1979
6917 58 2912
7017 1735 86796
7023 1695 84772
7003 205 10270
5411 109 5499
7004 1059 52989
7013 212 10615
7049 919 45989
7054 762 38104
7017 357 17884
6980 119 5991
7003 238 11926
7001 93 4652
7019 59 2995
6312 101 5092
6785 149 7463
6840 73 3669
7025 481 24088
7026 412 20650
7014 954 47722
7023 586 29308
7018 49 2497
7004 8 435
6792 21 1052
7004 1373 68678
7026 213 10660
7017 903 45190
7023 596 29833
7054 914 45713
7001 681 34057
7049 809 40499
7021 141 7054
7014 226 11341
6490 115 5771
7008 34 1705
7007 13 651
5979 66 3341
6905 90 4518
7003 725 36259
6503 4 233
6503 8 441
7055 720 36034
7004 1708 85442
7012 143 7197
6773 60 3013
5354 15 765
7011 126 6314
7010 1385 69267
7006 108 5436
7025 242 12120
5155 100 5023
7018 254 12743
7021 588 29437
6980 119 5985
7006 31 1556
6083 1 57
7020 160 8025
6084 5 291
7008 1462 73101
7054 1512 75643
7054 1512 75641
7004 346 17305
7026 650 32517
6589 145 7271
7014 1116 55837
7008 35 1785
7006 293 14656
7018 560 28007
7007 58 2934
7014 1099 54951
7054 411 20565
6788 30 1545
7001 479 23986
7020 197 9882
6640 171 8581
7021 374 18712
7004 491 24568
6195 33 1674
7007 58 2934
7026 783 39155
7019 276 13801
7054 1628 81438
7006 0 44
7014 475 23766
7012 449 22482
6125 70 3521
5998 8 445
5774 72 3605
6766 120 6001
6594 21 1075
7023 1222 61103
7020 687 34374
7394 1 83
7017 287 14395
7054 141 7096
6091 148 7429
6993 19 986
7023 1597 79884
7012 224 11218
7046 98 4916
6783 37 1871
6698 44 2238
7021 69 3496
7017 349 17477
6375 115 5751
7023 887 44387
7014 1249 62467
5386 175 8752
7020 1876 93805
7017 1612 80613
6788 33 1669
7003 1500 75048
7562 73 3673
7017 1432 71637
7023 1919 95954
7010 648 32441
7016 35 1793
6563 126 6316
7016 18 950
7020 1823 91197
7010 1467 73358
7739 7 354
7012 45 2287
7021 14 704
7014 1431 71565
7001 789 39460
7001 1008 50427
6211 134 6728
7023 785 39271
4998 174 8719
7565 121 6070
6121 45 2251
7054 408 20437
5187 65 3272
7004 102 5103
5929 64 3246
7012 855 42790
7055 338 16930
5364 133 6678
7010 1688 84401
7004 8 435
7017 1492 74604
7049 1651 82589
6853 140 7049
7020 1850 92505
7054 761 38079
7023 909 45494
6406 121 6053
7004 1103 55169
7014 841 42053
7573 38 1908
7003 1671 83600
7006 52 2622
7010 6 308
6783 16 822
7012 769 38493
7025 408 20437
7054 373 18672
7010 515 25777
6769 135 6789
7049 1996 99818
7049 1970 98518
7021 418 20942
7019 276 13842
7010 3 168
7010 888 44450
7535 18 935
5436 16 821
7004 1429 71497
7012 856 42821
7003 532 26638
7022 283 14188
7010 943 47164
7004 340 17022
7003 172 8626
7025 481 24088
7025 303 15193
5581 27 1352
7048 9 478
7003 1226 61332
6861 244 12221
7008 559 27960
6564 165 8254
7003 804 40210
7014 1611 80576
6146 0 40
7054 1607 80378
7004 98 4924
6955 19 979
7001 731 36557
7003 48 2437
7010 943 47164
7011 317 15899
6751 33 1663
7049 1626 81325
6173 84 4222
6611 131 6562
7049 932 46634
7019 562 28105
7054 1737 86880
5586 155 7755
5205 6 323
7001 1008 50420
6787 8 426
7580 43 2175
7018 669 33470
6974 112 5626
6327 1 58
7020 1593 79663
7047 76 3813
7008 1072 53614
7003 131 6587
7001 277 13885
7055 273 13682
5099 81 4094
6787 228 11422
7010 1683 84151
6533 125 6287
5337 150 7539
6686 30 1514
7010 286 14313
7025 554 27707
7014 841 42097
7023 818 40917
6023 11 592
7012 837 41865
6905 5 264
7003 59 2973
7004 1611 80568
7017 746 37326
7025 131 6584
6404 7 400
6336 33 1686
6965 0 9
5564 51 2569
7019 276 13837
7004 266 13347
7049 25 1256
7055 197 9879
7023 409 20491
7007 86 4340
6405 18 946
6689 80 4008
7013 63 3178
7016 150 7545
7003 365 18292
7004 656 32832
7023 444 22230
7049 1073 53659
5363 16 843
7013 10 544
7020 1245 62274
7017 1045 52293
7017 1491 74581
7020 655 32759
7008 605 30269
5212 9 475
7023 1626 81328
5133 7 357
7049 366 18313
6503 0 24
7054 1380 69036
7010 943 47151
7054 1016 50833
5779 6 340
5328 51 2588
7017 1491 74563
7019 168 8435
7012 1476 73821
7012 877 43874
7012 874 43720
5933 172 8641
5521 1 87
7020 1209 60476
6305 28 1441
7049 246 12321
6957 27 1367
7011 236 11832
5536 49 2500
7053 45 2299
7017 1045 52285
6382 10 506
7014 322 16119
5104 13 661
7049 915 45776
7020 235 11778
7003 1278 63902
7004 1611 80598
7020 865 43271
6305 42 2107
7017 1516 75822
7046 0 34
6947 34 1712
6871 147 7390
7017 1376 68835
7021 7 383
7020 598 29932
7001 713 35696
7003 1509 75494
7054 463 23157
7023 858 42941
7018 303 15185
7003 1392 69623
7003 1629 81458
7014 138 6928
7020 212 10617
6951 38 1912
6663 74 3749
7026 869 43452
7013 100 5001
6004 192 9649
7669 96 4831
7017 339 16966
7012 643 32156
5104 12 621
7012 651 32598
7003 20 1013
7023 605 30270
7006 190 9502
7021 26 1322
6649 98 4917
7020 1778 88933
7012 737 36854
7012 1684 84246
7054 96 4803
7055 590 29519
5226 52 2617
7019 276 13801
7021 560 28048
6917 234 11723
6853 140 7028
7001 491 24552
7001 705 35273
7055 706 35336
7055 360 18028
5364 104 5248
5106 78 3942
7004 92 4648
7487 26 1334
6955 149 7493
7010 1463 73161
7014 74 3746
6312 43 2176
7014 484 24248
7394 8 446
6830 218 10950
7049 418 20948
5515 211 10571
7017 640 32024
6773 59 2958
7020 8 403
7003 1452 72642
6805 99 4967
7017 1454 72708
7049 409 20459
7004 46 2310
7008 1440 72042
7017 203 10180
6007 139 6972
6879 25 1281
7526 31 1558
5782 83 4196
7004 1037 51855
7012 755 37757
5611 50 2549
7025 508 25402
6342 33 1657
6591 104 5211
6591 149 7462
7055 248 12409
7010 443 22153
6145 45 2265
7021 123 6197
7055 665 33279
7026 677 33887
7010 1027 51399
7004 1037 51883
6140 37 1854
7004 398 19904
6404 153 7698
5437 91 4573
7014 962 48107
6787 55 2797
6615 178 8937
7001 497 24887
6205 2 125
7023 887 44358
7010 1520 76027
7049 974 48701
6907 63 3200
5508 96 4835
7014 1724 86238
7008 35 1766
7054 1773 88661
7021 421 21051
7018 844 42221
6608 61 3071
7055 491 24559
6380 57 2878
5949 19 999
7020 582 29107
7497 77 3863
7008 445 22300
7049 187 9378
7049 168 8420
7054 1617 80874
7001 1140 57013
7025 21 1076
7001 1074 53748
6879 32 1627
7014 135 6755
6311 52 2615
6598 58 2912
7023 572 28606
5419 74 3738
6919 39 1959
5089 37 1866
7006 0 47
7018 118 5929
7006 108 5427
7054 1021 51093
7010 417 20877
7018 710 35532
7001 135 6774
7007 39 1969
7004 1059 52951
7008 309 15458
7017 1492 74610
7019 285 14260
6885 30 1541
7014 818 40911
7055 89 4453
7001 394 19707
7049 1791 89592
6220 10 549
7018 619 30972
7023 1797 89868
6540 35 1754
7011 167 8382
7003 557 27890
7004 1155 57796
7014 988 49416
7016 395 19759
7007 64 3226
7055 445 22269
7008 1080 54004
7001 483 24153
7019 285 14295
7023 98 4914
7014 1276 63802
6642 88 4403
7014 240 12011
7021 53 2687
6761 31 1557
7003 1272 63632
6800 218 10931
7008 313 15700
6783 2 106
7001 387 19393
7054 292 14624
6669 108 5409
7014 1344 67208
7025 580 29028
7020 818 40905
7021 116 5804
7022 110 5540
7026 806 40349
7012 771 38588
7008 688 34401
6671 57 2886
6980 185 9255
7008 559 27976
7049 433 21673
7023 588 29424
7001 33 1665
5929 65 3272
6942 0 18
7026 806 40349
7018 866 43329
6664 158 7925
7018 97 4889
6669 117 5865
7003 1009 50490
7014 1335 66784
6475 12 631
7055 223 11192
7003 1657 82864
7054 1925 96263
7054 899 44988
7004 360 18016
7003 922 46147
5095 20 1021
7046 0 33
5029 161 8064
7023 291 14567
6793 5 275
7001 556 27826
7010 1240 62050
7001 54 2714
7017 1436 71826
7017 1432 71636
6176 25 1289
6776 77 3895
7007 78 3933
7049 1208 60430
7008 265 13257
7054 1121 56060
6375 110 5526
7017 274 13714
7021 26 1319
7049 922 46142
7008 1013 50651
7008 533 26693
7020 1285 64279
7054 761 38076
7010 634 31717
7012 1629 81451
6343 144 7227
7023 38 1948
7004 167 8364
7014 1368 68424
7049 572 28601
7017 1037 51897
7017 41 2061
6563 127 6352
5386 108 5428
7001 1083 54188
7017 528 26422
7013 2 146
6609 80 4010
7049 509 25489
7019 208 10414
7004 1287 64381
7054 762 38142
7003 1231 61581
7006 108 5416
6162 220 11044
6917 1 94
7003 1629 81474
7049 1422 71111
7020 301 15053
6446 86 4329
5182 13 655
7010 1217 60869
6888 62 3147
6942 8 447
6656 11 589
7008 445 22268
7012 1561 78055
5966 61 3087
7014 127 6400
6786 70 3503
7054 1478 73918
7013 88 4436
7049 1821 91098
5495 19 981
6824 95 4760
7054 1566 78309
6919 46 2332
7001 681 34094
7014 751 37578
7006 108 5416
7016 40 2028
7021 57 2877
7016 208 10410
7020 1848 92431
7022 12 631
7574 15 784
6778 34 1749
7026 715 35783
7008 176 8830
7054 1744 87242
7049 563 28198
7049 1232 61601
6528 65 3283
7020 153 7670
7010 3 168
7049 875 43800
7012 150 7513
6322 4 206
7008 497 24864
7006 479 23962
7049 1518 75941
7017 732 36613
7018 515 25779
7001 684 34238
7049 168 8420
7001 690 34519
7018 592 29650
7012 874 43742
7054 1901 95088
7047 76 3846
7020 904 45222
7055 48 2401
7012 143 7197
7012 158 7931
6098 161 8054
7010 460 23046
6405 14 737
7026 715 35773
7021 600 30035
6507 136 6811
6863 21 1072
7049 1540 77046
7004 856 42803
7004 1098 54935
7020 1937 96894
6359 17 856
7014 947 47351
6336 46 2329
7017 1295 64787
7004 521 26074
6999 41 2097
7023 1055 52793
7012 874 43717
7012 1249 62495
6871 97 4889
6942 88 4429
7008 1148 57425
6216 14 743
7010 1220 61035
7051 14 711
7003 1009 50470
7014 499 24976
5925 142 7136
7010 20 1020
6319 117 5854
7004 402 20103
7054 1651 82571
7008 1273 63682
7023 1678 83903
6886 19 983
7014 240 12039
6410 91 4566
6905 87 4362
7026 844 42228
7023 1626 81316
7055 204 10202
7055 196 9816
7012 1523 76151
7008 322 16143
5782 134 6745
7026 317 15898
5979 139 6980
7019 481 24099
6589 124 6212
7003 898 44924
7023 756 37821
7017 703 35171
7054 967 48368
7426 12 631
7012 840 42032
7019 36 1814
5454 4 225
6776 77 3854
7001 762 38121
6111 1 72
6367 54 2714
7004 340 17045
7018 99 4962
7018 337 16890
7025 172 8606
7022 85 4255
7107 12 635
7012 1576 78834
7018 603 30189
6600 132 6613
7018 255 12752
7013 64 3229
7019 254 12701
7055 347 17389
7012 860 43032
6905 18 949
5179 141 7077
7001 479 23986
6091 156 7821
4992 79 3990
6915 126 6345
7023 503 25182
7020 1717 85862
7054 1591 79565
7017 1401 70099
7012 291 14589
7023 1446 72341
7047 72 3642
6462 18 922
6138 60 3020
6162 198 9921
7023 1787 89393
7054 411 20578
7054 526 26336
7054 1498 74902
5499 213 10652
7023 909 45492
7003 1609 80480
7018 956 47832
7021 418 20906
7020 809 40497
7003 744 37205
6147 34 1740
7013 88 4442
7023 360 18016
7010 1117 55855
7021 500 25044
7023 1446 72343
7017 1401 70065
7293 31 1574
