7019 76 3812
6792 12 603
6563 126 6316
7054 700 35028
7003 1254 62744
7006 502 25138
6596 29 1451
7055 55 2768
7006 108 5436
7049 864 43208
7049 676 33814
7054 1591 79588
6235 4 220
7014 1116 55837
7020 8 432
6213 22 1108
7003 721 36077
7006 424 21205
7004 678 33923
7003 324 16234
7023 1184 59226
6942 87 4357
5535 17 863
7013 72 3625
7017 760 38004
7004 1342 67116
7014 1159 57999
7049 676 33824
7049 319 15967
5419 73 3670
7017 717 35863
7054 1607 80376
7019 460 23038
7014 808 40447
7012 561 28080
7574 87 4386
7054 1847 92397
7054 458 22922
6947 34 1712
7010 730 36535
7025 303 15193
6173 84 4222
6974 66 3339
7054 525 26258
7017 1558 77925
7014 1178 58935
7017 425 21280
7017 1436 71826
7016 129 6476
6768 83 4174
7054 576 28803
7018 426 21315
7016 40 2028
7008 1299 64970
6696 42 2117
7020 790 39545
7014 1116 55810
7001 1140 57009
7049 53 2681
7008 1255 62752
7049 159 7988
7023 1195 59786
5326 37 1884
7054 1651 82571
7003 1254 62717
7426 12 631
7017 1492 74610
6934 26 1312
7008 313 15697
5386 128 6448
6161 20 1042
7020 1595 79795
7020 582 29136
7014 499 24976
7054 1139 56978
6683 114 5711
7054 58 2915
6387 88 4432
7049 344 17245
7046 51 2563
7017 996 49814
7023 785 39298
6380 101 5070
7012 1684 84229
7023 875 43759
6369 142 7111
7019 276 13837
7004 681 34076
7014 786 39320
7054 571 28583
7008 716 35818
5457 22 1150
7011 207 10384
7010 417 20880
7666 9 465
7021 186 9342
5388 16 841
6091 171 8565
7010 634 31740
7049 366 18339
7055 357 17868
6748 169 8485
7003 898 44924
7020 1787 89391
7004 346 17344
7049 620 31037
7021 382 19105
5363 10 503
7017 899 44963
7019 380 19018
7049 1422 71111
6797 17 860
7391 95 4764
7054 360 18026
7026 233 11693
7014 240 12039
6752 77 3876
7054 650 32524
7054 185 9296
6965 8 404
6369 121 6071
5353 13 662
7049 1798 89909
7013 100 5044
5975 88 4433
7018 504 25246
7004 456 22820
7003 1585 79288
7055 10 522
7018 26 1326
7004 102 5103
7010 233 11659
7054 395 19756
5099 81 4094
7014 1536 76819
7054 360 18007
7021 227 11365
7003 385 19287
7023 619 30984
7018 560 28007
7014 988 49416
7012 433 21658
6967 55 2777
5512 221 11052
6235 5 261
7010 1172 58614
7008 34 1705
7019 36 1818
7017 1052 52610
7132 5 262
6647 147 7356
7010 974 48724
5925 140 7049
6591 95 4753
7055 89 4453
7055 728 36418
7010 111 5568
7054 1873 93681
7011 261 13053
6007 23 1171
6667 18 925
7026 877 43855
7003 443 22178
7017 40 2019
7293 31 1574
7049 932 46634
7014 818 40911
7019 276 13801
7018 319 15994
7004 23 1199
7054 1498 74919
7008 1102 55146
7054 485 24299
6785 162 8102
7012 1576 78834
7130 19 991
7018 18 913
6303 57 2892
7012 1014 50709
6453 50 2535
7010 1438 71933
7023 810 40521
7001 497 24887
7055 48 2422
7003 185 9265
7107 12 635
7006 476 23836
7004 1373 68698
5452 53 2672
6058 200 10038
5782 134 6745
7020 1848 92401
7012 56 2831
7012 1249 62472
7017 298 14916
7020 160 8050
7020 757 37857
7054 1617 80874
7049 1315 65793
7054 556 27806
6980 27 1354
7021 310 15511
7014 1057 52869
7023 965 48289
7049 431 21564
7006 108 5416
7017 1012 50628
5920 9 454
7010 1677 83862
7012 761 38070
7013 72 3625
7014 1724 86245
7001 705 35273
7014 1576 78821
7022 155 7770
6299 3 184
7018 69 3472
7353 34 1746
7003 254 12715
5233 96 4835
7008 445 22300
7008 825 41256
7006 387 19378
7010 1405 70291
7023 66 3309
6942 80 4017
7001 725 36274
7054 1060 53011
7012 1707 85354
7014 1096 54840
5515 81 4074
7008 117 5881
7008 399 19990
6761 32 1623
7012 1651 82557
6991 140 7048
7014 137 6899
7018 515 25793
7023 1797 89884
7010 1538 76926
7049 159 7988
5363 16 843
7022 61 3056
7001 556 27843
7018 669 33470
7055 204 10202
7017 287 14395
7003 1620 81035
7017 480 24035
7049 1626 81312
7001 919 45962
7020 1850 92517
7012 1309 65479
6343 149 7464
6630 43 2153
7520 28 1442
7020 669 33463
7018 888 44428
7008 595 29771
7020 1593 79667
7026 213 10660
7023 1544 77203
7013 51 2584
7019 51 2556
7020 818 40905
7017 1492 74604
6917 237 11897
7010 460 23046
7008 716 35801
6359 66 3315
7020 1876 93805
7026 650 32530
7051 12 641
6812 10 522
7003 442 22128
7004 346 17313
7004 346 17313
7020 1521 76066
7054 97 4875
6147 21 1080
7017 1401 70090
6905 87 4362
5013 178 8910
7016 143 7154
6840 73 3669
7010 1117 55873
7022 283 14182
7023 1372 68622
7049 1758 87939
7020 1028 51445
7054 1226 61321
7017 528 26412
7018 37 1895
7008 1440 72042
7018 337 16890
7012 1570 78517
7025 520 26036
7047 94 4726
7003 1120 56032
7054 136 6816
7020 1717 85871
7021 576 28835
7054 1478 73918
7004 1059 52989
7018 627 31365
7049 966 48340
7055 491 24595
7008 1375 68771
7014 1099 54951
6563 127 6364
7020 835 41753
7011 261 13060
6640 171 8581
6211 36 1805
7014 1276 63841
7020 1849 92470
7008 1415 70797
6965 1 67
7023 571 28576
6663 62 3123
7018 515 25779
7018 530 26532
7008 1072 53614
7004 1006 50326
7054 985 49281
7017 170 8513
7023 1195 59789
6830 212 10648
7003 59 2967
7001 1017 50893
7049 2020 101003
7025 598 29912
7021 241 12080
7004 1287 64356
7001 1017 50880
7012 737 36893
7021 418 20950
7001 28 1433
7014 841 42093
7012 98 4903
7146 48 2411
6919 1 96
5515 211 10571
7011 303 15158
6912 98 4933
7025 457 22852
7001 33 1665
7025 21 1058
7017 292 14634
7004 433 21684
7017 829 41473
7004 1287 64391
7004 346 17344
7010 1264 63234
7049 1153 57693
7126 15 761
7012 291 14589
7023 985 49270
7018 134 6706
7025 119 5988
6667 15 766
7010 1638 81945
7019 245 12264
7003 489 24489
7020 1679 83965
7003 771 38588
7003 744 37205
6022 108 5429
6633 17 892
7023 818 40917
7001 864 43241
7023 273 13674
5328 81 4077
7026 475 23797
7004 434 21730
7006 49 2491
6344 26 1313
6478 32 1627
7017 941 47076
7018 868 43417
7003 1418 70946
7016 71 3578
7012 277 13867
5066 17 855
5051 169 8451
6235 5 272
7014 74 3722
7014 634 31704
6908 49 2497
7016 175 8786
7017 349 17477
7010 121 6078
6102 17 854
7012 835 41790
7004 46 2309
7008 247 12384
6076 123 6194
5418 40 2039
7724 44 2222
7047 76 3840
7026 450 22512
7049 1356 67808
7010 1502 75113
7003 1452 72642
7014 384 19226
7013 10 508
6535 190 9515
7017 676 33834
7023 605 30296
7010 1476 73831
7010 589 29495
7001 789 39460
7017 92 4647
6076 124 6213
7017 1210 60529
6919 1 96
7008 716 35826
7018 604 30240
7025 508 25402
7018 26 1326
7010 1222 61119
7023 958 47912
7011 317 15857
7001 1042 52107
6529 11 563
7017 1557 77877
7003 1167 58358
7014 1022 51126
7016 176 8805
7049 1340 67037
7054 408 20410
7003 317 15859
5226 52 2617
7025 242 12117
7012 994 49705
7023 1626 81324
7003 1671 83600
7020 1775 88763
6663 90 4534
7003 65 3272
6173 200 10020
5452 52 2638
7459 9 454
7054 1226 61344
7053 45 2254
6140 39 1998
7004 856 42836
7021 457 22885
6952 21 1098
6915 126 6345
7012 1576 78817
7008 1209 60457
7049 2020 101025
7012 1630 81526
7012 227 11397
7014 869 43473
7008 1213 60680
6078 66 3348
7054 1563 78186
5515 87 4360
7025 554 27707
7055 535 26780
7017 274 13714
6147 28 1410
7001 990 49545
7012 1642 82139
6182 91 4562
7017 292 14619
7025 408 20401
7018 118 5929
7020 158 7927
7016 224 11222
4957 106 5348
7003 1254 62717
7049 2020 101003
7054 1517 75899
5005 161 8093
7020 1727 86374
6916 161 8055
7004 585 29266
7014 1613 80683
7006 49 2495
7006 512 25605
5462 1 90
7012 771 38558
7001 163 8155
7633 249 12488
6683 115 5758
7006 125 6291
7049 788 39411
7008 21 1063
6647 142 7112
7018 118 5940
6589 141 7076
7022 110 5541
6853 66 3327
7054 1907 95384
7020 996 49812
7055 48 2402
7049 921 46075
7049 1791 89563
6230 28 1432
7023 1797 89868
6917 63 3189
6540 35 1754
6725 1 78
5364 133 6678
7010 1467 73388
7054 152 7629
7049 1208 60430
7017 180 9044
7004 1429 71470
7011 261 13072
7008 1250 62523
7006 231 11592
6551 63 3163
7011 297 14851
5925 142 7136
7018 627 31365
7008 35 1795
7003 1355 67798
5089 30 1533
7023 503 25182
7020 12 605
7054 1146 57313
6572 164 8221
7008 415 20773
6098 68 3432
6594 102 5144
7049 2004 100231
7023 1787 89393
7054 694 34738
7001 455 22762
7008 1012 50626
7025 219 10992
7010 33 1692
7021 571 28581
7017 330 16538
7023 1455 72775
7023 1844 92245
5779 6 307
7023 1048 52403
7018 959 47967
7049 482 24139
7023 920 46034
6280 131 6561
7001 491 24552
7008 586 29337
5459 167 8386
7003 194 9710
6404 155 7785
6284 6 305
7025 343 17186
7010 614 30701
6182 93 4674
7020 1721 86100
6219 107 5373
6974 111 5567
7012 449 22474
6787 234 11712
6501 6 326
6999 10 540
6098 122 6101
7055 245 12275
7054 526 26312
7004 1374 68728
7004 218 10938
6338 76 3849
7026 147 7397
7055 241 12062
7010 225 11284
5929 65 3294
6369 146 7342
5998 8 445
7026 232 11650
7010 1090 54544
6850 93 4661
7001 479 23993
6974 26 1347
7017 1632 81627
7020 1778 88933
6921 8 414
7020 1823 91197
7054 761 38079
7049 344 17204
5104 13 661
7016 40 2018
7001 451 22586
7012 1476 73821
7055 338 16927
7003 64 3210
6596 32 1638
7054 1243 62165
7055 600 30003
6045 14 740
7054 15 794
6752 77 3876
7017 1389 69473
7014 1116 55810
6919 46 2332
5216 74 3721
7020 808 40419
6428 12 609
7049 919 45984
7054 94 4721
5437 181 9080
7004 159 7981
7049 809 40499
5452 2 147
6664 162 8119
7019 481 24099
7023 66 3326
5364 106 5314
6824 98 4918
6026 29 1454
7020 835 41753
7017 1639 81957
7017 425 21272
7010 69 3495
7008 281 14080
7019 526 26316
7010 1721 86070
7026 444 22231
7020 1149 57480
7019 527 26384
6140 43 2200
7055 665 33279
7018 728 36433
7004 1114 55732
7682 129 6466
5382 24 1235
6785 63 3177
6083 8 449
7054 1360 68030
7012 1617 80874
7054 1893 94692
6501 6 326
5508 96 4835
7019 482 24142
7017 1492 74637
7019 285 14260
7017 1476 73810
7004 1317 65861
6359 17 856
7012 874 43740
7049 1308 65425
7054 458 22941
7018 264 13232
7020 342 17117
7014 384 19213
6664 166 8337
6562 108 5422
6835 56 2848
7501 47 2353
6359 16 830
6382 13 653
7021 368 18404
6105 89 4478
7017 1419 70951
7010 3 183
7014 1421 71083
7016 18 950
6769 106 5337
7055 10 501
5151 117 5890
6633 8 419
7049 809 40492
7054 1380 69036
7004 365 18266
7012 158 7931
7054 761 38080
6993 19 986
7049 531 26600
7049 1993 99693
7017 1440 72030
7010 670 33522
7497 80 4002
7010 417 20877
7016 150 7518
7026 40 2009
7007 39 1960
7008 1100 55006
7006 582 29136
7001 1074 53748
7022 130 6539
7054 1607 80378
7004 681 34091
7010 461 23082
7055 491 24554
7003 755 37762
7049 1748 87417
7054 97 4861
6226 81 4093
6565 140 7043
7020 366 18314
6529 16 819
6493 29 1475
7054 1651 82565
7023 1705 85251
6787 59 2966
7020 1928 96407
6670 41 2085
5611 50 2549
7008 282 14135
7054 1449 72469
7008 287 14364
7008 595 29780
7026 650 32533
7019 285 14265
7017 829 41481
6683 158 7905
7001 767 38389
7008 322 16136
6176 25 1289
7014 1319 65956
6840 71 3588
6689 43 2189
6874 150 7530
7001 929 46486
7054 98 4923
7004 338 16949
6490 123 6178
7012 24 1236
7003 1254 62714
7003 426 21349
7055 247 12379
6091 156 7821
6162 220 11044
7666 9 465
7020 996 49812
7051 14 711
7012 18 913
7012 1629 81451
7016 133 6654
6589 115 5781
7003 238 11926
7010 1638 81949
7021 538 26941
7014 793 39658
7019 343 17187
7049 611 30565
6919 39 1959
7054 1021 51095
7010 1683 84151
7019 431 21598
7055 597 29858
7003 185 9289
5074 23 1191
7008 1072 53648
7017 703 35159
7003 54 2717
5364 136 6812
6840 86 4308
7049 933 46700
7006 31 1556
7055 347 17389
7020 1802 90131
6620 84 4218
7012 1586 79342
7017 919 45974
6692 95 4779
7055 210 10533
7023 1601 80054
7020 153 7651
7010 233 11662
6457 52 2620
7020 301 15053
7001 786 39311
7054 1466 73321
6917 46 2328
7023 958 47937
6769 109 5464
7004 46 2310
7010 626 31302
7017 16 814
7018 37 1898
6649 97 4898
7010 888 44438
6076 71 3595
7022 155 7770
6145 44 2237
7049 283 14193
7001 252 12640
7025 172 8625
7535 20 1036
7023 909 45451
5912 12 608
6871 141 7091
6420 51 2556
6942 89 4475
5419 25 1293
7054 1977 98895
7010 359 17959
7020 1521 76069
7017 903 45190
6916 203 10185
7003 1086 54320
7023 38 1917
7020 12 645
7018 710 35532
5519 16 846
7003 1231 61553
7010 1240 62006
6220 10 549
7012 431 21570
7023 965 48299
6562 41 2055
7054 1519 75962
5169 55 2761
7018 295 14792
6955 21 1061
7026 475 23768
7012 737 36854
7018 37 1853
7023 1048 52441
7017 330 16524
7021 776 38824
7007 39 1969
5419 74 3738
7014 1136 56835
7012 1183 59194
6195 43 2182
7054 571 28583
7054 58 2939
7023 99 4958
7013 147 7361
5005 60 3031
7023 1446 72343
7047 76 3801
7047 72 3646
7012 1718 85933
7012 291 14600
7014 310 15545
7011 167 8360
6907 49 2478
7014 1543 77161
5914 106 5305
7054 1991 99588
7016 392 19650
7046 0 38
7054 96 4820
7014 138 6903
5005 64 3220
6687 22 1144
7048 89 4473
6812 11 563
7006 49 2495
7016 224 11222
6936 204 10237
7014 841 42097
7021 227 11389
6871 144 7204
7018 303 15159
7049 1352 67622
7049 1308 65443
6305 23 1181
7025 29 1452
5393 28 1434
7014 548 27443
7021 14 704
7014 484 24248
5068 87 4397
7008 533 26685
7008 688 34401
7025 548 27440
6684 13 676
5213 13 683
7049 1447 72380
7023 1705 85251
7001 394 19701
7008 43 2180
7019 276 13845
7020 839 41998
6906 34 1741
6936 202 10119
7049 29 1500
7008 206 10343
7007 130 6522
7049 1859 92961
7001 1141 57087
7372 26 1324
7014 484 24233
7022 25 1295
7023 409 20491
7135 14 703
7026 694 34740
7011 125 6264
7010 901 45100
5099 43 2198
5925 132 6638
7014 1364 68225
7014 519 25996
7049 1580 79034
7049 1970 98535
5424 11 572
6871 128 6415
7014 1116 55826
5906 24 1249
7001 491 24597
7023 94 4744
7017 1612 80613
7012 662 33127
7023 1561 78077
6406 192 9632
6663 96 4846
7049 1631 81585
7055 720 36036
7021 500 25023
7021 500 25018
7010 539 26990
7053 45 2299
6888 218 10907
7020 1442 72105
7010 1493 74686
7049 1175 58778
7020 594 29740
7017 92 4638
7017 1639 81984
7020 612 30605
6980 120 6049
7004 145 7272
5512 173 8676
7023 1184 59231
7017 529 26482
7023 422 21142
6076 124 6213
7054 929 46461
7014 394 19711
4986 9 469
6881 101 5077
7049 1791 89592
7017 480 24026
6288 17 851
7053 6 342
7049 1874 93750
6861 244 12221
7019 495 24775
7017 1440 72006
7026 535 26758
7049 1470 73548
7017 1616 80807
7006 125 6291
7017 829 41493
7004 905 45293
6370 66 3325
7004 578 28937
7008 881 44088
7018 868 43425
7004 556 27821
7021 425 21270
7017 1664 83245
7054 1651 82596
7021 646 32350
7012 750 37550
7010 286 14324
7093 4 223
7021 193 9675
7049 159 7974
7054 1591 79588
7012 222 11133
7018 956 47821
6146 0 40
6785 159 7977
7023 818 40943
7012 663 33169
7008 245 12277
7007 20 1033
7021 418 20906
7026 466 23340
7020 197 9882
7003 1357 67871
7008 605 30291
6792 21 1052
7018 165 8268
7711 5 258
7021 262 13111
6362 5 264
5386 63 3199
7008 1297 64858
6888 59 2967
7018 592 29650
7049 719 35994
5586 96 4820
7021 170 8526
7004 1152 57640
7020 655 32760
7051 57 2873
6811 147 7375
7004 1373 68689
7020 1802 90133
6835 92 4617
7017 717 35879
7020 1667 83353
7012 855 42787
5564 51 2569
7054 185 9290
7019 59 2995
7025 408 20418
7012 194 9750
7012 98 4902
7012 769 38493
6030 81 4085
7021 268 13412
7054 1016 50841
6835 18 912
6934 215 10763
6973 121 6087
7023 1919 95954
6623 9 475
7023 1321 66089
6960 159 7990
7010 307 15391
7007 7 357
7006 512 25631
7016 102 5126
7010 515 25777
7020 412 20640
7054 1466 73315
6028 20 1047
7004 1253 62670
7008 1100 55027
7049 504 25242
7017 1012 50618
6748 174 8725
7012 1561 78055
7017 1735 86796
7001 423 21153
7026 227 11367
6091 159 7966
5462 7 369
7055 248 12435
6529 10 538
7048 96 4812
6562 109 5458
6893 40 2001
7001 787 39357
7014 1167 58381
7012 545 27252
7012 1684 84246
7021 241 12080
5353 13 662
7014 541 27051
6664 99 4974
7055 783 39183
7004 266 13347
7496 16 821
7049 1175 58767
7020 720 36029
7014 524 26245
6235 0 19
7010 1432 71650
7669 131 6586
7006 52 2611
6853 92 4614
7019 221 11060
7054 1566 78309
6934 50 2522
7055 360 18011
4982 137 6861
6769 103 5177
6773 59 2958
6336 46 2329
6230 36 1823
7014 701 35059
7004 1241 62074
7048 96 4832
7012 1523 76167
6917 236 11848
7055 514 25746
7023 1844 92232
7055 600 30029
7001 1140 57001
7086 28 1413
5142 1 74
7016 263 13165
7025 580 29028
7018 651 32574
7007 142 7137
7023 909 45476
7012 651 32574
7019 245 12261
7020 93 4661
6573 64 3214
6102 104 5210
6605 165 8288
6840 73 3690
6663 74 3749
7010 901 45066
7017 203 10174
7049 1625 81251
7020 991 49595
6312 96 4827
7017 794 39732
7020 1163 58175
7011 261 13097
7023 120 6022
7026 535 26782
7010 408 20418
7001 681 34097
7017 1454 72729
6308 0 37
7023 605 30267
7049 915 45776
7016 282 14142
7014 1043 52181
7018 956 47814
7008 595 29781
7012 150 7529
7020 1841 92084
7436 113 5655
7008 942 47112
7023 174 8731
7006 310 15546
5151 84 4215
7004 510 25547
7008 1072 53631
7008 247 12378
5179 31 1595
7054 1016 50841
6907 67 3352
7010 296 14806
7016 176 8844
7054 408 20411
7014 1167 58372
7014 894 44748
7018 331 16556
7026 535 26782
7018 224 11231
7019 477 23868
7017 168 8438
7014 1284 64221
7021 163 8166
7021 368 18401
6608 59 2962
7049 1720 86021
7014 226 11341
7021 123 6180
7010 1688 84440
7093 6 310
7017 40 2005
7010 626 31348
7018 331 16560
7003 238 11926
7054 1122 56133
7053 49 2458
7054 671 33571
7008 702 35136
7006 597 29860
6319 116 5815
6752 63 3155
5466 2 115
7020 1543 77196
6173 200 10025
7020 413 20666
7055 356 17847
7013 153 7688
7018 664 33241
7026 499 24984
7021 628 31401
6769 181 9089
7021 268 13412
7141 45 2292
7049 1195 59777
7049 1518 75941
6304 125 6270
7001 483 24153
7025 21 1076
6835 98 4948
6145 45 2265
7003 1500 75048
5782 83 4196
7012 980 49009
7023 127 6357
6789 140 7010
7018 893 44665
6417 172 8634
7054 97 4880
7010 33 1689
7507 151 7553
7026 869 43452
7055 514 25707
7023 1544 77212
7020 235 11786
7048 102 5116
7055 72 3647
7023 1601 80053
7003 1629 81474
7026 54 2703
6905 90 4518
7022 189 9485
4982 144 7241
7004 1578 78940
7021 7 370
7012 874 43717
7001 1 52
7012 1291 64563
5929 65 3272
7021 123 6183
7001 884 44246
7054 1426 71316
6004 192 9649
6947 30 1550
7017 203 10175
7096 36 1837
6605 165 8288
7006 40 2007
6787 60 3050
6529 14 744
7006 445 22290
7010 515 25777
7021 290 14506
7012 874 43720
7018 37 1858
7006 0 47
4977 55 2781
7004 1085 54257
7003 1607 80380
7018 312 15611
7001 62 3111
7049 1943 97165
7025 216 10836
7018 862 43120
6993 18 908
7054 1744 87215
7001 394 19741
5933 172 8620
6871 96 4825
5611 50 2540
5914 104 5208
7010 1551 77560
7054 1998 99923
7014 524 26212
7001 497 24880
6342 34 1714
7054 761 38079
7054 785 39282
7008 322 16135
7004 1006 50319
6324 72 3647
6028 24 1216
7004 491 24588
7026 830 41538
7022 25 1274
6426 189 9461
7021 367 18360
7008 465 23297
7022 85 4278
7014 264 13249
7017 1037 51870
7010 417 20888
6866 96 4850
7008 465 23255
6787 68 3405
6824 96 4803
7049 598 29938
7004 563 28161
7025 554 27708
7625 105 5271
7012 1278 63923
7020 996 49828
5940 20 1020
7020 863 43188
7051 85 4284
7003 1294 64735
7007 119 5973
7010 1657 82895
7023 167 8397
7014 541 27052
7020 1576 78846
6799 70 3519
6824 95 4760
5526 15 797
7010 1476 73816
7004 1037 51865
6776 77 3895
7049 915 45799
7141 47 2379
7004 590 29544
7054 1580 79046
7014 499 24952
5940 23 1159
7048 5 262
7008 206 10319
7014 1614 80749
5095 24 1220
7023 1020 51024
7004 1287 64356
7004 1698 84910
7012 1707 85360
7013 16 850
7054 1561 78098
7020 1209 60476
7008 1462 73101
7014 1083 54159
7049 1025 51294
7014 371 18600
7054 1737 86875
7023 782 39148
7018 72 3640
6566 33 1685
7020 644 32220
6980 26 1332
7014 1431 71565
7020 88 4412
6969 89 4489
6478 25 1276
7003 489 24482
5779 6 307
7054 1444 72229
7012 643 32156
7048 96 4808
7020 731 36566
6336 46 2329
5386 73 3651
7026 647 32376
7054 929 46498
6879 32 1627
5957 22 1101
7049 875 43800
7008 1462 73101
7021 435 21776
7020 1331 66568
7023 1457 72884
6625 9 467
7012 1629 81470
7017 298 14916
7010 974 48739
5979 139 6980
7008 586 29337
7021 7 383
7007 58 2934
7054 485 24253
7010 634 31717
7021 22 1116
7012 755 37794
6748 168 8406
7014 1211 60578
6406 134 6706
7020 186 9347
7054 1617 80874
7025 549 27463
5017 51 2551
6959 204 10225
7021 26 1322
7018 868 43425
7023 589 29491
5979 66 3341
7004 1132 56639
6683 110 5523
7049 773 38695
7048 185 9284
6406 64 3209
7014 1159 57999
7012 992 49605
7014 477 23865
7020 907 45372
6428 11 594
7010 1117 55898
7008 1443 72170
7012 1476 73804
7014 541 27051
6885 65 3299
7010 888 44450
7049 418 20948
6211 134 6728
7565 104 5229
7054 749 37464
7012 643 32156
6563 115 5760
7010 1681 84075
6303 190 9522
7021 335 16788
7054 673 33680
6769 135 6789
6563 124 6226
6824 97 4891
7023 1085 54270
6216 14 743
7013 100 5013
7012 433 21652
7054 971 48586
7054 991 49554
6942 3 152
7055 720 36034
7012 143 7197
7014 322 16119
6907 61 3083
7023 521 26096
6375 110 5549
7054 185 9270
7054 1360 68050
7025 115 5781
7020 904 45246
6589 140 7018
7442 215 10791
7014 1116 55826
7019 526 26314
7001 22 1131
7006 512 25631
5441 16 849
7049 433 21689
7054 1341 67100
7008 445 22268
6751 34 1706
7025 524 26211
5527 30 1502
7078 17 890
7010 443 22153
6965 9 466
6947 34 1712
6028 17 865
7049 773 38696
7006 249 12457
6589 147 7391
7017 508 25416
5068 17 894
7020 186 9334
7003 721 36060
7023 1451 72551
7497 77 3863
7018 49 2497
5154 117 5887
7004 145 7294
7055 196 9816
7008 1443 72170
7008 999 49953
6783 2 106
4992 79 3990
7010 15 797
7012 771 38578
7006 174 8722
7049 1996 99818
7011 290 14529
7012 319 15977
6404 7 400
6589 170 8546
7054 625 31299
7008 415 20790
6348 32 1628
7003 532 26638
7008 904 45211
6922 151 7597
7010 33 1666
7023 1158 57929
6698 47 2359
5512 137 6870
7017 172 8621
7003 804 40232
5482 26 1309
7023 652 32639
7014 127 6400
7012 1364 68221
6427 18 939
7014 394 19704
7014 1760 88019
7048 96 4813
7023 1919 95995
7018 866 43326
6631 43 2164
6980 112 5643
7010 1158 57918
7019 57 2869
6936 40 2002
7020 809 40497
6620 60 3008
7054 571 28568
7023 699 34995
7049 1036 51847
7018 701 35097
6786 71 3552
7017 15 784
7012 549 27454
7004 567 28378
7008 1275 63785
6960 170 8532
7004 856 42803
7026 806 40333
7093 6 349
7021 26 1346
5495 19 981
7010 1166 58318
7018 246 12338
7014 1510 75508
6153 10 535
7023 1890 94533
7003 854 42746
7017 357 17860
7013 88 4436
7017 1447 72381
7004 1287 64381
7003 1629 81458
7049 447 22374
7055 472 23620
7018 785 39278
7025 548 27443
7017 40 2005
6494 81 4079
7008 697 34860
6792 20 1047
7004 1374 68730
7025 303 15151
6021 32 1613
7018 509 25471
7054 1220 61043
7055 489 24490
7004 434 21730
7020 687 34379
7008 551 27566
7001 651 32584
6684 5 254
6286 4 203
7004 1445 72268
5089 30 1533
5929 64 3246
7054 991 49583
7018 37 1899
7012 369 18454
7017 165 8260
7049 611 30566
7020 1937 96858
6649 94 4740
7020 1595 79767
7023 604 30205
7021 368 18446
6787 234 11712
7020 1775 88773
7017 68 3418
7023 1283 64186
7006 108 5427
7012 1181 59055
6348 94 4746
6786 70 3503
7054 1925 96263
7010 1118 55950
7026 707 35374
6683 116 5839
7004 218 10938
7001 556 27826
7292 11 576
7055 181 9064
6091 3 159
6319 9 482
6288 117 5870
7017 321 16053
7014 1597 79879
5979 34 1702
7020 808 40429
7017 782 39127
7023 699 35000
6423 205 10287
6052 21 1080
7012 18 938
6404 153 7698
7010 201 10095
6230 30 1542
7023 291 14567
7049 864 43208
7021 262 13131
7004 402 20113
7022 283 14163
7018 97 4889
5159 1 98
7012 771 38589
7018 935 46790
7010 1185 59260
7017 1042 52131
7001 135 6790
6686 42 2117
7049 575 28795
7025 457 22871
7010 443 22169
6615 128 6410
6974 111 5597
7014 459 22985
7001 148 7429
6600 131 6564
7048 149 7492
7054 648 32412
7021 367 18360
7008 497 24864
7049 662 33103
7020 1717 85897
7026 117 5870
7020 158 7925
7014 1536 76803
7006 378 18941
7017 136 6838
7012 968 48445
7020 1382 69101
7001 540 27020
6380 80 4045
7026 869 43466
7008 1351 67558
7014 1136 56803
7049 884 44223
7003 1272 63625
7055 360 18017
7001 877 43870
6064 52 2604
7004 1059 52985
5095 27 1381
6871 144 7229
7017 1545 77261
7010 1510 75550
7049 1130 56549
7001 994 49713
7003 205 10274
7020 611 30598
6562 41 2055
6314 116 5824
7008 750 37536
6684 4 224
7047 113 5679
7055 360 18028
7021 151 7586
7054 1044 52228
6324 94 4740
7010 34 1720
7023 754 37736
5104 12 621
7012 433 21682
7049 1518 75935
7013 105 5265
7012 566 28316
5124 35 1778
7020 1476 73819
7004 585 29266
7049 433 21673
7004 1155 57796
7004 1006 50350
7020 593 29686
7013 142 7104
7016 7 351
7008 1415 70793
7010 456 22833
7014 524 26245
5074 23 1191
7008 1201 60089
7004 1373 68681
6922 151 7563
7010 1579 78980
7048 185 9269
5001 21 1086
7022 235 11759
6980 78 3913
6871 128 6443
7049 1518 75938
6342 28 1447
7010 227 11398
7054 625 31251
7026 98 4914
7003 48 2437
7054 408 20409
7006 387 19396
5074 1 60
7010 455 22761
7021 193 9657
7010 1463 73161
7054 648 32441
7012 201 10054
7010 943 47164
6835 56 2848
7023 1435 71769
7004 1342 67133
7053 45 2293
7014 1601 80097
7011 236 11837
7049 308 15430
7004 402 20145
5779 6 340
5904 36 1808
6797 13 682
6799 40 2023
7008 941 47090
5412 45 2258
7017 553 27671
6879 193 9672
7012 379 18989
6091 3 159
7049 1821 91098
7003 992 49628
7014 548 27443
7014 180 9023
6803 40 2008
7019 326 16321
7014 475 23774
7054 75 3756
7023 187 9391
7011 261 13055
6783 15 791
7026 233 11680
7004 1643 82195
7010 901 45100
7017 1557 77855
7008 1275 63752
6907 206 10313
7008 1436 71842
7016 395 19759
6594 24 1211
7012 1416 70845
7049 1583 79169
6650 28 1405
6955 153 7686
5386 108 5428
6591 105 5270
7001 884 44246
7018 303 15197
6980 88 4424
7001 1189 59481
7004 1429 71497
6318 35 1771
7020 1041 52069
6773 63 3199
6118 11 583
7010 1733 86690
7016 40 2034
7010 1165 58266
7012 1668 83449
7026 844 42229
7004 433 21684
7004 1098 54923
7023 984 49228
7023 1525 76295
7019 434 21715
7014 310 15515
6787 228 11428
7001 1017 50880
7049 884 44245
7008 611 30584
7017 1389 69481
6793 5 275
7019 57 2871
7021 417 20851
7008 1102 55141
7023 1708 85448
7004 773 38665
7054 98 4911
6908 204 10215
7014 786 39319
7054 1980 99020
7004 1611 80568
7021 355 17756
7025 481 24068
7006 334 16727
7019 59 2967
7004 1342 67132
7019 562 28105
7004 167 8353
7021 368 18433
7001 479 23986
7054 415 20751
7014 1249 62467
7018 888 44413
7012 1363 68180
7016 198 9902
5386 66 3335
7001 437 21885
5933 128 6449
7054 227 11400
6787 193 9667
6027 116 5849
7025 210 10531
7016 176 8844
7003 993 49683
7020 1543 77171
7010 1638 81949
7049 1651 82589
7014 1167 58394
5233 103 5153
7131 62 3112
6633 17 892
5363 10 502
7010 121 6078
7008 844 42222
7003 324 16210
7012 53 2674
7017 321 16063
7049 1051 52571
7004 414 20750
6645 5 285
6404 177 8864
6362 5 294
7049 2020 101012
5099 45 2257
6405 21 1067
7014 484 24248
7021 158 7918
7014 1265 63275
7010 274 13706
7017 426 21329
5179 36 1814
7004 1374 68723
7004 791 39570
7010 1101 55098
7025 429 21475
6199 4 222
7003 1452 72613
7016 310 15506
7048 204 10211
7054 1147 57396
7023 1570 78542
7010 607 30351
7004 1698 84906
5588 197 9886
7003 557 27874
7017 936 46818
7054 1893 94692
7008 1080 54004
6090 103 5182
7141 37 1867
7014 1669 83465
7006 489 24483
7003 818 40915
7007 7 375
6980 227 11353
7014 475 23766
7017 1145 57264
7012 1170 58533
7010 620 31023
6125 70 3521
7055 372 18649
7017 1447 72391
7049 1272 63608
5925 11 593
7001 1109 55471
7013 16 833
6690 63 3195
7054 141 7096
6853 68 3407
7014 88 4411
5227 30 1516
7008 197 9858
6377 11 551
7017 1492 74607
5982 52 2641
7003 910 45536
5065 18 902
6224 24 1234
6840 73 3660
7048 86 4338
7012 1100 55003
7018 86 4339
7018 664 33241
7004 1504 75237
7004 856 42823
6805 96 4801
7003 1620 81049
6952 21 1062
7048 204 10240
7003 489 24490
6030 21 1059
7013 2 146
7001 287 14368
7020 192 9620
7014 634 31739
7014 168 8443
7025 350 17530
6633 15 753
6139 118 5918
7008 373 18697
7573 34 1724
7023 174 8710
7018 319 15984
7012 1100 55037
7003 172 8626
6853 99 4982
7010 443 22171
7001 62 3111
7020 1501 75063
7055 197 9892
7026 492 24605
7021 14 727
6606 93 4658
7003 1486 74319
6138 60 3020
7017 1145 57290
7023 217 10883
5979 35 1766
7054 257 12877
7016 208 10410
6905 82 4104
7051 57 2864
5364 131 6572
6528 74 3750
7022 61 3068
7054 463 23199
7055 742 37118
7010 1217 60868
6182 93 4674
7023 156 7848
7026 650 32517
7003 38 1919
7049 109 5454
6341 78 3940
7004 1611 80598
7010 1289 64489
7026 466 23341
7026 268 13430
6979 129 6475
7006 335 16788
5437 72 3626
6312 101 5092
6769 93 4659
7054 914 45713
7025 605 30255
7003 226 11311
7023 360 18016
7047 94 4704
6779 68 3407
7001 928 46422
6952 57 2891
6374 14 734
5151 24 1201
5602 46 2327
7020 367 18374
5979 35 1766
6616 46 2335
7020 8 418
7026 65 3267
7010 1688 84401
7021 53 2669
7017 640 32024
7017 1037 51897
7014 1344 67208
6606 81 4069
7001 416 20808
7048 75 3759
5998 8 445
7001 1185 59293
7008 465 23256
7017 650 32512
7025 263 13169
7010 3 168
7004 1434 71731
7020 301 15063
7008 1415 70783
7026 488 24433
7021 102 5148
7026 450 22509
7054 1972 98601
7010 3 191
7008 189 9484
7026 676 33808
6965 0 9
6907 199 9962
7001 1140 57047
7017 339 16966
7011 207 10380
7012 1046 52311
6942 87 4377
7012 192 9630
6769 93 4659
6591 105 5270
7004 1569 78476
7014 75 3783
7006 429 21495
6593 6 301
5353 14 704
7008 1342 67111
7049 482 24129
6923 59 2988
7004 360 18016
7014 803 40184
7020 864 43242
7004 563 28160
7017 1210 60534
7014 1611 80576
7055 188 9420
7003 1506 75305
6642 93 4651
5912 13 665
6787 9 470
4999 131 6554
7025 95 4782
6980 185 9255
5449 91 4575
6919 5 277
7023 1870 93505
7049 1996 99808
7001 28 1432
7014 138 6922
7049 903 45155
6881 101 5077
7013 64 3218
6629 14 713
7026 147 7381
7018 254 12735
5451 10 524
7055 132 6618
7025 242 12125
7018 603 30194
7055 539 26979
7055 783 39185
7026 500 25039
7014 1335 66784
7049 1695 84752
7006 52 2610
7017 1301 65070
7020 212 10617
6689 81 4098
5419 71 3584
7055 302 15137
5092 23 1183
7001 651 32573
7006 380 19002
7018 331 16568
7055 338 16930
7004 929 46498
7019 214 10722
7014 1601 80088
7012 1576 78811
7013 51 2591
7022 110 5505
6615 144 7236
7014 1499 74994
5501 8 430
7017 1003 50171
7025 135 6763
7006 52 2622
7010 227 11397
7020 1717 85862
7011 126 6314
7014 740 37050
7010 1188 59445
6811 47 2357
7054 893 44688
6370 3 158
7018 844 42237
7004 340 17022
6608 61 3071
7026 536 26843
7054 411 20578
7022 55 2765
6631 100 5032
6572 165 8253
7020 160 8003
6688 82 4133
7049 1844 92229
7003 1613 80660
7012 53 2674
7017 770 38534
6427 18 933
6776 77 3854
7049 724 36218
7014 1724 86208
7023 754 37710
7021 776 38819
6377 8 430
5466 3 185
6185 8 412
6176 93 4662
6091 148 7429
7012 682 34126
5106 157 7900
7054 1147 57357
6879 25 1281
6562 47 2394
7007 20 1002
7008 559 27976
7012 579 28986
7013 49 2468
7055 48 2416
7020 901 45081
7020 566 28319
4979 13 695
7019 214 10745
7010 6 314
7008 1255 62791
7004 1708 85438
7001 713 35696
6885 68 3414
7012 856 42821
6769 135 6789
4957 103 5161
7054 1341 67082
7017 203 10175
7010 1117 55864
7001 1008 50427
7020 51 2560
7049 227 11400
7001 1185 59293
7055 720 36034
7026 450 22509
7023 409 20460
6303 190 9522
7026 252 12632
7020 8 430
6427 15 800
7022 56 2840
7008 844 42245
6883 20 1039
7023 96 4842
7014 1265 63275
7054 1046 52313
5179 31 1600
7019 526 26314
6905 5 264
7049 847 42361
6934 212 10614
7049 1998 99931
7026 207 10378
7008 1351 67600
7018 888 44448
7023 55 2790
7023 473 23692
7013 49 2487
5891 9 461
6285 104 5201
7003 844 42243
5933 172 8641
7054 967 48368
7003 1607 80380
6748 174 8725
5364 49 2486
5979 12 633
7049 109 5499
6443 9 472
7049 1073 53672
6529 10 538
7012 1563 78192
7004 1353 67664
7055 223 11155
7022 262 13143
6824 32 1646
7025 95 4800
5960 17 871
7049 1232 61601
5526 24 1214
7011 317 15899
7142 47 2361
7054 477 23854
7004 563 28186
7020 93 4668
7049 1970 98518
7008 281 14071
7546 121 6083
6919 7 394
7049 1352 67649
7054 395 19786
7010 1476 73812
7010 486 24344
7049 1580 79019
7021 57 2877
6489 37 1861
7019 498 24908
7022 155 7796
7026 806 40349
7012 316 15849
7014 135 6784
7055 27 1360
7008 533 26693
7010 1657 82866
7018 509 25471
5382 77 3895
7023 1134 56716
7008 1351 67572
7054 761 38080
7017 330 16518
7008 35 1785
6667 18 922
7016 282 14133
7023 1681 84074
7008 1211 60589
7020 799 39957
7047 76 3823
6917 239 11973
6799 39 1988
6748 168 8448
7054 176 8811
7014 54 2749
5182 13 655
7003 1629 81497
7026 523 26187
7010 1385 69267
7003 104 5223
7023 596 29833
7012 149 7451
5005 60 3031
7146 47 2353
7011 317 15899
6812 15 759
7010 1076 53838
7049 171 8594
7021 538 26903
7021 580 29012
7003 64 3241
6589 124 6212
7008 1288 64445
7588 48 2446
7020 720 36033
6084 5 281
7003 298 14936
7017 717 35863
7014 54 2736
7023 680 34039
7021 485 24282
7012 1363 68198
6478 126 6312
7026 47 2365
7014 519 25960
6916 161 8080
7003 1010 50520
7054 96 4803
6792 12 603
6593 5 300
7049 1540 77046
7017 515 25769
6406 130 6528
6043 141 7059
7055 394 19746
7012 1249 62457
5412 41 2058
6980 85 4279
7001 979 48992
7007 13 651
7054 264 13203
7560 22 1104
7049 611 30560
5326 32 1609
7017 84 4227
7004 1364 68230
7018 888 44448
7012 150 7513
7010 1027 51381
7001 762 38121
7026 500 25045
6562 41 2065
6917 227 11385
7010 1508 75425
7025 580 29028
7023 1561 78098
7001 772 38618
7054 1512 75643
7019 85 4289
7004 1640 82005
7047 43 2196
6420 56 2827
7319 12 635
6656 11 599
6406 162 8137
7018 935 46790
5095 2 109
7017 1424 71239
7046 0 20
7055 324 16229
7017 802 40111
7054 1150 57549
7010 1683 84167
7014 1510 75523
7047 72 3607
7004 817 40890
7020 344 17231
7010 443 22156
6649 98 4917
6850 88 4418
7012 369 18476
7054 556 27823
6640 171 8591
5384 97 4862
7014 207 10399
7003 194 9740
7006 479 23991
7008 112 5640
5216 74 3721
7004 510 25547
7048 5 267
5527 10 502
7017 655 32756
6529 19 951
7006 52 2622
6023 50 2520
7049 883 44189
7003 557 27873
7014 134 6710
7004 656 32843
7018 669 33469
7049 1208 60414
7014 217 10896
7001 387 19393
7006 476 23840
7014 1724 86207
7021 328 16424
7017 731 36597
7017 92 4649
7014 1304 65210
7529 109 5472
7012 1523 76151
7004 491 24568
7023 98 4939
6343 149 7464
6404 196 9819
6906 11 572
4999 84 4240
7049 915 45776
7021 600 30035
7003 442 22126
7010 393 19673
7020 1355 67800
7054 1241 62060
6528 65 3283
7023 571 28575
7008 188 9440
7049 719 35967
7004 1429 71474
7004 340 17045
7049 1478 73944
6593 4 240
7006 206 10309
7001 903 45188
7014 88 4427
7023 1601 80098
7055 89 4460
7004 521 26066
6805 99 4967
7017 321 16071
7001 776 38832
7400 27 1372
7001 919 45986
7008 1413 70698
7017 1419 70978
7020 1442 72110
7003 844 42211
7021 588 29437
7008 1275 63792
7008 1012 50627
7019 527 26388
6959 149 7477
7132 55 2765
7004 190 9516
7008 188 9417
6853 147 7395
7020 996 49828
7054 741 37056
7010 1031 51578
7020 12 620
7003 1287 64364
7010 486 24311
7008 1468 73407
7054 312 15625
5905 38 1929
7046 51 2571
7019 36 1814
6998 64 3206
7051 4 219
7023 586 29350
5925 143 7187
6312 43 2176
7014 387 19382
7014 793 39672
6461 58 2931
7026 300 15012
5344 22 1103
6336 54 2701
5124 53 2656
7018 118 5926
7008 592 29602
7017 1136 56816
7001 56 2837
6284 74 3727
7012 1718 85902
7020 947 47380
7001 990 49545
7049 416 20820
7049 1580 79019
6560 35 1753
5946 14 726
7001 147 7389
7012 149 7484
7016 256 12839
6600 131 6579
6528 65 3274
7054 899 44988
5038 36 1834
7020 655 32759
7020 1625 81255
7017 709 35485
7021 81 4087
7017 756 37848
5354 12 626
5019 67 3368
6830 218 10950
6303 72 3626
7055 600 30028
7055 539 26959
7049 186 9325
7001 16 805
7006 184 9239
7013 112 5605
7004 140 7048
7006 445 22277
7017 287 14395
7014 180 9014
7001 1151 57599
7051 76 3823
6663 88 4426
7008 741 37075
6303 142 7105
7014 393 19682
5430 20 1008
7017 41 2061
7017 640 32047
7055 248 12409
7006 40 2007
6978 173 8664
7014 1661 83069
7012 1579 78993
7010 1188 59405
6285 104 5206
6305 47 2356
7025 481 24088
6797 14 726
6840 87 4353
7095 65 3265
7010 460 23016
6788 8 405
7051 76 3813
7001 93 4652
7341 34 1706
7001 1140 57013
7515 2 102
7001 1113 55670
7012 494 24746
5602 49 2467
6883 23 1174
7049 662 33115
7014 610 30514
7023 561 28069
7004 567 28398
7010 447 22379
7008 492 24613
6783 38 1945
7021 190 9536
7049 575 28799
6936 40 2002
7014 1669 83476
7131 74 3744
7023 573 28700
7054 1500 75021
7054 227 11365
7008 247 12353
7013 0 38
7018 784 39206
7020 160 8025
7025 219 10964
7046 0 7
7055 48 2405
7020 904 45212
7014 793 39689
6305 22 1101
6642 88 4403
7004 616 30815
7004 1708 85438
5616 207 10364
6220 52 2626
7014 1760 88014
7010 1240 62017
7054 1147 57396
7021 26 1311
7010 307 15381
7006 207 10381
7014 1335 66784
6952 49 2458
7018 844 42237
7003 1287 64359
7023 1817 90874
7054 1907 95387
7016 224 11234
6596 59 2996
6906 13 692
5961 11 559
7012 1309 65490
5095 20 1021
7010 1538 76918
6370 4 203
7018 99 4962
6478 47 2356
6140 43 2159
7020 554 27715
7025 242 12110
7054 914 45712
6689 40 2040
6687 136 6819
7049 922 46142
5499 213 10652
7049 644 32236
5187 134 6747
7001 990 49548
7017 553 27688
7001 929 46468
7006 422 21103
6830 214 10719
7010 1031 51585
7049 1447 72373
7012 1182 59133
6600 26 1317
7004 521 26089
6780 107 5361
7054 1060 53011
6629 27 1399
7017 1454 72715
7018 866 43329
7049 227 11379
7010 1654 82707
6377 11 575
7012 1515 75781
6343 153 7686
7049 879 43981
6285 103 5166
6503 0 6
6600 70 3517
7007 129 6472
5625 111 5597
7021 421 21051
6955 149 7493
7054 1243 62196
6689 128 6407
6600 131 6564
7004 176 8812
6023 50 2519
6980 79 3969
6520 12 614
7054 373 18676
7054 408 20411
7010 1720 86010
7008 292 14636
6078 78 3922
7378 101 5066
7025 549 27456
6871 134 6709
7006 205 10257
7012 201 10081
6680 39 1998
7049 2023 101185
7023 858 42920
6906 15 797
7021 457 22859
5104 13 661
7054 1166 58332
7047 84 4248
7014 1280 64018
6689 80 4008
7003 226 11320
7026 147 7387
7017 1045 52278
7025 594 29732
7001 705 35273
6166 18 929
7010 1158 57918
5436 16 827
6339 64 3247
7006 380 19002
7012 45 2269
7023 984 49202
7017 41 2061
7054 556 27827
7016 58 2906
7010 1476 73812
7013 10 533
7017 650 32513
7006 399 19984
6084 7 366
7046 0 34
7049 447 22370
7021 303 15169
7010 292 14639
7023 571 28570
7008 1375 68763
7004 593 29689
7003 319 15956
5598 93 4661
7008 445 22300
7004 1740 87029
7020 1658 82927
6884 19 958
7017 16 827
7016 176 8812
7017 1045 52293
7020 470 23502
6786 76 3823
7006 190 9501
7020 1850 92505
7051 12 650
7023 588 29424
7046 98 4916
5946 58 2906
7014 610 30533
7010 1094 54745
7021 141 7093
5512 221 11088
7004 456 22821
7006 53 2670
4989 4 211
5920 2 138
7014 139 6996
5167 2 113
7019 526 26340
5059 56 2846
7023 785 39297
7010 488 24448
7054 408 20443
7023 605 30286
6359 19 998
7018 227 11359
6653 112 5622
7023 1463 73174
7007 58 2934
7020 1149 57488
7006 520 26038
7049 2020 101005
7012 1567 78398
4992 113 5696
7023 1451 72592
6195 101 5093
7054 942 47127
7008 1148 57425
7022 71 3575
7014 1602 80103
7023 1283 64186
6748 171 8556
7019 81 4090
7004 8 435
7054 673 33661
5201 10 516
7008 681 34094
7054 257 12877
7006 435 21752
7054 1137 56894
7020 1625 81255
7003 1291 64586
7018 49 2497
5205 6 323
6058 194 9736
6453 53 2669
7054 1110 55546
7017 285 14264
7001 442 22143
7004 412 20611
6457 47 2355
7400 164 8244
6894 14 705
6769 142 7113
7020 412 20640
7020 952 47632
6803 36 1825
7019 36 1831
7049 1993 99698
7054 1341 67064
6917 240 12029
7054 819 40986
7014 1536 76839
7003 1657 82862
7008 1358 67921
5169 55 2761
7001 1189 59462
7055 196 9816
7049 611 30565
7459 38 1922
7049 2020 101028
7014 880 44001
6387 72 3622
7006 52 2627
7003 426 21341
7054 185 9266
7003 234 11745
7004 1098 54917
6792 12 611
6565 141 7051
7014 1761 88077
7003 194 9746
6030 85 4256
7008 1012 50612
5521 7 395
7012 902 45149
7302 65 3295
7017 426 21338
7023 1457 72852
6327 42 2117
7023 754 37716
7023 1184 59212
6800 218 10931
7004 793 39685
7021 7 384
5441 19 977
7012 470 23525
6220 10 549
7004 95 4761
7026 715 35783
7004 1254 62716
5604 16 838
7019 85 4300
6405 18 946
6052 36 1823
7010 1701 85082
6205 105 5275
7012 1249 62495
7018 72 3633
7010 1713 85699
7001 713 35698
6589 145 7271
7001 681 34057
7055 665 33268
7022 262 13145
7018 664 33231
7049 915 45779
7049 563 28192
7020 860 43020
7025 481 24088
4982 137 6861
6859 36 1827
7049 1352 67625
7750 11 558
4953 54 2711
6906 8 441
6908 201 10098
6785 149 7463
6907 48 2446
7012 192 9637
5437 92 4638
6598 58 2912
7011 303 15163
7025 340 17003
7010 359 17959
6916 98 4926
6583 142 7144
7011 125 6260
5966 61 3087
6936 210 10526
7018 288 14424
7054 1512 75641
5894 76 3834
7008 559 27960
7025 598 29905
7007 64 3226
7049 919 45975
7046 98 4950
5029 161 8064
7003 1291 64566
6195 33 1674
6173 87 4358
7022 61 3070
7019 343 17187
6917 63 3166
7054 1139 56988
6659 63 3180
7019 208 10420
7054 1945 97278
7023 1457 72884
5337 209 10454
6226 67 3396
6596 53 2683
7004 708 35450
7049 966 48326
5912 13 665
7023 806 40311
7023 572 28606
6118 11 583
5092 21 1071
7014 524 26214
5501 8 430
7023 576 28803
7003 1508 75401
6284 73 3691
7014 685 34252
6478 125 6257
7054 780 39050
7560 79 3995
5227 27 1356
7017 676 33839
7020 235 11778
7017 1440 72032
7014 524 26201
7054 94 4749
7022 55 2761
7014 774 38720
5419 79 3954
6616 36 1833
7054 1220 61042
7010 69 3495
7004 1152 57640
7010 1317 65879
7003 935 46791
6341 81 4052
7017 508 25406
7008 322 16143
7023 586 29308
7049 676 33839
7049 363 18160
7012 1567 78382
7012 1189 59463
6303 145 7252
5449 71 3595
7001 135 6774
7023 1134 56716
7054 1737 86877
7014 189 9494
7017 1317 65880
7053 41 2076
7049 888 44405
6600 15 756
7004 1708 85442
6684 19 958
7010 1220 61035
6319 52 2608
7048 185 9295
7017 1699 84975
5005 167 8386
7008 1462 73134
5449 94 4723
6830 218 10950
6874 26 1302
7025 390 19504
7008 1468 73431
7012 746 37322
7003 8 434
7049 809 40471
7018 69 3488
7023 1377 68894
7004 1469 73477
6873 4 228
7055 706 35317
7496 16 821
7054 1563 78166
6785 98 4912
7001 479 23993
7007 130 6522
6799 75 3778
6021 32 1623
7003 319 15967
7026 369 18462
7014 74 3707
7051 33 1676
7023 1787 89353
7008 445 22268
7049 620 31050
7017 1424 71203
7008 269 13454
7130 19 991
7049 53 2666
7006 92 4640
7012 1432 71633
7017 4 219
7019 168 8430
7014 226 11341
5364 144 7248
7025 169 8481
7093 18 908
6853 149 7479
7012 605 30275
7022 67 3373
6589 124 6212
7012 227 11394
7003 1329 66471
7006 98 4909
7001 135 6790
7010 630 31543
7522 112 5628
7017 1317 65868
6861 43 2167
7001 491 24597
6919 45 2278
7017 903 45199
6145 49 2459
7017 145 7274
7006 555 27761
7008 1058 52944
7004 1037 51855
7019 528 26433
7049 563 28184
7001 776 38815
7014 138 6922
6865 90 4543
7001 624 31204
7003 1076 53824
7017 1616 80806
7025 131 6584
7004 128 6424
6942 0 18
7010 1358 67904
7020 537 26859
7014 786 39334
7010 33 1669
7023 921 46098
7020 1543 77196
4999 131 6554
7008 993 49670
6600 27 1355
7003 1613 80662
7054 1901 95070
6840 86 4308
7049 1272 63608
6698 95 4779
7004 266 13347
7047 20 1041
7023 978 48903
7022 12 631
6429 139 6984
7019 168 8435
6766 121 6057
6577 93 4655
7049 743 37163
7025 369 18470
6446 168 8428
6506 190 9507
7049 1175 58769
6409 0 34
7055 241 12078
6893 110 5537
7054 1046 52340
7625 105 5272
6980 88 4426
5985 189 9476
7012 192 9607
5418 35 1784
7007 58 2908
7001 1054 52741
7055 338 16909
5151 71 3589
7014 675 33773
6540 37 1872
6412 110 5545
7021 368 18432
7003 1287 64387
7010 1431 71578
5894 35 1788
6184 25 1276
7003 254 12715
7019 144 7225
7020 554 27727
6528 116 5812
7047 84 4248
7017 330 16518
7012 1100 55037
7004 990 49509
7341 31 1576
5462 1 90
7049 413 20674
7054 58 2902
7013 129 6470
6493 27 1385
7051 76 3823
7004 1255 62757
7012 433 21682
7131 74 3744
7018 253 12698
7022 166 8328
7003 1226 61332
7054 207 10356
6748 168 8448
7004 1098 54917
7012 635 31771
7012 1044 52239
6787 228 11422
7049 360 18011
7023 1377 68851
7053 45 2299
7012 755 37792
6957 50 2532
5000 84 4213
7017 1639 81979
6853 68 3433
6955 149 7493
7054 18 925
6426 125 6295
7055 48 2402
7004 1731 86560
7016 282 14101
7023 120 6006
7025 523 26181
7019 254 12702
7055 204 10232
7023 756 37821
7142 40 2014
7017 1401 70090
7017 1185 59254
5106 122 6129
7054 1517 75898
7021 186 9349
7025 403 20168
7019 245 12269
5187 134 6747
7014 1136 56821
7020 1331 66599
7017 130 6509
7010 1521 76060
7054 185 9266
7001 786 39345
7025 21 1069
6952 57 2891
7049 168 8420
7003 1272 63627
7049 563 28198
7008 1201 60066
7025 457 22892
7023 1820 91021
6921 2 107
6173 84 4222
5182 13 655
7003 854 42711
6427 15 763
6121 24 1208
6146 7 356
7010 121 6093
7026 830 41503
7018 405 20265
7054 1110 55541
7007 38 1925
5412 45 2258
7055 445 22264
7016 224 11231
7018 323 16155
7010 121 6065
7026 175 8792
7017 1491 74581
6074 76 3833
7004 656 32848
7022 155 7797
7020 671 33574
6786 71 3581
7012 651 32598
7021 26 1319
7054 1744 87242
6230 36 1823
7562 86 4302
7004 1075 53778
6605 172 8618
7049 444 22219
7004 80 4030
6606 91 4579
6369 140 7023
7004 1353 67677
7051 95 4794
7025 254 12745
7006 548 27405
7006 126 6342
7006 310 15531
6952 53 2700
7001 993 49683
6687 125 6277
6779 70 3545
7020 809 40492
7054 576 28831
7023 1444 72209
7023 495 24754
7049 1272 63645
7049 431 21573
7049 183 9176
6908 218 10906
6083 1 57
5086 8 430
7049 743 37163
7018 868 43409
7012 992 49609
7049 1740 87002
7055 356 17821
6939 59 2990
7049 418 20901
7004 521 26066
7010 3 168
7023 1797 89884
7003 1231 61581
7023 572 28606
7010 20 1017
7001 62 3111
7012 1432 71621
7025 481 24076
6529 18 917
5029 159 7975
7017 1301 65084
6785 98 4907
6369 142 7124
6483 15 775
6827 61 3055
7006 593 29692
7006 203 10160
5925 161 8099
7054 332 16648
7014 499 24993
7018 152 7645
7020 70 3522
7004 1305 65251
7021 141 7093
6885 49 2479
6912 98 4933
7054 1618 80936
5774 72 3605
5437 91 4573
7293 31 1574
7023 903 45186
7017 887 44387
7004 402 20138
5940 19 990
6649 98 4917
7004 1305 65297
6023 11 592
7004 1578 78924
7017 1292 64608
7013 63 3178
7001 903 45188
7025 457 22875
7018 69 3484
7048 33 1651
7020 1041 52080
7014 962 48107
7012 1363 68180
6689 128 6437
7026 7 398
7012 1753 87677
7006 429 21476
6840 85 4273
5144 13 690
5454 4 225
7026 783 39155
7003 948 47410
7012 470 23537
7054 1221 61074
7012 579 28997
7014 356 17849
7004 673 33697
7010 1240 62048
6342 88 4435
7049 966 48335
6835 18 912
7049 919 45989
6785 162 8102
7021 141 7054
7012 566 28334
6173 122 6146
7025 369 18463
7021 560 28048
7017 610 30548
7014 499 24958
5092 168 8441
7020 1501 75094
7054 1466 73315
7017 899 45000
7014 1543 77158
7522 2 114
7023 1283 64152
7006 424 21205
7014 499 24976
7008 1012 50623
6028 22 1142
7049 360 18007
6065 76 3819
7003 1075 53773
6343 144 7227
7017 1295 64787
7142 47 2363
7004 1708 85418
7016 310 15532
7023 1102 55134
7020 865 43267
7020 1667 83381
7049 1651 82557
7049 319 15965
6299 69 3467
7004 1152 57624
7003 205 10270
6921 3 165
7048 53 2669
6562 46 2304
7023 1015 50790
7049 1651 82557
7004 372 18633
7023 1782 89130
7008 176 8830
7004 1708 85418
7048 96 4812
7003 1278 63918
7014 1459 72971
7055 360 18017
7026 488 24425
7049 883 44192
7008 551 27589
7008 269 13454
7003 542 27104
5515 116 5846
6956 80 4009
7019 254 12713
5333 15 764
7013 235 11771
7046 0 24
7012 1476 73819
7004 176 8812
7010 410 20546
7008 309 15458
7010 1185 59260
7001 28 1417
7012 263 13199
7011 191 9597
7014 1102 55129
7008 206 10316
7001 40 2035
7049 1963 98186
7019 276 13842
7001 928 46402
7021 382 19138
7023 875 43787
5513 10 538
7010 236 11813
6551 47 2366
7012 328 16412
7049 406 20322
7019 221 11072
7011 126 6302
6788 8 424
7021 367 18395
7001 22 1124
7019 208 10408
7055 706 35336
5201 97 4875
7016 150 7545
7023 1048 52443
7017 899 44963
6905 90 4518
6280 100 5016
7023 521 26058
6885 29 1453
7008 551 27589
6631 34 1745
6783 16 809
4957 102 5135
7021 328 16410
7008 985 49262
7018 169 8454
7006 566 28348
7010 455 22794
7016 35 1793
7011 290 14529
6107 3 158
7023 1597 79884
7003 388 19430
7019 208 10414
6824 97 4891
7001 731 36557
7001 663 33180
7049 283 14194
7023 375 18796
7054 94 4718
7012 839 41955
7501 57 2854
5491 15 777
7014 740 37043
7054 1243 62196
6853 140 7028
7019 285 14288
7014 322 16142
7010 1289 64489
6942 88 4429
7020 906 45344
7014 1421 71077
7006 121 6087
7054 1645 82289
7054 256 12825
7023 1463 73181
7025 524 26240
7003 46 2320
7018 72 3615
7020 598 29948
7019 386 19306
7023 388 19427
7017 179 8977
6631 98 4923
7004 95 4772
6783 16 822
6599 92 4647
7020 996 49840
7055 600 30005
7055 338 16901
6562 110 5530
7020 160 8008
7054 1449 72464
7054 1737 86880
7048 184 9201
7001 1054 52713
7023 1575 78763
7012 1000 50037
7020 839 41957
6861 244 12221
7001 491 24589
7003 818 40923
6608 60 3001
6957 48 2405
6140 37 1854
7021 53 2664
7020 1896 94842
7054 477 23874
7022 56 2842
7010 6 306
7048 5 262
7017 72 3638
7023 1736 86829
7023 1184 59231
7049 1588 79437
7053 49 2462
7053 49 2469
6969 159 7961
5915 11 559
7013 129 6459
7010 1185 59273
6934 154 7723
7055 48 2405
7012 765 38258
6942 3 158
7014 1136 56827
7008 741 37068
5038 36 1834
7742 236 11813
7014 1616 80808
6942 74 3712
7008 1193 59681
7004 448 22420
7054 485 24283
6482 28 1408
5979 35 1767
7022 155 7796
7054 1016 50833
7018 288 14415
7014 751 37578
7020 470 23535
7010 519 25957
7004 708 35432
7442 22 1150
6805 99 4967
7049 1117 55882
7021 268 13413
7048 33 1692
7018 664 33231
7023 547 27352
7016 317 15863
7010 1158 57942
7021 776 38826
7018 143 7158
7008 471 23583
7054 1876 93817
7004 1731 86578
7004 498 24936
5201 7 400
7018 143 7162
6338 77 3857
5093 10 530
6835 18 912
7047 72 3642
7001 557 27890
7008 1440 72042
6620 83 4161
5565 29 1459
7004 266 13316
7003 131 6566
7019 221 11072
7003 532 26608
7008 681 34069
5393 21 1098
7049 676 33805
7001 549 27471
7010 1521 76064
7019 434 21723
4979 13 696
7023 1015 50790
6380 54 2703
7012 45 2287
7017 936 46816
6663 96 4846
7049 759 37952
7023 1379 68961
7049 1943 97196
7021 374 18729
7012 1000 50033
7020 1245 62271
7008 445 22274
7020 1775 88764
7018 593 29682
5581 27 1352
7018 555 27761
7023 349 17468
7014 791 39593
7008 1250 62515
7021 57 2887
7011 207 10355
7023 984 49221
6874 21 1086
7019 387 19354
7054 1847 92383
7020 1896 94837
7026 65 3292
6778 34 1749
7012 1567 78381
7054 929 46461
7017 1103 55174
7055 132 6645
7055 245 12267
6958 47 2394
7049 919 45993
7010 1217 60869
7017 1210 60535
7003 8 405
7023 903 45186
6765 102 5107
7003 1009 50458
6906 10 540
7017 425 21262
7054 1160 58005
6751 33 1663
7054 411 20578
7049 1485 74273
7020 1285 64296
7049 1130 56534
6475 20 1039
7008 1102 55141
6769 105 5293
6942 75 3775
6591 104 5211
7022 262 13126
7004 1103 55169
7004 346 17305
7013 88 4442
7017 1317 65880
5133 7 357
7562 73 3673
7007 13 691
7017 330 16524
7018 604 30223
6853 140 7049
7023 444 22225
7017 806 40307
7001 275 13791
7054 1731 86585
6917 233 11659
6084 5 291
7020 865 43267
7049 1352 67641
7019 285 14279
7012 1413 70698
7006 108 5416
5124 50 2549
5933 167 8377
7023 782 39143
7008 1013 50683
7026 563 28167
7054 1517 75899
7049 875 43767
7025 137 6899
7049 482 24129
7013 2 109
7020 1850 92526
6162 122 6119
7017 917 45872
7020 1928 96407
7020 1775 88763
4999 114 5740
7003 1287 64358
6656 11 589
