5059 56 2846
7003 1272 63613
7001 416 20844
7372 30 1541
6319 52 2608
7008 492 24613
6529 11 563
6084 7 380
7004 1317 65861
7018 37 1895
7008 176 8830
7054 1793 89687
7014 1211 60578
7008 716 35826
7020 1709 85471
7001 479 23993
7001 705 35273
7004 856 42836
7006 52 2622
7018 426 21315
7021 374 18729
7699 115 5764
7014 841 42085
6482 28 1408
6342 88 4435
7014 54 2749
7019 85 4289
7017 1292 64622
6520 16 815
5005 64 3220
7017 1389 69473
7016 263 13165
7055 245 12265
7017 130 6509
7010 417 20877
6409 0 34
7023 422 21142
7004 340 17022
7048 53 2696
7012 1684 84229
7018 37 1898
7014 1761 88077
7012 369 18489
7021 763 38164
7049 888 44405
7013 147 7352
7012 1291 64587
6427 15 800
7016 392 19650
6404 153 7698
5233 96 4835
7020 1501 75077
7017 746 37347
7054 4 221
7004 338 16949
7008 1342 67135
7006 52 2611
7055 394 19746
7004 681 34076
7026 40 2033
7001 994 49723
5201 10 516
6689 128 6437
7054 576 28844
7018 303 15176
7013 88 4432
7004 1546 77350
7003 1159 57953
7020 1848 92401
7049 883 44189
7017 717 35879
5093 18 906
7012 45 2269
7010 20 1017
6906 34 1741
6616 46 2335
6947 30 1550
7054 1980 99020
5005 167 8386
7008 161 8055
7017 136 6838
7018 604 30223
6787 60 3050
7055 728 36438
6905 16 822
7054 1056 52807
7017 1641 82087
7001 1008 50437
5925 132 6638
7021 123 6183
6650 28 1405
7026 535 26758
7003 1508 75401
7018 701 35056
7001 491 24552
7014 1178 58935
6162 122 6119
7020 1443 72168
7010 1289 64489
7022 166 8326
7054 1977 98895
7054 1587 79361
6286 4 203
7054 1121 56060
7055 356 17847
7018 888 44404
6490 121 6088
7006 489 24483
6362 5 294
7054 893 44690
7012 291 14600
7016 129 6498
6653 112 5622
7012 1523 76167
6589 124 6212
6475 20 1039
6406 121 6053
5093 10 530
7017 1447 72381
7025 369 18463
7026 83 4182
7054 383 19166
7055 394 19702
7049 1153 57693
7025 481 24088
7021 457 22859
6687 125 6277
7010 6 308
5382 205 10278
7017 1436 71832
7020 1331 66568
7018 264 13223
7021 237 11896
6768 83 4174
7003 254 12735
5933 172 8641
7025 457 22871
7048 86 4306
7008 313 15697
7055 706 35336
7003 897 44876
7004 1305 65297
7020 1717 85871
7026 213 10662
6226 67 3396
7022 12 631
6790 61 3055
7025 340 17003
7054 761 38076
7023 1525 76275
7006 335 16770
7115 38 1932
7014 962 48107
7023 55 2790
6853 68 3433
7001 22 1131
7023 251 12557
6343 144 7227
7008 844 42222
6426 56 2822
7353 33 1694
6942 75 3775
7012 277 13867
5515 110 5503
7049 1993 99651
6431 21 1075
7017 650 32550
7020 953 47691
7010 1237 61891
7008 1072 53631
7055 13 678
7011 126 6314
5911 46 2340
5154 117 5887
7008 533 26652
6788 8 405
7014 1211 60570
5624 13 670
7014 1431 71565
7049 1993 99693
7018 664 33231
7026 488 24425
7054 1380 69036
7010 901 45100
7003 1254 62714
7008 974 48718
5419 71 3584
7001 972 48637
7008 309 15461
7054 1226 61312
7750 11 558
7054 1360 68030
6853 66 3321
7014 499 24952
7012 561 28062
6235 0 19
7016 198 9902
7016 143 7186
7026 38 1931
7020 835 41753
6683 116 5839
7008 1250 62515
6792 21 1052
7010 410 20541
7046 51 2563
7008 1351 67600
7634 133 6695
7017 1454 72715
7055 720 36036
7014 1210 60546
7020 1928 96407
5364 131 6572
7049 919 45987
7004 167 8398
7021 65 3264
7025 242 12110
7012 1567 78382
5354 15 765
6957 50 2532
7022 155 7796
7003 844 42249
7023 1787 89353
7010 488 24448
7004 167 8367
7054 1517 75899
4999 84 4240
7010 620 31003
6840 74 3710
7394 8 446
6605 165 8288
7014 499 24958
6551 47 2366
7023 1085 54270
7047 72 3646
7017 1389 69455
7458 47 2376
7023 291 14567
6934 50 2522
7049 433 21694
6402 49 2488
6664 158 7925
7049 1993 99655
7004 656 32843
6594 70 3540
7023 931 46572
7326 48 2437
7003 948 47410
7020 1355 67791
7004 167 8353
7023 571 28576
7049 864 43208
6919 45 2278
6342 32 1604
7001 865 43260
7054 1226 61304
7054 1977 98895
7003 1509 75494
7020 809 40481
6344 21 1072
6423 202 10143
6454 10 550
7021 814 40715
7023 1020 51024
7012 1651 82557
7025 523 26181
5179 38 1917
7023 1678 83903
7018 893 44665
7010 455 22794
7012 1100 55037
7012 1291 64591
7054 485 24270
7020 1285 64277
7004 46 2310
6980 26 1332
6506 165 8256
7003 571 28564
6974 111 5597
7048 5 262
7018 701 35097
7020 904 45222
7013 226 11348
5187 134 6747
7012 771 38589
7001 767 38389
7020 1521 76069
7001 54 2714
6946 68 3424
7001 451 22586
7016 79 3967
7019 36 1818
6773 224 11219
7022 110 5513
7023 756 37802
6979 110 5535
7049 719 35959
7006 479 23962
7001 772 38610
7021 227 11389
7010 634 31740
5616 163 8181
6462 19 953
7012 746 37344
7014 808 40447
7003 532 26638
6123 129 6476
7010 121 6093
6327 1 76
5457 23 1154
7054 185 9266
7019 276 13845
7026 492 24605
7023 174 8731
7006 184 9239
7004 1098 54917
7046 84 4238
5364 106 5314
6319 116 5815
7004 673 33697
7023 1283 64186
7017 154 7745
7055 196 9816
7023 1601 80053
7001 690 34519
6620 60 3008
7014 803 40184
6298 7 394
6912 66 3306
6310 55 2795
7394 1 63
7014 740 37050
7010 1117 55898
7049 611 30551
7020 1442 72105
6752 77 3876
5390 56 2845
7004 1364 68229
7023 409 20460
7004 176 8808
7018 319 15994
7018 118 5940
7010 759 37994
6905 90 4518
7055 197 9892
7054 1512 75641
6979 133 6677
6803 36 1825
7054 1466 73315
7007 39 1969
7026 54 2734
5929 65 3294
7003 205 10270
5099 43 2198
7001 373 18696
7022 155 7770
7004 563 28161
7046 84 4246
6562 41 2065
7008 247 12384
6594 21 1075
7004 310 15523
7010 1657 82895
7016 143 7186
5452 2 147
7025 119 5974
7010 901 45054
7014 751 37578
7008 282 14109
6633 15 753
7012 1707 85360
7013 235 11798
7049 509 25489
7010 1677 83862
7054 1591 79588
7023 1601 80054
7020 1775 88764
7018 784 39206
7025 263 13169
7010 1476 73825
7020 301 15063
7008 309 15466
7049 1073 53681
6787 9 470
6888 62 3125
6785 96 4820
7003 965 48293
7142 58 2945
7391 95 4764
7016 40 2028
7004 469 23461
6689 128 6441
6827 61 3055
6885 49 2479
7014 925 46267
6649 97 4898
6600 27 1381
7001 919 45962
7017 130 6548
7013 100 5044
7054 1618 80936
7049 1051 52571
7026 74 3722
7012 566 28316
7023 1797 89884
7054 373 18672
5611 50 2540
7054 411 20554
6529 19 951
7007 7 357
6343 144 7244
7023 1787 89370
5535 18 926
7054 1021 51095
7055 210 10533
6098 81 4097
7014 1616 80808
7049 1943 97196
7008 292 14636
6905 25 1278
7010 515 25777
6462 13 666
7012 1363 68164
4999 72 3613
7014 1597 79873
7049 572 28601
7013 64 3229
7023 119 5954
7020 839 41998
7022 61 3070
7017 1612 80613
7019 76 3812
5547 23 1161
7436 113 5655
7026 869 43452
5386 175 8752
7023 187 9391
7001 131 6564
6631 43 2164
7003 657 32864
6647 175 8779
6835 92 4617
6874 26 1302
6919 1 96
6980 78 3913
7003 8 405
6906 11 572
7012 1629 81451
7010 121 6078
7054 1731 86585
7013 16 850
5124 53 2656
7003 1294 64735
7006 53 2692
7008 322 16143
6028 20 1047
7017 84 4238
7010 1240 62050
5151 84 4215
7025 350 17510
7130 19 991
7017 330 16518
7012 992 49609
7013 88 4408
7001 394 19741
7014 75 3783
7003 992 49628
7008 605 30269
7003 131 6587
7004 266 13316
7054 1139 56988
7020 192 9635
6341 78 3940
7049 273 13654
7054 257 12877
7007 78 3946
6084 7 366
7014 1601 80097
6501 6 326
6921 9 475
7018 664 33241
7001 93 4684
6689 17 858
6362 5 294
7014 394 19704
7004 128 6424
7008 35 1785
7012 143 7152
7010 1094 54735
7049 563 28198
7049 406 20322
7004 1469 73477
7560 22 1104
7049 676 33805
7010 1289 64489
7054 1466 73315
7014 1304 65210
7020 818 40927
7021 382 19138
7012 201 10074
7054 1150 57549
7003 194 9740
7004 1006 50319
7019 59 2968
6656 11 589
7017 402 20145
7003 226 11311
7003 1272 63632
7004 1492 74612
7014 1543 77161
5074 23 1191
7010 121 6067
7025 303 15193
7026 397 19878
7004 448 22420
7054 1519 75962
7004 1374 68716
7049 1580 79019
7046 0 48
7020 582 29115
7001 416 20808
7008 681 34094
7054 1563 78166
7004 521 26089
7501 47 2353
7019 482 24142
7023 1435 71769
6012 9 455
7017 16 816
7023 1195 59789
7010 1166 58327
7012 1563 78199
7049 433 21660
7049 847 42356
7020 1543 77196
5501 8 430
5167 2 113
6563 126 6316
7141 47 2379
7020 996 49812
6074 74 3746
7010 943 47164
6687 22 1144
7017 1282 64146
6871 144 7229
6980 119 5985
7003 59 2967
7019 245 12264
7003 992 49631
7026 147 7397
7017 1012 50618
7023 187 9397
6773 63 3199
6947 34 1712
7055 241 12062
7023 756 37821
6327 2 103
7003 64 3241
7014 322 16142
7023 1222 61103
7020 566 28336
7016 58 2901
6380 57 2878
7023 1678 83945
6507 134 6709
6305 23 1181
7054 899 44988
7048 96 4812
7021 570 28513
7023 1416 70847
7017 425 21283
7012 1576 78834
7012 433 21682
7004 1059 52951
5169 55 2761
6634 31 1600
7004 1698 84906
7004 1287 64396
7021 715 35790
6959 149 7477
7004 521 26074
7012 755 37792
7007 39 1979
7014 54 2736
6663 96 4846
6676 21 1074
7021 646 32330
4957 106 5348
7054 929 46498
7442 215 10791
7026 397 19871
7021 580 29012
7012 263 13199
7019 76 3810
6620 89 4495
7010 1028 51435
5940 20 1020
7013 7 388
7023 1283 64152
7018 81 4077
7017 426 21312
6915 209 10484
7012 150 7529
6957 55 2772
7059 21 1079
7014 1614 80749
6405 21 1067
7008 1171 58585
7012 140 7047
5133 7 357
7054 893 44688
7018 627 31365
6642 88 4403
7012 1183 59167
7001 277 13885
7054 785 39282
7012 1445 72264
7014 1536 76803
7018 114 5708
7014 1167 58372
4992 70 3534
6145 49 2459
5227 30 1516
7049 1478 73944
6551 63 3163
5961 11 559
6327 42 2117
7021 303 15169
6812 10 522
6905 5 264
6338 76 3849
7666 9 465
6475 11 599
7008 825 41256
6280 100 5016
7049 611 30560
7020 1285 64279
7010 286 14324
7017 782 39127
7048 5 262
7055 68 3424
7018 152 7645
6528 65 3274
7023 1705 85251
7006 108 5427
6322 4 206
7014 187 9383
7131 74 3744
6647 140 7010
6792 12 603
7023 1195 59786
7003 771 38588
6098 68 3432
5068 87 4397
7049 183 9176
7007 64 3226
5602 32 1608
7394 8 446
7017 330 16518
7049 1308 65425
6979 113 5661
7048 9 478
7010 519 25957
7004 556 27821
7014 675 33773
7026 677 33862
7001 61 3066
7017 425 21272
7006 512 25613
5998 8 445
6404 155 7785
7017 179 8977
5436 16 821
7019 168 8430
6501 1 58
7021 368 18433
6639 28 1422
7049 1874 93725
7004 1429 71497
5419 73 3670
6327 42 2117
6776 28 1416
5013 178 8910
7004 1254 62716
7023 785 39298
6284 73 3691
5089 30 1533
7014 1099 54954
7019 343 17187
7020 720 36033
7008 1415 70783
7001 16 850
7023 668 33405
7017 168 8406
6939 59 2990
6182 93 4674
7026 147 7395
5326 37 1884
6475 12 631
7013 129 6470
6379 172 8637
7008 1251 62577
7051 4 219
7006 310 15531
7054 1341 67100
7021 53 2687
7017 480 24035
7012 1567 78398
7006 387 19396
7047 84 4248
7018 169 8454
7017 1432 71636
6866 99 4958
7004 556 27817
7025 524 26210
6140 37 1854
7003 185 9289
7001 651 32558
6965 0 9
7054 1876 93817
7023 237 11866
7055 248 12401
7054 1044 52228
6934 154 7723
7003 804 40232
7003 1607 80380
7013 63 3178
6792 20 1050
6327 2 148
7054 1737 86875
7003 298 14936
6382 14 750
7008 844 42245
7004 456 22820
6874 51 2575
7006 293 14656
7017 170 8504
7014 841 42053
7020 790 39545
7004 1611 80600
7008 1209 60454
7012 169 8500
7008 117 5853
7023 1681 84063
7021 141 7054
5911 53 2671
7001 713 35657
6125 70 3521
7026 650 32530
6785 162 8102
5508 99 4974
7003 898 44913
6195 33 1674
7014 128 6410
7004 1526 76306
5337 204 10243
7008 282 14137
6023 11 592
6853 144 7223
7018 224 11231
7021 282 14133
7003 1580 79027
6917 227 11385
6783 38 1945
6773 60 3013
7001 776 38804
7018 627 31377
7026 147 7373
6999 41 2097
7054 673 33657
7026 147 7381
7003 1076 53824
6305 44 2223
6769 93 4659
7003 1075 53773
7025 260 13044
7011 261 13060
7010 614 30728
7018 303 15159
7023 699 35000
6656 11 589
7014 524 26212
7023 302 15141
7017 1052 52610
7025 66 3318
7019 326 16321
6787 68 3405
7017 1719 85989
6147 24 1218
7017 899 44954
7008 559 27976
7054 1907 95377
7014 791 39593
7008 445 22300
7055 245 12275
7023 167 8397
7004 1132 56639
7014 138 6922
7017 756 37848
7021 123 6180
7049 1651 82557
7054 946 47336
6859 121 6093
5089 37 1866
7054 1226 61344
5501 0 39
6092 191 9559
7051 75 3758
7020 952 47632
7006 520 26038
6840 85 4273
7001 787 39357
6786 70 3503
5099 45 2257
7012 1363 68180
7017 1376 68805
7008 43 2197
6853 66 3327
7020 611 30598
7023 411 20594
6631 35 1791
5005 161 8093
7054 1524 76230
7007 119 5973
7008 1273 63682
7055 360 18028
7054 227 11365
7020 1501 75094
7026 117 5870
7055 678 33934
7021 538 26941
6589 124 6212
7023 668 33432
7004 1294 64733
6370 4 203
7021 328 16424
7014 793 39658
7017 145 7296
7010 1520 76050
7049 724 36214
7047 43 2196
6304 123 6160
7006 98 4907
7001 731 36557
7023 1377 68894
7049 1996 99808
6121 45 2284
5894 35 1788
7008 611 30565
6577 92 4635
7048 102 5116
7049 1791 89592
7011 261 13072
6853 140 7049
7019 276 13837
6922 151 7563
7055 338 16927
7012 643 32168
7010 888 44450
7724 44 2222
6980 19 964
7020 1775 88773
7008 1221 61065
6689 40 2040
7006 125 6291
6564 171 8594
7019 285 14295
7003 194 9746
7025 66 3302
7625 105 5271
7008 1 82
7004 986 49314
6454 14 727
7013 2 109
6528 65 3252
6825 12 643
7020 1521 76061
7004 1578 78940
7013 49 2487
6589 147 7391
6195 43 2182
6633 17 892
6483 15 775
7003 1609 80480
6076 123 6194
7012 545 27252
7542 33 1691
7023 1048 52403
5089 30 1533
7017 802 40111
7014 1724 86245
7026 536 26843
7004 1611 80568
7014 138 6922
7010 1118 55940
6304 125 6270
7026 227 11367
7054 1444 72229
7054 1512 75643
6599 92 4647
7018 888 44413
6007 39 1965
7010 1720 86010
6785 159 7977
7018 253 12698
7049 360 18033
7012 1693 84652
5354 12 626
6076 124 6213
7023 846 42350
5144 13 690
7014 1265 63275
7026 715 35788
7054 94 4725
7017 1447 72383
7049 1013 50688
6305 42 2107
7022 155 7796
6917 63 3189
7012 1100 55037
7055 360 18017
7084 15 765
7023 1184 59212
5179 36 1814
6007 145 7293
7010 1476 73831
7014 128 6421
7054 408 20411
6629 27 1399
7006 310 15546
7017 734 36749
7017 996 49814
5382 24 1235
6382 36 1842
7625 4 246
7017 1045 52285
7010 1317 65879
7003 557 27874
7008 497 24864
7004 1364 68230
6121 24 1208
7014 1116 55802
7014 1280 64018
5588 197 9886
6535 190 9515
7020 1896 94837
6667 18 901
6339 64 3247
7001 865 43258
6631 100 5032
6993 22 1112
7400 164 8244
7049 903 45153
7006 435 21752
7047 94 4704
7017 130 6536
7023 99 4958
7017 109 5454
7014 524 26201
7001 1140 57047
6404 178 8949
7003 1250 62530
6028 24 1216
7017 650 32501
7025 508 25402
7018 903 45191
7025 343 17186
7054 1146 57329
7014 475 23766
6980 232 11649
5187 65 3272
7017 339 16966
5588 197 9886
7001 381 19078
7012 635 31766
7049 1352 67616
6683 158 7916
6942 83 4194
7014 980 49021
7012 384 19225
7010 1185 59260
7004 936 46841
7054 1233 61683
7049 1626 81312
7019 498 24908
7004 929 46498
7020 1341 67075
7020 1543 77184
6797 13 682
7008 1148 57425
7021 421 21090
7012 765 38270
7003 210 10526
5774 61 3069
7020 907 45397
7004 360 18014
7017 709 35485
7012 1684 84225
7012 862 43148
7026 475 23797
7012 643 32156
7014 1760 88011
6166 18 929
7018 118 5929
6785 161 8095
7049 168 8420
7001 776 38804
7018 607 30396
7012 771 38578
7021 417 20851
6761 36 1845
7001 865 43260
7010 1538 76918
6563 127 6364
7003 657 32879
5090 56 2841
7004 1708 85442
7025 369 18470
5106 157 7900
7048 76 3837
7012 98 4902
7054 762 38142
7010 251 12597
6825 14 741
7001 1017 50893
6874 21 1086
7006 424 21205
7466 103 5189
7021 418 20950
6642 93 4651
7003 77 3879
7023 1268 63425
7004 1241 62074
7006 190 9502
7023 958 47912
5133 3 187
7018 903 45191
7023 1705 85251
7016 133 6654
6787 227 11356
7018 959 47997
7020 88 4412
7016 383 19194
6226 81 4093
7023 1446 72341
7012 449 22474
5602 46 2327
7012 149 7451
7054 1901 95070
6367 54 2714
6919 39 1959
7010 341 17097
7049 1723 86159
7001 731 36585
7023 1048 52437
5521 1 87
6788 8 424
7010 15 797
7049 1963 98192
5971 23 1174
7021 123 6180
6560 36 1804
6830 212 10648
6980 19 964
7051 97 4854
6600 67 3385
7011 290 14529
7023 1184 59226
6787 234 11712
7093 18 908
7054 1121 56060
6811 47 2357
6698 95 4779
6664 158 7925
7054 576 28812
7020 197 9882
7001 884 44246
7020 1443 72160
7020 655 32759
7001 1017 50880
7004 1373 68681
7054 1591 79578
5106 78 3942
7017 40 2019
6769 137 6863
7004 456 22821
5933 172 8610
7004 412 20611
7023 561 28073
7017 203 10163
7008 595 29780
6952 57 2891
7142 40 2012
7023 818 40917
7010 121 6078
7054 312 15625
7020 996 49840
7014 1083 54176
6916 161 8080
6565 140 7043
7017 1513 75679
7026 174 8705
7001 387 19393
7012 291 14595
7013 72 3625
7018 509 25455
6999 33 1660
7017 43 2190
7001 1189 59481
6688 11 566
7054 97 4875
7025 598 29905
6952 49 2458
7013 64 3218
6785 162 8128
6955 19 979
5600 152 7617
5363 10 503
7004 1611 80568
5449 94 4723
7023 1626 81316
7012 771 38588
7049 417 20861
7006 548 27405
7054 1137 56894
7049 1490 74526
7021 57 2877
7007 58 2905
7049 1195 59777
7012 507 25352
7010 1538 76926
7008 1193 59677
6907 199 9962
6653 112 5622
7049 933 46700
6406 162 8137
6594 70 3540
7025 477 23877
6611 131 6562
7049 1356 67808
5331 209 10464
6052 36 1823
6563 124 6226
7019 254 12701
7014 1536 76821
7001 16 847
7007 130 6522
6912 98 4933
7053 49 2469
5929 65 3272
7003 779 38998
7017 899 45000
7025 598 29905
7054 1016 50841
6211 134 6728
7049 879 43981
7026 867 43367
7014 1576 78846
7025 408 20439
7020 1442 72110
5508 96 4835
7026 830 41538
7008 322 16135
7054 929 46461
6800 218 10931
5925 143 7187
6428 12 609
7004 98 4924
7023 605 30296
7012 18 913
7023 1323 66182
5515 215 10763
7017 130 6506
5328 81 4077
7055 241 12078
7017 1440 72032
7026 232 11650
7021 102 5132
7012 1576 78817
5985 189 9476
7012 33 1664
7001 669 33498
6786 54 2733
7010 943 47151
6528 74 3750
6102 17 854
7004 140 7009
7018 844 42221
7004 708 35432
7001 394 19701
6780 107 5361
7049 447 22370
7014 1760 88019
7010 69 3495
6043 141 7059
6752 63 3155
7049 1340 67030
7016 310 15506
7054 408 20443
7006 190 9501
6751 33 1663
7012 992 49605
7006 387 19378
7013 129 6490
7012 856 42821
6969 159 7961
7046 0 20
7049 1208 60414
6098 122 6101
7026 40 2009
7020 904 45246
7019 57 2871
6506 186 9308
5933 130 6508
7012 319 15977
7054 1147 57357
7054 1580 79008
7049 1608 80436
6356 74 3723
7014 127 6400
7020 777 38853
6591 149 7462
7010 443 22171
5515 211 10571
7008 897 44894
7006 205 10262
7054 673 33680
7049 308 15430
7021 598 29945
7020 666 33307
7054 1160 58005
6405 12 609
6680 39 1998
7021 163 8182
7010 1240 62048
7018 394 19701
7020 904 45208
7026 475 23768
7023 846 42330
6023 50 2519
7023 909 45494
6600 131 6579
7004 360 18016
7019 276 13819
7004 346 17313
7054 1617 80874
7023 96 4842
7008 1211 60589
7017 330 16524
7023 1626 81328
7293 2 121
5104 12 621
7054 1563 78186
6327 1 58
7014 484 24233
7001 994 49713
6853 99 4982
5205 6 323
7054 477 23854
7018 555 27752
7054 264 13203
7006 19 984
6374 14 734
7025 508 25402
7013 63 3178
7010 69 3463
7026 499 24984
5912 13 665
6631 96 4825
7010 1438 71913
7023 66 3326
5001 21 1086
7021 310 15511
7054 463 23157
7010 1188 59405
6261 27 1379
6046 92 4623
7008 1072 53648
7020 731 36566
7004 46 2309
7016 150 7518
7025 429 21475
7020 731 36566
7625 105 5272
6405 14 737
6021 32 1623
7001 993 49676
7018 118 5926
6605 169 8500
6148 11 563
7047 84 4248
7023 237 11856
7007 129 6472
7026 227 11382
6303 190 9522
7023 806 40311
7011 44 2245
6649 94 4740
7022 155 7756
6591 95 4753
7006 476 23840
5920 2 138
7054 1147 57396
7012 1165 58279
7003 1500 75048
7008 188 9440
7010 1713 85656
5933 109 5496
7003 1509 75492
7054 544 27234
7142 47 2361
7022 25 1274
7008 1299 64970
6159 32 1619
7017 1012 50618
7018 297 14856
7017 650 32512
7020 12 605
7012 1046 52311
7008 993 49675
6184 26 1312
7025 21 1076
6776 77 3854
7047 20 1041
6956 91 4580
7014 1116 55810
7054 819 40986
6091 3 159
6147 28 1410
7055 89 4460
7055 247 12379
7049 1580 79048
7014 1613 80683
7014 894 44748
6906 34 1715
7016 150 7545
6812 15 759
7014 1601 80097
6778 34 1749
7023 1844 92232
7007 38 1904
7004 681 34062
7003 854 42746
5106 122 6129
5386 132 6637
7010 1579 78980
7008 586 29337
7529 109 5472
7003 820 41021
7049 932 46634
7008 1436 71842
7020 818 40905
7020 1658 82927
5598 89 4451
7047 72 3642
6769 93 4661
7012 470 23525
7014 1061 53066
7017 676 33834
7003 385 19293
7017 829 41481
7054 1060 53011
6475 19 974
6863 21 1072
6978 173 8664
7023 1891 94597
7023 958 47937
5452 53 2672
7026 676 33808
7019 285 14288
7017 529 26482
6952 53 2700
6139 30 1505
7049 227 11379
6611 155 7771
7012 1567 78381
7049 1352 67616
7020 1778 88933
7023 875 43781
7008 780 39038
7014 240 12039
7049 1484 74235
6853 95 4780
6999 54 2713
6360 92 4643
7004 842 42140
7021 485 24300
7023 1571 78571
6594 24 1211
6299 3 184
7010 3 191
7008 1013 50651
7019 144 7225
6835 18 912
7003 744 37218
6581 20 1042
5418 35 1784
7026 541 27075
6958 41 2077
7010 359 17959
7001 135 6774
7054 97 4880
7018 515 25779
7049 719 35994
5151 24 1201
7049 883 44166
7016 317 15863
7001 864 43203
6957 48 2405
7010 1650 82540
5038 40 2015
7023 586 29339
7054 46 2319
7012 415 20784
7003 65 3272
5182 13 655
7010 486 24344
6467 48 2439
7004 1731 86565
7021 81 4087
6589 131 6555
5393 21 1057
6594 26 1327
6064 7 389
7004 398 19904
5337 150 7539
7010 236 11813
7012 143 7197
7023 1664 83208
6917 1 89
6235 0 2
7023 1870 93505
5925 142 7136
7049 1836 91841
6199 183 9193
7001 660 33024
7014 180 9014
7021 367 18395
7054 761 38079
7008 43 2180
7004 433 21684
7007 121 6098
6336 33 1686
7004 681 34091
7001 990 49545
7016 143 7154
6453 56 2832
5095 20 1021
7020 51 2577
7026 844 42229
7023 984 49228
7003 1629 81480
7008 1440 72042
7049 662 33115
7007 38 1925
7054 914 45703
5602 49 2467
6503 0 24
7021 102 5148
7023 99 4990
7006 597 29860
7529 109 5472
7021 646 32350
5155 100 5029
6631 96 4804
7021 368 18404
6840 86 4308
7019 138 6942
7023 174 8710
7008 471 23583
7023 1379 68978
7023 1055 52793
7010 589 29495
7008 1255 62752
7055 600 30028
7008 445 22300
6649 98 4917
7019 492 24647
7008 247 12378
7054 185 9266
7023 795 39757
5979 37 1870
6916 203 10185
7023 1871 93581
7020 158 7925
7014 290 14502
6503 4 233
7003 298 14936
7018 337 16881
7049 884 44245
7055 514 25707
7014 1043 52181
7003 426 21341
6779 70 3545
7055 188 9428
5179 183 9169
7004 412 20633
7010 1438 71914
5491 15 777
7017 168 8406
7014 1116 55826
6991 2 138
7008 1213 60695
7049 966 48326
7014 1083 54159
7006 153 7698
7054 762 38104
5933 167 8377
7004 8 413
7014 74 3705
7019 434 21723
7016 40 2018
7049 1175 58778
6879 32 1627
7008 1375 68763
6853 147 7395
6072 24 1234
7003 20 1023
7054 914 45713
6893 40 2001
7004 1114 55722
7054 674 33741
7023 1797 89852
7017 1401 70065
7055 273 13682
7014 226 11341
7008 1201 60089
5179 31 1600
7010 1688 84401
7023 1681 84074
7001 993 49676
7049 724 36218
7021 571 28581
7049 1874 93750
7008 112 5640
5441 16 849
7054 58 2939
7010 1508 75425
7010 1158 57918
7054 1607 80378
7019 276 13843
6091 148 7429
7093 6 349
6206 127 6378
7017 708 35443
7023 920 46034
7013 49 2468
7001 33 1665
7003 725 36259
6052 21 1080
7001 972 48637
7046 98 4907
6692 95 4779
7049 29 1500
7003 1609 80480
7004 102 5103
7010 619 30982
7054 408 20409
6893 112 5628
7001 479 23993
6369 118 5905
7003 1329 66471
7049 1422 71111
6951 38 1912
7019 380 19018
6589 1 76
6076 124 6213
7010 1351 67579
7054 152 7611
6993 19 986
6091 159 7966
7049 1308 65438
6426 56 2822
7054 531 26583
7054 617 30863
7020 906 45344
7014 1613 80683
6993 6 342
7003 1010 50520
7014 1421 71069
7012 1044 52239
7049 1518 75939
7049 1651 82557
7023 525 26265
7001 497 24880
7017 760 38004
7014 1510 75538
5226 59 2992
7055 590 29532
7008 309 15458
6312 43 2181
6560 35 1753
7020 160 8050
7023 360 18016
6973 121 6087
7012 1718 85923
7018 331 16556
6192 167 8396
6023 47 2361
7049 1720 86021
7012 1753 87677
7049 730 36545
6338 77 3857
7096 24 1227
7013 64 3206
7004 640 32025
7018 603 30189
7006 126 6342
7054 256 12825
7020 687 34393
7013 194 9725
7026 488 24433
7003 244 12236
6608 60 3001
6952 21 1062
7054 1873 93681
7004 1305 65251
6656 11 599
5151 135 6785
7007 13 691
7010 1117 55855
7008 206 10343
7022 155 7797
7017 1432 71641
7021 538 26903
7023 120 6026
7008 1462 73134
7010 1467 73380
5187 134 6747
5233 133 6670
7010 1638 81949
6387 79 3997
7560 79 3995
7004 176 8812
6942 3 152
6748 171 8556
7011 191 9597
7049 482 24129
6591 105 5270
7004 1155 57762
7013 10 544
6021 32 1613
7020 1245 62271
7020 799 39957
5155 100 5023
7054 1515 75793
7012 561 28080
7022 25 1261
7048 5 278
7502 81 4077
5466 2 115
5462 1 90
7008 445 22274
7633 115 5796
6969 139 6959
6698 95 4779
6885 68 3414
7023 444 22232
7017 1236 61833
6007 15 784
7001 681 34057
7017 903 45190
7054 1243 62165
7055 491 24595
7019 36 1831
7026 65 3267
7018 319 15989
7049 1352 67649
7054 256 12844
6917 239 11955
6342 28 1447
7021 141 7093
7051 14 711
7049 444 22219
7010 236 11820
4999 131 6554
6776 38 1938
6917 236 11848
7001 437 21885
7146 36 1822
7008 447 22365
6348 32 1628
7020 799 39951
7017 1454 72708
7010 974 48723
7010 1733 86690
7049 417 20855
7001 556 27826
7003 557 27890
7025 350 17515
7021 485 24282
6783 37 1871
7014 1510 75508
7014 1602 80103
7711 5 258
7001 990 49545
7017 1042 52131
7010 552 27612
7017 1145 57264
7054 648 32411
5521 1 81
5412 45 2258
6478 45 2265
5179 133 6672
7025 303 15151
7008 1273 63671
7008 352 17618
7011 167 8360
6417 172 8634
5361 21 1096
5523 2 102
7049 1232 61617
7006 43 2190
6404 196 9819
7008 533 26685
6533 125 6287
7014 240 12024
7004 412 20614
7023 1451 72551
7008 188 9417
7023 56 2829
7049 360 18011
7010 1166 58306
7004 340 17045
7012 1567 78389
7001 423 21153
7008 269 13454
7017 528 26422
6871 132 6610
7014 139 6996
7017 40 2005
7054 1380 69007
7001 1105 55277
5386 128 6448
7008 1012 50626
5462 1 90
5979 39 1978
7001 556 27812
4957 103 5161
7014 793 39672
7046 98 4950
7010 201 10095
7018 728 36433
7001 549 27471
7011 317 15881
7010 1405 70291
7018 86 4339
6027 116 5849
7054 1311 65569
7023 38 1941
7008 1012 50612
7004 1732 86618
7013 134 6733
7006 92 4640
7023 576 28819
7018 86 4350
7001 1062 53137
7014 322 16119
7528 226 11336
7026 806 40349
7017 1664 83207
7055 27 1360
7049 363 18160
7020 1848 92431
7023 1490 74539
7055 720 36034
5949 19 999
6952 58 2903
7004 1328 66407
7017 553 27688
6664 224 11238
7021 310 15511
7008 1012 50627
7054 1147 57357
7049 1272 63608
7010 1520 76027
5154 74 3750
6305 65 3277
7054 1021 51093
7019 168 8435
7017 899 44993
7018 165 8268
7054 942 47127
7025 554 27708
6884 19 958
6620 81 4099
7023 1919 95995
7008 322 16136
7004 1243 62166
7012 222 11117
7017 899 44963
7018 114 5709
6959 204 10214
7008 1443 72170
7047 76 3846
7054 1046 52313
7012 201 10081
5598 48 2445
7017 1295 64787
7021 241 12080
7023 965 48299
6611 132 6628
7049 283 14193
7012 535 26788
7004 1287 64390
5353 13 662
7008 1211 60556
6092 191 9559
7008 399 19990
7004 593 29689
6871 146 7325
7048 204 10211
6917 63 3166
7049 159 7973
7011 297 14851
6686 30 1514
7023 120 6006
7023 1048 52435
6799 75 3778
7021 499 24981
7023 681 34078
7012 1100 55003
4986 9 469
6873 3 161
7019 245 12269
7014 1319 65961
6805 99 4967
7020 669 33459
7017 1301 65070
7021 838 41907
7003 1226 61332
7008 245 12277
6310 57 2864
7010 539 26951
6406 192 9632
7054 1147 57396
5527 30 1502
7049 1315 65774
7023 547 27352
6942 3 158
7023 1919 95954
7020 655 32759
7017 1558 77925
6462 11 592
7136 50 2536
7020 687 34379
7049 1993 99698
7003 1056 52850
7023 588 29424
6993 18 908
7023 782 39143
6600 70 3517
7014 1474 73725
7018 49 2497
7020 757 37857
5136 52 2610
7020 865 43271
5605 95 4776
6969 88 4450
6195 33 1674
7017 480 24023
7023 965 48289
6667 15 766
7010 648 32441
7008 1201 60066
6874 54 2738
7016 176 8812
7023 360 18028
7003 858 42922
7020 593 29686
6427 18 939
7012 328 16412
7049 618 30902
7021 588 29437
7054 946 47330
7010 1638 81945
7018 394 19701
6769 135 6789
7020 1331 66599
5412 41 2058
7054 1876 93817
7023 495 24770
7049 319 15965
7018 81 4062
6004 192 9649
7021 7 383
7010 619 30955
6748 174 8725
7054 1341 67064
6893 38 1939
7107 12 635
6684 5 254
7012 1432 71633
6359 17 856
7001 275 13791
7054 98 4911
7001 1189 59481
6336 46 2329
7004 218 10938
5611 50 2549
7054 579 28953
7012 1605 80297
5912 12 608
5779 6 307
6609 80 4010
7049 186 9325
7012 1183 59156
7012 291 14569
6503 4 233
6863 27 1362
7026 300 15012
7014 1601 80068
6423 205 10287
7012 227 11394
7054 673 33682
7012 643 32156
5154 74 3744
7008 551 27566
7007 58 2908
7008 908 45450
7001 33 1665
7049 676 33814
6959 204 10225
5227 23 1189
7023 1820 91021
7020 1717 85862
6563 115 5760
6162 219 10961
7020 80 4005
6785 162 8102
7008 1375 68771
7001 928 46422
6195 38 1922
7055 48 2401
6840 73 3690
7003 48 2435
6147 21 1080
7022 85 4278
7048 184 9201
7012 902 45132
7055 360 18011
5382 77 3895
7023 1626 81324
7086 17 881
7014 740 37011
5894 11 571
7049 187 9357
7051 12 650
6778 36 1841
7023 521 26096
7054 485 24253
7049 1518 75935
7021 475 23773
7004 346 17313
6687 13 673
7014 1099 54951
7003 1291 64586
7003 38 1935
7021 500 25023
7017 165 8295
7003 298 14940
5912 13 665
7054 713 35672
7003 238 11926
7054 292 14616
7014 324 16234
5611 46 2332
7004 498 24936
7006 593 29692
6980 112 5622
7012 1046 52306
6690 124 6203
5227 27 1356
6916 98 4926
7010 287 14398
5459 167 8386
7017 626 31324
5136 52 2610
7049 1518 75941
7049 482 24139
6871 129 6498
7131 53 2667
6861 43 2167
7049 1993 99698
7026 752 37625
6919 44 2229
7001 651 32595
7001 387 19355
7051 4 236
7020 153 7670
7048 189 9465
7096 36 1837
6785 98 4912
7017 724 36249
7004 157 7852
5462 8 413
7021 368 18401
7020 582 29115
7018 331 16560
6766 121 6057
7054 634 31736
7054 1016 50841
7054 1847 92397
7054 1517 75899
6936 145 7271
5104 13 661
7004 1640 82005
5957 22 1101
7010 69 3495
7293 31 1574
6888 62 3147
7004 1342 67132
7017 1210 60534
5451 10 524
7054 97 4880
7049 1315 65782
7054 1097 54882
7004 510 25547
7006 476 23837
7017 146 7334
6620 84 4218
6577 93 4655
7001 681 34057
6553 49 2483
5029 161 8064
7004 1445 72268
7010 486 24311
7004 1737 86854
7020 860 43020
7018 165 8283
7049 159 7988
7011 261 13097
6965 0 43
6593 5 300
7020 731 36572
5384 45 2278
6981 18 937
5979 66 3341
6589 137 6893
7023 98 4939
7003 721 36090
6788 30 1545
6369 146 7342
7014 925 46274
7021 123 6197
6919 7 394
7021 262 13111
7004 1708 85418
7049 563 28184
5979 35 1766
5946 14 726
7014 499 24958
7026 233 11693
7049 534 26738
7001 787 39377
7023 572 28628
7049 1130 56534
7020 566 28319
7055 332 16627
5437 181 9080
6683 155 7757
6871 144 7204
7010 1358 67947
7004 1547 77361
7017 16 827
6801 35 1755
6921 2 107
7014 519 25996
6824 97 4891
7017 1664 83245
7010 1677 83862
6589 145 7271
7049 611 30566
6540 35 1754
7049 1798 89909
7023 858 42911
7054 185 9278
6769 181 9089
7020 790 39540
5940 24 1224
7003 731 36571
6506 167 8355
6871 144 7204
7004 585 29266
5940 19 990
7018 862 43121
7017 1419 70978
5894 71 3564
7021 310 15511
5565 27 1382
7023 754 37716
7014 1022 51139
7004 8 435
7006 249 12457
7017 1045 52293
7022 283 14182
7049 417 20879
6689 80 4008
7004 1155 57796
6219 107 5373
6835 56 2848
7054 1651 82571
7049 504 25242
7020 1276 63816
7003 254 12712
7020 1823 91197
7020 1712 85635
7049 847 42387
7014 610 30533
7011 148 7417
7023 388 19427
6751 34 1706
6749 223 11196
7014 1335 66784
6600 15 756
7049 751 37553
7003 1629 81497
7012 874 43742
7025 598 29905
6195 38 1902
6787 55 2797
7049 563 28157
6769 142 7113
6528 65 3283
7055 248 12435
7010 233 11659
5515 10 516
7001 651 32573
6991 140 7048
7025 481 24068
7003 1486 74319
7020 93 4661
7008 1012 50623
7012 1181 59055
7020 367 18374
7020 344 17231
6885 30 1541
7017 287 14395
6883 23 1174
7017 1492 74610
7014 499 24952
6366 26 1329
7003 1272 63625
5519 16 846
6594 102 5144
5344 26 1312
5437 91 4573
7008 309 15458
6835 56 2848
5066 17 852
7341 34 1706
7047 76 3813
7012 839 41955
7017 321 16063
7021 141 7093
6787 68 3405
5393 24 1207
7012 635 31793
7049 884 44245
7022 56 2840
7020 669 33465
7019 208 10414
7008 1462 73101
6980 79 3969
7008 605 30291
6611 131 6562
6687 122 6141
7049 1073 53659
7004 1565 78271
7054 761 38082
7004 843 42190
7023 98 4914
7021 7 370
6907 59 2989
7001 990 49513
7023 1032 51624
7049 724 36229
7055 539 26979
5182 19 993
7004 1740 87029
7020 301 15072
7049 1625 81251
7054 1060 53011
5774 72 3605
7055 535 26780
7016 35 1793
7008 1209 60457
7004 510 25547
6406 64 3209
6827 64 3237
6606 87 4364
7049 1175 58766
7010 1101 55098
5151 117 5890
7004 1708 85438
7011 125 6260
6429 117 5886
7018 504 25246
7006 83 4199
7023 495 24754
7008 1440 72042
7011 126 6314
5581 27 1352
7008 750 37536
7004 8 404
6352 24 1232
7023 375 18796
7049 1998 99931
7004 1098 54935
7016 150 7545
7012 1182 59133
7055 223 11155
5412 41 2058
7001 163 8192
7020 503 25157
7049 1105 55264
7047 72 3607
6959 202 10145
6151 34 1703
6748 176 8801
6444 88 4434
7016 150 7505
7010 974 48724
7014 793 39678
7054 785 39273
7008 780 39009
7004 365 18266
7014 88 4411
7010 307 15381
7022 67 3358
7003 319 15967
7010 1463 73161
7008 465 23299
7051 95 4794
5774 52 2622
7017 508 25406
7049 903 45155
7018 669 33470
6827 61 3100
7010 34 1720
7054 1580 79046
6803 38 1907
7012 406 20336
6420 2 148
6176 10 547
7055 204 10202
7023 38 1948
7017 617 30853
6905 3 166
7054 96 4834
7014 484 24248
6942 74 3712
7021 193 9657
7010 486 24344
7010 455 22761
6507 136 6811
7001 28 1417
7048 33 1651
7003 1613 80653
7006 489 24483
6922 151 7597
7012 1445 72290
7017 802 40111
7014 803 40190
7020 1896 94842
7054 185 9266
7049 737 36878
6529 15 756
5017 51 2551
5966 61 3087
6687 14 718
7012 1363 68200
6615 128 6410
7051 33 1676
7026 715 35754
7014 973 48660
7012 1476 73804
7003 1254 62744
7023 1678 83945
7018 37 1899
7001 135 6790
7020 12 620
7025 548 27443
7018 424 21246
7021 435 21776
5894 30 1549
5911 49 2484
7049 1723 86159
5419 71 3584
7023 473 23672
7095 27 1375
7017 508 25416
6765 102 5127
7004 1492 74612
7054 1226 61321
7012 874 43717
7023 777 38887
5979 35 1767
7010 1090 54544
7049 109 5499
7014 786 39320
6589 141 7076
7020 1593 79663
7049 842 42114
7020 1041 52080
7018 868 43425
7012 874 43720
6312 101 5092
4979 13 696
6906 2 120
6021 168 8421
7054 1515 75758
6776 77 3895
7014 1543 77158
7017 193 9674
7011 117 5854
7003 755 37798
7020 1482 74108
5086 8 430
7054 1563 78181
7017 203 10174
6284 6 305
6670 33 1677
6939 54 2712
7008 1413 70670
7049 1540 77046
6121 45 2251
5179 36 1814
6360 93 4655
7048 75 3759
5124 35 1778
6173 87 4358
5340 9 481
7001 929 46486
7026 300 15004
7006 399 19984
6908 218 10906
7012 369 18476
6343 153 7686
4979 13 676
7003 234 11745
7020 412 20640
7008 269 13454
7012 765 38292
7054 378 18928
7008 21 1063
7014 1276 63802
7023 120 6007
7012 755 37794
7021 554 27738
6146 0 40
7007 13 651
7003 8 434
5987 11 595
6907 63 3200
7006 125 6291
6153 10 535
5333 15 764
7054 58 2915
7018 728 36423
6299 3 191
7014 1761 88077
7008 206 10316
7023 681 34082
6640 171 8591
7372 80 4047
6919 5 277
7054 411 20556
7055 245 12267
7004 496 24817
6030 85 4256
7026 174 8726
7025 172 8625
7006 293 14671
7054 914 45703
7054 673 33692
7054 653 32671
7017 1389 69456
5386 8 427
6969 89 4489
6370 73 3674
7054 463 23199
7049 418 20901
7020 1543 77196
7049 773 38677
7004 1037 51855
7049 1998 99921
7055 539 27000
6564 174 8739
7017 1735 86796
7006 0 44
7053 25 1277
7014 1244 62244
7526 31 1558
7049 919 45984
7017 760 38004
7023 1377 68875
7023 605 30257
6871 128 6443
7013 81 4080
6387 72 3622
7012 860 43032
7010 1237 61891
7012 835 41790
7012 143 7197
7054 648 32412
7003 131 6566
7046 0 7
7026 227 11381
5437 92 4638
7023 571 28575
4992 54 2709
6322 4 206
7054 1341 67091
7049 1996 99818
7048 184 9201
6598 58 2912
7019 57 2869
7010 539 26953
7020 344 17231
7012 372 18629
6478 126 6312
7021 368 18404
7012 663 33182
7008 188 9418
5441 18 909
7003 1357 67852
7019 254 12713
7025 219 10992
7054 991 49583
7020 1876 93805
7411 118 5903
7008 1100 55011
7017 180 9008
7010 1431 71587
7012 1707 85358
7054 761 38080
7010 1188 59445
7003 319 15967
7008 559 28000
7010 1535 76776
7021 588 29423
7054 1498 74919
7055 89 4453
7006 512 25631
6158 14 735
6530 45 2288
5005 60 3031
7055 394 19746
6980 185 9255
7049 1776 88843
7023 605 30256
7049 875 43800
7003 1294 64735
7093 4 223
7017 1259 62962
7012 192 9630
7001 928 46402
7054 395 19783
6173 200 10025
7011 150 7526
6773 59 2958
7022 105 5282
7021 600 30035
5501 0 39
7019 208 10414
7003 134 6718
7014 394 19719
7016 198 9913
7014 634 31739
7001 929 46482
7021 282 14144
7014 1724 86238
7012 369 18489
7020 797 39883
6853 149 7479
7025 523 26181
5386 66 3335
7049 1859 92981
6412 110 5545
7019 285 14260
6680 39 1998
7012 204 10220
7047 113 5679
6369 121 6071
7003 205 10274
7010 6 306
7054 185 9296
7022 150 7538
7019 527 26388
7016 400 20041
7006 177 8873
6145 51 2556
7055 404 20218
7054 493 24668
7054 1500 75021
6520 16 830
6906 10 540
5586 96 4820
7574 87 4386
5212 9 475
7014 882 44125
7001 16 805
7019 526 26340
7014 1576 78821
7026 268 13430
7016 224 11234
7012 263 13199
6299 69 3467
6367 58 2911
6078 66 3348
7020 1543 77171
7014 1136 56827
7017 1516 75822
7003 489 24490
7021 158 7918
7004 372 18633
7012 1563 78163
7017 1491 74563
7023 875 43787
7003 489 24489
5211 63 3162
7049 366 18313
4999 26 1316
6942 89 4475
6871 97 4889
7004 266 13329
7010 455 22754
7016 224 11222
7003 254 12715
7010 630 31525
7010 1520 76048
7010 888 44438
7669 131 6586
7025 169 8481
7006 205 10251
7054 373 18676
7048 184 9238
7055 48 2405
6623 9 475
7054 1651 82596
7004 1006 50334
7054 1618 80936
6873 4 228
6058 194 9736
7014 841 42093
7012 970 48513
7004 80 4030
6382 34 1722
7021 382 19105
7049 719 35967
7049 845 42276
5606 47 2400
7048 112 5612
7014 322 16116
7025 216 10836
7093 10 544
7020 93 4661
7017 640 32012
7017 357 17884
7644 178 8934
7021 580 29045
7017 1432 71628
6999 54 2708
7004 1374 68728
6336 54 2701
7018 264 13248
7021 418 20906
7026 227 11382
7021 141 7054
7018 748 37412
6712 21 1094
7010 1476 73831
7025 524 26211
6942 0 18
7054 1241 62060
7018 49 2472
7022 110 5541
7020 1442 72107
7008 161 8092
7006 52 2613
6748 168 8448
7054 576 28803
7016 282 14142
7018 4 211
7046 0 38
7020 1595 79767
6380 81 4093
5019 67 3368
7017 1755 87754
6598 58 2912
7049 1195 59777
6520 11 591
7010 498 24935
7020 609 30495
6942 87 4357
7012 1044 52239
7055 10 522
7020 554 27727
7023 1377 68851
7054 411 20578
7017 794 39732
7004 452 22644
6146 7 356
6140 39 1998
6303 57 2892
7001 681 34097
7004 1526 76307
7020 1576 78846
7341 31 1576
7023 120 6026
7003 542 27104
6428 11 594
6288 17 851
7014 1614 80749
7014 1364 68225
7012 840 42034
6529 18 917
7017 1492 74607
7023 1919 95976
7006 157 7855
7020 503 25197
7008 611 30584
7007 142 7137
6224 24 1234
7054 94 4721
5019 75 3798
7008 551 27587
6490 123 6178
7008 642 32102
7020 1717 85862
7012 56 2831
6689 128 6407
7051 57 2867
7013 124 6204
6443 9 472
7004 23 1199
7054 18 925
7003 385 19255
6457 47 2355
7026 65 3292
6280 131 6561
7006 52 2627
7054 526 26336
7014 841 42057
7018 844 42237
7001 990 49548
7008 1468 73431
6769 105 5293
5512 221 11052
7017 829 41473
6778 35 1770
7055 357 17868
7014 880 44001
7001 589 29469
7049 1791 89563
7019 460 23038
7025 172 8606
7093 6 310
7001 147 7389
7010 33 1666
7012 271 13573
7012 224 11218
5779 6 340
7023 588 29424
7055 324 16229
7054 526 26317
7012 1707 85354
7010 451 22562
6840 74 3710
7003 365 18292
5386 104 5248
7017 899 44963
6797 14 726
6835 16 818
7010 1385 69267
6974 107 5377
7016 310 15532
7026 147 7387
7055 783 39185
7049 915 45776
6917 234 11723
7025 340 17011
6606 93 4658
7051 57 2879
7008 1072 53614
7003 194 9740
6917 233 11659
6835 98 4948
5104 14 720
7054 625 31251
4999 114 5740
7049 1651 82589
5388 16 841
7008 753 37659
6565 141 7051
7026 466 23340
7014 1280 64048
5412 45 2258
7018 604 30240
5499 213 10652
7003 317 15900
7013 88 4436
7012 992 49605
6583 142 7118
7017 1545 77261
7055 728 36424
7006 203 10160
7017 1401 70090
7049 773 38696
7004 98 4949
4992 79 3990
6366 26 1329
7023 1695 84772
6921 2 104
7003 1009 50458
7049 53 2681
6303 142 7105
7003 324 16210
7025 21 1058
7026 397 19857
5437 72 3626
5914 106 5305
7003 185 9265
7023 1890 94533
7016 40 2034
7006 582 29136
7054 929 46461
7142 47 2363
5213 13 683
7049 575 28795
6689 80 4008
7012 994 49705
6461 58 2931
7021 576 28818
7018 165 8288
6023 50 2520
7020 612 30631
5998 8 445
7023 571 28570
7048 96 4813
6630 43 2153
6285 104 5201
6663 74 3749
7021 186 9349
7004 1728 86420
7049 214 10748
7054 648 32441
7008 1013 50683
7018 143 7162
7026 252 12603
7018 18 913
7018 303 15185
6942 88 4429
6303 72 3626
7014 1536 76819
6377 11 551
7014 1669 83476
6429 62 3123
7018 295 14792
7021 509 25496
7004 708 35450
7003 1629 81458
7026 694 34737
6406 132 6612
7001 663 33180
7013 105 5265
7021 374 18712
7010 1118 55950
5975 88 4433
7055 347 17370
7014 1724 86207
6219 2 121
7021 374 18718
6952 53 2700
7023 1451 72592
5418 40 2039
7020 212 10617
7055 783 39183
7020 158 7907
7008 688 34434
7010 287 14387
7020 412 20640
7012 1172 58638
7006 126 6302
7054 185 9270
7003 48 2437
7017 686 34326
7054 200 10014
7003 721 36060
7012 470 23537
7352 25 1279
7006 108 5416
7018 323 16155
7049 1447 72380
6980 229 11493
7054 332 16648
7026 369 18462
7054 306 15316
7001 1185 59293
7026 694 34740
7026 174 8727
7025 580 29015
7012 1642 82126
5624 75 3758
7049 1202 60129
7023 858 42941
6980 88 4424
7008 993 49670
7021 26 1319
6803 38 1940
7018 647 32355
7001 1062 53129
7054 360 18007
7012 663 33169
7003 1231 61551
7026 352 17633
6689 158 7920
5386 63 3199
6827 61 3072
7012 1046 52302
5386 16 824
6565 133 6698
6974 26 1347
6811 149 7457
7016 198 9902
6478 47 2356
7017 1557 77851
6162 198 9932
7007 86 4341
7017 1641 82055
7017 1401 70099
7017 717 35863
7012 737 36893
7012 369 18454
7018 785 39278
7022 61 3068
7003 442 22128
7017 4 238
7004 365 18266
7008 586 29343
6905 9 479
7006 387 19358
7054 1591 79578
6303 145 7252
7017 1012 50631
6647 147 7356
6562 109 5458
7004 469 23489
6788 34 1728
7006 98 4907
7026 806 40333
7023 99 4983
7010 307 15395
7008 1100 55006
7018 255 12752
7003 238 11926
7008 1100 55027
5000 86 4350
6769 105 5276
7004 1155 57765
7016 390 19535
7054 411 20578
6769 135 6789
7008 313 15674
5353 12 612
7023 785 39271
7049 2004 100231
7004 990 49509
7010 1551 77560
6859 36 1827
7051 33 1697
7023 384 19223
6111 3 178
7019 254 12702
5949 23 1160
7026 596 29813
5089 39 1983
7013 100 5001
7021 193 9669
7008 904 45211
7001 442 22146
7049 1758 87939
7023 1055 52784
7010 626 31348
7054 780 39050
7008 382 19101
6007 139 6972
7054 383 19173
7023 1463 73174
7020 953 47682
7026 412 20650
7055 600 30029
7017 703 35161
7010 901 45067
5095 2 109
6688 11 566
7003 226 11343
7026 499 25000
7012 771 38558
7017 508 25422
6493 27 1385
7016 218 10936
7020 663 33198
7054 673 33680
6589 159 7974
7049 366 18339
7017 130 6509
6642 78 3945
5783 19 957
7049 1518 75938
7132 55 2765
5512 173 8676
7049 1396 69824
7010 1551 77587
6494 81 4079
6022 109 5472
7014 74 3707
7020 111 5596
7055 132 6623
6787 193 9667
5216 74 3721
6669 117 5865
7023 120 6006
7022 55 2761
7021 367 18360
6684 19 958
7014 548 27443
6378 44 2217
7054 761 38079
7017 1632 81625
7022 71 3575
7025 403 20168
7019 85 4292
7021 290 14506
7055 204 10202
5182 13 655
6462 13 683
7017 519 25959
7048 53 2696
6205 70 3518
7021 425 21270
7008 1102 55146
7021 368 18432
7049 84 4205
7017 717 35863
7023 1107 55351
6980 89 4483
7020 1823 91197
7049 1352 67641
7008 1050 52537
7001 684 34238
7003 172 8626
7008 1468 73407
7003 1287 64387
7010 1538 76914
7023 571 28555
7017 528 26416
7017 325 16251
6606 92 4614
7003 1254 62744
6382 10 506
5501 8 430
7020 1355 67800
7018 312 15611
5600 153 7690
7026 450 22512
7003 512 25636
7400 27 1372
7565 104 5229
7411 99 4993
7012 494 24730
7018 31 1555
5013 178 8910
7004 773 38665
7014 189 9494
6140 88 4425
6871 141 7091
7017 1492 74637
7049 2020 101028
7049 759 37986
7146 47 2353
5979 139 6980
7054 1566 78326
7049 360 18007
7049 966 48340
7014 524 26245
7022 130 6539
7049 845 42293
7008 586 29328
7026 650 32533
6761 32 1623
7012 579 28997
6886 19 983
7012 1476 73821
7017 1419 70951
7004 1434 71731
7008 415 20790
7025 605 30255
7017 1037 51897
6853 68 3407
7012 1172 58638
6303 145 7252
7017 640 32024
7023 887 44384
7008 1058 52944
5418 40 2039
7054 1334 66727
7003 1009 50490
6916 125 6280
7014 384 19226
5966 55 2773
7010 1028 51431
7054 1975 98793
7012 1718 85902
7010 1272 63631
7023 409 20491
7048 89 4473
7020 235 11786
7010 292 14639
5151 13 660
7012 1718 85909
7018 254 12743
7004 1434 71720
7054 176 8811
6140 43 2159
6173 84 4222
7018 49 2497
7352 25 1279
7014 1167 58394
7049 491 24583
7008 1050 52504
7023 868 43411
7023 264 13224
5092 168 8441
7003 672 33639
5495 19 981
7020 904 45250
7054 15 794
7017 1376 68815
7049 1588 79437
7004 98 4924
7025 95 4800
7012 968 48401
7049 1580 79034
7049 1518 75924
5363 12 646
7018 490 24506
7006 52 2622
5005 60 3031
6563 127 6364
7054 1561 78098
6173 122 6146
7010 34 1708
6600 27 1355
7004 64 3221
7022 85 4255
7014 984 49235
7049 662 33103
7025 457 22852
7020 799 39988
7054 1122 56133
7008 1255 62791
7010 563 28165
7049 1105 55283
7055 48 2402
7020 1841 92084
7055 188 9420
6461 46 2334
6625 9 467
7055 338 16927
7023 573 28700
7020 186 9334
7003 1609 80477
7001 972 48608
6905 82 4104
7004 286 14313
7003 54 2717
7023 1102 55134
7054 1360 68050
7017 1045 52278
7020 802 40139
6871 147 7390
7010 1510 75550
7049 610 30502
7012 433 21658
7018 227 11359
6503 8 441
7023 473 23661
7021 636 31803
7014 1 97
7017 936 46818
7008 397 19895
6907 174 8719
7014 973 48700
5911 48 2409
7049 1175 58767
6176 93 4662
7001 1008 50420
7049 921 46067
6425 70 3516
6942 0 18
7055 445 22269
7012 1000 50033
7017 553 27671
7023 903 45186
6078 78 3922
7025 217 10860
6787 234 11712
6789 140 7010
7010 1681 84075
7012 1561 78055
6211 36 1805
6980 85 4279
7054 185 9290
7004 427 21377
7023 1544 77203
7022 262 13143
7021 69 3496
7014 1601 80088
7025 340 17035
7017 1639 81977
7017 676 33834
5512 206 10305
5430 20 1008
6623 1 81
7020 839 41957
7049 319 15990
6663 96 4846
6382 150 7532
7055 196 9816
7008 688 34401
7004 1287 64381
7012 1718 85933
7130 19 991
6629 15 794
7008 1250 62537
7025 210 10501
7054 1233 61687
7018 72 3615
6993 11 551
5093 10 518
5382 20 1029
7012 1183 59194
7025 172 8644
5337 209 10454
7014 393 19682
7026 877 43864
7001 928 46424
7008 1415 70793
6649 97 4855
6689 120 6035
6583 142 7144
4989 4 211
7020 901 45051
7012 930 46505
7001 994 49713
7010 447 22379
7054 1341 67082
6783 16 822
6919 46 2332
7001 491 24589
7007 93 4656
7023 66 3309
7055 196 9804
7055 76 3814
7021 421 21051
7007 57 2872
7008 1462 73134
7023 652 32639
7095 65 3265
7008 592 29602
7014 138 6903
7742 236 11813
7003 134 6718
7020 235 11778
7023 1525 76295
7017 1406 70349
7574 87 4386
7010 519 25957
6787 228 11428
7003 1452 72613
5363 10 502
7004 1037 51883
7319 12 635
7004 793 39685
7049 1447 72373
7054 1907 95387
6147 34 1740
6917 62 3103
7049 168 8443
6501 6 326
7054 1873 93681
7012 1309 65490
7012 682 34126
7535 18 935
7021 367 18360
7049 1720 86032
7016 101 5087
6562 110 5530
4971 144 7248
6052 21 1080
7049 611 30565
7003 1500 75048
6633 17 892
7049 1996 99808
7023 596 29833
6076 71 3595
6616 50 2522
7012 150 7513
7023 156 7848
7010 1657 82866
6805 99 4967
7014 310 15545
7018 888 44426
7003 1009 50458
7049 433 21673
7055 665 33279
6981 17 856
7001 776 38832
6342 34 1714
7017 1492 74610
7014 484 24248
7003 1556 77836
7006 555 27781
7014 1360 68036
7049 227 11379
6139 118 5918
7049 431 21573
7054 182 9120
6861 244 12221
7008 1401 70099
6969 159 7997
7023 785 39297
5966 59 2967
7018 426 21312
7026 573 28681
7023 1570 78546
5092 23 1183
7008 1080 54032
7049 447 22385
7025 21 1069
6022 72 3628
6965 0 9
6589 146 7329
7010 1538 76926
7008 247 12384
7021 163 8166
7018 288 14424
7053 45 2254
7023 1544 77249
7010 943 47179
7004 1578 78924
7054 785 39282
7012 1476 73819
7049 246 12350
6367 54 2744
7016 224 11222
7012 902 45149
5328 51 2588
7012 994 49705
7022 110 5505
7021 776 38824
7055 489 24490
7010 443 22169
7047 76 3801
6312 43 2176
6030 81 4085
7014 1421 71077
7012 158 7907
7014 818 40911
7001 858 42927
5104 13 661
7012 579 28986
7049 171 8594
5501 22 1122
7054 1086 54346
7026 47 2365
6792 12 603
7003 1029 51493
7001 979 48992
6797 17 860
7020 687 34393
7003 443 22178
7098 6 309
7023 1762 88126
6028 17 865
7011 207 10380
6162 77 3879
7054 985 49297
7014 1597 79879
7018 264 13205
6625 5 288
7020 1230 61507
7054 411 20565
7003 1580 79026
6835 18 912
7008 34 1705
5536 49 2500
6529 10 533
7014 1536 76839
6118 11 583
5106 78 3942
7012 566 28334
6698 47 2359
6953 71 3553
6176 25 1289
7006 190 9505
7019 477 23868
7010 1053 52688
5019 67 3368
5894 11 571
4979 13 695
7004 1637 81857
7049 598 29949
7010 1158 57918
7001 1185 59271
7016 282 14133
7023 237 11866
6956 80 4009
7016 309 15461
4969 95 4793
7014 541 27052
7011 20 1040
7021 500 25044
6895 17 856
7055 539 26959
7055 338 16930
7025 219 10964
7014 1319 65956
7006 8 444
7006 52 2610
7004 1470 73536
7022 262 13126
7014 869 43473
7004 1504 75237
5933 132 6643
5449 91 4575
7012 1172 58620
6768 138 6924
7016 101 5051
7020 8 418
7026 822 41109
6324 72 3647
7019 513 25694
7004 905 45293
7004 176 8814
6674 27 1369
7026 707 35374
7049 932 46634
7049 433 21689
7293 31 1574
7004 1643 82179
6599 99 4982
7049 1895 94797
7023 652 32650
7026 162 8136
7019 431 21598
7001 62 3111
6978 176 8830
7014 1319 65984
7049 611 30560
6824 97 4891
7008 1050 52549
7012 900 45049
6605 172 8618
7003 1272 63610
7010 1502 75113
7021 53 2687
7010 1264 63225
7008 281 14080
7023 273 13674
7020 687 34379
7019 64 3214
7008 559 27960
7014 240 12011
7023 1283 64179
7004 1114 55732
7007 121 6098
5581 27 1352
7010 1165 58266
7003 1278 63902
7054 556 27823
6083 1 57
7012 549 27454
7049 246 12321
7018 331 16568
6161 20 1042
5783 22 1133
7016 175 8751
6183 29 1466
7016 256 12839
7017 1432 71636
7054 1744 87245
7017 1735 86799
7049 1504 75247
7012 431 21570
7004 95 4772
7001 252 12640
7020 1850 92505
7025 303 15161
7135 14 703
6600 132 6613
7001 491 24597
7017 130 6527
7019 526 26322
6906 15 797
6965 9 466
7012 225 11296
7669 131 6586
7013 72 3625
6616 36 1833
6980 30 1518
7023 1048 52441
7001 864 43241
7006 157 7882
7020 582 29107
7012 771 38589
5436 16 827
7008 1275 63792
7021 485 24287
7054 673 33661
6220 10 549
7006 424 21212
6380 54 2703
7054 1628 81408
7026 233 11680
6446 168 8428
7054 1873 93666
7010 149 7475
6917 227 11385
7010 1358 67904
5586 155 7755
6974 112 5626
7006 555 27761
5104 12 621
6308 0 37
6427 14 725
6859 36 1827
7010 943 47164
7003 1291 64594
7054 1744 87242
7054 1241 62060
7023 1102 55134
7020 1245 62274
7049 53 2666
7001 540 27020
7011 152 7634
7023 473 23675
7020 1727 86374
6761 31 1557
7025 172 8645
7006 378 18941
