5368 71 3581
6873 10 520
7012 312 15610
7004 601 30088
7025 261 13088
7049 616 30842
7055 391 19556
7023 1262 63115
7001 211 10588
7023 14 736
7020 1429 71492
7020 1678 83918
7021 269 13480
7049 1104 55225
7012 527 26367
5433 88 4435
7023 1328 66424
7327 180 9031
7008 531 26584
7014 544 27227
7678 18 917
6423 8 415
7020 280 14046
7012 731 36557
7017 125 6289
7012 339 16995
7054 1327 66357
6425 25 1292
7017 1530 76525
7001 965 48264
5387 31 1580
6906 28 1443
5609 20 1002
6826 35 1781
7020 1298 64901
7054 1053 52700
6080 147 7379
7049 117 5882
7001 997 49874
7021 454 22719
6697 21 1092
7049 1200 60027
6149 147 7366
7012 1590 79525
6161 19 991
6205 25 1262
7492 20 1026
6304 100 5039
7017 1036 51827
6855 72 3646
5625 109 5464
7008 651 32597
6407 16 847
6953 5 275
7003 1022 51132
6955 64 3218
6350 81 4070
7017 1584 79203
7016 184 9214
7023 274 13713
7017 329 16482
7020 1024 51224
7017 1732 86637
7020 766 38318
7012 842 42142
7055 34 1726
5452 18 919
7011 118 5921
7012 1623 81170
6154 12 629
7049 956 47821
7054 1053 52692
7023 1730 86517
7020 961 48067
7025 47 2373
6535 63 3187
6928 50 2520
7021 594 29717
6850 47 2374
7014 874 43711
7004 1686 84309
7049 204 10246
7023 1054 52718
7055 326 16343
6080 147 7379
7008 337 16871
7008 540 27027
6803 131 6586
6752 147 7383
7020 546 27344
7014 1603 80166
7010 1193 59668
7020 257 12857
7019 484 24243
7020 917 45888
7020 1158 57916
7054 1823 91191
7020 257 12851
7018 945 47273
7020 961 48077
7049 1830 91549
6367 34 1712
7023 1729 86486
5897 38 1920
7014 43 2191
5774 87 4397
7054 278 13913
7049 463 23189
6829 192 9646
7003 171 8567
5511 54 2723
7055 326 16343
7004 934 46709
7008 1125 56259
5338 12 646
7010 773 38699
6534 49 2464
5215 45 2259
7004 807 40354
7018 586 29347
7008 708 35427
7003 1624 81209
7010 773 38699
6534 46 2319
6206 19 973
7059 41 2096
7012 669 33496
7023 213 10692
5268 10 549
7012 595 29772
7014 291 14589
7023 1071 53578
7023 1907 95354
7012 559 27996
7008 1245 62266
7010 136 6843
6969 234 11723
7018 536 26811
7017 931 46594
5435 9 477
6423 81 4052
5516 48 2450
7003 1624 81209
7020 1067 53389
7023 1445 72289
7026 702 35126
7021 352 17636
7010 1239 61970
7019 7 374
7020 1614 80709
7023 1734 86723
7012 330 16536
7008 779 38990
7012 1191 59589
7001 688 34433
7017 1329 66465
5498 10 522
5953 9 461
7021 817 40899
7014 1282 64104
6296 3 160
7017 1373 68667
7017 1134 56713
6533 8 425
7019 573 28654
6100 81 4083
7017 1752 87638
6304 100 5002
7004 554 27739
7012 1361 68065
6023 44 2207
5418 5 267
7049 425 21296
7017 1753 87655
5387 34 1734
6769 163 8192
5075 1 75
6092 118 5950
6975 179 8965
6231 46 2331
6579 19 956
7020 1399 70000
7020 698 34921
7010 1745 87284
7049 542 27124
7008 835 41775
7021 261 13065
6311 18 913
7003 1417 70882
6339 175 8773
6767 5 284
7020 427 21366
7012 87 4383
7017 1134 56713
7010 1255 62785
7010 1193 59700
7055 760 38008
7023 1445 72288
7017 1506 75320
7014 1139 56974
7623 11 551
7049 722 36105
6803 19 988
7023 1012 50620
7003 267 13394
6363 7 360
7017 1171 58567
7020 1949 97482
7021 242 12101
5433 71 3578
7014 292 14645
7017 1693 84679
6881 67 3382
7049 1486 74327
7016 283 14174
7049 692 34632
7054 900 45009
7012 1162 58118
7048 77 3880
7049 844 42250
7008 884 44225
7017 23 1183
7012 1143 57180
7004 79 3970
7022 13 669
6814 1 89
6340 59 2975
7055 318 15943
7026 158 7907
5782 121 6096
7010 25 1300
7008 715 35759
7004 1585 79292
7004 447 22391
6956 237 11880
7017 1068 53449
6139 16 827
7017 817 40873
5516 46 2335
6430 5 278
7018 536 26843
7003 762 38150
7010 1571 78567
6444 141 7083
6551 12 639
7020 649 32454
7010 198 9945
7018 698 34948
7020 674 33706
7021 377 18889
5090 87 4397
7019 328 16450
6080 155 7795
6773 31 1582
7010 200 10043
7001 37 1855
7054 1344 67229
7025 305 15276
5337 79 3965
4983 1 59
7055 779 38981
7004 988 49413
7017 1512 75634
7026 745 37267
7026 87 4393
5099 15 791
7020 957 47882
6483 102 5126
5774 83 4157
6507 83 4200
7049 542 27122
7055 436 21826
6837 101 5062
7055 154 7725
7004 550 27519
4969 23 1199
7048 77 3880
7049 2005 100281
7010 219 10977
7021 431 21596
7023 1262 63149
6998 15 776
7012 63 3175
7021 261 13065
7003 1302 65112
7016 185 9271
7010 671 33556
6506 67 3398
7017 772 38616
6183 103 5156
6934 146 7310
7014 972 48614
7003 1197 59882
7004 303 15160
7013 225 11251
5013 209 10470
7139 51 2575
7049 860 43007
5947 100 5049
6915 173 8683
7001 507 25396
7004 1326 66330
7001 848 42440
6936 12 633
7008 460 23028
7013 150 7537
7012 1705 85289
7049 1004 50229
7017 164 8240
5089 42 2104
7001 507 25379
7004 837 41891
7017 1073 53695
7004 882 44103
5387 31 1580
7010 946 47326
7023 607 30391
5370 109 5473
7054 1301 65075
7019 220 11044
7055 826 41343
7021 153 7670
7017 1040 52016
5511 56 2848
6160 65 3256
7010 1148 57423
6803 11 573
7007 84 4201
7007 31 1561
7012 1143 57170
7023 937 46893
6304 192 9609
7017 1693 84673
7004 1020 51045
7020 937 46859
6211 180 9020
7055 264 13231
7047 111 5600
7055 391 19582
7003 152 7602
7012 82 4122
7019 541 27067
6780 155 7758
6989 187 9352
5600 54 2722
7004 1381 69054
7054 1800 90043
6769 61 3088
7020 3 183
6806 37 1886
7014 483 24181
7054 397 19872
6445 3 181
7023 676 33803
6058 168 8428
6530 6 340
7004 890 44520
7018 566 28306
7008 955 47778
7008 436 21850
7020 360 18036
7021 523 26155
7049 856 42832
7012 1102 55111
6959 184 9234
7010 812 40619
5134 36 1837
7001 181 9094
6922 161 8097
6803 114 5747
5387 34 1734
7004 1598 79942
6506 73 3686
5436 51 2594
7010 1571 78571
7001 552 27649
7023 1646 82338
5177 42 2114
7017 662 33122
7001 997 49857
6928 41 2052
7013 225 11291
5586 6 320
7004 447 22355
6023 28 1424
7049 1632 81611
7020 1137 56876
7003 56 2811
5961 36 1849
7008 337 16883
6974 21 1056
7003 1590 79542
7054 345 17300
7020 1949 97461
7019 368 18442
6407 19 963
6325 2 101
6154 7 390
7008 1245 62280
7012 594 29740
6220 44 2236
7055 830 41524
7004 890 44507
6296 5 268
7001 848 42423
5134 32 1641
7012 1324 66236
7023 1607 80371
7006 610 30526
6871 75 3757
7054 1709 85452
6534 44 2205
7054 550 27517
7023 1893 94666
6551 152 7627
7004 1598 79907
7014 632 31618
6533 9 473
7012 1361 68072
6881 67 3382
7026 470 23528
6334 50 2524
7049 1877 93852
7010 1195 59773
7026 561 28070
7019 253 12668
4982 119 5965
6989 117 5892
6828 223 11199
6154 11 559
6024 86 4340
7017 1269 63469
7017 125 6275
7054 246 12326
6115 12 609
6769 66 3310
7014 898 44911
5929 93 4658
7023 1728 86415
7010 812 40608
7018 566 28325
6946 8 404
7014 1176 58823
7048 142 7132
7049 1297 64885
7008 695 34761
7054 390 19513
6564 125 6274
6778 27 1377
7048 70 3503
7017 1519 75960
5396 8 417
6952 6 323
7026 578 28923
6420 64 3239
7010 1373 68667
7054 1327 66396
6483 105 5276
7008 298 14911
7021 674 33704
7023 1262 63137
7054 638 31903
7017 164 8215
4998 44 2230
7012 102 5123
7023 6 310
7026 470 23548
7017 1617 80880
6946 60 3044
5625 203 10193
7020 495 24788
7001 104 5237
5769 38 1928
6487 160 8005
7001 552 27637
7008 337 16887
6529 54 2731
7014 1236 61835
7023 1012 50620
6946 60 3044
7012 330 16529
7020 221 11074
7008 708 35415
7012 34 1738
7020 965 48296
7023 834 41730
6533 8 448
7014 1517 75893
7017 1287 64366
5915 90 4509
7012 515 25782
7004 1142 57128
6998 202 10110
6572 185 9271
7018 135 6794
7023 823 41195
7010 773 38699
5625 109 5464
7007 81 4070
7023 1054 52718
7526 25 1251
7012 1254 62702
7020 59 2987
7018 890 44502
7018 875 43763
7020 495 24784
7017 817 40871
7014 52 2614
7017 55 2798
7023 1607 80363
6098 52 2620
5090 21 1095
6425 28 1446
7023 1854 92710
7010 671 33582
7020 1252 62605
7004 1585 79285
7018 265 13268
7017 273 13664
6619 3 156
7008 667 33361
7020 1091 54594
7022 3 153
7023 1646 82335
7004 1686 84321
7054 1588 79449
7020 1943 97151
7016 123 6184
6154 10 535
7018 292 14636
6985 12 613
6874 85 4285
7014 157 7859
7055 436 21833
7014 632 31610
7023 936 46829
7026 158 7924
7003 436 21842
6098 137 6900
7010 933 46676
7023 691 34587
5516 46 2335
7011 81 4099
7026 470 23527
7054 1292 64633
7049 689 34460
7054 2018 100929
6353 65 3276
7004 1242 62143
7054 1020 51045
7023 1005 50294
7006 287 14381
5084 54 2724
7003 56 2825
6956 85 4290
7022 47 2352
7054 916 45831
7020 1091 54594
6407 180 9041
7054 711 35579
7014 996 49828
7054 112 5626
7008 1334 66722
7012 813 40653
7026 158 7907
7020 49 2498
6953 3 179
7021 645 32255
7020 476 23830
6533 10 503
5769 38 1919
5455 13 653
6642 57 2855
7020 961 48067
7017 1323 66156
7003 1197 59865
7054 539 26974
5925 92 4615
6783 104 5204
5177 42 2114
7008 1334 66714
7014 874 43705
6226 52 2607
7019 98 4902
6115 39 1979
7054 1306 65316
7012 1590 79504
7006 241 12072
7047 115 5774
5183 24 1206
4952 46 2339
7018 411 20585
6826 34 1742
7017 230 11541
7010 1255 62759
7001 976 48849
7012 509 25482
7017 1530 76525
7055 660 33016
7004 258 12916
6354 84 4239
7004 1661 83072
7020 1325 66299
6946 35 1790
6769 163 8192
5005 208 10420
7026 158 7907
7055 337 16855
6535 3 155
7049 1197 59900
7049 1966 98301
7054 1211 60583
7003 920 46022
7017 1506 75307
6978 16 846
7012 339 16991
7012 842 42134
6980 191 9587
7016 22 1150
6949 89 4456
5512 180 9050
6795 0 35
6382 77 3898
5268 10 519
7049 204 10231
7014 1236 61838
7003 1297 64891
6281 98 4923
7003 389 19466
7055 154 7741
6101 45 2263
6493 30 1518
6978 10 544
5959 32 1632
7010 773 38699
4999 86 4326
5433 26 1329
7004 349 17489
6298 53 2681
6893 192 9608
7054 1588 79435
6953 3 179
7047 88 4404
7049 818 40929
6489 112 5611
5576 54 2725
6798 50 2541
7021 594 29710
7017 1530 76526
6530 1 65
7022 13 677
7020 1933 96697
7004 1365 68289
7004 1598 79926
7047 55 2784
7017 1693 84686
7014 544 27248
7006 56 2819
7055 264 13226
7014 215 10765
7026 331 16581
7023 1012 50620
7001 205 10264
7049 174 8712
6928 47 2361
5508 21 1054
7020 1317 65863
6780 155 7758
6046 38 1923
7010 812 40648
7003 322 16123
7001 447 22393
6100 132 6628
7001 674 33748
7054 539 26974
7004 550 27519
7017 1371 68600
7010 722 36109
5600 57 2883
7003 639 31955
7055 268 13401
7021 297 14853
7054 433 21654
6942 22 1141
7003 1427 71361
7021 271 13589
7020 698 34911
7017 271 13577
6835 117 5864
7008 1353 67677
7012 1162 58134
7004 1509 75486
6564 125 6274
6100 137 6874
7026 470 23528
7026 470 23548
6906 32 1643
7047 119 5970
7014 259 12963
7003 1427 71381
7054 427 21387
7012 1300 65035
7013 58 2925
6100 137 6874
7021 212 10635
6749 76 3831
7010 1195 59795
6551 155 7781
7003 428 21448
7014 996 49846
7025 584 29231
7001 411 20560
7012 1705 85295
7326 26 1305
6922 223 11179
7023 479 23952
6936 23 1170
5616 106 5327
6347 47 2396
6778 30 1509
7023 1122 56128
6100 18 950
7020 766 38318
7049 1925 96284
7019 37 1854
7017 95 4763
7001 411 20560
7012 278 13945
6637 47 2398
7017 57 2880
7012 597 29868
7021 645 32279
7055 764 38219
6922 161 8087
7026 470 23528
7018 869 43456
7026 104 5219
7134 15 758
7001 650 32540
7047 15 796
6664 66 3337
7018 670 33517
7014 686 34303
7049 1980 99015
7014 1190 59504
7004 466 23330
7026 335 16765
7023 1730 86517
6752 227 11373
5896 7 385
7054 112 5626
6361 32 1643
7003 472 23637
6829 192 9646
7020 1089 54470
7008 324 16241
7004 1298 64906
6611 48 2440
7020 1300 65033
6363 7 360
7014 697 34863
7012 274 13736
6829 190 9521
7017 1124 56207
7047 88 4448
5222 4 220
7012 731 36581
7055 391 19564
7003 414 20731
6502 43 2188
6354 89 4469
6591 76 3825
7016 283 14174
6829 182 9134
6375 11 551
5134 36 1837
7004 248 12433
5459 59 2954
7049 1302 65141
7008 884 44225
6874 2 129
6823 0 17
7054 1344 67208
7023 1005 50265
7049 542 27127
7001 688 34450
6423 81 4081
7014 558 27923
6534 47 2366
7003 1022 51123
6115 19 974
7023 479 23966
5093 141 7075
6115 12 609
7020 637 31853
7014 106 5346
6930 30 1548
7019 251 12583
7017 1287 64385
5049 61 3078
7014 1139 56974
7011 264 13229
7001 1186 59341
7012 857 42883
7023 1895 94788
7020 641 32085
7004 516 25807
6812 97 4860
6824 69 3475
7012 893 44691
7054 1932 96623
7020 1949 97479
6928 47 2361
7017 1752 87650
6594 105 5264
6989 187 9352
7012 1634 81723
6783 73 3668
7012 1458 72939
6366 85 4269
6823 0 17
7054 578 28927
6589 72 3609
7012 343 17184
6893 194 9737
7023 1646 82338
7022 173 8699
7004 1595 79784
7017 1635 81754
7017 1519 75997
7023 1893 94664
7012 842 42108
7008 955 47777
7021 271 13589
7012 87 4383
6835 118 5936
7012 610 30504
7012 487 24387
7018 875 43784
7007 17 872
7020 1338 66932
7012 1324 66206
7003 1417 70881
6206 111 5578
7018 920 46016
6382 101 5095
6534 44 2205
6115 19 974
6946 8 404
4952 47 2392
6799 64 3235
7019 261 13071
7017 57 2896
7017 817 40864
5527 70 3532
6309 26 1316
7010 1443 72191
7010 212 10627
7014 656 32847
7049 204 10246
7004 79 3979
7049 1393 69688
7012 521 26090
7008 472 23627
5982 28 1426
7001 965 48264
7012 1620 81040
6407 49 2482
7012 1435 71793
7055 760 38026
7020 495 24788
6874 9 472
7023 1005 50265
6946 60 3044
7004 1598 79907
7001 827 41382
7004 1598 79942
6462 72 3639
7004 930 46527
7049 1326 66346
7054 523 26185
6483 102 5126
7023 834 41723
7020 673 33657
7003 1417 70896
6936 14 741
5896 9 494
7026 355 17787
7012 1324 66236
7017 67 3396
7007 84 4221
7020 59 2951
7004 1595 79781
6953 3 200
6407 165 8292
6296 3 181
5511 51 2564
7020 19 976
7022 3 167
7740 30 1523
7016 22 1139
7010 705 35252
7001 946 47317
6483 103 5194
7001 688 34450
5474 47 2368
7016 184 9249
7018 357 17864
5478 51 2555
7003 436 21811
7004 890 44515
5136 18 945
7017 1682 84145
7001 552 27649
7017 57 2863
7012 1324 66203
7054 539 26974
7020 357 17861
7049 1344 67208
7023 1893 94684
7049 1721 86063
5508 16 820
7049 1925 96289
7001 997 49857
7013 186 9329
6572 183 9177
7012 274 13709
5576 57 2856
7023 1058 52946
6999 9 466
6304 99 4993
6076 30 1516
7001 650 32540
7020 674 33702
6829 188 9442
7048 37 1870
6765 92 4624
7010 720 36044
6605 53 2677
7023 607 30391
7049 1004 50221
7049 628 31414
7004 1242 62142
7049 1302 65121
7001 461 23089
7023 531 26551
7020 1570 78538
7022 50 2509
6382 52 2629
7054 357 17886
6382 48 2422
7020 149 7469
5268 0 19
5013 208 10416
7018 332 16611
7003 231 11580
6551 12 639
7008 820 41044
7023 1120 56016
7025 233 11653
7049 1392 69615
7055 167 8387
6361 31 1555
7023 824 41204
7019 272 13628
7003 1030 51530
7010 509 25452
6837 50 2516
7021 785 39281
6139 11 552
7008 1245 62266
6752 132 6650
6923 26 1312
7017 1395 69752
6551 11 592
7023 1012 50620
5433 76 3842
7017 772 38601
7006 18 910
7026 745 37267
7020 226 11301
7049 692 34632
6423 80 4009
7019 50 2549
7008 324 16218
7054 523 26185
7054 1015 50776
7010 1662 83144
7023 333 16657
7017 1134 56713
7023 1730 86545
6854 31 1588
6334 62 3124
5454 78 3904
5433 26 1329
6928 50 2541
6535 228 11432
7020 1231 61600
7017 273 13664
7049 174 8720
7008 531 26597
7048 167 8379
7006 11 554
6826 35 1798
5090 88 4411
6829 197 9881
7003 143 7175
7017 329 16482
7022 69 3459
7026 386 19305
5370 108 5417
6873 10 504
7014 1176 58812
7012 893 44693
7017 1068 53449
6440 25 1276
7023 607 30385
5896 29 1471
5586 9 474
6985 12 618
7574 110 5547
6148 50 2520
7049 1344 67227
7003 1417 70882
5433 26 1329
7010 1375 68775
6756 83 4183
5437 134 6739
7012 1114 55745
6837 101 5088
7023 689 34472
7003 1475 73762
6789 28 1414
7054 1657 82895
6334 50 2524
5093 148 7420
7055 760 38026
6402 41 2063
5436 57 2865
6347 0 29
6507 31 1581
7021 171 8586
7004 930 46502
7023 14 731
7054 1490 74548
6590 64 3214
7018 871 43592
7740 30 1523
7054 1776 88839
5433 74 3715
7017 772 38642
7014 1176 58823
5071 57 2898
7001 600 30010
7049 1456 72808
7010 46 2316
6091 202 10145
7020 1464 73207
7001 1035 51773
7012 1458 72939
6827 191 9578
6642 55 2790
6637 47 2367
6922 161 8097
7018 875 43784
7020 1012 50602
5412 31 1558
7055 438 21904
7055 660 33037
5511 54 2723
7012 762 38137
6462 66 3326
7006 296 14813
7025 148 7432
7001 202 10145
7004 1142 57128
7001 999 49957
7054 900 45035
7054 849 42455
7026 331 16585
7014 1467 73382
7023 1766 88346
7049 1104 55244
7023 1658 82915
5600 149 7452
6823 7 382
7026 525 26252
6893 192 9608
7023 1658 82937
7026 262 13144
7020 1888 94401
7021 293 14682
7016 22 1107
7023 518 25941
7019 412 20605
6752 121 6074
7026 355 17753
7006 359 17974
6549 122 6125
7023 345 17283
5229 56 2819
7054 1344 67229
6800 47 2370
7004 1509 75486
7023 1445 72281
7012 243 12167
7004 79 3955
7006 296 14846
7049 973 48651
7049 824 41202
6100 69 3461
7047 30 1501
7003 762 38135
6145 15 782
6829 182 9134
7334 3 193
6928 50 2520
7003 171 8584
7020 1091 54592
7010 671 33576
7054 25 1299
7017 424 21241
7004 1280 64012
7023 6 310
7001 997 49857
7020 1302 65127
7001 552 27637
7017 1355 67759
7054 1904 95237
7018 945 47283
7054 1190 59528
5499 179 8968
6118 135 6761
7055 337 16869
7055 438 21904
7049 1432 71608
5516 46 2335
7014 911 45587
7012 1254 62702
6946 60 3044
6803 25 1256
7055 337 16869
7021 573 28680
7003 1022 51123
7054 1746 87323
7004 934 46736
5625 203 10193
7049 174 8746
6873 11 564
7023 239 11989
5268 10 549
7023 613 30658
7054 550 27517
6114 135 6797
4969 23 1199
7010 1378 68926
7023 824 41247
6115 19 974
6978 17 882
7014 361 18097
7023 75 3781
7010 509 25498
6591 73 3696
7011 288 14405
7574 110 5547
7054 397 19879
6100 78 3919
7004 329 16455
7004 554 27711
7004 447 22360
5339 22 1137
7020 1620 81024
7054 1503 75186
6981 87 4358
7054 539 26990
6218 4 244
6874 4 241
7010 1145 57271
6483 105 5278
7021 54 2703
7026 855 42797
7054 1912 95614
7051 20 1010
7006 296 14813
7008 1033 51665
7498 202 10102
7018 502 25118
7004 554 27720
6544 345 17280
7003 1 55
7026 355 17753
7020 374 18744
7020 280 14042
4982 86 4312
7014 296 14818
7055 660 33037
6780 152 7608
6334 62 3124
7017 57 2872
7054 550 27517
6990 7 384
7020 1361 68097
7012 82 4103
7010 1036 51849
7010 1550 77525
6981 93 4677
7490 4 249
7408 20 1015
6850 47 2374
7010 1072 53618
7004 349 17500
5013 208 10416
7004 1298 64909
6893 194 9737
7014 1038 51930
7021 695 34782
7006 296 14846
7474 83 4181
7667 11 596
7006 359 17970
6340 67 3383
7051 20 1010
6619 3 156
6160 74 3730
5089 42 2104
7017 273 13675
7017 1403 70194
6786 66 3302
7003 152 7615
7019 541 27081
7014 933 46662
6956 0 33
7012 709 35468
6619 3 156
7020 1024 51227
7023 1646 82335
7012 610 30517
7012 1264 63209
7020 1137 56863
7023 1607 80369
7055 264 13226
7055 780 39001
5896 8 419
7019 573 28687
6806 23 1187
7054 105 5282
7020 1338 66924
7054 1904 95201
7020 546 27304
7008 1192 59646
6974 21 1094
6888 32 1627
7014 259 12966
7004 1135 56782
7006 11 587
6873 11 564
7054 647 32393
7008 884 44225
5207 84 4210
5177 42 2114
7014 659 32969
7014 996 49820
6229 20 1025
7054 1823 91192
7014 1282 64118
7017 1371 68564
7012 63 3175
6800 47 2370
7023 1646 82312
7017 1512 75616
7017 1036 51802
6457 128 6421
7017 1512 75624
7014 979 48960
7020 257 12866
7001 71 3571
7020 560 28014
7004 1719 85980
7010 1746 87326
7018 454 22746
7054 357 17864
7020 1249 62482
7026 558 27902
7025 305 15276
6533 6 330
7022 253 12661
5586 6 320
6956 233 11691
6932 231 11563
7020 1888 94401
7021 333 16691
7020 258 12924
6779 67 3396
6493 4 215
7023 382 19136
7008 1455 72786
6551 152 7637
7023 1012 50633
6901 2 141
7018 357 17893
7017 1269 63477
7004 1063 53176
7049 1326 66342
7023 1262 63149
7014 996 49820
7004 1326 66319
5060 64 3224
7012 1162 58108
7014 157 7898
7054 1746 87314
6076 63 3183
6407 164 8247
7054 1912 95633
6070 108 5425
7012 809 40472
7047 111 5599
7466 192 9617
7001 650 32540
7010 46 2343
7019 371 18572
7004 349 17473
7014 659 32969
7020 159 7989
7016 3 198
6139 16 827
7054 1943 97156
7026 238 11928
7004 1279 63998
7014 979 48960
6990 7 384
7049 1966 98322
7004 1719 85997
6080 155 7795
6955 64 3218
7049 689 34460
7054 1776 88839
5177 40 2023
6336 154 7738
7020 325 16267
7049 157 7894
6829 193 9683
7011 226 11303
7020 1455 72792
7023 1262 63123
7017 167 8354
7014 632 31610
7010 621 31058
7020 1252 62636
7012 658 32917
7004 554 27711
7017 125 6289
7023 1730 86520
7001 71 3571
7010 397 19889
7003 152 7606
7001 205 10284
7004 1071 53585
7008 1353 67698
6149 147 7366
7020 1298 64905
7023 1149 57477
6978 10 544
7017 970 48504
7026 158 7907
7059 72 3622
7001 447 22389
5108 23 1187
7012 82 4106
7004 349 17456
7023 1122 56140
6350 81 4070
5136 3 189
6506 74 3742
6347 47 2363
7023 1907 95366
6606 43 2166
7023 1148 57449
7023 6 340
7006 296 14846
7018 887 44382
5437 135 6760
7004 79 3970
7026 109 5470
6780 151 7560
7054 900 45013
7020 495 24792
7020 1620 81019
5207 74 3721
7049 1980 99015
7001 895 44756
6893 199 9990
5387 37 1883
7049 1392 69634
6761 40 2035
6478 62 3110
6579 39 1963
7008 779 38990
7017 1068 53449
7023 1262 63149
7020 956 47805
6978 10 544
5584 19 982
7017 1312 65641
5179 98 4928
6653 119 5956
7054 111 5567
7003 231 11556
5437 135 6760
7049 692 34617
7021 219 10998
7008 540 27001
7004 248 12433
6423 89 4469
7017 55 2800
6664 57 2884
7010 200 10032
7003 639 31954
5433 26 1329
7014 883 44193
7054 978 48911
7017 1601 80089
5511 54 2723
7049 1325 66287
6296 1 81
7023 1854 92701
7017 1124 56238
6946 2 126
7017 273 13692
6955 129 6481
7026 745 37253
7049 1297 64885
7008 779 38999
7017 796 39808
7008 1334 66735
6837 205 10298
7053 2 124
7055 780 39027
7001 738 36913
6955 129 6486
6350 78 3930
7008 472 23627
6296 3 160
7014 185 9290
7001 410 20523
7054 390 19515
6369 50 2530
7004 1598 79942
7018 265 13271
7018 920 46016
6806 23 1187
6985 13 690
7023 1730 86545
7049 1278 63922
7055 760 38032
7023 590 29517
7054 397 19879
6989 187 9352
7023 318 15945
7049 1200 60025
6579 77 3876
7014 185 9290
6151 13 679
5215 41 2066
6340 67 3383
7025 305 15273
7021 293 14695
7008 94 4749
5985 100 5022
7004 258 12913
5177 42 2109
7008 1334 66728
7055 826 41336
5511 51 2564
7054 639 31990
7001 71 3571
7012 796 39818
7014 1282 64118
6985 34 1703
5585 52 2612
7054 1776 88839
7010 509 25464
7014 1190 59538
7017 1512 75634
7049 1697 84857
7054 1776 88821
6423 81 4052
7018 292 14636
7014 469 23481
7010 1499 74989
6347 47 2396
5511 54 2723
7020 1933 96699
7054 398 19950
7012 1361 68065
7020 1300 65032
6989 187 9352
7025 451 22587
5436 56 2850
7020 427 21360
7054 578 28927
5412 31 1558
7054 1707 85368
5222 4 220
6783 68 3446
7017 1124 56248
7004 349 17481
7023 1262 63140
7010 136 6843
7014 1334 66710
7019 381 19059
7013 110 5503
7020 1464 73210
7017 954 47711
6332 55 2800
6637 47 2398
6611 51 2588
6149 147 7366
5134 36 1837
7020 837 41891
7054 1800 90043
7019 220 11034
7004 871 43574
7017 1753 87655
7014 1397 69899
7004 1661 83089
7012 63 3186
7020 360 18034
7010 1662 83126
7001 997 49868
6379 69 3463
7021 96 4807
7003 1103 55163
6149 147 7381
7017 271 13577
7023 689 34472
6874 4 211
7054 1344 67208
7018 875 43773
7020 724 36225
7010 1443 72180
5586 6 306
6375 17 890
7004 1479 73961
6969 198 9925
7023 936 46829
7055 826 41332
6021 123 6151
7055 154 7725
7012 594 29740
5940 40 2012
5929 92 4618
7017 830 41539
5337 133 6652
6798 162 8139
7001 895 44751
5971 83 4196
7054 1904 95236
7020 1464 73207
7055 261 13079
7012 1458 72939
7018 887 44382
7012 1518 75901
6304 193 9659
7012 63 3178
7019 160 8036
7563 21 1059
6145 17 864
6687 178 8918
6534 42 2113
7049 203 10172
7054 278 13935
7021 737 36898
7054 515 25792
6828 224 11241
5497 24 1217
7014 886 44308
6975 172 8640
7003 887 44371
7023 676 33803
6697 21 1092
6952 44 2229
7001 895 44760
7010 946 47326
6564 125 6274
6901 13 696
7012 709 35481
6445 3 181
7025 148 7431
7026 109 5470
6141 17 891
7020 257 12866
7012 63 3177
6768 41 2082
7014 426 21340
7020 549 27475
6946 2 126
7026 109 5480
7522 19 953
7023 333 16663
7003 152 7602
5625 108 5440
7049 689 34496
7054 2013 100664
7003 1030 51517
6811 15 776
5385 117 5885
7004 550 27527
7013 103 5161
7049 1302 65141
7012 274 13720
7017 1693 84684
7054 1595 79763
7054 255 12795
7022 3 175
7023 1607 80380
7020 956 47805
7017 991 49589
6823 9 463
7055 779 38977
7054 427 21397
6922 223 11179
6978 12 629
6642 61 3092
7020 462 23136
7025 47 2373
7054 488 24431
7006 610 30526
5982 28 1424
7026 578 28923
6533 10 503
7017 424 21217
6874 88 4441
5516 46 2335
7025 261 13071
7054 1776 88821
7023 1607 80369
7020 1225 61269
7049 938 46924
7048 167 8379
7023 1657 82859
7016 123 6167
7026 470 23528
5387 35 1784
7008 667 33355
7008 1245 62286
7049 1966 98313
7049 1201 60079
6102 9 477
7020 59 2951
7012 1590 79538
7023 518 25933
5511 23 1153
6339 180 9025
7018 920 46016
7017 970 48504
7004 258 12923
6549 120 6026
5474 47 2359
7021 261 13065
7055 154 7725
6149 147 7366
7013 57 2876
6952 3 172
7023 1012 50633
6979 53 2699
7026 558 27902
7004 1326 66330
7049 1104 55228
7010 57 2856
7003 428 21404
7003 887 44362
7004 1507 75357
7018 817 40895
7010 933 46672
7498 202 10102
7008 779 38999
5093 178 8908
7014 1603 80187
7018 875 43773
6007 0 46
7023 1646 82312
7003 231 11575
7022 47 2361
7010 812 40619
7054 515 25783
7017 1682 84145
6246 18 926
7013 103 5162
6606 22 1119
6806 23 1186
7004 550 27527
7055 326 16324
7004 569 28494
7054 515 25778
7010 1746 87322
7018 332 16611
7023 1734 86719
7008 667 33361
7017 1752 87637
7010 822 41143
5435 6 342
7026 785 39256
6369 50 2530
7017 1068 53414
7014 679 33962
7012 1300 65021
6823 7 371
7054 1588 79411
7055 779 38981
7011 154 7708
7019 581 29055
7049 174 8732
6814 1 89
7019 345 17271
7020 476 23802
5387 37 1883
7014 361 18097
7003 1443 72171
6974 18 914
7049 173 8697
7010 1662 83144
7020 1089 54457
5938 40 2007
6664 66 3337
7012 1162 58112
6824 67 3389
7018 719 35978
7020 476 23816
5511 51 2564
6803 17 889
5411 194 9741
7003 1110 55504
7003 1590 79532
7020 1782 89143
5518 23 1169
7020 59 2951
7021 377 18855
5516 47 2371
7054 1211 60568
7012 1324 66214
7014 898 44911
6803 129 6484
6794 15 753
7026 668 33417
5013 208 10437
7016 85 4274
7334 1 96
6749 76 3831
7012 1653 82699
7490 9 480
6874 1 64
6353 71 3552
7001 827 41362
7010 57 2878
7014 291 14564
7004 466 23347
6325 1 79
7013 150 7527
6980 191 9587
7049 1104 55228
7012 87 4352
7012 274 13717
7020 674 33702
7018 869 43496
7020 1933 96699
7054 523 26180
7014 267 13366
7010 509 25462
7012 1047 52376
5566 24 1228
7004 329 16478
7019 563 28158
7010 1745 87286
6161 19 991
7014 979 48960
6871 74 3749
7020 462 23113
7001 155 7783
6963 57 2865
7020 1913 95699
6901 16 839
7462 21 1090
7017 683 34175
7017 817 40894
7018 875 43784
7020 1275 63774
5005 208 10420
7014 64 3238
7014 1236 61834
6421 21 1083
7054 1020 51027
6407 18 912
7012 489 24451
7012 102 5101
7020 1298 64905
7008 543 27154
7012 1376 68848
6115 39 1979
7012 1266 63347
7020 965 48289
6761 40 2035
7021 850 42532
7023 345 17293
7003 1427 71380
7004 147 7355
7023 1054 52718
7388 33 1670
6285 133 6662
7054 1001 50086
7010 198 9929
7004 1595 79781
7012 597 29889
7021 604 30202
7004 1479 73975
7054 25 1299
7049 956 47839
7006 7 392
7049 1302 65121
7003 1302 65119
7023 1907 95400
7023 824 41204
7020 280 14042
7006 138 6921
7054 427 21381
7020 386 19326
7017 862 43143
7010 1255 62768
7047 73 3680
7054 1659 82964
7026 702 35126
7017 1269 63469
7054 583 29176
7017 1530 76525
7010 1373 68667
7049 1416 70835
7010 1478 73917
7004 1509 75463
6379 61 3066
7010 1698 84924
7017 1680 84013
7001 37 1887
6369 50 2508
7017 796 39808
5512 180 9050
7026 198 9950
6506 74 3742
6369 54 2746
5013 202 10140
7008 1125 56293
7023 479 23966
7014 106 5337
7017 1530 76526
7008 934 46743
7020 360 18036
7020 495 24788
7003 1543 77157
6980 191 9587
5268 5 289
7003 617 30872
6932 231 11598
7012 893 44656
7054 508 25416
5029 25 1290
6353 67 3396
6824 66 3346
7012 1722 86110
7006 18 907
7023 613 30673
6973 146 7343
7008 884 44225
7020 59 2951
6154 11 584
6978 13 669
6599 108 5450
7008 337 16872
6827 192 9621
6366 87 4370
7008 934 46729
7054 523 26180
6683 119 5987
6942 21 1051
6149 147 7381
7001 999 49978
7008 884 44225
7014 1603 80187
7054 550 27517
7049 429 21475
7003 267 13353
5516 47 2371
7020 476 23832
6223 5 267
7003 1197 59864
7008 779 38981
7014 1236 61812
7016 283 14171
7049 1687 84374
7006 475 23766
7003 1012 50641
7014 52 2615
7014 511 25575
7001 205 10264
7021 645 32271
7008 779 38999
6376 64 3239
5176 5 271
5588 165 8299
6946 2 126
7017 394 19705
5127 33 1668
7001 303 15171
6963 56 2828
7023 239 11980
7001 738 36923
7001 895 44756
6835 112 5635
7003 1475 73789
7014 1038 51903
7001 1116 55804
7018 676 33808
5971 118 5902
5909 25 1255
6591 77 3861
7018 890 44541
7020 476 23816
7003 143 7198
7023 848 42405
6799 64 3235
7020 427 21378
7016 88 4409
7010 1403 70191
7021 341 17076
7017 271 13565
7019 581 29080
7049 938 46941
7017 820 41029
5433 83 4172
7049 476 23808
7020 937 46855
7008 389 19468
7008 540 27021
6798 50 2541
6606 43 2155
7020 965 48296
6483 107 5355
7026 558 27918
6320 81 4099
7010 204 10235
7020 847 42380
6837 52 2644
6964 44 2226
5177 42 2114
5982 28 1426
7020 1541 77080
6637 44 2250
6183 103 5156
7026 594 29716
7008 1391 69577
7054 1283 64195
5164 72 3646
5061 77 3895
6332 66 3302
7017 1208 60403
6806 32 1637
6946 6 328
6990 7 384
6979 49 2457
7049 844 42208
7020 1006 50330
5909 24 1220
6747 7 393
7012 1015 50800
7003 152 7650
7012 34 1706
5497 26 1343
7003 1224 61233
7054 111 5577
6100 78 3919
6928 41 2052
5777 30 1542
7017 271 13565
7049 1687 84374
7014 115 5756
6376 33 1681
7018 411 20582
6457 28 1430
6637 44 2250
7020 766 38302
7054 1501 75083
7054 112 5608
7008 1245 62266
6823 9 463
6423 81 4052
6619 3 156
7054 105 5290
7012 274 13717
7025 158 7932
7010 219 10958
7047 35 1795
7008 567 28377
7017 1171 58565
7012 487 24353
6218 4 230
5516 44 2218
5511 55 2790
7021 191 9568
6425 24 1233
7023 345 17283
6826 38 1911
7054 1344 67207
7021 221 11051
7023 1770 88516
6835 115 5794
6761 41 2052
7014 1603 80187
6826 34 1742
7020 766 38302
7010 1219 60984
6160 65 3288
7055 167 8353
7054 1823 91199
7011 226 11302
7014 898 44947
7001 37 1887
7055 34 1726
4952 47 2392
7010 773 38654
6928 50 2517
7023 1148 57449
6934 146 7344
7054 1982 99142
7023 1646 82335
7020 926 46343
7008 531 26584
7001 205 10253
7004 1720 86005
7010 136 6843
6100 78 3919
7014 1603 80179
7012 1324 66203
7671 70 3512
7004 950 47537
7049 1925 96263
7020 1399 70000
7012 658 32922
6423 80 4009
7012 27 1354
6765 27 1393
6507 202 10144
6824 65 3284
7001 411 20574
7012 1143 57170
7013 133 6699
7014 1565 78283
7001 564 28215
7018 199 9972
6642 59 2953
7021 352 17603
5953 3 164
7049 425 21296
7006 408 20408
5924 10 539
6956 85 4251
7055 760 38003
6468 36 1834
6115 19 974
7012 610 30517
7048 194 9748
7004 104 5241
6149 153 7675
6100 69 3461
7016 185 9269
7004 370 18526
7023 1734 86723
6803 136 6848
6564 127 6367
7004 370 18550
7014 1176 58829
7011 81 4099
7001 74 3749
7054 783 39166
7003 887 44362
7001 410 20534
7017 1329 66453
7017 683 34153
5013 202 10140
6356 127 6389
7014 1176 58823
7008 298 14920
7012 1300 65044
7018 332 16647
5385 193 9679
7012 557 27893
7012 762 38118
6824 22 1131
7006 241 12100
7010 1219 60984
7004 1365 68295
7012 709 35481
7017 1680 84047
7003 441 22088
7054 1588 79409
7021 377 18855
7003 1269 63470
7018 920 46016
7026 594 29744
7054 1982 99136
5947 100 5049
5216 37 1884
6934 176 8817
7004 1499 74978
7018 454 22746
5925 3 171
7020 1933 96699
7018 586 29324
7023 937 46852
6959 183 9193
7014 874 43711
6594 110 5518
6824 63 3154
7023 691 34590
7055 660 33036
7019 409 20462
7020 1913 95675
7017 1681 84057
6444 166 8321
4982 86 4312
6589 72 3647
7018 920 46002
7049 938 46908
7004 1647 82362
7049 1200 60025
7010 1662 83126
7020 961 48067
7004 1279 63981
6942 28 1437
7022 13 678
7012 559 27985
7014 52 2647
6687 178 8918
6600 9 486
7012 1435 71763
7010 820 41012
7017 862 43135
5387 35 1784
6928 49 2463
7012 1254 62739
7025 148 7446
5566 26 1305
6981 88 4424
7010 566 28307
7003 1110 55511
7014 185 9257
7014 1653 82689
7003 774 38740
6332 51 2576
7012 1254 62739
7021 271 13581
7017 1329 66489
7008 995 49778
7049 901 45091
7017 1693 84686
6493 107 5361
5093 150 7515
7014 469 23496
7023 1328 66440
7006 33 1693
6767 8 427
6376 64 3239
7020 1949 97478
7023 1607 80361
6347 19 955
7010 1257 62881
6092 106 5345
6100 81 4066
7001 37 1863
6798 162 8135
7012 323 16151
5013 208 10437
6375 14 708
7020 1006 50330
6798 162 8139
7047 119 5970
7026 470 23528
7021 54 2745
5387 37 1883
7020 49 2452
7049 1432 71608
7021 242 12145
7014 1409 70491
7022 3 153
7023 1280 64028
7004 370 18550
6683 118 5946
7014 1603 80187
7025 305 15276
6874 85 4254
7020 957 47859
7004 870 43540
7008 1334 66728
7003 1711 85558
7018 920 46002
7012 1143 57195
7010 1698 84924
7014 1170 58506
7023 1639 81982
7010 140 7031
5127 33 1668
7017 983 49184
7055 326 16343
7047 73 3672
7012 1202 60123
7022 222 11107
7021 826 41332
7003 389 19492
7021 700 35010
6091 202 10145
7020 1158 57938
7022 99 4992
7021 191 9566
7021 674 33704
7021 645 32270
7010 198 9918
7411 105 5270
7010 1443 72192
7010 1571 78570
7011 274 13708
7006 11 587
7004 1326 66319
6769 61 3088
7054 488 24422
6376 13 687
7014 1176 58823
6871 64 3221
6605 95 4783
7049 1326 66349
7017 282 14134
7012 689 34466
7025 148 7446
6936 14 741
6535 52 2649
7051 86 4303
7003 639 31954
7017 1371 68600
6990 7 384
6092 63 3159
7014 632 31610
6098 137 6900
7020 1225 61256
7023 1148 57449
5961 36 1818
7010 812 40642
7055 438 21904
7020 149 7484
7001 895 44797
5914 96 4827
7020 74 3728
7012 731 36557
7023 382 19133
7004 447 22360
7010 1745 87295
7054 1306 65337
6795 2 114
6098 137 6876
6981 92 4602
7014 1725 86253
6544 341 17098
7012 1499 74956
6312 123 6182
7023 1262 63137
5511 51 2564
7026 87 4389
7003 706 35330
7021 443 22193
7020 325 16254
7054 218 10948
5925 126 6330
6697 21 1092
7022 3 175
6959 181 9097
7055 326 16334
7021 148 7450
7408 20 1015
7004 1298 64906
6800 152 7650
6901 91 4593
7018 357 17864
7014 267 13370
7014 1603 80166
5774 83 4157
7047 101 5089
7004 934 46709
7020 1040 52012
5474 47 2368
6553 139 6968
5326 4 249
7014 1473 73678
7018 980 49011
6803 131 6572
7019 251 12593
6620 53 2654
6102 9 477
7003 970 48513
7014 1603 80200
7023 1734 86701
6998 205 10282
7049 1796 89835
7011 288 14434
6837 58 2948
7048 28 1441
7023 1054 52747
7018 875 43763
5566 24 1229
5089 42 2104
7018 790 39514
5013 208 10416
7049 860 43001
6946 34 1723
7049 1197 59872
7018 357 17864
7014 1106 55319
7008 829 41460
7008 779 38999
7008 815 40776
6575 64 3248
7020 1300 65048
7001 552 27649
7020 650 32508
5911 63 3186
7004 329 16478
7025 201 10058
7021 604 30204
7049 1302 65146
6332 63 3179
4955 43 2194
7012 1266 63321
5411 90 4501
6023 28 1424
6826 32 1610
6747 5 282
7049 1482 74125
7022 2 141
7018 966 48334
7003 493 24672
7049 1104 55239
5617 62 3113
4969 21 1061
7054 515 25778
7049 973 48651
7026 158 7931
7003 60 3050
7012 1143 57170
7020 1383 69166
7023 1012 50625
6594 107 5392
7003 231 11575
7055 756 37827
6953 143 7183
7025 584 29243
7014 267 13365
7026 855 42752
6149 153 7675
7014 739 36991
7001 71 3556
7095 16 805
6223 4 242
6375 99 4964
6180 1 85
7051 86 4303
4978 44 2209
7020 1249 62456
7055 780 39007
7012 388 19410
7020 280 14046
6379 68 3432
7054 1943 97155
6823 7 382
7012 813 40695
7014 679 33952
7017 1068 53443
6506 70 3532
7026 32 1638
7017 1208 60419
7054 1410 70525
6969 236 11832
7004 416 20826
6462 66 3326
6058 177 8853
6687 173 8654
7017 1753 87655
7018 265 13277
7008 120 6001
7023 1012 50620
5268 3 168
7003 920 46031
