18527 302 15132
14270 254 12709
18860 29 1493
14269 41 2069
18923 391 19600
14564 106 5324
17875 330 16515
14527 76 3845
15115 99 4971
18492 143 7180
17055 128 6401
14970 68 3425
14921 7 360
17423 11 579
17484 274 13717
17322 38 1938
14369 45 2262
17371 386 19334
18011 35 1755
17590 10 543
17633 74 3718
14623 288 14404
18048 408 20450
16225 155 7781
14218 82 4108
15987 233 11666
14623 88 4419
15484 116 5803
15910 229 11491
18732 104 5243
15014 163 8151
18779 301 15084
17371 55 2756
17504 11 581
18740 45 2295
16965 322 16108
17503 163 8169
17992 78 3906
18910 139 6963
18644 124 6238
18527 360 18003
17028 300 15027
18732 344 17214
16893 11 587
18244 109 5466
14741 201 10073
16205 493 24698
16867 271 13553
17973 22 1144
17561 60 3038
18010 101 5066
18754 34 1730
17300 4 217
17237 521 26056
14772 236 11840
15733 13 668
14377 113 5691
14338 163 8171
16286 548 27438
14546 151 7590
18765 291 14575
16118 96 4849
15115 99 4971
15917 386 19313
14336 88 4402
14143 143 7151
18527 302 15147
14403 68 3402
14231 19 963
18514 28 1433
14425 175 8766
16893 53 2660
18748 4 249
17338 86 4309
17116 0 19
17337 11 555
15403 174 8721
17633 74 3712
18527 360 18033
18752 310 15519
18024 62 3148
16809 235 11771
17990 428 21417
18219 152 7650
18045 14 704
18244 24 1241
18678 329 16456
18779 512 25647
16526 48 2415
17300 18 916
15234 43 2176
17851 342 17129
14564 106 5324
15970 193 9654
14641 103 5155
14431 72 3620
15894 39 1997
17955 259 12991
15458 7 371
15673 53 2689
15965 478 23918
15279 114 5723
14774 112 5603
17371 29 1500
15264 162 8134
14213 24 1247
15923 155 7791
18514 80 4009
17435 49 2456
16867 260 13036
14223 14 746
17504 8 401
17005 100 5029
18687 536 26805
16242 351 17574
18922 398 19940
17333 117 5892
16041 237 11874
18712 138 6943
16225 155 7757
15254 50 2516
17823 99 4989
14782 73 3654
14970 86 4325
17419 16 801
18048 408 20413
16410 159 7994
14970 86 4304
15322 54 2746
15403 95 4784
17667 127 6383
14281 88 4401
18662 9 476
17875 330 16511
18752 564 28212
18011 33 1679
18732 254 12740
16199 175 8784
18752 310 15530
14319 2 135
18651 64 3211
15322 54 2746
17530 110 5502
18035 162 8137
14564 10 535
17324 53 2668
18054 464 23237
15154 43 2186
15430 154 7703
18750 205 10254
14886 129 6488
18929 281 14076
14202 121 6099
14390 79 3975
16341 18 922
16150 103 5161
17681 22 1142
18001 1 72
14634 66 3338
16431 196 9836
18748 153 7665
14319 13 690
14825 59 2994
17336 3 185
15696 76 3828
18028 305 15289
18732 50 2504
17322 35 1794
16921 175 8755
15279 114 5713
17791 13 697
14768 31 1571
14218 61 3095
14269 41 2085
16826 173 8681
16101 56 2812
16753 62 3105
14610 168 8421
18481 91 4575
18574 75 3773
14642 3 163
17667 97 4860
17177 37 1880
17270 81 4078
16733 17 868
14543 104 5227
18605 38 1909
15458 57 2880
15103 129 6456
18644 124 6233
16947 176 8803
15987 326 16331
15103 134 6720
14223 55 2793
17178 83 4151
15941 23 1174
14548 168 8442
18028 229 11456
16242 265 13280
17313 70 3512
18007 77 3853
16825 29 1473
18764 32 1614
14218 82 4108
16442 4 220
16544 152 7612
16689 6 312
18750 205 10281
15469 194 9707
15113 62 3111
17260 11 580
18653 68 3449
18574 75 3768
17336 38 1921
18246 20 1026
15154 8 418
17875 375 18793
16733 5 254
17462 3 186
14986 282 14144
18874 199 9975
18630 52 2649
18764 40 2001
18923 543 27169
14458 46 2320
16144 77 3860
16798 67 3388
17834 5 267
14224 33 1693
14746 133 6664
18258 123 6185
15430 41 2092
15529 119 5966
15689 273 13674
14795 55 2751
17973 13 675
15014 152 7648
18018 46 2329
17394 183 9171
16262 10 529
14379 28 1410
16878 168 8409
18527 302 15147
14377 83 4171
18955 251 12551
15154 123 6199
15801 79 3994
15167 79 3998
18031 21 1053
17874 20 1020
17383 116 5843
17972 91 4580
17383 461 23092
17343 29 1490
15236 85 4255
17592 136 6840
15862 284 14233
17339 43 2172
16344 54 2723
16341 269 13471
14157 93 4678
17371 55 2779
15511 202 10105
18665 209 10467
14768 103 5194
14379 210 10527
14338 232 11626
15297 198 9938
16847 58 2923
15872 48 2426
16878 158 7921
15469 318 15912
14736 135 6783
14117 18 906
16676 330 16535
17371 149 7465
17177 68 3415
18631 316 15839
17776 5 255
14643 179 8980
15383 289 14479
16063 92 4642
18492 238 11934
16227 161 8056
14138 95 4762
14749 61 3077
14801 252 12610
14524 36 1845
17505 99 4976
18666 51 2594
15403 81 4064
18516 224 11211
14338 50 2529
14795 55 2751
18926 21 1085
17462 11 599
17696 176 8837
18760 259 12968
17696 8 408
16840 38 1941
18018 46 2303
15154 166 8340
17522 90 4503
17270 4 219
17603 21 1057
16209 287 14369
17681 46 2330
18947 287 14398
14921 7 360
14195 198 9925
18732 359 17958
14733 62 3112
18662 7 373
14986 111 5599
16893 49 2484
14748 34 1705
17208 254 12740
15383 18 920
18603 184 9225
14281 83 4164
14736 188 9450
18514 28 1433
17423 11 579
18024 401 20056
14707 49 2489
15403 81 4064
14450 72 3640
14319 10 539
14592 10 510
18732 104 5240
18701 220 11025
15462 25 1263
14363 271 13556
14798 38 1935
18027 37 1876
15447 160 8006
16798 48 2447
18527 545 27291
18031 88 4410
14611 157 7892
14970 68 3425
17336 3 185
18027 37 1863
15053 48 2447
17326 59 2951
14564 11 591
14195 198 9918
16947 165 8288
16581 178 8923
17217 109 5452
15154 84 4201
17973 22 1144
18481 124 6205
14445 0 37
18685 484 24211
16172 24 1233
16835 304 15237
14575 55 2775
15846 116 5833
15167 79 3998
14575 4 208
18752 564 28247
15689 273 13676
18933 182 9105
16118 96 4849
18011 82 4143
17990 405 20276
16095 251 12593
18527 302 15119
17753 175 8763
14901 61 3098
15442 171 8593
15966 150 7522
14564 56 2835
17494 24 1230
17494 155 7756
18034 65 3297
18860 29 1493
15115 63 3180
17191 31 1562
15861 58 2925
17344 30 1530
18712 306 15322
14740 57 2853
17633 74 3746
15179 103 5166
17620 95 4769
17489 50 2542
17343 29 1463
14425 205 10296
18499 220 11020
15946 246 12332
15251 82 4145
15923 192 9645
18929 220 11019
18907 165 8268
18712 182 9124
17361 200 10002
17383 116 5843
14772 108 5419
18005 77 3887
16172 472 23603
14450 291 14599
15484 97 4867
14774 176 8835
17398 64 3208
15154 69 3480
17366 45 2266
14328 23 1178
17990 405 20276
14956 310 15523
14450 82 4101
15074 56 2829
14524 36 1846
14610 161 8064
17313 70 3531
18860 116 5823
14857 203 10170
15863 21 1095
17494 12 627
17327 101 5060
14427 264 13229
17522 18 909
17055 128 6428
15640 78 3916
18258 123 6169
16733 54 2706
14643 182 9113
14545 148 7408
17580 16 804
14772 43 2191
14734 148 7443
16209 215 10778
14721 2 150
15917 353 17659
15127 43 2160
14286 8 402
16753 47 2398
17335 25 1290
18732 509 25473
16825 74 3708
15801 378 18922
17365 97 4875
15863 47 2388
14450 77 3856
17366 23 1168
14970 13 655
17361 163 8191
18492 223 11169
15909 222 11131
18931 126 6345
15689 282 14150
18024 401 20098
18007 77 3861
18010 101 5069
18763 0 42
16442 18 932
15462 25 1263
15591 28 1414
17300 18 942
16227 28 1431
14306 172 8620
18931 126 6312
18604 145 7289
15074 56 2829
15828 417 20862
15014 207 10393
14279 49 2490
18499 201 10066
15462 168 8443
17029 60 3008
17055 433 21685
18764 40 2008
15987 199 9970
14403 63 3179
14543 181 9094
14151 70 3538
18794 54 2707
18924 121 6065
15297 135 6779
15940 214 10702
15989 500 25017
14218 200 10017
14636 102 5127
15113 0 14
15986 61 3056
15297 135 6773
17371 465 23267
18955 136 6807
18481 81 4066
14942 77 3865
18010 101 5082
16520 101 5088
14768 35 1784
15909 214 10717
16167 259 12997
18605 38 1922
18756 2 108
16761 361 18077
16434 46 2330
14722 161 8058
17243 43 2156
18732 509 25458
14546 112 5615
14721 2 150
17985 180 9023
17505 52 2643
17344 30 1532
18630 50 2509
14286 20 1028
18665 25 1282
14425 145 7280
16874 99 4994
17300 18 901
14218 200 10017
16225 249 12500
15130 15 786
18860 116 5825
14642 126 6341
17337 31 1574
14195 130 6509
17371 29 1471
18258 124 6213
14159 134 6723
17344 69 3497
18049 45 2262
16526 18 924
15973 120 6033
15861 38 1917
17152 7 366
18929 228 11405
17620 199 9977
17270 64 3209
14427 243 12166
15965 290 14504
16889 192 9635
18027 54 2731
14772 43 2164
14772 73 3655
14409 199 9960
15469 318 15934
15917 386 19313
14764 39 1999
17753 148 7401
16964 12 616
17415 146 7322
17239 163 8157
16101 56 2812
18024 364 18205
17620 44 2203
15103 134 6720
16832 1 67
14976 162 8125
18923 623 31169
15154 8 433
17270 61 3074
16150 273 13688
14425 205 10275
16209 23 1151
17313 180 9031
17973 50 2549
15442 171 8593
17260 11 560
17851 326 16324
14425 175 8792
18011 39 1980
15511 81 4092
14157 193 9677
15127 33 1672
14901 108 5439
14190 72 3625
18666 61 3065
17522 18 914
16265 16 813
17851 324 16224
14795 55 2767
18040 86 4320
18764 32 1614
16227 33 1691
17874 20 1043
18644 124 6221
17874 19 968
16434 46 2345
14218 200 10017
14356 177 8852
18953 355 17797
16836 51 2590
17875 405 20266
17204 33 1676
18740 45 2279
14202 85 4283
14355 9 459
16058 190 9544
16798 48 2430
15166 162 8130
15328 15 792
14117 33 1691
16893 49 2484
17522 18 909
14319 13 690
17206 175 8766
15923 155 7791
16041 195 9752
14942 251 12583
17603 26 1307
14338 232 11626
14942 251 12583
16874 99 4980
18685 484 24246
15425 13 676
17662 149 7489
16047 13 679
17990 405 20276
18044 268 13443
14546 151 7590
18644 124 6221
14746 133 6670
14246 193 9676
17423 9 453
14270 254 12720
14336 55 2765
16761 55 2795
18874 209 10466
14363 149 7471
14218 250 12505
18028 229 11460
16410 193 9697
15457 170 8505
16199 118 5914
18926 21 1054
14942 251 12578
16888 413 20670
15254 60 3027
18024 401 20051
14902 313 15683
18631 316 15839
16186 309 15500
18258 126 6328
15458 12 635
17985 78 3925
15234 7 361
15469 194 9707
18732 256 12802
18732 256 12820
17874 19 968
17459 47 2356
18007 39 1964
17505 52 2644
14227 42 2141
14154 108 5407
17055 433 21654
15403 2 132
14816 106 5309
15442 171 8596
16118 225 11280
14270 34 1720
15909 214 10702
18779 512 25647
14335 280 14036
14736 188 9442
16753 62 3105
14338 305 15252
15484 257 12856
17137 91 4592
14816 57 2894
17776 5 252
17123 2 140
15876 52 2609
17267 81 4080
18750 209 10462
18953 355 17757
18219 154 7742
17493 193 9676
18018 46 2321
17636 5 251
14545 89 4479
16845 143 7183
16172 288 14422
15965 269 13456
14450 278 13928
16047 26 1321
18219 58 2904
17447 64 3219
17462 11 586
14524 49 2469
17592 136 6821
17992 78 3929
14157 49 2464
15328 177 8864
17152 7 366
14338 163 8195
15383 178 8913
18665 130 6515
17367 91 4586
17858 248 12422
18741 8 435
17823 99 4989
15458 7 381
15876 51 2554
18712 306 15313
15776 2 133
15780 104 5203
18752 564 28229
15919 46 2304
16199 175 8784
15113 0 31
18753 34 1725
17504 28 1448
14271 139 6987
18685 484 24235
18753 27 1387
17383 116 5811
18931 62 3112
16227 46 2312
14772 48 2405
14231 25 1264
17866 60 3022
15130 50 2503
18924 7 374
18481 124 6205
16927 17 887
18258 126 6328
18910 160 8044
18010 81 4064
18007 77 3891
14707 36 1831
18249 11 584
16205 239 11999
17696 180 9033
14154 197 9894
18752 363 18168
14403 47 2360
18516 202 10117
14575 23 1179
18007 91 4557
18466 87 4365
14356 177 8865
14336 88 4402
17361 56 2831
17326 18 923
14427 264 13229
15940 123 6156
15554 177 8895
18701 220 11025
17757 78 3946
14279 49 2490
18756 111 5556
18514 330 16501
16832 23 1186
17237 55 2784
16835 290 14516
15917 420 21023
17875 421 21055
17251 200 10030
15163 31 1579
15409 84 4220
14940 51 2587
15970 136 6821
14271 139 6987
18481 124 6202
18018 46 2303
18514 28 1433
15973 116 5839
18492 143 7180
14546 27 1365
15923 155 7766
14149 183 9177
17300 11 595
15061 202 10117
18752 363 18164
18779 32 1642
15383 91 4597
14824 187 9374
18924 121 6065
18779 541 27065
15294 9 471
15469 324 16247
16379 32 1648
18219 154 7742
18763 11 597
17681 50 2533
18527 545 27268
16481 116 5836
18779 32 1642
17753 17 876
18779 473 23688
18752 310 15530
17055 261 13097
14768 87 4367
14956 310 15523
15080 36 1832
17578 6 317
17840 81 4087
17791 0 12
17978 278 13943
17217 109 5452
17990 209 10477
15859 338 16930
15382 204 10244
14819 8 423
14764 105 5261
14336 55 2765
15733 13 657
15464 160 8009
16227 28 1420
17217 48 2428
18748 153 7659
14956 310 15536
18010 81 4067
14874 46 2311
17875 421 21055
16186 124 6210
18644 124 6237
17874 51 2591
14403 68 3402
14149 188 9449
17046 62 3115
16753 6 303
15828 421 21068
16676 153 7652
14746 108 5443
17068 12 611
17239 128 6433
17661 84 4233
16073 32 1629
15130 50 2519
15099 36 1840
14774 241 12078
15733 4 215
14243 33 1677
17270 4 219
18928 96 4810
18008 91 4579
15970 198 9932
14333 33 1678
17053 110 5503
18011 33 1686
15909 81 4094
17985 150 7527
15862 294 14749
18035 94 4715
15713 2 124
15251 94 4730
17237 22 1115
17504 4 245
15774 449 22475
17681 18 933
16676 330 16535
15098 66 3342
14632 79 3956
15115 63 3164
14736 135 6783
14379 28 1442
16889 253 12670
15927 57 2874
15867 73 3665
17955 275 13780
15970 397 19861
14438 125 6262
14772 43 2175
14409 199 9981
17116 0 19
16867 271 13586
18931 62 3112
14543 148 7445
18048 408 20446
14277 125 6300
17322 5 293
14970 236 11815
18010 81 4062
17592 151 7571
17337 45 2257
15917 503 25186
15872 69 3476
17237 442 22129
16845 143 7176
18024 476 23834
14771 121 6074
15876 52 2609
14218 82 4110
16432 13 698
15923 180 9005
17875 223 11188
18024 589 29462
15322 54 2746
16798 19 951
15774 449 22451
15254 49 2494
15965 269 13478
17419 28 1415
14319 10 549
16172 288 14422
14379 28 1442
14564 154 7724
17254 58 2907
18001 1 87
16845 143 7183
15457 70 3527
14191 27 1391
17206 326 16331
14190 18 923
16355 47 2394
15696 8 447
14722 39 1961
17028 13 692
14291 136 6808
17333 51 2565
17603 17 859
14772 6 323
17482 139 6969
16431 196 9841
18929 220 11019
14611 110 5517
17535 70 3510
15294 66 3306
18481 120 6007
16506 68 3432
14636 102 5128
15965 290 14544
15863 21 1095
17053 11 578
14149 213 10652
17990 209 10493
18516 202 10117
15403 174 8705
15917 190 9533
16888 540 27040
17985 286 14343
15251 82 4126
14335 220 11048
14436 180 9006
16733 17 862
16798 48 2430
15876 51 2552
18011 82 4143
17053 42 2119
17636 35 1773
17339 199 9967
15061 252 12603
14568 31 1559
16058 26 1340
17335 46 2321
18009 35 1772
17055 428 21448
17780 44 2243
16733 18 916
15673 53 2687
16493 81 4089
17440 165 8286
14623 17 859
15862 143 7178
14450 291 14568
17992 15 781
16432 101 5088
14269 65 3269
17339 274 13726
18794 20 1023
14795 35 1791
18024 62 3148
17228 55 2789
18923 346 17315
15115 20 1043
18238 176 8821
14764 101 5080
15894 39 1997
16783 45 2286
18732 254 12726
15919 36 1814
16581 254 12730
18007 77 3897
17834 63 3181
15335 181 9080
17116 67 3372
15927 178 8911
16845 35 1798
18249 11 584
18765 333 16693
14410 178 8944
17423 9 461
14377 202 10132
14436 201 10082
16075 314 15733
16520 101 5065
17973 22 1144
14369 75 3756
17603 26 1321
18008 82 4141
14968 127 6393
16878 168 8409
17791 30 1524
14338 232 11640
14886 55 2751
16150 142 7141
16442 57 2863
16410 193 9697
15335 188 9436
18753 69 3496
16265 16 844
16058 22 1143
17958 25 1294
15391 187 9392
17339 43 2181
18910 160 8009
14213 13 659
14306 180 9028
14329 227 11390
16432 13 697
15318 43 2187
15965 194 9744
18779 301 15061
17144 89 4463
17481 29 1455
16526 68 3442
18947 309 15473
15297 108 5403
16073 171 8578
16355 47 2385
18923 644 32217
17990 284 14229
17489 13 658
15179 55 2754
14138 95 4762
18748 4 214
15783 317 15855
17522 18 909
15894 39 1997
16432 19 978
14306 137 6851
18712 249 12469
17383 78 3939
17985 167 8378
18018 46 2319
16888 142 7126
18018 15 766
18497 65 3254
15529 119 5987
14328 23 1172
14545 89 4479
14291 136 6808
16355 47 2394
15457 76 3845
18677 222 11137
14632 70 3527
14409 176 8847
18794 20 1024
17415 77 3881
14133 103 5185
17237 493 24658
14450 230 11512
15940 214 10717
17851 324 16208
18794 20 1009
17343 12 604
17327 119 5955
14543 104 5231
15941 12 638
14764 38 1932
16355 47 2363
14549 210 10529
18933 390 19516
16889 245 12294
16298 200 10030
17851 259 12981
14410 178 8944
15383 250 12508
18034 141 7089
14564 10 526
17361 342 17111
18874 292 14650
18010 101 5066
18750 213 10694
17337 31 1574
16845 271 13582
17251 215 10763
17267 81 4080
14410 290 14517
17260 25 1261
14446 17 900
16118 96 4849
15252 24 1229
17972 246 12337
14527 95 4800
15149 49 2457
18924 7 374
17224 38 1932
18756 125 6262
14139 258 12913
18031 88 4403
15296 92 4605
14527 10 520
14281 88 4432
14764 5 271
18001 11 567
18024 69 3485
18249 7 383
16867 271 13553
15446 39 1951
17237 235 11770
15251 94 4702
18474 217 10859
14902 20 1050
17573 77 3867
14546 179 8988
18732 89 4474
15529 119 5966
17505 52 2644
16836 51 2571
15862 318 15950
15154 166 8302
16410 159 7994
15774 111 5582
18474 233 11653
17029 152 7622
18001 11 564
17990 405 20276
14223 55 2793
18794 118 5929
17861 347 17362
14377 83 4172
18752 564 28212
17535 27 1353
15425 177 8851
14277 125 6300
14300 181 9054
17530 7 397
18929 76 3827
14736 213 10695
14450 228 11404
15403 81 4064
14795 37 1889
14151 70 3506
17440 165 8286
17361 257 12856
15774 111 5554
18929 31 1573
14157 66 3322
18258 126 6302
17985 167 8378
18253 11 579
16186 326 16338
18631 316 15850
14968 127 6393
14286 5 254
18474 217 10856
18024 509 25471
15163 71 3590
14975 51 2563
14143 61 3092
18779 473 23660
17326 12 621
14715 41 2058
17326 58 2909
14819 10 533
16493 22 1118
15251 108 5426
17791 13 662
15154 249 12477
17847 15 779
17589 8 450
14948 279 13957
16965 322 16141
14338 232 11626
18630 50 2509
16506 161 8066
18760 259 12970
15941 66 3335
18044 522 26136
16073 32 1647
18750 205 10281
14281 88 4401
18604 16 811
14117 24 1247
17636 5 251
17620 122 6109
17679 10 548
18001 14 742
18732 89 4474
14403 63 3178
15987 233 11666
17095 97 4868
14228 84 4213
18753 27 1388
14611 157 7862
17871 34 1743
14623 88 4427
17447 62 3110
15355 14 741
15130 50 2503
15296 92 4630
17208 139 6983
18249 11 590
18039 46 2330
15591 179 8975
14772 6 304
14697 47 2393
14749 103 5165
14445 0 37
18481 124 6205
17847 15 777
14772 48 2405
18489 195 9776
18233 40 2043
18701 226 11308
17366 23 1168
16458 37 1877
17840 337 16895
18024 364 18205
18756 111 5558
17300 18 939
14458 32 1633
14746 147 7400
17985 167 8378
17494 148 7445
14218 82 4108
17985 78 3907
14355 10 538
18054 356 17810
18048 408 20446
14664 151 7596
14333 22 1144
17343 12 617
16432 13 698
16431 196 9841
17866 20 1012
17237 235 11783
14642 70 3516
14338 186 9307
15115 20 1018
14148 27 1396
14542 284 14224
18005 23 1164
16144 77 3880
17423 8 425
17099 99 4979
17505 27 1387
14746 147 7378
14542 146 7309
16119 525 26298
15966 443 22199
14291 58 2933
18499 220 11020
16219 37 1898
16431 196 9836
18481 124 6240
15554 177 8857
17696 17 881
18779 542 27146
14747 39 1964
14277 125 6300
15391 44 2213
18007 70 3546
15846 89 4482
18603 7 354
17152 21 1066
17337 24 1241
15254 49 2478
16836 80 4007
14558 279 13965
17875 405 20274
18874 194 9713
18712 64 3238
15318 156 7823
17364 105 5259
18603 184 9229
14774 241 12091
14940 121 6098
14403 59 2982
16458 162 8132
16733 5 254
14446 17 851
17423 9 455
16341 269 13491
17326 48 2446
14431 17 898
15529 48 2423
15894 39 1997
14664 240 12023
14772 48 2422
17336 1 97
17457 158 7904
15940 123 6175
16832 1 98
16442 80 4013
15794 134 6723
15923 388 19447
15103 228 11426
14545 89 4479
17667 97 4868
14377 255 12788
17972 164 8214
17681 50 2533
17172 62 3124
14768 52 2643
15383 250 12508
16227 46 2312
14722 39 1963
14771 82 4136
17636 35 1796
18748 153 7659
17251 215 10777
15391 44 2213
17696 180 9028
15917 515 25800
17479 17 882
17524 68 3401
16199 176 8824
15099 185 9253
17992 78 3947
14733 59 2996
18678 329 16494
15442 109 5475
18514 555 27800
16058 29 1496
16150 359 17998
17992 82 4127
17237 235 11770
15927 37 1895
14269 41 2085
16506 161 8066
14942 251 12563
15458 7 397
18040 5 297
14611 162 8118
18922 157 7867
16298 200 10030
15166 43 2182
15430 41 2095
14223 55 2774
17580 2 113
15673 53 2689
16042 11 562
17978 133 6671
15053 23 1159
16442 57 2863
18044 419 20995
14403 63 3178
15127 33 1699
18874 128 6442
17028 163 8159
18860 116 5822
14377 107 5371
15318 156 7830
14722 63 3174
14149 188 9448
16526 24 1234
15254 97 4884
15430 46 2301
14824 305 15263
18756 128 6401
15166 43 2179
14722 39 1961
16225 155 7757
17662 32 1624
17394 183 9171
18028 229 11456
15862 318 15925
18009 22 1106
16150 103 5198
18748 153 7665
15917 353 17675
17191 1 75
14319 2 135
18024 401 20056
17440 76 3814
17535 70 3510
15254 64 3215
14749 61 3087
17875 346 17317
14564 11 567
18516 367 18361
15794 102 5114
15014 152 7648
15469 324 16247
16227 46 2312
14410 178 8911
18687 3 180
18779 542 27146
18685 484 24211
18922 604 30214
15447 121 6061
15867 140 7013
14976 46 2301
18929 118 5918
14740 57 2858
