6656 40 2005
6036 32 1613
6043 173 8662
6375 120 6006
7013 187 9385
7054 1646 82315
7003 1050 52535
7049 1469 73482
7054 875 43772
5106 180 9013
5019 113 5651
6687 196 9824
7049 1417 70893
6826 47 2355
7054 1009 50492
7054 875 43759
7004 1138 56913
7145 12 630
6751 27 1361
6407 91 4571
6090 78 3929
7010 1421 71094
7019 445 22272
7021 750 37542
7017 522 26118
6683 17 870
6036 32 1613
7012 997 49851
7020 1852 92603
7055 614 30726
7046 35 1793
7008 1393 69690
7017 775 38759
7023 50 2542
7010 1545 77262
6653 124 6225
6956 197 9861
7008 146 7313
7049 1744 87226
6959 125 6257
7018 570 28522
7010 84 4228
7026 176 8828
7025 272 13647
6441 58 2946
6756 153 7675
7003 232 11635
7017 681 34083
6683 17 855
6021 182 9141
7021 773 38673
7003 775 38777
7001 998 49932
7017 331 16565
7014 1270 63537
7020 1824 91231
7023 1579 78994
6923 33 1678
7020 927 46367
7003 643 32186
7768 1 73
7011 302 15103
7001 1134 56725
5541 49 2464
7046 22 1138
7054 1646 82319
7017 994 49737
7017 448 22416
5459 9 488
7003 119 5951
7023 225 11251
6616 23 1186
7014 1346 67346
7023 343 17166
6021 188 9408
7006 337 16894
7055 684 34210
6829 127 6397
7012 708 35418
7006 324 16246
7021 378 18919
7004 206 10312
7010 48 2405
7010 48 2407
7003 411 20556
7049 1417 70885
6882 195 9770
7004 901 45085
7008 583 29180
7008 885 44253
6548 0 41
7049 1366 68311
6956 198 9921
6080 98 4945
7018 743 37170
5487 51 2562
7017 827 41384
7001 511 25561
7003 262 13126
6663 176 8823
7001 542 27111
7049 1750 87538
7049 732 36611
6173 34 1749
6689 34 1716
7023 510 25524
7012 892 44628
7012 708 35444
7026 448 22449
7003 80 4041
7026 448 22418
7054 1290 64532
7020 346 17318
6078 14 708
7003 480 24015
7008 1244 62214
5608 2 147
7049 807 40396
7019 578 28945
7003 1044 52237
7054 400 20024
7055 684 34205
7018 147 7365
5605 57 2880
6031 101 5081
5229 6 338
7001 1101 55083
6837 7 394
7023 745 37258
7026 33 1691
7010 1447 72371
7008 1051 52580
7020 1349 67496
6683 14 742
7017 828 41424
7006 324 16246
6697 104 5201
7003 1339 66963
5519 142 7102
7054 1455 72799
6319 30 1512
7020 1612 80611
7010 1562 78141
7008 890 44547
7001 1080 54012
7012 1479 73995
7023 930 46544
7017 225 11289
7026 654 32749
7018 863 43187
7019 157 7896
5487 51 2562
7054 1710 85537
5169 35 1766
7017 331 16598
7001 823 41172
7008 1027 51381
7017 875 43791
7025 445 22274
7054 598 29932
7025 609 30485
7026 381 19081
7017 1458 72913
7017 440 22033
6934 16 827
6527 112 5624
7025 507 25377
5077 20 1042
7054 537 26864
6036 31 1589
7025 72 3628
7049 822 41122
6503 62 3140
7012 1447 72369
5586 91 4599
6934 19 976
7006 324 16235
7021 295 14757
7018 631 31563
7017 522 26128
7020 207 10369
6211 71 3581
7014 653 32689
7017 1591 79592
7513 76 3829
7054 537 26892
7019 31 1554
7010 343 17198
6059 49 2498
7004 1121 56069
7049 1055 52792
7014 515 25765
7014 1640 82026
7054 1728 86450
7054 1576 78817
7054 1944 97230
7003 1032 51620
7023 654 32732
7021 748 37436
7006 486 24342
7049 154 7732
7049 1744 87240
7003 214 10745
7020 1852 92645
7023 1068 53409
7018 178 8948
7003 749 37498
7023 1934 96739
7026 774 38728
7020 851 42574
7004 1275 63779
7020 1117 55878
7054 598 29941
7018 975 48768
7049 1750 87520
7046 35 1757
7019 580 29007
7012 529 26463
7014 429 21455
5108 97 4884
7026 728 36435
6632 55 2780
6837 7 383
7003 875 43770
7012 997 49896
7012 708 35411
7017 656 32840
7020 1135 56751
7017 875 43800
7008 103 5189
7020 1827 91360
7008 1110 55530
7008 1110 55512
7023 805 40257
6968 1 59
7026 108 5425
7054 1710 85542
6031 101 5054
7020 383 19160
5331 133 6664
7372 75 3770
6078 9 474
7049 988 49416
7020 950 47514
7010 166 8341
7014 10 528
7004 729 36492
5331 133 6664
6324 90 4549
7001 185 9264
7021 456 22819
7048 99 4957
7008 1078 53924
7026 381 19065
7017 1748 87433
6650 17 867
7017 877 43853
5169 42 2143
7025 609 30493
6340 176 8809
7054 400 20045
7026 654 32735
7001 144 7237
7014 144 7211
7014 1728 86435
7020 1725 86294
7013 185 9268
7047 48 2418
5557 20 1003
7021 557 27865
7019 91 4560
6827 106 5344
6687 194 9739
7012 1479 73967
5586 140 7017
7018 602 30113
6656 42 2102
7054 875 43800
7055 739 36968
7054 1710 85508
7047 110 5549
7055 827 41351
7013 187 9361
7055 717 35868
7010 1447 72380
6882 195 9786
7020 1762 88125
7019 31 1573
7003 1437 71895
7025 445 22262
7055 457 22859
7442 0 15
7013 40 2026
7026 654 32735
7054 223 11176
7020 574 28739
5459 9 487
7023 362 18142
7025 435 21762
7054 1710 85542
7654 9 493
7004 1660 83008
7023 1579 78985
6853 105 5254
7023 1378 68921
7302 81 4092
7020 972 48622
7003 228 11408
6683 11 575
7017 665 33284
7017 225 11289
5487 51 2599
7008 746 37322
7001 376 18802
7012 442 22119
7018 178 8939
7020 312 15629
7012 529 26465
7014 1623 81180
7018 602 30128
6426 22 1136
7010 651 32556
7008 144 7224
7049 1161 58099
7049 2015 100789
7049 1934 96734
7049 988 49449
7003 1413 70664
7017 440 22020
7010 166 8345
7014 5 292
7049 1161 58068
7513 73 3666
7054 1710 85507
5624 21 1055
7014 1346 67346
7003 456 22836
5783 96 4828
6080 94 4711
7014 1623 81152
7008 1321 66081
7008 133 6676
7003 1734 86744
7054 643 32164
6829 126 6340
6420 40 2027
7004 1138 56913
6050 7 399
6420 48 2402
6170 37 1883
6080 94 4711
7004 654 32701
5996 27 1369
6211 206 10331
7008 1110 55512
7017 1002 50135
7014 1331 66563
5536 13 692
7049 732 36644
7025 385 19267
6382 191 9579
7049 1627 81386
7008 777 38885
6663 18 901
7021 750 37525
7025 385 19254
7004 1121 56075
6934 16 819
7022 126 6315
7020 1884 94201
7010 1270 63516
7010 1562 78140
6918 37 1886
7004 1278 63950
7020 1612 80649
6420 46 2302
6979 23 1165
7023 337 16900
7017 824 41210
6378 2 107
7023 467 23385
6991 68 3416
7017 448 22413
7001 379 18974
7010 651 32570
7014 1260 63024
7054 1944 97223
7046 35 1789
7017 359 17978
5547 70 3549
7014 515 25779
6573 22 1146
7026 425 21276
7001 700 35029
7001 1101 55072
7012 1035 51787
7054 223 11194
7003 1387 69382
6043 172 8645
7012 1730 86524
7023 1346 67322
7055 739 36956
7023 510 25504
6956 191 9556
5581 38 1924
7012 713 35666
7004 1208 60434
7004 654 32706
7023 1549 77479
5340 98 4935
7006 486 24334
7047 109 5486
7017 1133 56673
7008 890 44540
5000 40 2004
6663 175 8791
7014 990 49509
7017 362 18134
7049 1417 70885
7021 750 37517
7051 67 3390
7006 337 16866
5106 181 9082
7012 1479 73971
5339 94 4731
6912 201 10063
7020 927 46367
7010 513 25692
6779 28 1413
6632 55 2780
5977 199 9978
7049 1967 98392
7016 196 9841
6616 28 1425
7021 348 17434
7001 228 11435
6090 35 1769
7004 1299 64974
7049 696 34806
7023 1795 89793
7003 1346 67328
7020 383 19160
7021 15 791
7003 1304 65245
7003 1387 69377
7046 41 2099
7023 77 3876
7013 40 2009
6503 58 2913
7018 570 28549
7004 1268 63410
7051 67 3371
7020 1051 52595
7013 238 11947
6930 20 1022
6616 25 1287
7004 118 5913
7001 26 1347
7019 210 10510
7017 939 46961
6035 3 175
7012 1730 86524
7014 662 33111
7003 1346 67301
7054 87 4392
7003 1032 51639
7004 184 9250
7023 1068 53436
7020 1669 83469
7049 1927 96372
7003 749 37461
7004 206 10322
7025 609 30477
7019 230 11543
7020 417 20896
7006 211 10576
6934 15 775
6030 6 342
7017 1163 58193
7046 35 1794
7020 1884 94230
7026 133 6686
7014 1214 60707
7021 348 17420
7299 24 1220
5906 122 6145
7018 602 30128
7003 456 22814
6173 34 1749
7103 13 662
7020 346 17326
7023 50 2521
5013 5 299
7014 429 21492
7003 749 37499
7018 481 24093
7023 300 15001
7010 89 4478
7020 1117 55859
5065 2 110
7003 1375 68758
6548 0 37
7008 1387 69373
7054 1728 86423
7008 72 3638
6812 8 444
6992 12 624
7010 1366 68343
7021 68 3450
7018 147 7365
6918 66 3340
7055 690 34536
7006 85 4289
7020 504 25236
7014 1214 60718
7003 784 39236
7018 526 26307
5370 52 2622
7008 889 44471
7021 748 37436
7023 238 11941
7025 295 14755
6078 9 474
7021 295 14796
7023 1378 68943
7047 110 5530
6912 204 10202
7025 385 19283
6615 175 8771
7008 885 44253
7017 775 38786
7051 67 3352
7025 435 21762
7008 195 9793
7012 1275 63792
7049 1222 61150
6795 7 381
7003 1317 65873
6423 75 3771
7020 950 47514
5093 170 8516
6812 1 64
7014 1728 86442
6211 66 3347
6340 175 8780
7054 223 11168
6653 125 6295
6614 157 7876
7008 146 7330
6379 31 1573
7019 219 10959
7055 354 17707
6968 7 371
7023 510 25524
7001 1144 57247
5013 5 299
7016 196 9841
7049 46 2303
6340 176 8809
7010 343 17198
7046 102 5132
6420 43 2158
4957 148 7420
6420 42 2117
6991 69 3458
7008 833 41661
5459 175 8770
7001 480 24037
7017 522 26104
7023 1221 61097
7003 1339 66993
7054 1944 97220
7008 102 5105
7010 1343 67155
7017 994 49724
6923 30 1549
7001 1025 51291
7054 1710 85542
6930 21 1088
7020 1580 79006
7021 422 21145
6589 104 5209
7003 1044 52228
7010 1562 78141
7019 373 18692
6696 9 461
6826 49 2480
7023 1934 96739
5966 0 7
7003 852 42649
7017 299 14988
7017 123 6173
6589 106 5323
7017 827 41387
7017 955 47771
7055 490 24526
7018 399 19968
5608 11 586
6106 49 2491
7023 1675 83791
5013 9 478
7026 700 35044
7017 1002 50135
7049 1750 87532
6765 210 10503
7001 208 10405
7004 206 10322
5459 5 288
7055 256 12841
7006 337 16866
7001 511 25592
5608 11 556
5515 63 3164
7014 429 21498
6960 166 8348
6359 0 9
7017 448 22418
7046 35 1757
7021 404 20202
7017 1536 76820
7017 1536 76823
7054 239 11963
7055 230 11524
7049 696 34822
7049 1750 87506
7010 48 2407
7054 1009 50466
5229 9 498
6027 4 248
6420 42 2117
7004 1138 56948
7003 456 22838
7017 675 33766
6081 4 225
7019 479 23972
6837 7 383
7010 84 4250
7025 250 12529
7282 27 1365
5519 148 7401
6923 33 1678
7055 174 8747
6975 71 3594
7008 777 38889
7023 1671 83578
7003 1449 72474
7003 700 35008
7003 1050 52520
7001 344 17201
6090 43 2186
6955 211 10573
7020 1051 52563
7014 367 18352
7054 320 16019
7020 1884 94221
7018 41 2094
7010 441 22063
5331 137 6856
7001 376 18810
7020 1117 55882
7001 264 13215
7008 133 6674
6548 2 114
7010 1556 77848
5155 30 1517
7014 1640 82026
7014 205 10297
7021 348 17404
7003 188 9413
7049 1934 96707
7014 308 15414
7049 399 19953
5154 124 6247
7018 147 7386
7003 749 37479
6765 212 10639
7012 246 12320
7010 1549 77479
6918 64 3214
7020 1117 55868
7014 367 18398
7001 1101 55061
7025 609 30457
7017 824 41206
7012 1065 53297
7004 1605 80290
7006 471 23582
7003 1437 71854
6664 118 5923
6664 179 8953
7049 807 40393
7004 901 45065
7020 927 46400
7049 596 29817
7017 1232 61603
7026 728 36435
7003 411 20592
7003 775 38795
7008 1464 73210
6956 198 9912
7025 445 22273
7008 195 9799
7054 1441 72084
7049 1055 52782
7017 469 23453
7017 299 14991
7020 207 10367
7054 1778 88901
7017 1458 72922
7048 125 6267
7010 1343 67189
7012 1006 50313
7046 35 1789
6826 44 2247
6616 26 1325
7004 1340 67007
5380 5 269
7003 643 32161
7013 154 7720
6483 9 466
6303 125 6281
7017 905 45299
7003 1044 52237
7017 1119 55993
7023 300 15043
7025 385 19285
6359 3 199
6882 154 7725
5093 165 8259
6021 180 9003
6106 49 2456
7026 52 2606
7001 480 24035
7003 1437 71895
6956 197 9861
5169 34 1742
7010 1042 52103
7049 1744 87218
7001 264 13210
7017 14 706
7008 102 5104
6572 175 8800
6955 205 10261
7055 256 12832
7008 1393 69652
7018 147 7379
6441 61 3070
6751 23 1161
7004 514 25730
6340 168 8415
5169 35 1766
6954 6 346
7008 195 9792
6837 5 289
7025 435 21778
7010 1562 78148
7017 905 45276
6614 110 5504
7054 1871 93575
7016 267 13360
7020 1669 83476
7010 48 2420
6616 24 1203
7018 519 25974
7014 150 7527
7023 1378 68907
6050 7 375
7010 579 28954
7021 466 23332
7004 184 9211
7010 48 2418
7023 300 15001
7017 1119 55951
7055 230 11509
6503 61 3090
6829 129 6485
6912 228 11419
6981 128 6404
7020 331 16558
7021 18 903
7004 1340 67013
5169 36 1834
7019 206 10342
7021 378 18912
7010 1421 71090
7417 27 1391
7012 997 49882
7049 988 49449
7023 805 40257
7025 385 19274
7012 19 955
7014 1640 82005
7013 238 11929
7023 852 42615
7025 507 25400
7054 400 20003
7010 651 32580
7054 643 32162
6288 175 8764
7023 1579 78957
7001 823 41157
5093 170 8516
7055 690 34520
7008 1393 69677
6952 158 7940
6826 47 2395
5068 91 4584
7023 1781 89083
6426 22 1136
7001 264 13220
6934 15 786
7004 206 10322
7025 385 19274
7003 1317 65897
6968 3 162
7049 46 2303
5547 71 3552
7054 1878 93943
6918 64 3214
5042 42 2107
7003 228 11441
7003 852 42649
7012 1054 52715
7008 146 7330
7003 1317 65897
7021 234 11740
7014 1331 66572
7004 1525 76263
7003 43 2171
5487 51 2562
6366 18 948
7004 1340 67007
5608 2 101
7001 480 24021
7012 1126 56321
6968 7 395
7003 1317 65873
7010 1485 74251
7010 1549 77492
7014 1623 81164
5195 29 1472
7016 211 10551
6837 5 276
6959 119 5974
6423 74 3704
7003 775 38754
7023 745 37294
6960 169 8462
6635 1 91
7054 1009 50470
7026 381 19081
6882 154 7725
7054 1441 72077
7004 1622 81110
7001 700 35008
7017 824 41224
5042 48 2435
6098 47 2382
7026 143 7175
7018 363 18191
7003 749 37455
7046 95 4794
5452 42 2102
6663 23 1174
6923 33 1678
7023 1776 88829
7008 72 3637
7008 1387 69373
7018 41 2089
7026 654 32735
7014 1400 70009
6666 13 679
7017 675 33759
7003 400 20043
7054 1009 50479
7055 256 12848
7011 302 15120
7001 228 11447
7025 435 21762
7055 717 35899
6991 65 3298
5339 94 4731
7026 381 19065
7049 971 48556
7026 108 5425
7025 435 21763
5564 192 9637
7023 654 32737
7055 684 34205
7012 442 22116
7017 827 41355
6975 57 2860
7023 852 42635
7017 665 33292
7014 150 7527
6979 21 1056
7004 1622 81107
7046 18 948
6334 3 166
7019 91 4556
7014 1411 70574
7054 2010 100541
6620 127 6397
6826 43 2194
7019 91 4556
7026 654 32735
7003 119 5957
7001 532 26604
7049 1744 87249
7017 828 41426
5557 20 1003
7023 1881 94099
6206 47 2396
7055 684 34230
7008 786 39303
7008 1387 69398
7054 1944 97245
7003 775 38795
5401 33 1653
6359 6 321
7001 700 35020
7003 1375 68755
5445 8 446
7013 206 10328
7019 210 10502
6211 206 10331
7023 510 25539
6689 29 1465
7049 2025 101273
6090 73 3687
7013 205 10271
7001 1144 57212
7019 445 22251
7001 998 49918
6756 44 2225
7014 990 49540
7008 786 39308
7054 537 26872
7020 312 15629
7049 696 34822
7724 144 7245
6663 41 2082
5093 161 8091
6960 166 8348
7054 1871 93551
7055 490 24537
7012 1061 53066
7010 1049 52471
6572 175 8800
6923 34 1745
7001 379 18982
6664 126 6314
6829 129 6465
6338 110 5508
7008 1027 51381
7049 1469 73461
7019 210 10535
7017 522 26125
6483 6 316
5547 72 3609
7020 1580 79021
7004 1605 80291
7004 1319 66000
7049 649 32478
7003 775 38774
7018 570 28538
6616 25 1287
6366 17 855
7003 456 22836
7010 651 32556
6589 113 5653
7001 353 17688
7006 440 22039
7006 588 29446
7003 400 20019
6689 29 1467
7003 1413 70663
6884 32 1632
7020 1762 88133
7021 579 28972
7001 1080 54012
7001 264 13240
6030 6 342
6050 2 102
6952 101 5061
7006 471 23591
7025 609 30471
7049 1469 73455
7048 27 1393
7046 95 4773
6689 26 1329
6340 174 8723
7001 866 43326
7016 211 10596
7008 885 44284
7010 48 2407
6663 19 952
6951 23 1181
6918 37 1859
6992 11 588
7003 1318 65928
7010 1049 52468
7282 34 1714
7003 1437 71891
7017 775 38785
7054 1888 94440
6663 175 8791
6322 43 2195
6572 167 8358
7020 1852 92603
7023 654 32749
7049 1967 98391
7003 875 43770
7049 399 19980
6650 21 1089
7008 510 25515
7017 1723 86198
7003 924 46248
6826 47 2395
7049 614 30718
7023 1881 94051
7016 211 10596
7020 1725 86264
7013 205 10270
7012 1006 50337
7001 542 27119
7019 91 4597
7003 1437 71854
7049 1750 87538
6503 60 3044
7008 103 5154
7021 348 17434
6031 219 10994
5216 22 1140
7017 1458 72909
7014 1346 67344
6829 128 6438
5459 9 488
7054 1269 63466
7012 1659 82973
7049 2015 100784
7014 326 16314
7003 1437 71860
7020 1349 67451
6366 82 4140
6527 104 5230
7026 774 38728
7049 679 33962
6572 56 2845
6107 21 1097
7054 1157 57860
7049 931 46559
6632 33 1657
6321 71 3574
7023 1286 64313
7008 102 5106
7023 337 16870
7016 106 5344
5564 191 9572
6827 109 5452
7010 1162 58120
7012 1054 52740
7049 1161 58071
7003 1044 52228
7021 18 903
6882 195 9788
6043 173 8662
7014 1260 63012
6589 110 5525
6589 110 5525
5512 213 10677
7017 419 20955
6696 8 428
7023 556 27825
7054 1778 88907
7048 38 1941
7049 1303 65196
7013 187 9386
7017 1536 76846
7049 696 34837
7017 440 22020
7003 1050 52532
6663 41 2097
7054 1888 94409
7020 1725 86253
7012 1054 52727
5966 49 2482
7018 975 48768
7026 176 8817
6036 54 2712
7054 320 16019
7003 852 42630
7054 1157 57880
5340 91 4558
7055 684 34233
7017 875 43781
6140 34 1735
5216 22 1104
7012 246 12324
7048 99 4979
6656 43 2183
7001 228 11435
7006 486 24334
7048 99 4951
7001 353 17697
7017 1748 87429
6956 194 9730
7003 214 10714
7012 708 35420
7049 988 49416
7018 178 8911
7023 1346 67318
7026 700 35030
6420 43 2158
7020 755 37789
7004 118 5919
7006 324 16244
7048 125 6280
7023 1221 61098
7048 81 4091
7014 326 16344
7025 272 13623
6288 174 8703
7019 118 5939
4971 117 5862
6782 0 30
7025 250 12501
7001 379 18970
7018 863 43173
7012 442 22150
7020 43 2162
7004 118 5919
6837 1 95
6507 47 2370
7023 1346 67343
7054 1480 74021
7003 1513 75663
7012 1479 73960
7049 1967 98375
7026 108 5429
5013 5 299
6573 29 1460
6918 37 1862
6444 35 1791
7023 77 3876
7003 1437 71900
6696 0 31
7054 1273 63666
7013 187 9372
7003 1449 72458
5608 11 556
5497 107 5364
7020 417 20896
7026 176 8844
7016 211 10596
6319 46 2328
5078 7 358
5339 96 4811
7014 1062 53138
7020 1258 62922
7047 110 5519
5169 34 1746
7055 175 8769
7012 1126 56306
7020 1903 95164
7021 748 37413
7017 1119 55955
7023 1579 78983
7004 1525 76284
5013 5 299
7019 91 4560
7006 85 4296
6366 79 3954
6954 3 173
6881 97 4878
7012 1275 63775
6687 197 9866
7054 1157 57860
7001 732 36611
7013 238 11947
6319 30 1513
7001 228 11406
7010 610 30513
7054 537 26897
6951 22 1103
7023 1934 96748
7013 187 9391
7017 955 47787
7020 1762 88103
6362 84 4204
7010 166 8330
6080 95 4754
7026 52 2607
7001 480 24009
7010 84 4243
7008 589 29466
6036 56 2839
6423 76 3802
7003 31 1588
7023 1579 78970
6021 182 9150
7004 184 9226
6378 2 128
7021 32 1625
7026 700 35020
6951 22 1103
7001 379 18974
7016 41 2068
7014 1640 82027
7023 654 32749
6503 61 3090
7055 256 12848
7001 264 13207
7023 1249 62475
7020 1797 89879
7282 34 1714
7004 1268 63416
5487 51 2599
7055 457 22885
6981 38 1949
6420 43 2158
6078 9 474
7004 253 12654
6687 191 9568
7013 40 2041
7003 1032 51616
7001 1144 57240
7003 400 20043
6664 125 6277
5019 108 5434
7008 510 25515
7001 977 48891
7026 518 25939
7054 1480 74041
7010 89 4477
5042 46 2301
7008 1027 51377
6785 20 1037
7012 1275 63793
7010 89 4468
7055 175 8769
7010 19 978
7020 1135 56755
7408 121 6071
7025 385 19264
7001 210 10539
6955 206 10333
7017 955 47756
7010 89 4478
7008 1244 62232
7018 743 37187
6334 3 154
7020 1903 95171
7006 337 16894
7017 665 33277
7012 990 49518
7010 651 32556
7001 153 7659
6936 160 8039
7049 1927 96370
7010 1562 78148
7003 932 46605
7020 1156 57812
6828 166 8323
7025 609 30487
6975 66 3317
7023 654 32710
6507 46 2332
7008 1029 51465
7003 1346 67316
7003 1433 71667
7017 955 47772
7006 558 27936
6756 42 2139
6483 3 181
6751 29 1481
7049 1469 73476
5169 34 1742
7049 1934 96743
7010 1366 68304
7055 543 27179
7018 147 7396
7054 1269 63500
7049 1967 98375
7020 417 20865
7014 1184 59243
7025 445 22281
7016 41 2067
6211 206 10349
7012 324 16231
7012 19 991
6689 26 1329
6102 38 1944
7021 750 37534
7014 1411 70595
7017 1119 55983
7012 997 49881
7010 19 985
7021 404 20204
7014 429 21459
7008 133 6697
6420 46 2302
7003 1449 72458
7008 146 7349
7003 1642 82110
7020 1156 57833
7010 1562 78127
6324 93 4661
6912 193 9700
7014 1400 70009
7008 1464 73233
7001 977 48897
7003 119 5988
7055 739 36968
7010 610 30526
7055 230 11538
6483 9 478
7049 1934 96741
7049 1303 65196
7008 1464 73236
7008 144 7238
7003 1734 86734
7023 654 32718
7049 1222 61107
7010 1545 77262
7049 1750 87506
7010 19 978
7023 1781 89073
7054 1273 63673
7025 295 14777
6303 125 6281
7049 399 19979
7023 1068 53403
7013 238 11937
7026 700 35030
7004 347 17371
7023 804 40230
7003 1743 87167
6162 216 10822
7012 288 14405
6918 37 1886
7020 43 2168
7054 1157 57891
7054 1273 63699
7013 185 9274
7048 27 1374
7054 944 47223
7055 175 8759
7017 1119 55954
7006 85 4296
5013 5 299
7017 1002 50135
7049 154 7743
7054 1269 63476
7017 331 16576
7020 312 15618
7017 675 33762
7003 43 2172
7023 1549 77455
7049 924 46208
7008 1470 73505
7001 819 40978
6697 96 4810
7022 97 4877
7020 1135 56753
7021 557 27870
7003 924 46209
7008 885 44289
7010 1447 72382
7003 262 13144
7010 651 32556
7026 518 25909
7020 1852 92621
7006 558 27942
6173 34 1749
7004 1208 60427
7001 566 28310
6663 50 2546
6923 36 1830
7018 570 28505
7010 1562 78133
7048 81 4071
7021 750 37515
7003 700 35047
7010 1366 68328
6572 171 8587
7003 1317 65867
7049 46 2323
5891 152 7643
7003 1734 86736
7001 1025 51298
7008 144 7203
7010 84 4212
7012 1549 77468
7008 1110 55512
7008 102 5114
7008 1078 53933
7003 1044 52226
5106 181 9069
6319 46 2328
6663 20 1034
7054 875 43781
7008 145 7294
7023 1221 61068
6827 109 5452
7054 320 16011
5339 96 4811
7003 1032 51626
5921 16 829
6140 35 1766
6751 32 1633
7008 1078 53932
6503 62 3140
7016 211 10587
7003 411 20595
7018 776 38814
7055 43 2200
7026 108 5401
7054 1250 62543
7049 1927 96370
7046 95 4778
7013 205 10270
6211 70 3543
7010 220 11003
7055 457 22891
7023 556 27847
7010 84 4211
7012 1061 53059
7003 119 5988
7055 406 20317
6697 104 5201
6628 42 2104
7003 456 22814
6751 30 1525
6930 13 668
7001 566 28307
7021 750 37534
6956 194 9730
7004 347 17378
7012 442 22119
5019 108 5434
7049 2025 101269
7026 140 7026
7023 1346 67343
7014 990 49521
7011 302 15140
7048 81 4061
7388 17 870
7012 529 26490
7012 324 16239
5000 38 1937
7017 1004 50240
7012 1141 57097
7046 41 2057
5557 99 4971
7003 80 4022
7003 456 22841
7026 448 22440
5441 88 4426
6749 44 2234
6650 19 985
5229 4 221
7013 40 2029
7021 748 37419
7054 1728 86432
7026 176 8821
7054 320 16006
6697 94 4711
6616 23 1186
7054 912 45618
5077 15 776
6882 194 9706
7004 654 32738
6483 7 373
7017 1748 87426
6756 153 7675
7020 1903 95191
7008 833 41670
7013 201 10071
7020 1258 62945
6952 96 4821
7020 1669 83495
7020 1797 89868
7014 34 1718
7055 256 12809
5340 93 4688
7003 119 5953
5459 5 288
5487 51 2581
7013 187 9357
7021 761 38090
7023 1548 77424
7025 88 4424
7049 1222 61104
7017 331 16569
7017 955 47782
6031 219 10994
7026 176 8828
7008 144 7229
6696 0 31
5185 78 3938
6968 9 481
7001 353 17653
7001 542 27119
7010 52 2626
7025 203 10177
6036 28 1443
7003 852 42640
7006 440 22031
7020 331 16567
6837 3 188
7003 1339 66952
7017 1232 61623
5331 133 6664
7054 875 43765
7012 781 39062
7012 1485 74256
7010 138 6933
7023 1881 94051
7003 480 24030
5947 158 7909
7046 102 5142
7048 27 1367
7003 1722 86148
7020 1580 79021
7049 1672 83604
7055 174 8747
7055 354 17741
5036 28 1422
7020 207 10367
7001 26 1348
5036 28 1422
6080 89 4498
5557 24 1211
7003 875 43797
7017 1591 79592
6359 8 429
7017 877 43853
7018 481 24088
7023 1068 53447
5547 72 3609
7001 532 26633
7023 487 24381
7055 230 11517
7049 1927 96379
7014 1062 53140
7017 1332 66643
7054 791 39597
6483 9 485
6751 28 1405
7021 748 37440
7014 1121 56100
5433 158 7944
7054 944 47206
7017 448 22447
7003 775 38754
7513 73 3666
6379 39 1965
7020 331 16573
6663 174 8720
7003 232 11635
7003 1339 66991
7017 474 23704
7021 471 23570
7008 102 5116
7020 312 15601
7014 34 1745
7014 212 10618
7004 527 26400
7003 784 39238
7017 362 18125
7049 988 49447
5340 92 4634
5441 3 192
7003 1318 65928
7006 85 4296
7012 1485 74277
7003 480 24030
7003 784 39228
7001 144 7229
6199 75 3796
6785 21 1091
7023 1899 94997
7023 50 2512
7020 574 28716
7008 1029 51452
7055 174 8713
7023 1899 94952
7001 418 20922
7003 1375 68793
7001 977 48856
7008 1051 52567
5586 84 4247
6548 0 42
7049 679 33954
5452 45 2276
7017 1163 58179
7008 885 44262
7001 998 49932
7012 19 982
7008 1110 55542
7014 34 1745
7020 842 42147
6100 13 673
7012 529 26473
6401 13 695
5093 169 8495
7018 116 5833
6951 23 1190
7014 1728 86419
7008 1110 55547
7302 83 4166
7014 1728 86434
6827 101 5100
7018 363 18191
7054 643 32181
7019 437 21879
7003 1437 71891
7019 466 23321
7003 123 6183
7013 224 11221
7023 620 31042
7004 514 25730
7010 1366 68328
7049 1161 58069
6837 1 95
7017 225 11294
7013 40 2046
7021 466 23304
7019 219 10959
6951 28 1403
7004 1435 71784
7018 776 38814
7006 337 16856
7020 903 45156
7055 230 11528
7020 755 37752
7004 1208 60427
5339 90 4546
7008 146 7332
7016 196 9841
6827 108 5428
7017 225 11262
7026 654 32729
7012 324 16204
7019 213 10680
7054 2010 100541
6690 150 7518
7003 1346 67316
7055 690 34518
7004 527 26380
7054 1159 57961
7003 1050 52520
7025 203 10189
7026 176 8819
7014 1623 81152
7017 1723 86198
