14149 189 9466
15799 226 11330
15078 15 785
15182 71 3599
17390 0 44
15639 78 3931
17311 4 231
17509 23 1154
16948 38 1940
14947 4 209
17198 26 1302
15335 3 169
15337 0 20
17308 3 160
14297 85 4254
15828 488 24408
14609 88 4450
17139 279 13958
14516 56 2834
17036 301 15068
17427 11 562
15783 84 4233
14280 19 962
16310 223 11154
14243 95 4752
15799 246 12314
14917 51 2551
14548 22 1140
15376 7 393
15491 53 2689
14626 30 1513
15677 191 9581
15115 0 45
14343 33 1681
14190 3 164
17274 15 776
17210 119 5970
16428 470 23544
16764 39 1989
16878 196 9810
16310 315 15777
15412 193 9663
16171 18 902
14329 253 12687
14934 179 8952
15673 24 1248
14245 175 8781
15464 241 12059
15403 175 8773
15416 99 4980
15407 194 9706
16166 38 1939
17164 145 7259
14368 224 11204
17420 3 152
15965 118 5910
14356 191 9593
15500 261 13063
14907 61 3088
14976 16 821
17492 50 2509
14652 223 11200
15916 534 26749
17205 107 5378
16557 111 5595
14191 94 4702
14297 19 964
17237 0 7
15782 17 863
15227 159 7981
15101 55 2769
15246 63 3197
14223 236 11803
17451 289 14481
14824 62 3134
17449 17 886
14396 66 3304
15589 353 17698
16492 25 1263
15862 72 3616
17213 76 3806
15504 66 3312
17394 83 4154
17141 36 1810
15177 27 1355
15010 6 312
17030 155 7758
15504 148 7413
15403 23 1165
17030 13 658
17383 122 6136
14546 179 8958
14223 64 3214
15166 133 6683
17308 153 7675
14877 104 5205
15382 50 2545
16962 79 3969
15047 17 877
15392 107 5352
16845 381 19084
17073 159 7952
14438 290 14521
15463 435 21758
15442 39 1987
14377 158 7923
16923 77 3886
17313 29 1480
16527 95 4780
17349 24 1231
16137 1 64
17413 8 427
16172 77 3883
17302 33 1666
14203 28 1434
14874 62 3145
15153 63 3169
15129 21 1077
16840 43 2173
17196 40 2032
14793 155 7775
14432 75 3795
17111 112 5609
17068 22 1113
15872 36 1841
14607 182 9150
14306 210 10533
16424 267 13381
14590 9 498
17353 25 1278
17309 142 7111
14805 294 14727
17372 110 5502
16227 188 9423
17112 139 6954
16209 341 17056
17121 5 279
15409 85 4290
17036 79 3982
16925 52 2603
16738 220 11044
14284 9 463
15458 112 5628
14712 82 4110
14886 101 5090
17078 30 1528
14222 12 633
15167 66 3320
15589 188 9422
17426 27 1365
16906 18 945
15832 84 4236
14632 68 3427
17195 153 7679
14408 38 1936
15589 93 4670
17248 290 14530
14293 86 4313
17106 24 1217
14259 21 1069
14245 81 4099
16994 127 6369
17497 105 5296
17398 50 2535
16109 96 4809
14911 166 8337
14152 164 8249
15138 29 1478
16499 145 7260
15774 90 4525
16276 12 613
17131 228 11413
14537 9 476
17461 6 338
17251 52 2648
15432 128 6424
16076 7 379
15462 131 6558
14641 138 6906
14228 40 2003
15464 142 7107
14609 299 14978
17131 141 7059
16305 34 1740
14257 178 8945
14259 80 4042
15948 84 4224
16141 122 6117
15447 217 10863
15383 35 1798
14956 152 7610
15482 47 2361
17093 120 6015
17232 32 1614
15295 34 1736
15017 13 684
15115 0 45
17158 105 5286
14535 50 2503
17453 41 2071
17116 0 2
17144 161 8097
14418 50 2532
14652 262 13125
15225 50 2522
14991 12 633
16525 104 5208
16073 131 6571
14550 68 3423
14902 104 5244
15153 20 1047
15234 128 6427
14989 180 9031
14338 1 53
17559 1 69
15394 50 2549
14729 192 9610
15882 103 5160
14220 26 1315
16008 84 4246
16835 197 9871
14920 7 380
17226 62 3114
16878 108 5446
14139 92 4618
15589 109 5456
14453 135 6786
16243 125 6262
15792 44 2243
14191 231 11588
15771 18 923
14526 137 6856
14436 186 9305
15457 156 7807
17407 137 6877
15783 169 8484
15302 31 1584
15432 29 1461
14418 129 6451
15322 32 1624
17248 180 9042
16219 306 15310
17560 149 7479
16011 134 6701
14537 9 476
15153 18 908
15774 299 14960
15514 19 978
17361 146 7303
15862 241 12092
15328 206 10349
15774 211 10588
14912 170 8515
15923 437 21857
15801 513 25662
16148 201 10057
16489 174 8708
17152 78 3927
17226 62 3114
14228 19 984
17458 36 1821
15183 36 1811
14779 143 7180
17327 57 2879
17109 28 1415
15875 333 16673
15234 176 8809
15774 348 17448
15222 63 3184
14758 169 8453
15799 61 3081
17260 71 3598
15446 39 1976
17158 3 183
14127 7 364
15834 52 2613
15432 29 1461
15774 90 4525
15318 161 8096
16715 86 4340
14578 75 3760
15431 57 2862
17327 124 6207
17394 176 8817
15805 13 689
15913 36 1807
14399 67 3385
16944 193 9680
17341 93 4654
15916 284 14239
17535 31 1564
14634 52 2614
14467 223 11157
14947 7 359
17528 20 1034
16199 461 23076
17444 9 458
15236 159 7952
14150 63 3171
15901 210 10530
15554 160 8012
14903 62 3123
15715 64 3241
17076 6 304
17533 100 5002
14392 136 6810
17415 257 12899
14336 87 4353
14157 126 6306
15771 18 923
14741 33 1680
14938 107 5362
14191 40 2007
16272 199 9994
14438 154 7725
15639 128 6449
15353 45 2283
17165 79 3980
15659 4 230
15264 27 1372
15894 96 4847
16110 9 492
14475 27 1358
16946 231 11567
15780 180 9020
16150 129 6489
14632 68 3427
15237 29 1477
16196 36 1814
14545 19 952
15456 134 6726
15872 10 518
15785 37 1869
15916 420 21039
15893 50 2544
14453 133 6657
14824 311 15588
14642 111 5555
14771 121 6073
15182 147 7361
17305 12 643
17308 115 5779
14664 117 5887
17100 208 10417
15294 35 1792
14342 259 12979
14736 136 6825
14916 159 7974
15640 13 651
16272 199 9994
17274 15 776
17488 176 8808
17371 3 168
14458 123 6179
14244 29 1494
14423 6 334
17316 67 3370
15677 120 6048
17326 16 803
16446 169 8455
14729 215 10753
17199 25 1286
15800 50 2510
17030 144 7246
16428 15 765
17073 101 5084
16526 55 2763
14564 24 1224
15302 28 1405
14368 276 13840
15409 85 4290
17447 52 2649
15917 296 14845
17459 214 10723
17174 25 1262
15360 167 8392
16486 2 139
16676 128 6441
15308 4 215
17087 123 6188
15789 33 1653
15751 7 390
16831 7 396
15463 313 15665
15456 119 5970
16126 35 1784
16137 50 2549
15446 74 3737
14159 94 4747
14968 122 6102
17331 14 707
16022 268 13420
15915 198 9946
17237 119 5981
15677 149 7490
17358 22 1124
16305 48 2402
15935 143 7159
15517 135 6792
15242 164 8205
14623 224 11224
14250 14 722
14270 212 10611
14541 174 8737
17344 102 5108
14707 17 899
15901 276 13801
15722 160 8033
14746 63 3180
16935 263 13163
17240 122 6147
17333 186 9337
15710 39 1965
15656 35 1752
16066 42 2120
16109 45 2277
17561 231 11589
15603 77 3869
14955 87 4376
17269 163 8191
16021 167 8369
14793 115 5751
17144 79 3970
15225 3 182
14736 222 11135
14446 29 1479
15233 14 746
15172 49 2484
17226 116 5836
14654 16 843
17198 81 4066
16818 102 5135
17566 143 7181
15415 177 8875
15428 111 5568
14831 145 7285
14770 247 12381
15457 201 10071
16916 25 1289
14664 227 11353
16507 43 2152
14870 127 6395
15410 10 527
17159 47 2356
14907 14 711
15430 159 7966
14148 132 6613
14195 113 5680
14162 10 503
14758 17 889
17156 82 4107
14948 262 13136
17400 139 6967
14926 79 3998
16759 83 4158
15462 131 6558
17360 17 883
14192 10 501
14206 22 1127
15916 227 11372
16715 283 14151
14396 19 974
17414 137 6869
14722 124 6201
14218 133 6671
14658 7 364
15162 111 5595
14369 163 8162
16322 11 585
15927 312 15650
14798 1 97
16209 294 14716
14274 100 5032
16158 328 16433
17152 91 4574
15383 254 12733
17196 31 1556
17478 127 6372
16807 121 6086
15451 50 2539
16694 148 7439
17534 8 429
14991 165 8268
14427 183 9196
17129 35 1774
17248 358 17929
17229 14 718
14675 4 217
16676 183 9169
14607 306 15334
14450 242 12143
14904 25 1251
16426 5 268
14185 32 1619
14218 199 9992
15639 2 103
14998 37 1862
14915 142 7111
14372 102 5142
14271 219 10999
15783 375 18767
15464 208 10438
14942 24 1246
17198 34 1742
15867 25 1285
17475 3 172
16199 222 11144
15730 8 426
16119 21 1096
15528 318 15908
15428 290 14543
14641 201 10093
15528 318 15908
15161 135 6752
15494 30 1521
17312 261 13051
15170 105 5285
14976 147 7367
15715 189 9481
14409 261 13071
17439 22 1130
14453 8 423
15927 343 17157
15343 165 8281
16150 129 6489
15432 29 1461
17154 34 1740
15701 335 16753
17159 37 1864
15361 60 3028
16172 323 16169
15689 177 8885
15223 48 2413
17137 216 10821
16411 193 9652
17250 31 1586
15603 37 1898
16679 101 5063
15160 194 9730
17152 59 2987
16581 77 3895
16008 388 19419
15808 54 2746
17373 15 755
16525 40 2026
15593 236 11836
16734 69 3452
14555 107 5376
15593 198 9950
14936 35 1759
15589 4 248
14228 31 1600
15154 181 9089
15482 47 2361
16973 24 1244
17087 332 16620
15902 489 24455
17156 82 4149
14356 282 14124
15160 187 9362
16148 153 7652
15436 342 17144
14191 79 3988
16940 12 615
17426 27 1365
14279 49 2457
17469 93 4690
17251 68 3426
15391 44 2222
14392 106 5327
17561 148 7433
14152 254 12714
17165 88 4424
14410 278 13905
15316 132 6644
15086 12 635
16158 16 814
15397 5 266
15355 6 330
14243 59 2954
14758 101 5069
17229 18 933
14880 21 1074
15511 224 11218
16552 102 5137
16358 55 2794
14559 275 13778
14873 282 14110
14562 78 3936
15882 7 400
15457 201 10071
17219 32 1608
16428 367 18383
14152 135 6755
17451 151 7595
17224 37 1889
15103 83 4166
17413 63 3168
15155 9 485
16089 97 4873
15403 23 1165
15916 65 3282
17457 157 7852
14886 141 7090
15355 26 1307
16817 239 11973
14453 112 5639
14134 94 4719
15481 18 935
17212 39 1977
17087 389 19485
16262 20 1035
15983 146 7311
15923 104 5215
14686 32 1648
15469 201 10090
14934 179 8952
14539 73 3678
16188 200 10023
14880 54 2740
14270 54 2714
15883 1 57
14164 27 1364
15639 106 5336
17019 85 4259
15913 19 991
17141 14 702
14934 179 8952
14758 105 5253
14191 120 6049
17341 93 4654
15944 18 920
17240 398 19947
17305 7 369
15499 74 3730
16874 369 18458
16196 187 9398
17028 64 3241
17138 72 3612
15457 93 4668
17557 66 3340
16858 31 1567
17560 149 7479
14458 120 6027
15473 19 977
14793 103 5155
16558 54 2744
15425 205 10282
17541 29 1484
14934 179 8952
14986 48 2415
14368 181 9074
14734 45 2294
16112 17 887
15155 44 2221
17177 21 1095
14816 213 10677
14427 8 426
14235 42 2142
17232 108 5422
17111 236 11838
17541 4 231
14425 99 4968
16797 107 5385
15398 324 16211
17239 121 6057
14452 37 1895
14418 250 12512
15335 94 4731
14368 0 25
15251 138 6921
17196 40 2032
17471 93 4681
17170 36 1811
17135 15 786
14475 35 1760
15828 264 13209
16119 537 26855
14756 47 2397
17361 255 12751
16121 61 3089
14828 129 6477
14229 14 735
14357 40 2015
17559 78 3950
15785 37 1869
17333 110 5547
15322 44 2212
15933 42 2118
14209 135 6794
15264 97 4858
17181 55 2752
15634 22 1105
15436 194 9708
17232 105 5294
15901 276 13801
16603 17 890
15486 3 161
17481 8 447
14367 178 8935
14801 92 4641
15308 120 6036
17100 162 8106
17457 62 3102
15155 4 211
14934 143 7167
14760 170 8531
14539 173 8659
15302 34 1705
17247 14 707
15603 77 3869
14537 9 476
14610 197 9853
15225 35 1792
14772 121 6060
14768 146 7327
14831 168 8421
16134 80 4035
14368 24 1233
14347 48 2442
14243 130 6547
17561 70 3546
14467 286 14339
15410 138 6922
16286 524 26215
16112 473 23687
17205 218 10936
15061 195 9784
14721 122 6119
14369 163 8162
17043 48 2408
14830 3 165
17264 3 197
15801 54 2708
16112 473 23687
16262 20 1035
17096 10 513
15497 177 8871
14923 12 626
15859 81 4080
14384 6 327
14446 29 1479
14911 127 6378
16846 329 16467
14886 105 5270
14139 213 10657
15323 69 3475
15348 242 12112
17146 32 1646
15916 16 816
14376 58 2925
14556 157 7867
14768 133 6690
16769 122 6103
14537 9 476
14306 91 4569
14363 0 31
14455 8 410
16948 54 2707
15457 51 2554
15182 135 6795
16101 201 10081
15118 131 6555
16310 138 6946
16319 1 96
15669 13 683
14263 157 7881
14631 165 8258
17240 398 19947
14260 109 5474
15433 138 6927
15713 157 7867
14662 106 5333
16802 207 10378
14779 139 6952
17457 124 6226
14459 34 1743
14902 104 5244
17132 524 26210
17169 194 9736
16051 228 11426
14801 110 5549
15073 9 488
15702 19 993
15882 171 8583
15774 175 8752
14191 40 2007
14798 72 3610
17390 48 2445
17482 120 6003
17245 27 1394
14880 114 5739
16374 3 198
17361 358 17934
15504 203 10185
15297 275 13778
15701 463 23160
15862 245 12282
17316 20 1016
15511 51 2585
14552 79 3995
16676 256 12823
15356 37 1862
15528 2 127
17339 254 12737
15530 25 1266
14989 43 2199
15282 101 5100
15502 87 4372
14870 296 14823
17208 231 11582
17561 70 3546
15904 25 1296
16562 9 494
17139 317 15899
14611 60 3012
17030 39 1998
14584 16 832
17029 203 10155
15397 97 4888
15073 82 4123
14712 244 12238
14749 285 14264
17280 41 2085
16076 7 379
14745 119 5983
14811 5 272
14548 135 6793
17371 163 8177
14831 168 8421
15074 48 2405
17408 64 3211
15271 17 864
17140 63 3191
14548 198 9950
15780 170 8511
14789 88 4449
15182 147 7361
14453 25 1295
15145 312 15642
16894 188 9442
14590 13 678
15354 66 3308
17158 42 2140
17095 41 2082
16948 54 2707
14464 180 9013
17210 83 4168
15010 8 438
14722 95 4797
17556 77 3869
17112 77 3863
17114 69 3490
14396 42 2135
17324 92 4626
17152 129 6488
15783 377 18869
17309 152 7638
17566 150 7517
17361 126 6302
17100 53 2686
14876 67 3398
14920 32 1606
14356 180 9040
14383 39 1982
14577 33 1679
14771 299 14997
14298 44 2217
17036 196 9801
17383 478 23926
14458 8 410
15592 58 2913
17267 91 4570
16188 28 1413
16301 179 8986
17408 64 3211
15504 35 1770
16525 40 2026
17092 20 1002
14771 225 11269
17364 111 5558
17196 7 393
17168 28 1409
14377 19 964
15482 129 6485
17102 15 758
14802 267 13372
14980 106 5316
15302 15 753
14801 310 15505
17164 56 2842
16096 73 3686
15463 361 18074
14768 5 256
14586 16 803
15464 121 6099
17341 47 2387
15603 143 7183
14551 33 1662
14368 181 9074
14152 172 8614
15592 27 1352
17495 97 4880
17308 58 2938
14921 39 1959
15922 7 362
14875 34 1748
14293 195 9787
14338 12 603
15894 13 682
15410 128 6410
14899 124 6240
15807 13 673
15797 30 1524
15147 66 3329
17407 137 6877
14458 138 6907
16992 21 1060
15397 233 11683
14654 88 4439
15862 119 5987
15394 50 2549
14121 156 7850
16973 17 892
15449 17 872
14557 65 3272
14654 184 9208
17497 227 11390
17028 4 235
15479 87 4376
14643 122 6124
17360 6 342
16769 92 4639
14641 201 10093
16122 126 6326
14878 153 7671
17195 182 9118
14968 37 1900
15824 18 919
14749 215 10754
14223 177 8871
15436 201 10072
17451 277 13854
15859 167 8391
17140 19 960
14134 15 782
14580 43 2153
15762 225 11259
14789 88 4449
15656 88 4447
15042 4 241
14277 112 5608
16864 90 4545
15259 29 1477
15916 301 15099
14550 267 13360
15801 445 22260
15122 194 9705
15589 4 248
16122 229 11491
15656 96 4822
14152 237 11874
15065 38 1904
14136 70 3526
15960 124 6206
15909 25 1270
14291 173 8659
15318 172 8625
16329 14 727
15862 130 6503
14464 106 5334
16118 58 2937
14634 5 279
14432 15 763
14284 1 93
17559 109 5497
14904 20 1031
17140 19 960
14790 199 9965
14270 84 4232
15266 42 2133
14763 6 343
15369 22 1122
14874 158 7901
15417 21 1061
16726 170 8519
14824 260 13039
17030 21 1065
17371 148 7416
15243 20 1050
17282 49 2458
15293 18 902
14358 93 4659
15362 52 2650
16141 150 7531
14259 22 1119
14957 45 2257
16499 317 15872
14914 301 15069
17239 147 7361
15335 248 12438
17338 87 4399
17023 208 10447
16489 174 8708
14750 28 1419
15872 36 1841
16507 43 2152
14436 148 7408
17270 74 3717
14122 168 8427
16741 412 20634
14142 15 798
14452 156 7815
14749 269 13475
17195 17 874
15426 102 5117
16694 35 1767
15780 68 3450
14458 8 410
16910 88 4402
15361 218 10901
14758 65 3284
15013 54 2724
16011 134 6701
14997 70 3529
14445 38 1943
15927 202 10139
16858 101 5077
14458 138 6907
14910 51 2554
15590 130 6524
14934 66 3331
15109 9 457
17383 443 22192
17267 63 3176
17270 71 3596
15391 269 13499
14914 301 15069
17471 87 4376
16150 352 17610
17140 140 7031
16901 108 5410
14376 243 12198
17388 17 851
15282 105 5265
14707 17 899
15330 9 464
17372 43 2194
14172 35 1752
14343 153 7698
16889 24 1250
17036 272 13631
15262 84 4221
14367 181 9074
15677 194 9714
17159 44 2242
15877 0 38
16655 11 551
15238 84 4208
15228 148 7407
14340 1 58
15640 233 11682
17440 90 4524
16286 267 13397
15154 282 14118
14187 96 4811
15846 38 1918
15301 80 4006
15703 4 201
15491 167 8353
14793 124 6207
14603 112 5635
17560 142 7108
17308 58 2938
17248 324 16248
17194 2 123
14298 44 2217
15429 55 2796
14207 1 89
14139 29 1486
15923 154 7712
16874 441 22070
14642 111 5555
14377 124 6235
17307 122 6146
15915 432 21603
14558 14 746
17458 36 1821
17398 192 9608
17043 48 2408
16279 23 1160
14550 111 5562
15402 35 1789
15457 218 10947
14539 212 10602
15114 31 1557
17070 146 7315
16109 66 3309
15917 344 17231
14737 29 1493
15402 35 1789
15427 202 10115
16096 58 2917
17132 80 4047
15334 13 669
15410 104 5245
16171 18 902
15227 159 7981
16112 17 887
15153 76 3837
15403 80 4021
16169 164 8224
16438 18 928
15156 11 599
14998 54 2704
16890 53 2694
16835 5 279
15334 15 799
15915 31 1573
14471 0 26
17171 40 2019
16199 280 14031
14174 78 3937
16770 171 8585
16023 464 23236
15822 18 943
14162 60 3033
15554 42 2141
15152 81 4095
14551 268 13417
15161 159 7953
17208 247 12369
15528 62 3117
15875 428 21442
15463 435 21758
17156 44 2221
14452 1 87
17265 90 4504
16339 230 11550
15251 167 8370
15097 59 2991
14436 31 1586
14270 54 2714
15053 58 2901
15801 299 14984
17540 27 1352
15851 7 352
17361 362 18148
15266 49 2473
15222 63 3184
