5099 65 3257
6318 144 7219
5840 1 53
5333 35 1775
5725 92 4644
6159 5 287
5525 0 41
6963 102 5103
6510 49 2461
6047 7 364
5380 2 111
6647 97 4860
6798 217 10875
5086 87 4396
6058 189 9458
6149 60 3024
6083 36 1848
5021 79 3959
6205 9 480
6311 0 30
6058 104 5214
6157 89 4459
6339 121 6070
6301 51 2562
6805 189 9455
5938 25 1295
5593 65 3261
6663 11 573
6998 167 8393
6680 135 6780
6975 136 6829
6313 44 2211
6780 17 893
6407 55 2766
6332 66 3328
6785 44 2242
6162 20 1036
6369 100 5015
6921 85 4273
6571 58 2936
6558 49 2453
5086 26 1305
6687 132 6622
5092 125 6294
5767 213 10700
5046 91 4567
6822 96 4850
6921 154 7731
6406 7 383
6080 108 5427
6497 74 3731
5339 64 3240
6479 58 2944
6123 123 6197
5966 187 9354
6482 67 3396
6311 66 3331
6468 106 5328
5720 15 756
5561 19 997
6562 40 2027
6594 50 2506
5489 57 2871
5727 4 216
5585 30 1521
6934 183 9166
6861 160 8032
5705 5 259
5374 36 1835
5337 41 2097
6298 169 8500
6881 19 961
6861 167 8364
6608 49 2499
5211 101 5071
6855 104 5216
6379 91 4587
5985 201 10073
6374 22 1119
5712 99 5000
6221 17 875
6985 58 2947
6861 160 8039
6763 123 6191
5527 63 3177
6950 42 2104
6829 75 3783
6959 63 3173
6837 151 7596
6855 147 7355
6991 193 9686
6773 142 7139
6571 29 1455
6879 136 6838
6780 78 3947
6429 154 7739
6698 29 1476
6494 32 1613
6761 53 2684
5858 0 36
6339 10 502
5691 4 215
5340 48 2427
6908 160 8013
6591 175 8788
5508 5 254
6487 82 4137
6642 4 211
5512 105 5296
5966 82 4138
6952 166 8340
6571 27 1364
6908 204 10227
6569 15 752
5164 32 1622
6407 72 3625
6810 40 2046
6387 54 2744
6453 20 1028
5108 125 6253
6426 33 1672
6907 27 1380
6975 184 9245
5513 18 921
6487 104 5233
5093 31 1563
6308 34 1741
6572 142 7135
6634 157 7883
6223 18 927
6978 176 8805
5395 6 332
6377 52 2608
6957 93 4671
6969 189 9473
6763 15 751
6572 136 6834
6362 106 5305
5948 59 2978
5782 1 91
6217 76 3823
6811 73 3683
6861 234 11729
6952 203 10194
6773 229 11469
5892 4 210
5458 91 4592
6968 59 2973
6879 8 437
5470 26 1329
5605 101 5093
6689 139 6956
6800 213 10655
6854 103 5183
5971 8 445
6668 30 1527
6552 43 2184
6773 209 10453
6058 23 1172
5850 122 6131
4969 122 6106
5338 9 459
6549 50 2507
5409 12 639
6382 55 2776
5616 185 9252
6336 166 8328
6371 13 667
6839 10 519
6493 79 3982
6932 128 6446
5840 28 1408
6542 154 7707
5419 39 1954
6308 26 1336
5157 48 2449
5551 3 172
5996 32 1648
5959 30 1527
6932 128 6446
6813 34 1721
6004 54 2740
6614 141 7082
6752 105 5258
6805 152 7626
6748 12 637
6675 0 37
5021 66 3317
6975 136 6829
6572 30 1510
6866 148 7417
6855 53 2681
6605 126 6317
6506 79 3957
6457 46 2318
6571 40 2005
6337 4 228
5639 139 6965
6854 70 3528
6619 12 642
5519 142 7134
5929 109 5485
5996 31 1571
6542 177 8897
6377 52 2608
6907 82 4136
5359 0 21
6030 0 39
6697 118 5925
6752 150 7509
5831 91 4599
5341 57 2865
4981 12 617
6313 44 2211
5959 31 1568
6795 26 1339
4967 43 2163
5858 12 621
6497 74 3731
6366 63 3177
6506 99 4962
6144 36 1839
6608 49 2499
5835 186 9334
6103 74 3715
6811 189 9474
5171 57 2887
6663 46 2350
6148 37 1881
6861 21 1079
6510 49 2461
6989 226 11328
6669 29 1464
6890 59 2998
6527 111 5582
6028 37 1875
6955 122 6147
6572 57 2898
6853 76 3824
6973 191 9578
6406 106 5328
6211 117 5877
6954 40 2034
5374 36 1835
5204 149 7486
5233 1 63
6502 81 4081
6907 27 1380
5106 81 4054
5836 97 4881
6829 124 6236
5437 190 9506
6074 72 3641
6482 5 298
5262 4 232
6697 118 5925
6168 127 6379
5211 101 5071
6421 8 418
5990 35 1764
5127 8 437
6991 237 11892
5262 65 3293
5386 188 9440
6752 69 3497
5994 46 2334
5519 26 1332
6634 25 1270
6800 213 10655
6980 11 600
6853 101 5068
5703 26 1330
6591 65 3284
5892 46 2323
6880 21 1090
6959 231 11598
6572 136 6834
6572 57 2898
4981 23 1170
6046 63 3193
6800 190 9523
6814 29 1500
5337 122 6129
6558 91 4590
6241 11 556
6828 58 2937
6462 39 1983
6064 6 342
6360 67 3362
6439 74 3741
6566 76 3841
6839 9 485
6487 55 2791
5847 23 1189
6956 72 3618
6881 35 1774
6340 48 2444
6577 68 3411
5093 132 6645
5921 108 5447
6576 17 863
5567 13 662
6689 139 6956
5834 130 6539
6379 112 5640
6921 84 4202
4967 14 725
5752 42 2149
6871 63 3162
5915 101 5069
6658 13 657
5783 48 2430
6814 29 1500
6780 149 7481
5264 5 270
5474 81 4097
6768 96 4812
6977 0 28
5778 27 1378
6663 249 12452
5178 10 508
5463 8 408
5842 26 1339
5604 44 2238
6752 83 4181
5187 103 5181
5029 136 6846
6168 178 8924
5092 6 322
6552 56 2815
6507 131 6578
5515 160 8010
5068 96 4846
6829 162 8114
6888 168 8433
6192 64 3226
5034 14 719
6083 36 1848
6934 80 4025
6663 69 3485
6664 68 3436
6558 137 6866
6917 44 2217
6446 169 8490
5726 84 4225
6574 10 523
5337 5 287
6680 39 1977
5822 20 1012
5090 89 4463
6033 109 5491
6314 1 56
6933 45 2293
5154 79 3967
6679 160 8033
6320 74 3717
6901 230 11528
6489 25 1257
6670 38 1914
6811 189 9474
5854 97 4887
6881 20 1010
6853 130 6501
6749 148 7425
5959 31 1568
6508 52 2623
5217 14 724
5524 8 448
6663 88 4446
5164 42 2119
6620 68 3427
5201 77 3862
6786 24 1235
6552 44 2202
5858 0 41
5512 105 5296
6812 71 3600
5208 3 195
6888 88 4438
5512 107 5385
6480 50 2539
6324 124 6250
5265 26 1305
5532 85 4281
6000 2 103
5752 47 2396
6619 47 2352
5111 29 1460
6663 205 10260
6320 50 2516
6298 109 5500
6828 128 6415
6396 1 92
6046 143 7152
6407 18 937
6687 76 3809
6590 11 574
5767 32 1621
5546 9 489
6502 111 5552
6594 50 2506
6853 141 7085
6546 18 910
6579 42 2132
6800 134 6728
6131 92 4607
6553 33 1655
6211 153 7655
5191 104 5202
5207 114 5727
6527 10 522
5437 105 5260
6979 53 2679
5731 12 646
5570 0 33
5614 11 566
6980 38 1934
6936 48 2411
6837 143 7154
5459 160 8004
6980 191 9587
6489 144 7226
6546 15 774
6901 47 2388
6162 14 738
4971 0 11
4962 141 7099
5720 15 756
5521 63 3176
6991 64 3223
6348 43 2153
5953 5 269
6600 69 3489
6199 223 11161
6314 130 6522
5547 114 5725
5207 9 492
6798 169 8460
5830 81 4089
5455 60 3022
6517 4 220
5558 10 540
5455 72 3644
5937 1 58
6801 92 4647
6783 177 8900
6829 179 8954
6642 106 5321
6976 5 300
6282 7 386
5093 68 3444
5896 19 954
5808 101 5056
6765 140 7026
4986 43 2185
6854 70 3528
5834 113 5697
5564 131 6582
6505 11 576
6980 88 4415
6934 12 612
5189 24 1250
6192 46 2336
5745 6 301
5269 23 1151
6282 12 649
5745 1 68
6827 67 3357
6427 124 6204
6749 43 2193
5557 93 4664
5361 50 2532
5333 102 5134
5650 7 356
5926 4 229
6918 116 5825
6467 60 3021
5938 53 2663
5351 53 2673
5403 7 392
5836 97 4881
6224 107 5371
6973 216 10848
6148 13 683
6687 169 8479
5002 22 1128
5947 129 6498
6941 15 763
5497 28 1446
6497 145 7299
5377 13 666
6562 0 18
6100 161 8064
6861 75 3756
5589 41 2074
6793 19 993
6000 2 103
6882 5 278
5051 154 7726
6634 149 7495
6989 109 5479
5975 4 239
5630 35 1777
6991 117 5869
6879 200 10033
6493 116 5817
6634 97 4853
6792 27 1398
6946 15 793
6303 3 184
6407 5 267
6596 26 1306
6436 3 163
5397 52 2638
6634 149 7495
6861 160 8039
6637 29 1477
5709 108 5413
5441 73 3695
6780 14 705
6440 80 4024
6480 132 6605
5191 10 550
5540 32 1632
6801 178 8930
5824 25 1255
6583 97 4874
6596 28 1440
4969 91 4566
6836 36 1827
6811 181 9091
6888 78 3947
5616 218 10912
6358 19 986
6775 10 526
6205 5 261
5395 6 332
6565 162 8101
6439 23 1156
5337 122 6129
6347 169 8459
5920 22 1130
6760 1 59
6663 246 12307
6748 86 4339
5157 18 915
5194 14 742
6478 40 2029
6552 44 2202
6185 18 934
6960 75 3763
5164 62 3140
5046 91 4567
6526 3 196
5508 5 254
6782 23 1155
6425 24 1212
6620 48 2441
5745 6 301
6336 140 7032
5853 404 20225
6050 42 2138
6902 44 2223
6626 32 1606
6959 93 4656
6989 109 5479
5376 4 243
5109 13 663
5558 19 979
5808 101 5056
6865 66 3315
5154 91 4581
6957 211 10591
6553 92 4637
5553 0 28
6679 137 6859
6544 131 6587
5061 95 4800
5573 24 1210
6569 15 752
6902 50 2544
5752 92 4628
6230 71 3596
4955 114 5738
5229 33 1695
6500 24 1217
5937 1 58
6980 34 1739
6467 108 5407
6813 101 5068
5853 404 20225
5092 5 299
5341 28 1438
6123 11 582
6115 4 202
6091 12 605
6382 17 856
4992 134 6707
6663 104 5204
6964 1 64
5418 40 2014
6579 48 2409
5553 13 695
6144 36 1839
6486 16 828
6652 6 343
5155 46 2337
5526 6 342
6192 64 3226
6300 136 6802
5979 140 7034
5349 11 574
6784 22 1115
6140 74 3734
6576 57 2880
6955 112 5637
6963 10 507
6542 21 1086
6950 46 2317
6562 78 3929
6317 27 1398
6121 35 1755
6092 27 1356
6572 224 11228
5512 105 5296
6981 127 6356
6219 140 7008
6912 31 1561
