7023 1601 80054
7054 98 4911
6676 21 1074
7054 458 22922
7023 571 28555
7010 1681 84075
7019 498 24908
7021 237 11896
6853 66 3321
7394 1 83
7010 943 47164
6936 210 10526
6980 88 4424
7008 595 29780
7012 663 33169
7017 1699 84975
7013 129 6488
7017 626 31324
6881 101 5077
7012 1651 82557
7353 33 1694
7012 902 45148
7004 1253 62670
7054 985 49297
7010 1028 51435
7049 447 22374
7020 1149 57488
5179 133 6672
7004 987 49379
7054 94 4721
6906 13 693
7026 124 6212
7049 1943 97165
7004 128 6424
6577 93 4655
4969 95 4793
7026 300 15004
7020 669 33463
7054 1651 82579
7098 6 309
7049 1025 51294
7049 1518 75939
7049 1051 52591
7049 1232 61617
7008 908 45450
6663 88 4426
7010 1551 77560
7086 28 1413
7013 194 9725
6647 140 7010
7010 1467 73380
7011 125 6260
5606 47 2400
7014 808 40421
7017 1045 52278
7021 26 1319
7008 1413 70670
7018 956 47832
7054 1793 89659
7049 2020 101003
7023 1222 61103
7054 1449 72469
7020 342 17117
7049 406 20331
7010 1217 60881
6478 32 1627
7003 104 5223
7054 819 40960
5393 24 1207
7012 277 13867
6980 78 3913
7014 1510 75508
7019 498 24929
7023 1787 89393
7010 121 6065
5602 49 2467
7017 1210 60535
7054 1021 51095
7012 738 36926
7014 75 3783
7004 365 18266
6969 159 7961
7008 1421 71061
7019 165 8274
7055 360 18028
7023 264 13224
7010 648 32441
7018 593 29682
7019 528 26433
7022 155 7770
7054 556 27823
7010 286 14324
7022 283 14188
6324 94 4740
7049 1859 92961
7633 115 5796
7003 1607 80380
7014 1474 73725
7006 582 29136
7001 16 805
7010 296 14830
7054 185 9266
7020 566 28336
7014 638 31939
7001 381 19078
7049 431 21564
7049 662 33103
7001 549 27471
7019 285 14288
7010 974 48724
7049 168 8424
7012 968 48401
7004 1737 86854
7020 1331 66568
7013 105 5290
7018 935 46790
6530 45 2288
7026 65 3267
7049 1308 65443
7001 28 1433
7003 992 49631
7006 52 2610
7021 69 3479
7025 524 26240
6173 84 4222
7022 85 4255
7012 204 10204
6916 71 3594
7017 357 17860
7049 847 42393
7055 720 36036
7018 254 12743
7049 1626 81325
7003 512 25601
7014 75 3783
7022 283 14163
7054 141 7096
6917 239 11955
7007 78 3946
6830 212 10648
7014 1368 68424
7054 1478 73918
7141 37 1867
7019 477 23856
6324 72 3647
7055 600 30029
7018 288 14415
7001 681 34097
7026 596 29813
7049 1073 53694
7013 49 2468
7054 306 15316
7016 143 7154
7055 223 11192
6969 159 7997
7054 1628 81433
7018 143 7158
7012 1576 78834
6593 4 240
7017 1557 77855
7004 929 46498
7006 512 25605
7049 482 24129
5515 110 5503
6787 193 9667
7007 57 2872
6959 204 10225
6551 63 3163
7008 117 5853
7012 750 37550
7055 728 36424
7018 651 32574
7023 1435 71769
5093 10 530
6529 16 819
6783 38 1945
5419 74 3738
7126 15 761
6284 21 1063
6620 75 3793
6917 1 89
5513 13 662
7012 227 11397
7017 43 2190
7018 627 31365
7054 1166 58332
5783 19 957
7049 1308 65425
6955 153 7686
7004 1708 85438
7021 368 18433
7012 24 1236
7020 160 8050
6998 64 3206
7023 1544 77249
7008 287 14364
7054 360 18026
7054 227 11400
7049 903 45155
7020 644 32220
7018 509 25455
7017 1375 68774
7016 310 15532
7012 1718 85933
7021 151 7586
5099 81 4094
7055 204 10232
7054 1397 69873
7565 121 6070
7012 1309 65479
5946 58 2906
6871 144 7229
7580 43 2175
7008 1297 64891
7004 310 15523
4999 73 3669
7017 426 21329
6792 12 603
7018 424 21246
7008 605 30269
7049 1352 67622
7014 499 24952
7010 227 11398
7021 141 7093
7020 1876 93805
7012 227 11394
6907 63 3200
7054 1617 80874
7054 1243 62165
6905 5 264
6690 140 7020
7003 779 38998
7018 99 4962
7022 6 326
7017 717 35863
5925 143 7187
7004 1006 50319
7021 268 13412
6387 72 3622
7023 586 29339
6905 82 4104
7054 256 12825
7020 1775 88773
5201 97 4875
7019 526 26340
5933 172 8610
7055 338 16927
7054 1977 98895
7020 996 49828
6978 173 8660
7008 1100 55027
7012 3 191
7020 1382 69101
7003 234 11706
7054 1241 62060
7049 1580 79034
7012 1567 78398
7026 830 41503
6301 4 246
6022 109 5472
7054 1311 65569
7012 204 10248
7023 756 37821
7017 703 35159
7049 29 1500
7012 526 26334
7054 1793 89654
5611 46 2332
5382 24 1235
7010 69 3463
6824 95 4760
7021 814 40750
7054 1137 56894
7016 133 6654
6490 115 5771
7001 972 48637
7010 901 45067
7023 444 22232
6916 161 8080
7021 418 20950
7012 968 48445
6140 43 2200
7020 598 29948
7020 1717 85862
6871 147 7366
6840 86 4308
6478 45 2265
7054 673 33692
7019 477 23852
7018 394 19701
6631 100 5032
7010 974 48723
7018 337 16890
7004 434 21730
6030 81 4085
7054 1044 52228
7021 193 9675
7055 728 36438
7017 1612 80637
7049 847 42356
6980 119 5985
7014 217 10896
7004 856 42823
7010 1683 84151
7053 49 2478
7017 1639 81957
7014 541 27051
7010 486 24344
7016 7 366
7130 19 991
7054 485 24253
6888 58 2912
7020 582 29136
7010 121 6067
7026 541 27075
7014 1284 64221
7054 1478 73918
6667 18 925
7014 1724 86238
7049 1970 98518
7007 20 1033
7020 1896 94842
7003 38 1935
6427 14 725
6091 3 159
7003 532 26638
7004 1342 67116
7055 197 9879
6871 146 7325
7049 1117 55882
7001 147 7365
6936 208 10419
6850 93 4661
7022 12 631
7054 1341 67091
7025 350 17515
7012 140 7047
7049 751 37553
6551 47 2366
6461 46 2334
7023 875 43781
7021 776 38837
6664 162 8119
6426 56 2822
7012 1000 50037
7016 395 19771
7018 169 8454
7049 409 20459
7008 985 49262
7010 33 1689
6506 167 8355
6440 89 4480
6689 128 6437
6861 43 2167
7020 470 23502
7017 1491 74599
6620 83 4161
7004 496 24817
7054 1466 73315
7001 93 4652
6065 76 3819
7019 57 2871
7054 233 11674
7012 835 41790
7014 1601 80097
7023 1601 80054
7017 676 33834
7010 519 25957
7012 369 18454
7018 288 14443
7021 576 28835
6343 144 7244
6139 118 5918
7018 903 45191
7093 18 908
7003 1508 75401
5390 56 2845
7017 154 7745
7012 1642 82139
7006 231 11584
7010 1289 64489
7020 996 49828
7012 384 19214
7017 1632 81625
5354 12 626
7021 36 1829
7017 321 16100
6148 11 563
7014 1116 55837
7051 33 1697
6520 12 614
7001 33 1665
6028 20 1047
6974 111 5597
6342 32 1604
7003 48 2437
7049 433 21673
7010 1118 55950
7014 902 45118
5508 96 4835
7017 357 17884
7003 532 26638
7019 276 13842
5437 92 4638
7012 263 13193
6336 46 2329
7047 72 3607
7004 681 34091
7049 1153 57693
4957 106 5348
6883 20 1039
7016 317 15863
7017 1447 72383
7010 1158 57942
7014 1576 78846
6640 171 8591
5344 22 1103
7023 1681 84063
7016 383 19164
7049 919 45987
7004 1740 87029
7020 904 45250
7008 1462 73109
7023 1782 89130
5894 76 3834
4957 102 5135
6642 88 4403
7022 110 5503
7016 263 13165
7001 394 19741
7055 72 3647
6907 56 2831
7017 203 10175
7012 1413 70683
7019 144 7243
7014 394 19704
7008 445 22268
7054 2015 100777
6793 5 275
7049 676 33805
7021 554 27738
7003 20 1023
7025 580 29028
7010 1538 76926
7004 1059 52951
7008 1148 57447
7054 1515 75793
6145 44 2237
6790 61 3055
7017 903 45199
6974 112 5626
7004 1152 57624
6871 134 6709
7008 1213 60695
7021 646 32350
7004 1155 57762
6406 162 8137
7017 16 801
7014 1614 80749
7001 731 36557
7025 21 1058
7004 23 1172
7003 365 18292
7049 1244 62219
7025 172 8606
7021 26 1322
7012 1291 64563
6140 37 1854
7018 956 47814
7047 22 1117
7054 1110 55546
7008 1342 67135
7010 451 22562
7017 1432 71637
7054 415 20751
7049 884 44245
7021 570 28513
7010 393 19673
6478 45 2289
6980 27 1354
7049 1836 91840
7021 485 24300
7013 112 5605
7003 194 9740
6840 85 4273
7008 445 22274
6336 33 1686
6952 21 1062
7019 254 12713
5104 13 661
6825 12 643
7021 499 24981
6785 148 7437
6689 81 4098
7049 359 17985
7023 56 2829
6835 16 818
6478 127 6396
7018 86 4350
7010 1463 73161
6905 18 949
6319 9 482
7049 1963 98186
7049 366 18307
7352 25 1279
7023 1601 80063
7020 687 34393
6406 121 6053
7004 1059 52985
7055 89 4460
5466 3 185
7049 1202 60129
6712 21 1094
7055 273 13682
7049 447 22370
6219 107 5373
7025 457 22852
6146 0 40
7001 1189 59481
6921 3 165
7046 98 4907
6698 95 4779
6835 18 912
7054 1563 78186
6606 92 4614
7003 1452 72642
7012 662 33127
7049 1272 63608
7049 598 29938
7003 185 9259
5337 204 10243
7010 1166 58318
6226 81 4093
7020 1285 64277
7049 966 48340
5361 21 1096
7003 244 12236
7055 600 30028
7008 322 16143
7019 495 24775
7017 339 16966
7020 1543 77184
6769 137 6863
7020 731 36572
6609 80 4010
7004 1708 85418
7054 1150 57549
7025 481 24088
7018 254 12743
7010 3 191
6751 34 1706
7023 1055 52784
7023 1571 78571
7007 86 4341
7010 1476 73816
7012 1563 78163
7014 1046 52330
7054 1980 99012
7008 1462 73101
7051 85 4262
7096 24 1227
7004 1353 67677
7004 1611 80568
7017 1719 85989
7019 477 23868
7054 1360 68030
6139 30 1505
7001 387 19355
7014 327 16377
7003 721 36073
7018 728 36423
7021 158 7918
7010 296 14839
5946 64 3228
6696 45 2296
7008 1072 53614
7017 528 26412
7026 536 26843
7017 1401 70099
7023 174 8731
7010 408 20418
7012 839 41955
6785 63 3177
7049 1175 58778
7025 549 27456
7020 158 7925
7003 844 42243
7012 1630 81532
7047 84 4248
7020 1848 92401
7003 1167 58381
5501 22 1122
7013 10 544
6360 93 4695
7023 1158 57929
7049 168 8420
7012 431 21567
5419 79 3960
5940 20 1020
7018 49 2497
7023 422 21133
7010 1713 85699
7049 932 46634
7007 58 2934
7003 1009 50458
7020 839 41957
6261 27 1379
6916 125 6280
7001 929 46468
6380 81 4093
7017 40 2011
5565 27 1389
7001 33 1665
7012 1183 59167
6633 6 312
6656 11 589
7001 705 35273
7003 725 36259
7001 713 35698
7020 1543 77196
6917 227 11385
7023 1379 68961
7003 854 42746
7017 760 38004
7054 991 49583
6379 172 8637
7025 216 10836
7025 508 25438
6528 116 5812
6312 101 5092
7014 1178 58926
7049 1518 75935
7001 865 43260
7008 43 2180
6162 198 9932
7010 307 15395
7054 628 31414
7049 1540 77046
7017 1639 81979
7012 1363 68198
7026 412 20650
7026 397 19871
6725 0 6
7004 673 33677
7013 16 850
7003 1278 63922
7054 526 26336
7004 95 4772
6863 27 1362
7026 466 23340
7008 465 23255
7012 1576 78817
7055 742 37118
7054 257 12877
7020 412 20640
7023 291 14567
7020 904 45222
7008 1297 64858
7049 737 36878
7012 1363 68164
7560 79 3995
7020 51 2577
7049 884 44223
6936 146 7326
7004 1578 78940
7008 206 10343
4953 54 2711
7020 594 29740
6425 171 8567
6895 17 856
6615 128 6410
7055 181 9057
6786 71 3552
7008 188 9418
6489 37 1861
7054 785 39282
7011 261 13072
7019 285 14279
7006 157 7855
7054 1147 57357
6058 194 9736
5182 13 655
6406 132 6612
7049 1798 89909
6871 128 6415
7012 1432 71621
6410 92 4636
6121 45 2284
7048 184 9201
7004 656 32848
7023 1797 89884
5074 1 60
7026 442 22150
6594 102 5144
7014 1304 65210
7020 1842 92110
7021 425 21270
7001 135 6790
7049 915 45799
7055 338 16909
6380 57 2878
7006 479 23962
7017 650 32501
7016 218 10947
7020 70 3522
7012 1629 81470
7026 98 4914
7013 7 388
7008 1148 57425
6683 110 5523
7006 597 29860
7054 1150 57547
7020 906 45344
5515 81 4074
5526 15 797
5920 9 454
7026 677 33887
7023 1762 88126
6663 90 4534
7142 47 2363
7004 46 2310
7021 335 16788
7016 7 351
7017 92 4647
7054 1517 75899
6687 22 1144
6683 116 5839
7049 1758 87939
6594 70 3540
7023 1457 72884
7049 1998 99931
7014 310 15545
5977 164 8239
7049 1836 91841
7017 899 44963
7023 668 33432
7023 1525 76278
7049 1580 79019
7023 54 2728
7004 656 32832
7017 1432 71628
6028 22 1142
7014 925 46274
7054 75 3756
7010 1285 64283
7017 172 8611
7012 771 38589
7018 297 14856
5179 36 1814
5912 13 665
7023 941 47062
5440 31 1560
7017 165 8260
7016 309 15461
7491 12 631
7014 803 40166
6835 92 4617
7049 572 28601
7003 1167 58358
7010 456 22833
7054 1907 95384
7023 818 40943
7003 1294 64728
7014 322 16142
7008 1012 50627
7001 451 22586
7020 503 25157
7682 129 6466
7001 776 38832
7022 25 1295
7008 1468 73431
7023 785 39271
7017 68 3418
7006 0 44
6285 103 5166
7008 741 37068
7012 1182 59133
7017 1557 77856
5066 17 855
6420 56 2827
6980 227 11353
5419 79 3954
7049 847 42361
7054 1086 54345
6974 24 1235
7018 37 1899
7008 551 27557
7010 1272 63631
7011 167 8382
7004 1470 73526
7023 1797 89852
7054 1380 69036
7054 1426 71316
7017 829 41473
7022 55 2761
7049 319 15967
7025 242 12125
7001 437 21885
6162 77 3879
7023 1015 50790
6084 7 366
7017 628 31436
6145 49 2459
7054 526 26312
6348 38 1901
7004 452 22644
7003 512 25636
7020 952 47641
7021 227 11365
7053 49 2487
7003 1231 61553
7004 1155 57796
6596 32 1638
7049 1844 92229
7010 20 1017
7095 27 1375
7004 1429 71497
6151 31 1552
7010 1510 75550
7017 16 827
7012 1651 82557
7012 149 7484
6840 74 3710
7049 611 30560
7010 176 8832
6312 43 2176
7010 1733 86690
5005 64 3220
7003 8 405
5933 128 6449
6428 12 609
7003 1609 80480
6788 34 1728
6454 14 727
6952 21 1098
6783 15 791
7093 18 908
7055 665 33279
7008 465 23297
7010 539 26953
7004 1254 62716
7020 12 620
7014 1043 52181
7018 86 4334
7001 56 2809
7014 88 4427
7020 1041 52080
7004 1469 73477
6788 8 424
7014 740 37011
6639 28 1422
6223 25 1285
7023 1321 66089
7007 57 2882
7007 121 6098
7025 169 8481
6907 174 8719
7018 888 44448
6324 94 4740
6125 70 3521
7001 16 850
7017 941 47076
7054 1341 67100
7021 26 1311
7026 147 7395
7020 1911 95582
7021 457 22885
7054 1466 73321
7014 1116 55810
6879 25 1281
7014 1159 57999
7006 502 25106
6786 70 3503
6352 24 1232
7019 214 10722
7021 53 2669
6761 32 1623
7008 34 1704
7020 186 9347
6387 79 3997
7022 67 3358
7026 450 22509
5979 34 1702
7054 1773 88661
6787 228 11422
7025 390 19504
7003 542 27104
7004 590 29544
7025 408 20439
7014 1335 66784
6528 65 3274
7012 263 13199
7053 49 2462
7023 605 30256
7019 245 12264
5891 9 461
7010 1688 84401
6633 15 753
7016 390 19535
6405 21 1067
5774 66 3309
6980 185 9255
5616 23 1190
7012 225 11263
7018 295 14792
7049 168 8420
7334 56 2818
5216 74 3721
7049 1720 86021
7008 897 44856
7012 53 2674
7017 292 14634
6917 236 11848
7049 773 38677
7004 1287 64396
7010 626 31348
7014 786 39319
7302 65 3295
7003 744 37218
7018 701 35097
7026 7 398
6687 14 718
7001 990 49548
5201 143 7197
7001 690 34519
7010 3 183
6162 31 1577
7012 201 10054
7054 408 20411
7012 902 45149
7004 402 20124
7012 1000 50033
6030 85 4256
6052 21 1080
5397 1 100
7055 338 16927
7010 1432 71648
6493 29 1475
7055 210 10533
7021 600 30035
7565 226 11330
7025 303 15161
6369 118 5905
6176 10 547
7018 18 936
7018 893 44665
6936 204 10237
6885 30 1541
7023 1268 63425
6305 42 2107
7574 15 784
7048 96 4813
6959 204 10214
7004 167 8353
5386 73 3651
6840 73 3690
7010 1028 51431
7023 444 22242
7023 846 42330
7010 620 31050
7003 1620 81035
6908 207 10355
7010 1508 75425
7023 576 28819
7003 1509 75470
7010 3 168
7049 319 15967
6074 76 3833
7004 510 25547
7049 915 45776
7012 316 15849
7004 1373 68678
7625 4 246
7004 1445 72268
7025 463 23192
6749 223 11200
6560 35 1753
5979 35 1766
7001 148 7444
6319 53 2666
7051 14 711
7023 909 45484
6873 3 161
7012 737 36854
7026 147 7373
7020 537 26859
6947 34 1712
7049 447 22385
7054 1847 92397
6683 114 5711
7017 488 24444
7021 814 40715
7017 524 26207
7010 1101 55098
7020 1595 79795
7018 935 46790
7006 174 8722
7010 1551 77586
5227 27 1356
7004 681 34073
7026 47 2365
7020 598 29932
7003 172 8626
6503 8 441
7017 1432 71641
7010 581 29082
7001 556 27843
5068 17 894
7004 434 21730
7003 1254 62744
7049 743 37163
6503 4 233
7020 904 45246
7004 708 35432
7018 264 13248
7021 421 21051
7023 388 19427
5906 24 1249
7004 145 7290
6533 125 6287
7023 652 32639
7054 332 16648
6942 0 18
7004 1103 55192
7004 456 22820
7003 1294 64735
7017 1401 70099
7023 1797 89870
6885 49 2479
5914 104 5208
7023 785 39298
7010 296 14807
7022 262 13145
7011 117 5870
7007 38 1904
7013 100 5044
7010 589 29497
7146 36 1822
7004 556 27821
7010 1220 61035
7003 1226 61332
6934 212 10614
7003 804 40210
7003 46 2320
7017 4 219
7573 38 1908
6206 127 6378
7016 208 10410
7004 266 13316
7012 192 9630
7004 1731 86578
6965 0 43
7004 176 8808
7004 1037 51855
5089 37 1866
7055 204 10224
7054 531 26583
7054 485 24270
7012 53 2674
7006 566 28348
7020 799 39957
6779 70 3545
7001 491 24589
6688 82 4133
7012 1707 85354
7014 786 39320
5512 137 6870
7021 268 13413
7014 240 12024
7003 897 44876
7017 1556 77828
4971 144 7248
7004 990 49536
7049 1377 68896
7018 26 1326
7017 1491 74583
7022 25 1261
5393 28 1434
6211 34 1719
6359 16 830
5925 69 3489
7016 129 6498
7054 648 32412
7054 700 35028
7049 1993 99698
7049 491 24586
6866 96 4850
7008 1342 67110
7017 1447 72391
5933 132 6643
5437 72 3626
7054 1334 66727
6286 1 95
7020 111 5596
7012 150 7513
7054 1227 61370
6885 29 1453
6378 43 2163
7014 356 17849
7018 118 5926
6444 88 4434
7020 865 43267
5233 103 5153
6286 4 203
7020 267 13351
7054 1519 75962
7020 503 25197
7054 1628 81408
6859 36 1827
7023 1855 92764
6785 98 4907
7010 1385 69267
7017 806 40307
7003 1613 80660
7001 928 46422
7004 491 24588
7006 52 2610
7059 21 1079
7142 40 2014
7055 347 17389
7004 1429 71497
7006 555 27761
7020 865 43271
7049 531 26574
7025 457 22875
7004 266 13347
7049 919 45975
6980 19 964
7008 247 12384
7004 1305 65251
7003 324 16210
6090 103 5182
6529 10 533
7019 526 26314
7023 754 37716
7008 197 9858
7017 1317 65880
6917 240 12029
5474 101 5057
7018 888 44404
7054 1243 62196
7007 142 7137
7001 1042 52107
6801 189 9489
7054 1444 72229
5457 23 1154
7018 323 16169
7633 249 12488
7017 1351 67595
7010 1638 81949
7020 907 45372
7001 993 49676
6952 58 2903
6934 26 1312
6026 29 1454
7017 519 25959
7025 524 26211
7006 108 5416
6769 142 7113
6147 21 1080
7006 52 2627
7400 164 8230
6431 21 1075
7054 395 19786
7017 899 45000
7049 809 40492
6959 149 7477
6769 105 5276
7016 282 14142
7025 523 26181
7054 1524 76230
6369 146 7342
7010 1657 82895
7054 1607 80376
7008 35 1795
6830 214 10719
7023 1589 79481
7006 52 2611
7017 508 25406
7008 1211 60556
7006 203 10160
5437 78 3940
7017 1295 64759
7049 1651 82589
7023 984 49221
7014 1244 62244
5541 53 2695
6788 33 1669
7017 130 6509
7049 1625 81251
7018 560 28007
7010 1467 73388
7010 498 24935
7023 680 34012
6220 10 549
7021 374 18712
6993 22 1113
6664 166 8337
7025 369 18463
7017 936 46818
6698 47 2359
7724 44 2222
7008 322 16135
7006 334 16727
7026 233 11680
7049 187 9378
7018 118 5926
7006 429 21495
6030 85 4256
7017 1136 56816
7022 25 1274
7008 313 15674
7010 34 1708
7023 38 1948
7023 756 37821
7049 1631 81585
5216 74 3721
6629 14 713
6007 145 7293
6830 218 10950
7004 1059 52989
7025 554 27707
7003 1556 77820
7010 359 17959
6859 126 6317
7012 1476 73821
7003 1287 64359
5328 81 4077
7049 1051 52571
7017 1419 70951
7017 640 32024
7023 1695 84772
7017 1003 50171
7001 789 39460
7003 134 6718
7023 1626 81328
7012 372 18629
7026 806 40333
7019 81 4090
5353 13 662
6594 26 1327
7051 12 650
7055 489 24490
7012 1642 82132
7012 470 23537
5940 24 1224
7014 484 24248
7025 580 29028
7054 1893 94692
7014 1755 87764
7010 1476 73812
7008 825 41256
7022 189 9485
7012 737 36854
5482 26 1309
7054 1907 95387
7051 95 4794
6615 144 7236
6942 80 4017
5386 128 6448
7644 178 8934
6377 8 430
7018 264 13232
6423 205 10287
5364 131 6572
7048 5 278
7016 58 2901
7020 790 39545
7004 936 46841
7012 1523 76198
7055 332 16614
6423 202 10143
5508 99 4974
7001 669 33498
7023 1525 76275
7001 147 7396
7008 309 15466
7010 1520 76050
7017 802 40111
7008 586 29337
6314 116 5824
7023 98 4914
7023 1332 66648
6369 140 7023
7003 1231 61581
7021 462 23108
7020 663 33198
6478 125 6257
7014 1614 80749
7025 169 8465
7014 894 44748
7017 1639 81977
7014 869 43453
7018 509 25471
7054 1495 74783
7004 678 33923
7004 340 17045
5449 91 4575
7019 85 4289
7026 174 8726
7025 210 10501
7014 882 44125
7014 912 45643
7017 1360 68039
6346 58 2906
7010 1317 65879
7001 287 14368
7004 1287 64381
7008 1050 52537
7026 877 43864
6370 3 158
7010 1431 71587
5106 78 3942
7026 7 390
6684 4 224
7025 21 1076
7001 1113 55670
7003 1278 63918
7010 1677 83862
5925 143 7187
7018 956 47832
6879 193 9672
7048 5 262
7049 308 15430
7007 7 357
7001 772 38610
7021 600 30035
7017 357 17884
7014 808 40421
6327 2 148
7020 1442 72110
7006 205 10251
7001 919 45962
7004 1374 68723
6827 61 3055
6327 1 58
6565 140 7043
7004 673 33651
7055 27 1380
7008 1375 68771
7054 152 7629
7020 1153 57697
7001 163 8155
7054 761 38076
7003 205 10270
7004 656 32843
7049 1340 67030
7014 88 4411
7017 109 5454
7020 593 29686
7018 710 35532
7003 992 49628
5946 14 726
7054 556 27849
7014 541 27051
7020 212 10621
6343 153 7686
7003 317 15859
7010 34 1720
7020 996 49840
6974 107 5377
5233 96 4835
7017 917 45872
7001 1151 57582
7054 1975 98793
6883 23 1174
7004 1342 67132
7023 1048 52441
7017 508 25415
7022 85 4278
7018 956 47821
6529 19 951
7020 51 2560
4999 114 5740
7012 1684 84246
7001 1054 52741
6405 14 737
5038 40 2036
7012 856 42830
7007 39 1979
7003 1329 66470
7012 1249 62495
7023 1678 83903
5979 12 633
6339 64 3247
7025 520 26036
7017 1755 87754
7004 509 25465
7004 402 20103
7020 669 33480
7004 1006 50334
7054 1654 82702
7054 526 26312
7008 697 34860
7019 221 11072
7012 755 37792
7049 366 18339
7010 1237 61891
7003 489 24482
5386 108 5428
7046 84 4246
7014 477 23865
7001 275 13791
7023 754 37740
7008 465 23299
7019 528 26433
6840 78 3909
7436 113 5655
6865 90 4543
6402 54 2730
7048 75 3759
7023 1055 52793
7742 236 11813
7019 526 26316
7003 672 33639
7023 120 6013
5521 1 87
7051 76 3823
7014 1421 71069
7017 325 16251
7004 640 32025
6367 58 2911
7022 55 2765
6230 33 1678
7017 1317 65880
7522 2 114
7011 317 15857
7004 1547 77361
6428 11 594
7010 519 25957
7016 175 8751
6625 9 467
7020 344 17231
7023 120 6026
7017 1557 77877
7020 860 43020
5386 104 5248
7054 741 37056
7012 1693 84677
6725 1 78
7049 922 46142
7023 1678 83945
7054 1221 61061
6907 201 10058
6623 1 81
7022 262 13126
7546 121 6083
7018 868 43425
7017 1641 82087
6835 98 4948
6765 102 5107
7026 650 32533
7003 317 15900
7014 706 35323
7023 984 49221
7026 715 35783
7018 888 44448
5457 22 1150
7054 1744 87242
7017 553 27671
7018 246 12338
7666 9 465
7004 98 4924
7001 28 1417
7017 1476 73810
7018 888 44428
7049 1130 56506
7010 1317 65874
7025 135 6763
7014 322 16116
7014 1136 56803
7049 884 44245
7013 124 6204
5912 12 608
7049 1195 59777
7017 903 45173
7012 879 43985
7004 681 34076
7013 66 3343
7010 539 26951
7006 555 27781
7055 404 20218
7018 604 30223
6922 151 7597
7055 597 29879
7020 367 18374
7049 186 9325
6387 72 3608
5382 193 9688
7047 76 3823
7008 1358 67921
7026 844 42228
7010 1358 67904
7004 510 25523
6906 34 1741
7012 980 49029
7049 1993 99651
6028 17 865
6906 2 120
6021 191 9591
5092 168 8441
7010 620 31022
7014 226 11341
6761 31 1557
7018 710 35530
7528 226 11336
6213 22 1108
7008 897 44894
6023 50 2519
6076 124 6213
7020 160 8003
7046 84 4246
7003 992 49640
7020 1127 56352
6783 11 586
7012 328 16412
6751 33 1663
5541 71 3552
7017 640 32012
5213 13 683
6605 172 8618
7049 1130 56534
7004 1103 55169
7017 709 35485
6298 7 394
7001 903 45188
7014 1280 64018
7008 1102 55146
7051 76 3823
7014 947 47351
7054 674 33741
7023 66 3326
7025 172 8645
7049 1723 86159
6680 39 1998
7010 20 1020
7008 1050 52504
7391 95 4764
7014 793 39678
7012 201 10081
7023 1184 59212
7025 160 8022
7020 186 9334
7020 655 32759
7008 881 44088
6647 175 8779
7014 484 24248
7008 309 15461
7013 147 7352
6598 58 2912
6475 12 631
6921 2 104
7017 1389 69456
5386 128 6448
6520 16 830
7014 187 9354
6378 44 2217
6936 202 10119
7049 1996 99818
7049 159 7973
7400 164 8244
6059 81 4086
6957 57 2887
6952 57 2891
7001 1113 55670
7004 1731 86560
5326 32 1609
7010 1431 71578
7012 1576 78811
7018 787 39384
7012 470 23525
7295 104 5228
6686 42 2117
5437 99 4968
5013 178 8910
6562 46 2304
7001 16 847
7026 647 32376
7004 681 34091
7023 858 42911
5933 109 5496
7014 808 40447
7006 476 23836
7017 84 4235
7018 555 27787
7049 919 45979
6696 42 2117
7006 520 26038
7023 273 13674
7023 699 35000
7001 993 49676
6098 68 3432
6007 23 1171
5929 65 3272
7014 138 6922
7020 655 32759
7018 604 30232
7017 92 4638
7403 19 978
6633 8 419
5106 157 7900
7025 548 27443
7006 334 16744
5386 16 824
5437 91 4573
7049 919 45984
5412 41 2058
7019 57 2871
7014 962 48107
5418 35 1784
6752 77 3876
7014 1171 58551
7012 1416 70845
7010 417 20888
5933 109 5496
7018 254 12721
7055 360 18017
7018 868 43417
7010 974 48739
6783 2 106
7054 1016 50833
6121 24 1208
7049 171 8594
5106 48 2402
7006 190 9502
7020 1732 86635
7020 731 36566
6151 34 1703
7017 193 9674
7007 0 4
7049 676 33824
6305 44 2223
7010 1438 71933
5201 7 400
7023 1379 68978
6564 165 8254
7008 399 19975
7014 610 30533
7025 369 18470
6625 5 288
6478 32 1627
7016 18 950
7054 761 38082
6825 12 643
6840 87 4353
7014 1265 63275
7054 971 48558
6140 43 2159
6871 97 4889
7014 1249 62467
6606 88 4424
7014 139 6996
7019 276 13819
7520 28 1442
7020 554 27727
7010 1240 62050
7026 252 12632
7023 1184 59231
7047 113 5679
7049 1859 92981
7017 1436 71832
7049 919 45993
5452 2 147
7017 1492 74624
7021 374 18712
6520 11 591
7054 1731 86585
7020 790 39545
6752 77 3876
5774 61 3069
7023 473 23661
7004 145 7294
6482 28 1408
7003 1669 83454
6993 22 1112
7003 935 46791
6285 104 5206
7010 460 23046
7004 1643 82179
7048 146 7346
7014 811 40560
6748 174 8725
6629 14 713
7020 1285 64279
7017 746 37347
7023 1844 92245
7131 74 3744
7020 412 20640
7055 48 2401
6769 92 4618
7008 352 17618
7012 643 32156
7051 85 4284
6664 158 7925
6205 2 125
6303 142 7105
7049 1117 55890
5454 4 225
7014 634 31739
7055 204 10202
7012 1278 63923
6874 26 1332
7018 69 3472
6917 46 2328
6192 167 8396
7054 1147 57357
7023 66 3309
7010 410 20546
7054 136 6816
7012 970 48513
7006 512 25616
7049 575 28799
7016 224 11222
7003 922 46135
5979 43 2178
7023 495 24754
6562 47 2394
6669 108 5409
7026 499 24984
7014 634 31704
6235 0 2
7012 192 9637
7008 702 35136
6092 100 5006
7008 559 28000
7021 418 20942
7048 204 10240
7004 176 8814
7014 1576 78821
7020 1041 52080
7023 1283 64179
7012 1684 84225
7010 888 44450
6118 11 583
7054 493 24668
5929 64 3246
7055 461 23091
7020 1625 81255
7007 58 2911
6327 42 2117
7012 1181 59055
5179 38 1917
7012 1693 84652
7054 168 8408
7018 303 15176
7049 883 44166
7017 330 16538
7051 57 2867
5136 52 2610
7012 1432 71633
7049 1073 53659
7021 328 16424
7049 1356 67808
7004 346 17344
7026 40 2009
6406 121 6053
7023 1446 72343
5600 153 7690
7001 772 38618
7054 395 19756
7001 491 24552
6288 117 5870
7003 1486 74319
7004 1255 62757
6788 8 405
6369 121 6071
7095 65 3265
7017 298 14916
7010 1172 58614
7010 943 47151
7025 457 22871
5382 20 1029
7004 905 45293
7023 1451 72551
5382 199 9952
7017 903 45190
7023 1705 85251
7023 1435 71760
7018 515 25779
7049 431 21573
7003 729 36453
7014 1276 63841
7020 809 40492
6489 32 1607
7018 669 33470
6382 36 1842
7055 324 16229
7008 275 13797
6974 111 5567
7394 1 63
7560 22 1104
7049 413 20674
7574 15 784
7003 238 11926
7006 559 27975
7004 176 8810
7142 40 2012
6980 232 11649
7049 966 48335
6960 159 7990
6594 21 1075
7049 1232 61601
5212 4 211
6378 43 2163
7016 150 7545
7016 198 9902
6881 101 5077
6676 23 1178
6591 95 4753
7014 1661 83069
7459 9 454
7026 207 10378
6462 13 683
6827 61 3072
7003 755 37762
6312 43 2181
7016 150 7518
6780 107 5361
6853 140 7028
7020 1543 77171
7010 286 14313
7049 1485 74273
7020 947 47352
7049 773 38695
4989 4 211
7573 34 1724
7004 1740 87029
7021 102 5132
6360 92 4643
6688 15 762
7012 45 2269
6825 14 741
6599 99 4982
7004 678 33925
6404 178 8949
7014 803 40184
6162 198 9921
7013 123 6155
7529 109 5472
7019 527 26384
7011 236 11832
7013 64 3206
7017 193 9674
7001 864 43203
7142 47 2361
7026 677 33862
7014 74 3722
7008 399 19990
7004 1155 57765
6589 146 7329
6683 115 5758
7008 551 27589
7011 290 14529
7017 1069 53457
6879 182 9112
7054 1563 78166
7008 741 37075
7001 556 27811
7004 95 4761
7022 155 7756
7054 1737 86877
7023 444 22225
7012 1476 73804
7020 1153 57662
6367 54 2744
5616 207 10364
7021 368 18432
7055 248 12401
7054 411 20554
7003 1506 75306
6824 32 1646
7001 373 18696
7025 598 29938
7008 1288 64445
7012 635 31766
7054 94 4725
6084 7 380
7001 135 6774
7013 51 2591
7048 74 3725
7014 384 19226
7020 1476 73819
5966 61 3087
7014 1761 88077
7055 76 3814
7049 611 30560
7054 1449 72457
6907 206 10313
7006 424 21205
7020 1543 77196
7008 1013 50690
7054 634 31736
7003 385 19255
6921 9 475
5419 73 3673
7012 1413 70698
7054 914 45703
6664 99 4966
7017 1301 65084
7020 1896 94837
7004 793 39685
7018 866 43326
7047 72 3607
7023 120 6006
7023 1463 73181
7054 97 4861
7012 415 20782
7008 447 22365
7054 576 28844
7017 529 26462
7023 868 43411
7012 1100 55037
7010 1188 59401
6768 83 4174
7054 1980 99044
7023 818 40917
6907 49 2478
7004 843 42169
7049 1625 81251
7004 157 7852
5017 51 2551
7023 941 47095
6853 95 4780
4979 13 676
5971 23 1174
7012 1408 70419
7020 582 29115
7012 874 43717
7021 141 7071
7003 1291 64594
7020 153 7662
6797 14 726
5104 13 678
7054 1360 68033
7010 901 45051
7017 650 32550
7001 651 32584
7019 138 6942
7054 1980 99020
7013 2 109
6362 5 294
7008 1100 55006
7055 241 12078
7006 206 10309
7014 524 26245
6076 124 6213
6344 21 1072
7049 1315 65774
6540 37 1872
7014 1319 65984
7021 382 19138
6656 11 599
7049 1996 99808
7049 1666 83349
7003 898 44924
7012 1170 58533
7049 1740 87002
7018 598 29908
7054 761 38079
6688 11 566
7021 193 9657
5136 52 2621
7010 274 13706
6853 92 4614
7051 14 711
7008 247 12398
7014 1116 55810
6769 109 5464
7012 663 33182
6797 14 726
6205 72 3612
6840 86 4308
7012 494 24746
7010 287 14398
7018 72 3633
7054 1952 97601
7004 590 29510
7003 64 3210
7018 323 16155
7018 426 21312
6074 74 3746
7025 263 13169
7020 276 13836
7049 1625 81292
7016 392 19650
6811 149 7457
5501 6 308
5167 3 185
7017 802 40111
6084 5 281
6748 168 8406
6410 91 4566
7293 31 1574
7008 247 12378
7013 147 7392
7008 1440 72042
7008 382 19118
7001 1062 53137
7012 635 31783
7001 903 45188
7008 287 14371
7008 551 27587
7014 61 3070
7023 409 20460
6599 92 4647
5512 221 11052
7012 177 8860
7023 1664 83208
7003 13 664
7017 15 784
6769 105 5276
7132 55 2765
6608 61 3071
7008 1012 50629
7021 367 18395
7017 168 8406
6939 54 2712
7023 444 22232
7020 554 27715
7017 1012 50628
7054 991 49583
7018 664 33231
5979 37 1870
6915 209 10484
7012 507 25352
6138 54 2714
7054 58 2939
7054 374 18737
7017 1185 59254
6853 149 7479
7049 1791 89592
6912 98 4933
7023 291 14567
7023 1797 89884
7012 1561 78055
7004 1470 73536
7026 450 22533
7001 858 42927
5602 32 1608
7006 429 21476
7054 1021 51093
7023 958 47937
6792 12 603
7020 1501 75094
7054 477 23854
7016 282 14101
7023 920 46002
7003 1629 81480
6629 15 794
7014 1724 86245
6507 136 6811
7014 869 43473
7020 365 18256
6787 60 3050
6777 191 9587
7055 197 9867
7013 129 6490
7049 363 18160
6642 93 4651
7054 1241 62060
5987 11 595
7019 527 26388
5600 152 7617
7019 221 11072
7023 237 11866
7026 715 35788
7049 847 42387
7054 1580 79046
7017 663 33199
7011 125 6264
7023 1820 91021
6360 93 4655
7016 7 365
6780 107 5361
6684 10 527
6689 40 2040
7010 619 30982
7014 168 8420
7049 360 18024
7001 624 31204
7026 268 13430
6429 117 5886
7049 932 46650
7055 245 12275
6787 59 2966
7049 273 13654
7054 1016 50841
7054 946 47336
7001 864 43241
7020 996 49812
7055 241 12062
5038 40 2015
5565 27 1382
7026 252 12632
7008 1013 50651
7054 1341 67082
7008 780 39009
6404 155 7785
7049 159 7974
7049 879 43997
7008 1193 59681
5515 87 4360
7020 1937 96858
7055 338 16930
7006 206 10324
7054 1591 79578
7003 721 36077
7008 1012 50626
7012 1523 76151
7010 1358 67947
6783 16 822
7023 251 12557
7529 109 5472
7008 1351 67600
7001 491 24581
7046 98 4916
7017 1259 62962
7010 121 6093
6799 39 1988
6304 123 6160
7004 402 20138
5104 14 720
7018 530 26532
5155 100 5023
7023 795 39769
7008 741 37058
7011 261 13055
7004 510 25547
7014 1 97
5586 154 7723
6426 125 6295
5535 18 926
7014 1577 78857
7019 285 14288
7025 598 29905
5205 6 323
7026 715 35788
5000 84 4213
7054 264 13203
7020 301 15063
7054 653 32680
7012 291 14600
7023 822 41149
7014 135 6755
7013 129 6470
7023 903 45186
7004 360 18016
7026 752 37625
7008 1462 73101
7001 772 38610
7055 360 18011
5779 6 307
7049 418 20901
6589 140 7018
7012 877 43874
6064 6 322
5624 13 670
7008 844 42222
7016 256 12839
7020 720 36029
5328 51 2588
7018 253 12686
7017 1664 83222
7013 88 4432
7023 521 26058
7008 904 45211
5344 51 2568
7023 156 7848
6565 133 6698
7458 47 2376
7016 101 5051
6065 73 3681
7014 1099 54951
7026 783 39190
7020 1775 88763
7021 580 29045
7023 1195 59789
7055 600 30005
7019 254 12740
7010 630 31543
5419 71 3584
7008 281 14071
6649 94 4740
7012 1684 84246
7014 1543 77161
7770 0 18
7010 6 306
7023 547 27381
7049 1447 72383
5386 132 6637
7054 1498 74919
7004 585 29266
7001 787 39383
5430 20 1008
7014 475 23774
7018 728 36433
7049 1963 98192
6803 40 2008
7017 1735 86761
7025 463 23189
7014 1096 54840
7008 269 13454
7004 46 2310
7017 172 8621
7003 1226 61323
7010 1538 76914
7049 1489 74492
7049 1447 72372
7010 1222 61102
7018 118 5929
7049 1484 74235
7055 590 29519
7411 118 5903
7023 187 9391
7026 647 32382
6305 65 3277
6382 10 506
7004 1731 86565
5151 71 3589
7010 1579 78995
5933 130 6508
6217 159 7975
7014 1434 71701
6748 169 8485
6195 38 1902
6562 110 5530
6230 30 1542
5449 97 4860
7513 82 4135
7013 64 3218
7054 899 44988
7020 1543 77176
7012 837 41865
7001 479 23986
7048 76 3827
7054 411 20565
7049 109 5454
7001 416 20808
7054 1046 52340
7026 352 17633
7008 1415 70783
6952 53 2700
6919 39 1959
7141 47 2379
7049 620 31050
6594 24 1211
7004 556 27817
7017 899 44954
7054 673 33657
7054 914 45703
7012 1523 76167
7049 932 46634
7008 1198 59939
7021 457 22859
6835 56 2848
7018 664 33231
7054 477 23896
7054 851 42600
5090 56 2841
7051 76 3813
7012 682 34126
6787 234 11712
7014 751 37578
7014 1304 65210
7008 352 17612
6600 67 3385
7003 804 40232
7001 1140 57013
7017 84 4238
5437 181 9080
7012 98 4903
7018 784 39206
7012 1249 62472
7018 303 15185
7049 1993 99693
7003 1250 62530
7010 6 308
7006 126 6302
7026 397 19878
7017 1616 80806
7017 1037 51897
7026 844 42229
7055 204 10202
7020 669 33459
6220 52 2626
7003 104 5205
7010 1538 76926
7014 791 39551
7049 1993 99655
7023 187 9397
5783 22 1133
6362 5 264
7004 1708 85442
7017 1037 51870
7054 946 47330
7004 1103 55187
7003 1291 64571
7054 1618 80936
6689 128 6407
6540 34 1749
6811 149 7479
6606 81 4069
7054 1617 80874
7054 1628 81434
6952 21 1062
6906 34 1715
7048 184 9238
7004 1265 63275
7012 1146 57342
7055 302 15137
7010 1117 55864
7014 1280 64031
7093 6 349
7008 551 27566
7023 525 26265
5929 65 3294
7020 503 25157
7049 719 35959
7008 1193 59677
7049 1821 91098
6980 89 4483
7023 754 37710
7012 855 42787
7020 582 29107
7020 947 47380
7008 313 15697
5340 9 481
7026 499 25000
7020 835 41753
7049 883 44192
7012 227 11394
7004 1243 62166
7008 1209 60454
6443 9 472
6811 47 2357
7012 291 14589
7010 1031 51578
7023 754 37736
7049 1996 99808
5019 67 3368
7019 343 17187
6879 25 1281
6993 21 1079
7021 22 1147
6905 5 264
7001 684 34238
7016 392 19631
7021 303 15169
6615 178 8937
5979 139 6980
7016 150 7505
7008 1058 52928
7049 183 9176
7004 8 413
5363 16 843
7023 1797 89868
6917 58 2912
7010 359 17959
7012 860 43032
7001 903 45153
7004 266 13316
7003 131 6566
7004 402 20113
7008 1275 63785
7012 433 21682
7054 942 47127
7017 1012 50618
6640 171 8581
7021 418 20906
7014 371 18600
6611 132 6628
7010 614 30701
7055 356 17826
5386 108 5428
6007 15 784
7054 625 31299
7049 1723 86159
6874 54 2738
7049 1518 75938
7003 1452 72613
7054 761 38079
7016 317 15874
7054 653 32671
7016 310 15506
7004 1037 51881
7012 1567 78389
5540 16 850
7017 1545 77261
6427 15 800
7025 524 26210
7006 593 29692
7017 1401 70090
7001 929 46468
5136 52 2610
7006 125 6291
7020 907 45397
7013 7 398
7049 1987 99369
7014 1335 66784
7019 221 11060
7049 719 35994
7019 482 24142
7006 502 25122
7020 611 30598
7020 470 23514
7048 96 4808
5911 45 2272
7010 1463 73161
7017 1145 57264
7017 529 26480
7004 793 39655
6158 14 743
4999 28 1446
7018 394 19701
7003 1355 67800
7020 953 47691
7019 492 24647
7048 53 2669
7136 50 2536
7055 48 2422
6965 0 9
6789 140 7010
7019 276 13801
7017 1440 72030
7017 480 24039
7023 1048 52443
7023 1797 89868
7001 387 19393
7008 1080 54032
5940 23 1159
5104 13 661
7049 875 43772
7023 1222 61103
7020 1712 85645
7010 1118 55914
7003 385 19287
7003 64 3218
7023 375 18796
7011 152 7634
6893 40 2001
7012 150 7529
6461 58 2931
7394 8 446
7021 57 2877
7001 1074 53748
7023 384 19205
7013 147 7361
7017 170 8504
6871 144 7204
5588 197 9886
7049 1470 73548
7017 1616 80806
7016 400 20041
7017 1557 77851
7003 226 11348
7049 759 37986
7051 95 4794
7016 224 11222
7008 595 29781
7018 490 24506
7054 75 3794
6528 74 3750
7023 217 10883
7018 254 12735
7025 508 25402
6923 59 2988
7014 675 33773
6205 70 3518
7021 417 20851
6907 207 10393
4979 13 695
7017 508 25416
7011 152 7617
7003 1329 66471
7004 832 41613
6301 0 8
7014 1543 77160
6427 18 939
7054 1360 68050
7025 303 15193
7014 1102 55129
7004 1006 50326
4999 72 3613
7026 40 2033
7014 499 24958
5457 22 1133
7019 285 14279
6751 33 1663
7003 254 12715
6121 45 2251
7004 842 42140
7020 1028 51445
7023 1708 85448
7010 1405 70291
7497 80 4002
7012 291 14595
7004 8 404
7021 500 25023
7019 276 13837
7055 245 12265
7054 312 15625
7025 242 12120
7004 1006 50350
5106 78 3942
7055 706 35317
7020 612 30631
6589 159 7974
7012 1445 72290
7023 909 45492
7023 887 44387
7012 415 20784
7004 1611 80600
7012 1416 70845
7017 1210 60534
7014 541 27052
6687 122 6141
7012 1718 85923
7055 10 522
5441 16 849
6915 126 6345
6091 156 7821
6184 25 1276
6934 46 2315
7013 63 3178
7017 1557 77855
7049 572 28601
6748 176 8801
6785 148 7437
6835 92 4617
5106 122 6129
7054 526 26317
6280 131 6561
7020 1841 92084
7026 74 3722
7010 1158 57918
7026 500 25039
7019 57 2869
7023 984 49228
5449 71 3595
7022 56 2840
7012 1476 73819
7016 282 14133
7011 317 15899
6803 38 1907
7018 669 33469
7054 1607 80378
6457 52 2620
7003 1254 62717
7010 33 1692
6593 5 300
7008 999 49953
5466 2 115
7023 1890 94533
7006 240 12023
6951 38 1912
7004 1492 74612
7012 635 31793
7017 782 39127
6162 122 6119
6478 31 1564
7054 819 40986
7049 610 30502
7019 285 14295
7012 1476 73819
6478 27 1380
6591 149 7462
6205 76 3820
7019 59 2968
7001 1083 54152
7046 0 38
7004 1098 54917
7021 141 7054
7003 1086 54320
6769 93 4661
6947 30 1550
7014 1760 88011
7049 2020 101005
7012 1627 81399
5519 16 846
7023 120 6026
7004 681 34062
7004 1373 68681
6404 196 9819
6874 26 1302
7023 388 19427
7049 227 11400
7020 1896 94842
7014 207 10399
6343 149 7464
6683 155 7757
7049 845 42276
7054 1110 55541
7008 1193 59681
7054 1226 61312
7020 1209 60476
6955 21 1061
7012 406 20336
7008 844 42245
5782 134 6745
7020 235 11778
7006 108 5427
7017 203 10175
7014 1364 68225
7001 787 39377
6022 173 8666
5451 10 524
7023 605 30296
5363 10 503
6105 89 4478
7013 10 508
7542 33 1691
6748 174 8725
6446 86 4329
7466 103 5189
6905 9 479
7025 210 10531
6690 63 3195
7014 1597 79879
5933 167 8377
7020 212 10617
7006 399 19984
7026 806 40349
7023 699 34995
7017 1491 74563
7012 1408 70415
7146 47 2353
7048 5 262
7054 411 20578
7588 48 2446
7004 563 28186
7020 720 36033
7049 743 37163
7013 64 3229
6980 78 3913
7004 1287 64356
7003 792 39629
6605 169 8500
7023 38 1941
6921 9 475
7023 1020 51024
7019 36 1818
6786 70 3503
7049 418 20901
6600 70 3517
7560 79 3995
7020 612 30605
7001 877 43870
7026 715 35773
6591 105 5270
7012 1183 59194
5519 16 846
7003 1357 67852
7004 1526 76307
7003 1076 53824
7020 366 18314
7012 204 10236
7048 9 478
5501 8 430
7012 643 32168
7021 53 2687
7008 1415 70783
7001 994 49713
7017 1292 64608
7007 58 2905
7012 1291 64587
6563 115 5760
7004 469 23489
6905 3 166
5933 172 8620
7006 40 2007
6942 87 4357
7017 130 6527
7049 2004 100222
7001 990 49513
5604 16 838
7049 1821 91058
7049 875 43800
6475 20 1039
7001 669 33473
7001 442 22146
7004 563 28160
6919 46 2332
4986 9 469
5382 77 3895
6912 66 3306
6886 19 983
7023 858 42911
7023 875 43759
4999 84 4240
6786 71 3581
4999 131 6554
7001 681 34057
7006 489 24483
7001 416 20844
5912 13 665
7017 1042 52131
7008 1250 62537
7020 629 31455
6650 28 1405
7004 791 39570
7018 331 16556
7020 197 9882
7017 553 27688
7014 793 39672
7501 47 2353
6999 54 2713
7131 74 3744
6922 151 7563
7046 0 7
6969 88 4450
7026 523 26197
5005 161 8093
6748 171 8556
7025 340 17006
6667 18 901
7020 996 49812
7025 403 20168
5201 100 5030
5512 221 11088
7001 497 24880
6980 229 11493
6600 26 1317
7010 1166 58327
6406 130 6528
5005 60 3031
7049 773 38696
7022 166 8334
6030 21 1059
7026 444 22248
7017 1447 72391
4982 137 6861
7025 523 26195
7021 102 5148
7054 1512 75643
7021 57 2887
6884 19 958
6959 204 10225
7010 417 20875
7008 1415 70797
7055 761 38079
6284 73 3691
7018 264 13218
5179 141 7077
7003 716 35828
6195 33 1674
6827 64 3237
7006 445 22277
7012 319 15991
7054 1241 62071
7054 58 2915
6589 147 7391
7008 559 27960
7012 369 18489
7008 1436 71842
6589 124 6212
7017 1376 68835
6145 45 2265
7001 28 1432
6503 4 233
7006 249 12457
7004 412 20611
5029 161 8064
7008 716 35826
7018 337 16881
6871 144 7204
6562 109 5458
6370 73 3674
7004 990 49509
6111 1 97
6888 62 3125
7011 150 7526
7012 1084 54214
7023 237 11866
7026 869 43452
6993 6 342
7023 120 6022
6105 89 4478
7013 16 833
5501 0 39
7008 1213 60680
6359 66 3315
5526 24 1214
7014 1083 54159
6380 54 2703
7003 792 39602
7023 795 39784
7012 605 30275
7055 247 12379
7014 394 19711
7016 176 8844
6348 28 1441
7019 481 24099
7006 310 15531
5179 183 9169
7001 767 38389
7011 191 9597
7026 83 4182
6195 101 5093
7003 319 15967
7014 1536 76839
7021 715 35790
5565 29 1459
7016 143 7169
7007 130 6522
7014 793 39658
7001 972 48637
7010 1701 85069
7006 520 26038
7562 73 3673
7001 1042 52137
5099 44 2219
6382 150 7532
7018 664 33241
7016 198 9902
7004 1374 68716
7025 508 25402
7004 190 9516
5581 27 1352
7022 110 5540
7025 242 12110
7006 512 25631
7054 673 33680
7022 150 7538
7004 1547 77361
7003 1418 70946
7023 931 46564
7019 59 2967
7014 54 2736
6453 56 2832
7004 405 20259
7017 1376 68805
7026 822 41109
7008 269 13454
7020 808 40429
6835 18 912
7054 1628 81438
6768 121 6054
7004 521 26066
7019 387 19354
6562 41 2055
7010 759 37994
7018 288 14431
6563 127 6364
7008 1148 57425
6980 26 1332
6593 3 195
7054 185 9268
7003 385 19293
7021 367 18360
7017 455 22766
7739 7 354
7055 472 23620
7017 425 21262
7054 256 12844
7022 283 14182
7049 1490 74526
7004 673 33651
6605 150 7502
7008 282 14135
7001 131 6564
5182 19 993
7017 734 36749
7049 620 31037
6905 90 4518
7017 349 17469
7003 205 10274
7055 223 11155
7054 762 38104
7020 1802 90133
7003 557 27874
7006 19 984
7010 1289 64487
7048 204 10231
6785 162 8102
6195 43 2182
7020 1521 76066
7008 681 34069
7012 992 49627
7023 1601 80063
7049 1580 79019
7055 491 24554
6102 104 5210
5363 16 839
7019 76 3839
7014 1669 83465
7625 105 5272
5059 56 2846
7007 121 6098
6687 125 6277
7003 210 10526
7054 1121 56060
7012 1046 52311
6787 8 426
7012 874 43720
6377 11 575
7004 1708 85418
6885 65 3299
7010 486 24344
6303 190 9522
7004 1037 51883
7004 218 10938
5089 30 1532
7018 509 25471
7019 85 4300
6769 93 4659
7001 928 46424
7018 701 35068
7054 292 14616
7010 447 22379
6406 64 3209
5451 2 137
7008 1462 73134
7372 26 1324
7003 1609 80480
7054 1500 75021
7049 1776 88827
6205 102 5126
7008 1275 63752
7023 1570 78542
6689 158 7920
7049 1013 50688
6230 30 1542
6176 141 7072
7013 235 11771
7025 95 4800
7017 1295 64787
7006 422 21103
7004 46 2309
6698 44 2238
7001 929 46486
7055 55 2768
7023 588 29424
7026 707 35374
7049 809 40471
7026 450 22512
7001 1017 50880
7055 132 6623
7025 598 29905
7023 1020 51024
6783 16 822
7017 1389 69481
6684 19 958
7017 829 41493
7010 455 22794
6917 234 11723
7003 1613 80653
7020 906 45345
7018 504 25246
7001 479 23993
6811 141 7092
7711 5 258
7003 426 21349
7141 45 2292
7054 408 20410
5979 35 1766
7008 415 20790
7023 965 48279
7014 499 24976
7019 460 23038
7055 10 522
7018 227 11359
7013 63 3178
7014 1421 71083
6788 9 486
6462 19 953
5437 90 4542
6605 165 8288
7006 231 11592
7001 1054 52713
7010 619 30955
7001 556 27826
7053 49 2458
7001 865 43258
5519 18 901
7017 1436 71826
6343 144 7227
7003 721 36060
7014 240 12011
7017 1295 64787
7001 865 43260
7017 1492 74607
7051 75 3758
7001 56 2837
6942 8 447
7020 1625 81255
6366 26 1329
7018 288 14424
7007 75 3752
7001 1140 57001
6778 35 1770
7021 776 38826
6908 201 10098
7019 76 3812
7018 323 16193
6028 22 1142
7004 46 2309
5436 10 502
7019 144 7225
7020 1667 83381
6359 17 856
6343 143 7153
7017 330 16518
7017 5 264
6600 15 756
6140 39 1998
7008 282 14137
7004 681 34065
7012 598 29904
7021 328 16410
5124 50 2549
7018 426 21315
7049 171 8564
6748 175 8791
7014 774 38702
7010 1521 76064
7007 119 5995
7004 563 28161
7026 650 32517
7669 131 6586
7026 227 11381
7023 473 23672
7023 572 28606
7008 445 22300
7008 1201 60089
5979 139 6980
7008 245 12277
7049 431 21573
7014 793 39689
6980 112 5622
7054 58 2902
7003 993 49683
5029 159 7975
7017 1052 52610
7014 1116 55826
7020 1521 76069
7003 1629 81474
7004 1114 55732
5616 163 8181
7018 331 16585
7017 1360 68039
7051 4 219
7049 1447 72373
7020 1848 92431
7003 59 2967
7054 383 19173
6427 15 763
7049 563 28184
7006 49 2491
7020 669 33465
5411 104 5233
6811 47 2394
7012 433 21652
7436 176 8804
6478 47 2356
7013 123 6155
7025 477 23877
7018 959 47997
7008 471 23583
7017 746 37302
7017 529 26482
6683 115 5758
6999 41 2097
7049 504 25217
6475 19 974
7010 552 27612
7014 310 15515
7014 884 44246
7021 418 20906
7025 605 30255
7023 572 28626
5441 16 849
6092 191 9559
7023 876 43850
6893 110 5537
7055 394 19702
5441 18 909
7017 40 2005
7013 88 4436
6600 27 1381
7049 618 30902
7003 657 32864
4982 137 6861
7054 801 40089
6884 18 929
7049 1315 65793
7011 44 2245
7012 746 37344
6409 0 34
7054 576 28803
7004 1243 62173
7054 1793 89687
7049 1447 72380
7742 236 11813
7017 180 9008
6404 177 8864
7023 547 27352
7010 614 30728
7018 319 15984
7049 1195 59777
7003 1418 70911
6773 59 2958
7016 143 7186
7023 909 45451
6098 81 4097
7020 1727 86374
6934 215 10763
7003 59 2973
6356 74 3723
7025 429 21475
7055 720 36034
5495 19 981
6341 81 4052
7023 958 47912
7014 1724 86208
7013 51 2584
7008 313 15657
7012 201 10054
7326 47 2396
7001 148 7429
7004 1294 64733
7017 936 46820
6859 36 1827
6942 0 18
7010 1535 76776
7014 1211 60578
7023 1323 66167
7004 8 435
7053 6 342
6623 72 3643
7003 1509 75465
7135 14 703
7020 687 34379
6620 83 4161
6956 91 4580
7010 149 7475
4992 113 5696
7026 641 32052
6664 158 7925
7026 450 22509
7016 176 8812
7018 604 30240
7018 114 5709
7054 1160 58005
7023 1891 94597
6312 96 4827
7010 888 44450
5521 7 395
7003 1029 51490
7049 1518 75924
7442 215 10791
7008 1351 67558
7017 703 35171
7008 292 14636
7006 53 2692
7012 1630 81526
6606 93 4658
7003 185 9265
6280 100 5016
7049 1175 58767
7054 408 20437
7004 1666 83332
7003 1086 54320
6905 87 4362
6853 147 7395
7003 8 434
7008 1012 50623
7023 1048 52435
6404 196 9819
7055 338 16901
7054 576 28831
7055 13 678
7003 844 42249
7021 262 13111
5985 189 9476
7054 749 37464
7020 839 41998
7107 12 635
7012 1363 68200
7565 4 234
6166 18 929
7018 114 5708
7010 1188 59445
7014 1116 55814
7018 862 43121
5905 38 1929
5364 136 6812
7020 671 33574
6942 74 3712
7010 670 33522
7014 774 38720
6853 99 4982
7054 576 28845
7054 1146 57329
7026 412 20642
7020 566 28319
5382 20 1007
6800 213 10656
7055 196 9816
7026 175 8792
7026 499 25000
7001 491 24597
6573 64 3214
7026 475 23768
7026 314 15730
7017 746 37326
7020 1576 78846
7054 571 28568
7049 1791 89563
7008 1012 50612
7026 755 37757
7054 1311 65569
7019 285 14260
7054 373 18680
7010 1247 62388
7049 676 33839
6406 192 9632
7019 276 13843
7054 1241 62060
7054 96 4803
7003 388 19430
7004 1698 84906
7010 589 29495
7010 443 22171
7051 33 1676
6998 64 3206
7049 933 46700
7008 292 14606
7025 137 6899
7084 15 765
7012 561 28080
7023 1444 72209
7018 414 20715
7023 120 6006
7021 838 41907
7528 226 11336
7020 301 15072
7019 477 23868
7014 1167 58394
7004 578 28937
5155 100 5029
7008 1401 70099
6425 70 3516
7017 1389 69455
7001 1189 59464
7017 41 2061
7049 883 44189
5233 133 6670
7004 593 29689
5581 27 1352
7054 1036 51832
6375 110 5526
7014 1211 60570
6974 66 3339
7018 627 31365
6785 149 7463
7020 1593 79663
7049 888 44405
7054 1515 75758
7021 580 29012
7023 1544 77212
7017 1492 74604
7054 893 44688
7051 4 219
7022 105 5282
6942 83 4194
7003 1027 51394
7023 571 28576
7003 1657 82864
7014 610 30514
7016 71 3578
7021 26 1346
7004 1294 64733
7008 1351 67573
6007 39 1965
6978 173 8664
6230 28 1432
7001 786 39311
6572 164 8221
7023 1544 77248
7054 485 24254
7012 769 38493
6303 72 3626
7021 7 384
7016 198 9913
7001 877 43870
7049 1776 88843
7025 66 3302
7004 1098 54917
7049 246 12321
7021 14 704
7014 988 49419
5588 197 9886
7012 1014 50709
7018 555 27752
6788 33 1669
7012 507 25386
7049 921 46067
7018 18 913
7054 1744 87215
7016 58 2906
7054 653 32671
7055 590 29532
7003 319 15956
7003 1287 64364
7010 1677 83862
6917 237 11897
7025 481 24068
5891 9 461
7049 417 20861
6942 87 4377
7008 247 12353
7020 952 47632
6768 87 4374
6007 139 6972
6341 81 4052
5133 3 187
7055 132 6618
5179 36 1814
7049 1175 58766
7049 1352 67649
7025 594 29732
6916 203 10185
6874 54 2738
7014 980 49021
7018 509 25474
4992 54 2709
5418 40 2039
7054 819 40986
7017 1616 80835
7014 1431 71565
7014 1099 54954
7001 442 22143
7001 1008 50427
7020 797 39883
7018 152 7645
7004 372 18633
7010 630 31525
5212 9 475
7017 1012 50618
5894 11 571
7014 1265 63275
7010 1217 60869
7049 1159 57958
6907 59 2989
6147 28 1410
7008 265 13257
7013 153 7688
7019 36 1831
7023 1184 59226
7017 16 814
7026 806 40349
6507 134 6709
6176 93 4662
7054 18 925
7012 862 43148
7014 1167 58372
7004 1374 68730
7003 1272 63627
7006 0 47
7054 1651 82565
7019 254 12701
7010 443 22171
7010 1467 73358
6107 3 158
7054 893 44690
6827 61 3100
7048 53 2696
7049 845 42293
5226 52 2617
7010 1476 73831
6091 148 7429
7020 93 4661
7018 669 33470
7014 791 39593
5382 74 3738
7020 8 418
7006 293 14671
7054 227 11365
7718 24 1239
7014 128 6421
7023 384 19223
6589 141 7076
6978 176 8830
7018 229 11456
7008 309 15458
7011 148 7417
7049 246 12350
7053 49 2469
7006 108 5436
6916 202 10137
7016 218 10936
7010 410 20502
7023 681 34082
7019 36 1818
7017 1566 78326
7010 1654 82707
7025 217 10857
7025 340 17011
7003 131 6587
7008 1375 68763
7017 41 2055
7054 1566 78326
7008 21 1063
7003 298 14936
7023 422 21142
7019 276 13842
7049 719 35983
7053 41 2076
7022 61 3068
7003 557 27890
7014 1611 80576
7023 1817 90874
7014 499 24993
6285 104 5201
7010 1094 54735
7008 1 82
7003 1010 50520
7051 57 2873
7012 1181 59064
7012 566 28334
7025 66 3318
7003 48 2435
7017 703 35171
6921 8 436
7010 1166 58309
7014 774 38720
7020 582 29104
7008 586 29343
7021 123 6180
6912 66 3306
7049 563 28192
7017 1612 80613
7562 86 4302
5419 73 3670
7026 112 5648
7739 5 299
7004 1429 71470
7054 1847 92383
7014 524 26245
6883 26 1306
7054 1566 78309
7054 1122 56133
6323 104 5208
7020 808 40419
7010 69 3495
6905 25 1278
7017 1406 70349
6979 133 6677
7021 227 11389
7017 330 16524
6830 218 10942
6606 87 4364
