11820 98 4932
11807 32 1620
13510 8 407
11565 195 9796
11786 172 8650
13487 85 4271
13647 15 787
11815 129 6494
11601 97 4880
8894 105 5263
13617 111 5564
12020 18 930
9063 39 1951
11169 9 471
11885 106 5316
11990 6 320
10382 29 1460
11973 29 1459
9527 256 12830
9650 319 15958
9668 154 7741
10747 59 2965
8927 71 3562
11833 79 3973
12066 123 6176
13621 77 3870
9061 147 7387
12009 14 737
13536 119 5960
13469 81 4086
12004 268 13447
12110 188 9411
11570 30 1523
10897 122 6138
11087 6 301
10680 120 6025
8927 78 3942
11505 14 724
9410 86 4307
9564 375 18796
12482 123 6165
9637 281 14060
9348 97 4882
10831 102 5142
10741 257 12855
11858 35 1751
9579 283 14193
10570 15 772
10721 263 13191
11726 295 14778
8964 140 7044
11926 127 6357
10505 111 5574
10897 67 3366
9064 18 913
9249 254 12714
13629 194 9711
9494 318 15940
8770 104 5210
9480 69 3482
12482 66 3350
11154 30 1544
9068 310 15533
10568 22 1109
12529 92 4615
11201 20 1004
13623 74 3701
11186 152 7607
10834 302 15121
9226 98 4949
13637 13 698
8715 42 2137
9649 2 133
10597 60 3030
9757 43 2200
11565 281 14074
10843 95 4792
9377 159 7994
11614 96 4803
10521 22 1148
12442 65 3290
12139 30 1541
11960 30 1544
9618 268 13443
11551 11 578
11171 29 1453
9416 59 2995
11064 206 10340
13618 94 4722
13665 19 988
9292 23 1179
8562 91 4590
11869 167 8375
11591 91 4586
9640 127 6397
9297 243 12151
13671 77 3867
10520 216 10812
12545 120 6039
12025 35 1757
8794 91 4556
10569 224 11212
10725 302 15114
10610 70 3546
9602 35 1800
10938 148 7442
11644 140 7023
11970 92 4614
8707 96 4814
11644 79 3977
10665 95 4761
12083 308 15415
12497 165 8272
10521 289 14462
11090 179 8990
8817 13 675
12504 178 8915
11169 215 10753
8537 262 13132
11494 220 11006
8907 36 1802
12485 37 1880
10623 70 3541
8806 94 4716
12454 29 1461
10906 227 11357
8454 22 1105
13568 67 3387
9344 115 5794
12442 71 3591
10508 10 536
9348 21 1063
9340 136 6835
12418 62 3111
8994 180 9043
11781 9 469
8786 24 1249
13668 55 2796
11630 119 5952
12422 188 9413
8589 193 9676
9366 191 9577
9669 274 13716
10805 118 5926
10729 53 2669
9560 61 3061
11973 166 8311
9348 85 4280
13491 58 2941
8467 145 7254
11665 122 6132
9765 82 4144
9292 16 835
9603 525 26276
8943 63 3152
12021 14 737
9521 14 722
11881 90 4534
10381 6 314
9096 117 5870
12497 193 9699
12073 199 9963
11204 22 1117
9683 35 1779
10489 42 2147
10537 47 2375
9570 86 4326
10634 316 15833
11087 44 2247
11693 69 3466
10884 27 1386
12545 78 3902
11881 110 5504
10833 158 7950
9492 230 11539
11519 44 2243
8935 288 14416
11204 17 885
10713 4 245
11134 134 6704
11936 10 504
11604 105 5293
9564 521 26086
11215 72 3624
9710 193 9651
11963 143 7184
8709 67 3391
9063 282 14147
11628 121 6080
9717 230 11547
11664 108 5412
11786 319 15960
8894 86 4310
13642 55 2791
9068 317 15884
11064 176 8805
10885 2 104
9560 142 7105
10362 41 2088
12365 36 1813
10966 15 752
10901 17 862
12145 43 2182
11926 58 2925
11715 107 5379
11940 16 803
11296 41 2070
10735 108 5414
8548 32 1634
11866 94 4718
9717 230 11547
10857 148 7435
12401 22 1112
11947 41 2092
10490 137 6889
10486 55 2762
9473 75 3798
12364 19 955
11514 9 492
9232 5 296
13674 226 11342
13517 5 273
8735 118 5906
12514 47 2363
9001 5 259
9310 26 1317
9437 147 7396
10741 247 12383
10922 86 4317
8682 14 716
9194 97 4862
8701 2 147
9546 249 12466
12505 135 6771
12551 5 277
8751 33 1658
11709 4 221
11737 188 9443
10442 239 11953
9348 100 5019
8709 18 934
13552 31 1567
9238 53 2663
12480 31 1576
10489 24 1243
9486 164 8240
9507 118 5904
10831 101 5086
9340 66 3306
13528 82 4118
11934 231 11580
11604 130 6532
10382 30 1505
11815 87 4370
11283 45 2264
8748 112 5617
10379 158 7921
8460 30 1520
10439 176 8841
12040 58 2941
12045 164 8250
9586 406 20330
9479 214 10737
10727 184 9246
11906 204 10241
12495 103 5163
9026 55 2759
11150 44 2213
8787 39 1952
10634 244 12218
11213 16 803
9511 443 22197
10355 307 15394
9437 295 14781
11763 102 5119
13623 74 3701
13616 305 15279
8697 140 7022
13477 155 7775
8646 33 1659
9243 77 3900
9336 8 447
11604 105 5282
10874 37 1884
9240 51 2592
9470 181 9095
8473 28 1412
10473 55 2774
9472 131 6592
13660 81 4072
11080 181 9056
8764 64 3205
10505 75 3753
10618 42 2136
8897 152 7642
12379 60 3031
13530 2 125
11913 130 6517
10439 137 6895
10562 215 10759
11762 175 8789
11296 8 435
9523 643 32166
9618 81 4079
8971 128 6413
8771 8 440
12137 82 4120
9340 138 6914
8708 135 6784
9653 336 16803
9340 64 3211
9444 184 9208
11540 58 2908
9065 2 137
9331 17 871
8538 46 2347
9516 510 25548
9563 508 25450
12039 372 18626
10757 133 6682
11278 322 16146
11591 48 2446
10929 45 2288
12006 12 626
11203 32 1640
12368 6 320
8528 32 1635
12380 186 9345
11776 58 2910
11492 28 1429
10680 72 3647
11203 52 2632
12011 19 990
10530 15 782
10800 221 11065
12382 159 7986
11591 91 4586
13645 0 8
12369 9 465
13638 93 4666
9194 93 4695
12506 132 6604
9065 120 6034
10743 167 8363
9437 292 14634
9348 1 53
9215 256 12806
11150 146 7315
9679 135 6767
11186 26 1336
9108 10 526
10641 8 434
11283 106 5332
9238 31 1566
9437 330 16533
10307 152 7626
9461 198 9947
8711 6 343
8702 107 5355
9545 108 5444
9517 53 2679
12382 19 960
10654 340 17048
11848 210 10519
9366 298 14939
10897 164 8217
11171 68 3410
10905 107 5356
13691 74 3750
9601 89 4493
10857 148 7403
11845 169 8464
13660 27 1384
10538 216 10841
10857 196 9837
8794 53 2678
12143 13 655
8490 23 1196
9440 225 11279
8538 46 2347
11149 310 15548
12418 38 1935
13475 24 1231
12495 90 4550
11644 25 1273
11984 100 5021
10724 181 9079
8975 200 10008
13647 28 1402
10545 128 6408
8700 171 8571
10665 80 4020
11759 39 1985
11959 67 3370
12495 78 3914
13629 177 8884
9348 164 8213
8702 217 10873
9336 8 447
9534 113 5657
13689 117 5884
12418 9 457
13517 5 276
12143 36 1807
8562 50 2522
9519 235 11779
11952 8 422
9507 33 1655
8991 6 344
11961 35 1787
11780 115 5763
13568 104 5203
9656 183 9184
10781 88 4421
12560 40 2049
13648 107 5365
11086 203 10159
10818 40 2019
8841 5 257
11681 119 5988
11707 18 943
11763 151 7554
11907 220 11044
8799 177 8863
10743 136 6841
9535 568 28402
10743 134 6729
11550 173 8668
8860 48 2406
9563 451 22576
9215 258 12929
11769 96 4844
10857 196 9811
11846 72 3648
8666 48 2444
8926 14 702
10928 143 7170
13616 242 12136
9345 47 2355
10741 4 240
11872 55 2788
8918 51 2575
11494 201 10052
10610 69 3470
12482 8 450
10648 145 7289
11852 15 791
9065 26 1325
9564 409 20473
8857 59 2955
9470 147 7360
8888 114 5710
10483 112 5604
11913 125 6290
12108 41 2082
13517 5 276
11747 18 912
10713 0 3
12382 231 11594
11842 51 2582
13661 111 5562
12071 240 12013
8791 1 56
11833 131 6586
11512 32 1629
10583 50 2529
8796 142 7137
10906 179 8978
9562 236 11808
10355 132 6619
9603 273 13655
12095 110 5528
9473 61 3058
8931 132 6613
11726 170 8534
12002 141 7082
8994 177 8891
8905 191 9577
13642 52 2623
12137 27 1377
8700 219 10996
11945 132 6648
10580 98 4915
8954 73 3678
9434 315 15760
11984 75 3751
10442 241 12065
13477 60 3043
13638 182 9121
9226 81 4070
10570 14 738
13503 172 8626
11025 111 5589
11836 16 845
8758 2 125
13616 337 16885
8549 151 7562
12374 186 9314
8648 153 7674
9207 54 2723
8905 114 5710
10523 295 14792
13678 207 10366
9479 194 9703
11512 28 1444
9590 116 5815
13547 41 2086
9601 97 4894
10599 137 6868
12454 258 12914
13491 7 399
8893 57 2878
8786 22 1123
11973 30 1521
11724 245 12297
12127 0 46
11866 94 4746
11531 116 5847
8626 44 2210
11840 10 542
12369 6 334
11742 247 12364
8538 111 5594
12449 73 3698
8943 53 2697
11756 118 5919
8471 30 1515
10592 93 4696
9297 249 12459
11619 142 7127
10625 336 16810
9226 301 15062
10969 21 1090
9063 27 1383
11543 103 5177
9341 252 12608
12539 207 10382
12111 66 3349
13678 137 6867
9379 44 2216
8587 6 320
11842 51 2591
10843 77 3869
11973 2 129
11707 18 938
8995 54 2706
10921 229 11477
9348 88 4411
11134 134 6704
9188 128 6440
10700 285 14283
13480 50 2536
10478 23 1179
8709 121 6056
11656 41 2054
11727 336 16809
8436 48 2450
10432 7 365
9208 203 10161
11112 132 6642
12004 123 6187
11698 82 4124
9065 113 5691
8860 14 707
11713 133 6699
13580 24 1225
12137 19 1000
9445 211 10558
11543 10 501
11574 9 484
11094 120 6014
9601 415 20764
11604 30 1506
8446 189 9497
12566 0 3
10485 7 362
13484 91 4556
10645 66 3346
11779 189 9497
9741 7 388
9586 325 16276
9500 587 29365
10490 191 9581
10744 107 5381
11187 131 6599
10961 11 555
11559 45 2280
9370 75 3778
10692 50 2504
13484 89 4468
11763 156 7815
12145 174 8725
13691 131 6565
10580 185 9286
12137 16 804
8799 77 3863
12139 130 6537
9069 56 2807
12034 109 5466
8906 88 4419
9515 307 15370
11512 119 5980
9669 301 15074
8905 213 10678
9002 293 14669
10959 59 2969
13471 18 930
10803 53 2671
9297 334 16716
9590 70 3531
8782 28 1436
11557 93 4657
10897 120 6011
10688 280 14011
11045 128 6409
12091 207 10388
11211 28 1409
9379 48 2409
11614 96 4833
8817 13 675
9592 134 6715
10719 150 7536
9602 648 32427
9538 361 18063
13461 12 636
11535 83 4171
12442 12 615
9326 32 1603
8666 122 6108
10755 48 2431
9482 229 11474
12006 12 605
8529 217 10895
13468 16 820
12426 85 4259
9049 134 6737
12083 443 22175
11852 55 2760
8648 153 7674
9310 22 1120
9079 42 2124
9479 92 4649
11869 135 6773
9669 274 13737
9068 283 14189
8720 47 2389
11813 148 7447
10598 7 374
11970 29 1459
12374 126 6306
11766 110 5541
11756 149 7474
10998 12 610
10771 194 9737
8585 24 1234
11879 323 16191
11675 175 8775
8908 81 4095
9205 200 10009
11574 55 2772
10580 206 10343
11759 236 11841
9500 583 29154
10608 14 708
8445 265 13277
9615 196 9817
11742 289 14467
9608 105 5255
10822 24 1215
8666 304 15201
10696 80 4005
11724 245 12283
9556 24 1237
12066 194 9709
11096 30 1535
11027 266 13303
8590 69 3465
11960 32 1622
12137 19 975
11614 10 547
11728 225 11277
12552 30 1511
11861 7 386
11605 32 1621
11829 106 5325
13675 5 287
9516 510 25548
11278 98 4948
12533 73 3674
12021 22 1137
10688 225 11292
11854 59 2977
9009 202 10149
11095 159 7979
11494 50 2544
11069 63 3162
9559 81 4068
11707 177 8867
11924 37 1876
9037 183 9158
10756 87 4360
9437 301 15075
8738 254 12730
8562 91 4590
12108 66 3348
11895 211 10590
9512 461 23069
13467 94 4740
8688 101 5056
12506 132 6604
9473 76 3810
8903 37 1889
9675 111 5583
11929 108 5437
10910 70 3511
13580 191 9565
11927 127 6372
11989 87 4389
11519 233 11664
13617 40 2014
11845 177 8863
13467 198 9926
11559 45 2252
11893 51 2597
10611 125 6262
11574 194 9716
9515 511 25600
11619 104 5250
13454 37 1886
12025 35 1757
11753 57 2892
10593 193 9690
8465 167 8369
13467 177 8889
11508 116 5814
13527 15 783
13583 159 7955
9639 238 11916
11639 18 946
11678 0 21
9494 39 1956
11150 51 2575
9511 147 7378
10940 32 1610
10562 214 10715
11071 43 2155
11589 198 9902
9207 56 2833
8704 0 6
11198 78 3930
10520 118 5913
12045 164 8250
12042 62 3110
11727 105 5252
12446 70 3539
12016 435 21784
12480 31 1600
9536 31 1563
9030 133 6655
11116 104 5248
8934 140 7007
11963 321 16063
11537 126 6344
9653 344 17201
10822 5 255
9529 220 11017
10884 224 11219
9377 139 6960
12137 132 6611
12418 54 2741
9065 121 6074
9511 516 25831
8706 80 4038
9240 57 2895
8626 93 4655
11786 255 12794
11816 176 8829
11929 141 7053
9068 239 11960
10757 135 6769
12454 19 954
10940 32 1610
12066 25 1293
8677 48 2416
9653 272 13646
12514 69 3463
12442 98 4944
9464 75 3773
11998 368 18430
10864 8 417
10578 151 7585
9024 135 6753
8469 37 1878
10484 122 6123
8445 266 13315
9525 38 1935
10929 44 2222
9440 224 11218
13460 48 2402
11494 50 2541
9538 53 2674
9651 340 17049
11726 252 12645
10533 126 6332
12111 107 5383
9561 68 3410
11867 134 6705
11974 114 5739
10505 75 3753
11531 189 9483
11893 51 2560
11537 49 2456
10523 20 1032
13466 167 8397
11494 99 4962
11813 159 7998
8769 83 4154
9024 69 3459
12091 205 10285
10906 110 5537
13621 77 3900
10490 228 11443
13453 29 1475
10784 73 3660
11271 15 758
13468 18 913
9567 277 13865
11930 321 16067
10956 20 1004
12561 226 11313
12077 0 50
9065 116 5821
10591 32 1601
11990 29 1488
9684 62 3150
13678 113 5696
11604 202 10125
10533 108 5450
11134 39 1959
12432 25 1265
9030 60 3013
13692 24 1209
9366 338 16905
9545 56 2842
9669 304 15212
8922 2 136
10648 24 1221
9546 66 3314
8427 61 3051
11529 216 10833
11726 117 5864
9290 135 6786
13614 132 6637
12364 19 980
11832 133 6663
11776 14 747
8446 214 10749
10716 32 1618
11149 57 2875
10447 20 1024
10693 258 12913
11119 262 13113
11095 55 2767
10994 22 1119
8646 32 1624
8917 318 15945
11644 3 166
10445 223 11161
9447 78 3921
8446 93 4687
9289 358 17925
12377 9 494
11604 75 3758
12011 6 304
12495 229 11479
12431 18 924
10672 97 4862
11169 19 985
12054 100 5032
11879 293 14655
9425 28 1418
11820 98 4948
11971 21 1080
12516 43 2190
10711 27 1394
11094 60 3003
9653 335 16773
12429 2 114
11970 29 1459
9653 344 17201
8836 70 3511
12054 148 7404
12137 19 980
12380 69 3489
10966 15 776
8802 7 370
12041 135 6751
8459 21 1089
9656 183 9192
9656 183 9192
10371 3 159
11867 108 5435
12502 33 1662
9030 132 6613
9470 289 14460
10772 338 16940
12441 227 11380
9726 126 6313
11867 108 5413
9519 245 12289
10593 193 9663
9245 347 17376
9575 8 431
9617 126 6347
12080 150 7531
8711 75 3787
10441 85 4264
10563 185 9285
12056 160 8037
11604 105 5268
12052 50 2545
9636 3 160
11029 38 1942
11270 47 2379
10622 9 459
10724 181 9056
13583 92 4617
11618 124 6223
10756 95 4755
9311 131 6565
10897 50 2511
13645 0 5
9395 200 10009
8794 184 9249
9427 166 8346
11696 50 2550
13587 48 2415
9085 51 2574
10952 319 15958
8905 191 9593
12561 50 2516
9232 5 256
9560 59 2965
11913 291 14586
12025 328 16428
11886 56 2803
9610 28 1425
11173 14 732
10693 231 11586
11619 176 8804
13617 111 5588
8918 51 2597
11506 21 1063
12071 37 1887
8860 70 3502
9538 453 22685
12054 148 7420
10493 111 5561
9617 124 6213
10563 185 9263
9432 14 727
8903 38 1915
9536 8 429
11830 136 6826
12000 13 682
8795 33 1699
10822 5 255
10624 185 9264
9603 562 28101
13520 38 1931
13479 97 4899
10689 64 3217
10660 209 10475
9499 421 21095
8751 32 1627
12497 41 2060
12071 37 1887
12075 267 13376
12110 207 10357
9470 237 11868
11630 181 9069
11971 51 2569
13542 47 2397
8769 361 18065
10599 129 6483
10725 29 1492
8529 197 9899
9620 279 13967
9713 56 2833
8578 16 849
12052 46 2301
9297 333 16677
11631 280 14016
13680 44 2225
13619 111 5579
12533 73 3674
9001 89 4458
13662 155 7796
10623 69 3451
9512 456 22810
11094 167 8364
12505 94 4742
13465 89 4495
13552 49 2485
11931 33 1653
10864 82 4110
11172 97 4866
10520 186 9305
8836 70 3511
11168 58 2904
11721 118 5947
11766 113 5669
10725 123 6184
9386 43 2159
11976 234 11723
11546 154 7730
8751 35 1788
9090 61 3056
9466 42 2143
10478 59 2955
8467 145 7259
12380 186 9346
12379 75 3760
8538 9 494
8770 108 5434
11846 53 2678
12441 166 8345
9560 61 3076
8460 260 13005
9653 341 17065
9344 252 12604
10882 5 299
11094 59 2994
12039 33 1662
9698 85 4264
9188 130 6505
8941 50 2507
13630 42 2101
13467 177 8889
8802 6 332
8578 17 852
11672 77 3891
9562 181 9092
9188 91 4591
10584 296 14805
9564 517 25895
8666 48 2447
10824 140 7045
11551 31 1595
8465 275 13789
10959 59 2969
11182 47 2374
11887 59 2994
10657 217 10889
9395 283 14182
10712 124 6219
11512 28 1420
12533 53 2658
9240 60 3046
11848 19 996
11678 333 16658
12041 17 872
8794 183 9159
13479 35 1797
8538 286 14317
9615 196 9817
11039 130 6550
8977 4 220
10906 181 9055
11756 213 10675
11881 51 2572
9546 247 12382
9232 7 386
10590 68 3431
13478 155 7783
12560 40 2021
13687 152 7626
9379 142 7137
8908 16 801
9500 587 29365
10567 265 13255
13461 11 587
9689 313 15651
10667 39 1994
12506 40 2019
12039 278 13943
8650 48 2424
13542 47 2397
11557 54 2723
13480 50 2542
13638 93 4655
9191 301 15099
11713 160 8016
10689 63 3184
9438 3 187
10760 208 10406
10830 251 12561
10784 97 4869
8894 36 1829
12493 69 3464
9464 123 6186
13688 92 4637
11713 175 8757
9529 583 29180
12566 10 522
11589 198 9944
10796 102 5121
13477 13 691
11833 256 12802
13540 35 1795
11728 131 6600
12040 98 4935
13676 3 194
10307 79 3968
9454 113 5665
11991 69 3464
11925 18 927
11186 217 10875
13671 139 6965
9586 326 16341
13587 48 2431
11243 64 3233
11720 55 2759
10441 322 16107
12422 78 3923
8857 152 7631
10529 17 853
8650 2 105
12485 73 3665
8697 218 10929
9560 55 2768
13527 3 169
10520 345 17266
10444 34 1729
11495 39 1955
10562 215 10764
12086 9 499
12066 25 1293
12061 124 6206
8431 17 882
8690 57 2868
11927 160 8017
12057 60 3039
9199 8 425
11614 142 7137
11829 66 3349
10520 118 5921
11081 11 566
11557 93 4654
11108 39 1967
10735 257 12868
9668 117 5883
10725 170 8535
11665 80 4035
9527 255 12763
10952 256 12828
9199 7 385
12137 82 4124
13529 10 519
13558 13 662
9080 137 6864
9639 240 12037
10693 130 6529
10972 18 914
11791 80 4001
11872 199 9998
11134 72 3614
11041 16 825
8861 9 497
13624 37 1877
10784 97 4854
12139 136 6820
10725 321 16089
12103 2 145
9467 246 12334
8746 202 10118
11976 145 7272
8446 91 4569
9619 80 4014
13638 154 7740
8547 239 11975
11606 313 15663
12040 2 140
13616 326 16342
9072 74 3703
8746 29 1483
9440 226 11321
10432 301 15087
12454 288 14423
9188 72 3634
9561 66 3313
11545 177 8871
11973 0 50
10567 79 3974
11186 286 14347
11998 405 20254
12557 63 3187
9620 306 15306
8796 141 7075
13593 51 2572
11198 21 1093
9704 75 3789
11611 9 466
9080 136 6834
11601 4 201
8460 24 1247
11041 54 2713
9311 129 6465
10803 49 2498
13505 25 1268
10725 123 6197
9281 163 8182
11766 175 8773
10931 322 16105
11068 50 2534
10563 185 9279
9249 171 8599
9434 189 9465
11128 8 413
12025 321 16054
8650 3 153
13536 96 4811
11879 44 2220
9215 99 4982
10693 238 11904
12462 0 14
12068 135 6771
11776 78 3940
13671 159 7959
10595 42 2109
10788 16 806
8690 117 5852
9033 52 2630
10508 9 478
12514 62 3102
11756 187 9379
11169 225 11267
11931 33 1653
12442 98 4938
10994 21 1093
8936 78 3946
12032 19 986
9404 40 2028
13674 134 6743
11714 11 576
13536 98 4936
12545 132 6634
9542 149 7470
8693 13 673
9113 10 522
11695 7 400
10831 101 5086
13617 100 5017
11088 41 2094
10688 94 4736
13652 24 1242
9069 37 1879
13675 81 4064
10972 17 893
11726 304 15204
12543 297 14870
13568 26 1323
13478 58 2938
11845 175 8755
8908 81 4095
9239 202 10134
12482 31 1560
8906 96 4816
8590 280 14014
9033 22 1143
8719 268 13426
10884 225 11283
11815 221 11095
13693 33 1663
11198 290 14547
9049 16 834
11494 131 6568
11680 113 5672
11969 63 3173
10687 164 8240
8796 122 6104
12418 59 2956
12002 141 7059
9511 623 31171
12039 120 6042
10929 45 2258
9030 60 3033
11728 94 4704
11854 75 3789
9704 202 10104
13503 159 7974
8905 114 5701
12083 154 7702
13629 64 3209
11707 66 3320
13662 149 7484
11984 100 5021
8435 70 3517
9464 129 6491
9297 187 9359
12073 28 1413
10442 239 11953
11693 34 1722
8700 35 1762
11604 75 3787
12380 10 550
8668 64 3243
8995 90 4504
12066 314 15738
9331 14 723
8886 17 870
11080 139 6971
12057 37 1863
10716 323 16172
9336 278 13913
8971 60 3043
13454 37 1889
13644 30 1516
9346 4 213
11168 40 2007
11648 167 8382
11913 65 3292
11551 9 472
12454 146 7338
11030 59 2964
13475 69 3453
13662 16 819
10952 9 468
13561 53 2664
13652 4 250
9292 22 1106
11184 74 3735
11271 18 933
11094 42 2150
11685 117 5864
11922 239 11989
9069 56 2847
9704 200 10041
11095 272 13626
9586 327 16387
9628 21 1099
10771 40 2028
11545 177 8871
13587 48 2422
8757 11 592
10989 34 1733
11674 6 316
12545 132 6644
10578 238 11915
10938 149 7497
11720 6 334
12485 76 3822
12366 86 4305
12480 122 6107
9519 120 6019
10828 4 226
11969 126 6338
13647 15 799
11134 16 833
10563 60 3002
11984 75 3782
8894 146 7328
8648 274 13739
10389 33 1671
12025 144 7227
10747 144 7245
10959 62 3136
12091 47 2394
8666 335 16794
9461 45 2275
10441 83 4153
13480 50 2542
9444 191 9587
10771 195 9758
8465 168 8438
11868 98 4943
10574 65 3296
9422 13 665
9668 117 5855
10688 276 13804
8975 62 3134
11116 122 6138
8855 37 1862
10520 305 15251
10894 104 5222
9289 63 3196
10711 27 1371
8687 271 13585
9324 66 3330
11848 127 6357
11865 21 1086
10781 86 4323
13674 226 11313
12036 39 1970
12000 85 4276
10660 163 8151
12565 397 19859
11083 23 1189
11719 16 825
10680 117 5868
13583 54 2750
11786 98 4936
10595 42 2109
12497 165 8264
9439 105 5299
11500 7 362
13638 152 7637
10841 87 4392
12482 171 8588
9669 307 15392
10625 176 8814
10644 30 1511
11283 63 3173
9617 125 6294
10590 105 5280
12137 82 4124
9002 289 14455
9535 305 15285
13583 89 4476
12442 71 3591
8894 145 7284
8908 16 801
12005 56 2839
11769 44 2222
13467 28 1441
11728 242 12149
9567 97 4872
12020 32 1621
10584 99 4969
9637 281 14052
9567 264 13228
11630 74 3736
9603 324 16247
10735 260 13021
9096 109 5453
12026 18 920
12529 92 4645
11815 267 13390
13687 152 7614
8538 111 5581
9324 66 3317
11520 115 5758
12013 0 32
11675 116 5839
10386 30 1501
8920 37 1871
8688 104 5225
12137 82 4124
11815 175 8783
11029 36 1807
11971 2 107
12441 386 19323
10884 281 14064
10436 11 569
10884 30 1502
8762 286 14318
9348 201 10071
10665 54 2735
11976 208 10440
9668 117 5872
9427 167 8372
9675 62 3149
11187 189 9453
11644 65 3291
11631 280 14016
12480 74 3731
12485 76 3841
8538 5 261
9562 179 8982
8719 264 13250
8445 263 13168
9385 205 10291
11963 106 5313
12070 350 17528
8897 153 7678
11895 246 12304
9677 60 3045
11071 280 14037
8876 96 4841
9672 6 331
12374 5 265
8538 9 494
9546 66 3316
11904 71 3570
8648 151 7567
13661 43 2164
11984 82 4142
8915 73 3651
9730 59 2988
9669 52 2633
9374 42 2146
12451 34 1710
11762 253 12688
12111 100 5037
11969 63 3191
10713 7 378
11991 184 9213
11821 103 5161
12442 121 6065
11887 59 2993
11197 98 4916
9499 485 24277
8468 23 1161
9694 163 8190
9602 31 1558
9434 100 5043
9472 51 2573
10449 221 11100
12514 68 3405
13660 98 4940
12068 130 6548
9432 3 176
9562 181 9080
10580 206 10350
12056 187 9387
12052 50 2545
12057 54 2735
10687 161 8098
8902 55 2763
10563 62 3150
8697 162 8111
11953 7 392
11912 76 3828
9765 83 4176
10672 96 4810
10760 208 10436
8711 77 3861
9065 26 1324
10931 200 10017
10704 244 12206
9205 241 12082
13688 149 7500
12075 162 8136
9217 114 5742
10537 47 2380
10558 105 5300
9563 539 26963
9562 171 8592
11494 24 1230
12139 21 1051
12083 308 15435
10672 150 7533
10520 189 9496
11740 338 16910
9694 48 2444
8996 333 16688
10590 65 3252
10629 105 5290
10522 50 2543
13635 32 1630
8894 146 7327
8905 190 9521
10953 12 648
12004 275 13773
11630 119 5954
9602 52 2607
10478 41 2088
13661 116 5827
11187 320 16006
9089 38 1923
10521 229 11491
11637 158 7903
13544 27 1371
10610 115 5783
8996 206 10332
8791 3 166
10567 263 13195
10512 4 203
11120 35 1760
10833 60 3018
9239 76 3841
11494 261 13092
9563 319 16000
9511 414 20720
9113 8 416
11754 6 343
12057 54 2721
10674 27 1375
9432 14 727
8750 149 7496
8817 10 532
10693 258 12913
9515 114 5717
8646 4 201
9437 301 15056
11991 127 6379
11531 139 6980
12025 244 12239
8711 77 3857
11604 105 5282
10434 47 2377
11494 201 10052
11723 272 13631
13563 6 309
11639 53 2684
11182 47 2375
9556 24 1232
12146 20 1018
12016 38 1931
10523 182 9148
11865 27 1356
11829 106 5314
13661 148 7430
13491 99 4978
8959 230 11525
8620 66 3343
11177 35 1767
8897 153 7678
12046 61 3061
11605 140 7034
8776 130 6549
8789 87 4387
11119 297 14877
10869 32 1649
8751 87 4368
8739 31 1554
10601 89 4468
13474 5 275
9563 388 19436
10885 24 1231
8862 195 9753
12139 136 6820
12480 122 6107
10484 58 2946
8687 275 13798
8460 260 13031
10892 76 3843
9030 162 8149
11294 58 2937
8589 199 9977
11291 242 12113
9597 314 15737
9310 111 5585
13573 7 355
8513 12 641
10959 76 3840
11235 11 591
11769 117 5858
11813 159 7998
10843 77 3893
11692 22 1129
10732 36 1823
11182 47 2375
12389 13 692
11714 30 1501
8518 19 999
9348 163 8156
11644 69 3486
9564 375 18755
9349 162 8134
8700 17 875
11898 22 1113
11765 249 12488
12383 49 2500
10493 111 5553
13652 4 239
12382 15 789
8878 41 2084
9512 555 27760
8529 200 10046
9479 191 9576
9410 82 4111
10906 181 9065
10789 0 20
9356 192 9634
9427 169 8471
13652 24 1243
9470 207 10396
11915 239 11959
12073 17 852
13475 24 1231
11608 91 4566
8504 39 1952
9321 102 5137
12004 123 6187
11203 52 2632
10516 38 1906
11550 237 11893
13635 1 53
10668 313 15676
9060 46 2313
12039 8 409
8857 152 7631
12382 40 2027
10567 263 13186
9281 162 8110
11879 139 6954
11285 50 2546
9297 222 11132
13478 58 2908
11707 18 933
11963 106 5318
11763 203 10196
11977 71 3552
8459 18 941
8751 36 1814
10791 58 2930
11779 189 9475
9370 74 3725
9717 224 11238
11644 212 10648
11282 26 1332
10713 3 162
12025 215 10785
9348 226 11342
10645 238 11935
12103 2 130
10570 14 733
11926 127 6384
9583 148 7439
11116 44 2216
9653 271 13599
10689 42 2125
12139 381 19091
9720 169 8488
11086 258 12909
11680 113 5688
9087 24 1209
11927 270 13547
9698 18 926
10371 4 210
11074 39 1988
11247 8 426
11094 167 8379
11756 259 12990
11846 90 4511
12042 62 3113
11505 28 1412
9311 134 6745
12480 54 2746
12497 150 7520
9030 165 8294
9512 457 22893
11952 27 1383
9065 116 5821
9505 191 9560
10848 93 4676
8476 4 218
11108 13 660
8702 108 5427
11565 16 834
10727 92 4648
9653 240 12003
8708 25 1289
9095 233 11664
13479 35 1797
10910 27 1381
8771 7 386
9617 4 222
11971 62 3116
10884 209 10491
8751 116 5832
9232 5 255
13583 89 4476
12066 225 11279
11974 103 5152
11778 57 2877
9297 318 15904
9439 108 5406
11700 5 256
12083 356 17813
9437 295 14781
9639 26 1319
8747 15 793
9338 26 1343
13478 147 7353
10719 153 7662
11614 30 1547
11979 24 1241
10719 149 7480
8720 48 2448
11632 71 3590
13537 14 716
9002 36 1804
11761 91 4565
10631 61 3051
12485 73 3683
12069 183 9155
11715 53 2692
11787 161 8082
11537 126 6304
12368 54 2743
12485 37 1863
8445 173 8652
13616 100 5004
13671 88 4420
10583 53 2685
12083 308 15415
12504 178 8915
11149 131 6580
10563 189 9458
10675 207 10354
9684 341 17069
11619 51 2564
11780 115 5763
9610 16 822
11187 209 10492
12137 27 1352
9470 146 7330
11709 128 6446
9636 3 160
9374 45 2287
8446 95 4792
12056 160 8013
12368 95 4789
10694 100 5044
8578 211 10570
12066 52 2632
11929 108 5437
12365 38 1931
9348 0 48
9563 388 19436
10603 39 1977
11605 278 13935
9681 65 3256
8467 28 1410
11537 126 6304
10952 169 8482
10371 4 214
13558 13 665
9305 44 2227
9310 67 3383
11589 198 9944
11844 289 14483
9049 134 6737
11090 113 5690
10688 224 11218
11095 222 11111
12056 232 11637
11971 45 2251
12086 63 3193
12001 163 8180
13536 17 879
10800 221 11054
8538 37 1877
8492 60 3021
11821 103 5184
10833 17 880
10901 18 923
10634 316 15833
10540 38 1947
9239 201 10087
11591 3 171
10843 76 3801
8931 131 6584
13477 172 8615
13624 11 594
10905 107 5363
10861 123 6168
9602 56 2849
8975 126 6306
8648 272 13619
9385 204 10214
11715 178 8925
9297 222 11132
10578 231 11563
13629 24 1238
12556 101 5053
8754 37 1854
12145 65 3273
9196 166 8331
9669 78 3924
9535 569 28453
11094 201 10099
8899 89 4459
11990 8 409
11187 83 4190
11846 100 5005
10952 250 12504
13687 152 7626
9205 198 9925
10781 266 13340
10834 317 15890
10756 187 9352
10796 106 5346
10890 76 3844
9195 209 10470
8626 85 4277
12514 50 2534
9597 512 25642
13469 68 3425
11067 15 781
9001 101 5086
12540 105 5275
10584 99 4969
11984 176 8803
9610 25 1253
11581 85 4267
11684 3 200
9095 10 531
11786 260 13015
9603 286 14331
11110 21 1071
9511 443 22197
11879 139 6954
11077 115 5775
8810 65 3281
13467 88 4448
11094 42 2150
8538 286 14317
10538 215 10776
10756 96 4810
10713 7 393
9338 26 1343
9362 158 7922
10669 106 5320
12552 48 2443
12107 111 5585
13639 62 3141
11886 56 2837
9694 22 1125
10843 24 1213
9239 118 5936
10563 179 8985
10308 63 3152
9586 327 16387
13651 188 9430
10581 36 1822
12117 0 31
9524 5 272
11278 322 16146
9519 125 6291
9494 113 5692
8445 72 3603
12069 4 223
9410 18 949
11514 24 1209
13580 76 3803
11494 154 7723
10993 9 473
9310 27 1391
9386 322 16150
11755 15 791
10762 42 2115
11656 41 2054
11665 61 3063
11064 168 8425
10841 105 5292
11926 127 6368
12021 22 1127
12529 92 4645
10540 36 1831
12504 178 8925
9349 162 8126
11742 245 12288
12070 276 13821
11557 54 2723
11091 111 5576
12045 9 474
12545 12 646
11550 173 8659
10644 31 1555
11726 295 14772
12533 73 3662
10442 302 15127
12454 260 13033
13517 5 273
10747 60 3044
12070 10 516
12367 30 1520
8817 10 549
11793 109 5481
11844 156 7820
10845 36 1849
12057 22 1101
8719 265 13288
11177 6 344
12070 10 516
8562 91 4596
9278 106 5340
12554 71 3588
8905 305 15272
12016 119 5961
11927 270 13547
11740 159 7983
10757 125 6251
11885 106 5316
8917 317 15860
10634 313 15680
11134 36 1850
11508 144 7243
8907 135 6789
12533 9 458
9009 203 10200
13561 53 2664
9482 229 11453
10905 3 169
13580 96 4836
9467 260 13023
13528 25 1287
8585 21 1084
13638 172 8638
12001 70 3548
11601 325 16269
12025 51 2568
12000 108 5421
9586 409 20469
11264 35 1753
9554 18 942
8709 121 6056
9499 53 2668
11561 59 2986
9461 45 2292
9226 98 4909
11685 161 8094
11283 63 3152
9603 275 13756
9524 3 163
9345 114 5714
13549 8 450
11095 118 5919
10771 43 2167
8680 227 11399
8800 54 2741
9030 60 3033
9677 61 3062
13642 17 874
11291 97 4856
11745 81 4089
9404 12 614
11141 6 303
9527 154 7706
8856 9 457
11879 235 11763
8431 17 887
10901 17 887
11973 29 1459
9434 45 2294
10485 26 1334
9511 261 13095
11833 256 12828
12066 47 2398
10892 76 3843
11509 52 2603
12066 204 10233
11064 168 8439
8975 199 9979
12011 6 304
9730 50 2518
11800 56 2815
12056 401 20079
10725 303 15157
10931 89 4471
12368 6 320
13629 146 7329
10610 69 3500
10834 317 15890
8762 256 12831
12441 300 15025
11568 29 1457
10696 199 9965
8856 9 490
8959 103 5187
9470 234 11712
9336 268 13443
9470 99 4956
9345 46 2349
10847 14 712
12383 44 2228
12545 12 618
8708 25 1289
9245 345 17265
9188 68 3406
10355 57 2879
11756 107 5354
12077 39 1967
10574 347 17355
10874 37 1884
9512 556 27828
10634 31 1554
9567 96 4818
10483 112 5604
8460 24 1232
9295 7 384
13538 7 374
11648 110 5544
12062 134 6729
13453 13 655
12016 435 21788
11495 26 1333
12565 309 15475
10696 253 12686
13466 65 3265
9470 323 16195
12052 18 937
10714 68 3444
9065 33 1667
10580 205 10274
12503 31 1588
9564 377 18899
11723 272 13601
11726 283 14171
10796 288 14404
11081 11 566
9024 114 5741
10700 283 14198
11088 41 2081
8455 65 3251
11524 129 6482
11080 281 14051
11644 140 7019
11742 161 8070
9299 226 11340
10883 121 6094
11728 131 6593
8697 218 10948
11766 269 13480
13621 10 531
12374 186 9314
8975 79 3964
10574 42 2104
9704 355 17771
11953 13 665
8918 375 18777
8706 81 4057
12505 183 9163
10688 14 706
13674 154 7735
9511 518 25934
12009 28 1416
8467 30 1521
9311 129 6461
9044 27 1372
13470 59 2973
9741 8 436
11665 61 3063
11845 57 2888
9706 15 789
11119 22 1141
11934 242 12144
8747 75 3779
10824 73 3690
8650 50 2548
9620 216 10808
11965 75 3773
12057 99 4963
12070 350 17504
11973 30 1521
12137 99 4957
13580 53 2667
10712 17 866
12066 121 6096
11550 219 10968
12514 47 2363
9564 376 18829
9432 3 180
10959 60 3026
10803 284 14249
11965 260 13004
11065 95 4790
9240 45 2296
12008 13 688
13520 51 2553
10473 46 2332
13645 10 524
13520 51 2552
9292 16 850
10966 51 2585
9499 421 21096
8578 35 1784
10654 110 5548
8666 117 5875
11707 18 938
13467 61 3082
10520 233 11681
9561 65 3259
11832 24 1214
11090 6 321
9410 81 4099
8445 73 3692
12539 25 1293
9620 279 13967
10538 216 10830
13692 4 247
11901 33 1663
9702 244 12231
8918 94 4747
13642 89 4468
10516 38 1906
12086 68 3424
10918 9 486
10623 71 3564
11873 23 1155
9354 9 468
13660 184 9235
9587 573 28651
11759 50 2528
8650 5 279
8770 145 7251
10574 220 11032
10654 108 5432
10520 186 9350
9377 139 6956
9392 52 2616
11927 228 11436
12091 307 15385
12139 368 18402
9207 68 3420
9531 392 19630
10597 59 2993
11278 54 2734
10654 214 10735
10569 32 1631
10475 20 1038
12095 110 5528
12379 60 3031
12543 284 14230
9494 113 5692
11632 71 3590
13484 62 3116
11728 242 12149
10475 20 1031
9067 7 358
8739 30 1544
9677 164 8220
11108 13 679
10714 106 5348
11025 112 5610
12533 76 3820
11893 88 4426
11086 14 747
10563 103 5175
11135 7 359
9576 412 20638
9307 57 2900
9470 143 7153
12517 248 12436
9458 58 2917
10597 59 2967
12480 116 5850
10847 12 613
11867 108 5435
10952 244 12243
9654 84 4249
12016 435 21784
9668 103 5188
8668 48 2441
10483 113 5690
11913 143 7171
10846 319 15954
11646 31 1567
8742 105 5281
11172 58 2935
11219 16 820
11168 100 5042
12075 287 14360
10473 346 17345
10745 294 14725
13583 58 2915
11846 135 6759
13478 147 7378
10597 60 3030
9658 54 2712
10833 58 2921
12020 88 4431
9482 232 11625
13565 107 5359
10501 197 9880
10432 345 17261
10689 42 2149
11820 273 13697
11658 1 98
12449 305 15293
12034 87 4376
9689 312 15626
10857 147 7387
11540 84 4206
12418 59 2989
8971 245 12283
10545 61 3069
8649 59 2972
8675 51 2563
11108 70 3512
8908 20 1035
13671 186 9321
8791 3 199
8742 90 4536
11290 248 12448
12004 39 1984
10952 170 8528
8905 191 9577
8418 63 3161
9567 260 13018
8468 50 2533
10795 168 8432
9637 276 13803
9529 584 29209
12566 162 8125
11108 54 2706
9542 146 7331
12545 27 1353
10712 17 866
8708 134 6707
9603 321 16096
10501 197 9880
9481 303 15167
9717 65 3267
9603 271 13553
13629 153 7668
9521 17 879
12025 144 7242
11605 32 1621
12433 6 333
12380 75 3772
10741 2 145
8650 47 2390
8817 10 510
9470 234 11712
9486 169 8460
11537 49 2494
9372 125 6287
9725 60 3021
10921 67 3397
10362 41 2088
11644 140 7023
11088 45 2272
12013 21 1096
12446 33 1653
8448 116 5817
9724 21 1077
9203 44 2213
11685 329 16451
11565 246 12337
9075 286 14344
11829 91 4559
9603 167 8378
11601 4 201
10622 9 459
9556 25 1261
11786 172 8650
11247 14 731
8794 91 4585
11829 121 6060
12495 231 11570
11521 155 7787
9324 61 3058
11680 94 4712
8585 23 1187
12077 11 591
13674 134 6744
12143 13 663
8529 218 10949
10743 134 6721
12021 52 2646
12073 199 9960
12025 215 10775
11973 0 8
10781 37 1899
11611 9 476
11494 50 2541
10865 12 633
8879 104 5220
10669 16 841
10530 14 724
11064 128 6422
9249 172 8613
11991 127 6357
13510 8 444
11740 1 93
12561 50 2503
11802 50 2526
12070 276 13814
9523 223 11188
13528 47 2359
11134 117 5879
13633 40 2026
9494 439 21971
10687 152 7613
9597 344 17250
10857 195 9773
9053 9 495
9546 249 12474
12046 30 1519
9650 64 3242
11965 294 14729
9434 315 15760
9226 99 4962
9593 41 2076
9563 493 24696
8715 42 2137
11539 19 969
9726 94 4725
11270 46 2307
9494 567 28393
10974 177 8888
12106 28 1444
8893 60 3035
10640 25 1282
11848 307 15376
11927 162 8111
11713 137 6885
9241 63 3167
11830 300 15040
8666 337 16863
12061 3 174
8917 288 14410
12544 32 1608
9410 17 872
8446 214 10749
9494 322 16123
12139 30 1532
9563 496 24831
12002 141 7059
10688 94 4736
13454 6 342
12083 84 4218
10931 323 16151
13660 138 6948
10800 226 11340
11756 270 13528
8963 30 1502
12026 16 826
8975 63 3194
12543 222 11147
9210 121 6091
9567 98 4914
9597 313 15685
9563 539 26963
11543 251 12560
11134 36 1811
9576 413 20668
11505 14 723
9394 253 12679
12565 180 9027
11815 203 10189
12438 138 6950
11531 70 3516
10831 102 5142
12075 128 6426
8455 45 2300
10761 0 34
13683 85 4261
8885 151 7575
9468 3 182
10491 126 6307
9546 247 12354
11858 35 1751
11626 1 69
12496 62 3150
12070 82 4135
12380 7 369
12514 62 3109
12539 73 3676
9370 76 3835
11064 128 6428
8548 92 4616
11294 18 950
11745 275 13758
9704 141 7052
12056 232 11637
9392 55 2797
10857 26 1348
11866 62 3148
9542 28 1427
9474 98 4924
13580 165 8269
13688 193 9668
9432 16 839
9269 64 3205
12045 83 4156
11906 307 15365
8908 253 12675
10959 59 2961
8459 35 1794
10693 143 7164
12137 34 1729
9597 101 5095
12556 45 2279
12025 123 6170
11836 63 3187
12418 3 159
13471 0 12
12454 29 1461
11559 28 1437
11196 205 10300
8537 262 13114
11664 64 3237
10841 105 5253
12558 6 333
8513 11 578
13621 62 3120
8894 146 7333
8964 109 5476
10484 91 4599
10696 139 6978
10781 8 432
9621 54 2724
8914 74 3750
13529 10 519
8701 4 204
13647 13 652
11831 41 2100
11769 96 4844
11921 134 6750
9479 90 4550
8937 15 782
9524 6 316
10578 147 7369
11171 68 3410
11609 271 13581
11149 57 2875
11551 105 5280
10924 120 6002
11769 112 5605
10937 45 2259
11564 52 2634
12039 440 22040
11667 18 919
8745 47 2386
10561 71 3554
11848 215 10758
9710 39 1964
11064 164 8250
8936 63 3168
9515 70 3531
10490 130 6543
11141 5 260
10968 25 1295
11591 91 4564
9470 293 14685
8836 74 3737
11974 45 2271
9538 11 585
9533 226 11343
10449 215 10781
10765 46 2304
11926 14 715
10584 99 4995
10841 82 4111
10371 11 572
12495 63 3186
9407 268 13439
11976 330 16544
10743 134 6721
13656 11 579
11664 84 4212
8908 288 14440
8700 176 8813
12039 176 8808
11917 16 818
9542 201 10073
10390 32 1609
11912 76 3828
8520 50 2517
11829 141 7096
8784 119 5985
10432 306 15317
11852 13 661
10501 195 9783
10847 12 626
9538 612 30633
8513 10 518
11963 0 22
8739 30 1544
12485 156 7807
11171 29 1453
11494 220 11006
9225 29 1494
9445 68 3430
9205 199 9958
11545 33 1688
13520 124 6205
11087 6 301
12541 85 4257
12454 260 13036
8800 92 4638
8626 44 2241
12075 45 2255
13545 18 942
9608 104 5242
8936 157 7884
12441 143 7183
8894 145 7297
11726 8 449
10696 78 3931
9464 129 6491
12006 40 2011
11846 53 2698
10640 26 1328
9225 201 10100
8690 118 5917
9709 58 2915
11865 21 1086
12070 36 1809
11848 268 13439
10520 345 17266
10741 4 247
10574 219 10960
11532 132 6619
12514 62 3116
11973 166 8312
12032 19 986
11111 110 5550
10595 43 2175
9479 192 9626
8700 36 1816
13691 131 6555
12541 85 4284
8412 23 1178
12000 86 4350
9504 31 1583
9249 170 8509
12561 171 8560
9404 39 1957
10712 286 14328
8620 104 5215
11786 260 13015
11742 17 885
11965 294 14738
12383 56 2823
11544 69 3458
9087 26 1317
10382 124 6248
13491 11 595
13635 32 1618
11115 44 2238
8418 64 3230
9525 188 9427
10593 193 9663
9765 82 4144
11120 34 1745
9538 447 22382
8908 90 4547
12404 65 3265
11025 111 5598
10598 8 414
11508 293 14663
11786 97 4874
9454 112 5601
9329 127 6378
12057 22 1128
8490 59 2990
10929 262 13107
9238 55 2781
9494 89 4458
9377 159 7965
11868 98 4943
9348 100 5019
12071 140 7040
10743 90 4504
10771 40 2050
11495 17 858
10719 67 3352
10592 94 4715
8504 41 2088
9668 106 5334
9504 54 2730
8908 362 18108
11290 153 7687
11606 254 12723
10952 256 12828
12459 72 3621
12020 32 1632
10969 147 7380
9727 79 3987
11608 53 2663
10940 96 4837
12139 381 19056
10574 345 17296
11091 204 10228
11559 45 2252
