14068 264 13231
18244 200 10019
15392 23 1156
15383 138 6915
16439 47 2391
18907 201 10069
15966 5 295
14870 245 12252
17070 208 10425
17400 121 6072
14450 294 14720
14111 38 1907
18929 14 729
18059 69 3486
17633 69 3497
16289 35 1783
16095 415 20776
15785 99 4971
14877 53 2672
18779 261 13074
14058 151 7575
17352 152 7608
17122 155 7773
14148 40 2018
14542 113 5680
16785 31 1551
16499 503 25157
17985 241 12097
18918 119 5980
16286 31 1590
18032 298 14922
17128 3 152
17871 312 15612
16331 84 4248
16289 35 1783
18645 87 4394
15479 144 7218
13793 295 14790
17985 396 19808
14427 214 10749
14774 127 6381
18235 123 6177
17028 15 781
17448 208 10420
18951 309 15459
16466 11 592
16150 270 13503
15785 175 8774
16499 112 5624
16875 4 224
14721 82 4145
17871 303 15174
15900 174 8739
16095 278 13930
18574 275 13781
13791 101 5054
17210 246 12302
13977 57 2882
14023 128 6407
16141 248 12443
15416 47 2355
15946 42 2135
16227 286 14344
15116 12 603
17847 167 8369
13712 15 785
14020 98 4920
17206 329 16484
14878 28 1402
15383 175 8756
16021 46 2307
15115 147 7381
15249 136 6833
15916 172 8647
16542 29 1462
18701 236 11837
14697 37 1868
17100 12 610
16950 61 3089
14408 31 1551
17644 36 1837
15254 130 6509
15053 33 1665
15801 395 19794
15106 190 9547
15335 222 11134
15166 189 9484
14367 310 15530
16834 50 2503
16942 220 11039
15334 49 2479
15392 69 3469
16337 56 2804
14535 122 6112
16094 156 7803
18665 159 7986
13791 112 5619
16161 114 5746
17125 126 6312
17566 132 6635
17349 101 5072
18470 16 847
17237 249 12487
18526 89 4469
14899 279 13954
15966 343 17200
15900 165 8260
17871 244 12242
14891 54 2714
17210 130 6540
14707 48 2413
17561 194 9717
15702 50 2547
16741 490 24527
14021 251 12559
16021 124 6204
16272 105 5271
15479 263 13180
15484 306 15313
15416 57 2859
15913 11 572
17631 9 485
15115 25 1294
14425 119 5959
14007 77 3895
15464 255 12767
14185 27 1375
15099 114 5717
17371 188 9429
15019 0 33
16426 7 381
16744 27 1390
16172 159 7960
15954 36 1839
15309 18 922
15147 69 3484
13731 18 906
16118 231 11568
16051 100 5017
14556 156 7838
16584 67 3355
15909 195 9761
15689 327 16384
17349 96 4844
14068 236 11824
15930 519 25979
16281 0 15
14076 47 2356
14367 3 187
15383 283 14164
18676 431 21583
17095 127 6392
17871 244 12230
15484 323 16180
18253 177 8893
15466 104 5203
16117 81 4074
14313 158 7945
15901 352 17649
15783 308 15444
18516 76 3821
17371 513 25663
13799 24 1227
15491 100 5012
17239 297 14897
15913 53 2679
17312 190 9546
16850 47 2395
14129 10 536
17992 69 3489
17389 100 5005
13950 235 11799
16584 67 3398
15970 444 22201
16188 0 36
15236 40 2031
14890 30 1504
15909 168 8438
17131 72 3625
14124 252 12630
17009 0 47
16499 112 5624
15456 33 1663
14782 143 7180
15428 275 13782
18699 245 12263
14553 78 3918
17314 38 1905
14559 270 13510
18574 91 4590
13945 235 11763
14634 165 8279
16199 372 18601
15002 55 2800
15130 0 46
17250 118 5949
17132 383 19168
17108 23 1178
14903 1 99
14154 96 4806
15391 272 13606
14157 175 8758
14410 40 2017
14774 304 15227
18732 567 28383
16588 199 9962
17985 241 12098
17637 27 1359
14124 212 10639
17655 50 2527
18794 396 19835
14729 197 9858
18644 239 11995
17829 236 11849
14058 151 7575
17172 68 3405
15499 76 3848
17398 197 9864
15961 341 17092
15477 20 1042
15923 378 18901
18643 49 2451
14556 8 424
16828 31 1590
15774 296 14810
15930 498 24908
17987 106 5311
18748 86 4325
18489 193 9697
17560 166 8320
17400 9 474
14111 38 1907
14555 183 9177
14121 221 11070
14263 111 5558
15701 258 12944
17535 103 5180
14625 26 1338
18492 552 27613
17494 78 3930
17871 326 16308
18636 453 22699
14216 90 4546
18676 155 7800
15291 307 15353
14592 15 765
14901 319 15973
14912 132 6646
14441 11 553
15004 23 1194
17100 232 11615
18779 261 13074
17663 60 3008
14147 30 1518
17413 359 17989
15183 32 1613
16141 248 12443
15859 354 17747
17079 1 71
15966 5 295
14066 55 2772
17849 184 9248
17389 23 1168
17678 61 3066
15402 112 5633
14047 134 6718
18665 159 7986
17327 20 1050
13945 111 5593
15930 302 15120
17339 30 1521
14569 175 8763
15777 65 3282
15335 137 6898
15383 175 8756
13977 70 3530
18920 13 674
17847 317 15862
13935 202 10132
17686 157 7882
18948 39 1972
13780 150 7501
14469 67 3367
14306 194 9709
18701 243 12161
14542 89 4470
13736 196 9820
14020 4 216
17389 100 5010
16894 168 8449
17961 26 1327
17744 73 3695
15316 93 4681
13789 182 9104
18794 105 5286
18619 55 2756
13802 14 746
15683 70 3534
14807 18 912
13945 295 14753
16063 32 1607
17846 91 4594
18781 116 5837
17670 47 2354
17744 75 3771
14259 114 5702
17665 7 375
18666 9 499
14470 34 1723
15348 170 8514
13789 47 2376
18957 538 26949
17119 59 2986
17140 5 261
17961 39 1993
18005 34 1732
18643 49 2470
17302 110 5530
13777 14 728
16092 66 3337
15225 49 2461
16095 309 15485
13762 203 10183
17206 329 16484
14361 5 285
17783 55 2799
14924 23 1190
18031 73 3696
14014 5 291
16571 46 2331
14712 251 12553
17057 82 4131
15328 227 11351
14290 201 10063
18228 58 2938
14543 10 546
18577 161 8096
16067 97 4887
18603 85 4257
17847 407 20380
17582 54 2735
15901 269 13481
14340 68 3449
15965 463 23176
16894 199 9952
16158 506 25328
16571 46 2331
17557 168 8410
18032 258 12916
18644 94 4750
14427 207 10356
14621 81 4091
14394 45 2300
14409 124 6211
17240 455 22795
16858 136 6844
17157 31 1570
17955 305 15290
14782 119 5985
18044 275 13757
15416 102 5135
17157 2 138
13765 148 7439
18219 69 3489
14801 291 14580
15882 136 6813
16818 115 5786
14524 6 347
14009 87 4373
17301 22 1108
18677 400 20014
13902 56 2844
17872 62 3132
15416 32 1629
15722 88 4447
13701 29 1496
14211 31 1596
16894 158 7902
15115 170 8520
14551 8 407
15593 265 13253
18031 73 3696
13709 207 10375
17119 13 665
13950 165 8265
17138 57 2889
17459 213 10683
14556 78 3923
14901 171 8595
15316 249 12463
17138 57 2889
15354 23 1171
17575 51 2576
17022 2 148
18623 81 4092
14455 96 4813
14219 88 4403
15785 231 11571
14569 105 5295
14408 5 292
13789 155 7762
14559 51 2592
14274 96 4837
14468 116 5831
14456 63 3176
17871 312 15612
17119 41 2059
17239 101 5058
14452 83 4200
14368 161 8057
15445 6 321
15057 130 6529
16676 10 545
17663 60 3008
14129 10 536
14900 41 2092
17678 22 1107
17484 161 8096
15923 44 2208
14172 43 2157
17978 23 1179
15834 195 9754
16006 268 13418
17861 300 15003
17206 197 9896
17169 231 11594
18623 81 4092
14408 5 255
14912 202 10133
17974 60 3037
17157 4 238
15689 264 13221
15291 137 6879
18953 405 20281
15151 251 12593
17557 155 7774
15254 130 6509
17744 73 3695
16227 101 5100
15147 88 4429
15676 126 6307
18685 250 12537
18922 242 12116
15701 258 12944
18228 166 8309
13861 36 1825
15130 1 90
18220 15 768
18032 445 22254
15348 129 6488
13745 128 6411
15590 63 3156
17111 62 3133
15785 216 10833
17620 119 5992
13902 56 2820
14021 195 9769
14736 128 6424
14609 176 8819
18229 19 951
14109 4 235
18701 236 11837
15061 62 3139
14610 27 1372
14127 220 11014
18915 216 10817
15500 164 8250
16676 51 2595
17303 50 2543
15339 188 9443
18235 262 13121
13725 79 3997
14186 154 7706
14768 33 1688
14274 184 9239
15987 497 24851
17569 38 1924
16446 259 12967
15801 120 6005
17489 103 5155
17972 196 9848
14186 179 8993
14367 187 9365
17572 35 1761
16227 135 6773
15138 10 546
13725 79 3988
15391 292 14631
17494 78 3930
15491 116 5819
14555 240 12023
15425 142 7106
15588 211 10587
13742 22 1102
17871 163 8165
17572 17 881
17847 101 5077
17524 82 4130
18235 83 4151
18644 264 13222
17835 28 1410
16894 32 1601
14470 7 388
16299 18 936
14185 13 691
17312 258 12934
14377 85 4292
14263 85 4260
17722 28 1431
14721 174 8730
15715 105 5273
18492 240 12025
17469 116 5803
14408 5 292
17383 152 7643
17046 82 4124
16052 113 5659
16416 2 143
14452 7 364
17070 255 12778
15989 88 4406
17371 233 11693
14369 20 1030
18794 105 5286
14938 277 13873
17670 47 2377
14469 121 6067
16006 460 23042
14915 89 4460
16090 202 10144
15966 20 1029
15587 27 1393
15065 42 2135
17670 47 2354
15128 117 5883
17407 174 8734
16228 277 13856
17582 18 930
17169 231 11585
17065 112 5638
14431 16 818
14300 26 1309
14785 27 1393
16802 194 9743
17337 18 927
16095 415 20778
14263 111 5558
16432 87 4381
14644 285 14257
14557 163 8165
16389 84 4214
17312 191 9566
17373 185 9251
14053 23 1181
17237 79 3978
17398 174 8719
17358 63 3199
16331 33 1686
17245 62 3119
15969 83 4175
14697 71 3564
15486 362 18144
18526 87 4367
14263 291 14594
17992 48 2402
15383 283 14158
14020 145 7298
14121 221 11063
15464 167 8368
18226 203 10156
14891 134 6733
13721 125 6292
16426 44 2205
15966 28 1418
14269 160 8033
17132 493 24663
18643 57 2886
15413 12 610
18743 112 5636
17309 14 730
18497 316 15840
15166 324 16233
13982 127 6370
14124 229 11471
17840 225 11273
14764 34 1723
16746 130 6514
17694 31 1587
17692 14 711
15469 75 3770
13950 207 10371
15328 159 7984
15715 165 8293
18676 431 21571
14729 203 10191
18035 171 8564
14124 57 2888
16921 196 9810
18574 191 9553
14716 30 1501
14032 52 2621
16172 347 17352
14542 81 4098
17719 79 3990
15147 88 4431
16446 68 3410
14677 62 3142
17361 321 16082
17644 36 1814
18923 642 32147
15980 12 640
17157 4 239
14558 30 1545
17331 11 584
18226 240 12004
14101 41 2088
14453 51 2563
16040 28 1427
16588 39 1998
16584 48 2449
18024 362 18144
16250 95 4795
14549 142 7121
17963 54 2708
15140 231 11552
18235 214 10742
18782 59 2998
14313 307 15399
17095 127 6392
18272 55 2796
18005 34 1732
17009 10 529
14626 235 11787
14274 187 9354
14569 163 8157
16095 202 10113
18794 58 2949
14218 147 7399
16439 30 1528
18233 279 13961
14105 128 6429
14641 59 2964
17079 31 1568
18732 541 27062
16118 91 4594
16979 64 3238
17499 9 464
17669 32 1648
16096 16 847
16052 97 4888
14049 116 5824
17140 5 258
17365 82 4111
18929 200 10007
17566 195 9752
15073 164 8240
14336 13 694
14626 172 8620
17457 165 8290
17675 78 3904
14707 55 2761
14729 10 503
16022 95 4789
16906 26 1319
17652 58 2903
16420 100 5008
17239 292 14624
15987 392 19615
17065 183 9160
15140 8 433
16095 96 4816
14459 92 4641
14715 55 2776
14369 51 2575
13861 75 3780
14377 271 13555
18225 90 4542
16858 80 4002
15913 3 184
17100 135 6753
18492 320 16011
17686 157 7882
16826 72 3625
17245 19 972
17457 118 5946
15511 62 3129
16544 122 6104
17398 155 7755
17356 91 4590
17158 70 3537
14068 227 11386
14020 4 223
14877 36 1825
16583 304 15242
15497 197 9887
17100 152 7626
17849 184 9227
15965 235 11791
16878 122 6142
14300 15 784
14782 20 1001
14290 9 484
15966 20 1011
14259 232 11649
18701 280 14006
16152 43 2161
17667 180 9041
14597 162 8137
18701 280 14018
15966 343 17162
14569 173 8695
14163 36 1805
13728 124 6238
16105 30 1530
17366 11 600
14425 230 11509
14557 163 8156
17157 59 2985
17358 63 3199
14367 153 7693
17524 164 8247
17488 33 1678
15364 64 3249
14302 7 375
15751 36 1830
14363 120 6008
17100 129 6469
15590 324 16240
17303 85 4295
18699 203 10187
14790 197 9865
15147 36 1805
14445 125 6278
14079 78 3918
13810 10 522
15348 57 2893
15946 9 473
14021 251 12553
18574 191 9566
18054 185 9270
16894 22 1134
16096 16 832
15882 166 8302
16744 27 1370
15222 162 8141
15392 73 3659
17631 87 4398
15392 69 3487
14154 187 9384
14782 116 5806
18218 48 2402
15792 175 8790
17990 469 23472
17210 191 9551
16267 14 708
16446 183 9153
15295 68 3406
15251 5 255
14445 96 4824
16949 488 24436
14379 204 10249
18740 4 212
14020 183 9159
16060 6 314
16063 155 7771
17100 152 7643
17022 2 114
16352 435 21794
16381 36 1816
17120 25 1295
15392 73 3662
17383 347 17380
17686 24 1248
14368 135 6756
14543 211 10560
14431 83 4174
18747 52 2647
14741 150 7511
15301 26 1303
16102 11 552
15909 195 9789
18497 316 15840
17858 114 5736
17383 373 18690
16312 307 15363
14020 183 9170
17698 92 4642
17065 94 4735
15140 193 9652
17620 10 531
13791 101 5074
18059 69 3486
15916 239 11972
15751 36 1830
18953 405 20281
14147 4 216
15677 78 3949
15115 3 177
17522 13 657
14940 15 764
15715 74 3706
17566 118 5936
15392 73 3653
18921 2 125
18953 140 7041
18619 41 2054
17459 213 10656
14470 31 1573
17849 251 12588
14725 80 4023
14621 73 3673
15501 162 8111
17240 438 21915
17631 57 2899
16741 168 8408
14754 0 41
15318 183 9160
18062 123 6164
16458 85 4269
18754 27 1389
14125 90 4538
18495 185 9294
17652 32 1626
13794 64 3240
14058 104 5240
15328 166 8316
18920 2 133
17229 8 434
16310 278 13916
17197 12 609
15554 225 11293
17478 169 8499
18515 124 6222
18233 332 16609
17753 160 8028
17398 197 9898
14664 206 10317
18717 96 4823
15318 183 9184
17380 53 2682
17146 67 3371
14763 26 1320
15491 0 40
16801 76 3826
16158 97 4854
15294 105 5287
18492 331 16562
17352 173 8671
15402 41 2058
17129 28 1426
14877 177 8867
14300 26 1309
14980 52 2646
16095 202 10113
17987 93 4678
13709 56 2810
14938 177 8883
17197 3 185
14948 92 4643
17240 273 13662
14790 197 9879
14020 196 9818
17237 79 3978
14707 55 2770
14990 100 5032
15785 272 13638
15965 375 18786
18032 298 14922
15965 124 6207
17070 208 10425
17056 158 7913
14101 54 2715
14074 17 873
18953 405 20286
16389 126 6346
16471 38 1913
13707 55 2770
14548 120 6036
18219 18 943
15301 108 5413
17678 61 3055
16555 81 4057
13812 40 2024
17655 95 4794
17484 132 6606
18779 59 2975
16067 146 7326
15960 522 26120
15859 253 12652
17488 253 12661
17413 359 17962
14621 96 4819
15491 116 5819
15634 175 8756
15966 20 1011
18032 436 21811
18031 181 9098
14924 290 14549
14569 173 8691
14185 2 137
15939 95 4755
16096 16 832
14924 41 2096
14524 6 321
16091 57 2892
16489 164 8241
15061 219 10988
14592 37 1869
15161 201 10060
15115 3 183
14020 196 9818
15447 209 10496
14039 84 4227
14986 193 9695
18048 382 19107
16096 56 2808
15335 222 11146
14409 278 13907
15316 240 12041
13728 157 7880
16158 406 20318
16446 284 14239
15160 82 4127
17361 338 16937
15222 19 966
18779 411 20587
13940 123 6173
18779 18 908
18215 16 806
18229 19 986
14760 152 7646
18954 138 6927
18039 51 2574
13745 128 6431
14008 195 9775
17048 9 474
14093 232 11644
15482 149 7485
15590 142 7116
14224 64 3233
14805 53 2661
15676 201 10059
15677 24 1208
15713 80 4018
16121 9 463
14313 158 7918
15106 88 4433
14790 118 5947
17723 11 587
17139 132 6610
18911 109 5485
14716 61 3051
15309 18 922
15166 338 16904
14772 260 13002
18024 525 26258
17132 544 27209
18773 20 1043
17389 26 1323
15464 200 10006
18228 85 4286
16013 136 6817
15328 85 4273
16813 31 1594
15348 28 1442
14774 304 15227
16850 253 12669
14074 15 782
13732 47 2356
17865 38 1909
17407 0 17
14101 15 757
13940 106 5335
16850 250 12522
16038 430 21518
15715 127 6373
17057 104 5245
14469 67 3367
16090 202 10118
15160 267 13370
17753 117 5853
15057 130 6529
15316 116 5842
17849 14 720
14741 57 2860
15017 96 4841
14047 30 1542
13977 70 3546
14743 97 4864
15397 63 3200
13776 26 1308
17239 137 6867
18665 16 828
16489 164 8239
14641 59 2964
14290 65 3288
15254 150 7536
15715 165 8299
14468 27 1378
15392 125 6290
17661 4 205
15948 92 4606
14186 154 7735
14901 319 15980
15834 195 9754
17407 37 1870
17128 45 2264
17478 169 8499
16289 12 632
18228 85 4286
15900 174 8741
14912 155 7783
17213 15 761
17213 65 3283
16214 96 4823
17391 49 2477
18685 516 25802
15249 136 6841
18929 167 8380
18907 4 214
14987 18 928
14697 71 3596
14955 26 1335
17088 5 268
14537 111 5589
14293 157 7862
17846 59 2961
14885 4 220
15720 9 456
14694 7 367
17172 68 3438
14782 20 1001
17111 34 1746
15901 356 17806
17985 383 19162
14058 104 5220
14300 60 3021
16075 444 22249
14148 133 6686
15500 55 2763
13963 6 313
17111 19 959
14129 30 1515
16331 33 1686
15497 36 1832
16118 77 3863
18699 203 10178
15127 45 2298
18610 97 4884
17407 174 8702
14569 50 2526
18244 200 10019
18044 414 20702
16493 21 1088
15160 159 7975
17239 292 14624
18031 162 8108
18922 191 9588
15713 162 8116
15930 302 15120
15106 190 9525
15592 245 12286
14774 279 13976
13985 0 33
17566 110 5508
15491 95 4775
17146 48 2450
13940 47 2363
14782 16 812
16188 214 10712
18226 57 2878
14367 157 7858
14772 276 13825
15222 155 7788
14147 30 1549
17871 163 8165
14694 7 389
14007 102 5120
18286 136 6830
15935 148 7415
14725 7 358
17389 86 4339
16432 87 4381
18005 24 1223
17132 493 24663
17644 36 1814
17847 317 15862
15291 178 8923
17302 105 5274
18948 122 6115
14293 6 312
14899 215 10800
16258 8 405
17383 472 23638
14431 116 5838
15236 87 4373
17119 41 2059
17861 173 8697
14697 71 3596
14243 124 6205
14030 52 2632
17771 26 1329
15463 141 7087
18208 29 1456
18636 319 15974
18257 28 1425
18709 77 3898
15933 229 11494
17108 10 540
15948 17 856
15291 178 8909
14367 187 9356
17459 213 10656
18781 94 4705
14409 278 13950
18603 93 4672
13940 49 2483
16458 199 9983
14224 49 2489
15128 140 7049
14542 81 4098
17135 47 2385
15151 10 502
18701 34 1741
15053 3 194
16964 263 13182
17282 77 3899
14245 89 4467
15785 222 11132
18470 16 847
17592 167 8370
18062 61 3085
13862 135 6761
17197 3 185
15948 17 856
17383 386 19314
14147 30 1549
16741 506 25320
13736 64 3233
14548 187 9356
13774 107 5362
14921 54 2704
14450 262 13111
16357 8 410
17566 221 11053
17144 183 9185
18482 27 1393
14938 36 1811
16807 108 5445
14716 102 5124
15279 26 1305
17429 15 769
15676 213 10687
16092 109 5494
14626 223 11165
15287 52 2638
14088 15 778
17695 82 4106
13979 126 6344
14060 70 3515
14245 145 7267
13701 215 10785
13809 153 7700
15965 463 23161
16275 161 8051
15915 482 24108
15867 99 4993
18005 34 1748
17128 132 6622
13742 81 4090
18492 563 28152
13728 46 2321
14788 29 1488
17371 110 5518
16499 355 17764
14697 45 2285
16772 69 3496
13928 113 5653
13998 4 220
17849 151 7590
14063 142 7130
17128 85 4297
17849 184 9239
15236 87 4376
17655 95 4779
18933 105 5290
15308 14 745
16403 1 58
17028 275 13762
15762 243 12151
15172 74 3704
15422 105 5266
17383 152 7638
17210 39 1983
14641 127 6359
15140 45 2261
14172 24 1246
17961 39 1972
14764 2 131
15422 50 2505
16036 168 8445
18748 86 4325
17956 224 11227
17488 298 14923
15416 6 346
15901 287 14351
14900 44 2247
17206 65 3252
18747 1 64
14644 149 7459
18644 264 13222
13923 178 8948
13763 105 5263
18272 42 2128
14306 194 9709
15980 32 1620
16894 44 2249
15486 357 17853
18619 133 6692
14302 19 963
15348 144 7235
15053 33 1665
18678 125 6258
15778 53 2682
14343 99 4971
17333 178 8936
14185 28 1440
15330 54 2732
18644 44 2230
15318 36 1829
17874 88 4440
15923 302 15113
14074 23 1177
17484 92 4618
16964 263 13182
15634 93 4674
16331 33 1682
14020 196 9803
16807 76 3807
14245 89 4467
15291 89 4477
14801 172 8602
14623 240 12029
18631 229 11474
16935 297 14893
18468 267 13374
14553 295 14783
17312 190 9504
15499 66 3344
16389 37 1864
17985 237 11875
15264 71 3563
15960 533 26694
17125 126 6312
15236 87 4398
15528 326 16317
18754 220 11022
14888 186 9347
15291 190 9549
17237 26 1321
15948 92 4606
15469 133 6698
16186 329 16481
13732 15 793
17569 37 1868
14290 180 9009
14093 106 5336
15166 324 16244
15785 167 8391
14993 153 7683
14987 22 1107
15915 465 23293
15140 213 10661
16906 26 1319
16091 57 2892
17111 19 981
17028 280 14024
17274 11 586
17830 41 2055
14644 265 13276
14107 55 2798
14527 129 6453
15391 272 13602
15923 95 4788
17849 184 9227
14270 283 14174
14621 96 4819
15335 82 4107
14524 22 1116
13794 186 9328
14245 145 7267
14409 278 13950
18915 337 16866
16225 41 2100
14129 31 1555
14764 73 3661
17488 113 5669
18933 104 5238
17128 31 1600
14087 90 4544
18781 94 4705
14763 26 1347
13982 88 4440
14436 287 14376
17366 34 1719
16493 6 333
17410 13 691
17383 131 6571
16021 50 2516
14012 19 989
14768 24 1227
15416 32 1640
18059 141 7093
14740 48 2413
15489 146 7302
17005 257 12864
14617 76 3837
13940 28 1439
17070 286 14325
14740 44 2241
17865 292 14633
16186 142 7127
18953 356 17822
14549 205 10254
14079 113 5674
15497 36 1820
14470 22 1115
17517 313 15700
14885 4 207
14431 115 5761
13940 30 1503
18235 40 2019
17620 10 531
16942 220 11033
16063 152 7607
14818 14 716
16092 17 887
14592 60 3035
15222 162 8102
15348 132 6613
