7020 1252 62605
7018 199 9972
7054 1327 66357
6952 6 323
7021 148 7450
6332 59 2980
7001 104 5240
6408 21 1051
7012 34 1706
7017 1355 67777
6347 0 29
7012 731 36581
7003 358 17924
7013 150 7537
5774 83 4157
7014 267 13366
7055 460 23011
7020 837 41891
7017 1371 68567
7014 291 14586
7054 539 26974
7023 1503 75159
7001 71 3571
5177 42 2114
6478 63 3173
5625 108 5440
7049 1632 81611
7020 546 27304
7016 184 9249
7010 1373 68667
6149 147 7381
7012 893 44656
7020 280 14046
7049 117 5882
7019 345 17271
6761 44 2220
7049 860 43013
7023 1734 86723
5985 104 5234
6619 3 156
7055 760 38026
7023 75 3768
7020 257 12866
7049 860 43001
5625 109 5464
7054 390 19514
7644 263 13161
7020 221 11093
7054 2013 100664
7017 1753 87655
7001 303 15171
7049 1432 71630
7023 1854 92701
7020 1490 74513
5777 30 1542
7003 1197 59864
6605 53 2677
7054 105 5282
6946 60 3044
7017 1312 65641
5226 31 1565
7054 397 19879
7054 397 19872
7023 824 41204
7017 164 8215
6218 5 268
7014 1473 73693
7017 1403 70194
6382 103 5152
6440 25 1276
7023 1012 50620
7001 848 42423
7012 1254 62739
7285 55 2793
6376 33 1681
7019 253 12668
7003 143 7198
5387 35 1784
7021 261 13065
7012 796 39844
7023 1646 82312
6468 35 1767
7003 1417 70882
7020 495 24788
7010 509 25462
7020 1302 65127
7001 552 27649
7054 105 5290
7008 1455 72786
5618 18 933
7012 1300 65021
6369 50 2508
7012 1590 79525
7054 1912 95633
6115 12 609
6946 2 126
7016 283 14171
7023 1058 52946
7010 773 38699
6149 69 3487
6756 83 4183
7023 1328 66424
7012 527 26367
7004 882 44141
6533 9 473
7025 34 1749
7004 303 15181
6917 116 5809
7014 933 46687
7017 160 8020
7012 87 4352
7023 848 42409
7049 1721 86086
7025 93 4663
6205 25 1262
5538 13 683
7012 1300 65035
5616 75 3777
7055 760 38008
5924 18 910
7006 368 18436
6230 73 3685
7049 1980 99015
6749 76 3831
7095 16 805
7014 253 12683
6664 57 2884
7012 597 29868
7008 1353 67698
7049 1344 67227
5029 25 1290
5600 54 2722
5433 74 3715
7049 236 11801
7004 1142 57128
6296 5 268
7574 110 5547
7017 273 13675
7001 976 48820
7020 325 16254
7003 1427 71384
7010 812 40642
7026 355 17753
5433 76 3842
5227 35 1771
7644 222 11129
7053 48 2436
7003 639 31954
7023 834 41723
6304 104 5215
6959 181 9097
7055 438 21904
7020 845 42281
7003 1624 81215
7054 1330 66531
5216 37 1884
7054 647 32385
7498 202 10102
7049 174 8746
7018 265 13268
7018 746 37339
7012 339 16991
7018 510 25549
7049 973 48651
6752 163 8187
7054 1659 82954
7018 566 28325
7020 641 32085
7012 1458 72939
6506 67 3398
7049 204 10231
7006 210 10503
5207 84 4210
6676 171 8574
7012 559 27996
6334 62 3124
5961 36 1818
6564 125 6274
7018 871 43592
7466 192 9617
7010 822 41143
7049 1980 99015
7049 1830 91514
5013 209 10470
6339 180 9025
6611 51 2588
7008 567 28377
6100 137 6874
7054 1595 79763
6026 49 2497
7001 999 49978
7003 1197 59882
7020 74 3728
7003 1236 61802
7001 71 3571
6234 22 1115
7054 1053 52700
7003 1543 77151
6023 28 1424
7003 231 11556
7054 916 45849
7054 523 26185
7017 1680 84013
7049 1006 50350
7018 586 29347
7004 416 20841
7054 1211 60568
7003 1197 59882
6579 18 927
5941 2 149
5013 208 10437
7010 198 9929
7010 720 36030
7016 3 187
7012 842 42134
6824 22 1131
7008 1391 69577
6656 69 3455
7008 829 41460
7020 1490 74516
7014 361 18097
7049 1104 55244
7019 541 27091
7020 1298 64905
5237 57 2893
7023 213 10692
6934 176 8817
7014 1236 61834
7010 1244 62227
7023 333 16663
7008 460 23037
7021 377 18889
6985 33 1698
7019 37 1851
5031 72 3617
6826 35 1767
7017 817 40871
7014 1473 73678
7017 1156 57822
7017 830 41532
7018 682 34127
6229 26 1350
7023 1262 63115
7018 790 39528
7004 329 16478
7054 1800 90043
7023 333 16657
7017 1515 75773
7023 1658 82915
7010 720 36041
7007 17 871
7004 1598 79942
6803 111 5593
7008 337 16872
7049 901 45091
7019 41 2068
7008 884 44225
6946 60 3044
7003 143 7155
7017 817 40894
7008 779 38981
7025 451 22562
7010 1128 56414
7047 73 3672
6901 91 4593
7055 337 16869
7019 253 12691
7055 760 38026
6952 4 231
7017 271 13565
7004 1298 64906
7010 1571 78570
6888 32 1627
7017 1373 68697
6336 142 7116
6535 52 2649
6990 7 384
6989 187 9352
7003 1297 64859
6697 21 1092
7010 1662 83144
6687 178 8934
6149 147 7366
6180 12 622
7023 1734 86723
7017 1134 56713
7008 779 38990
5511 54 2723
7049 1980 99026
7004 950 47537
6814 3 178
6141 17 891
7014 1517 75873
6564 127 6358
7008 708 35415
6800 47 2370
7006 610 30526
7008 1391 69577
7023 1445 72288
7020 49 2452
7003 171 8580
7001 303 15176
6778 32 1647
7049 1126 56327
5433 26 1329
7001 461 23089
7018 890 44528
7023 356 17803
7006 359 17970
7020 673 33657
5777 26 1329
7054 390 19541
7017 1512 75634
5518 23 1168
7014 697 34863
7017 1753 87663
6483 105 5276
6928 47 2361
7023 382 19136
5177 42 2109
7014 52 2647
7004 1326 66330
6835 116 5839
7022 253 12661
7049 1297 64885
7049 628 31432
7012 1264 63209
7011 177 8851
5586 6 320
7054 578 28927
6850 47 2374
7023 936 46829
7020 427 21366
5455 13 653
5134 36 1837
7020 1172 58635
7014 1603 80179
7049 1197 59873
6799 58 2916
7017 954 47739
7014 1603 80176
6489 112 5611
7049 204 10246
6151 17 855
7690 48 2450
7008 1033 51665
6517 34 1715
6823 7 382
7010 812 40648
6823 7 382
5518 23 1168
7049 463 23189
7023 676 33803
6151 32 1645
7020 649 32454
6340 59 2975
7055 438 21904
7010 136 6843
7054 111 5577
7008 91 4554
5071 64 3248
6220 44 2236
7018 871 43584
7004 416 20847
7054 639 31990
7020 1231 61556
7054 1327 66396
5433 26 1329
7020 957 47895
7004 1595 79754
7047 35 1795
7004 447 22355
7022 73 3669
7012 102 5123
6606 22 1119
7018 135 6794
5474 47 2367
7021 604 30204
7012 1114 55736
7017 1068 53449
6080 147 7379
6871 75 3757
7017 55 2798
7020 837 41891
6149 153 7675
6382 48 2422
7049 1201 60079
7017 1171 58565
7017 1753 87655
7017 1506 75340
7001 1186 59317
6325 13 678
7021 664 33249
7012 1244 62213
7020 845 42283
7001 738 36913
7018 265 13277
6981 87 4358
7014 426 21345
7026 470 23528
7020 1298 64924
7017 1171 58562
7047 15 796
6353 65 3276
6873 10 504
6664 207 10396
5216 31 1589
7019 251 12554
5337 118 5928
6115 19 974
6483 107 5355
6928 50 2517
7012 1254 62711
6928 50 2541
7019 371 18572
7018 790 39514
7021 242 12101
6969 198 9917
7023 1262 63137
7026 158 7907
7023 1122 56136
7020 495 24784
7023 1607 80371
7014 1236 61812
7021 341 17076
7020 965 48289
7049 1392 69615
7012 1047 52376
6046 52 2604
7023 936 46829
7334 1 96
7019 368 18442
7014 1282 64130
6747 5 282
6092 47 2394
7049 157 7863
7012 1435 71763
7014 1565 78253
7012 1705 85289
7023 1005 50268
7054 1823 91153
7026 355 17753
7020 360 18036
6761 40 2035
7020 1282 64136
6423 81 4081
6535 63 3164
7021 674 33704
7014 185 9257
6379 61 3054
5437 135 6760
6423 81 4081
7021 826 41332
7004 934 46736
7001 507 25362
5385 117 5885
7017 273 13664
7004 349 17500
6880 20 1045
7054 1083 54159
7055 337 16855
6376 64 3239
7012 1314 65727
5437 135 6760
5136 18 945
7003 617 30893
5184 43 2169
7017 1601 80089
7019 313 15665
7023 1734 86720
7026 87 4389
6594 111 5593
6932 232 11642
6783 72 3645
7018 851 42600
7018 135 6798
6356 127 6389
7026 668 33421
6361 31 1555
5971 83 4196
7054 345 17252
6769 66 3310
6647 113 5689
7055 436 21833
7054 515 25783
7008 955 47753
7054 539 26974
7012 1202 60123
7004 370 18526
4969 21 1061
6826 38 1911
7004 871 43576
6493 38 1948
7018 790 39501
5337 79 3965
6160 74 3730
7018 454 22746
7010 720 36044
7054 1490 74550
5511 55 2787
7010 204 10235
7010 198 9945
7020 766 38318
5387 31 1580
6835 118 5936
5528 17 889
7016 3 198
7008 521 26082
5953 3 157
5222 4 220
5207 84 4210
7010 822 41103
7022 173 8699
7017 1693 84679
7001 895 44756
7017 1617 80894
7022 47 2363
5585 54 2702
6789 28 1414
6769 163 8192
7012 1590 79504
7700 24 1235
7049 628 31414
6347 51 2560
7026 648 32404
7014 874 43705
6823 0 17
7012 1143 57170
6642 56 2836
7003 436 21803
6637 47 2398
7022 253 12684
7054 1588 79449
7457 158 7949
7049 425 21264
7049 616 30842
7020 560 28014
6382 52 2629
7054 1020 51045
7014 50 2544
7004 1142 57112
7012 82 4106
7020 957 47889
6922 224 11239
7004 619 30955
5268 5 289
6780 155 7758
7004 934 46749
7003 1427 71399
7054 1912 95614
6752 167 8374
7054 1301 65051
6564 127 6358
6183 103 5156
7004 1073 53676
7054 111 5577
7021 171 8586
4952 47 2392
7054 488 24441
6572 178 8908
7049 1326 66346
7055 154 7725
7017 1682 84145
7128 15 787
7022 3 175
5090 82 4144
5585 53 2688
7003 1624 81209
5412 31 1558
6835 115 5794
6873 11 564
6311 13 688
6824 66 3346
7054 1153 57698
6942 22 1149
5385 113 5660
7012 1266 63347
7020 258 12924
7026 855 42764
7049 174 8732
7023 1012 50633
7010 1378 68926
7054 1650 82505
6091 202 10145
7054 647 32393
6874 1 66
7014 979 48960
7003 152 7606
7026 32 1640
7017 1512 75634
7014 1603 80179
7623 11 551
7001 211 10588
5971 84 4220
6611 47 2387
7012 1314 65710
6100 137 6874
7014 1139 56974
6148 50 2520
7008 715 35792
7006 296 14846
7017 1040 52016
6765 92 4624
6824 69 3475
6100 78 3919
7008 154 7728
6379 68 3432
7049 1104 55225
7020 402 20132
5386 58 2908
7054 321 16060
7012 1583 79198
7008 1303 65199
7055 760 38003
7023 1262 63140
7016 3 152
7017 1134 56713
7017 862 43146
7004 934 46709
6993 20 1044
7012 27 1354
7025 584 29243
7054 235 11795
7054 1776 88821
5337 79 3965
6533 8 448
7047 111 5600
6553 138 6905
7013 225 11251
7008 1334 66728
7017 1068 53449
7010 1195 59795
6619 3 156
7008 779 38999
6115 15 778
6507 199 9952
6445 3 181
6826 35 1781
7020 59 2951
7049 1416 70835
7001 205 10264
7026 238 11903
7023 213 10692
7003 1427 71381
7049 1687 84374
7003 639 31960
6353 71 3552
6296 3 160
7001 303 15190
7017 1753 87655
7022 99 4992
6969 198 9917
7014 1397 69853
7047 3 169
7021 54 2745
6803 114 5747
7018 707 35354
7021 242 12101
7025 148 7446
7003 655 32773
7023 1262 63123
7012 1254 62702
7012 82 4122
7014 64 3238
7004 1595 79781
6855 66 3306
7017 1753 87663
7010 812 40619
6978 12 629
7023 824 41204
6098 137 6900
5084 54 2724
4992 89 4458
5909 24 1220
7017 817 40873
6407 49 2482
6827 191 9595
7012 339 16980
7049 748 37431
7007 84 4221
6874 88 4441
5237 63 3173
7023 1262 63137
7010 812 40619
7021 594 29710
7008 337 16872
7003 428 21448
7020 495 24788
6023 28 1424
7047 101 5089
7012 762 38118
7025 365 18276
7008 820 41044
7018 920 46016
7003 1590 79542
7003 436 21842
4998 44 2230
7021 221 11051
6594 105 5264
6611 48 2440
7026 785 39256
7014 115 5784
5511 56 2848
5214 55 2786
7054 849 42455
7006 475 23766
7014 898 44911
6946 63 3156
7020 1091 54594
6901 2 141
5966 68 3446
7020 1913 95699
7014 679 33957
7054 105 5282
7001 997 49857
5164 74 3709
7001 688 34433
7004 329 16455
7023 1607 80373
6990 7 384
7020 1933 96699
7012 1653 82699
5002 41 2060
7023 937 46869
7053 2 124
5782 121 6096
5986 31 1557
7049 856 42832
7434 83 4195
7017 1371 68600
7055 167 8387
5134 36 1825
7004 104 5241
5338 12 646
6478 63 3173
7048 28 1441
7049 1325 66295
5584 19 982
7026 331 16551
7008 1319 65988
7049 1126 56317
7054 1410 70525
6642 59 2953
7003 1297 64891
7017 1512 75616
7020 384 19224
7023 239 11989
7563 21 1059
7049 1197 59872
7004 1326 66319
7011 288 14405
5436 56 2850
7054 25 1299
7004 57 2853
7020 1570 78522
7008 779 38990
7055 756 37807
7004 1020 51045
7049 1416 70835
7004 1598 79907
7021 645 32270
7016 283 14171
7021 695 34782
7054 1190 59528
7012 893 44693
7017 1068 53443
7012 278 13945
7004 248 12415
7010 46 2316
6978 10 544
7584 23 1181
7020 1614 80707
7014 996 49820
5452 18 919
7017 817 40871
7001 848 42440
7020 257 12874
7001 650 32540
7023 1148 57450
7049 542 27124
5774 83 4157
6888 34 1743
7003 1427 71380
7004 1326 66336
7014 558 27936
7021 153 7670
6768 46 2345
6798 162 8139
7018 890 44502
7047 73 3665
6879 55 2791
7018 817 40895
7001 552 27649
7011 74 3727
7023 1445 72260
6664 66 3337
7025 232 11648
7017 424 21207
7054 523 26180
6535 63 3178
6347 0 29
7021 242 12145
6953 3 179
6114 135 6797
7055 268 13401
6369 54 2746
7001 71 3556
7023 518 25933
7016 3 175
7004 1695 84778
7004 1135 56782
7020 1888 94401
6564 125 6274
7059 41 2096
6339 180 9025
7026 578 28923
6964 44 2226
5516 48 2450
7012 87 4383
7012 34 1727
5516 47 2371
7020 59 2951
7012 658 32922
7006 296 14846
7026 198 9950
6369 54 2746
7003 436 21842
6874 83 4156
7003 441 22088
6989 187 9352
7026 520 26041
6932 231 11598
7006 296 14835
7018 920 46016
7020 257 12866
6990 7 384
6102 9 477
6375 99 4964
7020 495 24788
7026 355 17787
7010 739 36963
6340 67 3383
7054 1306 65322
7054 1001 50086
7010 671 33556
6141 17 891
7004 554 27711
7017 1073 53679
5326 4 249
7012 842 42108
7003 1543 77166
6285 130 6533
7003 389 19466
6549 122 6125
7054 1410 70508
6952 44 2229
7016 283 14174
6928 49 2463
6778 32 1647
6803 11 573
7055 779 38981
7054 515 25792
7023 590 29517
7001 552 27649
7049 1966 98301
6942 22 1141
6529 54 2731
7023 213 10692
7054 1344 67229
7001 600 30010
7001 997 49874
7021 293 14695
7006 610 30526
7004 79 3970
7017 692 34615
7023 1646 82335
7054 1709 85452
6952 4 231
6747 7 393
7012 813 40695
7020 698 34911
7012 1324 66203
7008 1245 62286
7017 1584 79203
6874 4 204
7023 691 34583
7004 248 12433
7017 954 47711
6981 92 4602
6407 180 9041
7049 1004 50216
6936 23 1170
7054 1344 67208
7001 146 7306
5136 3 189
6118 134 6711
6356 127 6389
7008 1334 66728
7010 923 46179
7020 1782 89105
6647 114 5737
7023 1730 86545
7022 47 2352
7055 779 38977
6824 65 3284
7017 1073 53700
7004 79 3955
7014 50 2545
6985 34 1703
7012 82 4103
7004 1585 79259
7049 628 31437
7054 1709 85456
7014 996 49815
7010 509 25464
6007 0 46
5005 208 10420
5511 55 2790
7026 331 16581
6946 8 404
7003 1269 63492
4978 37 1864
5625 108 5433
7020 357 17861
7017 796 39808
7049 1749 87456
7016 22 1107
7021 352 17603
7017 160 8038
7020 386 19335
7023 1658 82937
7001 827 41382
7018 719 35982
6752 227 11373
6823 7 371
6298 53 2681
6246 18 926
7010 1662 83144
7026 470 23528
5914 96 4827
5013 202 10140
7023 1895 94788
7010 1193 59700
7014 296 14818
7004 1595 79781
7001 71 3571
5924 12 649
6091 202 10145
6506 73 3686
7003 143 7175
6296 2 139
6989 187 9352
5412 31 1558
7014 1176 58812
6502 43 2188
6548 42 2118
7014 933 46684
6218 4 230
5566 24 1229
7003 1 55
7001 738 36928
7025 258 12925
7014 43 2191
7017 376 18826
7023 1657 82864
7023 1148 57449
7008 1245 62266
7003 1443 72195
7017 692 34615
7019 220 11008
7026 158 7907
5177 42 2114
7049 542 27127
7055 326 16343
6347 58 2907
4969 23 1199
7001 37 1863
7055 460 23012
7023 14 736
7004 1595 79754
7055 318 15943
7008 337 16871
7012 102 5145
7023 1005 50265
6874 1 66
7054 2013 100664
7020 1298 64905
7020 650 32525
7055 337 16869
7055 261 13079
7017 1753 87655
7023 1445 72281
7008 120 6001
7047 15 764
6102 9 477
7017 970 48504
6425 24 1233
6353 69 3463
7023 123 6164
7049 1482 74133
6544 341 17098
7003 1224 61237
6423 89 4469
6407 164 8247
6313 15 799
7022 2 112
7004 258 12923
7023 1071 53564
7012 762 38137
6936 12 633
7008 472 23627
7004 844 42223
5370 108 5417
7006 475 23786
7055 391 19582
7003 1197 59865
6990 7 384
7004 871 43574
7020 1282 64136
7017 796 39808
7004 349 17500
7008 567 28361
5215 41 2066
7012 1143 57170
7010 1145 57271
7012 1300 65038
7004 1598 79926
5452 11 570
5588 165 8299
6874 4 241
7048 77 3880
7012 343 17184
7017 244 12243
7023 1012 50620
7004 1365 68289
6507 83 4200
6506 74 3742
7006 11 587
7020 1067 53389
7021 93 4658
7017 1530 76525
6803 25 1291
6975 179 8965
7003 171 8584
7012 658 32917
7001 37 1855
5268 5 289
7054 25 1299
7010 1662 83144
7004 1686 84309
6534 42 2113
7021 219 10972
7048 37 1868
6946 34 1723
5337 138 6929
7020 674 33706
7008 708 35415
7049 1200 60025
5777 33 1656
7017 772 38642
7008 531 26597
6850 48 2444
7017 862 43143
7016 185 9271
5589 88 4443
7003 1475 73789
7017 1752 87638
7003 286 14334
7055 760 38032
6489 112 5611
7054 2018 100929
5588 162 8119
7017 1752 87650
7126 1 86
7010 1443 72151
6122 45 2283
6218 4 244
7004 1190 59550
6823 7 373
7012 487 24387
6024 86 4340
7001 688 34450
7023 1122 56128
7049 722 36105
6767 5 285
7012 323 16151
7019 102 5118
7055 34 1726
7026 470 23528
7004 903 45174
7023 1071 53578
6572 183 9177
7001 461 23053
7008 708 35427
7025 451 22587
6978 10 544
5588 169 8477
6829 180 9004
7017 1693 84655
7010 822 41146
7055 326 16343
6752 147 7396
7018 357 17893
5925 8 431
7025 47 2373
6973 146 7343
7010 1255 62785
7478 24 1210
7003 1302 65112
7010 705 35252
7012 610 30517
7003 267 13391
7001 674 33707
7017 1124 56248
7008 540 27021
7020 374 18744
7003 617 30872
7001 71 3556
7014 267 13395
5268 10 519
6749 76 3831
7054 1659 82996
7054 783 39189
7004 1720 86005
6975 172 8640
7020 546 27344
7023 937 46852
6298 52 2637
7049 143 7169
7003 143 7192
7023 1646 82338
7018 682 34116
7010 1478 73917
7020 1252 62636
7026 525 26252
7012 1590 79525
7001 552 27649
6823 7 371
6956 85 4251
7023 1585 79256
7023 1054 52718
7012 1634 81723
7010 812 40648
6180 12 622
7054 1301 65075
6440 25 1276
7012 82 4103
7007 33 1672
5914 99 4967
5134 32 1641
5268 7 396
7010 1745 87284
7023 1728 86415
7020 1470 73515
7004 988 49413
7001 71 3592
6369 50 2530
7023 1893 94665
6989 117 5892
7020 1949 97482
7022 223 11178
7006 210 10503
6160 74 3730
6800 47 2370
6544 345 17254
7012 274 13709
7020 427 21360
6789 32 1609
7010 1499 74989
7008 298 14920
7019 581 29080
7020 1225 61256
7008 829 41460
6637 44 2250
6535 3 155
7020 957 47859
7049 1302 65121
6402 41 2063
7008 955 47763
6956 85 4251
7012 731 36557
6832 15 776
7004 1595 79784
7008 779 38981
7022 13 677
6325 1 79
7006 11 587
7003 1269 63470
7010 219 10958
6837 101 5088
5925 127 6371
5177 40 2023
7023 824 41247
5924 18 904
7014 1139 56974
7023 1585 79298
7008 651 32597
7012 809 40462
5337 117 5870
6946 40 2042
7054 1588 79411
7016 88 4409
7020 1933 96699
7049 157 7894
7026 785 39264
7053 18 928
5474 47 2359
6313 15 799
5071 61 3088
6880 20 1045
7004 554 27720
7010 812 40608
7001 832 41617
7008 1334 66714
7011 226 11344
6789 29 1466
6332 66 3302
6826 34 1742
7023 613 30673
7001 411 20600
7017 55 2798
7017 57 2863
5412 31 1558
7055 167 8353
7023 1012 50620
6906 28 1443
7010 1375 68792
7054 1283 64178
7004 837 41891
7049 722 36125
5177 42 2146
7003 152 7602
7054 523 26185
7004 950 47512
6551 11 592
7047 55 2784
7054 783 39166
6507 199 9952
7026 558 27902
7017 424 21241
6803 131 6586
7014 185 9290
6946 40 2042
7020 1172 58629
7625 90 4529
7049 1104 55239
6160 65 3256
7049 1432 71621
6350 81 4054
7054 539 26974
7006 475 23766
7020 1024 51224
7016 0 24
7010 200 10043
7001 564 28210
7019 412 20605
6978 16 846
7003 52 2601
6375 17 890
7054 900 45035
6363 7 360
7003 472 23604
7004 988 49401
7023 1658 82937
7017 1530 76525
7014 1282 64104
7003 617 30863
7054 508 25416
6118 135 6761
7054 539 26973
7012 34 1727
7004 1020 51020
6828 224 11241
6115 19 974
7055 779 38981
7017 1036 51836
7020 1614 80709
7017 970 48504
5215 41 2086
6946 35 1790
7049 1326 66349
6928 49 2463
7020 965 48276
7010 1255 62768
7049 628 31432
7048 167 8379
7014 1282 64118
4991 26 1310
6506 70 3532
7012 731 36581
7017 1530 76525
5005 47 2367
7026 104 5219
7010 57 2872
7014 874 43711
5337 138 6921
7003 231 11556
6489 108 5442
6382 77 3898
7004 890 44520
7014 291 14564
7014 426 21340
7008 962 48119
7017 394 19705
6600 9 486
7008 436 21850
7003 896 44839
7003 920 46025
5433 26 1329
6795 0 35
5940 40 2012
5774 87 4397
6534 48 2420
6798 36 1823
7020 633 31695
6206 19 973
7023 1639 81982
7014 739 36980
7010 1195 59773
6946 8 404
7049 1201 60086
7018 875 43784
6798 36 1823
7049 1302 65140
7023 1734 86719
7019 102 5144
7020 360 18034
7017 1371 68600
7049 1980 99006
7055 438 21904
6100 81 4066
7014 1565 78288
6507 31 1581
6798 50 2541
7014 292 14645
5183 24 1206
7018 676 33808
7010 773 38654
7021 604 30202
6100 69 3461
6974 20 1021
7023 823 41173
7017 1171 58567
7019 142 7129
6803 114 5747
6803 4 226
7026 158 7931
7012 1202 60123
6829 192 9646
7055 264 13226
7014 996 49846
5093 150 7515
7054 1503 75186
6535 63 3178
7014 632 31618
7017 1124 56207
7675 111 5598
7020 1158 57916
7023 1262 63149
7003 60 3050
7004 1073 53676
7055 326 16324
4952 48 2425
6118 137 6891
7003 1022 51123
7014 544 27248
5566 27 1363
7014 1730 86543
6551 12 639
6928 47 2361
7054 433 21654
7003 441 22062
7020 847 42380
5774 83 4157
7054 1501 75057
7014 1038 51935
7020 1361 68097
6551 155 7781
7012 1634 81723
5497 28 1449
7016 3 175
5093 171 8558
7008 324 16218
7020 59 2997
6110 30 1506
7010 509 25452
5625 203 10193
7001 447 22358
7020 1943 97151
7019 563 28158
6530 1 65
5437 134 6739
7004 349 17489
7026 470 23548
7023 1056 52835
7010 671 33582
7020 1943 97151
7054 978 48901
7022 222 11140
5511 55 2787
7012 594 29734
6837 58 2948
6829 193 9683
7053 11 585
6023 44 2207
7049 1482 74125
6382 101 5095
7020 641 32070
7017 1506 75307
7016 185 9271
7001 997 49874
7001 997 49868
7026 331 16568
7004 1598 79907
7017 271 13565
7004 1242 62149
7012 559 27985
7025 148 7432
7023 1054 52718
7021 171 8576
7004 1509 75486
7012 457 22892
7017 55 2800
7004 1142 57128
7010 1148 57423
6922 161 8087
6533 10 503
7049 1755 87771
7008 651 32557
7054 900 45003
7012 1458 72939
6493 107 5361
6829 192 9613
6803 131 6586
7020 1949 97479
7012 330 16529
7021 523 26155
6780 155 7776
7003 1022 51123
7019 328 16450
5370 108 5417
7014 972 48607
7126 0 48
7049 1612 80629
6423 80 4009
7010 1257 62881
7012 597 29858
7008 91 4591
7020 226 11301
6978 10 544
5516 70 3513
5454 225 11289
7054 427 21387
6591 76 3825
7014 1282 64130
5527 70 3532
6154 11 559
7055 154 7741
5576 54 2725
7001 155 7797
7019 50 2549
7023 689 34472
7055 59 2961
7016 85 4274
7011 81 4099
7010 25 1300
7012 527 26362
7334 3 193
7004 79 3970
7049 203 10172
6350 78 3930
7019 37 1854
4952 46 2339
7017 95 4763
7048 167 8379
7006 296 14846
7020 766 38302
6599 108 5450
6769 61 3088
6990 7 384
6098 52 2620
5774 87 4397
7047 30 1501
7003 639 31955
6606 40 2004
6151 13 679
6978 10 544
7004 248 12433
7008 1411 70569
7023 1766 88346
7021 271 13589
6854 31 1588
6100 137 6874
7003 286 14347
6100 78 3919
6773 31 1582
6407 49 2482
7049 1432 71608
6533 8 425
6928 50 2520
7020 1282 64104
7017 1036 51827
7004 349 17481
7054 1776 88839
7008 884 44225
7001 965 48264
6366 85 4269
6579 18 927
7054 1344 67207
7054 1344 67229
6340 63 3182
6752 161 8077
7026 470 23528
7059 71 3581
5566 26 1305
6139 16 827
7018 887 44382
7020 1383 69198
7020 59 2951
7020 961 48091
7006 7 392
7003 639 31954
7010 773 38699
7049 1830 91549
5953 3 164
6811 15 776
7017 1584 79203
7049 425 21296
6906 32 1643
7008 493 24681
7054 357 17864
7014 1038 51930
6893 192 9608
7049 1753 87667
5588 170 8545
7017 329 16482
7049 1925 96282
7017 55 2800
7049 1966 98322
7025 311 15551
7054 1912 95614
6376 24 1213
6591 77 3861
7004 1595 79781
7026 817 40853
7023 1716 85830
6354 89 4469
7004 870 43544
5474 47 2368
6953 3 179
7047 55 2778
7014 1236 61838
6946 2 126
7023 318 15945
7017 1530 76525
7008 337 16872
7001 74 3749
7282 24 1222
7006 33 1654
7014 426 21340
6893 192 9608
7021 504 25205
7020 1025 51281
6100 78 3919
6955 129 6486
7054 1306 65316
7049 1197 59897
7010 1550 77527
7012 1114 55745
7020 1949 97478
7004 950 47541
7003 1197 59864
7049 1200 60025
7004 619 30984
7017 322 16128
4983 1 59
7054 345 17252
5108 23 1187
5459 59 2954
5516 46 2335
5585 53 2688
6922 223 11179
7017 1752 87637
7018 875 43773
7054 515 25761
5516 48 2429
5953 3 164
7023 325 16274
7023 1148 57449
6814 1 89
7014 1236 61812
7054 1904 95201
7014 1190 59502
6642 61 3092
5986 29 1476
7023 531 26600
7020 1570 78538
7023 1122 56111
5511 22 1144
7008 667 33361
7054 488 24422
7017 57 2872
7054 1211 60587
4982 121 6075
6893 198 9907
7016 88 4409
7012 274 13717
7003 1590 79548
7014 1282 64118
7008 324 16241
6339 180 9048
7014 686 34303
7054 1503 75174
5600 158 7927
7017 983 49187
5411 194 9741
7054 1015 50776
7021 377 18855
7001 1035 51773
6098 137 6876
6768 41 2082
7020 926 46343
6230 60 3014
5516 48 2429
6780 149 7474
5909 24 1220
7054 1501 75083
7010 397 19862
6483 107 5355
7021 785 39295
6835 117 5864
7049 1632 81636
7049 1482 74122
7010 1745 87286
6928 50 2520
7004 349 17473
7004 554 27739
7023 479 23952
7012 27 1370
7054 1306 65316
7003 171 8567
7012 1246 62343
7014 185 9279
7011 81 4099
7004 1598 79942
5387 31 1580
7055 830 41512
6483 105 5278
7049 938 46924
7018 832 41645
7021 333 16677
7023 1893 94664
7006 296 14835
5179 98 4928
7049 143 7169
6115 12 609
6139 11 552
6812 97 4860
7020 325 16253
7054 539 26974
7017 1693 84686
5897 38 1920
7010 509 25498
7020 1006 50330
5177 42 2114
6149 156 7816
5946 5 274
5031 72 3617
7019 251 12554
5090 84 4248
7054 778 38927
5511 54 2723
7055 391 19564
6873 11 564
7054 345 17300
7010 57 2856
7004 1585 79288
7018 875 43763
6347 6 315
7054 433 21654
7048 142 7132
7022 253 12661
5953 9 461
7017 1512 75616
7004 79 3970
7004 950 47541
7055 438 21904
7012 709 35468
7004 1142 57128
6149 17 896
5337 133 6652
7014 1565 78283
7017 1584 79215
7004 1595 79781
7020 961 48077
7023 676 33803
6334 62 3124
7054 255 12769
6806 22 1137
7017 329 16482
7054 550 27517
7010 773 38699
6548 46 2314
5089 42 2104
6974 18 914
6423 8 415
6141 17 891
7049 1456 72808
5777 33 1656
7008 337 16887
6363 7 360
7018 871 43590
7003 762 38150
7049 692 34632
7014 267 13365
7011 226 11302
7001 939 46985
6218 4 244
7014 291 14589
7055 59 2961
7018 875 43784
7055 326 16334
7003 389 19492
7006 138 6929
6549 120 6026
7020 836 41827
7026 433 21678
7010 933 46676
7001 552 27625
5093 178 8908
7012 731 36585
7023 1483 74185
7408 20 1015
7023 325 16253
5986 31 1567
6296 3 181
7017 683 34153
5516 46 2335
6752 218 10904
7017 1693 84673
7008 543 27169
7023 345 17297
6379 68 3441
7014 511 25599
7055 154 7725
7017 1068 53449
7017 1287 64366
6687 178 8918
7008 1245 62266
7020 1300 65032
6004 158 7902
7017 1635 81754
7054 1982 99136
6893 194 9737
7558 20 1002
7012 1254 62711
6350 81 4070
7023 1729 86486
7014 739 36969
7006 296 14835
7003 52 2645
5600 149 7452
7020 159 7989
5387 37 1883
7014 185 9290
7019 7 392
6969 234 11723
7021 172 8635
7026 855 42752
7010 1403 70191
6934 146 7344
7026 525 26277
6493 30 1518
6382 160 8009
7054 1595 79779
6969 198 9925
6339 174 8749
7026 561 28070
7020 1338 66932
7054 900 45035
7054 25 1291
7014 291 14589
6572 178 8908
5339 22 1137
7049 938 46908
7054 357 17886
7008 337 16872
7023 345 17283
7001 411 20574
7012 809 40472
6100 81 4083
5387 37 1883
6955 64 3218
7017 164 8215
7047 88 4404
7003 414 20706
7010 773 38699
7014 1282 64130
7690 54 2706
7010 46 2343
7054 711 35579
7014 1603 80166
7020 1464 73207
6530 6 340
7010 671 33576
6600 9 486
6161 19 991
7059 72 3622
7019 220 11044
7001 37 1863
7054 1001 50093
6154 10 535
7020 957 47882
6981 88 4424
7003 152 7602
7025 305 15276
7023 676 33816
7023 1122 56140
5136 18 945
7004 930 46527
7049 157 7894
7001 507 25373
7017 1036 51827
7021 377 18889
7019 541 27081
7013 8 440
7012 312 15610
7023 1734 86735
7055 780 39005
7012 1324 66236
7014 1517 75875
7023 848 42405
7054 515 25783
7023 1054 52747
7020 149 7484
7012 274 13720
7019 573 28687
7001 650 32540
7020 1464 73210
7016 185 9269
7023 382 19136
7014 883 44193
7017 410 20502
7049 542 27122
7008 715 35759
7023 1607 80361
6798 162 8139
7004 466 23330
7020 1137 56863
7017 230 11541
6553 142 7113
7003 267 13380
7049 1326 66317
7010 812 40642
7010 671 33582
7018 357 17893
7008 543 27154
7054 1686 84342
5896 7 385
7054 25 1299
7014 972 48614
7017 1732 86637
7023 1907 95400
6149 153 7675
7004 394 19739
6080 155 7795
6205 30 1504
7023 1907 95354
6981 88 4424
7010 822 41109
6923 40 2021
6122 44 2202
7017 1208 60401
7004 258 12916
7012 1266 63321
7006 138 6904
7010 57 2856
7011 154 7708
7020 1933 96697
7026 87 4393
7004 1071 53585
7018 332 16647
6765 27 1393
7023 607 30397
5090 86 4309
7026 331 16588
7014 1653 82689
7054 778 38917
7008 779 38999
6934 146 7310
7004 516 25807
6376 66 3349
7012 274 13717
5370 108 5417
7049 938 46941
7014 886 44308
7010 720 36044
7049 463 23189
7019 251 12593
7013 110 5503
7012 731 36581
7017 1512 75634
7003 143 7184
5207 74 3721
7023 1262 63149
7048 142 7134
7026 855 42752
7010 1443 72151
7054 111 5577
6880 20 1046
7006 138 6921
6855 110 5519
7023 345 17293
6101 40 2009
7008 715 35766
7047 119 5970
5971 118 5902
7004 1280 64036
7023 1164 58210
7012 63 3195
6149 147 7381
7011 19 959
6946 2 126
7013 57 2871
7025 201 10058
4952 46 2339
7001 674 33748
6226 52 2607
7008 779 38999
7004 1242 62142
7008 884 44225
5516 47 2371
7025 233 11653
7020 1275 63776
7004 1720 86005
7004 79 3955
7020 495 24792
7011 118 5921
7054 255 12795
7003 774 38740
7008 934 46708
7023 333 16663
7017 772 38601
7012 1361 68061
7054 390 19513
7014 1603 80187
5982 28 1424
6353 67 3396
7018 875 43784
7003 322 16123
7010 720 36044
7020 917 45888
6930 30 1548
7008 779 38990
7019 7 392
5179 95 4786
7023 607 30391
7020 386 19345
7020 1300 65048
7020 1089 54470
7012 1191 59574
5155 62 3115
6953 143 7183
7026 158 7907
7001 997 49857
5897 39 1974
6620 53 2654
7022 47 2391
6594 113 5685
7055 826 41343
7023 1058 52946
5090 22 1106
6683 118 5946
7408 89 4461
6874 2 129
7014 996 49813
7008 667 33361
5588 157 7898
6826 35 1798
7012 487 24399
7017 1036 51802
5060 64 3224
7003 887 44362
7326 26 1305
6901 13 696
7021 352 17636
7008 955 47791
5625 108 5433
7010 1443 72192
7017 1519 75985
6874 1 64
7010 722 36109
7018 698 34940
7017 112 5613
6590 64 3214
5625 108 5440
7020 386 19335
7004 569 28462
7018 411 20585
7012 1590 79544
6998 205 10282
7026 470 23527
7012 943 47157
7010 1193 59668
6932 232 11619
7001 895 44751
6154 12 629
7025 148 7432
7003 1197 59859
6765 27 1393
6551 152 7637
7019 381 19059
5013 208 10416
6102 9 477
7001 688 34444
7026 594 29744
7008 779 38999
6969 235 11792
7457 158 7949
7054 1344 67208
7049 818 40916
7001 37 1887
6829 182 9134
6806 29 1480
7048 77 3882
6824 63 3154
6350 84 4209
7010 200 10007
6803 9 485
7049 203 10172
7055 261 13087
7018 897 44900
7054 638 31903
7026 158 7924
7023 1893 94684
7012 1324 66206
5455 10 533
7008 676 33820
7055 391 19556
7018 851 42554
7049 1104 55239
6837 205 10298
6217 18 925
7003 762 38131
6332 63 3194
7007 4 247
7017 1073 53679
6642 55 2790
7017 1753 87655
7004 147 7355
7049 1697 84857
7049 689 34496
5914 99 4967
7023 75 3781
6780 152 7608
7025 261 13062
6430 5 278
7004 1381 69054
7678 18 917
7004 1298 64906
7049 1197 59900
7023 318 15945
7020 462 23113
7016 123 6167
7001 1183 59158
7004 1279 63998
7020 1091 54594
7054 25 1281
7010 57 2870
7049 1966 98313
7001 205 10253
7021 93 4676
6642 55 2790
7007 81 4095
7012 34 1748
6999 9 462
7019 23 1196
7020 1249 62456
7010 1698 84918
7001 848 42440
6637 44 2250
7001 759 37999
7054 25 1291
7020 257 12857
6803 9 454
7023 613 30658
7023 1328 66440
7018 945 47273
7055 780 39001
7014 632 31610
7049 2005 100281
7026 558 27912
7017 1506 75327
7014 1603 80179
7003 171 8567
6296 3 181
5771 29 1486
7010 200 10032
7010 773 38699
7007 90 4537
7667 11 596
7014 106 5337
7004 950 47512
6217 18 925
7019 253 12668
6959 181 9097
7012 1246 62349
5089 42 2104
7026 855 42797
6980 191 9587
7025 261 13071
7019 220 11034
6637 44 2250
7019 253 12691
7020 1949 97461
6118 135 6761
7004 1585 79277
7046 103 5159
7023 75 3799
7021 674 33704
7017 1681 84057
7020 956 47805
5411 156 7817
7584 23 1181
7017 1287 64392
5909 25 1255
7004 416 20823
7018 374 18725
7012 34 1738
6483 102 5126
7020 49 2465
7012 1143 57170
7018 265 13271
5387 37 1883
7010 1145 57299
5625 203 10193
7023 1120 56016
7047 88 4448
6873 10 520
7020 49 2454
7020 1091 54592
7001 447 22358
7017 1269 63469
7012 82 4106
7048 142 7121
6535 63 3164
7021 233 11664
7049 1796 89846
7014 979 48960
6440 37 1894
7003 152 7650
7020 257 12866
7011 274 13750
7004 1513 75686
6304 100 5039
7023 936 46829
6893 194 9737
7014 979 48960
5896 1 96
7054 1083 54199
5454 78 3904
6533 10 503
6298 53 2681
7026 109 5470
7740 30 1523
7012 102 5101
7055 59 2970
6942 26 1327
5268 10 549
6768 42 2107
7021 219 10998
7018 265 13271
7001 600 30010
7010 1148 57405
7013 150 7519
7017 1752 87619
7026 558 27912
7021 645 32271
7018 357 17900
7017 1732 86641
6756 89 4494
6354 83 4180
5326 133 6680
7003 1 54
6956 85 4290
7023 937 46880
7017 125 6275
7008 1334 66735
7014 52 2614
5099 18 912
6122 39 1982
7462 21 1090
7014 1603 80187
6829 190 9521
6296 0 45
6361 31 1555
6990 7 384
7023 689 34472
6956 0 33
7026 745 37267
7001 461 23089
7016 22 1139
7054 815 40772
7012 1162 58123
7017 1609 80466
7003 60 3050
7012 274 13736
6932 231 11563
7012 689 34466
7020 1678 83918
6564 125 6274
6752 121 6074
7054 398 19950
7018 875 43798
7012 63 3186
6101 43 2190
7014 64 3233
7014 898 44910
7023 382 19133
7018 875 43798
6478 62 3110
7025 451 22587
7014 632 31610
7006 11 554
7018 920 46002
7010 1662 83126
7004 950 47545
6922 224 11239
7054 1001 50093
7004 882 44103
6974 21 1056
6778 30 1509
6572 183 9177
6823 8 447
7014 1397 69899
7012 274 13720
7018 411 20582
6922 223 11179
7008 472 23627
7018 719 35978
6160 65 3288
5099 13 678
7003 920 46031
6281 98 4923
7017 683 34175
7021 333 16691
6832 13 657
7008 1353 67677
5226 26 1311
7022 47 2361
6893 193 9676
7021 242 12106
7019 7 374
6980 191 9587
7001 965 48264
6304 193 9659
7020 961 48091
7004 550 27527
7022 47 2361
6776 1 54
7021 245 12257
7017 1134 56713
7021 454 22719
5207 84 4210
7020 836 41838
7011 118 5942
7012 709 35481
6826 32 1610
7021 54 2703
6462 66 3326
7014 1282 64130
5433 71 3578
7004 558 27912
7010 671 33576
7010 773 38654
7003 174 8703
6564 125 6274
7004 303 15160
7021 443 22193
7017 954 47746
7010 1635 81783
7012 154 7710
7049 860 43007
6425 28 1446
6445 3 181
7012 509 25482
7020 937 46855
5435 6 342
7019 160 8036
7021 645 32279
7003 1269 63486
7003 1417 70896
5177 40 2023
5625 205 10281
7004 370 18550
7021 261 13065
7049 476 23823
7004 844 42223
7020 650 32524
6347 47 2363
7478 24 1210
7055 764 38217
6445 3 181
6332 66 3302
7008 94 4706
7004 1661 83089
7018 357 17864
6376 13 687
6656 69 3455
7026 201 10060
7026 668 33417
7059 80 4021
7049 956 47839
7004 1479 73961
7004 1507 75357
6832 15 776
7004 890 44507
6407 18 912
7018 871 43583
7017 830 41539
5338 12 646
6823 9 463
6803 17 889
6915 176 8849
7023 1543 77151
5177 42 2109
7054 1770 88516
7026 558 27902
7018 536 26843
6653 119 5956
6979 57 2898
5177 2 119
5897 36 1825
7054 1327 66396
7019 272 13628
6444 166 8321
7054 298 14938
6653 119 5956
7004 1279 63976
7049 204 10235
7020 1091 54592
6985 12 618
7003 1543 77185
7049 1104 55228
7018 292 14636
7023 345 17283
7001 759 37963
7018 920 46016
7013 57 2876
7014 52 2614
7012 594 29740
7012 597 29868
6780 151 7560
7017 1403 70196
7020 3 183
7020 637 31853
7055 261 13079
7054 278 13935
7001 71 3571
7054 778 38943
7014 1282 64104
5511 51 2564
7008 324 16241
6375 14 708
6990 11 595
5268 0 19
7017 1036 51836
7023 6 310
7008 995 49787
7004 258 12916
6493 107 5351
7021 293 14682
7008 540 27001
7017 1068 53414
7013 225 11291
6835 112 5635
7049 1104 55235
7020 1089 54457
6946 41 2094
7004 1695 84789
7006 18 910
6154 7 390
7017 1617 80860
7004 601 30088
6376 11 555
5617 62 3113
7010 1195 59795
7010 397 19889
7054 1770 88513
7023 213 10692
7054 218 10948
7004 1695 84778
7021 645 32255
7020 1455 72792
