6325 45 2292
5459 59 2954
7012 1143 57170
7001 155 7783
6829 180 9004
7053 48 2436
7054 1083 54199
7017 329 16482
7020 957 47889
5164 72 3646
7004 1326 66319
7019 563 28158
6795 0 35
7021 219 10998
7008 91 4591
7018 707 35380
7054 397 19863
7019 253 12691
5412 31 1558
7016 22 1150
6795 50 2504
6806 32 1637
5013 209 10470
7012 557 27893
7016 88 4409
7012 27 1354
7017 1171 58565
7023 1012 50620
7022 253 12661
7018 15 757
7008 934 46743
6985 34 1703
7054 1912 95633
7474 83 4181
7004 79 3970
5361 108 5444
7008 829 41460
5600 149 7452
7010 773 38699
7023 676 33816
7054 1823 91199
5005 208 10420
6154 12 629
7054 778 38943
5511 55 2787
7004 1479 73961
7023 6 310
7019 253 12691
7008 962 48119
7020 673 33657
7012 1246 62350
6339 175 8773
6780 151 7560
7026 578 28923
7017 167 8354
7020 1091 54592
5268 0 19
7008 884 44225
7001 552 27649
7004 1720 86048
6956 85 4290
7012 669 33496
7049 1432 71608
6100 137 6874
5093 171 8558
7004 1063 53176
7010 822 41103
6942 22 1149
7018 832 41645
7054 1800 90043
6211 181 9056
6354 84 4239
7017 1617 80860
6529 58 2909
5433 88 4435
6969 198 9925
7016 22 1139
5588 169 8477
7026 238 11940
7021 785 39284
6506 72 3640
7004 1585 79292
6246 18 926
5516 75 3778
6814 1 89
5016 72 3638
7010 671 33576
6798 162 8139
7010 1239 61970
7025 274 13704
6752 167 8374
7055 167 8353
7023 1716 85824
7020 1429 71457
7023 479 23956
7014 679 33962
7023 1646 82338
7004 1695 84778
7017 1752 87637
6319 149 7456
6100 69 3461
6667 74 3729
7018 790 39514
6160 65 3256
5600 52 2624
7014 1282 64144
7003 762 38131
7049 938 46924
7049 689 34496
7017 1371 68600
7054 488 24431
7023 1734 86719
7012 82 4103
7049 692 34632
7020 766 38302
7010 671 33582
6506 70 3532
6953 142 7123
7007 33 1672
6768 46 2345
6827 191 9595
7020 1933 96676
7049 204 10246
6376 24 1213
6535 3 155
7017 271 13577
5337 138 6929
7001 650 32542
7023 1122 56136
7003 1590 79532
7010 200 10007
7008 955 47778
7008 651 32572
7003 441 22088
6873 11 564
7462 21 1090
6599 108 5450
7003 920 46031
6946 34 1723
7018 871 43590
7003 286 14347
7003 1197 59864
7006 138 6929
6826 35 1767
6296 3 181
7025 148 7446
7021 604 30204
7003 896 44839
7055 504 25230
7023 6 322
7010 773 38654
5013 202 10140
6952 4 231
7008 1319 65988
7020 476 23832
7004 349 17456
6653 123 6194
7017 1134 56713
6506 67 3398
7022 99 4992
7049 425 21264
7021 54 2745
7020 1620 81019
7017 273 13692
7008 884 44225
5090 21 1095
7012 1191 59589
7012 1162 58108
7014 1603 80166
7049 1392 69615
7022 3 153
7018 875 43773
7049 1482 74122
5412 31 1558
7020 1231 61556
6023 28 1424
7014 911 45587
7049 1200 60025
6206 19 973
6350 81 4070
6218 0 43
5625 108 5433
5002 20 1050
7055 318 15943
7004 1242 62142
7004 1073 53660
7054 1306 65316
7004 554 27720
7434 83 4195
7012 308 15435
7017 509 25455
7017 1625 81262
7020 961 48091
7139 51 2575
7054 397 19879
7017 1519 75960
7014 979 48960
5909 25 1255
7012 388 19404
6445 3 181
6653 120 6006
6653 119 5956
5953 9 461
6457 28 1430
7023 676 33816
7010 739 36963
5953 3 164
7017 1373 68667
7019 409 20462
7014 1517 75893
7049 1925 96289
7001 552 27649
4978 37 1864
7055 326 16343
5215 45 2259
7023 1071 53554
7018 871 43590
7700 24 1235
6487 160 8005
6888 34 1743
7054 1659 82996
7023 1054 52747
7008 708 35415
7012 102 5101
7010 722 36113
6231 46 2331
7049 1632 81611
5345 21 1061
6347 3 175
7054 1410 70502
5134 36 1837
6425 25 1292
7014 361 18095
7010 1662 83144
7026 331 16581
7054 25 1299
7055 438 21904
7017 772 38642
7001 600 30010
7004 1598 79942
6100 78 3919
6180 12 622
7003 171 8567
7017 772 38601
6928 50 2517
5953 3 164
6023 28 1424
7022 2 112
7020 1302 65127
7014 679 33952
5387 31 1580
7016 185 9269
7023 936 46829
5625 108 5440
7023 1012 50620
7020 549 27475
7055 779 38981
6425 28 1446
7010 200 10043
7023 1770 88516
6407 49 2482
7025 584 29243
7020 847 42380
6953 3 179
7055 764 38217
7008 543 27154
7054 112 5626
7010 720 36030
7021 850 42532
7021 826 41348
7008 884 44225
7010 57 2856
7020 325 16267
7026 470 23527
7022 47 2387
6572 184 9225
7018 350 17526
6978 10 544
7012 1162 58118
6794 15 753
7001 411 20560
7020 1455 72792
7055 264 13226
7054 515 25761
6402 41 2063
7017 683 34175
6835 117 5864
5108 23 1187
7054 1776 88839
7008 1391 69577
7020 1470 73515
7017 273 13664
7018 890 44528
7010 720 36044
7003 1543 77151
7001 461 23053
7003 1590 79521
7014 996 49820
7020 1172 58629
7020 360 18021
6024 86 4340
4998 148 7423
7012 487 24399
7026 109 5470
7001 997 49857
7023 274 13713
6296 3 181
7022 253 12661
6854 31 1588
6076 30 1516
6483 105 5278
7018 682 34116
7012 610 30542
6826 32 1610
5134 36 1837
6423 81 4052
7001 37 1855
7003 1 54
7017 1171 58567
7012 1244 62205
7054 539 26974
7026 702 35126
7003 267 13391
7001 155 7797
7020 1949 97479
5268 7 396
7020 1006 50330
6637 44 2250
7006 210 10503
7001 939 47000
5516 71 3568
7025 233 11653
7023 1543 77151
7049 1201 60086
5090 159 7957
7012 63 3178
7020 817 40877
6824 66 3346
7014 267 13365
5013 208 10416
7055 261 13079
7010 812 40642
7025 451 22562
7010 1036 51849
7012 489 24451
6564 127 6358
7021 333 16691
7051 20 1010
7014 739 36969
7020 59 2997
4982 119 5965
7026 32 1640
7018 719 35982
5600 158 7927
7012 1254 62711
6382 52 2629
5576 56 2815
6959 184 9234
7014 291 14586
7008 955 47791
7008 779 38981
6979 53 2699
7001 688 34450
7017 1617 80880
6160 65 3288
7054 900 45003
7055 337 16855
6767 5 285
7055 154 7725
7014 1139 56974
7021 352 17603
6975 172 8640
7047 30 1501
6979 57 2898
7054 488 24441
7003 1443 72171
6946 2 126
5897 38 1920
7054 539 26974
6906 32 1643
7048 77 3880
5625 109 5464
7012 274 13709
5953 3 193
5387 34 1734
6773 31 1582
7012 154 7735
7010 812 40619
7023 1012 50633
7017 1312 65641
7023 1445 72281
7018 875 43773
7048 142 7134
7012 1435 71763
7054 1083 54159
7001 759 37982
7049 901 45073
7020 1913 95675
7054 397 19879
7011 74 3727
7625 111 5588
6339 174 8749
7008 337 16871
7014 558 27936
7022 50 2509
6149 147 7366
7023 239 11989
7008 337 16887
7008 1125 56259
7004 1513 75666
6829 190 9521
7054 638 31903
7023 1164 58247
6575 64 3248
7055 326 16326
7020 1300 65033
6827 200 10050
7004 416 20823
7020 845 42283
7020 961 48091
7017 1681 84057
7023 1854 92701
7017 1693 84655
7017 376 18814
5338 15 757
7055 391 19564
7017 1134 56713
6507 199 9952
7006 7 392
7017 1584 79203
6114 135 6797
7020 1464 73207
7004 1595 79754
6507 31 1581
7055 264 13226
7008 995 49778
7055 660 33016
5600 54 2722
5909 24 1220
7054 1001 50093
7003 1417 70882
6835 112 5635
7003 1427 71399
7012 1399 69952
7012 87 4383
7054 398 19944
6218 5 268
7054 1501 75057
7049 1980 99026
7625 90 4529
7014 426 21345
7020 649 32454
7020 1338 66924
6092 63 3159
7054 1292 64615
6098 137 6876
6979 49 2457
7004 1598 79926
7010 1193 59700
7003 152 7606
7023 123 6164
7054 1020 51027
7012 339 16991
7001 997 49874
7014 679 33952
7016 184 9214
5600 149 7452
6548 39 1973
7004 516 25807
7017 1693 84684
7004 890 44518
7021 377 18855
7025 274 13717
7004 1507 75357
7003 1302 65112
7022 47 2361
7023 1658 82915
6100 78 3919
7055 391 19556
6803 131 6586
7014 874 43705
7021 645 32270
6110 30 1506
7012 709 35481
5338 12 646
7055 167 8351
7004 950 47537
7001 1116 55804
7020 1760 88012
7026 668 33417
6483 102 5126
7003 414 20731
7008 1125 56293
6026 49 2497
7054 398 19950
7049 425 21296
7013 150 7537
6922 161 8097
6350 81 4070
7020 560 28014
7014 1603 80187
6423 89 4469
7010 1145 57271
7018 416 20813
7020 1570 78522
7023 479 23994
7018 265 13277
7016 185 9271
7018 875 43773
6534 44 2222
7023 333 16663
7014 697 34899
7014 1565 78253
6534 44 2205
7466 192 9617
7026 104 5219
7012 857 42883
5527 70 3532
7004 950 47545
7054 427 21397
7014 469 23481
7019 98 4909
7023 936 46829
7012 82 4122
7049 956 47821
7020 159 7989
7021 674 33704
7004 258 12903
7001 303 15190
7003 1624 81209
7012 1300 65038
5387 37 1883
7014 1176 58812
7008 324 16218
7003 1110 55511
7025 148 7446
7019 581 29055
7001 71 3592
7021 604 30204
6591 73 3696
7021 377 18889
7010 1571 78567
7008 337 16872
6594 105 5264
7010 212 10627
7047 73 3699
5947 100 5049
6873 11 564
7023 382 19136
5437 135 6760
7008 337 16872
5387 34 1734
7023 1262 63149
7006 210 10503
7020 961 48077
7054 390 19513
6778 32 1647
5177 42 2109
7012 1324 66232
7018 135 6789
7004 1279 63998
7026 470 23548
7010 1745 87295
5370 109 5473
7016 3 152
6823 9 463
7014 1236 61834
7001 74 3702
5134 36 1825
7054 255 12800
7001 564 28210
6835 117 5864
5985 100 5022
6493 107 5351
6347 51 2559
7023 1122 56140
7017 817 40871
7023 1120 56016
7020 961 48091
7016 3 198
6946 60 3044
7003 441 22062
5516 48 2429
7020 1158 57938
7023 1122 56128
7055 826 41336
7023 824 41204
7085 65 3252
6332 66 3302
7408 20 1015
7004 619 30955
6376 10 514
7054 1776 88839
6826 32 1610
7049 1104 55239
7012 489 24477
7004 1647 82379
7012 658 32922
7016 85 4274
7020 957 47859
7017 970 48504
7017 1519 75997
7004 1598 79942
7019 381 19059
6339 180 9048
5896 36 1843
7025 47 2373
5011 29 1488
7049 1104 55244
7023 823 41173
6605 95 4783
7020 961 48067
7049 1201 60079
7017 983 49192
7019 41 2068
7017 55 2800
7004 807 40354
6153 38 1908
7023 1148 57449
7020 1089 54470
7017 55 2798
6115 39 1979
7020 49 2465
7018 966 48334
7001 997 49874
7014 1282 64130
7023 1716 85830
7003 920 46018
6332 66 3302
7012 1162 58134
7020 1614 80709
7014 1190 59504
6572 187 9378
6952 44 2229
7022 13 669
7018 875 43798
6023 28 1424
6975 172 8640
7020 724 36225
7012 1162 58134
6780 151 7560
7012 610 30504
7004 890 44520
6115 12 609
7023 1805 90291
6591 76 3825
7003 920 46025
7013 8 440
7023 518 25933
6946 6 328
7003 1197 59864
7004 550 27519
7012 1246 62328
7020 1782 89101
6334 62 3124
7054 278 13935
6347 6 315
7012 274 13709
6444 145 7267
7010 140 7031
7001 738 36911
7004 1585 79292
6747 5 282
7018 536 26843
7003 920 46022
5179 98 4928
7017 1124 56207
6600 9 486
5387 31 1580
7021 293 14695
7022 223 11178
7048 70 3503
7021 55 2795
7012 731 36585
7026 648 32404
6956 85 4251
7014 267 13366
6989 189 9495
5222 4 220
6350 81 4054
7012 559 27985
7054 1588 79449
7023 333 16663
7055 391 19582
7023 274 13732
7008 337 16872
7017 1753 87655
7014 1176 58823
7003 1543 77151
7017 1693 84684
7054 1410 70525
7054 1001 50093
6934 146 7344
7008 835 41764
7020 1949 97461
7018 682 34116
6080 155 7795
7007 17 872
7020 1455 72792
7003 639 31954
7018 350 17526
6098 137 6900
7638 12 650
5589 88 4436
7049 1749 87484
7054 515 25783
7012 278 13945
7003 887 44371
7025 311 15551
6548 42 2118
6296 0 45
7049 1432 71630
7010 509 25452
7017 67 3396
7049 973 48651
7001 37 1863
7026 238 11903
7019 573 28687
7012 1620 81040
7055 391 19582
6611 51 2588
7047 111 5588
7012 1634 81723
7003 1475 73789
7054 1932 96623
7054 1912 95614
7049 1326 66342
6827 192 9621
7004 569 28461
7010 204 10235
7004 1142 57128
7013 57 2871
6354 89 4469
7012 233 11665
7008 1303 65199
6956 239 11962
6375 14 708
7003 762 38135
7001 447 22358
7054 1283 64195
7019 251 12583
6572 183 9177
6026 47 2354
6993 20 1044
6021 123 6159
7008 531 26584
7011 81 4099
7014 632 31610
6780 152 7608
7020 257 12851
7026 158 7931
7012 339 16995
6594 111 5593
7004 554 27739
7012 1314 65727
7001 997 49857
7054 488 24431
7026 201 10060
6778 27 1377
6102 9 477
6544 343 17191
7010 1195 59795
7047 15 764
7054 1053 52700
6366 85 4269
7023 1071 53578
6436 20 1019
6637 47 2398
6478 63 3173
7004 844 42223
7008 651 32557
7054 390 19513
7020 495 24792
7054 515 25778
7055 438 21904
7026 32 1638
7021 645 32255
7003 171 8567
7049 628 31414
5625 205 10281
6981 93 4677
7003 617 30871
7010 773 38699
7017 1269 63469
5940 40 2012
6687 178 8918
7023 1122 56111
7023 1585 79298
7054 783 39189
7049 956 47839
7003 472 23637
7023 1646 82338
7023 1328 66446
7020 673 33657
7020 1006 50330
5616 75 3777
7054 255 12795
7408 89 4461
6989 189 9495
7017 1036 51802
7001 552 27625
7003 143 7192
7014 898 44911
7006 610 30526
7010 722 36116
7020 221 11093
7021 261 13065
6118 135 6761
7018 832 41645
7010 1443 72151
7025 261 13071
7054 278 13913
5588 157 7898
7018 411 20585
7008 715 35792
6823 8 447
7017 983 49187
5013 208 10437
6990 7 384
7012 709 35468
7004 394 19739
7018 790 39501
6483 105 5278
7054 1490 74509
6998 202 10110
7012 597 29858
5925 9 459
7023 531 26551
7010 720 36041
7010 25 1300
7020 386 19345
7014 996 49815
6850 47 2374
7054 1746 87314
7017 1323 66156
7021 261 13065
6934 177 8866
7049 1302 65121
5179 100 5018
6347 58 2907
5585 54 2702
7020 1298 64901
7026 745 37253
7003 358 17924
7017 1068 53449
7671 70 3512
7054 1912 95633
7016 283 14171
6440 25 1276
4978 44 2209
7054 1650 82505
7049 143 7162
7020 1284 64237
7004 882 44141
7012 1324 66214
6874 85 4285
7055 337 16855
7014 1603 80187
7004 370 18550
7014 1106 55319
7017 1373 68697
7026 594 29716
6549 120 6026
7010 1375 68775
7054 398 19929
7023 479 23966
7126 0 48
7012 610 30534
7054 1001 50086
6874 4 211
6786 66 3302
7047 73 3672
7021 664 33249
7016 3 175
6332 51 2576
7025 201 10058
7011 226 11302
7018 871 43598
6375 11 551
6752 161 8077
7049 1104 55239
6981 92 4602
6148 53 2685
6946 40 2042
5237 59 2994
7004 558 27921
7001 303 15176
6376 64 3239
6969 235 11792
7004 988 49401
7018 871 43592
7020 280 14046
6653 119 5956
7049 174 8712
7012 813 40653
7001 759 37999
7018 871 43584
5538 13 683
6942 26 1327
6893 192 9608
7012 1202 60123
6407 180 9041
6687 178 8934
6798 50 2541
7026 158 7907
5437 134 6739
7054 1344 67229
7020 374 18744
7010 200 10032
7049 1612 80629
7008 835 41775
5925 120 6025
6180 12 622
7049 1302 65146
7014 215 10767
7020 957 47882
7021 785 39295
7014 1038 51903
6980 191 9587
6761 41 2052
6932 231 11563
7004 934 46709
7049 476 23823
7054 345 17263
7017 55 2798
7004 1719 85997
7049 463 23189
6752 147 7383
7020 1091 54594
7018 719 35969
6332 63 3194
7049 203 10172
7055 164 8204
7049 1325 66295
6928 41 2052
7018 869 43456
7017 1329 66465
7023 318 15945
7012 527 26360
5071 64 3248
7001 552 27625
7017 1506 75340
5155 62 3115
7048 142 7132
5215 41 2066
7023 239 11980
7010 397 19889
7001 181 9094
7049 1925 96284
7055 337 16869
6798 50 2541
7008 995 49778
7001 361 18086
7017 273 13685
7018 676 33808
5177 2 119
6695 42 2118
6800 47 2370
7001 650 32540
7017 1506 75307
7020 1781 89068
7018 719 35978
7008 708 35413
6347 47 2396
7023 1607 80373
6332 66 3302
6932 231 11598
6100 81 4066
5971 84 4220
7012 487 24353
6229 26 1350
7054 255 12769
5897 39 1974
7010 212 10643
7020 374 18705
7004 1598 79907
7020 961 48091
7017 1073 53695
7049 1925 96265
7014 996 49846
6046 52 2604
7023 1585 79256
5518 23 1169
7004 1585 79288
7021 261 13065
7020 1429 71492
7019 261 13071
5049 61 3078
7054 539 26990
6506 67 3398
7055 830 41512
5511 22 1144
7019 381 19059
6320 80 4004
7017 1036 51827
6828 223 11199
7020 1455 72792
7001 155 7779
7004 934 46726
5370 108 5417
7008 543 27169
6969 198 9917
6974 21 1056
5511 55 2787
6806 29 1480
7001 205 10253
7004 1142 57128
5093 178 8908
7023 479 23952
6928 47 2361
7023 1058 52946
6483 105 5276
7667 11 596
7017 1373 68697
7012 1458 72939
7025 161 8058
6946 2 126
6915 176 8849
6553 139 6968
7001 895 44756
7020 965 48296
7010 1219 60984
5433 26 1329
7023 607 30391
7006 475 23786
5061 77 3895
7055 34 1726
7016 123 6167
6230 60 3014
7019 220 11008
6092 118 5950
5099 15 791
7012 1114 55736
7014 291 14589
7017 692 34605
7014 185 9290
6361 34 1741
7012 521 26075
7025 232 11648
7055 780 39001
6482 110 5512
7010 671 33576
7054 1053 52682
6789 29 1466
7003 60 3050
7054 1588 79435
7048 28 1441
5925 92 4615
7018 357 17893
6874 1 66
7012 82 4122
7054 1657 82895
7019 371 18572
7003 436 21803
7019 220 11034
7023 325 16253
6218 101 5079
7134 15 758
6356 127 6389
5215 43 2178
7023 75 3799
7018 920 46016
7047 101 5089
7008 91 4592
7003 322 16123
7014 50 2544
7016 330 16549
7004 619 30955
6611 47 2374
6313 15 799
7055 764 38219
7014 1176 58823
7010 1145 57299
7020 280 14046
7020 961 48067
6606 43 2155
6874 88 4441
7020 1949 97478
7054 647 32393
7014 292 14645
7003 1030 51517
7008 324 16241
7012 1590 79538
6606 43 2166
5326 133 6680
7054 1344 67207
7006 18 907
6533 9 473
7055 460 23012
6021 194 9732
6936 12 633
7049 1197 59900
6375 17 890
7048 37 1870
6823 9 463
7001 205 10284
7006 296 14835
7018 332 16611
7001 759 37993
7054 105 5282
7004 1326 66336
6826 35 1798
6493 107 5361
7020 59 2997
7049 157 7863
6664 208 10421
7026 470 23528
7013 58 2923
7017 1269 63469
7004 1661 83089
6154 7 390
7049 1297 64885
7010 1403 70191
7022 47 2363
7023 1766 88346
6382 103 5152
7010 1698 84918
6985 33 1698
7023 1005 50265
7004 79 3955
7049 844 42250
7017 772 38616
7004 258 12923
7008 436 21805
7017 817 40894
7001 552 27637
6285 133 6662
7023 1262 63149
7010 645 32285
7008 154 7728
6824 69 3475
5600 52 2624
6936 23 1188
7049 1796 89835
6334 50 2524
6990 11 595
6923 40 2021
6311 18 913
6756 83 4183
7049 259 12970
7049 173 8697
7003 358 17923
7020 1249 62482
7020 1317 65863
7023 1893 94665
7001 895 44797
6871 64 3221
7492 20 1026
7022 13 678
7004 601 30088
7055 326 16343
6783 68 3446
7003 1197 59882
7019 102 5144
5518 23 1168
6906 28 1443
6589 77 3887
7014 1236 61812
6946 35 1790
7017 1584 79215
6906 32 1643
7017 1036 51840
6535 51 2573
5437 135 6760
7004 1135 56758
7004 1499 74978
7023 1607 80371
7049 628 31432
7008 1245 62286
7003 1012 50613
7012 34 1727
7004 1020 51045
6778 30 1509
5600 54 2722
7004 1479 73975
7003 1417 70882
6956 237 11880
7023 824 41244
7012 943 47157
7010 946 47326
7020 1137 56863
7003 1269 63486
7049 1200 60025
7054 1211 60583
7054 105 5290
7013 225 11291
7001 976 48822
5897 36 1825
6806 22 1137
7054 783 39189
7055 34 1728
7011 19 959
7054 1746 87323
7020 1016 50819
7023 1164 58210
7023 676 33803
7054 1776 88821
7012 63 3177
7021 242 12106
5436 51 2594
5177 42 2114
6440 25 1276
5207 84 4210
7012 274 13736
6619 3 156
6955 64 3218
6423 89 4469
6080 155 7795
6932 232 11642
5769 46 2307
5497 28 1449
7054 1650 82505
7004 1365 68289
7023 1607 80369
6534 46 2319
6823 8 447
7023 1729 86486
7054 1904 95237
7012 893 44691
7008 337 16872
7017 1693 84673
7004 871 43576
6533 8 419
7012 1324 66203
7054 539 26973
7021 54 2703
7025 261 13062
7017 1693 84684
7055 780 39001
6367 34 1712
7462 17 854
7012 1246 62328
7008 1245 62266
5769 38 1928
6091 202 10145
5896 9 494
7014 267 13370
7010 773 38654
7020 1091 54594
6835 118 5936
7013 110 5503
7049 157 7894
7017 1519 76000
7008 779 38999
7020 257 12857
7019 253 12683
4952 48 2425
7008 715 35759
7012 1458 72939
7020 495 24788
7017 322 16128
6376 11 555
7055 760 38026
5516 48 2450
7026 668 33421
7006 287 14381
6756 83 4183
6579 19 956
7012 1324 66236
7049 1004 50229
7017 282 14134
7014 1176 58823
7023 1262 63115
5516 48 2429
7006 610 30526
7008 1192 59646
5385 113 5660
7055 698 34931
6769 163 8192
7020 1300 65032
7020 1782 89105
6765 27 1393
6881 67 3382
7012 536 26831
7023 531 26600
5090 86 4309
6564 125 6274
5013 209 10470
5586 9 474
5508 16 820
7001 759 37972
7054 390 19541
7010 671 33582
7023 1646 82335
7017 1584 79203
7023 1895 94788
6530 1 65
7021 333 16677
7020 1782 89143
7054 390 19515
7017 1753 87655
6901 16 839
7023 1148 57442
7003 1427 71381
7020 1089 54470
5516 70 3513
7526 25 1251
7020 1325 66299
7017 329 16482
5337 117 5870
6298 53 2681
6382 101 5095
7004 248 12415
7012 1324 66236
7021 377 18855
6683 118 5946
6874 4 241
7010 1373 68667
7017 1512 75634
7004 349 17473
7049 143 7169
7017 1682 84145
5568 20 1038
7012 813 40653
6572 177 8852
7004 1135 56782
7055 154 7741
6369 54 2746
7004 258 12913
7004 837 41891
7020 386 19326
7017 1753 87655
6420 64 3239
7049 157 7894
6407 165 8292
7020 22 1111
7003 655 32773
7001 410 20534
5433 26 1329
7049 628 31433
5511 55 2790
7017 1530 76525
7008 779 38999
5068 65 3252
7017 1269 63469
6309 26 1316
7021 297 14853
7010 773 38699
6953 143 7183
7054 1823 91191
7012 1620 81033
7059 80 4021
7018 707 35354
6544 345 17254
7003 1012 50613
6534 48 2419
6572 185 9271
7007 84 4201
5136 3 189
7055 391 19564
7023 1012 50620
7012 796 39818
7008 708 35415
7049 1278 63925
6149 147 7366
7014 426 21340
7008 779 38999
7012 610 30540
7003 1297 64891
5411 90 4501
7018 502 25118
7012 1634 81723
7023 518 25906
7025 453 22653
6989 187 9352
7017 164 8240
4982 86 4312
7051 86 4303
7003 1022 51126
7049 1392 69615
7017 1512 75634
7016 283 14174
7049 157 7894
7014 1190 59538
7049 143 7169
7021 674 33704
6375 11 551
6990 11 595
7004 329 16478
6468 36 1834
6952 3 172
7003 1197 59859
7003 762 38150
7017 1753 87655
7001 456 22828
7018 332 16647
7004 1595 79754
5929 92 4618
7008 667 33361
7675 111 5598
7008 337 16883
7017 1732 86637
5164 74 3709
4952 48 2425
7010 812 40619
7049 1104 55228
6978 10 544
7026 855 42752
7008 531 26584
7010 812 40642
6981 88 4424
7012 1590 79504
7004 349 17489
7047 73 3680
7023 1262 63140
7018 920 46002
7003 436 21842
5455 10 533
6205 25 1262
7054 488 24444
7004 1585 79277
7012 82 4106
7018 980 49011
7014 1730 86543
7010 1195 59795
7012 1266 63321
7023 345 17283
7006 296 14846
7010 1193 59668
7026 855 42797
6990 7 384
6803 131 6586
7007 17 871
7054 1595 79763
4952 46 2339
7014 632 31610
7017 1355 67777
7017 1171 58562
5060 64 3224
6149 147 7381
7014 1467 73376
7023 325 16274
7014 1473 73678
6874 9 472
7018 746 37339
6871 74 3749
7021 573 28680
6803 9 485
7026 594 29744
7021 573 28680
5268 10 549
7001 71 3571
7021 604 30202
7026 855 42752
7023 1770 88516
6356 127 6389
7020 674 33702
7010 773 38699
7054 255 12754
6946 60 3044
7054 900 45013
7049 1632 81636
7012 1623 81170
7026 355 17753
7017 1530 76526
7003 472 23648
7017 954 47746
6361 31 1555
7004 934 46709
6871 73 3667
5625 205 10281
7010 1148 57423
7008 324 16241
7017 244 12243
6769 66 3310
5452 18 919
6901 2 141
7023 1734 86735
7004 79 3970
7055 760 38003
6151 13 679
7023 1005 50265
6787 50 2511
7004 554 27720
5090 82 4144
7004 890 44540
7012 597 29868
7017 1160 58032
6143 0 45
7010 1128 56414
5093 141 7075
6110 30 1506
5777 30 1542
7023 1646 82312
7004 619 30969
5566 24 1228
7285 55 2793
6285 130 6533
7049 117 5882
7054 1411 70573
7026 158 7931
7001 997 49868
7003 143 7175
7018 265 13271
7021 293 14682
7021 242 12145
6823 7 373
6376 66 3349
7001 71 3571
7008 1334 66722
7012 509 25482
7020 649 32454
7025 158 7932
6952 4 231
6783 73 3668
7023 1907 95354
6483 107 5355
6462 66 3326
6356 127 6389
7018 875 43773
7006 11 587
7012 813 40695
7003 1711 85558
7014 1397 69889
7010 136 6843
7019 541 27091
7020 226 11301
6076 156 7820
7014 185 9279
6304 100 5002
5075 1 75
7012 1518 75901
6946 40 2042
7001 146 7306
5584 19 982
7020 427 21360
6928 50 2517
7001 827 41382
7023 1730 86517
5127 33 1668
7023 1012 50620
7021 219 10998
7001 71 3556
7003 267 13380
7004 79 3970
7055 764 38242
7022 3 175
6653 119 5956
7001 1186 59317
7014 1190 59529
6369 54 2746
7020 495 24792
7018 920 46002
7020 1614 80709
6115 15 778
7021 191 9566
7014 115 5795
6611 48 2440
7001 37 1863
7012 912 45605
7001 997 49857
7018 357 17864
7012 669 33496
7018 851 42600
7049 1687 84374
7049 1325 66287
6551 152 7637
7017 1329 66489
7001 965 48264
6100 78 3919
6749 76 3831
6832 13 657
5588 165 8299
6444 166 8321
6462 69 3458
7014 697 34863
6347 19 955
7012 339 16991
7017 1512 75624
6901 16 839
6493 30 1518
7020 1012 50602
7023 1734 86701
7020 476 23816
7049 956 47821
6803 11 573
7023 1071 53564
7017 23 1183
7054 1800 90043
7003 152 7650
7014 1473 73678
7026 238 11928
7011 177 8851
7054 550 27517
7018 887 44382
7054 390 19514
7017 683 34153
7018 920 46016
5031 78 3920
6752 161 8077
7014 1236 61812
6218 4 244
7006 11 587
7023 834 41723
6100 170 8514
5938 40 2007
7012 312 15610
7004 248 12433
7017 410 20502
7049 204 10231
6141 17 891
7019 251 12554
7001 205 10253
7010 1571 78570
7023 1585 79284
7023 1734 86723
7017 1134 56713
7018 875 43763
6046 38 1923
7020 1338 66932
7004 1326 66330
7003 436 21842
5425 6 318
7049 1432 71601
7644 263 13161
7012 388 19404
7004 1695 84778
7021 817 40899
5179 95 4786
7001 411 20560
7021 443 22193
7014 157 7898
6653 123 6194
6339 180 9025
5896 29 1471
7003 1475 73762
6092 118 5950
7014 106 5337
7003 1443 72195
7008 567 28361
5511 51 2564
6339 180 9025
7001 74 3718
6928 41 2052
7004 903 45174
7012 308 15435
7018 682 34127
7014 632 31618
7049 692 34632
6080 155 7795
6826 34 1742
7025 148 7431
7014 253 12683
7020 1933 96699
5090 22 1106
7019 251 12593
6115 12 609
7004 870 43544
7010 1375 68792
7004 819 40973
7001 447 22358
7018 357 17864
7012 1300 65038
6803 114 5747
7054 1776 88821
7008 261 13061
6619 3 156
6572 177 8891
7018 566 28325
6980 191 9587
7740 30 1523
7012 1202 60123
7055 326 16320
5566 26 1305
7054 1588 79411
7022 47 2352
5433 26 1329
7023 1445 72289
7055 760 38032
7004 1020 51020
7049 1432 71621
7017 991 49589
7023 1854 92710
7010 1219 60984
7004 394 19739
7018 454 22746
6549 122 6125
5455 13 653
7003 1110 55516
7017 1073 53700
6551 12 639
7055 264 13226
7004 950 47541
7055 59 2970
5528 17 889
7010 822 41102
7055 154 7741
5589 88 4443
7012 731 36557
7006 56 2826
7457 158 7949
7014 511 25599
7019 253 12668
6230 73 3685
7001 848 42440
7054 1943 97193
6534 42 2113
7010 1219 60984
5924 18 910
5982 28 1426
7001 997 49874
7054 246 12326
7017 1753 87663
7017 1753 87655
7017 1515 75773
7431 6 312
7004 871 43574
7054 1776 88839
7010 566 28307
7049 1004 50221
7054 1770 88516
7017 1752 87637
6483 103 5194
7018 817 40895
7049 1104 55235
6676 171 8574
7012 1705 85295
7020 19 976
7023 937 46893
6934 176 8817
7020 357 17861
7020 257 12866
5093 148 7420
6544 341 17098
5433 76 3842
6100 137 6874
7048 194 9748
7112 72 3603
6942 28 1437
7001 976 48820
7018 890 44502
6430 5 278
5183 24 1206
7010 136 6843
7010 1635 81783
7014 739 36970
6533 8 425
7012 1300 65021
7018 920 46016
6115 19 974
7020 560 28014
7003 493 24672
7010 1072 53618
7001 895 44798
7054 1306 65316
7014 933 46662
7004 466 23330
5387 37 1883
7003 231 11575
7010 25 1300
5437 135 6760
7054 550 27517
7049 476 23808
7018 890 44541
7004 1595 79781
6826 35 1781
5985 104 5234
7053 2 124
6217 18 925
7020 1284 64246
7014 632 31610
6893 198 9907
7010 820 41012
7007 4 247
7023 1646 82338
7055 438 21930
7025 148 7446
7003 1197 59865
7049 1796 89846
7020 837 41891
7004 950 47541
7020 257 12860
7008 1455 72786
7014 544 27227
6955 64 3218
7004 1365 68289
5516 46 2335
6928 50 2541
7010 1662 83126
7008 298 14901
7026 331 16568
7017 424 21207
7025 305 15273
6874 85 4254
7008 884 44225
6375 99 4964
7004 930 46502
5411 156 7817
7010 397 19889
7023 1148 57450
6535 228 11432
7054 298 14938
7017 1287 64392
7017 954 47739
7012 1244 62213
7001 71 3571
7017 57 2886
6534 48 2420
7049 692 34617
7026 158 7907
7012 63 3186
7054 1301 65051
7054 218 10948
6756 89 4494
7020 59 2987
5511 54 2723
7001 999 49978
7021 261 13065
7014 886 44308
5909 24 1220
7017 1515 75773
5600 57 2883
7012 1300 65021
7013 225 11268
7020 462 23102
6798 36 1823
7049 1983 99199
7020 1933 96676
7011 274 13750
7003 1236 61802
5268 0 32
7054 815 40772
7049 1197 59897
7010 1443 72192
7012 339 16977
6304 99 4993
7012 1499 74956
7049 1721 86086
6969 234 11723
7010 754 37741
7055 391 19556
5508 21 1054
5625 203 10193
7059 72 3622
6296 3 160
7021 172 8635
7014 933 46687
6989 187 9352
7012 1324 66214
7010 946 47326
7054 218 10948
7004 1598 79942
7019 328 16450
6978 10 544
7014 898 44947
7019 484 24243
7003 52 2601
7026 520 26041
7004 1585 79259
7012 594 29740
7017 1752 87635
7020 325 16253
7018 265 13268
7003 1269 63496
6823 7 373
6752 131 6574
7012 597 29889
7055 261 13087
7014 1517 75881
7004 447 22391
7021 352 17636
6231 45 2251
7023 1657 82859
7054 639 31990
5433 83 4172
6642 56 2836
7004 466 23347
7010 46 2316
7049 1721 86070
7010 812 40608
6761 41 2080
6990 7 384
6423 80 4009
6978 12 629
7049 1753 87670
7498 202 10102
7003 1030 51530
7001 650 32533
7018 851 42554
6752 121 6074
5588 159 7987
7001 507 25379
6780 149 7474
6806 23 1187
7054 1707 85368
6102 9 477
6114 135 6797
7008 337 16883
7017 1371 68564
5585 52 2612
7690 48 2450
6296 1 81
7054 815 40772
6928 50 2520
6407 18 912
7014 1409 70491
6382 102 5121
5771 29 1486
7001 895 44751
7014 1038 51944
5499 179 8968
7012 1590 79525
6353 65 3276
7003 1475 73764
7014 1517 75873
7004 1509 75486
7010 1662 83144
6160 74 3730
7020 1089 54457
6936 14 741
6376 33 1681
6122 45 2283
7055 264 13231
6959 181 9057
7490 4 249
7013 150 7519
6664 207 10396
7049 1004 50216
7023 824 41204
7021 377 18889
7023 823 41195
7049 1721 86063
7014 115 5756
7012 1590 79504
6837 52 2644
7014 1170 58506
7014 686 34303
7001 997 49874
5584 13 659
7046 4 201
6789 28 1414
7001 848 42423
7008 884 44225
4992 89 4458
5511 55 2787
7014 1190 59502
7017 273 13664
7020 965 48289
6829 192 9613
7004 554 27711
5474 47 2359
7023 1716 85830
7055 760 38032
7026 470 23528
7010 1255 62785
7022 13 677
7003 267 13353
6070 82 4134
6985 12 618
5339 22 1137
7020 221 11072
7023 691 34583
7010 57 2897
7054 1588 79409
6619 3 156
6369 54 2746
7054 523 26180
7008 120 6001
6664 208 10436
5387 35 1784
7017 1171 58565
6653 122 6112
7049 259 12958
5609 20 1002
5437 135 6760
7012 731 36557
7001 1186 59341
6544 344 17217
7049 1302 65141
7011 154 7720
7017 273 13675
7008 261 13061
7019 220 11044
6893 199 9990
7012 1653 82699
7001 71 3571
7004 1365 68282
7001 37 1887
7023 1766 88344
7004 1719 85980
7023 1148 57449
7017 1068 53414
6098 52 2620
6946 8 404
6102 9 477
7008 298 14935
6506 67 3398
7004 1190 59550
7008 567 28377
7020 650 32525
7004 104 5241
6823 7 382
6325 2 101
7010 1443 72191
7001 976 48849
7023 848 42409
7047 73 3665
7001 997 49874
7012 1143 57170
6981 87 4358
6687 175 8764
7047 88 4448
7054 849 42455
5425 5 280
7049 1006 50350
7023 936 46829
7054 105 5282
6594 113 5685
6149 156 7816
6780 152 7608
6826 38 1911
7019 381 19100
6551 152 7627
7023 1646 82312
7010 1745 87284
7018 586 29347
7055 460 23011
7011 274 13708
7010 57 2872
6964 43 2193
5368 71 3581
7010 671 33556
7026 331 16581
7017 1753 87655
7001 205 10264
7008 955 47753
7003 472 23604
7022 47 2352
5436 51 2594
7014 933 46684
7055 268 13401
6829 197 9881
6835 116 5839
7112 29 1500
7008 1245 62266
7021 454 22719
6122 44 2202
7012 1143 57180
7049 1326 66346
7021 221 11056
7019 7 392
7012 243 12167
7001 74 3702
7048 28 1441
7004 554 27739
7026 109 5470
6829 182 9134
6340 67 3383
6664 57 2884
6579 18 927
6091 202 10145
7008 829 41458
7001 997 49857
7023 1734 86719
6826 35 1798
7018 817 40885
6149 147 7366
7004 303 15160
7003 414 20721
7012 1246 62343
7054 427 21381
7054 25 1281
7020 1282 64104
6780 149 7474
7023 824 41204
7014 1176 58823
7004 550 27519
7049 1201 60079
7006 408 20408
6149 17 896
7004 1326 66319
7010 812 40619
5896 8 419
6871 75 3757
7017 692 34605
7025 34 1739
7020 462 23136
7014 656 32847
7017 55 2800
7054 1709 85456
6874 1 66
7003 896 44839
7017 1506 75320
7049 1104 55225
7010 705 35252
7019 368 18442
6457 128 6421
7014 1334 66710
6928 50 2520
6873 10 504
6978 12 629
7012 1015 50800
7049 1721 86061
7001 650 32540
7055 779 38981
6533 8 425
7014 874 43711
6978 10 544
5396 8 417
7004 1595 79781
7017 273 13665
7022 69 3459
7020 836 41838
6998 205 10282
7011 288 14434
7023 1658 82937
7054 1344 67229
7048 70 3503
7001 202 10145
7004 1509 75463
7017 796 39808
7008 436 21850
7023 318 15930
7020 402 20132
7018 292 14636
6430 5 278
7001 997 49874
5497 26 1343
5774 3 182
7020 258 12924
7017 1506 75327
7054 25 1299
7008 154 7728
7023 1730 86520
7001 71 3571
7017 57 2872
7054 1503 75174
6783 104 5204
7020 817 40859
5777 26 1329
7021 172 8635
6880 20 1045
5625 108 5433
6946 6 328
7047 115 5774
6023 44 2207
7003 389 19492
6076 63 3183
5207 84 4210
7020 495 24788
7018 875 43798
6423 81 4052
7049 901 45091
7010 1255 62768
6824 22 1131
7001 37 1863
7012 63 3195
7014 898 44911
6664 66 3337
7020 495 24784
6880 20 1046
7054 515 25792
5925 127 6371
6687 173 8654
5616 106 5327
6998 14 721
5013 208 10416
7008 1356 67817
5216 37 1853
7004 416 20847
7049 1326 66317
7003 762 38137
7018 871 43592
6462 66 3326
7020 1040 52012
5177 40 2023
6946 8 404
6642 55 2790
7006 56 2819
7012 278 13945
7023 213 10664
7054 508 25423
6642 59 2953
7004 1720 86005
7025 93 4665
7007 31 1561
7010 200 10032
7055 59 2961
7049 1966 98313
7008 1353 67677
6946 8 404
7003 1624 81209
7008 1353 67677
7010 923 46179
7001 447 22389
7012 1254 62711
6530 3 183
7054 1823 91192
7001 104 5237
5385 190 9529
6594 110 5518
7014 659 32969
7014 1038 51935
6989 117 5892
6973 146 7343
6375 14 708
7008 460 23037
7019 345 17271
5002 13 692
7008 779 38990
7054 111 5577
7023 75 3768
7008 540 27021
7008 540 27001
7023 613 30673
6803 136 6848
7008 1245 62286
7004 950 47512
7017 692 34615
7003 358 17923
6468 39 1979
6888 32 1627
7008 651 32597
7023 1445 72260
7054 783 39198
7012 527 26367
6829 188 9442
7023 1262 63149
6502 44 2207
6347 0 29
7004 258 12936
6058 168 8428
7004 1595 79781
7008 1353 67698
5136 18 945
7020 59 2951
6989 187 9352
6340 67 3383
7049 174 8732
7004 447 22355
7014 979 48960
7054 25 1281
7054 1283 64178
7011 118 5941
7021 645 32279
7020 257 12866
7020 1137 56876
7003 1427 71384
6080 147 7379
7478 24 1210
6423 8 415
6800 152 7650
5769 38 1919
7014 291 14589
7023 1893 94684
6647 114 5737
7021 93 4676
6990 7 384
7018 292 14611
7014 632 31618
7025 47 2373
7025 539 26951
7020 59 2951
6923 26 1312
7059 72 3622
7014 656 32833
6115 19 974
7012 1264 63209
7014 426 21340
6946 63 3156
6217 18 925
6298 53 2681
7026 87 4389
7023 1262 63140
7003 231 11575
7018 265 13268
6572 185 9269
7012 1361 68061
6493 38 1948
6683 118 5946
5268 10 519
7023 325 16253
7003 286 14334
5512 180 9050
7017 1371 68586
7012 610 30517
7054 1746 87332
7023 1728 86415
6956 85 4251
7003 1711 85551
7023 1328 66424
5183 24 1206
5436 57 2865
7126 1 86
7020 1282 64111
7025 584 29243
7054 815 40772
6220 44 2236
7001 688 34449
7021 148 7450
6850 48 2444
6803 25 1256
7012 1114 55745
6572 183 9177
6964 44 2226
7008 779 38981
7025 305 15276
7017 1068 53449
5518 23 1169
6783 104 5250
7012 1324 66206
7003 706 35311
6620 52 2645
7008 1192 59624
7012 1266 63347
6332 66 3302
7001 738 36913
7004 447 22360
5924 12 649
7012 809 40492
6619 3 156
6829 193 9683
7055 779 38977
5071 57 2898
6881 65 3275
6226 52 2607
7023 1766 88307
5226 26 1311
7004 890 44535
7020 438 21933
7004 57 2853
7012 1499 74956
7388 33 1670
7054 578 28927
7018 875 43763
6653 122 6112
7018 536 26843
7010 1257 62881
7001 552 27649
5986 29 1476
7026 470 23548
6855 110 5519
7049 689 34460
6423 81 4052
7019 23 1196
7014 1730 86516
5385 193 9679
7001 688 34433
7018 357 17864
7014 1467 73382
7334 3 193
7010 812 40648
7004 1326 66336
7020 1570 78546
7021 245 12257
7025 148 7432
7012 842 42134
7017 1208 60401
6339 179 8980
7012 893 44693
7054 1211 60587
7014 1282 64118
7020 360 18034
7054 1153 57698
7018 869 43496
7025 305 15283
6154 11 559
7010 276 13812
7014 656 32833
6752 227 11373
7010 200 10043
5433 71 3578
7008 779 38990
5588 169 8477
7023 1149 57477
7010 1746 87322
7008 389 19468
6223 5 267
7012 487 24387
7008 829 41458
6974 20 1021
7012 1590 79525
7004 1142 57128
7017 1371 68567
5216 31 1589
6850 47 2374
6493 4 215
7054 523 26185
5177 40 2023
6115 39 1979
7020 1464 73207
6653 119 5956
7023 590 29517
7023 1328 66440
7003 1197 59865
7049 1326 66349
7020 1913 95699
7022 47 2363
7016 22 1107
7049 1416 70835
7018 875 43784
7021 645 32270
7014 898 44910
7020 1091 54594
