0.08285463462281574 -0.08542324013220909 -0.025207136716199636 0.02351484550502702 -0.01243203512389181 0.022629286157374383 0.06470513123919586 0.07872535898510193 0.08193612272606939 0.08264192070250992 0.08280281102581945 0.08284139335032789 
-0.08542324013220909 28.65384789756605 0.03460585943532758 -0.020884859107955518 0.4341425621911102 0.5667436467556458 0.24073711525452177 0.026466359562869933 -0.05045371823317506 -0.07470238910616417 -0.08214187203708745 -0.08441793288625975 
-0.025207136716199636 0.03460585943532758 0.12954461080171656 -0.04017790252978534 -0.00167774197337219 -0.006722570784417051 -0.020213909399856452 -0.024368530391116024 -0.025107838940461563 -0.025206963653984525 -0.025212831987749446 -0.025210005889335255 
0.02351484550502702 -0.020884859107955518 -0.04017790252978534 0.08546308335098303 0.013414686012854095 0.004128738704371727 0.01653959093251852 0.02187284685157719 0.02315286746173215 0.02343220823731226 0.023494699185970178 0.02350957512468566 
-0.01243203512389181 0.4341425621911102 -0.00167774197337219 0.013414686012854095 0.046234141455875205 0.03634995165256627 0.00640136838441591 -0.0070972261196321365 -0.011001843415496525 -0.012046502001841288 -0.012326367779034245 -0.012402573697067858 
0.022629286157374383 0.5667436467556458 -0.006722570784417051 0.004128738704371727 0.03634995165256627 0.050015343555999535 0.0368727622315721 0.027368658224294882 0.024035547624472915 0.023035671480148807 0.022746439038125992 0.022663223203187227 
0.06470513123919586 0.24073711525452177 -0.020213909399856452 0.01653959093251852 0.00640136838441591 0.0368727622315721 0.05931795167127787 0.06424908161862064 0.0647884266932308 0.06476772675840768 0.06473035393077732 0.06471383439194482 
0.07872535898510193 0.026466359562869933 -0.024368530391116024 0.02187284685157719 -0.0070972261196321365 0.027368658224294882 0.06424908161862064 0.07569480051895616 0.07811564272883906 0.07859954396202522 0.07869832019872836 0.07871928555497903 
0.08193612272606939 -0.05045371823317506 -0.025107838940461563 0.02315286746173215 -0.011001843415496525 0.024035547624472915 0.0647884266932308 0.07811564272883906 0.08110645394317423 0.08174888178801919 0.08189167562224306 0.08192504147789446 
0.08264192070250992 -0.07470238910616417 -0.025206963653984525 0.02343220823731226 -0.012046502001841288 0.023035671480148807 0.06476772675840768 0.07859954396202522 0.08174888178801919 0.0824366221140678 0.08259227170203366 0.08262932294360241 
0.08280281102581945 -0.08214187203708745 -0.025212831987749446 0.023494699185970178 -0.012326367779034245 0.022746439038125992 0.06473035393077732 0.07869832019872836 0.08189167562224306 0.08259227170203366 0.08275163199530328 0.08278976222948473 
0.08284139335032789 -0.08441793288625975 -0.025210005889335255 0.02350957512468566 -0.012402573697067858 0.022663223203187227 0.06471383439194482 0.07871928555497903 0.08192504147789446 0.08262932294360241 0.08278976222948473 0.08282821000055139 
