7017 1591 79561
7017 276 13809
7051 26 1348
7021 456 22817
7020 1903 95179
7008 1078 53946
7018 519 26000
7115 43 2182
7020 43 2151
7003 1513 75662
7020 1303 65185
7018 570 28550
7006 604 30207
7049 596 29848
7006 337 16878
7003 262 13121
7014 653 32680
7017 1163 58195
6050 1 76
7049 1750 87543
7003 413 20686
7049 2025 101258
7008 924 46216
5151 89 4484
7010 48 2404
7012 1006 50317
7055 614 30712
7003 1658 82908
7007 145 7285
7012 781 39052
7008 146 7330
7018 631 31597
7008 1470 73509
6666 189 9479
7025 445 22295
6801 155 7774
7025 445 22262
6882 151 7568
7014 212 10650
6577 31 1578
6404 114 5746
6689 32 1640
7017 1119 55967
7026 293 14677
7014 653 32680
7020 86 4305
7020 1725 86255
7012 990 49527
6955 213 10658
7008 417 20884
7017 1591 79595
7398 5 276
6765 215 10790
7016 196 9828
7001 228 11414
7012 990 49527
7001 732 36624
6960 77 3865
7012 1141 57096
7008 510 25506
7001 977 48870
7023 50 2525
7001 1144 57208
7001 228 11414
6407 94 4733
7023 556 27814
7054 791 39579
6359 8 429
6635 1 85
7103 11 556
7003 232 11646
5229 1 72
6696 3 198
7023 1454 72708
7020 660 33027
7020 1827 91386
7054 1290 64509
7003 1743 87171
7021 143 7166
7023 1286 64350
6620 127 6368
7021 748 37434
6629 12 650
7020 86 4317
7026 634 31712
7023 620 31038
5608 8 447
7014 1331 66572
7054 875 43778
6503 58 2948
7013 154 7736
7025 385 19283
6934 79 3981
7019 437 21867
7007 22 1113
6960 76 3815
7023 1776 88841
7017 875 43758
7006 337 16892
7020 207 10387
7010 246 12319
7001 1025 51296
7020 1824 91227
7051 67 3399
6951 25 1251
7021 422 21103
7004 961 48072
7049 679 33960
7014 1054 52709
7004 347 17394
5547 72 3608
6573 23 1163
7054 1577 78880
7012 1425 71300
7017 1637 81854
7016 23 1178
7012 1726 86306
7020 1051 52586
7010 1568 78444
7020 331 16561
7008 144 7237
7012 1425 71299
6923 34 1748
7021 15 759
6362 76 3806
6896 12 632
7012 914 45750
6366 19 951
7016 45 2300
6615 167 8379
7010 48 2443
7017 784 39223
7049 1627 81354
6319 50 2550
7021 265 13287
7007 22 1113
7020 417 20876
6956 116 5830
7055 174 8731
7054 875 43776
7020 1349 67500
7019 118 5943
7003 413 20686
7008 417 20884
7020 1156 57818
6871 187 9374
5154 152 7632
7026 133 6662
6968 9 458
6031 219 10975
5151 89 4484
6322 36 1803
7020 1303 65186
7020 1117 55871
7049 1627 81355
7001 977 48870
7016 211 10560
7049 1571 78581
6629 12 650
6036 54 2744
7019 437 21879
7054 537 26851
7012 1035 51761
6853 102 5111
7048 38 1949
7517 94 4728
7047 109 5487
6503 61 3062
6690 141 7060
7021 257 12857
7054 537 26858
6503 58 2935
6882 154 7735
6568 36 1816
7049 679 33990
7007 22 1113
6442 32 1610
7008 746 37309
7021 257 12876
6080 94 4721
7023 1941 97057
7003 456 22816
7055 354 17736
7020 1321 66096
7017 1458 72901
7019 278 13939
7025 78 3925
5195 49 2498
5078 2 123
7014 212 10634
7049 46 2335
6827 110 5540
7049 1571 78589
7012 713 35662
7010 246 12325
6801 156 7838
7019 445 22263
7048 81 4051
7017 448 22428
7004 1268 63440
7020 972 48641
6620 127 6368
7021 257 12876
7020 1349 67470
7010 84 4240
6572 173 8664
5108 96 4847
7017 1748 87443
7054 1611 80554
7046 102 5111
7020 331 16599
7001 1025 51296
7014 950 47526
7017 1049 52465
7003 456 22805
5051 91 4568
7007 22 1106
6908 184 9218
7008 675 33751
6503 61 3090
7023 1776 88841
7054 1522 76147
7012 1054 52744
7003 413 20686
7055 406 20324
7019 437 21879
7012 1485 74277
6664 120 6037
6912 200 10022
7001 376 18817
6912 228 11419
6765 210 10544
7004 1011 50596
7049 596 29848
7049 1750 87543
7019 580 29006
7010 246 12325
7020 1321 66096
7003 1743 87171
7019 437 21879
7012 246 12304
7049 924 46210
7048 81 4051
6303 83 4159
7012 990 49527
7004 1435 71752
7054 1269 63491
7021 257 12876
7023 1286 64350
7013 187 9379
7054 1878 93913
6882 152 7601
7001 1038 51937
6908 184 9218
5497 10 515
6666 17 856
7025 178 8929
6664 184 9220
6572 176 8810
6334 3 152
7012 713 35690
7014 662 33112
7014 662 33112
5216 61 3068
7018 631 31597
6615 171 8575
6090 40 2027
6078 3 199
6666 12 603
6483 1 66
6334 15 760
7055 614 30712
7046 35 1752
7008 146 7337
7017 905 45276
5195 49 2498
7334 142 7112
7019 210 10512
7049 1161 58061
5547 72 3645
7049 2025 101258
7054 1522 76131
6572 173 8664
7049 679 33997
7020 660 33041
6338 30 1512
7016 196 9828
6090 40 2027
7003 1304 65246
7013 238 11943
7001 228 11427
7023 77 3873
7003 1304 65230
4957 142 7105
7020 574 28749
7020 1051 52594
7014 144 7222
7049 1750 87543
7049 177 8852
7014 1728 86409
7017 1637 81854
7017 225 11278
7012 794 39710
7008 146 7337
7008 746 37309
6837 159 7998
7049 1571 78589
7355 37 1869
6442 36 1845
7049 1972 98620
7012 1141 57087
6573 21 1053
6956 120 6036
7055 175 8759
6827 110 5540
7023 620 31038
6359 8 429
7010 246 12327
7016 211 10560
7010 651 32586
7023 805 40257
7003 784 39241
7049 1744 87213
7049 931 46586
6480 102 5111
7008 417 20884
7012 1141 57087
7004 1319 65952
6888 50 2510
7004 1138 56938
7004 1164 58202
7006 337 16868
6483 1 66
6027 1 71
5459 9 460
7021 15 782
7023 556 27814
6620 127 6368
7023 805 40257
7051 26 1331
6050 1 77
6812 9 468
6663 175 8780
6319 50 2550
7006 324 16211
7017 656 32822
5151 89 4484
7004 1622 81110
6908 184 9218
7017 469 23467
6078 3 199
7054 1269 63491
7012 302 15114
6888 50 2510
7008 417 20884
7008 924 46216
7017 1748 87402
7017 784 39246
6573 23 1163
7001 376 18832
7012 794 39739
5339 49 2466
7020 1051 52594
7055 175 8759
7010 48 2443
7023 362 18116
5452 45 2265
7021 234 11747
7012 794 39739
7023 1776 88819
7025 445 22262
7010 1596 79847
7020 1725 86255
6572 171 8579
7049 1950 97515
6956 199 9990
5108 90 4514
7049 177 8852
7026 821 41058
6362 83 4179
7008 889 44456
7017 469 23483
7017 1458 72905
5077 32 1614
7020 1321 66088
7020 417 20871
7004 1486 74307
7004 1340 67017
7020 1827 91386
7006 604 30207
7049 924 46210
7001 185 9278
6687 190 9548
7020 331 16599
7003 188 9440
7048 81 4051
7046 95 4769
7021 234 11747
5093 165 8272
6315 27 1353
7049 1672 83610
7019 373 18681
7047 48 2442
7020 86 4317
6960 80 4043
7139 25 1264
7003 848 42443
7018 519 25975
7001 144 7237
6666 17 856
7017 1591 79561
7004 514 25726
7003 1642 82138
7020 1580 79035
5608 4 235
6334 3 152
7016 211 10560
6882 151 7568
7049 177 8859
6527 106 5349
7018 399 19980
7003 1743 87171
7055 43 2187
5190 3 184
7026 728 36403
6956 196 9804
7049 1216 60805
7004 1319 65965
7012 246 12304
7054 166 8343
7046 95 4769
7004 729 36493
6324 96 4807
7020 1156 57813
7020 1824 91227
7019 210 10512
7054 239 11959
5216 61 3068
6853 108 5449
5586 84 4241
7019 278 13925
5557 99 4965
6882 152 7601
7021 15 759
7008 72 3608
7019 580 29006
6359 2 147
7049 679 33990
7026 821 41097
7014 1623 81157
6756 153 7668
5586 147 7367
7020 1762 88115
7003 413 20686
7021 773 38697
6573 21 1053
7054 1992 99616
7025 250 12548
7047 48 2414
7020 1051 52573
6942 94 4726
6362 76 3806
7025 445 22297
7006 337 16868
7054 875 43778
6829 123 6177
7008 72 3608
7023 1549 77493
7026 140 7014
6666 189 9479
7023 745 37252
5487 21 1071
7003 1339 66984
7023 620 31008
7014 53 2664
6362 83 4179
7026 654 32749
6687 190 9548
7008 924 46216
6078 27 1399
6359 2 145
7026 728 36410
7054 166 8303
7003 1642 82122
5195 49 2498
7049 1216 60833
7023 620 31030
7020 1827 91386
7006 324 16209
7049 2015 100778
7026 728 36410
7014 1346 67324
7026 143 7156
7434 144 7203
7054 1992 99631
7020 1349 67470
5190 3 184
7020 1349 67500
6284 70 3547
7010 727 36392
7017 681 34086
7046 102 5101
7016 211 10586
7006 337 16878
7014 1728 86409
6334 15 765
7006 337 16853
7004 1340 67009
7049 1216 60818
6956 115 5763
6689 32 1627
7001 977 48864
6765 215 10790
5547 72 3645
5497 17 872
6423 76 3832
6934 79 3981
7019 210 10512
5036 31 1555
7047 48 2440
7004 527 26374
6882 195 9783
6945 207 10351
7001 700 35032
7017 784 39246
6482 152 7614
7004 1011 50562
7008 72 3608
7054 875 43778
7054 2010 100518
7018 570 28550
6656 43 2154
7010 343 17169
7010 727 36367
6656 45 2300
7023 745 37252
7004 729 36472
7017 79 3959
7003 188 9436
7012 442 22101
6656 45 2300
5452 45 2265
7012 324 16223
5078 2 123
5497 102 5104
7049 1215 60774
6882 129 6482
7020 1762 88115
7003 228 11433
6560 14 737
7012 713 35678
7020 660 33031
6359 2 147
6527 106 5303
7020 851 42584
7014 1411 70569
7001 1134 56746
