9454 107 5379
11135 49 2460
13683 10 547
10850 78 3934
12066 41 2054
9712 25 1273
11614 158 7932
10635 65 3295
8697 123 6183
9298 77 3866
9668 118 5942
12556 8 413
9442 7 359
9557 1 89
12566 262 13138
8957 235 11792
9679 105 5292
9632 128 6420
10574 19 986
10574 25 1269
11194 1 81
12442 42 2132
10437 140 7036
11867 109 5494
11924 8 410
9592 274 13739
11515 27 1379
11738 184 9221
10593 72 3631
13548 4 211
11505 29 1460
10906 205 10283
10592 298 14937
11657 13 664
9726 256 12850
13536 74 3713
11913 288 14419
11119 304 15206
8433 204 10235
8419 5 271
11741 26 1336
9470 45 2253
11922 3 184
9454 136 6845
11664 119 5986
11998 134 6721
11237 23 1152
9519 263 13175
11776 146 7303
10623 19 967
8957 233 11692
9632 126 6326
10747 19 971
11187 217 10856
9709 8 426
9341 215 10787
9665 8 401
9390 7 391
11527 0 18
11707 146 7301
9390 7 374
9583 500 25003
10719 12 648
10640 28 1421
10850 197 9864
11953 34 1745
13678 133 6658
9694 169 8469
8987 144 7201
11601 200 10031
10906 205 10292
9345 60 3017
8897 28 1442
10483 58 2926
12496 96 4809
8889 67 3386
9463 92 4623
13561 114 5723
10696 234 11705
10748 65 3291
11593 4 212
9615 25 1281
11658 11 566
11589 205 10263
8994 164 8205
9679 44 2241
9457 86 4310
10850 223 11169
11922 70 3529
11558 5 275
9215 104 5245
8620 128 6432
10592 183 9162
9196 0 46
10545 146 7345
12549 96 4847
10729 51 2557
8963 61 3063
12075 48 2410
10475 191 9582
8996 292 14602
10905 111 5570
10660 197 9860
9215 104 5245
10501 18 937
10906 221 11076
12558 18 920
10483 54 2748
11993 0 33
11182 87 4352
13616 245 12253
11972 21 1079
12508 140 7036
10906 128 6437
12542 19 951
10609 141 7070
9442 173 8688
13467 147 7368
10660 241 12066
13638 145 7264
9505 219 10970
10624 176 8836
11965 345 17293
9500 2 146
11861 38 1902
11508 29 1473
9726 186 9316
13626 82 4140
11933 186 9318
10822 70 3529
8529 276 13817
12077 166 8347
13687 1 57
12023 23 1153
11072 16 830
11187 319 15994
8439 19 997
9068 43 2172
12566 251 12594
8687 212 10635
11759 25 1292
13675 73 3683
13675 19 986
11943 254 12712
9668 116 5815
9545 181 9075
13561 23 1169
8937 50 2538
9542 293 14669
11728 180 9007
9675 2 133
9285 170 8505
10711 101 5070
11707 1 93
10355 265 13286
10517 29 1460
8508 6 324
8987 143 7157
11614 6 341
13687 1 91
10778 182 9118
12485 82 4121
11991 10 548
13454 7 374
11845 29 1493
11591 57 2875
9080 34 1715
12565 170 8535
8419 6 315
8918 123 6167
8897 25 1264
12508 266 13341
12404 29 1499
10793 58 2947
8994 24 1234
9035 139 6979
11135 74 3711
9464 85 4299
8441 190 9545
10708 39 1966
9065 82 4106
11599 59 2978
11884 68 3427
11186 166 8308
11521 43 2182
13623 82 4139
9195 225 11277
8889 64 3229
10353 0 18
9341 217 10886
11930 79 3993
12000 46 2344
11087 18 947
11913 323 16184
11589 146 7305
13623 116 5828
9345 63 3177
10660 241 12054
10592 183 9182
9410 71 3569
10705 8 413
9579 115 5792
8465 258 12917
10883 125 6298
11601 211 10553
11187 230 11509
11759 25 1292
11879 228 11404
11821 70 3539
12566 251 12592
10756 10 527
8859 17 851
11707 93 4693
13564 7 360
11527 7 389
11601 211 10574
8419 4 214
11182 171 8551
9516 329 16478
12565 123 6198
9075 48 2407
11963 171 8569
13583 178 8948
9579 114 5736
13583 178 8948
8409 19 995
8416 129 6463
10606 3 156
8994 163 8194
11085 2 141
9191 40 2044
13561 95 4764
10712 318 15935
8626 82 4136
12039 84 4234
13634 25 1298
12446 21 1072
8889 64 3234
12036 5 261
8669 12 631
11963 2 123
9065 95 4785
8579 21 1099
10883 216 10812
8810 93 4656
10660 240 12006
12145 73 3675
8419 3 155
11111 92 4625
10489 48 2439
11963 359 17990
9448 62 3119
9567 158 7931
8707 7 372
8537 268 13437
11589 59 2987
9726 186 9340
13583 72 3648
10844 73 3673
11668 86 4346
9225 131 6574
10838 47 2360
12518 22 1137
10800 21 1090
13675 19 968
13662 132 6616
13552 57 2886
11830 114 5710
12517 239 11964
8508 5 269
11913 281 14072
10864 114 5713
9344 244 12205
9675 82 4115
8433 99 4972
10648 53 2676
11833 80 4035
11618 42 2119
12543 308 15424
9639 215 10787
10483 60 3006
9651 130 6539
10755 122 6148
11214 54 2726
12056 37 1888
8894 84 4236
10448 100 5028
13552 57 2879
11911 16 849
9041 83 4170
11924 269 13500
11512 87 4379
9247 44 2204
10660 324 16209
13671 124 6239
10518 12 606
11619 3 192
11187 230 11507
11824 9 479
11926 293 14662
11551 106 5342
10444 15 766
8746 60 3018
10672 68 3450
9298 77 3894
8416 129 6476
13643 110 5503
9473 20 1028
9592 271 13562
9601 124 6246
11519 72 3637
8915 117 5861
13671 124 6220
12039 99 4954
9516 329 16452
10434 95 4796
9094 5 283
11786 285 14283
13675 78 3919
11066 212 10640
8471 20 1011
11751 150 7529
9519 255 12784
10756 12 647
8701 224 11223
8458 80 4050
11842 41 2078
8935 111 5556
9620 301 15092
11519 192 9650
8894 30 1505
13634 25 1293
10475 191 9577
11551 106 5329
9239 149 7484
11066 91 4557
10624 193 9700
9281 75 3796
13588 4 231
11921 169 8468
9516 249 12483
12566 251 12594
11278 224 11220
9028 8 426
13565 67 3370
8690 42 2147
10688 83 4154
11740 11 563
11953 34 1728
11926 6 305
11551 92 4618
13542 138 6906
9196 3 162
12075 112 5646
8700 133 6662
11186 108 5418
11169 129 6491
9583 500 25003
9463 91 4573
10850 84 4246
9030 122 6148
9411 64 3245
8852 32 1636
11527 134 6724
9632 127 6353
9090 138 6938
9500 393 19655
8915 119 5954
10606 11 552
12077 166 8307
12054 45 2282
9217 22 1107
9651 188 9450
10390 62 3145
12073 65 3295
9072 127 6373
11169 217 10892
10811 49 2492
9030 137 6867
12077 166 8307
11759 25 1274
11977 7 368
11926 239 11987
12056 330 16532
11601 139 6998
11707 101 5074
11763 108 5424
9470 96 4822
8810 90 4510
9390 7 391
12485 116 5802
11833 88 4443
13635 72 3623
12000 97 4860
9239 149 7481
11614 158 7904
11957 71 3566
12079 61 3078
13505 9 470
13661 81 4059
12075 49 2492
11599 61 3061
9639 215 10787
11632 4 217
12538 3 199
11243 82 4133
8934 47 2361
13623 97 4896
8915 113 5671
11002 3 170
8964 184 9231
13635 77 3874
11527 81 4079
9243 120 6022
11821 94 4746
9679 106 5331
11648 58 2919
11716 74 3702
10545 146 7334
8936 113 5676
8810 89 4467
11623 108 5406
10625 231 11593
8416 128 6449
11182 87 4359
9615 25 1281
11601 1 88
12544 19 990
8448 134 6714
13537 1 74
9390 7 374
10449 127 6384
11601 165 8275
13675 235 11800
13691 135 6785
10850 86 4339
10705 8 413
12555 10 548
13678 34 1707
13618 31 1587
8740 35 1759
11878 153 7664
8701 224 11233
11196 28 1437
9090 144 7207
11885 82 4135
13691 29 1475
10858 124 6228
8746 59 2961
12070 163 8181
10545 145 7276
11991 100 5011
12496 20 1002
11508 160 8014
9546 84 4235
11828 11 580
11527 1 99
11866 71 3577
12000 97 4880
9386 18 938
9668 244 12250
10838 47 2362
11186 108 5439
8918 123 6165
10660 200 10043
8562 154 7719
8585 35 1778
9327 12 620
10660 324 16209
8735 5 254
9225 130 6541
12039 77 3884
10821 12 648
10950 18 920
11745 15 790
13676 50 2530
12005 89 4490
10849 229 11488
9075 292 14647
8957 256 12827
9196 2 119
11589 205 10295
11779 269 13469
12485 117 5889
13639 83 4166
11091 165 8284
11972 147 7358
11292 6 348
11779 6 333
12000 97 4886
9507 243 12167
11707 53 2681
12482 295 14789
11830 148 7402
13470 95 4790
13621 40 2034
11150 5 293
10688 84 4245
9238 131 6580
8762 305 15264
12508 164 8232
10520 213 10656
9404 125 6282
9554 33 1687
8861 38 1925
13564 7 360
9438 35 1775
13691 29 1458
9605 71 3554
13463 22 1129
11759 25 1264
8433 32 1644
11135 74 3709
9620 301 15072
8508 6 334
9366 127 6385
10444 15 780
11507 6 338
11618 42 2106
12425 38 1942
9557 2 147
13678 118 5910
10579 9 460
11632 4 240
8416 106 5312
9675 82 4119
9281 70 3528
9341 217 10886
10905 106 5347
11887 77 3877
12426 87 4398
9362 248 12413
11885 42 2103
9030 121 6086
11085 2 115
10822 68 3407
9341 216 10845
10592 295 14784
13618 31 1562
12039 99 4954
8690 163 8167
9438 93 4687
11921 169 8490
12091 367 18362
11075 12 626
10660 326 16327
9470 48 2402
13648 80 4003
12025 272 13623
11868 51 2574
11867 69 3493
12039 272 13643
11091 165 8268
11779 63 3192
13676 49 2485
8695 22 1148
9632 118 5944
11169 129 6482
10672 68 3442
11738 246 12327
9298 54 2723
9470 91 4582
9516 249 12491
11707 93 4693
8915 121 6077
8702 200 10015
10625 233 11698
10683 272 13645
10737 287 14388
11792 11 554
8620 129 6498
11119 309 15483
13504 74 3730
13629 134 6750
11935 27 1394
10665 240 12045
11539 60 3022
11913 137 6857
10696 234 11711
12110 219 10963
11930 276 13837
11963 153 7675
12039 201 10087
11921 252 12639
10666 43 2159
12036 121 6086
10580 222 11112
12025 86 4321
10696 281 14093
12426 64 3228
12054 152 7638
9533 14 713
10666 42 2136
12496 20 1037
9639 218 10903
13583 72 3624
9713 65 3283
11614 158 7915
8740 35 1772
9304 105 5276
8701 225 11287
9369 34 1743
12086 31 1555
10449 127 6369
12066 94 4721
8918 123 6169
11527 106 5312
8862 133 6688
11943 236 11814
12497 13 688
11071 8 409
9712 43 2151
13691 23 1195
11965 420 21005
12554 86 4339
8714 152 7617
8413 14 715
11779 6 333
11230 17 878
9065 82 4131
10445 160 8043
12023 23 1200
10569 6 341
8690 39 1990
10501 18 915
9557 2 134
13661 9 495
11103 60 3037
13692 71 3574
10692 103 5198
11878 10 527
11878 119 5987
9075 49 2454
8716 95 4792
10580 221 11066
9605 51 2589
9061 52 2635
11741 40 2013
12071 304 15201
11977 7 383
11801 15 760
9601 123 6179
11963 79 3969
12454 425 21287
10522 181 9078
10606 3 162
11071 8 440
9675 1 65
10716 144 7215
12091 185 9275
10569 5 256
13626 82 4147
12442 179 8990
11194 1 86
13467 150 7520
9632 60 3012
8897 26 1324
8862 52 2624
10846 123 6179
10848 112 5618
10858 124 6217
11135 73 3700
10950 19 988
9453 1 57
13675 208 10407
9702 78 3922
12379 11 591
9068 106 5328
13569 145 7267
13477 54 2745
10800 21 1062
11935 222 11132
10593 79 3975
12540 12 607
9247 42 2114
11963 2 123
9702 89 4470
8447 57 2888
10610 270 13534
10905 106 5303
10837 142 7102
9298 79 3998
8468 55 2758
10434 105 5278
9188 19 995
9439 116 5823
10483 57 2879
10756 80 4015
11150 5 292
13619 53 2683
9702 78 3902
11896 9 458
11965 136 6802
10449 206 10321
11889 11 597
10574 24 1249
8669 12 619
9345 205 10294
11933 101 5074
8549 113 5660
8936 112 5614
8433 191 9561
11087 18 950
9500 0 8
11601 165 8274
9717 310 15526
9454 104 5222
11230 17 875
13548 4 242
12039 3 187
9500 391 19594
9712 24 1207
10756 10 547
11972 147 7381
11957 92 4650
8416 80 4033
9702 88 4405
13642 62 3148
9463 92 4613
10501 45 2278
10913 220 11009
8541 24 1245
9457 86 4320
11678 32 1635
11078 20 1009
12145 191 9597
9470 46 2322
8419 3 190
10449 126 6317
11512 107 5352
11599 50 2523
12036 121 6091
13691 136 6832
10635 67 3384
10609 141 7054
12046 94 4716
8419 6 315
13617 114 5729
11943 121 6094
12508 99 4978
11521 43 2196
13477 54 2729
9639 216 10823
10606 12 614
9030 41 2069
10646 97 4882
8934 47 2378
9369 34 1743
9304 104 5227
12374 88 4417
12086 31 1555
9225 129 6499
11726 161 8094
8707 6 307
9563 268 13407
10778 180 9004
9583 277 13863
12454 425 21252
9704 119 5959
10475 192 9646
13623 116 5834
12004 283 14167
12392 19 990
9254 23 1189
10837 142 7120
11872 120 6048
10551 117 5881
10623 17 893
12542 164 8224
10449 287 14375
9621 21 1083
11000 16 832
8579 21 1090
12110 219 10974
8447 58 2909
9338 107 5391
11866 71 3578
11119 110 5515
9080 30 1534
8996 292 14622
9726 239 11958
11884 249 12480
8587 79 3981
8735 4 249
12557 71 3592
9345 208 10408
9090 136 6814
9438 93 4653
10635 65 3258
12426 64 3248
8687 190 9549
9386 184 9244
11601 211 10597
11094 115 5782
11830 191 9574
12392 19 993
10471 35 1768
12029 27 1363
12004 283 14173
9075 46 2318
9486 213 10673
8782 15 761
11564 26 1305
11922 13 680
8853 201 10066
13564 7 355
9505 216 10832
11922 70 3505
9632 118 5944
9454 104 5235
10998 69 3494
9615 25 1288
10520 81 4097
9470 165 8290
8677 10 531
10711 100 5003
12459 107 5359
10590 43 2164
12486 74 3706
9464 87 4362
11747 3 192
8799 11 556
8695 20 1007
11912 87 4391
11957 71 3571
10748 68 3444
9542 296 14819
9702 89 4464
13618 110 5534
11527 108 5427
10437 140 7019
9717 310 15543
10660 327 16354
8915 113 5680
9516 325 16260
9072 128 6422
10580 239 11993
11963 171 8577
9464 87 4362
8705 77 3866
12000 65 3290
11872 75 3797
9601 125 6262
8549 113 5699
12485 220 11023
8804 126 6345
11664 119 5985
11921 138 6918
12438 12 649
12566 232 11624
10988 255 12763
10848 111 5570
9394 124 6203
9345 206 10350
11713 43 2189
9195 84 4246
10520 73 3652
11278 51 2565
11993 0 5
9679 46 2334
9009 147 7359
10822 70 3537
10771 246 12344
11726 188 9431
12565 123 6185
10711 101 5091
11668 71 3591
10822 66 3340
8909 48 2430
10848 112 5615
9326 36 1814
11139 4 224
12070 130 6518
12542 164 8211
10711 100 5029
10756 70 3536
12079 61 3061
11514 32 1641
11998 57 2877
12504 149 7456
8957 235 11792
9344 52 2624
11926 265 13275
11545 266 13345
10711 99 4965
10988 186 9312
12383 64 3237
10998 69 3458
10609 142 7130
8735 4 211
11514 22 1116
13634 17 884
11998 57 2871
12066 41 2085
13620 53 2663
10434 105 5254
8915 118 5950
8735 5 289
10972 58 2916
9677 55 2753
10580 222 11109
10574 25 1270
11878 224 11235
9665 8 411
10646 97 4882
9651 129 6496
10545 145 7272
11841 19 972
11206 21 1074
11776 105 5287
9438 34 1740
8697 122 6121
11080 103 5163
9439 115 5760
12364 40 2017
13617 114 5703
13503 191 9576
11792 16 846
10611 99 4953
11001 17 889
10483 54 2727
9442 4 229
11989 81 4073
9210 0 35
10811 48 2420
10773 150 7502
10858 128 6439
12023 23 1153
10520 81 4097
11741 102 5146
9470 96 4804
8620 131 6576
11751 220 11039
10475 187 9355
11842 15 788
12073 98 4922
12070 187 9371
9254 24 1201
10660 241 12076
13661 70 3525
8894 84 4225
9453 1 57
9035 135 6767
11915 24 1202
11879 228 11448
13695 99 4976
11001 14 733
13542 138 6918
8922 23 1162
13503 191 9589
13583 72 3648
13583 72 3630
12449 285 14287
9210 254 12722
8922 20 1039
10756 80 4011
10592 298 14910
11629 52 2627
11779 55 2799
9702 89 4495
10519 72 3623
12482 295 14761
10623 18 928
8897 25 1278
13504 12 641
12075 134 6732
8539 38 1912
12145 73 3675
9677 54 2739
10756 12 633
13527 24 1225
10483 58 2948
8987 141 7057
11727 288 14421
11926 293 14656
11935 222 11116
8852 37 1886
12379 96 4817
9437 30 1510
11923 146 7346
13565 35 1780
8996 290 14501
8902 34 1705
8787 93 4668
10755 126 6318
11965 54 2731
10757 88 4446
12079 61 3078
11202 7 354
11543 122 6122
11619 60 3026
10475 192 9646
10442 10 503
11507 6 331
12032 9 485
11913 318 15923
10665 238 11906
9324 39 1999
8994 164 8248
13648 80 4036
10822 68 3448
11589 212 10607
8695 22 1147
9394 125 6258
9390 7 372
8419 1 97
13629 229 11488
11913 137 6859
13542 153 7700
12079 100 5018
12383 3 182
12075 134 6725
8996 57 2876
9554 33 1687
10471 35 1799
9601 120 6026
8416 80 4030
13675 208 10449
10434 104 5229
11867 14 743
9533 10 544
12056 112 5601
9379 242 12122
8936 109 5454
13467 144 7244
12066 41 2069
9632 123 6170
9545 210 10541
10905 110 5541
11532 49 2489
9338 107 5391
11668 86 4335
12066 41 2078
10483 57 2896
12073 24 1224
12004 283 14173
11751 282 14135
10593 79 3973
12025 86 4313
8695 11 553
10705 166 8330
8853 188 9411
9681 77 3869
10747 50 2521
9454 105 5270
10545 145 7300
10837 142 7141
12543 308 15411
10434 113 5653
9267 25 1261
11776 59 2954
10578 13 675
10660 326 16341
13580 4 247
8853 201 10058
8471 20 1011
10925 124 6231
8714 152 7617
8707 7 394
11678 8 448
8905 52 2620
12508 266 13323
12070 313 15678
10660 323 16168
11974 26 1316
10390 63 3192
13675 235 11796
9386 18 940
10519 71 3586
8458 78 3939
10906 207 10377
8702 198 9913
8915 121 6077
9285 172 8627
11728 10 535
11879 244 12207
12046 94 4716
10846 121 6069
9535 57 2875
9651 129 6496
12070 24 1237
9632 128 6420
9694 168 8440
11738 184 9216
8750 217 10873
9028 9 469
11071 8 409
10765 12 638
12560 86 4306
9507 243 12162
13655 29 1488
8445 191 9570
11762 18 939
13658 11 569
8918 122 6126
12441 401 20064
13537 1 90
11900 28 1434
11924 8 450
9615 25 1288
11519 188 9427
9427 153 7677
10623 15 767
9195 224 11239
8957 235 11761
10574 19 951
9694 170 8516
11692 2 120
12418 33 1674
11551 123 6170
10813 70 3542
8746 85 4275
8695 8 428
8697 123 6161
10648 53 2676
10635 65 3265
8905 50 2504
9364 25 1277
10501 18 938
11779 227 11380
8695 7 373
9583 281 14095
9499 309 15456
13467 144 7249
9545 210 10521
13630 35 1785
9238 131 6591
8690 41 2067
11879 40 2016
10883 165 8260
8859 17 862
12558 56 2801
9030 121 6098
12441 113 5682
9035 138 6909
12542 19 955
13621 40 2034
9651 107 5360
8468 55 2751
12438 102 5143
8714 140 7007
10913 222 11114
10737 289 14490
12066 274 13731
11738 171 8580
11741 5 270
10436 305 15290
11119 309 15456
9024 46 2324
11544 3 154
11080 277 13889
11972 120 6042
10727 119 5969
12540 157 7899
11963 171 8569
11196 63 3159
13614 26 1328
9410 73 3665
11707 53 2696
12091 185 9296
10848 105 5269
9344 88 4425
10811 48 2449
10727 120 6015
9024 44 2207
12070 187 9396
11135 74 3708
13618 35 1787
8697 122 6121
11623 108 5411
11519 192 9618
9427 153 7677
9028 6 315
11135 74 3711
8419 0 41
9605 51 2555
10471 35 1769
10883 165 8273
11492 3 176
11514 32 1639
8958 186 9335
11917 21 1061
8746 59 2988
8687 212 10606
9567 431 21583
10660 325 16289
9030 41 2093
11976 371 18582
10883 174 8708
11119 309 15483
10625 231 11592
11000 17 893
10480 111 5578
11926 239 11953
9243 120 6018
11763 16 828
9035 136 6810
9214 128 6436
8620 130 6510
10522 182 9108
8959 208 10432
11090 202 10130
13626 67 3376
8441 189 9498
13629 109 5467
10580 222 11122
11589 146 7306
9345 61 3075
8695 7 374
11830 39 1975
9439 117 5854
9677 54 2749
11259 16 832
11921 17 894
13695 40 2025
8714 140 7007
8862 49 2463
9052 31 1560
8799 12 643
10850 197 9889
8433 202 10113
9243 120 6022
11842 15 752
9632 128 6439
10592 182 9122
8529 276 13830
11957 92 4640
10574 24 1217
12418 33 1693
11514 32 1636
10683 155 7773
11842 49 2488
11228 34 1704
11965 136 6802
11565 120 6035
8909 43 2191
11025 95 4775
9618 264 13235
12499 5 271
8735 4 247
10747 50 2505
8894 30 1537
9618 264 13201
8859 14 731
9030 135 6783
10913 222 11115
13683 19 999
10609 134 6715
9533 14 713
8782 16 815
10849 229 11463
11972 148 7428
11842 41 2066
10569 4 231
11707 134 6743
11080 103 5191
9546 83 4196
11998 134 6750
11080 103 5152
11884 265 13254
11186 258 12938
13629 229 11488
10856 34 1721
8957 234 11739
13623 54 2729
10800 15 756
10846 121 6069
11601 1 77
12543 131 6575
11738 250 12502
11537 8 449
8918 122 6120
9542 297 14890
11187 230 11507
10648 69 3475
10712 316 15841
11887 88 4435
10906 207 10381
11508 183 9186
8922 21 1065
8810 93 4661
11508 114 5743
9243 120 6042
10569 4 235
10719 25 1289
12556 67 3357
11508 29 1456
13683 10 530
10592 297 14860
13676 49 2461
11817 0 39
10599 114 5712
9238 128 6445
9583 205 10281
12566 262 13147
9379 243 12193
8915 117 5877
10520 217 10874
9726 184 9220
11921 178 8948
9410 72 3633
13491 59 2990
9713 64 3214
10592 297 14886
12039 3 186
9442 173 8685
9473 22 1137
9210 254 12722
9298 76 3802
12556 67 3357
9516 126 6329
11922 136 6814
8958 221 11086
12052 6 348
9028 11 591
10756 10 547
11921 288 14438
9386 184 9235
9341 216 10810
9681 80 4010
9279 1 53
9651 186 9313
12505 87 4365
13629 31 1599
9195 241 12051
9500 0 8
8804 126 6319
9326 37 1851
10520 81 4093
13675 208 10407
8690 164 8225
9453 3 182
9386 255 12800
10648 53 2654
9028 9 469
12009 32 1610
12009 32 1610
8958 190 9515
11187 217 10856
10711 98 4920
10517 28 1410
9453 1 83
9713 67 3375
10471 35 1768
11664 119 5975
9068 41 2068
9094 4 206
11830 191 9576
9704 117 5873
8409 19 992
11119 10 531
8700 132 6605
10609 141 7098
11820 253 12693
10837 144 7249
9024 44 2235
10905 106 5347
10858 124 6248
12091 367 18356
8548 105 5278
11935 250 12524
11529 291 14598
8918 123 6161
12036 1 91
12504 159 7981
12094 6 318
9243 120 6044
10390 62 3103
12441 401 20064
10551 117 5881
11564 108 5418
13678 118 5902
9386 20 1014
9515 98 4937
9438 93 4697
12517 239 11969
8433 97 4896
12508 266 13323
11707 134 6743
12506 9 493
8987 140 7039
11087 47 2362
10437 142 7113
9583 278 13908
12404 55 2762
11075 12 626
8750 216 10822
11821 71 3568
9579 45 2286
12549 90 4543
11751 107 5372
9405 11 571
8959 183 9153
9656 332 16620
10938 37 1865
9267 24 1209
10747 17 886
10483 54 2746
10848 194 9722
12549 90 4533
10719 25 1294
13675 73 3698
11972 68 3432
11551 108 5404
11891 156 7827
11741 26 1336
10756 75 3792
10665 240 12008
9404 127 6378
13688 7 352
11589 210 10519
12404 82 4137
11847 74 3720
11668 71 3595
13580 58 2934
12023 23 1200
10883 174 8712
11957 71 3585
11174 1 69
10850 225 11274
11119 155 7755
9535 57 2895
10822 68 3436
12066 41 2062
12441 401 20069
12039 84 4201
10848 110 5514
12000 65 3283
9090 142 7134
9545 211 10557
9285 169 8490
9090 136 6836
10449 208 10437
11619 19 1000
11227 3 166
12426 9 466
12079 61 3068
8762 283 14178
9618 264 13201
8508 7 358
11520 54 2729
8959 184 9217
9075 44 2247
11965 136 6802
9620 288 14409
9681 80 4024
11134 43 2163
11664 89 4494
13470 46 2308
10913 219 10990
10822 66 3326
11096 85 4299
9619 154 7708
12369 58 2943
11601 139 6952
10850 79 3955
9583 206 10323
11927 59 2957
11707 146 7332
13630 57 2874
11878 119 5969
9008 118 5937
10832 61 3063
10850 84 4242
12404 82 4102
11664 16 837
9037 235 11785
11080 3 194
11619 3 196
8915 114 5729
13623 82 4134
8770 57 2864
10727 117 5852
11965 420 21004
11913 323 16196
12555 10 533
10864 115 5766
9444 326 16338
11002 3 196
10819 8 405
10449 207 10355
10609 135 6765
10590 40 2031
11712 1 61
9632 118 5921
11564 94 4713
10750 12 644
13580 58 2907
11243 42 2134
12079 10 534
11292 6 348
11879 228 11448
11872 227 11371
11751 220 11034
9394 128 6421
13580 4 212
8897 25 1296
12079 83 4178
13695 99 4976
8994 19 978
10625 230 11511
11653 46 2333
9713 66 3308
11709 57 2864
8740 35 1763
10716 119 5972
10998 42 2121
9345 62 3113
12377 5 265
9545 181 9085
10593 79 3973
9694 167 8395
11664 119 5975
11926 6 350
10590 5 280
12070 130 6512
10705 166 8330
11564 26 1324
9470 48 2429
13561 114 5723
8958 188 9442
11119 69 3499
10448 100 5048
13692 71 3587
8902 35 1777
8698 84 4247
11080 103 5158
11830 114 5722
8936 114 5712
12426 9 494
9068 107 5385
11970 78 3948
8433 202 10112
11879 128 6437
11884 261 13056
11779 269 13463
10858 128 6403
9464 83 4172
13633 32 1628
9230 0 15
10864 114 5741
11887 159 7953
11776 59 2971
11751 287 14379
8784 58 2929
9457 86 4310
9404 126 6328
12039 109 5486
10520 81 4060
13504 74 3727
10436 304 15229
13582 16 802
8714 140 7045
10646 96 4820
9677 55 2795
11529 1 58
9567 156 7834
9627 16 833
12557 71 3585
11668 71 3595
12066 274 13715
8905 49 2453
10696 254 12740
9324 55 2771
8695 9 457
8711 0 30
9035 139 6961
11965 383 19159
10906 213 10680
11984 87 4394
10569 6 313
9214 126 6319
12039 109 5488
10545 145 7297
8909 45 2290
11091 165 8293
8458 78 3919
10921 243 12195
9651 132 6624
12364 40 2023
9651 129 6472
9457 87 4385
10449 127 6391
9651 129 6472
11963 359 17993
11599 50 2532
12538 29 1474
12073 187 9375
9461 109 5467
12036 115 5788
8690 39 1983
8549 113 5651
12039 201 10061
9326 37 1887
9656 333 16663
11237 23 1152
10848 110 5545
9340 90 4548
11976 371 18557
11728 218 10912
11576 29 1483
8994 162 8111
11512 12 608
11922 70 3535
11759 208 10438
12377 5 256
8695 22 1105
12079 100 5025
10829 11 586
12454 425 21252
11524 201 10061
12377 5 288
11930 57 2859
11589 59 2977
9627 17 854
8957 233 11698
9637 84 4218
8620 128 6445
8862 49 2463
11001 13 658
11977 30 1534
9632 39 1975
11119 48 2419
9470 94 4710
13565 35 1800
11213 63 3191
11685 149 7476
12054 45 2287
8468 56 2841
8460 227 11386
12418 33 1660
11995 33 1653
10822 71 3570
12077 56 2801
11922 26 1327
13454 19 956
11728 61 3056
9583 215 10797
8762 282 14125
8859 14 707
11926 122 6143
8416 128 6450
11291 33 1685
13656 12 645
10729 51 2581
8683 203 10173
8862 52 2621
8909 47 2354
13639 83 4197
11601 200 10050
11913 137 6859
11991 71 3552
13542 138 6937
11913 80 4047
8852 48 2437
9444 326 16349
9394 125 6292
11169 217 10856
11519 72 3637
10858 124 6248
9627 17 891
10579 9 451
9656 331 16596
12145 73 3675
10748 65 3274
8750 214 10722
8454 27 1373
13638 145 7264
9024 45 2286
11726 233 11692
9444 327 16387
9702 88 4445
8859 15 758
8934 47 2378
10624 192 9631
10822 71 3564
12404 82 4125
9188 19 964
10501 39 1999
10708 39 1995
13638 46 2332
9668 193 9697
10757 103 5169
9470 93 4673
8958 186 9335
10821 12 635
11913 137 6853
11162 32 1629
11972 148 7420
12056 368 18442
11551 108 5436
9267 23 1199
9651 129 6455
10773 113 5673
12418 33 1672
13623 82 4134
9267 25 1283
9454 134 6718
9196 1 76
10883 165 8274
8416 98 4942
12383 7 373
8852 37 1892
12549 100 5005
11119 155 7755
9195 224 11239
11275 109 5489
8620 131 6576
11913 137 6857
9065 82 4131
9196 3 161
11094 187 9376
9354 38 1946
10624 177 8851
11707 131 6576
10850 23 1159
9668 193 9675
10711 101 5091
13586 0 31
12549 100 5050
9035 138 6909
8626 81 4074
13491 54 2744
10635 67 3359
10931 106 5319
13580 146 7347
9679 48 2435
8918 122 6120
9620 56 2812
8914 19 981
9545 218 10950
11492 3 185
9709 7 360
10592 181 9063
9473 22 1137
10819 8 405
12540 12 605
12066 41 2065
11763 234 11731
11508 160 8040
9620 46 2345
13618 110 5534
11529 28 1431
9308 33 1663
11884 54 2749
9195 85 4264
11738 109 5466
13623 97 4897
13662 81 4062
10449 206 10323
8994 163 8198
10692 101 5070
10906 217 10872
11842 15 760
10966 251 12579
9545 218 10929
9607 40 2015
8994 163 8152
9394 124 6232
9545 210 10504
8419 4 209
8700 206 10346
11776 11 560
9464 87 4394
10848 112 5618
12556 67 3394
9279 0 43
11071 270 13543
11707 126 6314
11512 87 4390
12485 117 5889
9651 187 9381
10449 127 6398
12549 100 5014
11243 82 4112
10692 103 5152
10646 97 4882
12145 191 9574
12368 49 2473
9632 60 3050
13491 59 2953
11001 17 895
10906 221 11084
8762 305 15277
10434 114 5705
9324 80 4024
11090 202 10124
9463 91 4573
9354 39 1970
10647 81 4100
8746 57 2859
11989 81 4087
9386 63 3197
11116 126 6327
11134 43 2183
10906 213 10695
10672 68 3450
11866 71 3577
10972 57 2851
11119 115 5798
8539 39 1999
11991 57 2895
8762 282 14101
10623 18 929
9362 248 12417
11237 42 2121
9411 64 3245
10773 85 4251
10441 125 6261
9464 85 4283
10821 13 676
9438 34 1740
8454 27 1373
9395 346 17315
11274 12 601
11913 80 4047
13470 72 3636
12383 3 182
9009 146 7335
12438 102 5143
10449 207 10353
11066 91 4557
8922 19 989
8585 35 1783
11866 71 3581
8996 288 14427
10906 132 6626
12545 40 2042
9515 102 5107
12543 131 6570
11724 6 307
9601 124 6246
11792 11 554
13565 67 3384
11648 58 2919
13661 9 480
10442 11 584
9344 246 12336
10906 128 6450
8958 188 9442
12485 82 4136
11913 118 5948
11957 71 3594
10705 2 147
9267 24 1209
13477 99 4977
8541 25 1260
11601 32 1604
10819 6 332
8529 137 6890
11891 130 6549
13491 54 2744
8620 128 6445
9285 172 8610
11995 33 1682
8957 233 11658
12506 9 455
8433 205 10282
11943 121 6094
8959 208 10432
12446 87 4368
11088 4 210
9345 63 3177
9726 184 9220
12508 266 13348
8419 1 56
10757 102 5143
9188 123 6198
11637 39 1978
11935 29 1482
10773 111 5589
9298 29 1470
11728 336 16832
12066 140 7046
10772 118 5921
9188 18 918
12566 262 13147
11075 12 647
8914 19 968
10590 42 2133
11972 21 1060
12066 274 13718
9709 9 469
11751 25 1256
10672 68 3424
10858 127 6366
13470 46 2346
13688 125 6261
9640 110 5527
9068 105 5279
9457 85 4264
9668 12 605
10747 50 2513
10848 110 5545
10449 287 14373
12077 166 8326
8958 186 9346
9515 104 5221
8852 37 1886
11880 17 865
10708 43 2176
11965 165 8257
11879 40 2016
11274 12 601
11721 152 7633
8548 103 5154
13477 38 1918
11878 224 11237
8446 311 15553
11096 113 5671
8746 208 10414
11776 30 1506
10535 19 976
11527 81 4076
10838 50 2547
8994 24 1242
9061 52 2641
9651 132 6609
8914 20 1015
9072 127 6373
11066 212 10640
9442 172 8618
11741 26 1336
9710 183 9177
12485 222 11129
10804 91 4552
11924 8 424
9681 79 3987
10551 117 5889
10434 21 1094
13565 35 1760
10592 296 14818
9068 104 5217
10660 197 9868
8735 5 270
9090 135 6787
11741 36 1829
13616 245 12282
9620 44 2236
9345 206 10317
13661 174 8745
8996 290 14501
12027 14 703
9694 170 8529
9379 243 12155
9238 128 6428
10578 17 881
11830 133 6652
10609 129 6481
8909 43 2167
10390 62 3103
11998 399 19966
9639 216 10823
8959 210 10515
10712 304 15245
9304 107 5370
11186 108 5419
10449 126 6336
9675 2 133
9651 355 17770
12442 179 8967
8416 128 6449
10748 65 3291
10737 287 14370
8782 16 816
9411 66 3307
9344 244 12213
9632 60 3049
9669 190 9544
11759 25 1270
13477 40 2011
9080 31 1577
11868 66 3348
10748 68 3444
10864 19 979
11606 175 8783
11721 157 7864
11529 243 12169
10434 114 5745
11593 98 4922
11740 84 4211
9384 56 2802
12066 41 2065
10716 143 7196
8508 6 328
11103 60 3046
8746 59 2961
9411 65 3283
10850 23 1159
12073 128 6444
9704 118 5924
8548 75 3752
9554 31 1557
11878 224 11247
13678 24 1240
13491 59 2980
9188 19 964
10434 21 1052
10647 81 4100
10437 142 7114
11872 120 6028
8541 25 1261
13667 2 110
10696 234 11721
12558 18 935
10624 176 8815
13617 114 5729
9483 217 10881
10712 314 15706
13692 17 868
12070 359 17957
8859 15 782
13658 11 569
9195 222 11149
12020 14 705
10819 6 326
8963 21 1071
11726 300 15008
10623 19 956
10501 46 2323
9247 42 2114
11278 82 4137
11879 311 15588
11094 91 4583
11512 12 608
8626 81 4075
10449 127 6369
10925 124 6215
9620 289 14483
11933 224 11227
9515 104 5221
10647 81 4068
8589 168 8449
12025 86 4313
9444 329 16496
10998 69 3494
9464 83 4198
10609 140 7032
8441 191 9567
10599 114 5719
12431 39 1982
13676 84 4206
11738 250 12502
8909 45 2269
12497 13 688
11087 47 2362
8416 80 4030
10800 15 756
12071 302 15111
11025 95 4775
9677 9 494
11001 13 658
11593 98 4922
11604 155 7755
11778 13 652
9583 277 13886
10819 6 346
13618 110 5507
9444 327 16351
8750 214 10722
10442 12 605
10712 307 15357
8465 256 12814
9621 22 1132
11664 89 4454
9470 46 2304
11096 50 2503
13583 127 6386
8959 210 10515
13695 40 2010
13623 116 5817
11492 3 173
8852 50 2511
9344 245 12299
9453 4 208
9712 43 2174
12565 123 6162
8934 47 2367
11957 71 3578
10390 63 3156
9516 484 24214
11776 179 8985
11847 74 3740
10837 165 8262
8852 48 2437
9669 189 9466
9364 25 1298
10437 141 7056
12095 133 6653
11691 38 1916
9061 52 2647
9327 11 591
10593 72 3644
11891 103 5152
10848 105 5286
11915 31 1574
12554 86 4327
10931 103 5160
9238 131 6593
11529 28 1434
8700 83 4186
9338 109 5470
12449 83 4166
13565 67 3370
13691 135 6767
12142 28 1439
8747 123 6189
8904 65 3299
13662 81 4062
9511 323 16198
9405 12 610
11599 59 2978
11186 166 8340
9030 121 6086
11935 222 11116
9717 309 15499
12383 3 181
10606 12 614
11618 30 1528
9210 0 35
8959 183 9153
13695 99 4991
8770 271 13551
12565 292 14640
8996 292 14602
10773 110 5510
10850 225 11291
11564 108 5406
9640 108 5423
10520 81 4071
10590 41 2053
9470 48 2405
10771 244 12207
11728 218 10912
12075 49 2497
8700 206 10346
11776 146 7303
8683 203 10179
8915 113 5687
11896 21 1096
9080 31 1577
9338 107 5363
11933 128 6403
11134 78 3934
11906 166 8341
11065 166 8308
9473 23 1188
10883 216 10826
12079 10 529
11953 34 1728
10771 246 12314
11228 34 1717
11774 30 1532
9080 30 1525
12070 371 18593
10520 81 4093
11998 134 6723
8957 233 11692
12071 302 15137
9090 144 7230
13691 136 6843
11085 2 110
10727 117 5860
11774 4 228
11514 37 1855
11841 25 1254
11519 72 3629
9090 138 6938
9656 331 16595
11653 46 2333
10765 12 643
8433 202 10112
9717 310 15545
11565 84 4220
11779 0 24
9362 246 12304
9068 43 2166
8915 113 5680
8852 50 2511
9627 16 833
11520 271 13555
9704 119 5978
13477 38 1924
13688 125 6296
11738 246 12327
13623 54 2723
13583 7 372
13569 145 7267
10545 146 7329
11727 296 14807
10660 239 11985
8994 162 8116
8508 6 334
11763 76 3849
9304 107 5358
10829 11 587
8770 271 13577
10845 192 9648
9511 325 16288
8905 50 2504
12496 103 5192
11515 27 1389
11551 92 4618
10819 7 355
10719 10 518
9345 207 10396
12508 266 13331
11935 63 3179
11601 200 10024
11589 146 7305
10624 267 13352
9340 92 4605
13616 245 12274
12496 96 4816
8702 197 9859
8959 207 10393
11066 91 4571
11797 3 153
8915 120 6046
11614 14 718
11601 297 14864
10353 0 16
11926 293 14656
11540 64 3209
8894 30 1547
9061 51 2553
12543 131 6586
9362 248 12404
10849 220 11028
10522 180 9009
10647 81 4057
10660 241 12062
11515 27 1389
12027 33 1673
10756 12 647
13503 191 9579
13454 19 977
9410 71 3599
11919 185 9257
10712 318 15935
11745 53 2698
11619 3 196
10518 11 579
11648 58 2934
8666 55 2788
10773 82 4129
11776 146 7327
10837 144 7222
10694 159 7964
10951 29 1469
11681 55 2772
11673 43 2171
10925 56 2806
10434 21 1075
13542 153 7652
8735 5 289
9563 391 19591
10719 26 1331
10765 13 670
10449 208 10436
13477 40 2011
11885 42 2135
12004 193 9692
11759 146 7327
9439 117 5889
8579 24 1236
10694 159 7956
11957 71 3566
10567 136 6823
9583 216 10804
9061 53 2685
10520 213 10666
11878 10 527
11751 25 1300
11673 29 1467
13542 153 7692
11629 10 532
10483 58 2919
9461 108 5413
11747 3 181
9439 115 5760
11119 110 5548
10765 12 643
10592 180 9031
9702 77 3854
10625 230 11520
8859 17 851
9620 44 2217
10590 43 2190
11933 224 11214
11878 225 11277
10569 7 353
8697 123 6152
12039 218 10950
12079 66 3338
10705 0 44
9618 263 13173
11976 371 18582
9615 26 1341
10434 113 5665
9024 45 2282
13626 45 2287
11889 17 887
9080 33 1660
11727 288 14421
11922 107 5391
11111 92 4632
10811 48 2440
9037 236 11822
11776 146 7326
10592 182 9104
9384 55 2767
11184 21 1057
8879 106 5322
12449 83 4156
12485 117 5890
11927 44 2216
11278 35 1776
9035 135 6774
9037 236 11822
10748 65 3271
11617 179 8973
13586 0 21
10441 126 6320
8740 37 1894
10696 255 12765
8996 291 14575
8720 124 6226
10688 103 5157
12073 187 9399
9546 83 4159
9210 253 12660
13692 71 3566
9702 77 3854
11658 11 557
12466 39 1996
11878 85 4262
11119 69 3476
10849 228 11406
12520 12 647
9427 154 7724
9583 202 10137
13504 12 647
9726 188 9424
11776 47 2366
13638 46 2325
10837 143 7199
10648 42 2139
12504 149 7493
11963 332 16622
9681 80 4030
9615 27 1359
9500 6 348
12392 8 450
8433 204 10210
11847 74 3712
11972 43 2196
8852 50 2528
11747 27 1380
10711 44 2216
11921 4 237
11685 123 6157
11751 220 11039
12543 308 15434
12561 284 14238
10838 50 2547
11763 108 5411
10449 206 10322
9656 333 16693
9621 20 1044
11134 43 2158
9500 2 146
12449 83 4187
10609 134 6721
12036 121 6086
11678 32 1618
8914 19 965
8909 43 2190
9340 91 4563
10449 206 10344
11593 41 2071
9225 129 6499
12542 19 951
9618 262 13114
9075 46 2329
11861 6 303
9410 71 3569
11512 87 4382
11868 51 2574
10906 205 10292
10483 58 2947
9454 104 5235
13565 35 1751
9379 241 12051
9668 118 5915
11514 37 1876
11707 131 6556
9394 126 6323
12406 5 297
13542 138 6937
13619 53 2667
10951 29 1459
12506 9 493
8468 56 2841
9679 105 5298
10436 305 15290
11527 108 5427
8936 111 5584
9679 44 2250
13583 127 6388
12364 111 5571
9285 172 8609
9546 84 4216
11957 92 4650
9668 193 9656
12566 251 12589
8416 106 5348
12449 147 7361
10850 22 1138
8914 18 913
9090 136 6836
9298 27 1380
9621 20 1044
12145 191 9597
8695 11 579
12374 88 4417
13467 150 7540
11879 311 15588
9386 255 12795
10837 165 8266
9675 0 1
10883 165 8300
9567 156 7834
13588 4 239
9075 47 2354
10445 157 7852
11709 57 2868
12004 113 5687
11515 27 1379
9473 20 1002
9470 91 4582
11599 61 3096
11182 75 3792
12426 64 3218
8959 183 9197
10660 327 16356
13683 19 956
8413 11 576
12566 262 13118
9542 298 14920
11599 50 2532
12383 7 389
9461 107 5367
11521 57 2900
13583 7 364
10850 84 4246
10547 69 3483
11721 1 93
11972 43 2196
11508 114 5717
11763 76 3811
13538 13 682
10972 57 2851
10353 0 16
12383 7 368
9324 39 1968
10848 110 5534
9533 13 688
8419 5 266
9709 8 408
9444 328 16444
12374 88 4448
11879 228 11404
10449 126 6326
12542 164 8224
9461 107 5356
10905 83 4200
12392 19 990
10434 21 1094
9438 35 1767
8740 38 1928
9583 501 25063
8915 116 5842
8853 199 9996
8746 57 2883
10708 42 2138
9679 105 5298
8589 168 8450
12073 65 3282
8620 129 6497
11119 304 15232
10711 33 1665
10609 132 6638
8770 271 13551
10483 61 3051
10611 103 5176
9704 118 5908
12036 112 5624
11861 6 345
9677 55 2753
8784 57 2894
9464 85 4299
9009 146 7335
8413 11 592
8690 164 8215
10449 126 6333
10905 111 5582
9516 213 10655
10747 18 917
11116 126 6343
9321 90 4515
11878 225 11293
8720 163 8169
9632 118 5927
11935 29 1482
9238 128 6428
9395 346 17312
8746 208 10413
9345 62 3113
11545 266 13330
8697 121 6075
10545 146 7349
13676 15 793
10756 70 3531
11935 247 12396
10883 125 6288
10501 45 2278
9511 324 16203
13675 73 3699
8897 27 1371
9507 243 12167
9024 185 9263
9713 64 3210
9285 172 8609
12554 86 4339
9191 39 1998
11521 43 2158
9535 319 15994
9298 27 1380
10434 21 1052
12374 153 7680
11969 18 922
13643 110 5536
