18040 86 4310
17827 28 1420
14817 19 965
18049 45 2264
14641 103 5181
17871 93 4655
17611 87 4382
15130 52 2613
14801 252 12645
14729 41 2094
17254 59 2953
14390 72 3611
14749 61 3054
15970 397 19892
17667 127 6363
14319 16 849
17972 246 12341
14436 47 2390
14127 245 12276
15946 432 21625
17763 82 4116
17505 11 566
14338 122 6147
17462 3 156
17383 23 1183
17623 8 410
15130 50 2550
17504 8 434
17482 94 4705
17134 64 3244
15014 29 1486
17829 182 9120
17462 8 421
17254 58 2922
17206 176 8802
14548 189 9475
15382 209 10490
17494 303 15180
17851 217 10888
17573 100 5032
17636 24 1222
15130 61 3084
17609 25 1279
18011 82 4125
17204 91 4581
17125 63 3154
17343 34 1737
17270 47 2393
17123 12 645
14664 240 12036
17535 52 2624
17986 14 744
18021 694 34739
14218 95 4786
17178 40 2022
14729 41 2077
17482 174 8724
15251 108 5405
14377 235 11758
16095 288 14409
14279 58 2945
17415 189 9486
17667 97 4876
17451 162 8127
18010 101 5096
15941 23 1179
17251 166 8332
17398 178 8949
17312 261 13098
14942 251 12586
17333 55 2790
15966 192 9622
18045 63 3182
17125 63 3154
17333 117 5889
18011 82 4125
15941 74 3747
17415 47 2377
17985 78 3911
14897 129 6488
14377 133 6677
17270 4 224
17667 61 3059
17339 187 9398
18040 73 3700
14736 135 6788
17479 8 414
14632 28 1410
14642 71 3563
17451 162 8122
18040 26 1350
14165 90 4544
14127 153 7660
14623 171 8592
17336 3 196
14218 151 7580
17195 24 1207
14912 199 9969
17239 171 8560
17338 10 516
14564 68 3440
17371 465 23267
14632 70 3517
17177 68 3407
14564 106 5331
18039 80 4050
17479 8 405
14157 4 247
14795 55 2775
17679 6 336
17992 15 786
17419 26 1339
17482 151 7594
14245 132 6644
14768 87 4367
15154 96 4816
15228 82 4143
16041 237 11896
17497 239 11998
15147 122 6132
18021 152 7608
14673 34 1721
17243 46 2336
15318 152 7631
14897 48 2406
14356 222 11117
15425 122 6105
17609 51 2567
17875 263 13160
18499 27 1387
14874 245 12279
14903 188 9415
14338 163 8200
14257 236 11842
17990 284 14234
14816 30 1528
17343 12 604
14425 133 6692
17322 36 1836
14329 199 9979
14771 121 6089
14870 136 6806
14707 11 574
17360 55 2778
16209 324 16215
17415 146 7324
18021 475 23795
15425 75 3772
18048 378 18939
14425 49 2457
14546 27 1365
14122 180 9009
14722 161 8069
14819 7 386
17623 6 327
15383 122 6122
17349 66 3344
14363 143 7158
15318 124 6217
17125 31 1571
17344 20 1007
17960 12 649
15116 245 12257
17206 471 23596
14438 171 8567
15328 65 3257
18021 475 23776
15946 390 19518
15933 215 10763
15279 30 1545
17611 87 4356
17269 170 8520
18021 475 23787
18021 327 16398
17269 170 8538
18492 271 13585
18021 327 16368
18010 101 5079
15425 177 8870
17361 155 7787
17226 170 8529
14746 147 7381
14549 210 10536
18049 0 4
17398 19 999
17237 341 17091
14707 38 1921
16219 258 12904
17696 176 8840
18011 82 4145
18024 361 18084
17336 3 190
17360 20 1037
18021 138 6926
15130 50 2509
17875 421 21075
14157 49 2469
17112 45 2283
14825 59 2988
14774 241 12078
14623 77 3875
15382 248 12407
14377 96 4826
14749 52 2638
14427 100 5047
14610 5 258
17858 179 9000
15987 141 7070
17992 2 103
14146 56 2834
17123 21 1072
14306 61 3069
17251 163 8192
15403 81 4072
17633 74 3722
14279 49 2473
15286 201 10086
14450 82 4149
17535 35 1785
15147 62 3141
18007 77 3890
14549 143 7154
14795 19 987
17559 19 996
17312 110 5524
14564 19 953
18045 55 2770
14938 93 4681
14446 25 1257
14379 220 11009
14746 108 5403
17419 47 2400
16031 2 148
14884 140 7033
14290 268 13417
17398 85 4252
17535 13 697
14940 101 5089
15125 89 4482
17333 117 5874
17494 107 5364
14319 2 117
15116 239 11991
14270 254 12722
14874 46 2317
17065 133 6691
17990 355 17751
16063 51 2586
17462 17 882
14377 107 5394
14819 13 669
17112 0 42
17861 381 19080
17482 94 4707
14623 258 12947
14139 117 5895
18021 662 33114
14545 69 3492
16031 25 1296
17112 45 2283
17208 114 5748
16219 258 12925
17985 286 14302
15308 115 5774
17360 20 1028
16219 144 7231
14936 21 1100
17462 8 420
17875 330 16523
15383 223 11167
14281 203 10187
18005 23 1174
16058 26 1304
17590 15 787
14165 77 3883
14632 70 3527
15318 120 6030
17986 117 5899
14425 45 2261
17361 378 18924
18007 77 3884
17335 46 2344
16058 217 10869
14375 108 5417
14642 23 1159
15254 50 2503
17125 31 1587
17481 28 1416
15074 103 5196
18024 472 23636
14475 32 1635
17435 41 2072
17671 168 8417
17497 26 1323
14546 151 7557
15074 74 3744
17338 10 516
15308 93 4681
17251 215 10765
17206 22 1114
17447 120 6006
14281 88 4432
16200 101 5069
17270 41 2071
17371 487 24357
17361 163 8191
14618 18 930
17494 303 15180
14902 313 15651
14146 29 1487
17413 139 6968
15127 43 2176
14632 45 2295
14376 308 15405
14546 141 7080
17367 100 5007
14942 64 3222
14425 49 2457
14446 21 1055
15391 77 3852
16117 0 35
17260 27 1395
14610 184 9228
14165 100 5031
17631 76 3811
15328 65 3257
17986 117 5857
18021 144 7239
14270 111 5593
14335 225 11277
17123 2 140
17851 259 12963
17125 63 3161
17823 132 6602
14375 159 7969
17191 34 1716
17671 233 11674
17462 10 504
18024 398 19908
15264 150 7550
18009 22 1121
14436 15 797
17206 483 24153
17349 79 3998
14764 82 4133
17985 180 9037
16219 258 12904
18021 299 14957
16101 170 8545
15946 390 19543
14377 133 6677
14542 284 14211
14959 178 8922
15987 233 11697
18011 33 1651
14367 88 4435
14736 135 6788
14306 61 3087
14707 52 2603
14122 94 4703
17834 64 3230
17131 205 10293
14942 241 12067
14263 285 14290
18039 46 2312
17482 86 4347
17494 130 6502
18005 42 2120
17560 167 8362
17338 86 4311
14333 7 375
17383 23 1187
17530 110 5549
15425 122 6147
14223 147 7353
14740 57 2879
14940 240 12029
15154 21 1062
15103 69 3469
15297 135 6783
17304 10 513
14355 2 140
14940 87 4382
15074 32 1609
17270 83 4190
16041 192 9617
14548 42 2136
14636 121 6087
17578 21 1086
17503 241 12097
14741 201 10053
17367 100 5007
18049 45 2285
14764 38 1917
18007 70 3506
15138 1 97
14281 60 3011
17861 347 17387
14945 35 1799
14677 22 1133
17365 97 4898
17482 94 4748
17875 402 20131
18527 545 27264
14475 35 1766
14921 68 3405
14363 143 7158
14938 37 1851
16219 222 11116
17493 223 11183
17206 407 20362
15243 9 461
14927 180 9003
17270 83 4190
17089 109 5499
17206 17 872
14436 201 10082
14819 11 597
15154 117 5888
18021 144 7202
17871 34 1710
14768 133 6674
15318 143 7190
17195 24 1247
14899 199 9954
18007 91 4568
17875 414 20745
18049 45 2263
14936 63 3181
16209 239 11983
17776 17 867
17339 308 15405
18048 365 18278
15103 134 6708
17365 19 995
14902 101 5094
15328 181 9090
18001 1 72
15079 55 2753
17494 12 620
14223 14 745
14151 56 2807
16117 58 2907
17978 315 15787
17561 71 3551
17658 22 1121
14218 149 7463
14403 59 2957
15167 102 5117
15293 77 3876
15294 66 3301
14455 205 10257
14127 77 3865
14902 20 1022
17339 164 8234
17671 218 10916
14549 27 1398
15308 115 5796
14774 160 8032
14623 171 8592
17435 8 416
17398 64 3230
14157 66 3306
18039 169 8470
18005 110 5544
17530 10 532
14410 290 14540
17435 59 2998
17992 15 781
14369 141 7089
14825 59 2990
15361 155 7751
14772 269 13475
15228 130 6519
14436 15 771
15116 239 11960
14227 38 1934
17333 117 5865
14938 186 9347
17270 61 3070
17482 160 8032
14564 15 769
18021 340 17004
14891 224 11234
14271 141 7051
14458 42 2132
14375 109 5480
14884 177 8891
15228 82 4150
18021 138 6919
14940 51 2579
14306 61 3087
14376 291 14579
15222 121 6078
17204 177 8892
17068 0 32
15425 86 4347
14375 159 7969
14356 222 11117
17168 2 110
14375 18 912
17123 10 545
15966 15 786
18021 138 6912
14942 193 9654
14774 241 12089
17462 8 417
14436 47 2380
17504 11 580
14558 110 5532
15236 65 3276
14409 199 9955
15115 63 3177
17861 381 19093
17958 43 2186
17671 168 8419
17671 134 6748
18039 46 2312
17269 170 8513
17875 263 13188
14410 1 99
14277 3 155
17204 177 8869
14377 181 9079
14768 80 4009
17068 0 4
14438 171 8579
17858 120 6018
14940 155 7798
15113 62 3111
17283 2 120
15296 92 4640
14664 9 451
17206 22 1114
17333 117 5862
17191 44 2214
16058 190 9544
17972 84 4245
14884 52 2643
17394 155 7799
14363 235 11792
14316 8 410
15391 198 9918
17383 78 3902
14390 58 2930
14445 0 29
15318 120 6001
14546 151 7590
14884 187 9387
15167 102 5101
17243 98 4929
14556 302 15137
17339 10 527
14927 173 8672
14543 49 2452
14403 3 181
14549 131 6577
14146 56 2817
17123 2 140
14246 196 9844
18007 77 3888
17137 100 5041
17255 57 2852
17339 127 6363
14227 66 3350
17089 1 87
14459 99 4956
14641 36 1837
17462 19 991
18481 113 5699
17349 100 5028
14445 52 2605
17390 70 3501
17840 322 16148
14151 89 4484
17603 34 1722
14157 78 3938
14970 236 11815
18021 299 14987
17560 135 6795
14338 232 11626
15392 7 383
15294 20 1017
17667 127 6361
14157 127 6368
17168 16 834
15383 275 13800
17415 47 2370
15163 71 3590
14921 49 2472
18527 302 15129
15391 198 9904
18005 77 3894
17494 151 7584
17986 117 5888
17335 38 1950
14748 30 1540
18021 138 6927
14707 11 576
14425 225 11264
15403 13 658
17251 213 10669
14527 9 456
17580 15 800
17827 62 3119
17985 138 6928
15297 198 9938
17573 100 5032
14375 6 320
17191 48 2420
17312 115 5790
17254 58 2922
17349 66 3310
18021 670 33534
15228 130 6511
14306 122 6113
17623 8 420
17164 109 5468
14549 164 8222
16058 234 11717
17112 42 2111
17312 110 5524
16080 15 774
14218 54 2703
15392 94 4746
14970 212 10618
18011 33 1686
18021 299 14968
18527 545 27276
17636 24 1208
14758 167 8397
14870 108 5401
17251 215 10788
17865 113 5682
17535 50 2535
14945 27 1378
15228 57 2898
17611 90 4528
16031 2 137
18007 70 3510
17313 198 9945
14729 45 2264
17191 3 159
14438 195 9799
14218 82 4140
14870 108 5401
17851 259 12956
17447 120 6040
18527 360 18049
17552 96 4847
14363 143 7184
14218 256 12804
15234 103 5161
15167 76 3801
15125 65 3295
17137 91 4567
17840 33 1651
17603 29 1472
15127 43 2160
17590 16 840
17206 496 24841
14592 10 532
14722 190 9528
15228 11 600
15293 66 3322
14795 55 2751
15941 47 2376
16080 15 794
15946 478 23903
17361 248 12420
14758 105 5270
17099 99 4972
18021 670 33525
14884 52 2630
15318 143 7157
17875 330 16515
17686 363 18152
17985 150 7511
15946 524 26249
17338 86 4316
17611 87 4396
14379 50 2520
17383 461 23098
14758 144 7218
17251 216 10838
14149 36 1836
17226 176 8838
17125 97 4882
17590 17 875
18040 73 3700
18048 365 18283
17497 18 947
17851 342 17108
17360 49 2458
17313 43 2189
14938 298 14940
17559 81 4079
17371 55 2762
17185 91 4553
17068 16 820
15154 149 7477
17851 259 12976
18045 43 2194
14564 106 5348
17270 64 3245
14333 9 482
17573 77 3851
14316 51 2580
17423 8 406
17360 20 1037
17089 1 90
14771 82 4129
14427 264 13248
14202 15 761
17333 144 7204
14697 19 984
15130 52 2634
17361 257 12872
14363 249 12497
16219 223 11163
15941 74 3737
15296 203 10190
17344 69 3476
14363 86 4325
17603 27 1374
17178 83 4160
14455 218 10910
16101 56 2826
14564 11 580
14707 49 2458
17590 13 688
17985 167 8381
17423 8 449
14379 147 7394
17875 402 20131
14544 88 4409
17875 263 13178
15989 75 3787
14805 143 7156
15266 9 467
14336 55 2795
17224 38 1944
17191 48 2420
14279 49 2490
17185 91 4593
14722 190 9528
17237 398 19937
18024 62 3135
17419 7 351
14436 15 774
15154 149 7472
18011 33 1671
17858 248 12432
14746 108 5403
17875 414 20735
14146 56 2838
14959 146 7316
15113 119 5972
14546 179 8988
14218 86 4338
18007 91 4559
18007 70 3513
17992 66 3344
17992 66 3309
14418 94 4720
16117 0 11
18005 210 10525
14543 148 7431
17840 10 546
14377 157 7887
17612 29 1480
14195 118 5938
14355 6 345
17237 398 19936
14747 51 2561
17243 46 2309
17972 246 12328
17312 58 2947
17535 54 2705
17191 28 1422
17168 20 1022
14764 38 1911
14741 265 13266
15391 148 7426
14632 23 1173
18044 412 20620
15130 61 3057
17611 3 196
14795 19 989
15228 82 4149
15222 1 56
18044 439 21955
14632 57 2863
14564 68 3432
17226 113 5668
17224 38 1908
18007 77 3867
14564 56 2830
17497 124 6202
17875 254 12730
17489 196 9807
16095 251 12556
15228 130 6504
15236 65 3267
17312 115 5790
17251 216 10848
18499 27 1389
17985 286 14325
17494 48 2401
17423 8 446
14335 275 13751
14801 252 12636
17134 23 1189
17095 66 3303
15154 166 8340
17237 493 24693
17269 170 8513
14903 188 9406
14149 188 9442
14729 21 1087
17195 61 3096
17482 94 4713
17206 204 10212
14936 21 1100
14355 2 140
17992 66 3309
15079 55 2785
15966 305 15278
18024 62 3144
14707 11 566
18021 138 6928
14768 31 1591
14139 117 5861
15086 6 302
15383 122 6117
14558 156 7847
17614 1 68
17973 22 1116
16058 113 5684
14329 42 2119
14149 188 9442
14664 151 7590
18005 23 1199
17254 58 2929
17237 521 26052
17493 245 12281
14146 77 3886
17865 129 6462
14390 72 3611
17237 432 21620
18007 77 3888
17851 259 12964
18040 73 3669
18039 95 4800
17776 1 99
14427 264 13240
14647 85 4270
17834 52 2604
17850 28 1405
14246 72 3639
17226 176 8819
17481 28 1416
17495 222 11144
14306 61 3089
14390 58 2911
18021 138 6942
17560 135 6795
17361 163 8187
14664 151 7558
15297 198 9922
14564 151 7588
17753 4 243
17125 31 1587
17168 66 3323
18481 0 8
17875 421 21076
14722 161 8091
14746 304 15239
14319 3 159
17313 180 9021
14445 113 5687
17137 29 1477
14425 72 3603
15103 185 9269
15125 89 4482
14165 90 4527
17875 330 16542
17390 41 2079
17590 15 778
15079 55 2793
17494 48 2414
15970 198 9905
14246 196 9844
17530 7 356
14425 133 6692
17398 178 8947
18021 138 6928
17973 22 1150
14218 250 12511
17112 42 2150
17631 29 1462
17195 24 1247
14369 75 3779
15403 174 8717
14750 19 956
15335 188 9429
17840 10 520
14127 77 3881
14543 148 7417
14165 104 5203
17095 97 4866
17671 159 7955
17441 42 2120
14938 63 3189
14543 130 6501
17270 47 2393
17206 17 868
14524 5 289
17344 30 1534
15409 84 4244
18005 118 5923
14338 132 6620
17254 32 1636
18011 33 1654
17494 148 7423
17099 99 4969
14645 28 1447
14643 179 8995
14438 195 9757
17972 246 12328
17858 248 12438
14558 110 5538
14306 122 6121
15318 90 4544
17178 40 2019
14263 285 14259
14369 57 2851
14795 19 987
17992 47 2382
14157 104 5204
18270 45 2281
14161 15 795
17753 175 8763
18010 81 4081
14643 133 6674
18040 46 2309
18270 45 2290
17990 305 15266
17535 13 691
15167 102 5150
15296 203 10163
15228 82 4122
18024 62 3126
18010 81 4099
14544 272 13646
15318 90 4540
15946 484 24244
14319 3 159
16080 48 2403
17636 5 290
17462 0 39
15946 524 26241
17858 194 9708
17871 105 5273
14377 129 6496
14771 82 4126
14159 26 1328
17383 23 1198
17185 57 2851
15297 198 9925
17316 117 5867
17620 122 6115
14764 38 1902
14772 95 4766
14202 15 761
14798 38 1922
17851 259 12983
17339 274 13736
15243 9 461
17851 267 13393
16209 47 2364
18010 101 5093
14436 180 9039
14912 199 9995
14445 113 5698
14293 215 10796
17671 233 11674
14409 199 9951
18497 257 12851
14306 122 6132
14575 55 2774
14425 72 3604
17858 248 12422
14741 227 11366
17095 40 2004
14564 10 526
14748 34 1724
14697 47 2400
17095 80 4009
14546 136 6846
16047 13 688
14165 35 1791
14897 21 1065
16089 6 329
17095 80 4010
14592 42 2149
17112 45 2295
18009 17 858
14271 59 2964
17530 7 386
17243 98 4929
15946 390 19543
14355 1 53
14446 25 1275
17447 1 76
18021 327 16363
17185 57 2851
17462 12 610
17065 133 6698
14774 226 11345
17451 162 8122
17371 29 1473
18005 54 2716
14213 13 675
17753 17 852
17335 93 4675
18010 101 5093
17482 174 8717
15946 389 19483
17371 4 249
17479 23 1200
15127 43 2160
14377 235 11764
14959 146 7314
18011 82 4148
14816 106 5309
14884 102 5118
14290 260 13024
18011 35 1752
14425 225 11252
17337 6 338
17237 341 17091
14436 15 779
15167 155 7781
17985 138 6935
15014 82 4102
17371 149 7483
14643 244 12210
14664 240 12042
18527 360 18050
17137 91 4599
17168 2 113
17364 52 2623
14806 77 3882
14938 63 3155
17451 26 1301
17343 34 1731
18527 576 28802
14772 48 2426
14403 41 2096
14746 304 15240
17312 110 5547
15273 114 5713
15382 0 6
17333 117 5874
15127 33 1671
15355 48 2450
18005 23 1163
17497 8 405
17489 196 9848
18021 138 6943
17780 44 2243
18007 77 3887
14901 38 1906
17137 91 4598
17871 105 5273
17560 135 6751
18007 77 3874
17237 442 22103
14546 151 7557
17237 55 2772
17992 82 4121
17339 164 8234
14772 269 13482
15318 90 4543
18005 118 5923
17978 133 6688
18525 173 8691
14707 38 1916
15149 97 4875
14938 298 14949
14475 43 2161
17482 174 8717
17482 94 4705
17333 57 2892
14438 123 6199
17462 12 615
17137 91 4599
17360 55 2753
14970 13 655
15251 108 5424
14279 51 2574
17992 47 2396
17394 171 8556
15946 478 23913
17662 4 242
17337 11 588
16200 101 5072
17858 235 11772
17484 205 10270
14772 43 2192
17208 196 9827
14647 121 6086
14697 22 1118
16058 190 9528
14768 103 5174
16209 23 1183
17829 20 1045
18044 404 20235
15308 115 5798
18499 201 10097
15391 139 6954
14544 76 3821
14445 0 17
17530 10 532
17313 58 2925
17992 78 3943
14798 38 1920
17237 279 13953
14774 241 12078
14403 3 171
18021 138 6933
17371 149 7462
17662 27 1389
17243 46 2336
17497 18 943
17495 225 11292
18007 39 1975
17662 32 1611
17972 84 4245
14801 252 12636
17686 363 18188
17343 38 1917
17339 121 6097
18011 82 4127
17858 301 15056
14546 177 8895
17623 6 327
17753 175 8788
17390 85 4292
14610 149 7498
17360 55 2768
15391 128 6434
15941 74 3724
15222 220 11007
18049 45 2288
18525 173 8698
17561 60 3004
17875 263 13178
17851 324 16246
14938 37 1856
15154 96 4835
14286 11 557
15987 370 18517
14542 146 7329
15279 114 5721
14942 77 3896
17494 130 6533
17522 111 5573
17671 218 10945
15297 198 9928
14921 68 3404
18011 39 1953
17494 151 7579
15264 16 812
15391 198 9918
17875 421 21076
17125 97 4882
14195 118 5947
17671 437 21890
15328 177 8864
14390 72 3611
18007 39 1999
17137 205 10259
17834 22 1128
14647 111 5562
15243 37 1897
14333 22 1112
17482 126 6319
17313 124 6211
15389 53 2665
18497 76 3826
18021 138 6929
18005 110 5510
14736 164 8223
14375 119 5970
14771 129 6462
17865 174 8748
15383 69 3499
18466 60 3016
16200 32 1645
17494 107 5366
14771 82 4116
17603 26 1330
14543 234 11717
14746 59 2987
15970 442 22125
18007 39 1955
17394 183 9187
15014 9 482
15965 194 9703
14427 100 5033
17339 308 15411
14293 226 11308
15147 160 8024
17383 461 23071
14316 8 443
15125 186 9338
14746 304 15239
15147 91 4578
14736 86 4347
15383 211 10555
14888 83 4183
17137 91 4567
18048 23 1178
17349 66 3330
16051 146 7325
15933 56 2814
14610 226 11319
17985 113 5667
14816 133 6667
15973 81 4053
17178 40 2049
17462 8 417
16101 56 2821
14425 205 10263
17871 105 5290
18499 343 17180
17322 20 1031
18481 113 5681
17590 15 763
14377 3 166
17123 21 1067
14758 105 5265
18499 264 13203
14363 143 7184
14157 54 2733
17481 11 577
15251 55 2794
14707 30 1526
14403 41 2060
17671 242 12130
17206 25 1277
17671 218 10909
17260 25 1289
17168 26 1314
15361 212 10613
17164 138 6901
17394 171 8579
14575 55 2775
17620 95 4784
14218 150 7545
17858 194 9746
17636 24 1233
17360 32 1624
15154 226 11337
15147 185 9256
15361 155 7751
15115 20 1004
18514 330 16541
14319 22 1143
14795 55 2767
17123 2 136
17178 40 2047
18039 74 3720
15297 198 9938
17208 116 5813
14338 307 15369
17573 100 5040
17371 83 4156
14122 171 8551
16209 72 3648
15254 60 3041
15425 74 3750
14369 70 3548
17237 279 13986
17535 35 1777
17112 42 2144
17338 96 4818
15167 66 3313
16073 209 10495
17679 6 332
16031 2 137
18021 327 16371
14592 70 3536
14316 52 2624
18466 70 3525
18049 21 1072
17992 78 3904
14642 71 3565
17206 17 887
15167 76 3801
14355 1 72
18021 475 23772
17204 91 4595
17206 204 10212
18021 475 23773
14937 59 3000
17365 124 6233
14375 148 7447
18007 77 3857
17990 355 17767
16063 30 1523
17590 17 868
15318 143 7157
17123 10 545
14938 189 9489
17990 305 15262
17530 79 3983
18527 545 27274
14545 69 3465
14369 141 7089
18005 23 1163
15397 132 6638
17123 10 550
14165 90 4528
14436 264 13240
17371 465 23267
14748 169 8497
17514 61 3097
15125 186 9338
17398 19 999
17978 16 810
18024 62 3148
17283 37 1851
16058 190 9506
17095 40 2010
14138 95 4777
18039 40 2040
17552 236 11815
14623 17 872
17237 67 3398
14425 160 8007
14623 292 14632
18010 81 4099
17623 4 244
14277 0 24
14857 203 10195
15297 198 9929
15061 229 11457
17535 35 1756
14986 140 7014
15933 215 10790
18044 412 20620
17335 46 2324
15965 347 17383
18492 238 11934
17671 292 14612
15273 41 2071
17335 46 2344
14524 29 1479
15252 24 1234
15425 13 696
14643 221 11072
14438 238 11926
14697 19 984
14377 181 9084
14271 76 3836
14157 193 9698
17829 20 1017
18497 257 12863
14338 186 9332
15014 152 7623
14942 64 3222
17270 47 2360
15989 75 3769
17313 65 3258
17283 11 595
17394 171 8581
17239 106 5304
14564 11 580
15987 141 7078
17390 85 4269
15243 89 4471
14363 9 474
17667 97 4893
15966 175 8770
18044 439 21996
17206 483 24153
14377 181 9071
14232 9 499
14543 174 8704
15103 218 10919
18007 70 3537
18499 27 1370
15361 190 9503
14544 88 4432
14263 285 14290
17283 0 16
17123 2 136
14455 205 10291
18021 138 6939
17592 63 3188
17561 71 3574
14592 42 2144
14356 120 6007
14151 78 3911
15113 2 114
17671 218 10938
14277 0 6
14403 41 2083
18021 299 14987
14748 34 1705
17592 152 7638
17398 178 8949
15115 56 2829
16117 0 11
14647 111 5562
16031 25 1269
18045 49 2475
15286 182 9114
15296 92 4609
15987 177 8876
17191 34 1716
15228 57 2854
17495 215 10779
14436 264 13240
14722 161 8069
14936 63 3168
17415 47 2377
14427 143 7162
15228 57 2865
15130 52 2613
14643 244 12246
15167 155 7754
17667 278 13940
17333 117 5873
17753 148 7449
17089 1 90
17452 157 7878
14306 61 3091
14195 198 9948
18028 254 12738
17623 8 439
17360 20 1028
15946 524 26241
14772 48 2447
17679 0 21
18021 475 23761
15409 78 3939
14232 9 499
15014 218 10950
14824 187 9374
14548 168 8417
14772 60 3023
17482 94 4743
14819 2 127
15113 11 593
17269 88 4414
14768 31 1582
17493 151 7563
17973 22 1150
17333 117 5865
17530 110 5549
14772 128 6449
14575 83 4173
14795 39 1997
14798 56 2825
17269 88 4411
17462 11 585
17986 117 5866
17623 0 35
18527 545 27255
14191 234 11743
16063 51 2586
17875 414 20733
14151 94 4717
14446 25 1257
14632 28 1432
14377 50 2540
14938 189 9480
16209 84 4219
17990 305 15262
17195 86 4338
14271 188 9418
14938 37 1885
14607 265 13255
17840 81 4064
15391 139 6995
14543 25 1292
17112 0 11
14564 3 163
17394 171 8556
17827 5 266
14377 181 9071
14774 226 11345
18497 37 1890
14427 100 5038
17609 51 2567
17349 79 3995
14161 110 5529
14564 67 3396
14805 250 12541
14279 200 10041
14772 269 13475
15286 186 9334
14190 14 727
14450 72 3647
17371 478 23938
17580 15 800
14664 171 8589
17462 0 39
18024 62 3121
17398 19 967
17394 117 5872
14545 109 5485
14884 125 6296
18021 686 34312
14227 1 97
15286 201 10090
15115 56 2845
17776 17 863
14436 112 5604
17168 64 3242
14329 90 4543
17457 68 3440
17112 45 2295
14369 70 3548
18270 45 2254
17326 12 636
17612 50 2504
14970 13 673
17361 257 12889
17447 120 6014
18466 70 3502
15941 12 632
14707 38 1926
14545 32 1620
15099 185 9253
17371 4 222
17125 63 3178
17164 109 5496
14618 18 930
14798 30 1544
17237 235 11759
17123 10 519
14543 130 6515
18024 62 3130
14564 1 68
17524 76 3832
14431 72 3617
15167 76 3841
18024 345 17299
16080 44 2228
17985 178 8937
14427 264 13219
15965 269 13456
17829 182 9114
15355 71 3551
14329 25 1264
14218 150 7521
14195 198 9949
14191 155 7755
18007 77 3864
17834 52 2635
17686 354 17748
14749 12 621
17658 22 1139
15383 122 6117
14888 137 6897
17620 199 9967
15154 97 4862
14338 264 13233
17367 100 5040
14263 168 8420
18049 45 2285
17361 342 17129
18007 39 1956
14645 29 1463
15154 233 11698
17178 40 2047
16089 6 341
14736 115 5796
14356 53 2689
14549 88 4403
14664 9 451
14195 179 8967
14903 176 8801
14643 221 11075
17435 39 1971
17530 23 1179
16089 293 14685
14455 205 10257
14636 121 6051
18001 1 98
14938 37 1857
15113 131 6578
14677 22 1117
17313 58 2919
14375 15 754
17679 7 360
17763 82 4150
16101 71 3572
14369 57 2874
17992 47 2382
17270 64 3234
17361 214 10705
16051 24 1248
16073 32 1616
14191 155 7755
14527 10 537
14475 32 1632
14195 198 9905
17208 114 5735
14564 19 953
14195 118 5917
17361 155 7781
14425 205 10263
14707 30 1548
17206 287 14378
18031 88 4433
18466 60 3004
14425 72 3612
15965 496 24803
15116 239 11991
14798 62 3143
17535 28 1401
14772 128 6411
17871 34 1709
17339 279 13979
14409 199 9952
17986 183 9190
15249 141 7076
17239 106 5304
17753 4 243
14161 15 795
17269 88 4419
15389 53 2654
17339 187 9360
16101 71 3590
15970 397 19861
14377 181 9098
18045 55 2798
17361 257 12889
17861 347 17389
15254 64 3202
17112 43 2174
14642 108 5413
17177 44 2247
17177 44 2247
17333 102 5111
17495 215 10761
14363 163 8191
14564 151 7556
17440 181 9088
14335 275 13766
14749 52 2644
14643 244 12246
14677 8 443
14899 199 9963
14377 181 9084
17679 6 336
14707 30 1548
18010 101 5084
18021 670 33534
18040 26 1344
14151 78 3911
14270 91 4561
17620 92 4637
17068 5 298
17168 83 4187
18021 327 16371
14564 154 7715
15383 122 6119
15986 164 8238
17992 2 113
17343 38 1940
17237 341 17089
17505 96 4818
14377 113 5651
17254 51 2555
18021 138 6942
14277 125 6300
17336 47 2377
14146 32 1649
14774 226 11329
15391 226 11341
17367 3 157
17561 50 2524
15328 62 3108
14736 224 11244
15061 194 9706
17361 378 18940
17671 168 8419
17195 18 941
17972 246 12341
15234 103 5193
14936 63 3176
17206 483 24173
14897 48 2406
15279 30 1515
14149 30 1548
17612 50 2528
14805 199 9990
18011 82 4138
17237 22 1119
18011 39 1988
17089 34 1721
14903 247 12362
17623 4 215
14940 136 6826
17973 13 658
15014 82 4101
15163 71 3584
14870 108 5406
15228 82 4149
18010 101 5096
15243 37 1878
15080 34 1737
15941 66 3327
15138 71 3554
17360 49 2452
14771 88 4411
17312 261 13098
14707 30 1526
18021 299 14989
14227 42 2122
18481 113 5699
17960 12 629
15179 103 5195
15946 246 12311
17489 196 9829
17679 0 30
14450 199 9957
17206 181 9059
17611 90 4528
17191 3 159
18525 101 5051
17251 215 10765
14218 110 5550
14436 15 771
18021 327 16387
14149 223 11169
14798 2 125
16058 26 1350
17978 315 15791
17573 19 973
17313 111 5560
14436 201 10066
17631 75 3751
18040 5 252
17992 15 786
17269 170 8528
17344 69 3467
17099 12 624
17992 82 4108
15970 133 6678
17125 31 1569
14445 52 2609
15113 51 2579
17177 78 3922
16051 24 1229
17482 158 7925
14363 235 11792
15389 53 2688
17164 20 1010
14942 77 3890
17504 11 588
14772 73 3655
17462 11 599
17858 179 8975
14749 301 15063
14223 147 7389
16051 146 7326
15389 53 2688
15234 103 5190
17871 7 390
15328 15 777
14543 199 9962
14697 22 1118
17482 94 4748
14281 88 4406
14748 169 8497
14945 27 1378
14403 63 3179
17283 0 16
16080 15 773
17482 86 4347
14379 147 7378
15079 39 1997
15355 48 2436
17623 4 249
18044 522 26117
17497 26 1320
18024 127 6399
14286 5 256
17251 216 10848
15383 122 6122
17530 7 396
17365 19 984
17349 66 3310
14592 2 107
14270 14 717
15154 98 4905
14736 164 8218
14556 135 6787
17360 49 2497
17204 151 7589
14746 304 15243
14771 121 6089
17123 27 1366
14338 16 824
17462 17 899
14363 276 13808
15987 177 8876
17612 8 428
17592 63 3194
14897 45 2291
17206 207 10367
14146 77 3857
14286 5 300
17343 1 61
14319 17 859
15933 215 10763
15987 177 8888
15965 496 24818
17667 97 4855
14903 239 11971
14927 153 7656
15251 108 5405
14642 108 5407
15222 220 11036
18040 26 1350
17237 432 21637
17972 129 6472
17168 16 813
17679 0 9
17871 93 4693
14409 174 8708
17457 68 3440
14159 63 3193
17423 9 490
14338 94 4737
14425 160 8046
14427 100 5047
16209 287 14357
17415 80 4035
14819 6 339
17152 55 2767
17343 34 1719
17552 236 11825
16117 64 3248
17990 548 27447
17865 174 8708
18024 338 16932
18021 662 33127
17383 407 20354
15252 47 2361
15941 47 2376
17986 117 5888
15236 111 5567
14768 87 4364
17383 78 3939
17361 35 1756
15328 15 774
14545 109 5485
14610 5 296
16047 24 1205
17875 263 13163
14901 38 1924
14805 52 2631
14159 109 5468
17851 324 16220
14697 22 1142
14245 132 6640
14741 261 13078
15099 185 9259
14356 177 8865
14736 130 6503
17333 55 2797
15328 15 777
17394 171 8594
18039 95 4800
17861 351 17553
18499 178 8942
17992 47 2358
17237 27 1363
17089 83 4164
17620 92 4637
17413 139 6959
14190 18 903
14122 180 9011
14316 31 1560
15970 198 9905
14263 103 5186
17494 151 7575
14556 135 6787
14455 205 10290
15234 103 5176
14819 13 686
17840 337 16872
15425 75 3772
14749 52 2638
17530 110 5545
17645 35 1770
18499 201 10069
17099 112 5644
14356 63 3183
17204 91 4581
14970 98 4930
14149 127 6374
15014 61 3066
18048 378 18905
14157 66 3337
17251 213 10669
14970 86 4329
14431 39 1965
14403 47 2380
14138 41 2057
15423 25 1288
17992 2 124
16101 71 3565
17573 112 5605
14740 39 1992
18509 29 1451
17874 32 1621
14218 169 8491
17495 215 10761
17371 428 21434
15228 82 4122
15403 28 1418
18039 95 4797
17365 124 6245
18021 577 28865
14549 133 6698
18005 110 5510
14524 49 2469
17662 156 7837
15328 181 9090
18509 3 200
17065 91 4596
18021 327 16363
18044 419 20982
14623 292 14610
15163 71 3590
14290 268 13417
14970 212 10646
14438 109 5500
17283 9 492
15115 20 1004
17503 163 8151
14884 52 2630
15098 66 3317
17462 23 1180
17834 52 2642
18024 62 3121
15074 56 2842
18049 21 1070
15941 66 3314
17535 22 1133
14772 269 13495
17134 70 3538
14228 84 4202
15014 29 1493
14438 123 6176
16209 208 10436
17251 200 10030
15254 50 2502
17524 68 3415
17973 70 3534
15125 89 4498
16073 221 11074
17985 113 5684
17875 414 20715
18527 302 15123
18049 21 1062
17865 174 8708
17191 45 2261
17827 62 3112
16058 212 10632
18031 88 4422
17590 10 512
17985 180 9023
15138 71 3554
15098 55 2783
15297 108 5418
14409 174 8726
14902 178 8911
17494 107 5379
18463 215 10753
14664 190 9540
14623 258 12937
17495 33 1673
14903 208 10424
18499 201 10069
18011 82 4133
14246 196 9818
14316 54 2702
14729 21 1071
15383 207 10394
14409 176 8823
14940 240 12029
14936 52 2607
17840 322 16143
14403 63 3192
17349 79 3995
15222 0 46
14377 235 11764
14403 3 194
14768 176 8836
17992 66 3338
14527 95 4773
14544 55 2754
17561 60 3047
17978 133 6698
17592 136 6817
16167 56 2839
14319 22 1143
17326 18 928
14418 187 9382
17482 160 8028
17419 26 1339
17679 7 352
14819 10 535
15391 187 9397
18005 77 3893
14556 302 15137
17255 38 1901
17125 63 3161
14736 224 11241
17383 461 23091
14545 109 5467
14564 22 1109
15167 141 7096
14527 10 537
15986 164 8238
15061 252 12640
14805 13 663
18527 302 15123
17099 99 4969
15113 62 3134
17578 21 1086
14438 171 8592
17337 45 2258
14927 173 8699
14281 169 8467
16047 26 1304
14903 176 8829
17840 10 518
17482 151 7594
15970 442 22138
17270 47 2371
17686 363 18188
14641 98 4927
17255 38 1910
14455 49 2475
16031 2 143
17095 80 4009
14356 81 4064
15397 35 1795
17239 128 6433
14697 6 338
14223 147 7353
15970 266 13338
17603 34 1722
14643 133 6684
14645 29 1466
14335 220 11002
15061 194 9706
15423 25 1300
15318 90 4543
17333 117 5873
16031 12 648
17612 50 2542
14736 115 5796
17973 13 682
15389 25 1256
17349 66 3314
17237 235 11759
17561 50 2542
14157 195 9768
14190 14 702
15163 71 3587
17874 12 605
15403 81 4086
14291 97 4860
14729 45 2278
14445 113 5698
18021 138 6904
15061 157 7898
15251 82 4123
16047 5 252
17283 2 115
18021 694 34702
14945 37 1857
17667 61 3100
17851 267 13393
17535 22 1112
14218 35 1796
15099 185 9293
16047 24 1205
14127 77 3881
17322 20 1016
18024 398 19908
17333 17 894
18021 138 6949
17371 4 219
18007 39 1967
17986 14 744
14291 112 5613
14138 95 4777
17497 18 947
17875 402 20103
17206 445 22252
14641 98 4927
17535 28 1426
17126 92 4648
17206 525 26287
14223 95 4758
14747 51 2561
17462 11 586
15167 152 7644
14369 141 7099
14805 13 651
18048 327 16352
17662 180 9049
17875 263 13164
14936 63 3181
15987 199 9983
17326 48 2449
14425 72 3612
14568 31 1566
18021 475 23778
18005 54 2702
17398 64 3230
14369 57 2874
14564 104 5240
17671 134 6748
15989 75 3775
18024 260 13038
16051 125 6265
14218 250 12511
16095 288 14424
15222 121 6051
14643 110 5540
14795 35 1797
17339 49 2454
14338 94 4723
17112 42 2107
18527 576 28802
15294 45 2255
17447 62 3116
17270 4 237
17089 101 5089
18024 361 18083
14642 71 3565
14901 169 8469
15382 185 9252
14224 76 3818
