14914 301 15069
16676 128 6441
17076 6 304
17137 216 10821
17355 34 1717
14654 180 9018
14758 169 8453
17169 140 7024
15915 198 9946
14245 60 3033
16150 189 9467
14749 215 10754
15701 463 23160
14276 38 1939
14557 65 3272
16714 90 4550
15053 58 2901
16655 11 551
14662 106 5333
15153 90 4507
15362 52 2650
17095 41 2082
14244 29 1494
15302 28 1405
17361 126 6302
17352 15 781
15167 150 7507
15279 70 3524
15797 30 1524
15116 281 14099
15246 63 3197
15913 19 991
17248 290 14530
14368 19 983
14332 15 769
14245 81 4099
14556 210 10521
17109 1 70
15872 10 518
16978 441 22078
14989 180 9031
15428 141 7067
15463 6 301
15160 107 5362
17208 247 12369
17137 216 10821
15702 19 993
14645 50 2532
15464 11 580
16283 82 4119
14418 272 13650
17199 135 6784
14955 87 4376
14136 45 2291
15481 18 935
15436 194 9708
14603 112 5635
17247 14 707
15222 63 3184
15182 135 6795
16992 21 1060
14191 120 6049
16759 83 4158
17282 49 2458
16022 113 5693
15639 106 5336
15641 1 77
17030 13 658
15828 134 6734
16839 130 6526
15383 35 1798
15361 73 3687
14436 20 1002
15479 290 14539
14942 42 2129
15154 282 14118
14940 158 7913
17339 218 10910
15295 34 1736
15640 13 651
14909 152 7627
14580 28 1421
15504 148 7413
14902 104 5244
15382 146 7335
14195 113 5680
14458 123 6179
14298 79 3969
15118 61 3094
16715 283 14151
16071 91 4585
16715 27 1355
14807 98 4901
17308 153 7675
16171 18 902
15689 121 6074
17561 231 11589
16711 5 262
15227 140 7021
14673 40 2021
14459 34 1743
17339 318 15922
17030 155 7758
15259 29 1477
15799 268 13442
14516 56 2834
14632 68 3427
17308 58 2938
15430 82 4138
15882 103 5160
16141 285 14297
17226 116 5836
17451 151 7595
17047 38 1901
14149 239 11989
15479 87 4376
15773 15 774
15242 98 4916
15762 187 9358
15355 57 2888
14191 40 2007
14526 137 6856
15656 88 4447
16109 66 3309
14458 85 4292
14436 31 1586
15494 30 1521
17194 11 574
17372 110 5502
14149 273 13686
17146 32 1646
17070 142 7124
14924 149 7494
15801 299 14984
14537 9 476
16843 208 10407
14270 230 11519
15430 159 7966
15014 96 4833
15589 188 9422
15801 513 25662
14712 82 4110
17373 15 755
14336 87 4353
15302 38 1937
14418 183 9186
16495 76 3838
15882 38 1936
14870 39 1958
14768 5 256
14418 129 6451
14907 14 711
14877 104 5205
16150 129 6489
15463 151 7578
14760 184 9238
17140 19 960
14807 186 9344
14225 65 3261
14278 14 717
14580 43 2153
14716 42 2129
15464 121 6099
16038 198 9933
14550 111 5562
15603 71 3598
14611 60 3012
14368 186 9330
14916 98 4920
17005 73 3652
16011 115 5777
14745 119 5983
15774 211 10588
14458 138 6907
17327 156 7815
14257 178 8945
17469 93 4690
14372 102 5108
16121 61 3089
14610 197 9853
15145 221 11072
14706 28 1422
14880 114 5739
14187 96 4811
15580 30 1548
15771 18 923
15799 61 3081
17388 41 2087
15345 10 544
16169 164 8224
17226 62 3114
17447 153 7654
16878 196 9810
17397 113 5693
15167 61 3060
14453 133 6657
16891 139 6967
17195 17 874
15893 50 2544
16122 229 11491
14626 15 792
17239 4 221
14438 290 14521
14611 205 10285
14329 253 12687
14758 65 3284
14915 142 7111
15161 106 5336
14427 8 426
14635 7 370
16906 18 945
16152 86 4335
14886 141 7090
17415 71 3560
15464 208 10438
17251 52 2648
15715 189 9481
17316 20 1016
14300 72 3630
16008 388 19419
14154 174 8720
14789 88 4449
15924 3 166
15328 88 4407
15703 4 201
14916 159 7974
15862 130 6503
16310 138 6946
17482 165 8293
15592 27 1352
16150 129 6489
15589 109 5456
15783 377 18869
14771 225 11269
15872 36 1841
14991 12 633
15243 107 5356
17170 36 1811
14185 32 1619
17280 1 63
16558 54 2744
15640 233 11682
17275 2 114
15603 37 1898
15318 172 8625
14884 217 10890
14831 156 7810
17043 48 2408
14464 106 5334
17141 36 1810
14801 92 4641
14793 103 5155
17248 258 12949
17344 102 5108
14521 9 468
14811 5 272
17274 15 776
14410 175 8771
17493 142 7142
17305 12 643
15799 246 12314
15116 91 4554
15103 160 8020
14192 10 501
17195 182 9118
14553 52 2617
14758 232 11623
14980 106 5316
14122 168 8427
15377 83 4158
15147 66 3329
15394 50 2549
15308 4 215
14260 109 5474
14598 32 1624
17073 82 4116
15913 36 1807
14539 139 6982
17305 7 369
15978 24 1248
16336 72 3646
16426 5 268
16770 171 8585
14989 55 2783
14445 78 3940
15341 54 2724
14467 223 11157
17341 93 4654
15923 154 7712
14545 19 952
15286 276 13842
14218 199 9992
15890 24 1238
17237 119 5981
17260 71 3598
17361 255 12751
15774 90 4525
15917 489 24456
14516 116 5806
15593 236 11836
17388 17 851
14770 247 12381
14653 71 3556
17210 40 2035
15603 143 7179
14976 16 821
15948 84 4224
14746 61 3083
16818 102 5135
15042 4 241
14805 294 14727
16511 52 2646
14121 156 7850
17097 11 551
14285 2 110
16148 129 6479
17156 44 2221
14195 16 812
17240 398 19947
14806 141 7067
14376 58 2925
15361 218 10901
15225 3 182
14488 7 369
17254 0 9
17011 282 14125
17073 147 7356
14592 9 464
17019 85 4259
14734 45 2294
14513 0 49
15917 296 14845
14914 301 15069
17453 41 2071
15497 177 8871
14220 26 1315
14301 86 4314
15249 44 2247
14991 82 4145
14771 225 11269
14194 76 3821
15103 157 7871
14372 102 5142
14410 32 1606
14187 96 4811
16676 183 9169
14998 54 2704
16517 12 644
17302 33 1666
17055 148 7448
15160 194 9730
17141 14 702
14641 201 10093
14250 14 722
15870 212 10602
14722 95 4797
16738 220 11044
17373 147 7370
15514 157 7884
15479 299 14972
15824 18 919
16279 23 1160
14453 135 6786
15146 43 2178
15409 85 4290
14968 122 6102
14152 172 8614
14878 153 7671
14408 38 1936
14396 19 974
16387 25 1253
14259 273 13700
14293 195 9787
17152 91 4574
16148 18 903
15783 257 12893
15394 50 2549
14377 124 6235
14721 122 6119
14934 179 8952
16158 328 16433
14907 139 6986
14793 155 7753
15491 54 2728
15634 22 1105
16676 128 6441
17132 524 26210
16764 39 1989
17274 15 776
15901 276 13801
17398 50 2535
14734 127 6393
14151 118 5929
15593 198 9950
17352 55 2781
17073 159 7952
14948 262 13136
15783 84 4233
14925 172 8633
17027 40 2042
15286 136 6801
17400 12 613
14384 6 327
15933 42 2118
15166 139 6963
15499 74 3730
14886 105 5270
15335 143 7200
14356 191 9593
15328 206 10349
15057 1 74
16310 223 11154
14362 51 2559
17333 47 2394
14458 8 410
14654 34 1743
17566 150 7517
16060 164 8201
14667 17 852
15409 85 4290
15282 129 6457
15457 51 2554
14712 232 11630
17461 6 338
15828 264 13209
17164 56 2842
16089 97 4873
17469 43 2187
17458 36 1821
14408 45 2276
17372 43 2194
16227 186 9349
14191 94 4702
14772 121 6060
15497 12 647
14467 286 14339
16910 88 4402
17226 62 3114
17481 8 447
15447 217 10863
14564 45 2279
15901 210 10530
16603 17 890
17209 31 1598
15916 371 18551
14368 276 13840
14139 213 10657
14458 8 410
15442 39 1987
14298 44 2217
14306 117 5852
17208 231 11582
15682 54 2701
14358 219 10981
15511 238 11925
15504 203 10185
16325 37 1862
14453 25 1295
14737 29 1493
15917 489 24478
17334 26 1302
17057 83 4194
15467 5 289
17169 194 9736
16472 127 6367
14467 300 15045
15701 55 2785
17030 21 1065
14789 88 4449
17556 65 3269
14938 107 5362
15474 81 4074
14300 72 3630
17524 130 6539
17497 105 5296
15343 165 8281
17257 82 4122
14634 52 2614
17248 324 16248
15183 36 1811
15228 148 7407
15227 159 7981
14453 133 6657
14609 186 9313
14526 137 6856
17308 7 370
16196 187 9398
17338 87 4399
14316 5 271
16114 35 1780
14453 196 9850
15689 295 14779
17096 10 513
15464 142 7107
14548 198 9950
14667 81 4053
17371 148 7416
15145 175 8780
17181 55 2752
16438 18 928
15013 54 2724
16205 227 11381
15511 224 11218
17237 438 21902
15160 307 15362
15915 430 21509
15309 38 1908
15296 133 6653
14920 32 1606
14559 275 13778
14750 28 1419
15097 157 7875
15097 59 2991
15264 101 5062
17136 19 961
15774 439 21964
15174 1 61
16802 19 975
15907 110 5544
15182 147 7361
17141 36 1810
14293 195 9787
14280 19 962
14940 3 188
14741 157 7853
17219 32 1608
15457 156 7807
17106 24 1217
14768 133 6690
17218 17 860
17096 10 513
16948 38 1940
17308 7 370
15915 31 1573
15282 101 5100
15293 18 902
16230 60 3038
16125 8 408
14281 167 8358
15222 63 3184
15656 35 1752
14409 261 13071
17028 4 235
14779 25 1286
14392 136 6810
14712 232 11614
14899 124 6240
15933 135 6765
17400 139 6967
15902 489 24455
16305 34 1740
15916 202 10124
14924 17 895
17070 228 11439
14164 27 1364
15659 4 230
17407 137 6877
14377 19 964
17128 101 5099
17036 79 3982
14539 173 8659
14644 6 342
15074 48 2405
15122 194 9705
15780 111 5579
16424 267 13381
14136 62 3136
15115 0 45
15312 40 2009
17028 64 3241
14396 42 2135
17274 15 776
16433 27 1391
16552 17 899
16022 268 13420
15944 18 920
16807 121 6086
15167 66 3320
17131 141 7059
15882 171 8583
14772 283 14158
16507 43 2152
16276 12 613
16022 268 13420
15713 244 12248
15922 7 362
17458 36 1821
17353 39 1973
17165 88 4424
14467 52 2640
14922 16 826
15722 160 8033
15713 157 7867
14418 184 9244
15376 7 393
17415 200 10043
14418 250 12512
15785 37 1869
16036 410 20510
17560 142 7108
14243 130 6547
14642 111 5555
14917 51 2551
14546 71 3590
17210 83 4168
15451 50 2539
16901 108 5410
14907 61 3088
16809 86 4307
15592 58 2913
17205 218 10936
14998 37 1862
14452 156 7815
14555 107 5376
16738 215 10767
17100 53 2686
14537 9 476
14888 4 214
15774 348 17448
14886 22 1133
15361 60 3028
17324 92 4626
17482 50 2525
16411 206 10335
14464 106 5334
17560 82 4140
15242 164 8205
15923 104 5215
15466 250 12550
16283 82 4119
14878 84 4228
17488 176 8808
14802 172 8639
15916 534 26749
17036 301 15068
14831 168 8421
17310 2 117
17144 79 3970
16963 285 14283
16021 167 8369
14368 181 9074
15916 284 14239
14726 42 2134
15308 120 6036
14904 29 1491
14283 72 3633
14556 157 7867
16874 441 22070
17333 186 9337
17229 18 933
14654 16 843
17132 181 9082
17492 50 2509
15862 245 12282
15714 21 1100
15482 47 2361
15710 39 1965
15463 214 10714
14551 268 13417
14458 120 6027
15862 262 13109
17475 178 8911
15118 131 6555
15639 128 6449
17448 45 2282
15145 294 14741
14383 39 1982
15103 83 4166
15867 25 1285
14558 170 8505
17509 23 1154
14564 24 1224
16741 412 20634
15589 4 248
17352 168 8441
15225 35 1792
15182 71 3599
17100 114 5711
14148 132 6613
15114 31 1557
17195 153 7679
14772 121 6060
15457 218 10947
14942 24 1246
15927 146 7311
14912 170 8515
15138 29 1478
15153 76 3837
15398 324 16211
15369 22 1122
14550 267 13360
15153 18 908
14452 1 87
16726 170 8519
16557 111 5595
17557 66 3340
14372 270 13546
15677 191 9581
14257 43 2184
15010 6 312
15166 133 6683
17123 15 781
14870 127 6395
15262 84 4221
17068 22 1113
17324 107 5388
14953 13 672
17110 33 1670
14607 306 15334
14899 124 6240
15183 16 841
15436 342 17144
14986 48 2415
14559 52 2608
15425 150 7509
15335 94 4731
16840 43 2173
15262 84 4221
14488 7 369
14139 254 12717
14911 127 6378
14642 86 4333
17109 28 1415
15715 94 4709
14347 48 2442
16076 7 379
16112 473 23687
14901 307 15387
15115 0 45
14652 131 6580
15981 18 904
17248 290 14531
14356 180 9040
14428 82 4110
17478 18 938
15103 285 14268
14134 15 782
14758 17 889
17413 63 3168
17394 176 8817
16962 125 6281
14274 100 5032
14831 151 7589
16081 103 5191
17111 112 5609
15514 79 3986
14136 45 2291
15323 69 3494
17420 3 152
14243 92 4627
17158 42 2140
14575 48 2447
17137 35 1751
14807 25 1280
17388 43 2164
14877 13 654
17198 34 1742
14548 198 9944
14384 6 327
15227 159 7960
17426 27 1365
15177 27 1355
15337 0 20
16525 40 2026
17114 69 3490
17371 562 28119
14812 208 10437
14812 314 15710
14934 179 8952
14316 5 271
16110 5 290
17426 27 1365
14926 79 3998
17140 140 7031
15466 87 4388
14191 231 11588
14772 283 14158
14654 88 4439
15927 312 15650
15111 28 1443
14934 179 8952
17331 14 707
17302 33 1666
17043 48 2408
15182 135 6795
14526 52 2643
15431 57 2862
16340 239 11983
14749 285 14264
17308 153 7675
15433 48 2420
14537 9 476
16878 108 5446
14377 158 7923
17248 358 17929
14257 149 7455
16052 285 14276
17407 155 7789
16715 283 14151
17447 52 2649
15297 275 13778
16109 96 4809
15528 318 15908
14764 80 4012
16066 42 2120
17413 343 17191
16731 17 876
15102 58 2927
17528 20 1034
17112 139 6954
15458 137 6874
14516 116 5806
15486 3 161
16948 54 2707
14213 62 3118
14801 194 9721
15824 18 919
14609 299 14978
15751 7 390
14432 75 3795
14901 307 15387
14539 212 10602
17116 62 3112
14436 148 7408
17198 26 1302
14990 113 5651
15799 226 11330
16051 228 11426
15701 271 13588
15301 41 2087
15859 81 4080
15403 23 1165
14903 275 13797
14990 160 8045
17232 105 5294
14831 145 7285
15771 18 923
17090 51 2589
17447 52 2649
16817 239 11973
16787 59 2994
14920 7 380
15394 50 2549
16948 60 3035
15780 49 2479
14793 124 6207
15294 35 1792
14907 7 394
15797 30 1524
14142 15 798
14578 75 3760
15227 159 7981
14981 195 9771
15354 66 3308
17316 20 1016
15330 20 1045
14903 62 3123
16286 524 26215
17534 8 429
14316 27 1390
15160 31 1565
15641 1 77
16134 80 4035
15323 9 496
15153 20 1047
15689 224 11227
14367 178 8935
15456 119 5970
17224 53 2673
14743 170 8545
14244 29 1494
15228 7 387
14181 5 280
14293 220 11022
16329 14 727
17250 31 1586
14912 159 7993
16962 79 3969
15330 9 464
15054 85 4296
17302 81 4054
14209 135 6794
15491 167 8353
15639 2 103
17349 24 1231
14535 50 2503
14873 307 15393
15254 93 4675
17139 263 13176
14152 164 8249
17112 77 3863
16374 3 198
17181 81 4062
14541 174 8737
14206 97 4857
14957 45 2257
14228 31 1600
16008 84 4246
15799 246 12314
15316 132 6644
17371 459 22953
14548 136 6819
16148 119 5985
15153 21 1097
14185 32 1619
15446 39 1976
14590 124 6239
14893 102 5109
14745 86 4303
16514 7 366
17186 48 2416
15457 201 10071
17439 22 1130
16845 381 19084
16148 119 5985
17240 122 6147
14277 112 5608
14539 73 3678
17081 8 432
15511 51 2585
15919 22 1111
15901 267 13351
17471 87 4376
17106 7 369
16126 35 1784
14749 269 13475
17245 27 1389
17121 5 279
17132 387 19359
14740 14 717
17269 163 8191
14228 40 2003
14464 180 9013
16923 181 9089
15466 87 4388
17413 8 427
15103 57 2875
14122 185 9293
14127 7 364
14313 270 13535
14376 243 12198
14609 16 845
14934 179 8952
17023 208 10447
16158 519 25984
17383 203 10161
16138 33 1675
14436 186 9305
15601 12 614
14596 8 411
14148 17 856
17458 161 8076
15426 102 5117
17205 158 7917
16109 66 3309
14899 311 15593
16112 328 16438
14291 173 8659
14392 136 6810
17307 122 6146
14989 43 2199
15502 87 4372
14801 179 8972
14550 68 3423
14880 21 1074
14725 30 1526
16112 292 14623
15867 25 1285
14190 3 164
14910 6 349
15464 133 6652
15844 5 287
17165 79 3980
15762 294 14730
14139 92 4618
14270 84 4232
14831 168 8421
17251 166 8346
14937 9 489
17194 22 1128
14610 276 13846
16112 473 23687
14279 49 2457
15877 260 13047
14342 259 12979
15266 49 2473
15457 79 3994
17339 254 12737
15140 1 83
14641 201 10093
14643 72 3618
14357 40 2015
14771 121 6073
17326 16 803
14907 14 711
15774 90 4525
15449 17 872
14712 244 12238
15228 126 6350
15432 29 1461
16137 76 3817
14358 113 5680
17396 4 208
14452 18 925
16141 122 6117
17100 162 8106
17457 157 7852
17309 142 7111
15017 13 684
17535 40 2037
17415 61 3089
17172 5 291
16288 116 5837
14886 101 5090
14956 78 3942
17533 100 5002
15446 74 3737
17327 124 6207
17248 121 6066
17239 121 6057
14537 9 476
15436 342 17144
14824 62 3134
15862 279 13989
15170 105 5285
14785 69 3454
15783 348 17406
14548 135 6793
14902 104 5244
15099 2 133
14934 179 8952
17373 2 148
17139 279 13958
14583 17 865
15499 5 283
14131 16 837
15078 15 785
15456 178 8943
14779 143 7180
14384 6 327
14760 170 8531
15161 135 6752
16940 12 615
14586 16 803
16008 388 19419
16527 95 4780
15318 74 3713
14828 129 6477
17095 13 663
14609 133 6675
16546 146 7346
15915 432 21603
14343 33 1681
15870 270 13517
15369 296 14819
14235 42 2142
14562 78 3936
17556 77 3869
14445 78 3940
15639 2 103
14259 21 1069
17132 80 4047
15730 8 426
16473 49 2488
17308 58 2938
14634 52 2615
17317 20 1026
15466 178 8936
17396 23 1179
14793 155 7775
16148 237 11894
14870 296 14823
14191 40 2007
16209 294 14716
16906 18 912
14338 12 603
17475 3 172
14293 195 9787
17533 100 5002
15182 147 7361
17449 17 886
16802 93 4663
14229 14 735
14432 15 763
15233 14 746
15402 35 1789
15251 138 6921
14558 14 746
14907 14 711
17339 254 12737
17394 83 4154
17170 36 1811
16022 113 5693
14207 22 1106
16219 306 15310
15785 37 1869
16161 40 2008
17196 40 2032
14598 42 2139
14722 124 6201
15155 9 485
15271 17 864
14923 12 626
14925 5 256
16073 131 6571
16921 36 1812
15927 281 14069
14806 22 1138
15462 131 6558
17267 91 4570
14246 107 5384
15457 201 10071
16158 325 16275
16489 174 8708
15589 4 248
15242 164 8205
16978 251 12576
14816 213 10677
14243 59 2954
15862 72 3616
17196 7 393
15010 8 438
15603 37 1898
15140 25 1253
14358 93 4659
15875 428 21442
15129 26 1319
14911 166 8337
15500 101 5073
16869 120 6022
15909 25 1270
17444 34 1718
14907 14 711
14970 233 11685
15517 135 6792
16109 45 2277
14970 94 4733
15422 70 3515
17459 214 10723
14631 141 7087
15834 6 339
16948 54 2707
16281 226 11324
15528 62 3117
15528 43 2151
17139 105 5255
15155 44 2221
17165 101 5093
15807 13 673
16112 17 887
15463 435 21758
15167 113 5679
16428 225 11292
14585 17 890
14363 0 31
14263 157 7881
17224 37 1889
15479 247 12386
14729 51 2587
15294 35 1792
15894 13 682
17360 106 5328
17471 93 4681
17083 41 2099
15981 148 7439
14458 138 6907
15282 105 5265
15965 118 5910
14280 19 962
14771 299 14997
14475 11 597
14300 72 3630
14452 37 1895
15782 17 863
17327 57 2879
15479 3 179
17152 59 2987
14553 105 5275
17129 35 1774
17541 29 1484
15463 6 301
14223 45 2292
14306 91 4569
14162 10 503
15689 138 6920
17159 44 2242
15428 111 5568
15676 16 821
15897 74 3714
17043 48 2408
15111 145 7288
15403 23 1165
14369 137 6854
15780 170 8511
14590 13 678
17540 27 1352
16802 207 10378
15528 0 5
17372 110 5502
15153 63 3169
15491 36 1813
15301 80 4006
14223 177 8871
16877 57 2883
15801 445 22260
14162 60 3033
15862 119 5987
15322 44 2212
16944 193 9680
17073 12 622
14368 186 9330
14642 111 5555
15402 35 1789
17309 152 7638
17312 261 13051
16874 369 18458
17132 367 18391
16076 147 7363
17187 7 376
14736 122 6109
17560 149 7479
15482 47 2361
15824 26 1322
15785 252 12628
16769 122 6103
15883 1 57
17471 93 4681
14150 63 3171
17168 28 1409
14124 171 8589
14637 156 7847
15701 335 16753
15397 97 4888
16171 18 902
16486 2 139
15683 6 337
17204 123 6185
17111 236 11838
14907 14 711
16973 17 892
17495 152 7649
14467 14 731
14899 124 6240
15882 11 579
16179 44 2247
14979 22 1137
15792 44 2243
15504 66 3312
15463 8 416
17560 149 7479
16499 145 7260
15073 9 488
17152 78 3927
15129 21 1077
16188 157 7882
17118 20 1043
16310 315 15777
16889 89 4469
14749 60 3026
15463 361 18074
15588 200 10034
15789 33 1653
17139 317 15899
16301 179 8986
14149 189 9466
14870 9 464
14934 179 8952
15486 325 16266
17194 13 688
17138 6 326
14183 7 384
14206 22 1127
14623 224 11224
14746 63 3180
17267 63 3176
14396 42 2135
17415 257 12899
15426 72 3630
15466 124 6234
16499 96 4814
15697 21 1092
14223 236 11803
14542 171 8564
14559 202 10144
14242 40 2016
17232 32 1614
16525 40 2026
15595 11 592
14227 124 6219
15927 97 4859
16562 9 494
14537 94 4743
15783 260 13010
16072 24 1246
15403 23 1165
15731 8 440
15520 67 3393
14455 8 410
15801 54 2708
15669 23 1176
14300 72 3630
15335 233 11697
14245 175 8781
15677 194 9714
17208 49 2468
16310 315 15777
17158 65 3290
15118 120 6016
15318 161 8096
17116 0 2
15433 138 6927
15805 13 689
14942 42 2129
17356 50 2545
15832 84 4236
16858 31 1567
15172 44 2235
17250 76 3821
17138 72 3612
15234 176 8809
17333 20 1045
17308 115 5779
14173 15 775
15927 312 15650
15940 226 11306
15783 204 10247
17427 11 562
15902 489 24455
15689 177 8885
15145 281 14100
17361 358 17934
15153 0 5
17453 41 2071
15477 13 660
17251 176 8819
17313 29 1480
15634 22 1105
15639 2 103
14399 67 3385
15412 193 9663
14727 95 4791
14223 204 10203
17341 47 2387
15172 61 3093
17044 108 5428
15161 159 7953
14277 312 15635
15901 276 13801
15828 195 9757
15639 78 3931
15639 108 5417
15101 55 2769
14152 237 11874
17228 42 2114
17361 284 14218
14798 72 3610
17414 137 6869
17100 77 3867
14375 140 7005
15673 24 1248
17383 140 7045
17414 61 3054
14873 282 14110
14904 25 1251
16923 77 3886
16247 75 3764
17339 199 9956
14775 26 1312
15174 85 4270
17030 144 7246
15391 44 2222
14222 12 633
14817 62 3117
17333 110 5547
14270 215 10753
16322 11 585
14707 17 899
15639 159 7989
14956 152 7610
15162 111 5595
14664 227 11353
15801 462 23128
14664 117 5887
15916 16 816
15713 218 10920
17540 27 1352
15417 21 1061
15109 9 457
14647 6 339
16147 395 19780
14338 1 53
15238 84 4208
15875 333 16673
14183 17 888
16679 101 5063
15266 20 1016
15106 206 10334
16715 86 4340
16386 27 1353
14875 34 1748
15915 104 5211
17140 63 3191
16921 36 1812
15302 34 1705
15163 52 2650
16013 96 4824
17251 68 3426
17158 42 2140
16807 121 6081
14880 54 2740
17390 0 44
14270 54 2714
15834 52 2613
14729 192 9610
15161 159 7953
16760 21 1086
17265 24 1246
15800 50 2510
16592 1 83
17154 34 1740
16962 31 1593
16023 464 23236
14874 240 12042
15427 202 10115
14475 35 1760
16874 441 22070
15153 9 486
17304 44 2216
15457 93 4668
15590 130 6524
16319 1 96
14976 147 7367
15500 261 13063
14139 29 1486
17482 120 6003
15282 101 5100
16272 199 9994
15639 108 5429
16159 4 228
15183 36 1811
14934 179 8952
16172 77 3883
15047 17 877
14263 157 7881
15500 20 1030
17415 200 10026
15486 292 14650
15464 133 6652
16894 188 9442
17132 390 19526
14271 219 10999
17559 109 5497
16109 66 3309
17271 167 8394
14134 94 4719
14707 17 899
15410 138 6922
15156 58 2929
15489 170 8537
14436 88 4424
15322 32 1624
17087 332 16620
16137 1 64
15428 290 14543
15774 299 14960
16066 42 2120
14381 28 1409
17334 12 640
14886 141 7090
14916 18 950
14965 155 7760
16878 196 9810
15415 177 8875
16858 101 5077
14904 20 1031
14764 77 3874
17219 1 51
16507 43 2152
15312 40 2009
14446 29 1479
15403 80 4021
14432 8 436
14642 72 3621
15264 27 1372
14368 24 1233
16076 113 5684
15916 227 11372
17126 156 7801
15149 118 5942
16150 352 17610
16889 24 1250
17457 62 3102
15267 145 7265
14450 242 12143
15065 38 1904
15828 488 24408
14207 1 89
17561 148 7433
17158 3 183
15862 130 6503
17361 255 12751
17198 81 4066
15154 282 14118
17396 23 1179
17156 82 4149
16137 50 2549
15859 167 8391
14223 64 3214
15353 116 5808
14584 149 7471
15410 10 527
17028 295 14757
15528 71 3594
14634 52 2614
16227 188 9423
17348 9 487
16948 207 10362
17457 157 7852
15355 6 330
17440 171 8562
15808 34 1739
17030 13 658
14293 86 4313
14970 163 8169
17248 180 9042
14652 249 12465
14793 117 5869
17352 164 8210
15800 274 13749
14542 181 9084
14891 130 6501
15920 28 1419
15368 152 7643
17270 74 3717
17135 61 3053
15334 13 669
17469 14 731
17271 146 7333
15450 239 11976
14664 210 10545
16428 367 18383
15916 301 15099
17494 142 7139
14884 146 7322
15504 35 1770
15904 25 1296
16888 246 12324
14798 1 97
16011 134 6701
15783 375 18767
14903 98 4906
15473 19 977
14277 189 9470
16849 69 3494
16079 24 1215
17449 7 386
15870 182 9105
15529 21 1077
14376 225 11277
17213 76 3806
14824 260 13039
16262 20 1035
17082 30 1508
15432 29 1461
14968 37 1900
14356 282 14124
14936 35 1759
14623 144 7230
14553 52 2617
16262 20 1035
14575 50 2535
15589 46 2349
15403 23 1165
17156 82 4107
14934 66 3331
17265 90 4504
15289 1 95
14893 209 10464
15882 7 400
15834 113 5679
14768 178 8948
15432 29 1461
16199 222 11144
15500 20 1030
17472 12 612
14475 27 1358
14423 6 334
14225 41 2098
15443 68 3402
17341 93 4654
15870 109 5474
14279 49 2457
14152 254 12714
15362 52 2650
15554 160 8012
15486 378 18918
14340 1 58
16925 52 2603
16527 95 4780
15949 171 8598
17030 70 3512
14643 122 6124
15354 66 3308
15042 4 241
16562 9 494
15863 26 1334
14577 33 1679
17248 212 10638
14756 47 2397
17019 85 4259
17208 249 12455
16141 150 7531
17245 27 1394
16152 86 4335
14828 166 8341
17447 52 2649
14654 169 8464
15639 78 3931
17308 3 160
15960 124 6206
14893 209 10464
15154 181 9089
17100 84 4245
15808 71 3590
15330 20 1045
15589 353 17698
14411 12 610
16076 7 379
17360 6 342
16734 69 3452
15386 19 997
15403 175 8773
15013 221 11053
16946 231 11567
17199 25 1286
14159 94 4747
14546 179 8958
17513 0 28
15927 343 17157
15851 7 352
15800 206 10349
16499 317 15872
14749 60 3026
14343 153 7698
17361 362 18148
14243 95 4752
16112 473 23687
17171 40 2019
15774 90 4525
15792 225 11261
15322 44 2212
17358 22 1124
14758 101 5069
15254 134 6750
15800 206 10349
17156 50 2508
16446 169 8455
14787 40 2046
16889 24 1250
16846 329 16467
14768 146 7327
15808 54 2746
14376 92 4634
16196 111 5598
14149 140 7033
15828 44 2233
14626 30 1513
17226 62 3114
15223 48 2413
14632 68 3427
15145 312 15642
17371 163 8177
15923 344 17222
15410 104 5245
15927 217 10881
17164 145 7259
15554 42 2141
16188 28 1413
15397 5 266
14174 78 3937
15464 241 12059
14549 208 10428
15822 0 35
14550 111 5562
17383 201 10070
14793 155 7753
15857 18 904
14368 281 14081
16058 106 5339
14654 184 9208
14559 295 14781
16839 130 6526
16148 201 10057
15469 201 10090
14410 278 13905
16188 200 10023
14453 8 423
15391 269 13499
17248 258 12949
14957 45 2257
17497 227 11390
15149 118 5942
15970 472 23615
14368 0 25
17154 24 1228
15243 82 4114
16769 92 4639
17245 27 1394
14458 8 410
14625 43 2184
14736 222 11135
16118 58 2937
16978 75 3779
15482 47 2361
16051 228 11426
14147 26 1303
17408 64 3211
14621 5 281
17078 30 1528
15900 212 10650
14475 27 1358
16006 395 19760
17541 4 231
15774 175 8752
17237 0 7
15296 133 6667
17407 137 6877
14902 290 14535
15251 167 8370
15479 294 14727
17226 116 5836
17508 71 3551
14157 126 6306
15528 318 15908
17561 70 3546
16150 180 9014
16011 134 6701
15677 149 7490
16727 300 15035
17383 113 5695
17552 19 988
17389 57 2887
17168 33 1659
15894 96 4847
14250 14 722
14552 79 3995
14634 53 2661
14976 0 4
15360 167 8392
15031 28 1411
16890 53 2694
17395 23 1157
14729 215 10753
17056 184 9207
14940 147 7363
15392 107 5352
17271 181 9070
15656 96 4822
17495 97 4880
16286 267 13397
14139 29 1486
17334 189 9453
17152 129 6488
17114 101 5082
15348 242 12112
14392 106 5327
15862 241 12092
16209 341 17056
17519 10 524
17030 39 1998
14924 195 9777
14934 179 8952
17196 31 1556
15355 26 1307
14707 34 1728
15149 118 5942
17489 155 7795
15391 44 2222
17388 41 2087
17036 272 13631
15061 120 6011
16526 55 2763
16358 55 2794
14338 266 13309
16960 157 7899
17397 53 2695
17144 161 8097
16848 18 932
15794 219 10959
16807 121 6086
14298 66 3350
16119 516 25806
16113 75 3767
16714 175 8761
14195 113 5680
15923 437 21857
17408 64 3211
15383 254 12733
15916 420 21039
17119 102 5106
14228 19 984
14191 79 3988
15425 205 10282
15528 237 11853
15701 92 4605
17140 19 960
16267 108 5402
15882 36 1846
15491 53 2689
17559 1 69
17087 123 6188
17383 443 22192
15160 187 9362
14801 110 5549
17361 146 7329
14779 143 7180
15246 172 8633
17144 161 8097
17270 71 3596
14245 60 3033
15665 1 74
16428 15 765
16517 110 5546
15803 10 524
16694 148 7439
16676 256 12823
14368 181 9074
16119 267 13352
16952 132 6632
15103 150 7502
14801 310 15505
15410 138 6922
16118 124 6202
16119 7 361
14195 16 812
14259 80 4042
17566 143 7181
16148 153 7652
17174 25 1262
16122 126 6326
15086 121 6100
15634 105 5265
16272 199 9994
15074 11 578
16134 352 17646
17232 108 5422
17427 11 562
15873 145 7253
16272 14 730
17533 108 5423
15917 344 17231
15361 60 3028
14399 67 3385
14956 143 7157
14427 183 9196
14329 109 5489
17208 55 2752
14368 181 9074
17036 196 9801
17132 431 21594
16464 35 1787
16428 470 23544
17360 17 883
14139 213 10657
15935 143 7159
15916 65 3282
16769 114 5725
14356 282 14124
14545 33 1697
16685 165 8265
15923 154 7712
16172 211 10591
15482 129 6485
14921 94 4727
14870 296 14823
14220 57 2857
16006 96 4817
15785 45 2283
15353 45 2283
16835 197 9871
14997 70 3529
14467 11 597
14557 65 3272
15479 126 6338
15481 18 939
17240 398 19947
16220 22 1139
15101 19 998
17280 41 2085
16199 280 14031
17373 84 4223
16973 24 1244
15348 292 14630
14425 99 4968
14290 53 2699
14516 98 4938
17451 115 5788
15462 131 6558
17364 71 3557
16186 142 7113
15151 96 4819
15514 19 978
15983 146 7311
15382 50 2545
16172 315 15775
17383 122 6136
17114 99 4987
14802 172 8639
15469 207 10358
14553 223 11169
15901 301 15069
16119 21 1096
17287 150 7506
16159 37 1856
17194 2 123
14903 62 3123
17070 146 7315
15154 181 9089
17218 31 1592
15778 37 1862
16352 241 12072
17457 124 6226
14779 139 6952
17390 48 2445
16094 522 26118
14537 9 476
15234 128 6427
14584 16 832
17561 70 3546
17440 90 4524
16738 220 11044
15799 268 13442
14921 39 1959
15449 100 5040
17267 35 1764
14223 49 2456
15715 64 3241
14741 33 1680
15436 201 10072
14824 253 12683
15334 15 799
17414 139 6984
17415 215 10753
15231 109 5474
15123 24 1209
17451 277 13854
15669 13 683
16594 4 220
16196 36 1814
14392 185 9281
16935 263 13163
17158 105 5286
14631 165 8258
17522 88 4426
17559 78 3950
15154 251 12561
15234 72 3645
14948 219 10986
16424 267 13381
14270 54 2714
14329 253 12687
15377 30 1519
15603 143 7183
17106 24 1217
14793 115 5751
17360 16 841
17143 8 437
14758 105 5253
17219 1 51
17556 65 3269
15473 183 9171
17036 301 15068
14981 197 9860
14947 4 209
15339 45 2285
15237 29 1477
17398 152 7633
15225 50 2522
14712 232 11630
17093 120 6015
16525 104 5208
15780 180 9020
15872 36 1841
15603 77 3869
17563 34 1739
17206 144 7216
14760 192 9626
14597 86 4308
14654 265 13270
15152 81 4095
16006 395 19760
16169 164 8224
15458 112 5628
16243 125 6262
14949 27 1368
16581 77 3895
15254 22 1126
15910 7 400
14686 32 1648
15397 233 11683
17087 389 19485
15877 0 38
16199 461 23076
14396 66 3304
14912 2 121
16112 167 8399
16711 147 7351
15677 120 6048
15410 128 6410
15828 103 5174
15415 328 16403
14909 31 1563
15386 29 1470
16096 58 2917
14284 1 93
14368 224 11204
15491 253 12665
14369 163 8162
16916 25 1289
14609 88 4450
16227 188 9423
15386 61 3059
16835 5 279
17361 146 7303
14654 202 10147
14707 17 899
16492 25 1263
17073 101 5084
15302 15 753
14293 192 9637
17312 156 7805
14239 16 821
17414 135 6774
17371 3 168
15073 82 4123
14134 263 13167
16694 35 1767
15115 138 6921
17383 113 5695
14652 262 13125
16891 139 6967
17563 69 3473
15432 128 6424
15722 68 3406
14644 215 10793
17316 67 3370
16119 191 9580
15927 202 10139
14870 82 4127
14664 117 5887
17112 139 6954
15511 51 2585
15099 27 1394
17353 25 1278
17196 40 2032
14641 138 6906
15172 49 2484
14802 60 3001
14575 77 3865
15473 147 7381
16339 230 11550
15446 87 4365
15878 0 12
14445 38 1943
16158 16 814
17386 26 1346
14551 33 1662
15010 8 438
15155 9 485
14153 74 3728
16122 126 6326
14763 6 343
14446 29 1479
15463 435 21758
17159 37 1864
17364 71 3557
14904 25 1251
16096 73 3686
17448 166 8311
17055 313 15686
16978 409 20475
17246 5 272
15416 99 4980
16562 9 494
15429 55 2796
14802 267 13372
14297 85 4254
17212 39 1977
16119 537 26855
17229 14 718
16196 111 5598
15348 81 4096
17365 11 574
16172 323 16169
17135 15 786
14306 210 10533
16226 2 103
14548 22 1140
16942 78 3931
14801 260 13027
14991 165 8268
17073 8 442
16112 17 887
14590 9 498
14243 130 6547
15902 381 19094
14675 4 217
15910 259 12978
17451 289 14481
15593 198 9950
17444 9 458
14321 21 1051
15456 134 6726
17349 12 614
15172 23 1161
16341 70 3539
15392 104 5225
15479 78 3903
16552 102 5137
14284 9 463
15463 313 15665
14298 44 2217
15890 24 1238
15386 55 2768
14876 67 3398
16346 38 1947
15246 152 7632
14725 12 638
16051 81 4063
14611 11 584
14736 136 6825
16411 193 9652
14203 28 1434
16489 174 8708
14363 243 12151
14743 22 1149
15155 4 211
16831 7 396
15266 42 2133
16864 90 4545
17398 98 4923
15528 2 127
15715 64 3241
15407 194 9706
15397 129 6492
16916 25 1289
14136 70 3526
14152 135 6755
16797 107 5385
15656 58 2906
15319 13 672
16172 101 5088
14641 78 3932
15590 242 12133
15264 97 4858
16110 9 492
14418 50 2532
16041 269 13478
17092 20 1002
15834 52 2613
17424 13 700
17418 7 376
17102 15 758
15098 22 1134
14473 8 413
17239 147 7361
15181 3 165
14446 13 677
15486 120 6006
14814 63 3173
14621 2 137
16867 229 11464
14768 178 8948
16809 126 6343
15762 225 11259
15780 68 3450
17205 107 5378
14367 181 9074
17159 47 2356
15464 125 6269
14571 34 1744
14347 14 727
16166 38 1939
14947 7 359
14253 10 527
16038 161 8092
17171 0 47
16722 162 8121
15422 82 4120
15846 38 1918
14270 212 10611
14874 158 7901
14707 14 708
15236 159 7952
15701 276 13812
15902 448 22444
15323 69 3475
14807 221 11081
15156 11 599
14611 60 3012
14438 23 1176
15356 37 1862
17535 31 1564
14830 3 165
14991 13 664
15297 131 6569
14874 62 3145
15124 1 68
15676 212 10623
17264 3 197
17165 88 4424
14911 109 5475
15145 312 15642
17545 51 2579
15589 93 4670
14219 77 3862
14218 133 6671
16101 201 10081
15302 38 1937
17398 192 9608
14453 112 5639
17525 0 27
14934 143 7167
14220 26 1315
17249 147 7392
17029 203 10155
17131 228 11413
16096 58 2917
14790 199 9965
15479 78 3903
15335 3 169
14558 14 746
15822 18 943
16994 127 6369
17002 38 1938
15086 12 635
16769 114 5725
17364 111 5558
15783 61 3078
14259 22 1119
14824 311 15588
17210 119 5970
15603 77 3869
14297 19 964
15386 74 3729
14910 51 2554
17478 127 6372
15659 0 45
17100 208 10417
15222 175 8780
15916 424 21228
14228 31 1600
17165 101 5093
15986 161 8068
14172 35 1752
15783 169 8484
15530 25 1266
14438 154 7725
14369 163 8162
14652 223 11200
15471 22 1115
14658 7 364
15316 158 7916
14219 77 3862
17556 65 3269
14535 103 5190
17177 21 1095
17267 91 4570
14642 72 3631
15335 248 12438
15391 70 3530
17132 524 26210
14611 54 2725
14358 57 2871
14634 5 279
14471 0 26
17073 8 442
16818 71 3553
14545 29 1478
17311 4 231
14768 146 7327
14789 148 7438
16715 283 14151
15302 31 1584
14874 188 9401
15013 120 6039
16305 48 2402
16110 109 5487
17559 109 5497
15243 20 1050
16864 90 4545
14824 311 15588
14607 182 9150
15902 23 1156
15061 195 9784
14453 39 1972
14770 297 14879
14893 165 8279
17383 478 23926
