12020 14 705
11551 108 5436
9394 125 6258
8746 57 2859
9442 7 359
11879 228 11404
13676 15 793
10648 53 2654
9470 165 8290
11801 15 760
11878 225 11293
12508 99 4978
11921 178 8948
11885 42 2103
8996 292 14602
8695 22 1148
9615 25 1281
11991 100 5011
11551 106 5329
11565 120 6035
10609 140 7032
8922 20 1039
12404 82 4137
13504 12 647
12070 187 9396
13687 1 91
9619 154 7708
12426 9 466
10858 124 6217
11632 4 217
9090 144 7230
9726 186 9316
8782 16 816
11619 60 3026
12496 20 1037
11000 17 893
11965 136 6802
10906 217 10872
13583 72 3648
9304 107 5370
8454 27 1373
11139 4 224
8987 144 7201
9345 206 10317
8419 6 315
10624 176 8815
10756 80 4011
11278 82 4137
9499 309 15456
10858 124 6248
8909 47 2354
10905 111 5570
10811 49 2492
13675 78 3919
9094 5 283
11529 28 1431
10696 255 12765
11519 192 9618
11738 109 5466
9090 136 6836
10501 45 2278
11915 31 1574
9404 126 6328
8620 128 6445
8994 163 8152
13580 58 2907
11889 17 887
13542 138 6937
12482 295 14761
8784 58 2929
11913 137 6859
10434 113 5653
13642 62 3148
11601 211 10553
9681 80 4030
8915 113 5671
9507 243 12167
11599 50 2532
8909 43 2190
9030 41 2069
8541 25 1260
8770 271 13577
12426 64 3218
11776 146 7303
8889 67 3386
13687 1 57
12039 77 3884
13638 46 2325
13691 23 1195
8687 212 10635
11759 25 1292
10838 47 2360
13565 35 1780
9028 11 591
13503 191 9589
11116 126 6343
9712 24 1207
8915 117 5877
11599 59 2978
9341 215 10787
12075 49 2492
8695 20 1007
12542 19 951
8508 6 334
8935 111 5556
11601 139 6952
12566 251 12592
11508 114 5717
11618 42 2106
9579 114 5736
11779 269 13463
12549 90 4533
9444 326 16349
11537 8 449
11075 12 626
11963 171 8569
9632 127 6353
11599 61 3061
10694 159 7956
8904 65 3299
10683 272 13645
10434 21 1052
11976 371 18582
11884 249 12480
9061 51 2553
11847 74 3740
10471 35 1768
9579 115 5792
10353 0 18
10592 298 14910
8587 79 3981
9035 139 6979
10913 220 11009
9473 20 1002
11186 108 5419
8958 188 9442
13691 135 6785
8446 311 15553
11080 103 5152
9681 79 3987
12449 83 4166
9338 107 5363
10449 287 14373
9627 16 833
11174 1 69
10611 103 5176
9677 9 494
12565 123 6162
12145 191 9597
11544 3 154
11716 74 3702
11096 85 4299
9438 35 1775
10765 12 643
10819 6 346
9195 224 11239
10711 101 5070
10972 58 2916
13629 229 11488
10449 206 10321
8810 93 4656
8695 11 579
8934 47 2378
11913 80 4047
11119 309 15483
9386 184 9235
13692 71 3566
9500 2 146
11740 84 4211
11707 1 93
9215 104 5245
10580 222 11109
10850 197 9889
9281 70 3528
11066 212 10640
9453 1 57
9009 147 7359
9196 2 119
12023 23 1200
11913 137 6853
12039 84 4234
9457 87 4385
10906 132 6626
8958 186 9335
10719 12 648
8852 48 2437
9075 44 2247
12070 359 17957
11162 32 1629
10906 221 11076
8909 45 2269
9009 146 7335
10711 33 1665
8441 189 9498
9557 2 147
9511 323 16198
9215 104 5245
13695 99 4976
11135 74 3711
11091 165 8293
8433 97 4896
11119 69 3499
11998 399 19966
8697 122 6121
11551 92 4618
8700 83 4186
9656 331 16595
10845 192 9648
9627 17 854
13561 23 1169
12441 401 20069
8784 57 2894
12073 187 9399
9267 23 1199
11977 7 383
8852 37 1886
8620 128 6445
10837 144 7222
8700 132 6605
9090 144 7207
10692 103 5152
13629 134 6750
10821 12 635
13569 145 7267
11965 165 8257
11728 218 10912
8914 19 965
9545 210 10521
12070 187 9371
10501 45 2278
9090 142 7134
12542 164 8224
9533 10 544
11913 80 4047
9072 128 6422
10660 239 11985
12073 98 4922
11969 18 922
12077 166 8347
10905 106 5347
10592 297 14886
10434 21 1052
11134 43 2158
13614 26 1328
11119 48 2419
8750 214 10722
9709 8 426
12374 153 7680
12554 86 4339
9516 126 6329
8958 190 9515
13454 7 374
11196 28 1437
9632 60 3049
8539 38 1912
10771 244 12207
11943 121 6094
9640 110 5527
10623 17 893
13691 136 6843
11564 26 1305
11206 21 1074
8918 123 6169
8859 14 731
10950 18 920
11866 71 3577
13582 16 802
11878 119 5987
9679 44 2241
9665 8 411
13662 81 4062
12091 367 18362
11527 108 5427
13639 83 4197
10648 42 2139
9681 77 3869
10712 318 15935
8735 4 211
9470 46 2304
12070 130 6518
9225 129 6499
10811 48 2420
13635 77 3874
8687 212 10606
12545 40 2042
9679 105 5298
11184 21 1057
11515 27 1379
12517 239 11964
12426 64 3248
10444 15 780
11614 158 7932
13586 0 21
11512 12 608
13467 147 7368
9427 154 7724
8705 77 3866
11629 10 532
11847 74 3712
10765 13 670
9188 18 918
9080 31 1577
13617 114 5703
13626 82 4147
10708 39 1995
13648 80 4036
9567 431 21583
10660 197 9868
10906 213 10695
10635 65 3265
12508 266 13331
11738 246 12327
12454 425 21252
8458 80 4050
11842 49 2488
9225 131 6574
10569 7 353
11776 146 7303
12036 1 91
11551 108 5404
12066 41 2078
10848 194 9722
10522 182 9108
11094 91 4583
13691 135 6767
11601 165 8275
10449 208 10436
11001 14 733
12392 19 993
10520 81 4093
9304 105 5276
12558 18 920
9369 34 1743
10821 12 648
9621 21 1083
9535 319 15994
12549 100 5050
11090 202 10130
9694 167 8395
9592 271 13562
11830 191 9574
11974 26 1316
11551 123 6170
8810 90 4510
10660 326 16327
11668 86 4346
13643 110 5503
10883 165 8300
11186 166 8308
8959 184 9217
13542 153 7652
8714 152 7617
10755 122 6148
8702 200 10015
9366 127 6385
12000 46 2344
9516 329 16478
8852 48 2437
9285 169 8490
8735 5 254
8416 98 4942
9028 8 426
10449 126 6333
9386 18 940
11080 3 194
9554 31 1557
9030 121 6086
11709 57 2868
11953 34 1728
8683 203 10173
11591 57 2875
12079 66 3338
10822 68 3436
10517 28 1410
12392 19 990
11943 254 12712
12079 10 534
9620 301 15072
8433 99 4972
9390 7 391
12383 7 373
13620 53 2663
11519 72 3637
12039 201 10061
8915 113 5680
13675 19 986
11820 253 12693
9210 0 35
13675 19 968
9507 243 12167
11913 323 16184
9195 84 4246
9210 0 35
10972 57 2851
9195 85 4264
11593 98 4922
11237 23 1152
11991 57 2895
11521 43 2158
9254 24 1201
9500 2 146
10711 98 4920
9340 92 4605
8936 112 5614
11759 146 7327
12555 10 548
10449 206 10323
8905 50 2504
11872 120 6028
9463 92 4613
10694 159 7964
9545 210 10504
9470 46 2322
12485 117 5889
8529 276 13817
10390 62 3103
8419 5 271
8862 49 2463
12508 164 8232
10483 58 2926
8762 305 15264
9516 249 12491
11520 271 13555
12027 33 1673
11213 63 3191
13454 19 956
13675 73 3698
9214 126 6319
10756 70 3531
9344 244 12205
11866 71 3581
11830 148 7402
11884 54 2749
8918 122 6120
9072 127 6373
9439 115 5760
12404 82 4125
9390 7 391
8915 113 5680
8508 6 334
11924 269 13500
11953 34 1728
10850 223 11169
10625 231 11593
9515 104 5221
13477 40 2011
8416 129 6463
12556 67 3357
9061 52 2647
9035 136 6810
9679 105 5292
11935 250 12524
11668 71 3595
13655 29 1488
10647 81 4100
9061 52 2635
10837 165 8262
10471 35 1769
11797 3 153
8579 21 1090
10773 110 5510
12075 48 2410
8677 10 531
10727 119 5969
11539 60 3022
13561 95 4764
11751 220 11039
9651 129 6496
11508 114 5743
12004 283 14173
13656 12 645
9668 244 12250
9717 310 15543
9704 119 5978
11664 119 5975
9500 393 19655
10660 240 12006
12142 28 1439
9668 193 9675
8915 120 6046
11922 136 6814
9247 44 2204
10719 10 518
11759 25 1274
10705 8 413
11087 18 950
11776 30 1506
11751 220 11039
10925 124 6215
11867 69 3493
9470 91 4582
12056 112 5601
8936 113 5676
9411 64 3245
11515 27 1379
10711 101 5091
9516 213 10655
9444 329 16496
10711 99 4965
10518 11 579
10837 165 8266
11601 32 1604
11965 345 17293
11080 277 13889
8697 121 6075
11103 60 3037
9068 43 2166
10998 69 3458
10520 217 10874
10747 50 2521
8620 131 6576
8762 282 14125
9304 107 5358
10660 324 16209
13477 54 2745
12459 107 5359
11842 15 752
10609 141 7070
8918 123 6167
8746 57 2883
10838 50 2547
10773 111 5589
10501 46 2323
10711 44 2216
11913 137 6857
9090 136 6814
11879 40 2016
9702 78 3902
8701 224 11233
9601 120 6026
10624 176 8836
12054 45 2282
11878 85 4262
9390 7 374
9379 243 12155
11514 32 1641
13661 174 8745
12538 29 1474
11830 114 5722
11071 270 13543
12054 45 2287
11957 71 3594
11664 119 5986
11119 110 5548
12506 9 455
8894 30 1537
8626 82 4136
13618 31 1587
13621 40 2034
10609 129 6481
11935 222 11116
9344 246 12336
9583 215 10797
10838 50 2547
12086 31 1555
11692 2 120
8958 186 9346
10579 9 460
11926 239 11987
9267 25 1283
13565 67 3384
9464 83 4198
13692 17 868
10606 12 614
12077 166 8326
12046 94 4716
9191 39 1998
11078 20 1009
11066 91 4557
11887 159 7953
9542 296 14819
10475 191 9577
9620 301 15092
11119 155 7755
12070 371 18593
8782 15 761
10569 6 341
9439 117 5854
8735 4 249
8471 20 1011
8894 30 1505
12557 71 3592
12079 61 3078
11527 134 6724
13638 145 7264
11564 26 1324
9030 122 6148
10436 305 15290
12549 90 4543
11759 25 1270
13561 114 5723
13623 97 4896
8994 164 8205
10437 140 7019
10449 126 6326
9340 91 4563
10708 39 1966
10988 186 9312
12418 33 1672
9557 2 134
9386 20 1014
9507 243 12162
9454 105 5270
8454 27 1373
10567 136 6823
8416 106 5312
9065 95 4785
9438 93 4697
12079 61 3068
8770 57 2864
10705 166 8330
9651 355 17770
11527 106 5312
11492 3 176
9726 188 9424
10483 54 2727
8862 49 2463
13583 7 364
11957 71 3571
11599 50 2532
12565 123 6198
10822 70 3537
10646 97 4882
8447 57 2888
13616 245 12253
9308 33 1663
8697 123 6161
10592 181 9063
11111 92 4625
10727 117 5852
11738 184 9216
9442 173 8685
9080 34 1715
12383 7 368
8690 41 2067
10592 182 9122
11080 103 5191
10449 207 10355
13675 208 10407
9620 56 2812
9516 484 24214
9024 185 9263
12145 73 3675
9702 78 3922
11066 91 4557
13661 70 3525
9709 9 469
11763 76 3849
10624 177 8851
9028 9 469
12377 5 256
9712 25 1273
10444 15 766
11664 119 5975
9500 0 8
11614 158 7915
12374 88 4417
9473 22 1137
10905 106 5303
10666 43 2159
10906 213 10680
10623 19 967
13583 127 6386
10483 57 2896
11930 276 13837
9279 0 43
9191 40 2044
8894 84 4236
9473 22 1137
12438 12 649
9713 64 3210
12485 82 4121
13618 110 5534
11976 371 18582
11913 137 6857
8959 183 9197
11972 147 7358
9473 20 1028
9461 107 5356
13661 9 480
10390 63 3156
8433 202 10113
13678 133 6658
12543 131 6575
12052 6 348
12039 218 10950
11995 33 1682
10793 58 2947
9457 86 4310
9024 45 2282
11071 8 409
8439 19 997
8548 103 5154
10434 113 5665
10883 165 8260
9677 55 2753
10966 251 12579
9702 77 3854
8862 52 2621
11119 115 5798
9052 31 1560
11653 46 2333
11678 32 1618
9427 153 7677
9601 124 6246
11972 68 3432
13616 245 12274
13671 124 6239
8746 59 2961
13638 145 7264
9345 62 3113
12079 83 4178
11740 11 563
12110 219 10974
12449 83 4156
11551 106 5342
11998 134 6723
10905 111 5582
8695 8 428
9516 329 16452
8707 7 372
9341 217 10886
9651 107 5360
11963 153 7675
11065 166 8308
12025 86 4313
9464 87 4362
10442 12 605
9515 102 5107
9545 181 9085
11187 230 11507
11878 225 11277
9386 255 12795
12073 187 9375
10756 12 647
11707 146 7332
8810 93 4661
10712 318 15935
10580 239 11993
11519 192 9650
10864 114 5741
11119 155 7755
10711 100 5029
11519 188 9427
9717 309 15499
11599 61 3096
10434 21 1094
8445 191 9570
11524 201 10061
11543 122 6122
11776 59 2954
8889 64 3234
9196 3 161
10951 29 1469
11728 180 9007
12560 86 4306
9640 108 5423
12540 12 605
9090 135 6787
10593 79 3973
11169 217 10892
12566 251 12594
11187 230 11507
12075 112 5646
11922 3 184
9470 91 4582
8720 163 8169
11507 6 331
9037 236 11822
10850 86 4339
8735 5 270
12449 285 14287
8762 305 15277
11989 81 4073
11900 28 1434
9579 45 2286
8862 52 2624
12418 33 1660
8804 126 6319
10609 134 6715
9464 85 4299
11998 134 6721
9621 20 1044
11275 109 5489
11103 60 3046
9345 61 3075
11817 0 39
10850 84 4242
11972 21 1079
11963 332 16622
11291 33 1685
11000 16 832
9254 23 1189
10660 327 16356
10390 62 3103
8922 19 989
9726 256 12850
11741 26 1336
9710 183 9177
11963 359 17990
11779 63 3192
10672 68 3424
11976 371 18557
9188 19 964
9444 328 16444
9028 9 469
9702 88 4405
11776 179 8985
10475 191 9582
11721 152 7633
10590 43 2190
8905 49 2453
9061 52 2641
11604 155 7755
9454 107 5379
9463 91 4573
10773 82 4129
8409 19 992
9030 137 6867
8957 233 11692
12406 5 297
10906 207 10381
12565 123 6185
11134 43 2183
9583 202 10137
11972 148 7428
11685 149 7476
11664 89 4454
10623 15 767
11119 10 531
9298 27 1380
8922 23 1162
11614 158 7904
9651 129 6455
8549 113 5660
8994 162 8111
13678 24 1240
8914 19 981
11933 224 11227
11087 18 947
13504 12 641
11830 191 9576
10592 295 14784
10883 216 10826
10448 100 5048
11878 153 7664
13633 32 1628
12558 56 2801
13588 4 231
11927 44 2216
10441 125 6261
13565 67 3370
13688 125 6261
10625 233 11698
8716 95 4792
13643 110 5536
8936 109 5454
13691 29 1458
11545 266 13345
12549 100 5005
12392 8 450
9545 210 10541
9470 96 4804
9030 135 6783
9324 39 1999
8702 197 9859
9679 46 2334
9068 106 5328
11919 185 9257
9702 88 4445
12518 22 1137
12023 23 1153
9024 45 2286
8996 57 2876
11071 8 409
9442 173 8688
9651 187 9381
9345 206 10350
12485 116 5802
10696 234 11711
11880 17 865
11681 55 2772
11933 224 11214
11601 1 77
12000 65 3290
13503 191 9576
11512 12 608
11521 43 2182
10580 221 11066
13569 145 7267
11751 107 5372
12566 262 13118
12426 87 4398
8419 0 41
11540 64 3209
13537 1 74
12485 222 11129
9410 71 3599
13548 4 211
10800 21 1090
9615 27 1359
13564 7 360
12075 134 6732
12374 88 4417
12561 284 14238
9639 215 10787
8915 113 5687
8468 56 2841
9702 89 4470
13467 150 7540
11150 5 292
11726 188 9431
11614 14 718
10551 117 5881
13683 10 547
10756 12 633
9298 54 2723
11745 53 2698
12496 103 5192
13671 124 6220
11527 0 18
12485 220 11023
8804 126 6345
9651 129 6472
11921 4 237
9505 216 10832
8957 235 11761
11921 17 894
9075 292 14647
11521 57 2900
13634 17 884
8959 183 9153
10535 19 976
11957 92 4640
9620 288 14409
12077 56 2801
8957 233 11698
10592 180 9031
9656 331 16596
9298 77 3894
11593 98 4922
9545 218 10950
9533 14 713
8879 106 5322
10520 213 10666
9601 124 6246
13692 71 3574
9068 41 2068
11527 81 4076
10545 146 7329
11885 42 2135
11972 43 2196
8720 124 6226
10519 72 3623
9448 62 3119
11589 205 10263
9065 82 4106
10727 117 5860
10449 206 10344
9500 0 8
11926 293 14656
10848 112 5618
10609 134 6721
11096 50 2503
13675 73 3699
9384 56 2802
10625 230 11520
13491 54 2744
10757 103 5169
12566 262 13147
9338 107 5391
11119 110 5515
13491 59 2953
9035 138 6909
11658 11 557
10850 84 4246
11884 68 3427
12110 219 10963
8700 133 6662
11965 54 2731
9247 42 2114
11872 75 3797
8909 45 2290
9567 156 7834
10850 22 1138
11935 29 1482
13504 74 3727
10822 71 3564
11933 128 6403
11292 6 348
10660 241 12076
9438 93 4687
9702 89 4495
9024 46 2324
8915 116 5842
9188 19 964
10646 97 4882
12441 401 20064
9394 124 6203
12066 41 2065
11589 146 7306
11842 15 760
11721 157 7864
9364 25 1277
8747 123 6189
10665 238 11906
8740 35 1772
11492 3 185
11728 218 10912
10648 53 2676
9470 48 2402
10711 100 5003
9601 123 6179
8714 140 7007
12036 121 6091
11922 107 5391
9615 25 1281
10951 29 1459
8996 292 14622
9694 170 8529
9439 117 5889
11187 319 15994
10590 40 2031
10442 10 503
10905 83 4200
10578 17 881
13688 125 6296
10660 323 16168
8889 64 3229
9464 85 4283
11237 42 2121
10445 160 8043
11551 92 4618
12091 185 9275
10579 9 451
9668 193 9697
10593 79 3975
13583 127 6388
12379 96 4817
8419 6 315
11896 21 1096
9439 116 5823
8585 35 1783
10666 42 2136
9238 128 6445
9075 49 2454
11926 239 11953
9621 22 1132
11913 118 5948
9656 332 16620
9395 346 17312
10635 65 3295
10635 67 3384
8735 5 289
8994 163 8198
10883 165 8273
11998 57 2871
9632 60 3050
12542 164 8211
9726 184 9220
11134 43 2163
10864 19 979
10988 255 12763
10545 145 7272
9668 118 5915
9505 219 10970
11842 41 2066
12558 18 935
11075 12 647
13634 25 1293
12454 425 21287
10609 135 6765
9542 298 14920
10858 128 6439
10483 58 2947
9454 104 5235
10480 111 5578
10883 165 8274
11957 92 4650
11747 3 192
8508 5 269
10756 70 3536
12066 274 13715
8508 6 328
12004 283 14167
8897 25 1278
10850 84 4246
10829 11 586
12000 97 4860
13542 138 6918
13588 4 239
11922 13 680
8701 224 11223
8957 256 12827
9651 129 6496
10848 110 5545
10449 127 6391
11071 8 440
11953 34 1745
11707 131 6556
10483 58 2948
10609 141 7098
9243 120 6042
11521 43 2196
13503 191 9579
9075 47 2354
11187 217 10856
8465 258 12917
10883 174 8708
11926 293 14656
11066 91 4571
10913 222 11114
10483 60 3006
10906 128 6437
11977 7 368
11512 87 4382
8468 55 2758
8859 17 851
8413 11 592
11564 94 4713
11664 89 4494
11774 4 228
11891 103 5152
9411 64 3245
10708 43 2176
10623 19 956
9243 120 6044
8853 201 10066
8902 34 1705
11879 311 15588
8959 210 10515
11508 29 1473
13580 146 7347
11601 211 10574
11135 49 2460
8959 210 10515
9726 239 11958
11972 43 2196
11922 70 3529
11726 300 15008
9583 500 25003
11087 47 2362
10811 48 2449
8787 93 4668
11861 6 303
11779 0 24
11972 120 6042
10574 19 986
12066 94 4721
9639 216 10823
9075 46 2318
11906 166 8341
9225 130 6541
11085 2 110
9546 83 4196
9341 217 10886
13623 82 4139
10353 0 16
13695 99 4976
10434 114 5745
10705 2 147
11879 244 12207
9632 123 6170
11119 69 3476
13695 99 4991
9515 104 5221
10437 140 7036
11921 169 8490
11879 128 6437
11993 0 33
10864 114 5713
11072 16 830
8746 208 10413
9405 11 571
9681 80 4010
11278 51 2565
12071 304 15201
13583 178 8948
8915 117 5861
9362 248 12417
9557 1 89
13491 54 2744
11194 1 81
10520 81 4071
12404 82 4102
8695 22 1147
12036 5 261
11921 288 14438
10837 142 7102
11965 136 6802
11230 17 878
9304 104 5227
12549 100 5014
10905 106 5347
13470 46 2308
9712 43 2174
9677 54 2739
10519 71 3586
10437 142 7113
8419 4 209
9345 205 10294
8897 25 1264
8537 268 13437
9188 19 995
9454 136 6845
9605 51 2555
9065 82 4131
11085 2 115
11762 18 939
11658 11 566
8714 140 7045
12438 102 5143
12374 88 4448
10574 19 951
11202 7 354
11116 126 6327
8620 130 6510
11763 108 5411
10520 81 4093
8958 188 9442
9583 205 10281
13638 46 2332
11090 202 10124
11227 3 166
8541 25 1261
12442 179 8967
10606 12 614
11186 258 12938
8471 20 1011
12066 274 13718
9639 216 10823
10569 6 313
12086 31 1555
8934 47 2361
10648 69 3475
12485 117 5889
9470 96 4822
12565 292 14640
11707 53 2681
9438 35 1767
13491 59 2990
13648 80 4003
11091 165 8268
11879 228 11404
10773 150 7502
10609 132 6638
10593 79 3973
8852 50 2511
9410 71 3569
12383 3 182
10580 222 11122
12056 368 18442
9345 207 10396
12442 42 2132
13470 46 2346
8994 164 8248
11169 217 10856
10449 207 10353
12073 65 3282
9632 118 5927
9453 1 57
11519 72 3637
12039 99 4954
12566 251 12589
12482 295 14789
11589 205 10295
9592 274 13739
12368 49 2473
11619 3 192
13691 29 1475
11599 50 2523
10545 145 7276
8690 42 2147
13675 208 10449
9554 33 1687
11512 107 5352
9386 63 3197
11868 51 2574
9444 326 16338
10772 118 5921
11545 266 13330
9238 131 6580
9632 126 6326
8905 52 2620
10688 84 4245
11230 17 875
8994 163 8194
13542 138 6906
11601 139 6998
9545 211 10557
12025 272 13623
12079 100 5018
8740 38 1928
8996 292 14602
11738 250 12502
9461 108 5413
11759 208 10438
13676 50 2530
8700 206 10346
9379 242 12122
9008 118 5937
10545 145 7297
11119 309 15483
9621 20 1044
11866 71 3578
10660 197 9860
8413 11 576
10592 183 9182
11599 59 2978
10660 241 12054
12091 185 9296
8852 32 1636
11878 119 5969
11957 92 4650
13565 35 1800
11917 21 1061
11001 13 658
11957 71 3566
11080 103 5163
9340 90 4548
13618 110 5507
11619 19 1000
9470 48 2429
9285 172 8610
11709 57 2864
10449 127 6384
11727 288 14421
13467 144 7249
9627 17 891
9362 248 12413
10883 174 8712
8416 129 6476
10849 220 11028
10696 281 14093
12075 49 2497
9546 83 4159
9298 77 3866
9386 184 9244
11653 46 2333
10434 105 5278
9281 75 3796
10750 12 644
9437 30 1510
12039 109 5488
10610 270 13534
11274 12 601
10660 241 12062
9196 1 76
10822 68 3448
9668 12 605
11926 293 14662
9470 93 4673
10858 124 6228
12555 10 533
12383 7 389
8735 5 289
12029 27 1363
11514 32 1639
12504 159 7981
8957 233 11692
10756 10 527
9009 146 7335
13678 34 1707
12566 262 13147
8915 119 5954
12431 39 1982
10708 42 2138
9410 72 3633
10545 146 7349
11606 175 8783
12496 96 4816
12364 40 2017
11169 129 6491
11519 72 3629
9080 33 1660
9533 14 713
11884 265 13254
10692 103 5198
10545 145 7300
10837 142 7141
11926 122 6143
9511 325 16288
9238 128 6428
11924 8 450
9651 186 9313
9298 29 1470
9411 66 3307
11002 3 196
12383 3 181
9243 120 6022
11278 224 11220
8957 235 11792
11828 11 580
10800 21 1062
9243 120 6022
11786 285 14283
8695 7 373
9618 264 13235
12056 37 1888
8915 121 6077
12566 251 12594
9324 39 1968
11741 5 270
10748 65 3271
9427 153 7677
10520 81 4097
9024 44 2235
12497 13 688
12071 302 15111
9615 26 1341
11228 34 1704
9533 13 688
10660 326 16341
9675 2 133
11921 169 8468
9454 134 6718
11763 16 828
10623 18 928
9519 255 12784
10518 12 606
12004 193 9692
13623 116 5828
10837 144 7249
11214 54 2726
10773 85 4251
13467 144 7244
8994 162 8116
10848 111 5570
9404 125 6282
9345 62 3113
10520 73 3652
11738 184 9221
9483 217 10881
10483 57 2879
11726 233 11692
12066 140 7046
10811 48 2440
8416 128 6449
11896 9 458
9068 43 2172
10849 228 11406
9345 63 3177
13676 49 2485
9546 84 4235
9668 193 9656
13477 54 2729
10483 54 2748
10832 61 3063
10592 297 14860
11707 93 4693
9620 44 2236
8458 78 3919
10705 8 413
8934 47 2378
9615 25 1288
13623 82 4134
11924 8 424
8529 276 13830
10737 287 14370
11935 29 1482
10729 51 2581
12095 133 6653
9338 107 5391
9324 55 2771
8994 19 978
11707 101 5074
10434 114 5705
11963 171 8569
8468 56 2841
10849 229 11463
8750 217 10873
11872 227 11371
13586 0 31
9675 82 4119
10471 35 1768
11087 47 2362
11868 51 2574
12000 97 4886
11066 212 10640
9694 169 8469
8937 50 2538
11668 71 3595
11776 59 2971
11527 81 4079
9554 33 1687
9285 172 8609
8958 221 11086
10449 208 10437
13675 235 11800
10856 34 1721
11707 93 4693
10778 182 9118
9188 123 6198
11514 37 1876
8750 214 10722
12009 32 1610
8918 122 6120
8620 129 6497
11637 39 1978
12032 9 485
11601 200 10031
11512 87 4379
12544 19 990
9453 3 182
10599 114 5712
13454 19 977
9298 76 3802
11891 130 6549
8918 123 6165
8419 1 56
9195 241 12051
12079 100 5025
12066 41 2062
11866 71 3577
8711 0 30
13630 57 2874
8959 208 10432
11119 304 15206
11187 217 10856
11913 323 16196
11927 59 2957
10850 225 11274
8585 35 1778
11186 108 5439
9267 25 1261
11963 359 17993
9035 135 6774
10647 81 4100
10448 100 5028
10623 18 929
9390 7 372
11094 187 9376
8994 24 1242
11915 24 1202
10748 68 3444
13564 7 355
11724 6 307
11001 13 658
12543 131 6586
11741 102 5146
12079 61 3078
11998 134 6750
11619 3 196
13583 72 3648
11889 11 597
9298 79 3998
10569 4 235
10606 3 156
13626 82 4140
11776 105 5287
13683 10 530
9410 71 3569
9713 64 3214
11514 37 1855
9442 172 8618
9461 107 5367
9454 104 5222
8897 26 1324
8934 47 2367
11278 35 1776
8746 60 3018
11989 81 4087
11527 1 99
9567 156 7834
11187 230 11509
11111 92 4632
8579 21 1099
11847 74 3720
9668 118 5942
12404 29 1499
11891 156 7827
10520 81 4060
11196 63 3159
9457 85 4264
10921 243 12195
8683 203 10179
10696 234 11721
9405 12 610
12508 266 13323
13629 31 1599
12426 64 3228
11930 57 2859
11507 6 338
10705 166 8330
9709 7 360
9285 172 8627
8690 39 1990
11747 27 1380
11998 57 2877
13626 67 3376
11935 247 12396
8413 14 715
10850 197 9864
11963 2 123
9473 23 1188
10569 5 256
9072 127 6373
12508 266 13323
10883 125 6288
11564 108 5418
10580 222 11112
13676 84 4206
13583 178 8948
12449 83 4187
9442 4 229
13583 72 3630
8441 190 9545
10449 287 14375
10748 68 3444
9362 246 12304
11243 82 4112
10719 25 1289
9679 48 2435
11237 23 1152
10355 265 13286
8853 188 9411
10748 65 3291
12499 5 271
9369 34 1743
12039 84 4201
9457 86 4310
8859 17 862
10590 5 280
12364 40 2023
9344 245 12299
12039 99 4954
11887 77 3877
9196 0 46
9035 138 6909
13623 54 2723
9668 116 5815
11778 13 652
8762 282 14101
8994 24 1234
13662 81 4062
11821 71 3568
10756 75 3792
10647 81 4068
10756 10 547
11935 27 1394
9195 222 11149
11776 47 2366
13629 109 5467
11685 123 6157
8894 30 1547
8620 129 6498
10998 69 3494
11135 74 3709
11913 281 14072
8859 17 851
10850 23 1159
9090 138 6938
9717 310 15526
9321 90 4515
12504 149 7456
9210 254 12722
11508 183 9186
10434 95 4796
11492 3 173
9632 39 1975
11965 420 21004
9379 243 12193
10696 254 12740
10625 230 11511
9486 213 10673
10434 105 5254
9344 52 2624
9583 501 25063
9362 248 12404
13504 74 3730
11713 43 2189
10692 101 5070
11529 28 1434
9709 8 408
11943 236 11814
9326 37 1851
10846 121 6069
11833 88 4443
8799 11 556
11515 27 1389
10719 26 1331
8957 234 11739
12039 109 5486
10913 219 10990
8861 38 1925
9651 132 6609
12036 121 6086
10737 287 14388
10829 11 587
9225 129 6499
13463 22 1129
9651 129 6472
11529 243 12169
12383 3 182
11091 165 8284
8770 271 13551
13675 235 11796
10822 70 3529
11759 25 1292
11135 73 3700
10913 222 11115
12039 3 186
9068 105 5279
8416 80 4030
9563 268 13407
8853 199 9996
10441 126 6320
9196 3 162
11186 166 8340
9341 216 10810
11529 1 58
12025 86 4313
10390 63 3192
10449 127 6369
9639 218 10903
11842 15 788
10757 88 4446
13542 138 6937
9279 1 53
12543 308 15424
10755 126 6318
11841 19 972
9618 262 13114
8549 113 5699
12538 3 199
12091 367 18356
8958 186 9335
13692 71 3587
9454 104 5235
8746 59 2988
12543 131 6570
8996 290 14501
8433 202 10112
12036 112 5624
13623 54 2729
11779 55 2799
10592 298 14937
8707 7 394
8914 19 968
9583 277 13886
9713 65 3283
8963 21 1071
9238 131 6591
8433 32 1644
8433 202 10112
12504 149 7493
8447 58 2909
11727 288 14421
11565 84 4220
10729 51 2557
12023 23 1153
11508 160 8014
8862 133 6688
11593 4 212
12075 134 6725
11984 87 4394
8700 206 10346
9210 254 12722
11922 26 1327
11623 108 5411
12071 302 15137
11821 94 4746
10475 192 9646
10822 71 3570
9656 333 16663
12073 128 6444
9618 264 13201
13623 82 4134
9285 170 8505
13618 110 5534
8626 81 4075
10771 246 12314
12496 20 1002
9605 51 2589
9675 82 4115
10501 18 915
9438 34 1740
10683 155 7773
11792 11 554
8959 183 9153
10800 15 756
13623 116 5834
10590 42 2133
9470 48 2405
9605 71 3554
10647 81 4057
12145 73 3675
12145 73 3675
8541 24 1245
10672 68 3450
11292 6 348
8897 27 1371
11965 136 6802
10938 37 1865
10712 314 15706
9230 0 15
9094 4 206
8441 191 9567
11963 171 8577
10705 0 44
9041 83 4170
8905 50 2504
10551 117 5889
9327 11 591
11751 25 1256
10747 50 2513
9464 87 4394
12540 157 7899
10864 115 5766
13505 9 470
9511 324 16203
9438 93 4653
11878 224 11247
11529 291 14598
10800 15 756
10849 229 11488
8697 123 6152
8433 204 10210
8416 128 6450
10660 324 16209
8690 164 8215
11922 70 3535
8852 37 1892
11243 42 2134
10712 304 15245
11707 126 6314
9620 289 14483
11912 87 4391
12418 33 1693
10778 180 9004
11589 146 7305
8416 80 4033
9665 8 401
11861 38 1902
9444 327 16351
9068 104 5217
9080 30 1525
9364 25 1298
12377 5 288
8996 291 14575
8695 11 553
13683 19 999
9651 188 9450
10522 180 9009
12438 102 5143
11707 131 6576
8915 121 6077
9238 131 6593
12426 9 494
9463 91 4573
11673 29 1467
8996 290 14501
12486 74 3706
10545 146 7345
10757 102 5143
10906 205 10292
11878 10 527
9637 84 4218
8465 256 12814
11922 70 3505
8539 39 1999
9726 186 9340
11119 304 15232
12000 65 3283
9702 77 3854
11617 179 8973
10436 305 15290
10819 8 405
13542 153 7692
9457 86 4320
11589 59 2987
11779 6 333
9546 84 4216
11601 211 10597
12556 67 3357
12454 425 21252
11728 61 3056
8548 75 3752
10822 68 3407
11878 10 527
8894 84 4225
11878 224 11237
11774 30 1532
9583 500 25003
11776 146 7327
11150 5 293
11879 228 11448
9068 107 5385
11763 76 3811
12066 41 2069
11664 16 837
11514 22 1116
11002 3 170
11618 30 1528
10660 327 16354
9712 43 2151
9075 46 2329
13470 72 3636
13580 4 212
13639 83 4166
9669 190 9544
8714 152 7617
10905 110 5541
9583 281 14095
10716 144 7215
8909 43 2167
13678 118 5902
12497 13 688
10819 8 405
10838 47 2362
9030 121 6098
12070 313 15678
8579 24 1236
10819 6 326
13675 73 3683
10593 72 3631
11228 34 1717
13617 114 5729
11792 16 846
9239 149 7484
12517 239 11969
9535 57 2895
8666 55 2788
13565 35 1751
9704 118 5908
11779 269 13469
10906 205 10283
12520 12 647
9214 128 6436
13618 35 1787
12441 401 20064
10445 157 7852
9620 46 2345
11648 58 2919
8740 35 1763
11075 12 626
12077 166 8307
11741 26 1336
8897 28 1442
9519 263 13175
9632 128 6439
11169 129 6482
11930 79 3993
9632 118 5944
9394 125 6292
9075 48 2407
10773 113 5673
13580 58 2934
12542 19 951
11601 165 8274
9345 63 3177
9327 12 620
12066 41 2054
9354 39 1970
8740 35 1759
10624 192 9631
9545 218 10929
11933 101 5074
12554 86 4339
10848 110 5514
8853 201 10058
11913 137 6859
8416 128 6449
10747 18 917
9037 235 11785
9394 124 6232
13691 136 6832
11001 17 895
12566 232 11624
10844 73 3673
13537 1 90
8770 271 13551
12542 19 955
10437 141 7056
8859 15 758
12004 283 14173
12485 82 4136
11668 71 3591
11678 8 448
11972 21 1060
8697 123 6183
10390 62 3145
8626 81 4074
11913 288 14419
8508 6 324
10449 126 6317
11728 10 535
8918 123 6161
13688 7 352
11593 41 2071
8987 140 7039
11564 108 5406
10756 12 647
9345 60 3017
8620 131 6576
11619 3 196
11589 212 10607
10606 11 552
13477 40 2011
9037 236 11822
13635 72 3623
12000 97 4880
10819 7 355
10501 18 937
11727 296 14807
11977 30 1534
9344 244 12213
11830 39 1975
10906 205 10292
10547 69 3483
13683 19 956
10483 61 3051
9030 41 2093
9677 55 2753
9453 1 83
9632 60 3012
12556 8 413
12506 9 493
12066 274 13731
9239 149 7481
11119 309 15456
9035 139 6961
13626 45 2287
11194 1 86
11861 6 345
10672 68 3450
13623 97 4897
11601 200 10050
11935 63 3179
9681 80 4024
10748 65 3291
9515 98 4937
11707 134 6743
11741 36 1829
10434 21 1094
12449 147 7361
9470 45 2253
13678 118 5910
10716 119 5972
11080 103 5158
11747 3 181
12027 14 703
12077 166 8307
11763 234 11731
8707 6 307
11821 70 3539
10747 19 971
9461 109 5467
11878 224 11235
11618 42 2119
11589 146 7305
11508 29 1456
10822 66 3340
11924 8 410
13630 35 1785
11576 29 1483
10606 3 162
11527 7 389
8810 89 4467
9583 216 10804
9090 138 6938
9285 172 8609
9035 135 6767
11532 49 2489
10437 142 7114
11935 222 11132
11025 95 4775
9583 206 10323
8740 37 1894
11751 287 14379
11508 160 8040
9354 38 1946
11776 11 560
8419 5 266
10574 24 1249
13619 53 2683
10848 105 5286
10436 304 15229
11601 297 14864
13580 4 247
10858 127 6366
11648 58 2919
10590 43 2164
10449 206 10322
11707 146 7301
11527 108 5427
9411 65 3283
9639 215 10787
10719 25 1294
9344 88 4425
12556 67 3394
13561 114 5723
8852 50 2511
9632 128 6420
11085 2 141
9210 253 12660
8714 140 7007
10574 25 1270
8987 143 7157
11926 265 13275
10850 79 3955
13634 25 1298
12094 6 318
11965 420 21005
9601 125 6262
11970 78 3948
11738 250 12502
9607 40 2015
11935 222 11116
11182 87 4352
10883 125 6298
8669 12 619
11668 86 4335
10665 240 12008
8909 48 2430
9535 57 2875
10688 103 5157
9717 310 15545
10848 112 5615
8433 205 10282
13583 7 372
12066 41 2065
11885 82 4135
9080 31 1577
10819 6 332
11872 120 6048
10906 207 10377
11867 14 743
10590 41 2053
9516 325 16260
10906 128 6450
13695 40 2010
10660 200 10043
9464 83 4172
10609 142 7130
12079 61 3061
12543 308 15411
8996 288 14427
10483 54 2746
12046 94 4716
13552 57 2886
11887 88 4435
9713 67 3375
11135 74 3708
12418 33 1674
8697 122 6121
10545 146 7334
11921 138 6918
11957 71 3578
12505 87 4365
11664 119 5985
10906 221 11084
9386 18 938
9338 109 5470
11182 75 3792
10442 11 584
11589 59 2977
8620 128 6432
9379 241 12051
13565 67 3370
10998 42 2121
10747 50 2505
10574 24 1217
9030 121 6086
9694 170 8516
10848 112 5618
11921 252 12639
11879 40 2016
11657 13 664
10998 69 3494
10635 65 3258
11933 186 9318
11759 25 1264
9632 118 5921
8852 37 1886
11995 33 1653
13467 150 7520
12508 266 13348
12446 87 4368
13675 208 10407
11520 54 2729
11911 16 849
12508 266 13341
11135 74 3711
9243 120 6018
11512 87 4390
10646 97 4882
10688 83 4154
9656 333 16693
11707 134 6743
12542 164 8224
10665 240 12045
12070 130 6512
9651 132 6624
8433 191 9561
9651 130 6539
9247 42 2114
11186 108 5418
11712 1 61
9065 82 4131
9618 264 13201
10822 66 3326
13564 7 360
9702 89 4464
8914 18 913
9384 55 2767
11751 150 7529
8419 3 155
10574 25 1269
12506 9 493
8448 134 6714
13661 9 495
12039 3 187
8909 43 2191
9542 297 14890
8957 233 11658
13676 49 2461
13542 153 7700
11505 29 1460
9410 73 3665
10712 307 15357
11965 383 19159
11632 4 240
9326 36 1814
10501 18 938
8508 7 358
8529 137 6890
10696 234 11705
8698 84 4247
12025 86 4321
11589 210 10519
8419 4 214
12070 24 1237
9395 346 17315
11134 78 3934
8419 1 97
8859 14 707
12557 71 3585
10353 0 16
9704 117 5873
9615 25 1288
11879 228 11448
10434 104 5229
12383 64 3237
9675 1 65
10850 23 1159
10625 231 11592
10489 48 2439
10648 53 2676
8589 168 8450
10569 4 231
9463 92 4623
12466 39 1996
11868 66 3348
12392 19 990
8562 154 7719
11623 108 5406
12379 11 591
12442 179 8990
11751 282 14135
8959 208 10432
11991 10 548
12566 262 13138
12377 5 265
11841 25 1254
12036 121 6086
11182 87 4359
12079 10 529
9195 224 11239
11867 109 5494
9694 168 8440
8852 50 2528
11741 40 2013
9500 6 348
11830 133 6652
10972 57 2851
8690 164 8225
9195 225 11277
9298 27 1380
9620 44 2217
8957 235 11792
12543 308 15434
10950 19 988
12036 115 5788
10611 99 4953
13618 31 1562
10846 121 6069
13583 72 3624
10765 12 643
13629 229 11488
9713 66 3308
12070 163 8181
9679 44 2250
10592 182 9104
12145 191 9574
8897 25 1296
11721 1 93
12066 41 2085
9080 30 1534
10858 128 6403
11259 16 832
8549 113 5651
8964 184 9231
11738 171 8580
9439 115 5760
11884 261 13056
13623 116 5817
12496 96 4809
9679 106 5331
11601 1 88
13661 81 4059
9677 54 2749
10712 316 15841
11842 41 2078
12145 191 9597
10660 325 16289
11678 32 1635
10592 183 9162
9675 2 133
9394 126 6323
9632 128 6420
12446 21 1072
9464 87 4362
11957 71 3585
10848 110 5545
13667 2 110
11993 0 5
10846 123 6179
10837 142 7120
11972 148 7420
13662 132 6616
12554 86 4327
8799 12 643
11614 6 341
10748 65 3274
10449 127 6398
9024 44 2207
12508 140 7036
12364 111 5571
11274 12 601
11751 220 11034
10449 127 6369
9438 34 1740
11957 71 3566
12404 55 2762
10925 56 2806
9267 24 1209
8902 35 1777
10672 68 3442
10551 117 5881
9267 24 1209
8782 16 815
9704 118 5924
11833 80 4035
11830 114 5710
12009 32 1610
10848 110 5534
11963 79 3969
9238 128 6428
10925 124 6231
8918 122 6126
8746 85 4275
12485 117 5890
11751 25 1300
8915 114 5729
9545 181 9075
10813 70 3542
9679 105 5298
12073 24 1224
8859 15 782
11514 32 1636
11824 9 479
12023 23 1200
11629 52 2627
11745 15 790
9500 391 19594
11923 146 7346
13695 40 2025
13658 11 569
9542 293 14669
8687 190 9549
8460 227 11386
11707 53 2696
9470 94 4710
9390 7 374
8695 22 1105
12004 113 5687
8701 225 11287
8762 283 14178
10883 216 10812
12005 89 4490
8735 4 247
9583 277 13863
9394 128 6421
10660 241 12066
9404 127 6378
11972 147 7381
9028 6 315
10517 29 1460
11926 6 350
9345 208 10408
11648 58 2934
10931 103 5160
9632 118 5944
9386 255 12800
13536 74 3713
10609 141 7054
10850 225 11291
10640 28 1421
12039 272 13643
11728 336 16832
10635 67 3359
11094 115 5782
9324 80 4024
8702 198 9913
11763 108 5424
10599 114 5719
11025 95 4775
11741 26 1336
11792 11 554
8416 80 4030
9567 158 7931
11673 43 2171
9061 53 2685
8922 21 1065
13527 24 1225
9726 184 9220
12054 152 7638
11991 71 3552
9444 327 16387
13470 95 4790
11088 4 210
10737 289 14490
10434 21 1075
8669 12 631
13616 245 12282
8690 163 8167
10850 78 3934
10593 72 3644
10475 187 9355
11879 311 15588
9583 278 13908
11182 171 8551
8914 20 1015
8915 118 5950
11779 227 11380
8419 3 190
9516 249 12483
10592 296 14818
11726 161 8094
8468 55 2751
8458 78 3939
13619 53 2667
9464 85 4299
8936 114 5712
12073 65 3295
12039 201 10087
8746 59 2961
9627 16 833
9217 22 1107
8433 204 10235
10711 101 5091
10646 96 4820
11738 246 12327
12565 170 8535
11096 113 5671
13565 35 1760
13477 99 4977
13621 40 2034
10520 81 4097
12369 58 2943
10522 181 9078
10848 105 5269
10449 126 6336
8746 208 10414
10578 13 675
8987 141 7057
9618 263 13173
11001 17 889
11601 200 10024
10837 143 7199
13658 11 569
13477 38 1924
9341 216 10845
10931 106 5319
10756 80 4015
8409 19 995
13477 38 1918
10727 120 6015
10804 91 4552
11243 82 4133
12056 330 16532
8750 216 10822
10520 213 10656
10501 39 1999
13491 59 2980
8690 39 1983
12441 113 5682
8695 7 374
13538 13 682
10624 193 9700
9669 189 9466
11926 6 305
8959 207 10393
10483 58 2919
12540 12 607
11779 6 333
10716 143 7196
12425 38 1942
10756 10 547
11558 5 275
12549 96 4847
9453 4 208
11691 38 1916
11845 29 1493
9704 119 5959
8416 106 5348
11515 27 1389
8548 105 5278
10475 192 9646
10747 17 886
11913 318 15923
8936 111 5584
13617 114 5729
10858 124 6248
9326 37 1887
8963 61 3063
9677 55 2795
13548 4 242
10765 12 638
13552 57 2879
11943 121 6094
11776 146 7326
9563 391 19591
11963 2 123
8695 9 457
10821 13 676
10624 267 13352
9675 0 1
10771 246 12344
10471 35 1799
8589 168 8449
9090 136 6836
