14096 66 3337
17410 60 3035
16172 121 6095
17087 45 2282
18527 279 13978
17467 5 263
14801 30 1513
15785 256 12827
18673 47 2373
17138 102 5106
16960 3 187
17137 3 151
17251 180 9036
15339 262 13107
14335 160 8008
15801 487 24389
17177 26 1306
18021 188 9432
16172 32 1632
18233 171 8577
18615 319 15957
17791 48 2445
18794 162 8149
18764 42 2115
15593 178 8926
13779 223 11151
15154 65 3261
16118 79 3963
13763 254 12701
14768 115 5778
16821 195 9751
13708 85 4266
16741 82 4150
17684 44 2222
15396 38 1948
15174 204 10202
17998 145 7287
17652 50 2501
16867 100 5017
17053 113 5684
14873 249 12468
17696 53 2680
18044 230 11543
17869 180 9042
16935 188 9430
16544 117 5896
17840 369 18480
16172 413 20671
14024 24 1235
18685 29 1456
16759 7 393
13787 23 1177
18021 438 21935
15149 22 1132
17965 263 13160
17240 512 25612
13950 180 9029
13982 100 5044
15794 119 5971
15433 170 8506
17169 6 309
15931 521 26051
13957 2 126
17620 69 3474
18692 299 14974
18733 41 2070
18958 10 516
14191 204 10228
14981 63 3181
15456 100 5013
14543 103 5171
13907 16 808
17169 246 12344
17686 274 13750
14582 1 65
14063 245 12264
16499 224 11221
16894 89 4478
18218 160 8003
14067 30 1518
17726 74 3739
18954 250 12519
14067 192 9607
18733 41 2070
14583 28 1415
14067 100 5034
18244 35 1774
16891 10 549
17955 49 2461
17407 105 5279
17666 50 2527
16341 416 20825
14122 45 2281
14357 5 289
13937 40 2015
15116 281 14055
18497 351 17568
14914 250 12532
16540 15 789
15136 92 4635
17869 44 2219
15473 57 2881
14749 4 215
17033 70 3545
16075 283 14195
14342 288 14421
17861 396 19806
16847 4 203
15440 44 2216
17514 3 169
18026 166 8335
15099 34 1704
15900 138 6912
18753 124 6224
14124 108 5424
13861 125 6275
17177 23 1153
15916 233 11658
15862 5 288
15430 57 2895
16221 28 1418
14549 217 10872
15959 78 3947
14335 160 8008
18935 95 4799
13721 60 3006
15456 184 9214
17521 25 1277
17973 27 1365
13791 97 4896
14030 74 3713
15762 100 5005
18527 674 33705
15851 19 995
15961 391 19556
17630 96 4848
13807 25 1275
14764 63 3172
13970 8 419
13945 178 8901
14067 192 9607
14568 25 1287
18765 183 9189
15315 6 336
15909 36 1838
18615 438 21945
14007 29 1494
17830 25 1286
15274 35 1789
18714 165 8281
15785 59 2984
17727 22 1148
14080 140 7049
13702 58 2937
17686 274 13727
14372 83 4196
17667 85 4288
13714 113 5666
17344 118 5927
14686 79 3998
14040 28 1439
18286 111 5591
18005 180 9048
16101 69 3452
18218 160 8003
15436 119 5984
18615 438 21945
14764 63 3160
13708 55 2796
15986 234 11713
16891 131 6594
17398 246 12330
13708 2 118
16776 222 11135
17851 58 2919
14901 200 10039
16947 129 6469
18692 139 6968
17144 22 1133
18685 182 9105
16162 71 3586
18795 235 11792
13982 34 1710
16221 23 1183
14924 93 4652
14186 75 3764
15873 256 12818
13913 91 4572
17482 77 3894
16112 474 23723
17727 36 1849
17004 9 475
18954 115 5797
18923 474 23725
17325 5 260
17186 2 119
15099 26 1331
17956 128 6449
14220 43 2185
15783 167 8382
16845 199 9971
17132 182 9147
14372 248 12448
15415 225 11269
13715 92 4613
13732 99 4966
15397 57 2897
17243 84 4214
18935 391 19583
18225 79 3994
14390 122 6124
14357 5 289
16826 362 18103
17691 55 2763
15252 34 1728
18032 175 8798
17458 55 2787
15174 204 10202
16778 113 5673
16424 135 6782
17560 138 6941
18794 52 2649
14975 63 3161
15322 137 6882
14771 214 10721
13907 16 837
18244 284 14202
17695 1 91
14549 106 5301
14873 249 12468
17853 2 119
14802 286 14340
16852 94 4729
17365 29 1487
15427 8 426
17451 311 15578
13709 30 1548
13732 99 4961
14549 141 7053
15098 57 2880
13803 16 838
15391 201 10077
14924 135 6790
15900 143 7186
17763 12 637
17651 6 308
15682 106 5305
17648 12 630
16743 21 1061
15762 296 14813
13970 5 255
13896 70 3550
14924 39 1954
14902 135 6765
13791 195 9751
15909 36 1838
15254 143 7166
17667 9 482
17217 68 3433
17098 64 3206
14186 15 779
16356 17 862
13897 39 1987
17271 12 614
15877 26 1313
16222 54 2733
14597 70 3547
14597 70 3547
16006 476 23804
18225 79 3957
14766 7 358
14205 27 1364
16906 84 4211
16741 116 5850
14985 64 3222
16852 178 8930
15130 70 3521
18603 170 8539
15888 24 1219
16446 192 9604
16504 149 7457
18954 328 16431
14924 147 7362
14543 132 6635
13913 66 3342
16036 318 15910
14924 229 11461
14293 252 12627
13725 126 6349
17648 50 2549
13714 113 5666
18021 222 11146
13762 57 2894
15730 0 11
17745 16 844
18242 15 775
18007 76 3801
18286 78 3911
15114 98 4928
17029 179 8999
15507 4 226
14555 157 7857
15595 13 682
18282 94 4704
13895 42 2124
15106 240 12037
17662 57 2865
17195 32 1616
16378 39 1962
16749 79 3986
14580 143 7158
13762 260 13050
16150 92 4618
15927 84 4248
13970 5 255
13707 126 6305
17978 119 5961
18938 4 205
17592 93 4675
14882 57 2859
14453 139 6969
15350 197 9881
16776 222 11124
15118 186 9339
15783 213 10695
14458 84 4213
16169 220 11036
15061 71 3565
14592 69 3490
14043 20 1030
15242 182 9106
15111 71 3568
14436 215 10788
14209 22 1111
17451 23 1153
18031 291 14558
15785 155 7780
14007 84 4216
15222 54 2720
14912 134 6731
15593 178 8934
18923 243 12185
15701 332 16623
17344 118 5927
15900 138 6912
14293 70 3516
17986 227 11391
14550 288 14424
16776 222 11128
18935 257 12862
17973 36 1807
16874 443 22196
18741 27 1397
18794 52 2643
14310 1 57
18938 17 895
17851 34 1706
17126 118 5904
18226 215 10793
17030 93 4674
16112 487 24355
18935 71 3575
17503 247 12383
13714 25 1283
16540 1 76
17763 42 2118
18032 250 12517
15345 148 7427
14319 18 901
18646 48 2444
14801 240 12035
17239 266 13322
16109 148 7414
17369 24 1245
17302 78 3918
18244 263 13189
17521 37 1865
14545 112 5628
15507 2 123
15099 151 7583
18032 270 13504
17034 64 3203
14725 118 5902
18463 177 8888
13792 118 5915
14545 6 318
16094 46 2330
17871 25 1252
13913 55 2792
17662 57 2889
14080 205 10275
17858 64 3234
13763 132 6611
15862 180 9040
17545 10 501
18286 97 4868
15828 249 12493
15382 78 3942
14539 50 2511
14171 17 900
14551 41 2097
15966 347 17363
18779 86 4345
13895 62 3128
18202 89 4459
13762 260 13048
15486 227 11386
13732 99 4961
17869 44 2244
15915 180 9018
15923 367 18372
18218 300 15001
14220 18 938
15469 271 13563
14423 19 967
16529 33 1660
15588 297 14857
18018 78 3902
13911 140 7025
14392 214 10717
14873 291 14582
14146 12 633
14592 49 2462
14580 23 1180
18953 260 13003
17661 50 2530
17620 69 3474
14112 90 4543
16205 122 6103
18719 179 8966
15828 443 22172
14080 205 10262
14418 139 6967
15116 282 14141
17598 18 917
18202 89 4459
18021 429 21489
15257 127 6389
13913 199 9962
17974 165 8267
16750 1 95
15177 20 1020
15969 105 5288
14030 104 5209
17407 141 7092
18699 161 8089
17521 84 4206
18699 161 8060
17990 82 4142
17108 25 1259
18028 66 3340
16853 0 21
16038 192 9601
17840 362 18129
17091 45 2266
16731 165 8281
15106 208 10433
14985 10 538
15409 6 337
16529 33 1660
14009 63 3197
14438 74 3721
16172 85 4294
16199 444 22210
13791 148 7430
15960 128 6442
16906 32 1619
17974 264 13213
18935 31 1583
14639 39 1988
17493 95 4794
18955 222 11105
17497 197 9868
18733 25 1262
17164 112 5639
15457 194 9707
16158 6 323
17545 10 501
15257 170 8510
17611 105 5269
14436 300 15049
18026 166 8335
17524 54 2715
16726 16 821
16935 101 5055
15492 28 1429
17401 98 4942
17985 149 7488
17678 6 340
17541 18 945
14291 24 1201
17095 16 830
16802 234 11739
16965 69 3464
14451 15 799
14246 116 5830
16173 201 10093
13709 18 912
17367 18 911
15783 343 17167
15469 273 13666
18018 43 2152
18954 115 5758
18692 78 3938
17655 393 19654
17479 6 315
15463 246 12350
18678 302 15150
17524 101 5095
18218 300 15001
17849 168 8425
16540 15 760
15395 95 4751
15403 149 7474
16962 191 9562
17435 16 831
15382 239 11974
18242 162 8140
17524 126 6312
18692 299 14987
14186 15 779
16281 85 4270
14729 29 1472
15103 106 5341
16121 31 1574
17972 39 1951
14093 182 9122
14590 60 3012
15794 119 5971
14306 145 7296
18469 145 7285
18039 12 639
14541 167 8386
15411 119 6000
14108 112 5625
16891 243 12171
15851 19 968
15636 13 684
16875 22 1102
15828 367 18362
18760 150 7504
17231 90 4509
18286 58 2914
18010 225 11255
17349 19 990
18005 112 5637
14766 22 1148
13979 20 1004
15464 162 8111
14121 47 2360
15682 28 1438
16158 108 5402
17726 15 774
14641 193 9679
17739 19 966
14392 88 4443
14107 89 4458
17206 332 16630
14319 18 934
15252 20 1011
14093 136 6838
17641 31 1561
18795 235 11792
17847 57 2873
14726 29 1487
18933 66 3309
18044 329 16458
15588 354 17744
18492 323 16177
13965 7 377
16679 64 3240
15894 185 9260
18021 454 22746
14428 188 9432
16726 85 4270
15916 207 10366
18910 157 7877
14335 160 8008
15079 15 795
15416 77 3894
18021 283 14156
15762 63 3160
18733 41 2070
15166 350 17542
17724 14 734
15128 229 11498
16158 66 3307
15222 94 4714
17451 311 15592
18760 149 7496
18261 4 245
15423 38 1941
14229 61 3080
18469 185 9290
14413 2 111
15701 218 10927
17853 7 400
15527 19 996
17482 112 5613
15339 28 1433
14726 94 4714
14729 133 6687
15961 188 9436
18631 54 2722
15902 436 21828
15590 71 3584
15867 145 7265
17578 2 140
18910 88 4402
18947 143 7184
17387 40 2002
17783 111 5577
18929 173 8680
17985 225 11272
15927 320 16035
15151 283 14189
14093 182 9137
16726 187 9375
14788 49 2476
14993 66 3308
14067 161 8094
14446 18 912
14611 182 9120
13745 119 5996
18496 78 3947
14743 44 2201
14044 32 1646
14026 39 1966
16894 224 11211
14749 209 10466
16101 102 5129
18021 655 32791
18044 452 22615
15783 233 11683
17661 78 3908
15799 193 9683
16286 473 23688
15242 182 9121
17132 225 11291
17352 290 14528
14611 182 9129
18235 236 11827
15166 149 7461
17667 246 12336
15491 270 13510
14334 72 3622
17851 58 2924
16222 54 2722
16075 341 17073
17731 20 1008
17963 53 2699
14080 240 12026
14038 107 5396
17851 113 5684
17524 137 6873
17220 23 1199
13897 37 1883
17379 24 1202
16228 219 10978
18024 366 18343
13936 23 1170
18218 62 3144
15004 12 624
15976 72 3606
15166 247 12364
14788 49 2488
18244 163 8164
17210 229 11463
17169 101 5071
14335 232 11643
17683 89 4483
17166 8 434
14372 138 6947
17055 202 10125
16340 422 21147
14067 156 7849
18497 328 16403
16387 45 2275
18057 137 6877
13799 30 1520
17398 246 12330
15179 22 1102
13780 143 7156
14726 29 1487
16524 112 5615
18923 408 20425
15961 188 9429
18032 242 12136
15179 132 6640
14291 25 1268
15783 362 18108
14455 95 4791
16168 44 2237
18685 238 11921
15915 129 6466
18244 279 13973
14446 15 766
15828 292 14624
16172 465 23283
13725 126 6349
15859 180 9042
18953 316 15848
18692 299 14974
14936 23 1175
15762 147 7376
17146 13 654
15339 126 6347
17316 115 5753
17858 64 3201
17978 221 11070
17307 4 209
13862 79 3975
13862 174 8708
17090 64 3246
16168 42 2114
14814 114 5702
16584 94 4709
14431 41 2094
16150 209 10472
18235 41 2075
18238 255 12763
16106 53 2682
15397 219 10977
16188 32 1615
13732 99 4966
16962 10 547
14986 104 5241
13861 127 6385
14059 84 4215
15160 258 12922
17206 486 24319
15161 186 9317
14789 112 5619
16286 89 4469
17986 186 9348
14977 15 789
16112 207 10388
18928 35 1760
16021 219 10980
17655 410 20528
15017 87 4371
14549 83 4200
15339 180 9006
17186 32 1631
15106 17 872
17965 265 13254
16023 462 23148
17204 108 5409
18034 86 4311
16466 56 2849
14068 93 4674
15074 15 782
14205 12 642
16778 73 3674
17990 129 6490
17108 25 1288
17978 123 6197
17521 25 1277
15386 23 1184
16976 36 1838
18653 258 12934
13739 21 1055
17231 57 2882
17137 146 7304
17504 31 1590
15116 281 14055
16852 316 15830
14998 67 3385
16089 372 18641
17561 3 183
18765 320 16042
17684 75 3780
13791 8 443
13935 227 11399
17338 56 2824
16845 86 4320
15167 9 498
18021 373 18675
13767 91 4583
15125 174 8736
13763 93 4674
17177 10 516
15397 226 11350
18527 674 33741
13732 33 1671
14784 9 488
16060 173 8676
18699 161 8089
17987 38 1904
18903 356 17811
15469 281 14058
14282 2 147
16579 51 2598
17724 14 720
13950 21 1083
16094 534 26705
14293 63 3169
16271 82 4134
15111 47 2382
17344 118 5913
17314 66 3315
14165 70 3505
14458 37 1861
17596 47 2355
16753 112 5611
17030 44 2213
13792 100 5023
13780 143 7156
17255 43 2168
16867 276 13827
15183 40 2047
13937 60 3014
16444 83 4154
15395 29 1492
17631 7 376
16250 17 898
16847 0 34
16281 74 3718
18495 102 5141
15086 184 9239
16101 81 4060
18021 283 14193
16205 314 15722
18488 314 15706
14760 3 166
17306 68 3432
15250 73 3691
15382 78 3942
15877 87 4365
17125 37 1877
14556 130 6501
18760 150 7503
18267 3 166
14319 5 268
18495 105 5256
18931 50 2528
14590 92 4617
13913 91 4562
15423 41 2051
17986 72 3617
13913 55 2792
16228 40 2033
16845 140 7006
18495 102 5141
13861 125 6291
14829 4 208
14569 77 3897
17303 32 1632
18035 183 9151
17722 121 6094
17108 32 1644
15952 74 3719
17596 47 2379
17965 255 12794
13714 50 2528
18244 98 4934
17169 322 16141
14453 107 5381
18657 37 1852
18010 225 11255
14639 39 1988
16226 66 3303
14975 102 5141
15923 326 16347
18515 57 2895
18034 62 3116
15128 145 7277
17684 44 2228
13982 109 5469
15636 0 23
18048 379 18997
18010 225 11255
17620 13 652
16172 471 23589
17126 7 370
16094 534 26719
16134 166 8319
14816 152 7614
14555 141 7051
14749 191 9597
17990 444 22220
14026 90 4540
15592 222 11106
18044 230 11511
17544 8 433
17978 135 6782
16875 22 1102
18233 73 3655
15697 29 1471
18245 199 9975
17383 412 20607
17521 50 2510
15774 343 17154
15397 152 7627
17383 512 25638
15322 149 7475
15440 26 1320
15851 92 4626
17726 51 2568
14306 198 9910
18286 111 5562
14409 155 7777
18052 49 2465
17739 19 966
16894 12 633
18685 501 25094
17684 154 7731
16387 45 2275
16422 20 1029
15923 344 17214
14080 181 9051
14165 54 2749
13921 47 2358
14553 294 14748
17754 75 3777
16446 282 14121
17131 192 9602
18574 340 17017
14259 82 4103
16471 46 2314
18678 317 15895
18228 182 9130
16513 15 772
15392 114 5713
15154 74 3719
16222 12 625
15339 177 8899
14121 183 9161
16491 14 722
15762 149 7472
17724 53 2656
18489 219 10983
17367 133 6665
15507 5 300
14939 67 3379
14257 237 11853
17089 49 2462
17545 36 1802
16315 59 2962
16726 16 821
15128 229 11498
14530 8 446
17077 61 3086
18497 206 10345
13799 30 1520
18922 574 28707
17529 22 1123
14543 221 11075
15952 132 6646
16910 171 8600
16894 5 286
16339 159 7962
18225 24 1208
16226 66 3303
18753 138 6906
14580 9 493
15882 198 9914
15099 118 5948
17724 34 1747
17169 298 14924
15315 30 1549
13950 180 9029
14401 91 4569
16960 47 2400
17849 103 5195
18923 416 20828
15116 282 14141
17210 229 11487
15592 8 443
16950 84 4214
13799 40 2034
15479 75 3755
14549 217 10888
15527 3 194
16676 260 13029
13736 51 2597
15931 0 10
17325 5 260
18228 187 9380
17089 121 6057
14186 194 9726
14122 36 1806
17500 67 3381
15828 302 15114
15590 171 8554
14802 301 15051
17029 99 4998
18678 338 16902
15314 47 2367
17960 207 10385
17087 361 18080
17726 51 2558
18482 25 1254
16679 12 622
15167 20 1034
14392 96 4815
18935 383 19168
14455 147 7355
18933 95 4766
18918 139 6978
17726 126 6350
15486 160 8050
15397 152 7627
16073 105 5281
17596 47 2379
17727 38 1909
14558 55 2763
17132 205 10267
16119 186 9314
18724 19 984
16169 78 3938
14036 12 622
14553 294 14748
13715 92 4601
16551 328 16431
17696 53 2695
17196 56 2841
13721 60 3028
17354 40 2032
13940 16 803
14807 239 11997
14901 7 396
13763 93 4674
18005 180 9028
17383 412 20602
17755 14 737
16529 91 4598
13791 54 2723
14067 47 2373
15339 180 9021
14107 72 3619
17686 274 13750
18031 274 13726
18910 132 6624
16317 86 4317
15882 198 9914
16112 0 36
17144 101 5099
16411 208 10432
17217 70 3549
17578 11 558
14014 162 8140
17793 41 2064
17521 50 2510
18731 109 5469
15766 15 775
17840 200 10035
16965 123 6184
17975 52 2634
14619 151 7597
16506 5 257
18225 492 24613
14739 5 292
16877 11 570
17851 173 8673
18733 41 2079
16315 59 2969
16588 195 9778
15867 10 511
18733 47 2386
13720 10 512
15339 0 34
17087 4 229
16013 212 10617
16205 259 12966
14413 2 111
14985 30 1536
17328 29 1451
18218 111 5565
14446 11 573
14464 66 3325
15952 134 6704
17322 53 2655
16159 150 7516
18748 151 7573
14874 133 6691
14715 34 1739
15915 129 6490
16119 463 23166
17874 3 197
17667 246 12336
17166 7 355
17137 215 10795
14096 91 4580
16169 362 18106
14455 38 1907
14363 34 1707
17846 131 6560
15426 83 4151
14542 289 14455
15507 2 123
14939 60 3013
17591 67 3384
13970 29 1484
15877 245 12294
17667 71 3598
18031 262 13139
16411 11 566
16891 243 12191
18779 77 3881
17307 17 896
15780 136 6812
18463 177 8887
18771 50 2506
15880 26 1325
18005 199 9982
16028 421 21100
15396 145 7295
17793 41 2088
18782 39 1965
15862 287 14383
16576 37 1896
14543 103 5154
14313 270 13515
14438 178 8904
15931 521 26051
17726 15 753
18466 48 2436
17196 55 2782
17987 76 3828
14375 133 6683
18724 33 1677
14981 117 5863
14882 92 4634
17974 255 12761
18218 216 10820
14220 43 2185
17755 14 737
17164 112 5639
15923 344 17214
13929 0 28
15111 71 3597
18955 117 5851
15970 93 4665
17048 72 3640
15792 76 3822
14550 280 14006
14212 184 9213
18678 309 15489
17661 29 1458
13762 27 1386
17128 108 5401
13767 46 2305
16499 188 9447
18054 15 781
16348 98 4935
14229 7 400
14690 21 1096
14725 122 6134
14882 43 2171
18793 40 2015
18021 637 31896
14603 88 4419
17030 93 4674
14446 11 552
13736 51 2587
17004 240 12001
16826 362 18103
14067 58 2904
15806 121 6080
18903 356 17811
16051 85 4262
13707 121 6087
18713 14 747
17514 3 169
18218 185 9255
18615 438 21945
16222 145 7251
13929 10 508
18615 438 21945
15257 3 191
15828 302 15114
17987 18 941
14458 25 1295
13935 227 11367
18923 162 8134
14631 27 1362
15074 15 782
17545 59 2993
15125 67 3362
17621 175 8796
17078 65 3289
14582 60 3031
18228 189 9475
14030 58 2921
17655 271 13587
18286 33 1673
14079 166 8333
16962 101 5087
18760 317 15862
15382 239 11974
18021 386 19342
18927 61 3094
14038 64 3236
14040 28 1427
14108 88 4426
18039 55 2800
18021 422 21124
17034 64 3203
17208 159 7991
18048 406 20348
18953 260 13003
14220 39 1962
15640 144 7207
16750 92 4638
15961 391 19556
17849 118 5901
18031 291 14597
17986 10 510
18794 362 18144
13745 39 1967
15179 22 1117
14592 81 4085
17578 12 605
16028 421 21100
15701 255 12789
16778 77 3852
15430 70 3530
16506 124 6243
13805 282 14127
15103 225 11286
16424 305 15286
14327 26 1337
15130 37 1879
15360 23 1181
16158 32 1619
18713 4 215
14257 237 11854
17560 100 5005
14816 152 7611
14553 292 14616
17693 42 2116
15395 95 4783
14965 141 7064
14107 89 4476
14901 7 396
14186 15 779
14784 6 327
14436 300 15049
15386 23 1184
16852 70 3501
17043 98 4902
14559 282 14105
13803 195 9797
13896 24 1219
14038 37 1872
13763 14 750
14152 47 2354
18794 112 5603
17144 118 5918
14271 253 12693
17091 27 1395
18701 21 1082
17087 317 15874
17090 64 3246
18615 231 11567
18712 409 20494
14024 10 522
14059 84 4213
18882 58 2905
14007 121 6098
17521 20 1027
18765 60 3016
14281 158 7902
14186 207 10352
13714 40 2013
17722 121 6069
14464 84 4219
16946 130 6508
14535 109 5472
15486 320 16002
17846 131 6580
18765 320 16019
16529 36 1841
18516 372 18637
16906 32 1644
18954 271 13591
17401 8 431
17684 150 7516
16121 75 3781
17955 68 3419
13940 16 835
17692 190 9532
14802 70 3539
18225 449 22454
16021 478 23943
14220 25 1258
14743 187 9364
15382 20 1044
15103 12 620
14772 142 7132
17503 128 6414
17410 2 141
15851 92 4626
14959 31 1580
17169 23 1188
15115 126 6330
18272 29 1477
17996 103 5172
15017 122 6128
15634 126 6312
17186 32 1631
15846 112 5635
18760 191 9595
15099 15 783
17489 147 7356
17851 58 2919
14555 141 7051
17693 153 7667
15492 4 232
14789 122 6107
17975 72 3603
15061 71 3565
14828 198 9910
18794 162 8142
17727 25 1278
13876 260 13011
13865 89 4494
17478 87 4382
13715 53 2674
16843 299 14996
17034 221 11096
14729 115 5752
17684 150 7516
15350 239 11960
13895 78 3938
17592 76 3804
16228 230 11521
18005 199 9972
18021 260 13001
14632 102 5108
14743 187 9364
13929 12 650
18488 559 27979
17029 179 8999
17615 4 218
16935 364 18243
18922 15 782
15057 122 6132
14924 135 6787
18918 116 5824
17226 34 1715
18496 12 647
15713 294 14713
16906 46 2328
15397 219 10969
13935 227 11399
18714 179 8996
15466 256 12837
16172 27 1367
18024 291 14557
17467 80 4032
17169 383 19157
16726 187 9375
14763 30 1531
17497 160 8006
18024 366 18343
14551 204 10239
14760 149 7451
17243 84 4241
15766 36 1815
18646 78 3944
17500 18 918
15291 266 13305
17963 66 3319
17985 229 11488
15969 105 5288
16524 389 19498
17162 177 8894
14059 84 4213
17693 82 4125
17036 433 21699
16061 7 387
17030 44 2213
16891 154 7712
18673 105 5254
18665 329 16456
18218 160 8003
17309 43 2168
16529 33 1660
17869 44 2244
16226 18 934
17653 30 1530
15701 218 10927
16752 10 501
14981 135 6796
14007 121 6068
14399 145 7286
16847 0 34
18235 182 9108
18954 3 160
17630 23 1180
16109 148 7414
14058 65 3273
18031 274 13737
14000 57 2857
14726 60 3050
18035 41 2073
14550 301 15100
17701 2 108
17726 74 3726
16679 12 624
15751 52 2629
17053 113 5678
17087 45 2276
18794 56 2843
16962 290 14507
15417 2 114
17683 89 4483
16169 100 5011
15257 6 303
13714 25 1283
15353 170 8541
18954 3 160
16286 473 23696
15061 122 6102
15961 71 3562
15517 46 2309
18959 39 1985
13767 11 596
17521 18 907
15682 99 4993
16994 37 1869
14067 57 2885
17206 388 19450
17144 14 725
18044 230 11543
17344 118 5913
18882 119 5962
14103 75 3774
18677 142 7149
17383 444 22219
14924 146 7337
17853 7 400
14912 75 3773
18034 86 4311
14203 18 950
16753 112 5643
15099 35 1754
13895 42 2127
13937 40 2015
16778 77 3852
18685 9 453
15426 151 7552
14377 130 6547
15161 79 3966
15527 12 625
15410 77 3872
16852 70 3523
14205 12 642
16852 197 9872
17871 250 12539
18793 60 3003
14729 178 8910
16584 94 4709
15792 222 11148
16506 5 295
15398 372 18628
18673 47 2352
18753 57 2852
15086 30 1505
14530 8 422
17243 78 3907
18057 137 6877
18488 560 28039
17853 186 9345
15397 53 2678
18577 291 14576
16162 72 3624
16752 10 501
16052 208 10431
18502 11 569
15634 158 7931
15412 167 8382
14535 109 5472
18910 157 7877
17451 326 16331
17213 81 4063
14975 78 3903
14319 18 934
16109 148 7431
14583 69 3486
14784 57 2860
17998 3 185
17648 10 521
18488 314 15706
17240 243 12169
13982 109 5499
17044 10 523
18032 261 13065
14062 263 13194
15155 34 1719
15801 140 7032
13865 113 5661
14123 39 1989
17983 27 1363
16147 327 16393
18645 40 2041
17663 21 1095
18267 40 2019
16845 113 5675
17726 83 4171
15252 14 731
16877 24 1215
14901 310 15514
15291 319 15953
14464 124 6202
15966 18 906
18765 60 3006
18282 94 4725
17210 230 11541
14582 1 65
15800 48 2429
18603 170 8534
14157 60 3039
15785 155 7776
15851 92 4621
15634 126 6312
18024 573 28681
16858 173 8695
13913 66 3342
17524 127 6383
17563 79 3968
16891 131 6565
13791 122 6124
17987 76 3843
17987 80 4013
17596 46 2310
15592 96 4815
14080 140 7049
17865 22 1101
17271 93 4686
17302 64 3212
13773 249 12458
17137 83 4169
16524 389 19498
15931 14 743
13942 75 3761
14914 33 1678
18057 38 1926
14464 240 12009
17596 6 314
14438 254 12714
17662 64 3227
13729 80 4020
16109 49 2471
18265 160 8005
16101 0 50
17701 55 2752
13803 16 806
15382 184 9233
14531 35 1783
16466 88 4401
17302 43 2151
17666 212 10633
18514 105 5255
15960 140 7016
14580 9 494
18923 446 22316
17302 78 3918
14766 7 358
17869 92 4638
18021 77 3856
14939 60 3013
16540 1 76
18235 30 1509
17851 173 8685
18466 48 2418
15238 175 8767
14067 58 2904
16021 433 21671
16119 501 25055
15697 29 1492
17648 0 35
14784 39 1954
18010 225 11296
16551 328 16413
14067 15 789
15877 245 12294
15111 57 2893
16222 12 625
17137 16 818
18933 332 16630
14313 107 5371
14413 2 111
17592 125 6298
18244 30 1517
15961 370 18539
17255 4 203
13862 4 250
18741 21 1073
14186 194 9745
14291 138 6904
15099 151 7583
14212 184 9234
17354 20 1038
17422 5 261
15592 120 6040
15353 164 8243
15785 74 3712
17307 31 1551
14985 64 3211
14592 81 4062
14959 16 826
16109 148 7431
14807 300 15022
16852 197 9870
14558 147 7396
15442 51 2567
17493 214 10704
18697 238 11923
14468 110 5505
16038 246 12308
13721 60 3028
16694 327 16374
13803 195 9793
18021 77 3899
16134 375 18795
17853 47 2386
16036 471 23578
15442 35 1766
17528 24 1227
14597 144 7226
18773 28 1407
18021 77 3852
17978 135 6792
14122 45 2281
17169 347 17378
15174 105 5271
17029 179 8999
16172 103 5195
15234 101 5075
14438 254 12710
18701 27 1369
13773 53 2668
15282 56 2804
15894 118 5904
16172 126 6312
14882 96 4824
15478 358 17930
18021 386 19340
14708 41 2097
17871 250 12539
17726 51 2568
18872 1 89
18741 27 1397
15774 249 12481
16247 69 3483
15592 114 5738
15478 132 6617
13803 16 838
16073 105 5292
18935 167 8376
18229 41 2068
14644 281 14081
13982 34 1704
16776 222 11128
17865 55 2751
13895 41 2068
18631 62 3102
14750 22 1135
15862 287 14383
18242 93 4667
15403 156 7802
17126 45 2280
18685 35 1781
18923 629 31460
15800 11 592
17029 158 7913
18731 224 11227
17598 18 941
15322 63 3189
14580 9 493
14122 54 2722
18773 30 1506
15114 28 1425
18782 72 3647
16317 67 3352
17352 44 2249
15086 30 1505
16852 311 15591
14805 29 1498
16762 37 1900
17426 2 142
16172 301 15094
14112 190 9510
16960 47 2400
15927 38 1902
17691 55 2763
17131 2 143
15426 83 4164
14009 97 4883
16169 333 16688
16986 26 1332
16778 73 3674
14729 188 9403
17998 125 6271
15923 367 18396
17164 78 3923
15118 186 9339
16188 135 6779
13770 10 529
18218 111 5565
17560 56 2819
13770 16 839
14907 181 9080
14708 34 1715
15446 66 3302
17029 99 4970
18872 1 92
14592 81 4061
14726 60 3050
18795 50 2541
18267 25 1261
13732 128 6414
13773 113 5675
15592 59 2997
13709 18 912
17213 83 4173
13874 11 579
17372 103 5152
14108 110 5515
17596 47 2371
15398 357 17862
13991 46 2305
15486 227 11386
17663 21 1095
14372 83 4152
14209 125 6276
17701 55 2773
16162 72 3609
14043 39 1958
16433 25 1254
14739 5 292
14580 5 277
16358 49 2497
14725 118 5901
17128 25 1273
18927 65 3269
16094 464 23242
16134 370 18516
14021 75 3786
17137 149 7468
14342 288 14434
18922 258 12930
15116 302 15131
18933 95 4788
13862 104 5218
18021 260 13030
16891 154 7712
18228 125 6292
18527 279 13997
17004 286 14311
18238 255 12798
18713 4 215
14030 58 2921
17560 49 2462
18054 264 13242
14464 66 3342
16433 85 4296
18057 4 234
17955 206 10319
16221 1 64
13945 246 12329
15862 5 293
18039 110 5531
14975 102 5141
15222 99 4975
17325 5 263
16051 85 4262
15762 233 11670
17769 26 1341
15656 48 2406
13791 244 12245
17661 50 2530
18761 40 2037
14186 75 3764
16894 135 6782
14067 57 2889
15901 183 9154
14453 169 8467
15923 451 22592
17648 50 2549
15862 5 287
17724 27 1379
16089 372 18610
14673 70 3506
13807 208 10415
15766 15 797
14165 122 6135
18955 54 2748
14814 114 5702
16852 70 3523
13712 127 6380
15469 291 14589
15900 127 6399
15412 167 8382
14124 155 7779
14824 231 11557
18044 230 11539
14603 15 792
13766 118 5929
15291 125 6267
16962 10 547
17497 127 6380
18701 21 1068
15423 41 2096
18026 166 8335
16802 250 12548
18651 172 8633
15291 125 6267
15588 297 14851
17726 15 753
17598 39 1995
14569 159 7995
13767 88 4407
16986 14 708
13937 40 2047
15774 343 17154
17521 1 66
15479 76 3842
16935 46 2313
16826 362 18149
14455 95 4797
14122 92 4638
15382 78 3915
14446 24 1235
14080 169 8466
18793 56 2839
15395 29 1497
14392 238 11947
17166 8 434
17955 206 10319
14313 270 13515
14401 99 4959
15640 6 328
13767 91 4583
17316 41 2060
17326 81 4067
14375 78 3943
14428 194 9713
14401 226 11303
18794 162 8104
18615 150 7517
17323 27 1378
15867 111 5555
18021 454 22711
14789 41 2081
16158 66 3316
16011 154 7712
14105 32 1626
17975 52 2622
16584 94 4709
17414 40 2032
16112 20 1042
16271 82 4150
15174 58 2926
18931 90 4510
17257 15 768
18923 446 22316
14959 269 13468
15322 149 7496
17166 0 29
17208 69 3468
17226 34 1715
14623 52 2631
16023 454 22703
14438 178 8904
18794 68 3433
16679 83 4200
15762 233 11691
16499 233 11665
14914 101 5090
14771 214 10721
17620 127 6389
16216 105 5251
15103 12 620
17472 17 896
14203 52 2609
16411 87 4384
14891 179 8984
13861 148 7440
15492 32 1634
17853 2 119
15079 26 1302
16158 66 3343
15961 352 17649
18692 170 8533
13791 8 435
13945 285 14264
14310 0 3
17851 128 6411
15592 175 8767
14146 55 2771
15880 26 1325
15415 226 11302
18574 340 17024
13861 28 1412
18678 327 16370
17144 86 4335
17667 257 12871
15291 232 11620
18263 126 6323
14965 141 7066
18603 256 12823
17684 75 3780
18959 17 892
14044 32 1646
15345 148 7434
14343 37 1887
15592 8 407
18865 72 3629
18678 303 15163
18021 536 26826
15251 110 5504
14993 66 3308
17166 5 278
15079 15 795
14553 292 14616
17029 99 4963
14756 63 3180
16226 3 185
16205 104 5244
17383 416 20806
14801 150 7527
18959 39 1985
18612 93 4670
15846 167 8366
15160 61 3077
18021 422 21119
16529 30 1550
16735 59 2957
15222 99 4976
14543 103 5179
18031 291 14584
17137 61 3058
13792 65 3284
15762 193 9697
18469 44 2226
16731 418 20917
17055 146 7334
16422 23 1178
18265 208 10432
18685 501 25096
17620 227 11371
17169 157 7883
18927 91 4580
14103 105 5262
14451 15 799
17858 71 3557
18032 186 9323
15592 66 3302
13791 54 2750
16750 1 76
14985 10 504
15222 237 11875
14746 88 4414
15183 12 601
14690 26 1326
14977 20 1045
16052 208 10445
14603 88 4419
17314 57 2851
16232 156 7825
15267 163 8196
13861 127 6385
15639 189 9475
17131 203 10162
14468 26 1336
17990 64 3205
13791 97 4896
18035 230 11501
16906 46 2337
14186 207 10352
13929 10 508
13864 89 4460
13907 16 837
18733 41 2070
17524 41 2085
18054 447 22384
15593 139 6951
18026 166 8335
17648 13 693
18527 716 35803
18245 186 9349
14699 11 567
14067 58 2904
16205 298 14913
18026 166 8335
18795 111 5588
