11001 14 733
11926 239 11953
11926 122 6143
9238 131 6591
12442 179 8967
8548 105 5278
11828 11 580
11134 78 3934
11977 30 1534
11911 16 849
10648 53 2676
12073 98 4922
8702 198 9913
11521 43 2196
11227 3 166
11075 12 626
11974 26 1316
10519 71 3586
11103 60 3037
11519 192 9650
11194 1 86
11872 227 11371
13683 10 530
9583 215 10797
13454 7 374
9627 16 833
9394 125 6258
10580 222 11122
9675 1 65
9386 255 12800
9345 208 10408
10756 70 3536
12071 302 15137
13617 114 5729
9453 3 182
9618 264 13201
9448 62 3119
11866 71 3577
10483 58 2926
9639 218 10903
9621 21 1083
8914 20 1015
11508 183 9186
13542 138 6918
8994 24 1242
13691 29 1458
12556 67 3357
10578 17 881
10501 18 938
8740 37 1894
9308 33 1663
8957 233 11692
9454 104 5235
12110 219 10974
8909 48 2430
13683 10 547
11884 68 3427
8419 0 41
9345 206 10350
12518 22 1137
11519 188 9427
8787 93 4668
8707 7 372
9542 297 14890
11589 205 10263
12377 5 256
10647 81 4068
12079 100 5025
9679 106 5331
13564 7 360
10437 140 7036
9669 190 9544
11972 147 7358
11529 28 1434
11515 27 1379
10520 81 4093
9620 46 2345
11539 60 3022
9427 153 7677
11601 200 10024
13695 99 4991
11593 98 4922
11589 205 10295
10711 33 1665
9438 93 4697
9470 91 4582
9024 185 9263
9668 193 9675
12023 23 1200
11887 88 4435
11601 165 8274
8735 5 289
8697 123 6161
11924 8 410
11868 51 2574
8508 6 334
9386 184 9244
9470 46 2304
11202 7 354
10811 48 2440
9304 105 5276
9404 127 6378
10569 5 256
9326 36 1814
10906 213 10695
8996 290 14501
9344 244 12213
10623 17 893
9442 4 229
10837 165 8266
11957 92 4650
12454 425 21252
11879 40 2016
11965 54 2731
10848 112 5618
13583 72 3648
11648 58 2919
12466 39 1996
12418 33 1674
11885 82 4135
9546 84 4216
10483 54 2746
9679 105 5292
9473 20 1002
13695 40 2010
9321 90 4515
9453 1 57
9583 281 14095
8762 283 14178
9444 327 16351
8711 0 30
8909 43 2191
9090 144 7207
11514 37 1855
11519 72 3629
13565 67 3370
9702 89 4464
9442 7 359
8419 6 315
9639 215 10787
13542 153 7700
10483 54 2748
9583 501 25063
11879 40 2016
10624 192 9631
11543 122 6122
9632 60 3012
11759 25 1270
9464 87 4362
11673 43 2171
12054 45 2282
11972 21 1060
8416 106 5312
12426 9 494
8804 126 6319
12566 262 13118
11648 58 2934
11243 82 4112
13661 70 3525
11278 35 1776
8695 11 579
11629 10 532
11515 27 1389
8922 21 1065
11821 70 3539
9195 225 11277
10475 191 9577
9024 46 2324
11984 87 4394
12036 5 261
8994 162 8111
10966 251 12579
12554 86 4339
12426 64 3228
9557 2 147
10692 103 5198
10606 11 552
11668 71 3591
9215 104 5245
9563 268 13407
8626 82 4136
8548 103 5154
9618 264 13201
11508 29 1473
12025 86 4313
9535 319 15994
9709 7 360
11969 18 922
9238 128 6428
9072 127 6373
11601 200 10031
10848 110 5534
11709 57 2864
13542 153 7652
11001 17 889
8697 122 6121
9279 1 53
12079 61 3078
8416 80 4030
13561 23 1169
11896 9 458
12056 112 5601
8589 168 8450
10592 297 14860
9567 156 7834
13477 40 2011
10578 13 675
10755 126 6318
11738 184 9216
12066 274 13718
10864 114 5741
9390 7 391
11080 3 194
11861 38 1902
8894 30 1537
10648 42 2139
11619 3 196
8620 129 6498
13623 97 4897
11776 146 7303
10716 144 7215
10551 117 5881
10609 141 7070
13691 135 6785
8714 140 7045
11830 148 7402
9267 25 1261
10660 200 10043
12073 24 1224
8697 123 6183
8413 14 715
9461 109 5467
10811 48 2449
9554 33 1687
12056 368 18442
11075 12 626
10623 18 929
9464 83 4198
10593 79 3975
9507 243 12167
12425 38 1942
12508 140 7036
12549 90 4533
9239 149 7481
13463 22 1129
10574 25 1269
11186 108 5439
13630 57 2874
13687 1 91
9028 9 469
11071 8 440
13675 208 10407
10858 124 6228
11957 92 4650
11965 420 21005
10483 58 2919
8996 292 14602
9210 253 12660
10906 132 6626
11186 258 12938
12145 191 9574
10609 132 6638
9694 170 8516
11741 36 1829
9405 12 610
8905 50 2504
11842 41 2066
8695 11 553
11085 2 110
13616 245 12274
11532 49 2489
10434 104 5229
10646 97 4882
9454 104 5235
8957 256 12827
11066 91 4571
10624 267 13352
11685 149 7476
13687 1 57
11922 13 680
9542 296 14819
10569 4 235
11792 11 554
10574 19 951
11589 210 10519
9210 0 35
8740 35 1759
12073 187 9375
9486 213 10673
10449 126 6333
11617 179 8973
11071 270 13543
11134 43 2183
12485 117 5889
11801 15 760
9341 217 10886
12079 83 4178
9390 7 391
9439 115 5760
8987 144 7201
8433 32 1644
11896 21 1096
9668 116 5815
9516 325 16260
11913 137 6857
10448 100 5028
11291 33 1685
10611 99 4953
12418 33 1672
11842 15 760
9615 27 1359
12145 73 3675
11935 222 11116
12075 112 5646
10712 318 15935
10660 239 11985
10822 68 3436
13638 145 7264
11972 120 6042
9369 34 1743
11186 166 8308
10569 7 353
8620 129 6497
10705 8 413
8918 123 6167
11957 92 4640
9075 46 2329
9675 82 4115
13676 49 2461
13648 80 4036
11885 42 2103
8746 60 3018
10747 18 917
9345 62 3113
9651 132 6624
9579 115 5792
9702 78 3902
12036 121 6091
9068 104 5217
11187 319 15994
10756 75 3792
11740 11 563
11186 108 5419
11933 101 5074
11565 84 4220
11589 212 10607
9188 19 964
10590 43 2190
11763 76 3849
8735 5 289
11991 71 3552
11111 92 4625
9500 0 8
9035 139 6961
9243 120 6022
8529 137 6890
11878 224 11247
8959 183 9153
11213 63 3191
10646 97 4882
9238 131 6593
8687 190 9549
12073 187 9399
10822 70 3537
10748 65 3271
9533 14 713
13548 4 211
9438 35 1767
11728 218 10912
12145 191 9597
11707 101 5074
9592 271 13562
12566 251 12589
11776 30 1506
9072 127 6373
11887 159 7953
9094 4 206
11119 309 15483
11963 171 8569
11186 166 8340
9410 71 3569
11868 66 3348
8683 203 10179
8620 131 6576
13467 144 7244
8416 128 6450
11998 134 6723
8508 6 334
11745 15 790
9583 216 10804
8695 22 1148
9464 87 4362
12566 262 13138
9298 76 3802
11025 95 4775
8714 152 7617
9035 135 6767
9037 236 11822
10444 15 766
12075 134 6732
9410 71 3569
10838 47 2362
11545 266 13345
9681 80 4024
9324 80 4024
11681 55 2772
9632 60 3050
10434 21 1094
9651 132 6609
9637 84 4218
13658 11 569
8419 3 155
11965 420 21004
13618 31 1562
10719 25 1294
10434 21 1094
11618 30 1528
11738 109 5466
11601 200 10050
11237 23 1152
8620 130 6510
9717 310 15526
9677 55 2753
10483 58 2947
13629 31 1599
13580 58 2934
9061 52 2635
11779 6 333
10609 141 7098
8810 90 4510
9191 39 1998
9694 169 8469
12542 164 8224
10609 142 7130
10437 140 7019
11774 4 228
10590 42 2133
9075 44 2247
10850 23 1159
8433 97 4896
13629 134 6750
11963 153 7675
9341 216 10845
8799 12 643
11066 212 10640
9651 355 17770
12379 96 4817
11527 81 4079
9453 1 57
10708 39 1995
11206 21 1074
10998 69 3494
8915 120 6046
11913 323 16196
11119 110 5548
10692 101 5070
10848 194 9722
11963 171 8569
9677 9 494
12095 133 6653
9519 263 13175
8746 59 2961
11963 359 17990
12449 83 4187
13678 118 5910
10819 8 405
13629 229 11488
13542 138 6906
10750 12 644
10748 65 3274
8852 37 1892
11751 25 1300
8762 305 15264
8697 123 6152
10883 216 10812
10778 180 9004
8585 35 1783
11879 311 15588
8799 11 556
9457 85 4264
10850 86 4339
13621 40 2034
11926 293 14656
12066 41 2065
11763 76 3811
9304 107 5370
10437 142 7114
8894 84 4236
11096 50 2503
12540 157 7899
11507 6 338
9035 138 6909
11792 16 846
11593 4 212
11653 46 2333
10858 124 6217
9505 219 10970
10819 6 332
11514 32 1641
8957 233 11692
9656 331 16595
9369 34 1743
9454 107 5379
8889 64 3229
9605 51 2555
12459 107 5359
11965 136 6802
11751 25 1256
11174 1 69
8539 39 1999
9395 346 17312
10434 21 1075
9094 5 283
12066 274 13715
9546 83 4159
8897 27 1371
10883 216 10826
9627 17 891
11658 11 566
10883 165 8274
8782 15 761
10719 12 648
11884 261 13056
12565 170 8535
9535 57 2895
11664 119 5975
10793 58 2947
13565 35 1800
10711 101 5091
8994 24 1234
9515 104 5221
8697 122 6121
10748 68 3444
10756 10 547
8859 14 707
11678 32 1618
12392 8 450
9196 3 161
9338 107 5391
11759 146 7327
12374 88 4448
9061 51 2553
12496 20 1037
10931 106 5319
11868 51 2574
12383 7 368
11884 54 2749
9620 301 15072
12374 88 4417
10520 81 4097
9546 83 4196
9217 22 1107
9702 77 3854
10906 207 10377
9386 18 938
13618 35 1787
9068 105 5279
10819 8 405
8468 56 2841
10905 111 5582
13620 53 2663
9210 0 35
12555 10 533
8853 199 9996
8419 4 209
11727 288 14421
8889 64 3234
9533 10 544
11921 288 14438
9052 31 1560
8585 35 1778
8416 98 4942
12506 9 493
11972 147 7381
9702 77 3854
8690 163 8167
9470 94 4710
10449 126 6336
9386 20 1014
13678 133 6658
9632 39 1975
11228 34 1704
10592 181 9063
11545 266 13330
9030 135 6783
10623 18 928
9620 56 2812
11933 224 11214
12504 149 7456
9615 26 1341
10520 73 3652
8433 191 9561
10688 84 4245
11237 23 1152
8454 27 1373
8922 19 989
13675 78 3919
10913 219 10990
8994 163 8198
10437 141 7056
11599 61 3061
11527 108 5427
11087 18 947
10712 314 15706
11075 12 647
8416 128 6449
12066 140 7046
12379 11 591
10434 113 5653
8695 22 1147
11747 3 192
10688 103 5157
9712 25 1273
10756 10 547
12039 272 13643
12079 61 3068
10599 114 5712
9281 70 3528
10712 318 15935
13692 17 868
10449 208 10437
9279 0 43
11664 89 4494
10757 102 5143
12073 65 3295
13695 99 4976
11867 69 3493
12364 40 2023
12075 49 2492
11514 32 1639
8419 1 97
12404 82 4137
9254 24 1201
8963 21 1071
9196 3 162
9427 154 7724
11182 75 3792
12506 9 493
11707 126 6314
9516 329 16478
8750 214 10722
8994 162 8116
8987 143 7157
11096 113 5671
10719 10 518
10590 43 2164
10756 70 3531
12558 56 2801
8859 15 782
9214 126 6319
8897 25 1278
11726 233 11692
11066 91 4557
12442 179 8990
13580 58 2907
9195 222 11149
9195 241 12051
13634 25 1293
9463 91 4573
12374 153 7680
8996 290 14501
9341 215 10787
10593 72 3644
10757 88 4446
9470 165 8290
8762 305 15277
10711 101 5070
11564 94 4713
11576 29 1483
12025 272 13623
8562 154 7719
11187 230 11507
11922 3 184
9196 0 46
11505 29 1460
11830 191 9576
10609 135 6765
13643 110 5536
12086 31 1555
9298 79 3998
9470 48 2405
9651 188 9450
12000 97 4886
10434 95 4796
12561 284 14238
12544 19 990
12036 1 91
8862 52 2624
11935 247 12396
11135 73 3700
8548 75 3752
9554 33 1687
11712 1 61
8957 233 11698
11162 32 1629
9583 205 10281
11998 399 19966
9453 4 208
8936 113 5676
13588 4 239
12565 123 6185
11000 16 832
9439 116 5823
11274 12 601
9454 105 5270
13633 32 1628
12555 10 548
8416 106 5348
11922 26 1327
11926 265 13275
10829 11 586
10580 221 11066
9384 55 2767
10712 304 15245
9726 256 12850
10647 81 4100
11709 57 2868
10804 91 4552
11196 28 1437
10850 197 9889
9090 138 6938
9345 62 3113
10883 125 6298
10906 128 6450
10727 120 6015
10883 165 8273
11119 304 15206
9394 124 6203
9243 120 6022
11606 175 8783
10434 114 5745
9345 206 10317
10449 207 10355
11821 71 3568
12517 239 11969
11601 165 8275
9632 118 5927
9675 2 133
8959 210 10515
8419 5 271
10648 53 2654
12566 232 11624
9395 346 17315
11751 287 14379
8433 204 10210
12404 82 4125
8918 123 6161
8695 9 457
10719 25 1289
9605 51 2589
8698 84 4247
11847 74 3740
9344 245 12299
9068 43 2172
8810 89 4467
12075 48 2410
10822 71 3564
10501 39 1999
10660 327 16356
11963 332 16622
9461 107 5367
13617 114 5703
9483 217 10881
9656 333 16663
11564 108 5406
9464 87 4394
11094 115 5782
10606 3 162
8508 6 324
11878 10 527
11957 71 3566
13623 54 2723
9621 20 1044
11184 21 1057
10520 213 10656
11169 217 10892
10545 146 7349
10353 0 16
11887 77 3877
12383 3 182
12538 3 199
13565 35 1751
12039 201 10087
13656 12 645
8695 7 374
11521 57 2900
9627 17 854
10850 225 11291
13676 15 793
11707 146 7301
8853 201 10058
13504 74 3730
10747 50 2513
9679 105 5298
12077 166 8307
12046 94 4716
12070 359 17957
12558 18 935
11891 130 6549
10819 6 346
8690 42 2147
8720 163 8169
10475 192 9646
9726 188 9424
11292 6 348
11776 11 560
13662 81 4062
8862 49 2463
11091 165 8268
11900 28 1434
9470 96 4822
11551 92 4618
9444 326 16349
10672 68 3450
12504 159 7981
10593 79 3973
8958 188 9442
11913 137 6859
11492 3 176
10737 287 14388
13569 145 7267
11778 13 652
9713 65 3283
13683 19 956
13626 67 3376
11632 4 217
10696 254 12740
11776 105 5287
8465 256 12814
9621 20 1044
9632 118 5944
11930 79 3993
12039 201 10061
8915 117 5861
10625 230 11520
11664 119 5986
9461 107 5356
11991 10 548
8549 113 5651
9230 0 15
12426 64 3218
11087 47 2362
8445 191 9570
11716 74 3702
11759 25 1292
10688 83 4154
11507 6 331
8922 20 1039
11861 6 345
13477 38 1918
12383 64 3237
13614 26 1328
12029 27 1363
8957 235 11792
11599 50 2523
10696 234 11711
10436 304 15229
10925 124 6231
11292 6 348
11922 70 3505
12027 33 1673
11090 202 10130
9225 129 6499
9030 121 6098
10646 96 4820
11088 4 210
9340 91 4563
11135 74 3708
11002 3 196
9285 172 8609
10449 208 10436
11935 222 11116
11878 85 4262
11726 161 8094
10545 146 7329
13678 118 5902
10858 127 6366
10716 119 5972
10660 324 16209
8458 78 3919
8915 118 5950
10711 101 5091
8471 20 1011
9651 130 6539
9694 168 8440
8687 212 10606
13629 229 11488
11001 17 895
8714 140 7007
9028 9 469
10449 206 10344
11278 224 11220
11492 3 173
11529 1 58
10449 207 10353
11065 166 8308
10569 6 313
9677 54 2749
11763 16 828
9681 77 3869
8894 84 4225
12039 218 10950
12449 83 4166
9515 98 4937
8804 126 6345
11601 1 88
11965 136 6802
10906 205 10292
11116 126 6327
9411 64 3245
11119 304 15232
12145 191 9597
8714 140 7007
9037 236 11822
9304 107 5358
10771 244 12207
9195 84 4246
11972 21 1079
11668 86 4335
11707 53 2696
9327 12 620
10471 35 1768
9632 123 6170
11926 6 305
9516 249 12483
8702 200 10015
10837 165 8262
9639 216 10823
10755 122 6148
9632 126 6326
11512 87 4382
8589 168 8449
12566 262 13147
13536 74 3713
8915 121 6077
9324 55 2771
8701 224 11223
9679 44 2241
10660 241 12076
11745 53 2698
9632 118 5944
11957 71 3578
12418 33 1660
11134 43 2163
12496 103 5192
11776 146 7327
13648 80 4003
11738 171 8580
13477 40 2011
9651 107 5360
10737 287 14370
11763 234 11731
8935 111 5556
9545 181 9085
12009 32 1610
10748 68 3444
11119 69 3499
8918 122 6120
13675 73 3683
11879 228 11404
8700 133 6662
8740 38 1928
12071 304 15201
11537 8 449
12077 166 8347
9621 22 1132
10648 69 3475
10800 15 756
11957 71 3571
11091 165 8293
8413 11 592
10592 182 9122
10906 213 10680
9338 107 5391
12000 46 2344
12508 266 13323
10665 240 12045
10666 42 2136
11085 2 115
10660 197 9860
13617 114 5729
11564 108 5418
10665 240 12008
11878 225 11293
13583 7 372
11599 59 2978
9453 1 83
9681 79 3987
10821 12 635
10837 142 7141
10449 126 6326
9601 120 6026
9345 205 10294
13691 23 1195
9024 44 2207
9717 310 15543
8918 122 6120
12110 219 10963
11965 345 17293
12542 19 951
11972 68 3432
10640 28 1421
10800 21 1090
13503 191 9589
13675 235 11800
8750 217 10873
13470 72 3636
13667 2 110
11632 4 240
11514 37 1876
13658 11 569
13623 97 4896
11963 2 123
12066 94 4721
10708 42 2138
11601 211 10553
13618 110 5534
12543 131 6570
8707 7 394
9651 129 6472
9345 61 3075
9712 43 2151
11119 69 3476
11601 211 10574
11515 27 1379
13635 72 3623
12497 13 688
10765 12 638
9464 85 4283
9267 24 1209
10849 220 11028
11512 12 608
11776 47 2366
11927 59 2957
11747 27 1380
12005 89 4490
10660 323 16168
10938 37 1865
9030 121 6086
10442 10 503
10850 84 4246
13583 127 6388
10849 229 11488
13618 31 1587
8666 55 2788
12039 109 5486
8669 12 619
11001 13 658
11923 146 7346
8996 288 14427
9665 8 401
8740 35 1763
8987 140 7039
12004 193 9692
10748 65 3291
12039 109 5488
10696 281 14093
10773 82 4129
11668 71 3595
9267 25 1283
9473 22 1137
8454 27 1373
9030 122 6148
13691 29 1475
8735 4 249
10390 62 3145
11508 114 5743
12091 185 9296
11707 134 6743
10858 128 6439
8852 37 1886
10771 246 12314
11879 128 6437
8700 132 6605
12549 100 5005
8859 17 851
11214 54 2726
12070 163 8181
12549 100 5014
11891 103 5152
9090 144 7230
12066 41 2065
12392 19 990
8448 134 6714
11880 17 865
9619 154 7708
13505 9 470
8541 25 1260
9344 246 12336
11866 71 3578
13623 82 4139
12441 113 5682
10449 127 6398
9281 75 3796
9024 45 2282
13618 110 5507
9404 126 6328
11080 277 13889
13623 82 4134
11066 91 4557
9632 128 6420
11169 129 6482
9515 102 5107
8626 81 4074
9210 254 12722
9285 172 8627
11841 19 972
10574 19 986
9583 278 13908
9427 153 7677
11779 63 3192
9354 39 1970
9030 41 2093
12449 285 14287
11842 41 2078
8433 205 10282
10711 98 4920
12079 61 3061
9726 186 9316
9188 19 995
9681 80 4030
8959 208 10432
8750 216 10822
10850 23 1159
11080 103 5191
11653 46 2333
9632 127 6353
8770 271 13551
10625 231 11592
12066 41 2078
12566 251 12592
10719 26 1331
9677 55 2753
11243 42 2134
11000 17 893
13504 74 3727
10660 324 16209
10844 73 3673
12023 23 1153
9080 31 1577
10590 40 2031
11599 61 3096
10705 2 147
12077 166 8326
10518 12 606
10522 180 9009
10449 126 6317
9583 202 10137
12542 19 951
8915 114 5729
10437 142 7113
10832 61 3063
10848 112 5615
11551 92 4618
13691 135 6767
12039 3 186
11508 160 8040
13564 7 355
9090 135 6787
11527 108 5427
10535 19 976
11989 81 4087
10850 22 1138
9583 500 25003
8537 268 13437
11726 300 15008
8915 113 5680
9457 86 4310
11779 55 2799
8996 291 14575
13675 19 968
9519 255 12784
11664 89 4454
13675 73 3698
11751 282 14135
12004 113 5687
10772 118 5921
8852 48 2437
11728 336 16832
9225 131 6574
9362 248 12413
11833 88 4443
10906 217 10872
9702 88 4445
13688 125 6261
10445 160 8043
11524 201 10061
10580 222 11112
11759 25 1264
12039 3 187
12079 61 3078
13692 71 3566
12556 67 3394
9075 292 14647
11707 93 4693
11080 103 5163
11924 269 13500
10692 103 5152
10434 21 1052
8746 57 2883
9554 31 1557
11182 87 4352
9669 189 9466
13626 45 2287
8697 121 6075
9651 129 6496
10436 305 15290
11774 30 1532
11565 120 6035
9470 46 2322
10905 83 4200
13626 82 4140
13676 49 2485
12505 87 4365
10475 191 9582
12145 73 3675
9675 82 4119
11957 71 3566
11779 269 13469
8782 16 816
9615 25 1288
10519 72 3623
10520 81 4097
11830 191 9574
11884 249 12480
10609 141 7054
13470 95 4790
11913 288 14419
10574 24 1249
9090 138 6938
9340 90 4548
9677 55 2795
11721 1 93
8439 19 997
9324 39 1968
9024 45 2286
9461 108 5413
8416 80 4033
9726 184 9220
11521 43 2182
9379 243 12155
9545 210 10504
8620 128 6445
9030 41 2069
8458 78 3939
8416 129 6476
9195 224 11239
10520 217 10874
8782 16 815
10567 136 6823
8784 58 2929
10822 66 3340
11196 63 3159
10441 125 6261
9507 243 12167
12070 130 6518
8735 4 247
13503 191 9579
11230 17 878
10545 145 7297
10716 143 7196
11618 42 2119
11094 91 4583
8859 15 758
12441 401 20069
11529 243 12169
9677 54 2739
10905 110 5541
11741 26 1336
9668 118 5915
10501 45 2278
11878 153 7664
10501 45 2278
12054 152 7638
12426 87 4398
9326 37 1887
9072 128 6422
11953 34 1745
11727 296 14807
12004 283 14173
12543 308 15424
8957 234 11739
12441 401 20064
11878 225 11277
12052 6 348
11614 158 7904
11913 137 6859
13643 110 5503
11741 102 5146
8894 30 1547
10838 47 2360
11879 311 15588
12557 71 3592
11727 288 14421
11091 165 8284
10905 111 5570
9225 130 6541
11002 3 170
9675 2 133
11589 146 7306
11664 119 5975
10501 46 2323
11847 74 3712
10883 165 8300
9345 63 3177
9344 88 4425
10471 35 1769
11759 208 10438
11915 24 1202
12441 401 20064
10813 70 3542
8914 19 968
8909 43 2167
11527 134 6724
10705 0 44
10501 18 937
9668 193 9656
10951 29 1459
13503 191 9576
10778 182 9118
11998 134 6750
13623 116 5834
9362 246 12304
9298 54 2723
9394 126 6323
9354 38 1946
13569 145 7267
11741 40 2013
8936 111 5584
9386 184 9235
8936 114 5712
13565 35 1760
10483 57 2896
9285 172 8610
8959 184 9217
11551 108 5436
10623 15 767
8996 292 14602
11977 7 383
10434 105 5254
11512 107 5352
13542 138 6937
11740 84 4211
10518 11 579
9438 93 4687
11096 85 4299
9500 0 8
12499 5 271
11085 2 141
13538 13 682
10449 127 6384
9639 215 10787
11830 114 5722
8746 208 10414
11119 309 15483
13661 9 480
9601 124 6246
9464 85 4299
8441 189 9498
9563 391 19591
9080 30 1525
9457 87 4385
13616 245 12253
12540 12 605
10773 150 7502
10850 84 4242
11738 184 9221
12066 41 2062
10711 100 5003
12565 123 6198
10517 28 1410
12446 87 4368
9068 106 5328
9080 31 1577
12545 40 2042
11721 157 7864
9386 63 3197
9225 129 6499
10905 106 5347
13639 83 4166
11169 217 10856
11889 17 887
10445 157 7852
10646 97 4882
10520 81 4093
10623 19 967
8922 23 1162
8720 124 6226
11963 2 123
10442 12 605
9075 46 2318
10606 12 614
9639 216 10823
13678 24 1240
13491 59 2953
9454 134 6718
9210 254 12722
11692 2 120
8579 21 1099
11591 57 2875
9444 326 16338
10727 117 5852
13491 59 2990
11713 43 2189
9470 48 2402
9640 110 5527
9567 158 7931
10800 15 756
9438 34 1740
9239 149 7484
11515 27 1389
12142 28 1439
10864 115 5766
10846 123 6179
9627 16 833
13583 7 364
10883 174 8708
10822 66 3326
12070 130 6512
10624 193 9700
9499 309 15456
9285 169 8490
10837 144 7249
10773 111 5589
10660 327 16354
10921 243 12195
13655 29 1488
12056 330 16532
12039 84 4201
8994 163 8194
9704 119 5959
12079 66 3338
8762 282 14125
10846 121 6069
9238 131 6580
8735 5 270
11512 87 4379
10545 146 7345
10623 19 956
9601 123 6179
12438 12 649
9668 118 5942
9702 89 4495
13630 35 1785
12066 274 13731
8620 131 6576
11564 26 1324
10647 81 4057
11741 26 1336
11599 50 2532
12557 71 3585
12426 9 466
10672 68 3424
11527 81 4076
11519 72 3637
11707 1 93
11492 3 185
9702 78 3922
9546 84 4235
13671 124 6220
10858 124 6248
11965 165 8257
10483 54 2727
12454 425 21252
11751 220 11034
10449 127 6369
13467 150 7540
8915 116 5842
9601 124 6246
10913 222 11114
9061 52 2647
13678 34 1707
10517 29 1460
11972 148 7428
10449 206 10321
8416 80 4030
12075 49 2497
9567 431 21583
11989 81 4073
9442 172 8618
9470 48 2429
11601 32 1604
10906 207 10381
13542 153 7692
8579 24 1236
11993 0 33
12566 262 13147
12438 102 5143
12496 20 1002
8957 235 11761
12066 41 2069
11187 217 10856
8416 129 6463
12485 117 5890
8735 5 254
8894 30 1505
8702 197 9859
11935 63 3179
9390 7 374
11957 71 3585
8508 6 328
12486 74 3706
11274 12 601
10520 213 10666
8746 57 2859
9035 136 6810
11738 250 12502
11872 120 6048
11953 34 1728
11820 253 12693
10821 12 648
9405 11 571
8419 4 214
8859 17 851
11976 371 18582
8958 186 9335
11135 49 2460
11741 5 270
11889 11 597
8541 24 1245
12023 23 1200
8937 50 2538
10599 114 5719
10819 7 355
10606 12 614
8810 93 4661
10773 85 4251
13565 67 3384
11891 156 7827
9470 93 4673
9090 142 7134
9065 82 4131
8994 163 8152
9545 181 9075
10819 6 326
11135 74 3711
11658 11 557
8958 186 9346
9709 8 408
10696 234 11705
11508 114 5717
12540 12 607
10434 105 5278
9668 12 605
10850 84 4246
10711 100 5029
11917 21 1061
12027 14 703
10756 12 633
12091 367 18356
10569 4 231
9620 301 15092
13629 109 5467
10837 142 7102
10609 140 7032
8897 28 1442
12485 117 5889
10471 35 1768
10972 57 2851
12438 102 5143
11872 75 3797
11963 171 8577
9191 40 2044
13695 99 4976
11943 236 11814
10773 113 5673
9215 104 5245
11527 1 99
10592 298 14910
12070 187 9396
11678 32 1635
11972 148 7420
9620 44 2217
8862 49 2463
11593 41 2071
9304 104 5227
8918 123 6169
11919 185 9257
11922 70 3529
11623 108 5411
8687 212 10635
11965 383 19159
9726 186 9340
8915 113 5671
9196 2 119
10849 228 11406
10858 124 6248
11551 106 5342
13642 62 3148
10609 129 6481
9712 43 2174
10660 326 16327
9651 129 6455
9345 207 10396
11738 246 12327
11278 82 4137
8416 128 6449
11738 246 12327
13580 146 7347
8994 164 8248
11707 53 2681
12418 33 1693
8458 80 4050
12056 37 1888
8690 39 1990
11776 146 7326
11879 228 11448
9702 88 4405
9500 6 348
9533 13 688
11673 29 1467
8959 183 9197
10822 70 3529
13583 72 3630
10475 192 9646
12517 239 11964
8784 57 2894
11187 230 11509
10850 223 11169
12000 97 4860
10765 12 643
8701 224 11233
10590 5 280
10660 325 16289
10672 68 3442
12377 5 265
11685 123 6157
10988 255 12763
11619 19 1000
8897 26 1324
11763 108 5424
10765 12 643
11913 118 5948
9709 8 426
9679 105 5298
8669 12 631
8902 34 1705
8762 282 14101
11529 291 14598
10683 155 7773
10592 296 14818
13561 114 5723
9386 18 940
9035 135 6774
10727 117 5860
11508 29 1456
9394 124 6232
11724 6 307
8690 164 8215
8714 152 7617
12036 121 6086
9065 82 4106
10747 17 886
9500 393 19655
11921 169 8490
11845 29 1493
10635 65 3295
8419 6 315
11738 250 12502
10647 81 4100
10850 79 3955
8446 311 15553
8770 271 13577
9668 244 12250
9679 44 2250
10625 230 11511
11187 230 11507
8529 276 13817
11963 79 3969
8852 50 2511
11521 43 2158
9285 170 8505
9620 289 14483
9254 23 1189
11933 186 9318
11623 108 5406
11119 48 2419
10913 220 11009
11119 115 5798
9379 241 12051
9285 172 8609
9030 121 6086
12538 29 1474
12020 14 705
8915 121 6077
12404 82 4102
12364 40 2017
9238 128 6428
9712 24 1207
12039 99 4954
10624 176 8836
9439 117 5854
12070 24 1237
8936 112 5614
9454 136 6845
11678 8 448
13695 40 2025
8549 113 5660
9442 173 8685
12404 55 2762
11762 18 939
9075 47 2354
9516 484 24214
13552 57 2879
8963 61 3063
10545 145 7272
13692 71 3574
9515 104 5221
9411 66 3307
11786 285 14283
11866 71 3581
13639 83 4197
13467 147 7368
8705 77 3866
11991 57 2895
9298 29 1470
11867 109 5494
10624 177 8851
9704 119 5978
9386 255 12795
13676 84 4206
12091 367 18362
10545 145 7276
10665 238 11906
8735 4 211
13454 19 977
11119 155 7755
9545 211 10557
10950 19 988
10850 225 11274
11728 10 535
13491 54 2744
10905 106 5303
9080 33 1660
13619 53 2683
12377 5 288
13582 16 802
13634 25 1298
11872 120 6028
9394 128 6421
10998 42 2121
11763 108 5411
8852 48 2437
8915 113 5680
12549 100 5050
12032 9 485
11926 6 350
8447 58 2909
10593 79 3973
11103 60 3046
8700 206 10346
10708 39 1966
11066 212 10640
11275 109 5489
9410 73 3665
9656 331 16596
11921 138 6918
10449 127 6369
12066 41 2085
8700 83 4186
12508 266 13348
10822 71 3570
10846 121 6069
10579 9 451
10829 11 587
11830 114 5710
12566 251 12594
9444 329 16496
10838 50 2547
11657 13 664
13634 17 884
10848 105 5286
9704 117 5873
9557 1 89
8957 235 11792
10489 48 2439
10845 192 9648
8994 164 8205
11135 74 3711
12369 58 2943
12442 42 2132
11237 42 2121
11970 78 3948
8433 202 10112
13691 136 6832
9298 27 1380
9068 41 2068
13477 38 1924
11878 224 11235
13623 82 4134
11943 121 6094
8859 17 862
9327 11 591
8905 50 2504
8915 113 5687
9651 129 6472
10711 99 4965
8695 20 1007
13467 150 7520
9463 91 4573
9583 277 13863
9615 25 1281
11943 121 6094
8409 19 992
11935 222 11132
11186 108 5418
9713 66 3308
8419 3 190
12000 65 3290
12556 67 3357
10635 67 3359
11751 150 7529
12392 19 993
8549 113 5699
9362 248 12417
12025 86 4313
11797 3 153
11842 15 788
10858 128 6403
11589 59 2987
10972 57 2851
9075 49 2454
12446 21 1072
8746 85 4275
9454 104 5222
11648 58 2919
10611 103 5176
10625 231 11593
9243 120 6044
9411 64 3245
11119 155 7755
11119 309 15456
8541 25 1261
12077 56 2801
8909 45 2290
8750 214 10722
12508 266 13341
11921 4 237
12004 283 14173
10434 113 5665
11921 252 12639
12071 302 15111
11913 137 6853
8964 184 9231
8579 21 1090
10822 68 3448
12000 65 3283
9247 42 2114
8707 6 307
11090 202 10124
9298 77 3894
13623 116 5817
11187 217 10856
13661 9 495
8994 19 978
12383 7 389
11707 134 6743
11529 28 1431
13688 125 6296
9535 57 2875
10592 297 14886
8770 57 2864
12036 121 6086
10756 10 527
9035 138 6909
8936 109 5454
11821 94 4746
12079 10 534
10635 67 3384
12036 112 5624
13588 4 231
10449 206 10323
9341 216 10810
10660 240 12006
13661 174 8745
12079 100 5018
9344 52 2624
12485 220 11023
11976 371 18557
9694 170 8529
10390 63 3192
9717 309 15499
11599 50 2532
9404 125 6282
13691 136 6843
12485 82 4121
9028 8 426
10606 3 156
12449 83 4156
8914 19 965
8918 123 6165
12485 222 11129
11025 95 4775
9511 324 16203
8508 5 269
9557 2 134
10925 56 2806
11976 371 18582
10756 80 4011
11998 134 6721
8716 95 4792
9068 107 5385
13504 12 647
11707 131 6576
8958 190 9515
9326 37 1851
13583 72 3624
8810 93 4656
10355 265 13286
13580 4 212
13565 67 3370
9298 77 3866
11957 71 3594
10905 106 5347
13470 46 2346
13618 110 5534
13635 77 3874
9214 128 6436
11921 169 8468
9384 56 2802
10545 146 7334
12506 9 455
10551 117 5881
12496 96 4809
9726 239 11958
12073 128 6444
11728 180 9007
11779 6 333
8852 50 2511
9713 64 3210
11913 80 4047
10390 62 3103
12070 313 15678
8433 202 10113
13583 127 6386
8746 59 2988
10821 13 676
13675 73 3699
9438 35 1775
8934 47 2378
13504 12 641
9341 217 10886
11927 44 2216
13675 208 10407
9238 128 6445
11134 43 2158
10441 126 6320
11879 244 12207
11998 57 2871
11878 119 5969
9533 14 713
11668 71 3595
10848 110 5545
9028 11 591
11259 16 832
9607 40 2015
12091 185 9275
11972 43 2196
8996 57 2876
8897 25 1264
12145 73 3675
11921 17 894
9710 183 9177
12039 99 4954
8433 202 10112
8958 221 11086
10624 176 8815
10837 143 7199
10635 65 3258
10757 103 5169
13619 53 2667
11779 227 11380
11935 29 1482
13565 35 1780
9298 27 1380
11776 146 7303
9545 210 10541
8853 188 9411
9473 20 1028
9702 89 4470
12383 7 373
9656 333 16693
13586 0 31
10660 241 12062
11691 38 1916
11637 39 1978
9030 137 6867
10748 65 3291
13583 72 3648
9188 18 918
10837 142 7120
11094 187 9376
8852 50 2528
11071 8 409
9444 328 16444
12073 65 3282
10390 63 3156
12404 29 1499
10580 239 11993
9713 67 3375
13662 81 4062
9390 7 374
10705 8 413
10913 222 11115
10848 111 5570
11913 80 4047
11072 16 830
12554 86 4339
10822 68 3407
11953 34 1728
9516 249 12491
9195 85 4264
11926 293 14656
9675 0 1
13467 144 7249
8959 210 10515
11930 57 2859
12549 90 4543
11228 34 1717
10951 29 1469
12070 187 9371
8914 19 981
11071 8 409
12508 266 13323
11139 4 224
10592 298 14937
13548 4 242
9340 92 4605
10729 51 2557
11119 10 531
12036 115 5788
10765 13 670
9726 184 9220
11601 211 10597
10609 134 6721
11520 271 13555
12543 308 15411
11243 82 4133
9090 136 6836
11135 74 3709
9717 310 15545
9188 19 964
11182 87 4359
11728 61 3056
8419 5 266
10449 127 6391
11508 160 8014
11830 39 1975
10712 316 15841
12066 41 2054
9470 91 4582
9713 64 3214
11601 139 6998
10471 35 1799
13477 54 2745
9338 109 5470
9041 83 4170
10444 15 780
10436 305 15290
11558 5 275
12543 131 6586
10756 80 4015
8859 14 731
10972 58 2916
10694 159 7964
13537 1 90
10592 182 9104
8934 47 2361
9651 187 9381
9656 332 16620
11551 108 5404
9505 216 10832
13491 54 2744
8747 123 6189
8905 49 2453
13454 19 956
9618 263 13173
8958 186 9335
11618 42 2106
8626 81 4075
11751 107 5372
8468 55 2751
10683 272 13645
11087 47 2362
11912 87 4391
12054 45 2287
13692 71 3587
11001 13 658
12364 111 5571
9075 48 2407
9061 53 2685
10756 12 647
13616 245 12282
8889 67 3386
11776 179 8985
11614 158 7932
12079 10 529
8413 11 576
10580 222 11109
13491 59 2980
8915 117 5877
9507 243 12162
10848 105 5269
10353 0 16
11884 265 13254
13638 145 7264
8529 276 13830
11779 269 13463
13676 50 2530
11977 7 368
9704 118 5924
10850 197 9864
12542 164 8224
12558 18 920
10864 19 979
12508 164 8232
11751 220 11039
8904 65 3299
8677 10 531
11867 14 743
13561 95 4764
9267 23 1199
11847 74 3720
11861 6 303
10883 174 8712
11614 14 718
9410 71 3599
9080 30 1534
10660 241 12054
10520 81 4071
9640 108 5423
10883 125 6288
10747 50 2505
10592 183 9182
9009 147 7359
10864 114 5713
12025 86 4321
11998 57 2877
9090 136 6814
8460 227 11386
12004 283 14167
9704 118 5908
10705 166 8330
9457 86 4310
10811 49 2492
9345 63 3177
8934 47 2378
11913 323 16184
10547 69 3483
11728 218 10912
11926 239 11987
12383 3 181
9090 136 6836
8897 25 1296
9037 235 11785
8700 206 10346
8539 38 1912
12368 49 2473
9583 277 13886
11668 86 4346
10729 51 2581
11540 64 3209
11182 171 8551
10883 165 8260
12426 64 3248
13470 46 2308
8861 38 1925
11741 26 1336
13583 178 8948
9464 85 4299
8620 128 6432
11194 1 81
9605 71 3554
8695 7 373
8441 191 9567
12383 3 182
9583 206 10323
11564 26 1305
13542 138 6937
9080 34 1715
9579 45 2286
13537 1 74
10609 134 6715
12504 149 7493
13477 54 2729
8465 258 12917
9679 48 2435
9035 139 6979
12565 123 6162
11830 133 6652
11995 33 1682
8690 164 8225
9362 248 12404
9473 22 1137
10449 287 14373
11935 27 1394
12497 13 688
12374 88 4417
9516 213 10655
11751 220 11039
11111 92 4632
8957 233 11658
11544 3 154
11169 129 6491
12496 96 4816
12549 96 4847
12039 84 4234
8862 52 2621
11150 5 293
9567 156 7834
11943 254 12712
10434 21 1052
11792 11 554
10625 233 11698
11930 276 13837
8433 204 10235
9651 129 6496
11833 80 4035
10449 287 14375
9411 65 3283
11915 31 1574
11842 15 752
11080 103 5158
13662 132 6616
10522 181 9078
10848 110 5545
10906 205 10283
12086 31 1555
13675 208 10449
9632 128 6439
11879 228 11448
11824 9 479
10925 124 6215
11278 51 2565
10756 12 647
9061 52 2641
12392 19 990
11747 3 181
11619 3 196
12554 86 4327
8695 8 428
13564 7 360
13477 99 4977
10480 111 5578
8909 47 2354
10574 25 1270
9364 25 1298
10434 114 5705
9542 298 14920
11924 8 424
11842 49 2488
12520 12 647
11707 93 4693
9008 118 5937
9410 72 3633
10448 100 5048
13683 19 999
10705 166 8330
8909 43 2190
12566 251 12594
9195 224 11239
8909 45 2269
9247 44 2204
9632 60 3049
12482 295 14761
12039 77 3884
10660 197 9868
10906 128 6437
10592 183 9162
11519 192 9618
10856 34 1721
10848 110 5514
8914 18 913
12542 19 955
11599 59 2978
11080 103 5152
9068 43 2166
12485 116 5802
11926 293 14662
11866 71 3577
9009 146 7335
9464 83 4172
9024 44 2235
10666 43 2159
11913 318 15923
9439 115 5760
8701 225 11287
8905 52 2620
10850 78 3934
9437 30 1510
9511 323 16198
8958 188 9442
8853 201 10066
8690 39 1983
10501 18 915
12482 295 14789
9615 25 1288
13580 4 247
10579 9 460
10696 255 12765
8959 207 10393
10906 221 11076
10696 234 11721
11921 178 8948
12508 266 13331
11664 16 837
9442 173 8688
9500 2 146
8419 1 56
12077 166 8307
9366 127 6385
8447 57 2888
11963 359 17993
12009 32 1610
9545 210 10521
9345 60 3017
8959 183 9153
11922 107 5391
11619 3 192
13527 24 1225
10390 62 3103
11779 0 24
10837 144 7222
9632 118 5921
12565 292 14640
9620 288 14409
11087 18 950
11527 0 18
13621 40 2034
11629 52 2627
11150 5 292
10449 206 10322
8508 7 358
10773 110 5510
9601 125 6262
10848 112 5618
9338 107 5363
11604 155 7755
10838 50 2547
12485 82 4136
9542 293 14669
9668 193 9697
9390 7 372
10708 43 2176
10551 117 5889
8902 35 1777
10442 11 584
11913 281 14072
8770 271 13551
10694 159 7956
8746 208 10413
12023 23 1153
8441 190 9545
9379 243 12193
12543 131 6575
8934 47 2367
13583 178 8948
11116 126 6343
11879 228 11404
11664 119 5985
11601 1 77
10545 145 7300
11991 100 5011
8862 133 6688
9583 500 25003
10849 229 11463
12406 5 297
9545 218 10950
11933 128 6403
9009 146 7335
10522 182 9108
10574 24 1217
11707 146 7332
8620 128 6445
13561 114 5723
11512 12 608
11935 250 12524
8690 41 2067
9620 44 2236
9470 96 4804
10593 72 3631
9379 242 12122
11759 25 1292
11551 123 6170
13675 235 11796
9516 126 6329
9188 123 6198
8746 59 2961
12431 39 1982
11512 87 4390
8587 79 3981
11935 29 1482
11601 297 14864
9681 80 4010
10483 57 2879
11913 137 6857
11841 25 1254
8959 208 10432
9243 120 6042
11924 8 450
10610 270 13534
13623 116 5828
8695 22 1105
11619 60 3026
11078 20 1009
9457 86 4320
9028 6 315
13638 46 2332
9247 42 2114
12560 86 4306
10747 19 971
10998 69 3494
11878 224 11237
12070 371 18593
10569 6 341
10660 326 16341
9579 114 5736
10727 119 5969
11995 33 1653
10648 53 2676
11993 0 5
13638 46 2325
11527 106 5312
9438 93 4653
10353 0 18
10811 48 2420
10592 180 9031
10660 241 12066
9651 186 9313
13623 54 2729
11759 25 1274
11589 146 7305
13675 19 986
10771 246 12344
9463 92 4613
9065 95 4785
8852 37 1886
8987 141 7057
8468 55 2758
10711 44 2216
11776 59 2954
10998 69 3458
10592 295 14784
12046 94 4716
11589 146 7305
9632 128 6420
9324 39 1999
12094 6 318
10906 205 10292
12543 308 15434
9196 1 76
9545 218 10929
9665 8 411
12556 8 413
11614 6 341
10747 50 2521
9470 45 2253
10475 187 9355
11520 54 2729
9473 23 1188
10483 58 2948
9364 25 1277
8918 122 6126
8409 19 995
10520 81 4060
9694 167 8395
12075 134 6725
11878 10 527
11514 32 1636
9516 329 16452
12508 99 4978
13586 0 21
9615 25 1281
9463 92 4623
8433 99 4972
11593 98 4922
11922 136 6814
9592 274 13739
12000 97 4880
9618 262 13114
10483 61 3051
10988 186 9312
9511 325 16288
8996 292 14622
9500 391 19594
11965 136 6802
13671 124 6239
8471 20 1011
12454 425 21287
8683 203 10173
11707 131 6556
11726 188 9431
11922 70 3535
9267 24 1209
11933 224 11227
11878 119 5987
11776 59 2971
9500 2 146
10906 221 11084
9439 117 5889
11614 158 7915
12449 147 7361
13552 57 2886
9243 120 6018
9679 46 2334
11906 166 8341
13688 7 352
10712 307 15357
8852 32 1636
11972 43 2196
9438 34 1740
12542 164 8211
8468 56 2841
9709 9 469
9394 125 6292
10931 103 5160
8879 106 5322
13626 82 4147
11817 0 39
11527 7 389
11230 17 875
9344 244 12205
10950 18 920
9618 264 13235
8915 119 5954
10800 21 1062
11519 72 3637
11551 106 5329
11514 22 1116
9065 82 4131
11589 59 2977
13661 81 4059
8740 35 1772
10590 41 2053
10672 68 3450
10483 60 3006
11721 152 7633
9444 327 16387
11119 110 5515
11885 42 2135
10635 65 3265
10737 289 14490
11601 139 6952
