17631 51 2555
18673 47 2352
17666 212 10633
17956 128 6449
18927 91 4580
18021 514 25719
16875 22 1102
17137 149 7468
16169 78 3938
17653 30 1530
14582 1 86
18286 78 3911
13708 85 4266
15234 101 5075
14124 155 7779
17255 14 741
17169 23 1188
15867 142 7129
18044 329 16458
18263 126 6323
16994 37 1869
16759 7 397
14458 84 4213
13970 29 1484
17314 66 3341
15634 126 6312
16978 298 14919
18527 716 35803
14959 269 13468
14603 88 4419
17029 99 4998
14183 25 1299
18052 49 2465
17004 286 14311
16222 12 625
13913 66 3342
14096 66 3337
14184 34 1720
16172 465 23283
15103 106 5341
15086 30 1505
17372 103 5152
18031 291 14584
17128 148 7419
18760 149 7486
15282 56 2804
18631 178 8936
18665 240 12014
16169 301 15075
17482 77 3894
16101 69 3484
14603 88 4419
18646 2 113
17500 18 918
15154 74 3724
15592 8 443
14729 57 2877
15251 159 7968
15416 122 6109
17206 104 5206
17963 53 2699
14580 9 494
14229 61 3080
18007 76 3801
15783 233 11683
18782 72 3647
15409 52 2636
18795 1 73
18918 139 6978
14153 96 4841
18495 127 6395
18495 82 4148
18935 95 4799
18665 329 16456
17166 5 278
17869 42 2139
15783 362 18108
18922 196 9843
13945 246 12329
17128 108 5401
17024 13 678
18673 159 7972
17210 229 11463
14631 27 1362
13864 89 4460
14784 9 488
18637 138 6924
17555 1 51
18574 340 17017
18268 5 253
14212 184 9246
17312 186 9324
18922 574 28707
17663 21 1095
13861 125 6275
16743 21 1053
13937 58 2929
14146 55 2771
14375 133 6695
18676 493 24675
15353 170 8541
18882 106 5340
18910 140 7035
17467 80 4032
13809 41 2099
18242 93 4667
18218 219 10977
18731 224 11225
14729 188 9403
13779 223 11151
18488 560 28039
18933 95 4788
17560 56 2819
17578 12 605
14038 107 5396
15353 164 8243
15166 70 3531
14030 74 3713
13767 46 2305
14924 135 6787
17309 17 878
14129 44 2212
14975 102 5141
17974 264 13232
16172 126 6312
14080 140 7049
13702 47 2367
17521 18 907
18021 373 18675
14191 204 10228
15466 256 12837
15440 26 1320
17414 40 2038
18057 38 1926
14080 205 10262
16894 89 4478
15086 30 1505
17435 16 831
15425 40 2044
17352 44 2249
15417 24 1244
18733 50 2541
16292 76 3845
17975 72 3603
16544 117 5856
16109 148 7414
13950 21 1083
16222 54 2733
14080 240 12026
14639 39 1988
17724 34 1733
17169 23 1188
15469 32 1646
16348 98 4935
17524 127 6383
13861 46 2336
16109 148 7414
16173 191 9593
16159 158 7945
14257 237 11853
14939 67 3379
15125 174 8736
16513 15 772
16172 471 23589
13807 98 4916
14080 205 10277
17243 100 5006
14814 114 5702
17451 300 15024
17678 37 1897
17615 4 218
18527 279 13962
16731 491 24579
17306 68 3432
15457 194 9707
18233 73 3655
15392 114 5713
13895 42 2124
13721 60 3028
16094 244 12224
18773 28 1407
14555 23 1194
14708 24 1233
14597 70 3547
14673 16 841
17985 159 7973
13982 100 5044
18272 75 3782
15880 26 1325
16021 302 15119
14736 268 13422
16852 197 9870
18863 86 4315
17195 118 5901
15409 6 337
18673 105 5254
15498 152 7644
13714 72 3631
16960 47 2400
18760 191 9578
16228 219 10978
15762 193 9697
14009 90 4539
14220 18 938
16216 105 5251
18646 65 3289
16529 33 1660
15457 212 10636
16162 71 3586
16867 37 1889
18678 317 15895
13861 28 1412
13714 113 5666
16529 30 1550
18286 111 5562
16891 131 6594
15099 151 7583
18794 112 5603
17691 8 449
13714 50 2528
14068 68 3407
18028 96 4834
16271 8 412
14123 114 5705
17328 29 1451
15961 391 19556
14112 190 9510
18021 386 19324
14965 141 7064
18495 157 7867
15507 5 300
18044 230 11543
17521 84 4206
15335 125 6270
13702 58 2937
17353 12 626
14062 54 2718
13791 195 9781
14455 38 1907
15130 26 1318
13862 153 7652
18692 299 14987
18032 242 12136
16891 243 12171
16906 46 2328
16731 90 4533
17630 23 1180
16906 84 4211
16679 64 3227
15115 7 363
14453 169 8467
14009 63 3197
17701 55 2752
15179 22 1102
17522 59 2962
15397 197 9880
15931 0 45
18741 21 1073
17560 49 2462
17631 20 1022
16986 38 1926
18713 7 371
14959 277 13874
17671 410 20513
13799 30 1520
17851 173 8685
18035 230 11501
18701 21 1068
15517 24 1212
18935 71 3575
18794 162 8104
17243 84 4241
18687 351 17556
14824 231 11557
18882 143 7154
14021 4 219
15593 178 8926
14985 64 3211
13809 135 6759
14882 92 4634
14335 160 8008
17578 2 140
17177 26 1306
13982 34 1710
15098 57 2880
16741 354 17726
14626 143 7166
15730 0 11
18753 57 2852
17401 98 4920
16731 418 20917
15669 29 1455
17763 12 630
15894 118 5904
14026 39 1966
14543 103 5154
18771 50 2506
17479 21 1091
16112 487 24355
18935 383 19168
13732 33 1671
17467 60 3023
14597 144 7235
18935 257 12862
15766 15 775
13979 181 9091
17630 161 8072
16023 462 23148
14220 43 2185
18794 56 2843
14537 52 2650
14401 103 5172
17514 3 169
13739 19 991
14801 40 2021
17840 200 10035
18923 446 22316
14901 7 396
14598 43 2191
17846 131 6560
17630 122 6148
14543 95 4754
17521 25 1277
15859 180 9042
14553 190 9549
18615 438 21945
18032 250 12517
17057 80 4042
17849 86 4324
18615 150 7517
18218 147 7391
16752 17 884
16188 32 1615
13729 80 4045
18057 137 6877
17240 22 1121
16188 159 7960
14924 146 7337
17458 55 2787
14428 188 9432
15257 127 6389
14784 6 327
13805 282 14127
16520 37 1864
15427 12 615
14985 64 3211
16228 113 5670
17169 23 1187
13763 132 6611
15701 255 12789
16119 13 697
18927 65 3272
14026 109 5473
14067 48 2426
13709 30 1548
14985 30 1536
14428 194 9713
15771 58 2919
14763 56 2824
17043 98 4902
15242 182 9106
16356 17 862
13770 10 529
17667 85 4288
17302 78 3918
15396 145 7295
15466 256 12808
18286 33 1673
17686 274 13750
18026 105 5277
18469 185 9287
15301 117 5862
16200 75 3771
17327 75 3755
17383 398 19943
18679 105 5276
14306 198 9916
15801 140 7032
16852 70 3501
15923 451 22592
15901 183 9154
16169 362 18106
18752 534 26735
14891 46 2326
17987 76 3828
17514 3 169
17365 29 1487
18794 113 5651
18054 436 21821
18615 319 15957
14789 112 5619
14603 15 792
14715 34 1739
18673 52 2604
17011 16 820
18685 238 11921
15238 175 8767
17972 127 6396
14549 106 5301
18714 165 8281
16491 14 722
15961 370 18539
17251 43 2157
17726 74 3726
16551 328 16431
16221 31 1591
15808 51 2577
18267 40 2019
15391 201 10077
15894 0 45
18653 258 12934
15382 20 1044
17089 104 5238
14067 47 2373
18795 50 2542
16339 159 7962
14212 184 9213
15267 163 8199
16422 20 1045
14171 51 2560
13791 122 6124
17874 3 197
17169 322 16141
14220 43 2185
15851 53 2660
16588 195 9778
13913 288 14435
15478 226 11307
18782 24 1236
17095 16 830
16199 27 1370
18959 17 892
17698 6 336
15639 169 8492
16776 222 11128
15501 96 4814
16906 32 1619
17383 398 19912
15398 357 17862
16169 100 5011
15111 71 3568
13911 140 7025
16422 23 1178
15846 112 5635
16028 460 23019
15111 289 14466
14458 83 4184
13937 40 2015
13780 143 7191
18935 71 3575
15416 77 3894
17530 69 3469
17662 129 6497
15923 48 2405
17162 177 8894
14535 109 5472
15682 28 1438
17955 72 3644
17566 160 8035
13923 25 1264
14212 184 9234
18615 438 21945
15111 289 14466
16104 55 2773
18032 270 13504
13945 178 8901
15715 34 1746
14357 5 289
13715 92 4613
18910 157 7877
17524 101 5095
14357 5 289
17091 63 3170
16169 64 3210
16847 0 7
18527 466 23329
15125 67 3362
14044 32 1646
16038 192 9601
16847 0 34
14729 89 4451
14030 89 4487
16061 7 387
14912 134 6731
14802 286 14340
17978 126 6343
14327 26 1337
16920 9 467
16540 1 76
14401 91 4569
13736 51 2587
16891 131 6565
13763 14 750
18793 56 2839
18031 291 14558
18673 47 2373
14555 141 7051
18741 27 1400
14062 5 271
14708 34 1715
15463 246 12350
14569 77 3897
18495 82 4146
14212 184 9213
18764 42 2137
18514 105 5276
17973 27 1365
18044 230 11543
14686 79 3998
16008 133 6679
18678 302 15150
18244 35 1774
16965 123 6184
15397 219 10977
16762 1 58
17514 3 169
16877 11 570
14458 1 51
13770 16 839
14122 45 2281
15507 4 206
16281 74 3718
15593 169 8451
14539 234 11702
18495 102 5141
17344 118 5927
15403 149 7474
17369 24 1245
14556 130 6501
15960 140 7016
17853 47 2386
14413 0 35
15969 105 5288
18692 78 3938
17521 25 1277
16741 481 24052
18954 115 5797
16188 135 6779
15440 44 2216
15417 2 138
14789 122 6107
16424 305 15286
14220 18 938
13709 18 912
14112 59 2995
18685 182 9105
14874 8 406
17503 247 12383
15427 8 426
17132 205 10258
17695 1 91
15592 175 8767
16271 48 2431
13803 16 806
15639 194 9702
17126 7 370
17869 42 2139
13791 8 443
14725 118 5902
18947 143 7184
18795 143 7194
17722 3 153
16222 12 625
18733 41 2052
15242 74 3713
18024 366 18343
18631 54 2741
17132 91 4584
14007 29 1494
18865 72 3629
18603 256 12803
14392 96 4815
17398 246 12330
17631 7 355
17853 7 400
17255 4 203
18218 341 17089
17030 93 4677
17853 186 9316
16109 29 1474
17661 78 3908
16422 20 1029
14026 90 4540
17029 158 7913
13745 119 5996
16172 377 18856
17592 79 3993
17344 118 5913
13732 99 4966
17169 67 3357
18218 160 8003
14058 65 3273
17528 18 920
17208 191 9552
14399 47 2398
16504 149 7457
13791 148 7430
14784 9 488
16109 148 7414
18765 183 9193
16158 53 2674
15783 167 8382
17055 202 10125
16778 77 3852
17783 111 5577
14146 12 633
14038 93 4678
14746 88 4414
16875 14 705
14756 63 3180
18527 716 35803
18631 83 4165
14824 231 11557
14458 102 5139
16529 91 4574
14592 69 3484
16094 464 23242
14902 135 6765
15762 40 2050
14726 94 4714
14040 28 1439
18218 160 8003
16052 7 358
14021 75 3786
17137 61 3058
18678 309 15489
16172 32 1632
14124 155 7795
17684 89 4498
13929 12 650
15916 290 14529
14583 28 1415
17306 68 3431
16122 452 22631
17631 7 376
14123 39 1989
17206 337 16875
18021 77 3894
17666 50 2523
17398 246 12330
17592 76 3804
18497 328 16403
18527 466 23302
15593 44 2243
15927 82 4124
18872 1 92
15867 145 7265
15851 19 995
15961 70 3549
15267 77 3862
13762 260 13050
14725 161 8098
16875 22 1102
17323 23 1199
17387 38 1910
17783 141 7053
16168 42 2114
18645 68 3450
17973 46 2336
18927 45 2276
14062 241 12052
17011 199 9960
13921 47 2360
13929 0 28
18782 39 1965
15111 57 2893
15004 12 624
16947 129 6469
15927 38 1902
16994 169 8491
18010 225 11296
14157 60 3021
13708 71 3555
16845 140 7006
15469 271 13563
17986 186 9348
14936 23 1175
18229 41 2068
14129 3 164
18760 149 7496
16949 437 21870
16109 148 7431
18685 35 1781
16753 112 5643
14632 102 5108
14956 60 3001
17563 79 3964
14293 252 12627
15339 180 9006
15774 490 24524
16199 27 1370
15473 240 12023
16286 473 23688
18026 187 9359
18233 171 8577
17545 10 501
14218 10 528
15166 247 12364
13757 50 2544
14026 109 5473
17955 158 7913
17630 96 4848
18692 170 8533
14985 170 8539
18021 260 13001
15588 297 14857
15382 78 3915
15074 15 782
14771 214 10721
17246 2 122
14392 238 11947
17048 72 3640
18954 328 16431
14464 237 11859
14062 56 2820
15412 132 6629
14882 43 2171
17560 87 4378
16226 18 939
13993 79 3970
15774 490 24537
18226 215 10793
15257 6 303
15403 156 7802
17354 40 2032
18631 54 2736
14729 31 1560
13729 80 4020
18631 54 2722
18218 174 8740
13707 144 7241
18039 12 639
17030 44 2213
14140 33 1691
17701 55 2773
16444 83 4154
16778 113 5673
14726 29 1487
18765 320 16042
13991 46 2305
18021 422 21124
18242 162 8140
18021 77 3852
15479 75 3755
17422 0 16
17030 44 2213
16172 413 20671
17231 57 2882
16226 66 3303
17053 113 5684
18244 263 13189
14882 143 7157
17830 25 1286
14623 52 2631
13701 74 3734
17686 28 1413
14468 110 5505
17641 31 1561
16962 101 5087
17497 197 9868
16228 230 11521
18793 31 1600
15593 178 8934
14413 2 111
13729 87 4361
17598 39 1995
17435 16 831
15701 510 25547
18923 162 8134
15267 77 3862
17987 138 6944
15590 171 8554
14768 115 5762
14122 54 2722
18935 167 8376
17401 98 4942
18733 47 2386
15174 58 2926
13762 64 3229
15590 71 3584
13929 10 508
17985 149 7488
15469 291 14589
17724 27 1379
15636 13 684
14438 179 8974
16852 197 9872
18752 161 8067
14760 3 166
17691 19 953
15970 93 4665
18910 157 7877
18032 270 13504
18482 21 1051
17987 76 3843
18286 169 8489
15412 167 8382
18235 247 12367
15099 68 3408
14729 178 8910
13921 47 2358
17091 45 2266
18021 429 21489
15350 43 2176
16150 92 4618
17840 369 18480
18021 77 3851
18678 327 16370
17648 13 673
18052 49 2465
15315 30 1549
17144 118 5918
13935 110 5505
16778 77 3852
16499 514 25733
13780 143 7190
14907 181 9080
16906 32 1644
16158 260 13023
18733 25 1262
16322 1 93
13862 164 8228
17631 51 2574
18488 314 15706
17383 115 5787
13712 127 6380
13767 0 7
18267 33 1655
18955 222 11105
17724 34 1739
17529 22 1123
13803 16 838
18048 352 17611
16023 336 16823
14067 57 2889
15766 24 1240
14924 228 11414
17722 121 6069
18229 1 60
17840 369 18480
14743 187 9364
18021 655 32791
14372 138 6947
14545 6 318
17312 186 9324
16877 24 1215
14067 192 9607
13911 147 7399
14690 25 1267
14438 254 12710
17210 230 11541
17243 13 651
13792 42 2104
14582 1 65
17029 99 4963
16250 17 898
13861 28 1416
18951 115 5770
17144 22 1115
18010 225 11255
18701 270 13544
16852 311 15591
16216 88 4421
15785 59 2984
17365 29 1462
17055 295 14781
18024 291 14557
15125 174 8736
18927 65 3269
15464 162 8111
14550 280 14006
15238 5 266
17739 19 966
16356 18 906
17783 66 3339
18784 3 185
17545 36 1802
16894 224 11211
17108 25 1288
17641 18 929
18673 50 2520
15722 36 1803
18685 9 453
17996 103 5172
14451 15 799
14159 183 9176
17666 212 10633
17761 63 3196
14438 254 12714
18923 408 20425
15682 106 5305
15762 147 7376
14537 117 5854
17210 66 3336
17458 55 2787
13862 4 250
14583 69 3486
14165 70 3505
15339 262 13107
17726 51 2568
16094 534 26705
14464 84 4219
18795 167 8376
16726 187 9375
17144 22 1133
17557 17 894
15923 344 17224
18021 386 19340
17479 26 1311
16228 232 11650
17661 50 2530
15386 23 1184
16776 222 11128
14924 229 11478
15873 256 12818
18286 97 4868
17648 13 693
18938 17 895
17955 190 9527
18933 332 16630
17213 83 4173
15322 63 3189
17851 58 2919
14453 139 6969
17435 16 805
15900 138 6912
14468 26 1336
14956 309 15457
17383 115 5787
16818 96 4845
15463 246 12350
18692 299 14987
15888 24 1211
18228 189 9475
15395 95 4751
14725 122 6134
18218 300 15001
14673 57 2879
13950 180 9029
17871 25 1252
16036 471 23578
17131 203 10162
14067 58 2904
14749 63 3197
18054 339 16998
15828 446 22333
17364 93 4684
15116 281 14055
16894 5 286
13865 251 12570
17217 68 3433
13911 147 7399
17472 17 896
14007 126 6340
17451 23 1153
14912 38 1911
17521 1 66
18021 536 26826
13862 79 3975
15167 20 1034
18489 219 10983
17874 64 3216
14229 82 4115
15330 96 4825
15927 320 16035
14981 117 5863
17217 68 3433
15222 54 2720
14882 169 8468
17541 18 945
17137 16 818
18021 507 25380
18225 24 1208
15174 91 4569
15160 258 12922
15923 497 24871
16378 39 1962
18010 225 11255
16271 82 4134
16119 273 13699
14375 224 11234
14122 45 2296
16962 10 547
14038 39 1977
15291 125 6267
16584 94 4709
16250 36 1828
18615 231 11567
14874 178 8906
13962 13 661
15954 208 10415
17500 60 3021
13896 99 4958
17791 48 2445
13937 40 2015
16107 58 2928
14899 285 14280
15828 367 18362
15231 157 7865
16679 83 4186
16158 66 3307
18910 157 7877
17851 173 8685
16169 113 5674
17030 44 2224
15873 256 12818
15872 38 1935
16169 357 17899
18492 323 16177
14122 92 4638
18699 161 8089
17091 64 3230
15386 96 4820
13929 10 508
15792 222 11148
16199 444 22210
18021 438 21935
13896 24 1219
18021 514 25705
17132 182 9147
18048 186 9335
16232 86 4327
17662 57 2865
17667 9 482
18516 372 18637
18753 124 6224
15314 47 2367
13913 91 4572
15873 123 6189
13773 69 3476
14332 75 3773
15676 184 9236
14107 72 3619
16158 66 3343
17206 388 19415
17522 59 2962
15851 92 4626
17726 51 2558
18469 145 7285
17408 20 1019
13763 247 12396
17663 21 1095
17426 2 142
16101 102 5129
14203 52 2609
18225 561 28079
17724 34 1747
18054 447 22384
14639 39 1988
14726 29 1487
15862 5 293
18761 40 2037
18882 58 2905
17166 8 434
14607 47 2365
17126 45 2280
17955 206 10319
14641 193 9679
15222 99 4976
18021 283 14156
14818 97 4874
15167 36 1825
17596 47 2371
14644 281 14081
17169 322 16141
18765 104 5213
16826 193 9684
15492 28 1429
18773 12 601
14293 63 3169
17648 50 2549
13803 171 8564
14771 204 10221
14590 92 4641
14551 204 10239
17990 129 6490
17302 14 736
13861 148 7440
13937 40 2015
14186 207 10352
13878 33 1659
17036 433 21699
18502 11 569
16317 67 3369
16499 224 11221
18244 30 1517
18225 449 22454
18244 98 4934
14789 116 5819
13907 16 837
18935 391 19583
17467 80 4029
16222 54 2722
17390 21 1095
14191 209 10464
14542 289 14461
15426 83 4164
18724 33 1677
18760 150 7504
15436 0 40
18733 7 355
18202 89 4459
17451 311 15578
18760 150 7515
14059 84 4215
13707 126 6305
15794 119 5971
13991 46 2305
14343 37 1887
18265 149 7459
16750 1 76
16551 373 18691
17851 182 9135
16051 85 4258
17108 25 1259
14310 1 57
15473 57 2856
16986 14 708
17847 277 13865
14977 15 789
15828 429 21477
16894 224 11211
18779 17 897
15909 36 1838
14392 238 11947
13807 25 1275
15954 208 10415
15409 17 857
16852 197 9887
18005 112 5637
15183 12 601
13791 54 2723
14105 32 1626
17973 46 2320
17034 239 11993
14814 114 5702
17217 70 3504
16524 389 19498
14760 149 7451
14914 250 12532
13791 195 9751
15436 119 5984
15061 181 9069
16809 240 12038
17865 55 2751
14458 25 1295
15446 66 3302
17407 141 7092
16753 112 5611
17493 214 10704
14080 140 7049
16226 3 185
14784 57 2860
15466 256 12837
17344 118 5913
14535 109 5472
18225 79 3957
17503 128 6414
14455 95 4791
15851 19 968
14580 5 277
16889 250 12543
15136 36 1837
15166 350 17542
14553 292 14616
14542 289 14455
16228 158 7941
18764 42 2137
14036 12 622
17663 21 1095
18495 102 5141
13982 109 5499
13714 113 5666
14828 198 9910
18678 226 11338
14436 215 10788
14438 254 12710
18574 349 17485
18495 102 5141
18514 105 5255
14458 37 1861
15507 4 226
17652 50 2501
15482 116 5831
15915 129 6466
16506 5 257
15411 153 7690
14080 140 7049
15174 58 2926
14924 39 1954
17683 89 4483
15398 228 11425
14464 124 6202
14981 9 471
17858 64 3201
18603 256 12823
18793 56 2839
17243 86 4312
15395 87 4369
18244 334 16748
14912 75 3773
15880 26 1325
18651 172 8633
15116 282 14141
13720 10 507
16168 42 2114
14079 166 8333
18482 25 1296
18764 42 2110
17503 247 12383
17307 2 116
13791 97 4896
15061 71 3565
17401 8 431
17186 32 1631
14965 257 12863
13799 42 2111
16158 211 10594
14186 15 767
18882 119 5962
16962 10 547
17963 66 3319
17648 12 630
15151 283 14189
15118 186 9339
15862 180 9040
17166 5 273
14246 116 5830
16038 246 12308
16052 208 10445
15014 146 7306
16169 100 5011
17144 14 725
17087 361 18080
15111 71 3568
15166 149 7461
15251 110 5504
15966 369 18456
16150 209 10472
13787 23 1177
18235 236 11827
14749 209 10466
16028 226 11345
14690 26 1326
13763 93 4674
18793 40 2015
18701 116 5834
15274 35 1789
17851 173 8673
15345 148 7434
17195 196 9849
16750 33 1656
15254 143 7166
18034 86 4311
13714 25 1283
15246 126 6341
16579 76 3811
14334 72 3622
15952 132 6609
13911 140 7025
15486 177 8888
18527 274 13720
15403 149 7471
16340 416 20827
17985 229 11488
14409 155 7756
16935 46 2313
15433 170 8506
13913 55 2790
14464 84 4219
15762 233 11691
18286 78 3911
16726 187 9375
15592 138 6940
15952 74 3719
18527 674 33741
13895 41 2068
15592 114 5738
16119 463 23166
17955 206 10319
16118 79 3963
18862 391 19582
17630 96 4847
15989 307 15361
18665 250 12549
17383 444 22219
13861 141 7088
13712 127 6380
15397 152 7627
18496 78 3947
17620 69 3474
17667 246 12336
17090 64 3246
18044 329 16477
15792 222 11148
17560 49 2462
18615 117 5859
15873 200 10030
17521 34 1707
15986 42 2114
14873 249 12468
17727 22 1148
17246 7 399
16845 86 4320
14789 70 3533
16551 328 16413
18235 41 2075
14362 75 3786
18701 8 425
17128 8 413
13913 66 3323
16520 27 1362
18631 62 3102
13940 16 803
14729 57 2877
15479 354 17728
14814 175 8764
14959 269 13468
14259 120 6015
15061 71 3565
15593 139 6951
14788 49 2476
15179 132 6640
13736 51 2597
15909 36 1838
17986 72 3604
15411 153 7690
14998 188 9430
16952 0 35
14186 15 779
17524 126 6312
14080 205 10275
18515 57 2874
15592 120 6040
16168 44 2237
13862 174 8708
14171 47 2374
15396 38 1948
15426 41 2069
18924 4 247
17693 82 4125
17851 128 6411
17594 72 3624
15909 36 1838
14096 91 4580
14319 5 268
15252 14 731
17695 1 91
18646 78 3944
17195 209 10498
17869 92 4638
15079 15 795
18794 162 8149
17383 398 19943
16389 64 3250
13803 195 9783
16205 104 5244
14313 270 13515
17387 5 267
14067 30 1518
17240 243 12169
15420 7 359
16845 117 5854
17726 25 1284
14209 79 3955
18761 9 487
15111 71 3597
16826 362 18103
18244 144 7244
18044 230 11511
18488 314 15706
16849 118 5932
13862 104 5218
17965 268 13432
17686 274 13727
13715 92 4607
17128 25 1273
13736 177 8856
14555 273 13691
18953 316 15848
18044 452 22615
17662 64 3227
17596 6 314
17684 127 6379
17956 128 6440
17055 18 924
18741 27 1397
14788 49 2488
14690 17 883
14901 200 10039
16540 19 960
16341 416 20825
18756 54 2708
15923 344 17214
18244 362 18112
18724 33 1677
13965 18 926
14543 221 11075
15179 22 1102
17314 66 3335
16524 25 1276
17987 18 931
14121 47 2360
15762 149 7472
16172 224 11235
16089 372 18610
18794 52 2643
13897 37 1883
15931 14 743
14438 178 8904
18933 66 3309
17030 44 2224
14899 73 3669
18699 180 9037
18032 249 12493
14220 39 1962
17955 206 10319
14007 4 226
17055 18 936
18286 58 2924
14555 157 7857
15291 266 13305
16122 452 22626
14030 58 2948
18637 138 6907
13911 140 7039
17521 37 1865
15989 440 22004
14093 136 6838
15785 155 7776
14977 15 751
14610 273 13673
15676 184 9236
15397 226 11350
15099 15 783
16776 222 11124
15423 41 2096
16101 81 4060
16199 444 22210
17055 295 14781
16147 327 16393
17524 79 3993
17206 486 24319
18678 317 15895
18021 260 13030
13929 12 650
18712 409 20494
17100 67 3399
18265 160 8005
17246 7 399
13862 35 1800
14882 96 4824
14959 31 1580
17125 37 1877
14912 73 3694
16894 20 1046
18903 356 17811
17323 27 1378
15174 204 10202
15862 5 287
15783 128 6433
16849 118 5932
14891 179 8984
15099 35 1754
16540 15 760
14569 159 7995
14438 178 8904
16109 49 2471
17475 164 8213
17611 105 5269
18910 77 3874
17195 32 1616
15291 319 15953
15291 38 1904
13745 39 1967
18228 125 6292
18468 53 2680
18760 191 9595
14014 162 8140
16073 105 5281
18031 274 13737
18955 54 2748
14746 88 4414
18244 98 4934
18005 180 9028
13942 75 3761
17849 168 8425
16471 80 4044
15923 326 16347
16858 173 8695
17210 198 9942
17186 2 119
15527 19 996
13762 57 2897
15116 281 14055
18463 177 8875
18782 72 3647
15478 157 7892
16339 171 8554
18646 48 2444
14913 62 3106
14112 59 2956
17693 163 8198
16075 283 14195
14549 141 7053
15103 225 11286
13937 58 2929
15386 96 4820
17871 250 12539
15398 357 17867
17987 80 4013
14617 32 1633
15103 12 620
14562 59 2991
14877 173 8685
15395 95 4783
14768 115 5778
14956 240 12049
15987 335 16785
17663 21 1074
14597 70 3547
16158 32 1619
18665 329 16456
16052 464 23206
18733 25 1262
18039 55 2800
14677 29 1499
18510 339 16976
17078 65 3289
14067 58 2904
14611 182 9120
13773 252 12648
14401 99 4959
15079 26 1302
17030 93 4674
14124 108 5424
18741 27 1397
17620 13 652
15246 126 6339
17853 45 2296
15640 6 328
15345 148 7427
13861 125 6291
17524 54 2715
17302 43 2151
16122 161 8063
15867 10 511
17312 203 10159
15961 95 4781
17662 57 2889
17164 78 3903
16894 5 286
15411 151 7597
14375 138 6931
14220 39 1962
18733 41 2056
13864 143 7152
13732 103 5192
14597 33 1653
14959 16 838
18676 558 27945
18062 234 11702
18005 229 11484
17727 25 1278
18923 446 22316
18039 175 8761
15099 118 5948
14026 98 4923
13767 91 4583
16889 48 2401
15125 134 6725
16101 81 4073
17648 13 693
15128 229 11487
14611 182 9124
14539 234 11712
14580 143 7187
14597 144 7226
15877 245 12294
13861 127 6385
17098 64 3206
17169 246 12344
15862 287 14383
14531 35 1783
17055 18 924
18021 507 25355
17257 15 768
17132 226 11306
18615 0 46
13745 197 9864
17325 26 1337
13913 55 2792
14891 46 2326
18724 19 984
14080 181 9051
16169 301 15075
17090 64 3246
14560 6 338
18926 106 5338
17987 38 1904
16281 433 21651
17125 35 1757
16741 116 5850
17655 410 20528
17482 112 5613
18044 230 11539
15766 15 797
15766 37 1885
13799 30 1520
18228 125 6292
14152 47 2354
14763 17 884
15976 72 3606
15917 285 14255
18765 60 3006
16107 86 4332
16852 25 1291
13702 141 7083
18954 250 12519
13935 227 11399
18922 574 28707
17089 49 2462
15099 26 1331
17087 45 2280
14093 196 9841
15923 344 17214
17986 10 510
16317 40 2005
13714 40 2013
15806 121 6080
16148 220 11044
15989 307 15361
13945 178 8901
17849 16 841
16112 487 24400
18245 186 9349
18497 206 10345
15111 47 2382
16411 208 10432
17669 85 4283
15252 34 1728
16250 17 898
18026 166 8335
16867 276 13827
17098 64 3206
15397 53 2678
17493 95 4794
17596 47 2371
17367 42 2150
17726 15 753
15588 297 14857
15960 128 6442
14562 59 2991
14690 25 1260
17053 113 5678
17648 10 512
15677 229 11489
18959 39 1985
16162 72 3624
16513 15 795
13715 92 4601
17255 43 2152
17675 48 2410
14093 182 9122
14975 78 3903
16119 186 9314
15415 65 3284
15274 35 1789
18018 78 3902
13907 16 837
15715 192 9620
15111 282 14143
17696 9 472
15267 77 3862
15101 76 3822
14306 228 11406
14603 15 792
14446 18 912
14124 108 5424
14229 7 379
14000 54 2719
14545 112 5628
14603 15 792
18510 339 16985
15360 23 1181
16540 15 789
14438 22 1123
17255 43 2168
15931 198 9944
18793 31 1576
15923 248 12427
16821 409 20463
17975 52 2622
18714 179 8996
14043 66 3340
17422 5 269
14313 270 13515
18021 222 11146
15116 281 14055
15901 183 9190
15103 106 5341
15783 213 10695
16843 299 14996
14617 32 1624
17053 91 4556
15492 32 1612
14306 145 7296
17955 206 10319
14553 292 14616
13957 2 132
14939 60 3013
15079 15 795
14956 60 3001
15250 73 3691
18765 183 9189
15466 256 12808
17367 18 911
17087 316 15811
14043 20 1030
16506 124 6243
15130 30 1521
18044 468 23427
15492 28 1429
17726 131 6564
14580 23 1180
16551 373 18691
16529 33 1662
15479 282 14147
18489 219 10983
16750 92 4638
17978 47 2386
15125 134 6725
14030 50 2509
17661 29 1458
17727 38 1942
15882 198 9914
17077 8 438
17731 20 1008
15492 4 232
16529 36 1841
17998 125 6271
17169 298 14924
17217 70 3549
14080 240 12024
16726 16 821
18026 166 8335
15792 222 11149
18748 151 7573
18469 185 9290
16339 207 10379
13865 76 3804
18057 137 6877
18272 29 1477
17196 55 2782
15800 48 2429
14619 151 7597
16134 375 18795
15828 292 14603
14392 24 1201
18692 139 6968
14766 7 374
18496 74 3722
15128 209 10496
14789 41 2081
14212 222 11143
17451 326 16331
17955 68 3419
15257 3 191
18794 7 365
14040 28 1427
14582 60 3030
14912 148 7402
17965 15 751
16875 22 1102
18228 187 9380
17696 53 2680
18863 35 1789
17479 7 361
14598 46 2303
17196 55 2782
13807 38 1915
15928 53 2696
16976 36 1838
14998 67 3385
13809 135 6759
17367 61 3070
15762 253 12657
15931 521 26076
18506 90 4504
13763 254 12701
16228 230 11521
16221 23 1183
13913 55 2792
14350 2 103
17978 221 11070
18678 303 15163
18242 170 8528
16433 85 4296
14068 68 3407
17960 207 10385
17307 4 208
15828 302 15114
17458 55 2787
14555 114 5736
18225 492 24613
16158 6 323
16286 89 4469
14977 8 436
13732 128 6414
15697 60 3017
18923 304 15244
17724 53 2661
15783 252 12623
17414 99 4977
17137 83 4169
15901 183 9154
16158 108 5417
17524 137 6873
18795 235 11792
17478 125 6285
15167 9 498
15291 232 11620
18924 4 201
16499 188 9447
16158 108 5402
14401 226 11303
18057 4 234
14626 143 7195
18265 8 449
17596 47 2379
16852 311 15591
14105 124 6220
17524 41 2085
17591 86 4350
18795 50 2541
14580 143 7158
15074 15 782
16679 12 624
17754 75 3777
15116 302 15131
17726 15 774
15894 118 5904
17243 13 651
16965 210 10503
15395 29 1497
15160 61 3077
17169 347 17378
17955 206 10319
15395 95 4783
14297 138 6915
18795 1 93
16874 443 22196
18048 267 13363
18793 56 2839
17095 130 6515
16023 336 16823
15785 59 2984
14537 52 2650
16021 219 10980
14030 58 2921
18286 90 4533
15442 51 2567
17087 336 16843
15130 70 3521
16994 37 1883
15766 15 797
18732 26 1322
18760 149 7470
16802 234 11739
16222 12 625
18474 260 13021
18933 95 4788
15409 17 900
17684 150 7516
13923 25 1264
14007 121 6098
17169 383 19157
16679 83 4200
17692 190 9532
14582 1 65
14985 10 504
13721 60 3006
15966 347 17363
17869 44 2244
15486 227 11386
16845 199 9971
14418 139 6967
15257 170 8531
15894 67 3386
13715 53 2674
17146 13 654
18238 255 12763
16849 95 4769
15894 185 9260
18021 77 3852
14467 162 8149
15701 3 193
18794 52 2649
18685 501 25096
17620 227 11371
14936 32 1604
16935 188 9430
17328 29 1484
15636 0 23
15588 297 14851
18918 116 5824
15382 239 11974
17849 118 5901
16247 69 3483
13805 273 13656
18733 50 2530
15952 132 6646
14959 31 1580
15507 4 206
16091 28 1438
14438 254 12733
16962 290 14507
14569 77 3897
18574 387 19372
15457 184 9205
17853 2 119
14186 207 10352
17354 20 1038
15715 221 11079
17497 160 8006
14186 75 3753
15350 197 9881
15783 215 10753
15339 177 8899
15801 487 24389
17662 129 6495
16875 22 1102
17435 16 831
16158 343 17184
17683 7 369
14446 24 1235
18235 156 7827
18659 109 5483
15252 14 731
13936 23 1170
15339 126 6347
17853 7 400
13708 2 118
15785 74 3712
15762 91 4551
18516 364 18240
14121 183 9161
18733 50 2530
18650 46 2328
14986 104 5241
15322 149 7496
14108 112 5625
17840 330 16531
13865 251 12570
16750 1 95
16743 21 1061
13762 86 4305
14623 23 1184
18615 117 5867
17387 40 2046
14965 203 10178
17691 55 2763
17978 135 6782
18577 291 14576
18257 109 5491
17367 18 941
13732 103 5195
17367 90 4540
15057 122 6132
14257 237 11854
17493 214 10704
18714 175 8795
14446 11 573
17226 34 1715
14062 263 13194
15965 497 24868
17861 396 19806
15116 282 14141
16205 314 15722
15894 0 16
18024 366 18343
18497 351 17568
17851 58 2919
15106 208 10420
18929 173 8690
15477 7 373
17990 365 18298
16051 200 10019
17869 180 9042
15915 180 9018
13773 224 11238
14597 27 1368
16028 421 21100
14603 15 792
14802 286 14340
17302 46 2313
18779 69 3484
15155 34 1719
17763 42 2118
14421 11 571
15154 65 3261
16317 86 4317
18218 219 10989
16759 7 385
18954 3 160
17840 369 18480
15415 226 11342
15517 46 2309
17144 101 5099
13792 118 5915
16446 192 9604
15114 98 4928
18054 15 781
18040 43 2165
15397 57 2897
17724 50 2537
18923 474 23725
15106 240 12006
15961 352 17649
14739 5 292
14771 214 10721
15639 176 8820
18953 116 5827
15783 263 13176
14108 121 6076
18935 257 12871
18482 25 1254
15416 122 6116
17840 284 14208
15395 89 4461
17978 30 1501
14171 47 2374
14458 69 3464
16776 222 11135
14555 141 7073
14350 32 1624
14319 18 901
16962 191 9562
15486 320 16002
13763 93 4674
17631 20 1021
15086 168 8436
14888 217 10876
16101 0 50
17667 71 3598
16975 112 5647
15122 62 3102
15179 22 1117
18242 101 5083
15959 78 3947
16358 49 2497
18923 183 9180
17637 73 3688
18463 177 8875
17560 41 2080
16006 476 23804
18005 112 5637
15469 273 13666
13907 16 837
14205 12 642
18235 16 831
17011 199 9969
14007 0 9
14924 158 7918
17865 96 4808
16162 0 50
17195 209 10497
14342 288 14421
14801 30 1513
16094 46 2330
15806 121 6055
17169 322 16141
18724 19 984
18779 86 4345
14543 103 5179
15106 240 12006
16776 222 11124
17592 93 4698
18717 43 2171
15382 78 3942
17851 113 5684
16169 220 11036
15154 74 3719
14413 2 111
17985 181 9096
17648 0 35
16228 203 10167
16147 248 12404
15715 197 9857
16307 49 2451
15713 294 14713
16051 85 4262
16112 207 10388
17697 15 769
18495 102 5112
15411 119 6000
16112 474 23723
13739 21 1055
13719 1 73
17506 69 3475
18235 230 11525
18032 270 13504
17514 86 4341
14729 29 1472
17983 27 1363
16544 117 5896
15872 38 1940
14399 145 7286
14917 3 158
18615 438 21945
15246 124 6235
14063 92 4613
15851 19 995
17316 41 2060
17323 27 1381
16172 121 6095
16339 159 7962
18733 41 2070
17840 132 6615
17566 42 2125
17033 70 3545
13862 79 3987
16802 250 12548
16162 72 3609
18923 291 14562
14558 147 7396
17055 146 7334
14543 103 5171
15339 28 1433
15762 100 5005
18574 393 19654
16889 250 12543
15701 218 10927
14229 82 4115
16975 191 9576
16874 468 23417
16676 260 13029
13767 11 596
17169 101 5071
17131 192 9602
18261 4 245
17986 227 11391
17661 50 2530
17724 53 2656
16134 166 8319
15098 47 2361
18048 320 16020
17137 115 5784
17560 100 5005
18031 262 13139
15640 144 7207
17514 54 2739
15478 52 2636
17132 225 11291
17095 73 3658
16877 16 827
14377 130 6547
18062 241 12092
18685 501 25066
14592 49 2462
17763 12 637
16853 63 3171
14436 300 15049
17328 29 1484
14103 105 5262
17648 50 2549
17322 53 2655
18741 27 1400
17220 23 1199
14750 25 1261
18488 314 15722
15174 105 5271
17206 254 12733
14467 293 14677
16576 37 1896
17303 32 1632
14455 38 1907
14812 89 4455
15130 37 1879
14431 62 3148
14038 37 1872
15017 116 5837
13792 100 5023
17314 48 2417
14743 187 9364
18753 124 6250
16965 123 6184
15116 282 14141
14583 5 260
15828 319 15960
17344 118 5927
18793 56 2829
17693 153 7667
14021 75 3786
14764 63 3172
18244 353 17657
18935 31 1583
18005 199 9972
15115 126 6330
18603 170 8521
16011 154 7712
18954 3 160
14560 5 285
14559 282 14105
16726 16 821
17325 5 260
16315 8 418
14040 101 5062
17858 71 3557
17726 83 4171
18782 52 2618
15125 174 8722
17614 35 1751
16726 85 4270
14112 90 4543
17344 83 4184
14535 156 7819
15900 196 9837
17108 25 1259
17323 27 1378
16929 134 6730
14399 17 851
15242 182 9121
17990 100 5020
14446 18 912
14157 60 3039
17311 149 7470
18959 39 1985
14553 294 14748
17367 18 911
16506 124 6243
13714 25 1283
14455 147 7355
17034 221 11096
15492 28 1429
14959 201 10075
14431 65 3296
14634 123 6178
16387 45 2275
16122 108 5448
13945 285 14264
18927 53 2668
18466 48 2418
16825 99 4977
14063 92 4613
18697 238 11923
15867 111 5555
14985 64 3222
17314 66 3315
14172 46 2310
14631 108 5428
16158 32 1619
14455 38 1907
18506 90 4521
18031 291 14597
13897 32 1617
17217 106 5328
17972 39 1959
17998 145 7287
18506 79 3991
14146 12 633
15409 6 337
15933 290 14511
15851 19 951
17701 2 108
18673 105 5300
17314 57 2851
16188 159 7960
15478 132 6617
15916 233 11658
13707 5 268
17166 7 355
17231 90 4509
15792 222 11129
15456 184 9214
13779 87 4389
17467 5 263
17853 7 400
14981 63 3181
16960 47 2400
13766 118 5929
17208 83 4178
16506 316 15849
13895 41 2068
14124 203 10178
16387 45 2275
18760 191 9586
17352 290 14528
16159 150 7516
15639 189 9475
14122 45 2281
15527 18 941
14764 63 3160
18659 109 5489
13791 108 5423
14592 81 4061
18927 61 3094
18463 177 8888
17652 50 2521
15882 198 9914
16121 75 3781
18021 77 3899
17410 60 3035
13913 142 7122
16021 433 21671
15808 31 1561
18928 157 7852
16158 53 2676
14607 67 3358
14291 25 1268
16118 79 3963
15916 207 10366
15592 59 2997
18218 62 3144
14067 60 3029
13807 208 10415
13762 57 2894
18923 408 20441
17691 55 2763
14335 232 11643
16158 260 13023
17091 64 3242
14726 60 3050
17671 320 16011
17387 10 514
17034 221 11096
14044 32 1646
16272 320 16049
14310 0 3
17853 2 119
14293 70 3516
16504 149 7457
14631 257 12883
14592 57 2880
14553 190 9521
14935 290 14531
13780 143 7156
17974 165 8267
17138 52 2603
15792 222 11105
16101 81 4073
15161 60 3017
17089 121 6057
14431 47 2366
15504 85 4288
13929 10 508
15017 5 257
17851 58 2924
17658 73 3693
16158 182 9101
14186 194 9745
17467 5 263
14362 33 1667
18035 183 9151
16021 433 21671
13763 131 6589
16158 32 1619
14644 281 14072
16433 85 4299
14555 141 7051
17089 33 1699
16852 316 15830
14436 88 4427
16340 422 21147
14335 160 8008
16281 85 4270
16228 230 11521
15257 170 8510
16159 158 7945
15149 22 1132
17271 66 3331
18794 56 2843
13773 53 2668
15315 6 336
16853 0 21
14423 19 967
18024 573 28681
13739 19 952
17684 150 7516
13803 16 838
14553 197 9894
18018 43 2152
15882 198 9914
18760 121 6058
15766 36 1815
14877 232 11626
18910 86 4302
16726 16 821
15222 94 4714
14191 209 10464
17560 56 2819
18463 177 8888
16852 94 4729
16852 148 7418
16762 37 1900
18218 160 8003
18938 4 205
13945 61 3070
18228 117 5852
17840 242 12110
17985 321 16097
15417 7 396
17724 53 2661
14771 34 1711
15017 116 5837
16975 70 3549
16021 478 23943
15792 76 3822
18765 320 16042
18699 180 9016
15916 461 23083
14899 87 4351
16101 69 3452
13907 16 808
17091 27 1395
17986 72 3617
14530 8 422
14319 18 934
14965 141 7066
14165 54 2749
15593 97 4863
18286 111 5591
15592 8 407
17137 146 7304
18031 262 13139
14873 41 2059
14611 182 9120
13707 126 6327
18021 260 13001
17986 10 510
15986 191 9558
17578 2 120
17990 82 4142
14220 39 1961
17853 186 9345
18678 338 16902
17255 24 1224
18765 60 3006
15136 92 4635
17651 6 308
16317 67 3352
18034 86 4311
13762 27 1386
14335 226 11317
16529 38 1905
18657 37 1852
15946 534 26704
17990 64 3205
18773 30 1506
14829 4 208
15382 229 11464
14220 25 1258
14007 121 6098
15166 335 16760
15397 219 10977
15828 443 22172
17087 317 15874
15350 54 2715
18497 206 10337
17078 101 5099
14569 77 3886
14899 285 14259
17874 57 2863
13773 249 12458
14093 182 9137
15116 302 15131
14067 48 2416
16106 53 2682
15098 79 3954
17869 44 2219
16752 10 501
15877 58 2908
15161 79 3966
14271 253 12693
18731 109 5469
14067 161 8094
18010 225 11255
17684 44 2228
15426 151 7552
18242 15 775
18048 260 13033
13809 135 6798
17098 64 3225
16013 212 10617
17731 20 1008
17985 159 7974
18673 13 668
16845 113 5675
17004 242 12133
14043 57 2858
15902 436 21828
18265 208 10432
17874 57 2874
18646 2 145
13865 89 4494
15154 74 3724
14766 22 1148
14080 115 5799
16172 103 5195
17504 31 1590
14686 61 3061
17846 131 6580
17316 115 5753
16466 88 4401
15382 78 3942
15792 222 11105
17414 40 2032
17169 157 7883
17965 263 13160
17865 22 1101
15177 20 1020
14882 137 6883
17478 87 4382
14259 82 4103
13803 171 8579
16112 20 1042
17858 168 8431
16172 105 5290
14550 301 15100
16172 85 4294
17240 512 25612
18244 143 7167
17090 64 3246
17726 74 3739
16946 130 6508
17177 10 516
18771 51 2573
14558 55 2763
15183 40 2047
16529 91 4598
15859 109 5467
13779 8 406
15792 222 11148
17985 203 10187
18951 306 15345
15482 116 5848
18463 177 8887
14021 4 219
17763 1 53
15391 285 14298
17701 55 2800
16199 126 6338
16411 11 566
15114 28 1425
13791 97 4896
13720 10 512
15593 178 8918
14530 1 73
14882 92 4634
14535 109 5472
14209 22 1111
15955 39 1987
15479 33 1699
15322 137 6882
14802 301 15051
15883 39 1951
14690 21 1096
14127 182 9137
15762 98 4924
13732 99 4966
14549 141 7053
13864 55 2781
17371 269 13495
17087 45 2282
18032 186 9323
17637 16 811
16852 316 15830
17869 44 2244
14203 18 950
14551 41 2097
14007 84 4216
14551 50 2549
14464 66 3342
18765 183 9192
16731 165 8281
14768 190 9529
16094 534 26705
16060 102 5133
17655 271 13587
14687 11 569
15478 358 17930
18021 386 19342
16315 59 2969
17206 332 16630
13865 113 5661
15234 174 8722
16052 208 10431
13725 194 9719
14007 121 6068
17414 190 9526
14611 222 11126
18048 406 20348
17972 157 7854
16891 131 6565
15403 156 7802
16877 32 1634
18701 21 1082
18692 299 14974
14044 30 1541
18910 140 7024
17489 147 7356
17506 69 3498
17302 64 3212
13707 121 6087
18202 89 4459
13935 227 11399
14993 66 3308
14686 19 999
17213 81 4063
14080 205 10287
16679 12 622
17684 75 3780
14560 0 21
14067 156 7849
14446 11 573
16437 8 428
17137 61 3058
14152 47 2354
17755 14 737
14067 57 2885
15308 5 278
18282 94 4725
18701 27 1369
13708 55 2796
16935 364 18243
17693 42 2116
16134 370 18516
15360 137 6898
14067 192 9607
15099 34 1704
17563 79 3964
15417 2 114
17479 6 315
14068 93 4674
14067 58 2904
18527 674 33741
16753 112 5618
15350 197 9881
13950 180 9029
13970 8 419
14998 17 859
15478 358 17930
14112 122 6144
18915 331 16583
17029 99 4970
17349 104 5207
14924 135 6790
18026 166 8335
17255 28 1413
15592 66 3302
17620 127 6389
17111 212 10616
18488 560 28039
14877 232 11614
15794 119 5971
17307 4 209
14726 60 3050
17090 64 3246
15800 262 13146
15098 39 1967
17401 11 589
16802 234 11708
15491 330 16546
15862 287 14383
17125 21 1090
16752 15 788
14981 173 8697
16524 383 19166
13714 72 3631
18678 317 15861
17990 64 3245
17661 46 2344
16021 478 23943
14080 181 9051
14924 93 4652
15136 92 4635
18010 225 11255
18733 41 2070
14708 41 2097
17684 75 3780
18021 454 22711
15592 59 2997
15128 145 7277
16315 59 2962
17451 311 15592
16529 33 1660
15960 241 12059
14539 50 2511
16499 233 11665
14043 57 2858
18514 68 3425
16910 171 8600
18244 307 15367
17144 21 1085
17666 50 2527
14319 18 934
18918 142 7135
17614 35 1753
18218 300 15001
14372 13 663
13714 113 5655
17847 120 6032
18031 274 13726
18760 149 7478
14043 39 1958
16986 26 1332
14750 17 895
18034 136 6825
16023 454 22703
18034 62 3102
18028 66 3340
15386 23 1184
16529 38 1905
13762 64 3218
16821 195 9751
14924 147 7362
15086 184 9239
16112 20 1042
15880 26 1325
15422 46 2311
16134 297 14893
14342 288 14434
13950 21 1094
18482 25 1296
16089 372 18641
15398 222 11106
15952 134 6704
14306 198 9910
16028 226 11345
17678 6 340
18286 21 1086
18238 255 12798
14185 8 422
17727 38 1909
14690 21 1096
17166 8 434
16960 3 187
17996 103 5172
17098 64 3206
15166 70 3531
14229 7 400
15780 136 6812
13940 16 835
16894 89 4478
14736 256 12802
17500 67 3381
13935 227 11367
17614 117 5872
14558 147 7396
13719 50 2505
17684 75 3780
15174 204 10202
13965 7 377
13936 23 1170
18035 230 11531
14205 12 642
15507 2 123
13809 41 2089
18790 336 16830
16735 59 2957
18024 366 18322
18685 238 11921
13732 99 4961
18574 340 17017
16749 79 3986
13707 144 7241
18794 56 2843
17766 43 2197
14372 248 12448
18039 55 2800
17467 80 4032
15409 6 317
14699 11 567
18218 111 5565
14068 224 11247
15656 48 2406
16023 300 15033
18673 92 4650
15250 73 3691
14281 52 2645
15308 5 278
17667 9 482
14549 217 10888
17144 14 725
16216 88 4421
13709 30 1548
17257 15 768
14582 60 3031
17701 55 2773
15915 162 8144
14917 3 191
18021 373 18675
17095 16 830
18235 182 9108
15970 334 16728
16894 135 6782
15976 101 5084
16524 389 19498
15961 391 19556
17684 44 2222
18713 4 215
13895 62 3128
15391 201 10077
17390 21 1100
16205 259 12966
14891 10 515
16965 69 3464
18026 166 8335
16579 51 2598
17972 39 1951
17204 108 5409
14030 104 5209
13779 8 439
18731 224 11227
14582 60 3044
15888 24 1219
17655 57 2885
15966 369 18456
14375 78 3943
17087 45 2276
13957 2 126
18244 163 8164
14729 133 6687
17652 55 2799
13762 260 13048
15161 186 9317
14335 160 8008
15846 167 8366
14024 24 1235
15415 52 2615
13895 78 3938
17500 67 3385
15762 233 11670
15456 100 5013
17239 187 9387
14108 88 4426
18272 29 1477
14673 57 2865
15291 204 10204
15961 370 18533
15106 240 12006
18282 94 4704
18021 188 9432
14259 9 474
14009 63 3197
16228 186 9302
15339 262 13107
16584 94 4709
17138 102 5106
14310 1 57
18617 22 1110
18469 44 2226
15806 14 720
18233 245 12295
14784 69 3474
13937 60 3014
15254 143 7182
14993 66 3308
14750 22 1135
15921 137 6879
16778 73 3674
15446 66 3302
17761 63 3199
14772 142 7132
15966 151 7590
13770 10 529
15774 313 15651
15986 234 11713
17739 23 1192
17493 214 10704
14030 58 2921
17615 6 306
15116 117 5899
14067 15 789
17560 49 2462
14186 194 9726
18713 4 215
15167 36 1803
18929 173 8680
18039 110 5531
18795 235 11792
16446 192 9604
14580 9 493
17683 89 4483
15411 241 12087
16286 473 23696
16109 148 7431
15103 12 620
14592 81 4085
13702 164 8233
18286 191 9561
13767 91 4583
16172 27 1367
17144 22 1133
17349 46 2327
15877 26 1313
16726 85 4270
14392 214 10717
15900 143 7200
18795 111 5588
15486 160 8050
17057 76 3821
16150 92 4618
18244 143 7188
18245 210 10502
18267 25 1261
13979 20 1004
16205 298 14913
16852 316 15830
17615 4 218
15517 71 3573
16471 51 2567
16910 171 8600
15491 46 2348
17853 186 9330
14186 75 3764
17522 59 2962
17544 8 433
16073 105 5292
14464 66 3325
18760 150 7503
14766 7 358
16172 380 19021
16341 416 20825
17004 9 475
16906 46 2337
18779 77 3881
15167 9 498
14673 16 841
16243 174 8741
16752 10 501
14901 310 15514
16433 25 1254
18954 271 13591
17663 21 1074
14939 60 3013
13767 88 4407
14024 10 522
17596 47 2355
16013 212 10623
13991 33 1655
14313 107 5371
17325 5 260
14873 249 12468
18761 40 2037
17164 78 3923
18719 179 8966
18713 4 215
18527 279 13978
15987 258 12940
15231 157 7869
14127 248 12445
14924 229 11461
15017 197 9900
17144 86 4335
15350 138 6903
14108 110 5515
18024 366 18343
15783 233 11683
18760 317 15862
17769 26 1341
17849 168 8425
17793 41 2088
16891 154 7712
16060 173 8676
13773 113 5675
17239 266 13322
17166 0 29
18685 501 25094
18218 216 10820
18026 166 8335
15128 177 8852
15415 225 11269
17030 93 4674
17169 23 1188
14736 256 12802
17693 153 7667
17307 126 6321
16743 21 1094
18574 393 19654
13913 91 4562
16891 10 549
18615 438 21945
16159 158 7945
18794 162 8142
17696 53 2695
13803 195 9797
14088 48 2436
16119 273 13676
17783 141 7053
17965 255 12794
14580 9 493
15800 11 592
13739 19 952
16852 70 3523
18031 291 14560
18931 50 2528
15915 129 6490
14766 7 358
18024 291 14574
13803 16 838
18733 41 2070
16504 94 4744
14802 70 3539
14117 12 644
18218 300 15029
14153 18 924
18865 34 1744
17684 154 7731
15322 149 7475
14807 300 15022
17307 17 896
17196 55 2782
14882 143 7157
18010 232 11603
18795 82 4101
15174 53 2696
17661 29 1478
17596 46 2310
16119 273 13676
18637 138 6907
17497 197 9868
14205 27 1364
16075 341 17073
17137 3 151
16852 178 8905
17592 125 6298
18953 260 13003
17407 141 7092
16847 0 34
14038 64 3236
13982 109 5469
17853 15 760
17137 215 10795
15877 62 3128
15970 330 16544
16172 229 11457
13721 60 3028
15491 86 4320
16152 39 1957
14553 294 14748
15382 239 11974
15274 35 1762
15900 127 6399
15785 155 7780
14801 150 7527
14749 223 11164
16821 207 10396
14549 217 10872
16307 49 2479
15783 362 18115
18713 14 747
18021 370 18538
18767 23 1166
18244 279 13973
14550 10 532
17108 32 1644
17727 38 1950
15463 210 10547
18724 33 1697
16169 362 18128
17369 26 1317
15128 229 11498
17166 0 29
17853 7 400
15061 122 6102
15987 252 12619
17560 138 6941
17743 44 2224
16387 45 2275
14344 14 736
18922 258 12930
17724 34 1747
15339 180 9021
16101 44 2227
16158 66 3316
17514 86 4341
18286 58 2914
13708 71 3584
15593 167 8389
17126 118 5904
14993 66 3308
18218 62 3126
17474 46 2335
17754 75 3777
18612 87 4386
16867 276 13827
15382 20 1044
16529 33 1660
14455 38 1907
16849 187 9390
14985 10 538
16735 59 2991
17325 5 260
14936 23 1175
17186 32 1631
16317 40 2005
17053 26 1347
15267 163 8199
14063 231 11569
15931 521 26051
17655 393 19654
13970 5 255
15442 51 2567
15722 89 4458
15423 38 1941
18794 68 3450
18018 43 2160
18469 139 6981
17793 41 2064
14059 84 4213
18612 93 4670
15412 167 8382
15701 332 16623
18235 236 11827
16051 85 4262
17108 32 1649
17243 84 4214
14985 64 3222
18692 299 14987
18935 386 19323
17598 18 941
15154 74 3705
14464 240 12009
17243 78 3907
15900 143 7186
16158 66 3343
17545 59 2993
13929 12 650
17874 3 198
17162 171 8557
17560 41 2081
14750 17 895
17196 56 2841
18032 242 12136
15099 35 1787
17615 4 218
16731 459 22995
16826 362 18149
14281 158 7902
17204 108 5409
17271 93 4686
17132 205 10267
14935 130 6516
16935 101 5055
16750 1 76
14756 107 5370
18527 716 35850
17387 40 2002
18927 20 1018
16499 233 11685
17162 171 8557
16962 191 9562
15464 156 7804
17383 412 20602
15167 126 6331
13709 18 923
16867 40 2002
16466 56 2849
13921 61 3078
16172 462 23122
16232 156 7825
15774 343 17154
16529 73 3678
17849 2 142
18021 370 18520
14438 74 3721
16877 16 802
15900 138 6912
17541 26 1322
18024 291 14557
13896 31 1585
17667 85 4288
17213 83 4173
15017 87 4371
17367 133 6667
18218 300 15001
17727 36 1849
15397 152 7627
16121 31 1574
15969 105 5288
14725 16 829
17615 4 218
18048 379 18997
13725 126 6349
15862 5 288
14725 118 5901
17985 338 16945
14981 135 6796
14543 95 4754
16926 172 8629
15931 14 743
14218 7 397
16867 40 2018
18923 243 12185
17978 126 6319
14171 17 900
18603 170 8539
15004 1 77
16867 100 5017
17724 14 734
16994 37 1869
15701 218 10927
14171 17 900
14067 192 9607
13708 2 118
14530 8 446
16584 94 4709
14186 75 3764
18021 77 3856
16094 242 12107
17048 85 4271
15923 367 18372
14874 17 851
13982 34 1710
17352 44 2249
13965 34 1731
14350 9 496
14715 57 2871
13799 40 2034
16826 193 9684
18021 260 13001
13791 8 435
18228 182 9130
14768 6 304
14291 138 6904
13767 50 2528
18062 241 12096
17475 164 8240
15965 497 24868
18267 3 166
18218 185 9255
15588 354 17744
15106 240 12037
15411 113 5684
13864 15 763
14117 12 644
13780 143 7156
17701 49 2462
14468 119 5964
14789 70 3542
15350 239 11960
15799 193 9683
17974 255 12761
17726 126 6350
15954 208 10412
16122 161 8063
15828 302 15114
17169 6 309
16216 88 4421
15960 300 15015
14882 96 4824
17985 229 11488
14914 101 5090
18034 62 3116
17592 125 6298
18496 12 647
17383 412 20607
17521 20 1027
13935 70 3542
16750 1 95
14582 1 70
14784 39 1954
14123 114 5722
16676 68 3406
17975 72 3647
17722 121 6089
18466 48 2436
14103 75 3774
15486 227 11386
17563 79 3964
14453 107 5381
15491 270 13510
16340 416 20839
13935 227 11399
17521 84 4211
14789 70 3533
14568 25 1287
16433 39 1951
17578 11 558
15442 35 1766
15959 78 3927
15473 57 2881
15900 138 6912
18218 111 5565
14580 23 1180
17561 3 183
15386 23 1156
17620 227 11384
14159 214 10729
18958 10 516
18794 60 3034
17164 112 5639
15017 122 6128
18244 353 17657
17973 36 1807
15416 85 4270
16891 154 7712
16226 66 3303
17095 16 830
18794 85 4256
14873 291 14582
15923 367 18396
14375 73 3684
17726 83 4171
15360 122 6137
16867 40 2018
18931 90 4510
14603 15 792
17545 10 501
15762 296 14813
13791 244 12245
15286 12 635
15252 20 1011
17648 10 521
18910 114 5744
15961 370 18539
15106 208 10433
17830 25 1296
17302 78 3918
17087 359 17961
15762 80 4004
18935 167 8376
14914 33 1678
14186 15 779
18021 454 22746
16411 87 4384
15398 372 18628
17521 50 2510
14981 199 9989
18218 160 8003
15412 282 14133
18782 72 3647
17226 34 1715
14541 167 8386
17745 16 844
15146 61 3076
14281 52 2618
15397 152 7627
17858 64 3234
16540 1 76
16975 191 9576
15836 35 1794
18685 29 1456
13982 34 1704
17177 23 1153
14186 15 779
17204 43 2176
16172 419 20974
15409 6 337
15469 281 14058
17034 64 3203
17986 186 9339
15486 8 421
15415 245 12284
14446 15 766
15410 77 3872
15883 26 1325
14897 153 7663
14590 92 4617
16960 47 2400
16761 380 19004
17349 104 5207
13803 195 9793
17955 49 2461
17131 2 143
16978 298 14902
16221 4 201
15762 63 3160
16694 327 16374
18005 199 9982
15479 33 1666
15106 240 12006
18031 138 6920
18910 88 4402
17851 34 1706
18574 401 20078
14136 26 1317
18603 170 8534
15783 343 17167
15976 72 3606
17965 11 570
17620 13 652
18923 629 31460
18910 132 6624
14555 273 13691
17367 90 4540
17029 179 8999
15593 178 8926
18733 43 2170
15961 188 9429
15794 119 5971
15966 18 906
15592 96 4815
17383 512 25638
17367 133 6665
15115 118 5941
13712 74 3711
18021 637 31896
18615 438 21945
14807 239 11997
18218 253 12698
17196 57 2899
14677 0 9
15652 20 1019
15140 182 9116
14955 90 4535
14392 88 4443
17307 31 1551
18048 89 4465
13762 27 1386
14977 20 1045
16778 73 3674
14549 83 4200
16759 7 393
14107 72 3619
14805 29 1498
17029 99 4970
13763 14 750
14816 152 7611
17569 7 397
14543 132 6635
15464 162 8111
17596 47 2379
14631 27 1362
15415 226 11302
14372 84 4213
16122 161 8063
14431 41 2094
14530 8 446
15004 1 64
13714 113 5655
17164 112 5639
16158 345 17294
18954 328 16431
18245 199 9975
17726 74 3726
17985 229 11488
18923 565 28282
18732 16 840
17029 179 8999
14771 34 1711
16741 347 17355
17596 33 1686
15682 99 4993
18794 56 2827
15959 50 2521
18021 390 19514
16867 163 8172
15877 87 4365
16894 12 633
15149 93 4697
17563 79 3968
15386 107 5394
14024 24 1241
15592 222 11106
14708 24 1212
17004 229 11478
18954 115 5758
15291 125 6267
15257 127 6389
14550 288 14424
16894 134 6727
17309 43 2168
17098 64 3227
17965 265 13254
18044 449 22498
15722 89 4460
14438 178 8904
17306 68 3432
18054 264 13242
15774 343 17154
17206 388 19450
17727 38 1942
18021 454 22746
16960 47 2400
17978 123 6197
15423 41 2051
15851 92 4621
18712 403 20166
16199 27 1370
18026 180 9042
14446 11 552
16776 8 440
18678 317 15895
18515 57 2895
18225 79 3994
16826 362 18103
13791 54 2750
14040 28 1439
17521 50 2510
13725 126 6349
18034 62 3116
14059 84 4213
15877 245 12294
15507 2 123
14209 120 6042
15382 184 9233
15491 330 16504
14597 101 5088
14882 57 2859
17325 5 263
16446 282 14121
16221 4 231
18760 149 7476
17840 242 12110
18678 317 15895
13714 133 6685
17521 34 1707
14030 71 3554
13876 260 13011
15430 57 2895
15709 25 1298
15722 89 4460
15426 83 4151
17978 126 6319
16169 362 18149
18031 225 11291
14209 125 6276
18032 249 12493
18953 260 13003
14631 27 1362
15927 84 4248
14306 145 7267
14749 4 215
18510 256 12848
14291 24 1201
18032 175 8798
18692 299 14974
17667 257 12871
17312 203 10159
14350 32 1636
15238 5 266
17840 362 18129
16491 14 722
18677 142 7149
18225 140 7049
15433 170 8506
15128 229 11498
15395 29 1497
17379 24 1202
15061 181 9069
14611 182 9120
14117 12 644
17522 15 800
15961 71 3562
18701 21 1082
18924 103 5177
18506 79 3967
14455 95 4797
17210 229 11487
17208 69 3468
17592 93 4675
17053 113 5678
16471 46 2314
15457 194 9745
18765 320 16019
14801 39 1976
16524 112 5615
18005 229 11466
15149 22 1132
14372 63 3168
14446 24 1208
16507 31 1557
14874 178 8945
18922 15 782
15634 126 6312
16172 301 15094
14350 42 2149
14611 182 9129
14409 155 7777
15312 67 3352
13913 91 4572
15931 0 10
13861 127 6385
13725 126 6349
18765 60 3016
14009 97 4883
16060 173 8676
17978 119 5961
15004 10 513
14122 36 1806
14597 100 5011
18021 283 14193
15634 158 7931
14550 300 15004
17701 2 108
18235 30 1509
16107 33 1695
18933 66 3309
15867 64 3235
16152 111 5555
17355 78 3918
17840 132 6645
14669 65 3259
14451 15 799
18753 124 6224
14080 169 8466
16821 208 10433
18054 436 21827
14067 147 7389
14975 63 3161
16036 318 15910
14673 70 3506
18676 493 24675
15527 3 194
17422 26 1342
13937 40 2047
14592 81 4062
18574 401 20078
18018 43 2194
14729 115 5752
15595 13 682
16286 473 23696
16506 5 295
15106 17 872
15766 37 1871
14438 74 3716
17851 173 8651
18574 401 20078
14438 137 6874
16544 102 5118
14372 83 4196
15588 297 14851
15917 285 14255
17528 24 1227
14107 89 4458
17696 53 2695
17974 264 13213
15267 163 8196
18026 180 9033
14067 47 2373
16169 333 16688
15308 46 2322
15701 3 193
15527 12 625
16950 84 4214
13791 201 10065
18935 391 19583
17503 233 11673
17410 60 3035
18764 42 2115
13773 250 12543
17849 103 5195
17111 182 9147
14030 116 5812
15715 65 3269
14399 145 7286
15828 292 14624
18040 43 2165
16222 145 7251
15415 52 2615
13970 5 255
14375 133 6683
17726 51 2568
18933 95 4766
14080 140 7049
17407 105 5279
17449 46 2333
18040 69 3459
18760 224 11218
18903 356 17811
15254 65 3300
16948 103 5200
14801 240 12035
17620 241 12077
17990 444 22220
14136 26 1317
18923 416 20828
15762 330 16544
17186 32 1631
16852 70 3523
15428 62 3113
18717 39 1981
17614 211 10577
17111 182 9147
15697 29 1492
16221 1 64
17004 240 12001
17034 64 3203
16173 191 9571
17111 105 5275
16228 158 7946
14959 16 838
16023 21 1094
15339 0 34
15246 128 6446
17497 127 6380
15961 188 9436
18242 178 8931
14281 158 7902
16513 15 778
16232 186 9334
18034 62 3116
17087 45 2280
14816 152 7614
16847 4 203
17210 230 11534
18645 68 3437
16119 501 25055
17029 179 8999
18021 422 21119
14726 94 4719
17956 251 12584
17137 41 2054
16741 40 2005
16119 524 26249
15794 56 2820
14749 223 11164
15828 249 12493
18495 105 5256
17077 61 3086
18699 161 8089
17251 180 9036
17722 121 6094
15440 44 2239
16348 98 4935
18603 170 8521
16726 143 7176
18527 279 13997
17144 22 1133
18928 35 1760
14743 44 2244
14874 160 8016
14749 191 9597
17847 57 2873
14874 239 11965
14124 176 8818
15486 177 8888
14122 45 2296
17545 10 501
17344 118 5913
16271 82 4150
14220 45 2288
17137 146 7333
15492 32 1634
18923 284 14204
17560 41 2081
17726 74 3739
13896 70 3550
18645 40 2041
15931 42 2138
18872 1 89
14014 162 8140
13709 114 5705
14985 10 538
17791 2 112
16357 50 2508
17186 32 1631
16205 122 6103
14590 60 3012
14550 188 9426
15751 52 2629
14535 156 7811
16529 33 1660
16275 108 5436
14335 232 11609
17596 47 2371
18753 49 2489
17739 19 966
17667 246 12336
13805 282 14127
16852 197 9872
15395 29 1492
17793 41 2088
15430 70 3530
18697 238 11904
16112 0 36
18699 161 8060
14436 300 15049
16499 225 11258
17373 136 6818
18615 438 21945
14814 175 8764
18010 232 11648
14418 139 6967
16874 403 20189
16731 459 22979
15125 67 3362
16173 201 10093
18955 117 5851
17684 75 3755
17349 19 990
17724 14 720
17338 56 2824
15800 206 10327
17726 15 753
14874 133 6691
17871 250 12539
15873 256 12818
17755 14 737
14592 69 3490
14310 1 96
15697 29 1471
17164 112 5639
17271 12 614
16222 157 7861
14067 191 9553
15902 214 10748
14453 169 8467
15099 151 7583
16852 178 8930
16119 186 9314
17965 265 13254
14749 128 6447
17578 11 579
17044 10 523
17686 274 13750
16089 372 18641
18794 68 3433
15851 92 4626
17637 115 5775
18913 38 1928
13739 19 991
18733 43 2161
15785 256 12827
16424 135 6782
17686 274 13750
13770 2 110
16356 17 862
13897 39 1987
14592 69 3484
17240 517 25857
18794 362 18144
17220 23 1199
18959 17 867
18488 559 27979
17987 18 941
14390 122 6124
17544 7 380
14107 89 4458
17998 3 185
14725 64 3233
15774 249 12481
17620 69 3474
17598 18 917
14901 7 396
16891 243 12191
13792 65 3284
16226 18 934
17985 225 11272
18048 89 4465
16094 534 26719
17621 175 8796
17874 22 1115
13763 244 12229
13895 42 2127
14431 47 2391
14372 83 4152
16978 298 14902
16679 64 3240
16741 82 4150
18733 41 2079
14959 16 826
15183 9 480
14771 214 10721
15931 521 26051
14063 245 12264
14739 5 292
18651 14 707
15125 66 3307
17349 6 347
17302 51 2565
14007 121 6098
17978 135 6792
17630 1 66
16513 15 778
17853 2 119
13799 30 1520
15118 186 9339
14597 65 3263
17631 7 376
18574 340 17024
16348 98 4935
18225 93 4666
13732 99 4961
14729 89 4493
15430 57 2895
15386 38 1942
17208 159 7991
18794 85 4256
14743 44 2201
16228 40 2033
15125 134 6725
15395 89 4461
14530 8 422
17591 67 3384
17383 416 20806
15222 99 4975
17087 4 229
14067 100 5034
17087 359 17961
14282 2 147
17210 229 11463
15479 76 3842
17975 253 12662
14736 271 13569
16266 199 9973
18488 536 26833
16028 421 21100
14784 57 2860
18035 41 2073
17766 15 763
15592 8 407
18733 41 2070
15222 99 4975
15955 24 1226
17493 95 4794
16013 20 1011
14366 31 1561
16221 38 1944
15428 252 12619
16089 372 18614
17793 41 2064
17195 209 10459
13913 66 3342
17521 20 1027
14000 57 2857
14165 116 5829
16821 243 12193
13913 199 9962
14401 91 4554
18741 17 863
17793 41 2088
16802 234 11706
18741 27 1397
16341 347 17359
15222 237 11875
18244 284 14202
14739 5 292
18753 138 6906
17144 22 1115
16221 28 1418
14873 41 2059
15397 219 10969
17975 52 2634
18062 241 12060
17691 19 953
14165 122 6135
16051 85 4258
18685 501 25094
17990 129 6490
18793 60 3003
13950 94 4732
16825 99 4977
13929 10 508
18935 174 8724
16051 85 4262
17422 5 261
17698 6 336
14975 102 5141
17521 20 1027
15386 23 1184
18005 180 9048
14828 198 9937
18773 30 1506
14562 71 3565
17569 18 940
14363 34 1707
16894 20 1046
16118 120 6040
17990 46 2332
18032 261 13065
17326 81 4067
17472 17 862
17196 55 2782
18527 674 33705
13721 25 1296
13709 18 912
13773 53 2668
17410 2 141
18021 370 18542
16272 320 16049
17960 207 10385
13874 11 579
15257 127 6389
14107 89 4476
14763 30 1531
14413 2 111
17978 193 9696
16298 110 5524
