12025 72 3626
8427 258 12918
12004 200 10014
9307 254 12741
11545 254 12731
9026 26 1335
10858 8 410
12392 90 4524
10502 156 7811
8455 25 1262
11606 1 94
11912 116 5844
11915 168 8418
8764 277 13892
12083 310 15509
10803 238 11929
9494 345 17296
9447 14 723
12406 1 74
9308 63 3166
12565 267 13385
13536 114 5750
9617 252 12638
8876 110 5519
12045 13 697
10603 6 302
9458 42 2130
8927 139 6983
8905 237 11899
8514 102 5135
11766 295 14791
10995 17 883
9575 16 808
10958 15 772
12486 60 3032
9226 343 17171
11915 168 8418
11279 54 2735
10529 174 8713
10590 16 847
9459 59 2974
9704 103 5170
9501 104 5213
9080 3 173
9316 30 1510
12146 29 1454
11872 234 11729
9512 384 19202
10931 222 11128
8996 307 15359
12032 35 1797
9435 90 4539
13463 30 1517
11791 197 9867
9467 133 6658
9440 103 5188
11793 31 1587
12495 241 12052
13565 74 3709
8627 8 401
10660 89 4484
12091 147 7362
8455 25 1262
10656 58 2901
9277 83 4197
11630 165 8261
11938 39 1963
8771 282 14150
12539 40 2036
9367 105 5288
8724 20 1007
13643 81 4075
11720 114 5722
12091 147 7362
8971 4 228
11766 51 2600
13661 190 9508
13474 51 2597
11618 66 3316
9269 29 1466
12389 59 2981
11723 263 13161
13696 12 630
10660 215 10761
8666 35 1761
9349 151 7556
11912 20 1043
10525 9 469
8919 126 6331
11727 67 3359
10561 133 6699
9575 18 922
9479 247 12379
8927 139 6983
9065 5 291
9297 28 1412
10525 6 321
10870 63 3176
9467 133 6658
11520 31 1592
13453 9 452
9392 41 2084
13536 114 5750
8433 186 9314
11793 204 10244
12073 146 7316
8537 245 12283
8672 14 717
9395 220 11019
9030 70 3540
13661 190 9508
11605 218 10935
9281 195 9790
9494 345 17279
10432 173 8689
13647 42 2102
10448 219 10964
8682 4 235
13689 47 2367
8959 121 6086
12535 11 563
12041 87 4396
8860 87 4381
11527 17 892
10371 37 1889
11926 24 1219
11802 33 1692
11851 67 3385
12110 227 11366
10894 89 4481
10648 123 6171
9239 24 1218
11582 11 552
12431 137 6885
9095 229 11463
8971 4 228
13480 30 1521
9290 106 5338
8724 20 1007
10502 157 7868
11841 10 528
8860 87 4381
11072 6 335
10921 114 5750
11112 242 12143
10761 137 6900
13480 30 1541
10790 143 7183
11296 40 2023
9362 249 12490
9617 174 8713
12011 11 564
13643 158 7906
10656 63 3157
13507 11 589
9704 345 17266
10845 189 9473
11543 70 3544
8735 131 6568
13641 16 838
9041 155 7796
12083 288 14434
12020 0 12
10711 103 5171
12431 186 9339
12497 11 575
10660 89 4484
11844 109 5462
12004 27 1358
12071 288 14440
8616 84 4211
10888 251 12576
11071 28 1431
11537 315 15765
8616 84 4211
8936 276 13809
10529 174 8713
9039 25 1268
11094 217 10885
10449 131 6556
8882 83 4186
9277 43 2191
10648 191 9573
11751 115 5781
11921 183 9178
9559 195 9785
10432 198 9909
9080 2 147
9653 19 992
11833 155 7792
10625 104 5208
9612 8 410
9273 24 1209
9650 70 3533
12420 97 4867
8935 338 16938
11296 40 2023
9285 130 6549
11906 291 14590
9503 118 5929
11720 114 5722
11756 226 11307
9529 128 6401
12145 46 2350
9590 439 21983
9679 110 5516
10493 24 1241
9007 93 4680
11915 168 8418
9494 345 17279
10888 33 1670
12032 35 1797
8777 20 1042
12420 113 5681
11630 165 8261
10719 168 8435
12459 60 3017
9586 249 12464
10436 302 15129
8433 186 9314
12110 95 4772
10625 118 5935
10523 173 8660
11630 54 2715
10625 31 1583
10453 21 1077
9033 86 4346
8471 296 14843
13520 103 5184
11977 175 8771
13476 59 2990
9434 334 16709
9338 128 6421
9583 226 11329
9369 31 1585
10551 147 7391
11578 34 1703
9392 42 2136
10921 172 8618
9603 13 664
8468 104 5210
13463 30 1521
12545 129 6467
10580 29 1458
9653 38 1935
12020 0 12
11073 30 1505
11065 174 8722
10743 307 15394
11520 153 7690
11080 72 3605
8971 79 3969
8899 291 14571
8860 87 4381
10529 174 8739
8446 246 12305
8406 86 4307
13616 198 9933
9479 245 12294
12070 294 14727
8935 338 16938
8445 28 1435
9297 160 8045
11765 288 14439
10719 168 8435
10625 31 1583
11791 197 9883
10725 182 9107
10530 155 7799
11727 2 144
10592 44 2231
8764 277 13892
9065 8 442
12073 54 2713
8444 9 466
9744 27 1375
10453 19 995
12045 65 3266
12106 3 163
9435 90 4540
8433 183 9197
12011 11 565
10382 26 1345
8566 44 2217
11609 197 9861
9503 181 9094
10725 182 9107
9603 13 664
11802 33 1692
10928 132 6640
11091 256 12846
12001 9 469
12545 90 4511
10655 10 534
10951 4 227
13460 56 2807
12145 54 2725
12145 167 8363
11851 67 3385
10931 222 11128
10758 13 662
11727 67 3359
8751 112 5636
10625 32 1626
9273 25 1292
10704 170 8515
9316 27 1361
11884 144 7203
12431 137 6882
12565 92 4648
13693 27 1383
11848 245 12277
13696 12 624
12073 54 2716
12545 28 1414
10790 34 1727
11628 188 9415
9467 133 6658
9369 31 1583
11707 72 3628
10448 219 10964
9281 192 9642
12116 15 798
9308 63 3195
10389 29 1460
8529 206 10305
8467 124 6243
9590 439 21983
13678 202 10114
12459 38 1924
10493 24 1241
10530 285 14288
8735 131 6568
9533 206 10314
11938 39 1987
9022 59 2988
12561 96 4835
12091 181 9060
10902 8 438
9002 127 6366
12111 13 684
11989 39 1967
11282 6 307
9321 148 7438
12517 200 10018
11803 125 6279
10898 107 5389
13619 22 1149
10704 272 13646
8919 125 6256
10613 119 5962
11947 55 2797
9362 75 3752
10958 16 805
8971 79 3989
13474 69 3475
11071 266 13301
11071 36 1842
13463 30 1521
11116 114 5749
13505 19 955
13629 206 10348
12454 441 22095
9529 2 135
10693 37 1861
9435 90 4539
8905 237 11899
11726 244 12213
11815 191 9580
9277 81 4063
9321 148 7438
10773 116 5832
13693 27 1383
9002 127 6366
12380 164 8201
9685 49 2494
12451 52 2630
9649 146 7302
12431 53 2652
12364 132 6619
11072 100 5006
10647 107 5392
9653 19 977
8958 161 8081
9273 189 9500
8971 4 228
9049 1 56
12083 294 14749
9499 25 1291
11842 26 1301
11297 73 3694
8406 134 6733
9090 47 2375
8434 0 29
11973 165 8268
8427 257 12877
9395 220 11019
12431 137 6882
10471 131 6567
10613 118 5907
8445 28 1435
12016 233 11675
10704 272 13618
8996 66 3345
12020 85 4274
9300 104 5206
9338 128 6421
8996 307 15359
13480 86 4328
11996 19 953
8936 273 13675
10951 2 150
10613 119 5962
9653 40 2008
10590 16 847
10672 84 4202
12554 107 5364
9095 357 17899
12083 288 14434
9080 0 39
10445 312 15644
9369 31 1583
11039 156 7849
11896 8 424
9277 43 2191
8893 54 2714
12083 294 14749
8750 177 8867
10578 32 1639
8919 137 6853
11083 171 8580
11998 269 13488
10448 147 7353
10995 17 883
9095 229 11463
9525 230 11534
12004 27 1358
9653 19 992
9095 357 17899
12543 276 13839
11071 28 1403
10884 293 14699
9586 249 12486
10439 110 5547
11998 345 17284
9040 99 4956
11609 197 9861
9500 130 6508
12545 129 6499
9313 12 636
8750 42 2138
8958 161 8085
9281 97 4891
11791 197 9883
12052 23 1183
13538 9 472
8771 133 6662
10561 144 7228
12041 87 4396
10687 91 4565
11664 86 4339
12020 85 4274
11756 226 11307
8771 243 12186
9447 14 723
9080 2 147
12029 35 1793
12066 83 4153
10530 155 7799
11802 33 1692
10648 125 6277
11543 70 3544
13689 47 2367
9617 250 12550
12565 92 4648
11582 11 552
12000 107 5380
8750 177 8882
13507 11 596
11290 222 11133
9374 38 1920
9035 51 2571
12106 3 195
11762 306 15332
10741 45 2275
10798 78 3901
12020 85 4274
11977 175 8762
9068 236 11823
12543 17 867
12052 44 2248
9637 251 12597
11290 222 11133
10870 62 3146
11624 31 1559
12380 124 6209
11094 217 10885
9065 8 446
9545 243 12165
10493 24 1241
10603 6 326
12020 0 12
11872 54 2713
11090 63 3195
11609 197 9861
11005 56 2801
9437 184 9203
9467 133 6658
10905 77 3876
10762 132 6609
10769 41 2086
10898 105 5293
9033 84 4209
13565 74 3709
11963 374 18707
13476 59 2990
10625 104 5208
9500 358 17921
10951 4 227
8919 136 6850
9725 36 1816
11947 55 2797
12497 11 575
13618 73 3679
10613 118 5907
9289 155 7753
10856 81 4069
8738 270 13512
11112 242 12143
11878 129 6467
9637 252 12639
9277 81 4072
11005 56 2801
11935 251 12553
11813 167 8391
9039 25 1268
12111 13 693
12145 167 8363
8708 11 585
12139 105 5288
10921 114 5750
12516 24 1239
12041 24 1215
9677 159 7956
10471 98 4924
11527 127 6359
12431 137 6885
11878 184 9211
8996 307 15359
13678 202 10114
9545 307 15391
13580 164 8243
12071 315 15771
10803 238 11929
11878 184 9211
10857 88 4410
10439 189 9488
8427 257 12877
9300 104 5206
12561 23 1182
9362 75 3752
12083 288 14434
9467 134 6738
9403 2 144
11926 68 3441
8471 296 14843
11628 248 12438
11618 66 3301
9435 90 4540
12056 339 16968
13689 47 2367
9273 25 1292
11872 267 13399
10842 43 2175
11687 120 6047
11906 252 12626
9704 84 4208
12504 57 2881
8406 88 4408
9403 3 184
9407 307 15373
9201 168 8412
11578 34 1703
10523 173 8660
11127 20 1041
9668 34 1712
9503 181 9094
8682 4 235
9028 43 2186
9575 18 922
9239 48 2444
11589 126 6342
12069 110 5536
11895 141 7085
12145 52 2648
11921 183 9168
11998 345 17285
8771 133 6662
13662 104 5225
9583 233 11674
12364 132 6624
9615 39 1959
12071 315 15771
12116 19 951
10798 72 3620
9499 445 22286
9767 29 1469
12011 11 565
10704 272 13618
8935 192 9612
10479 30 1501
11848 245 12277
12431 116 5850
9567 291 14588
12001 68 3443
9512 210 10542
11872 79 3979
9209 23 1193
9677 160 8029
12061 288 14416
12095 72 3611
11926 68 3441
10672 84 4202
12045 13 697
13629 206 10316
10656 63 3157
9583 360 18047
12565 92 4630
8817 55 2774
9446 106 5320
12029 35 1780
10432 153 7673
11742 105 5258
10798 72 3620
12073 54 2713
8899 291 14571
9525 235 11768
