7014 52 2615
7055 391 19564
7017 1134 56713
7054 1588 79449
7018 199 9972
6747 5 282
5909 25 1255
7049 542 27124
7026 109 5470
7049 616 30842
7055 756 37807
7008 1455 72786
5584 13 659
7017 394 19705
5953 3 164
7023 531 26600
7012 536 26831
7054 25 1299
7023 1639 81967
5071 64 3248
6789 28 1421
7023 1585 79298
7003 472 23637
7010 1443 72192
7018 980 49011
7023 1893 94684
7018 357 17864
7014 215 10767
7018 670 33517
7010 773 38699
7051 20 1010
6296 3 181
7012 731 36581
7008 493 24681
5090 83 4199
7010 46 2343
7020 649 32454
7049 1197 59900
7017 1681 84057
7003 1590 79532
7004 79 3970
7051 86 4303
7018 676 33808
7018 536 26843
7025 232 11648
7055 438 21904
7008 436 21850
7021 604 30202
7004 882 44103
6354 84 4239
6026 47 2354
7017 1753 87655
7004 416 20847
6004 158 7902
7020 546 27304
7020 1091 54594
7012 243 12167
7020 766 38302
7017 1752 87637
7021 148 7407
7003 1012 50641
7010 773 38699
6296 3 160
7004 1585 79292
6767 5 284
7017 1584 79203
7023 1766 88346
7010 198 9929
7020 257 12874
7049 938 46908
5915 90 4509
6978 12 629
7010 720 36044
7012 1590 79504
7055 326 16343
7055 826 41336
6881 67 3382
6336 142 7116
7026 520 26041
7020 1089 54457
7003 1224 61233
7008 1334 66714
7018 566 28306
7049 1302 65141
7017 1124 56238
5769 46 2307
7022 50 2509
7020 1464 73210
7011 19 959
7054 1776 88839
6483 107 5355
7048 142 7132
7020 402 20132
7008 651 32572
7017 1036 51836
5511 51 2564
7010 25 1300
7003 1543 77185
7019 251 12593
7010 509 25462
7012 233 11665
7021 737 36898
7055 756 37827
6642 61 3092
7004 1135 56758
7021 645 32255
7003 1197 59882
6969 236 11832
7014 157 7898
7020 649 32495
6572 183 9177
7020 961 48067
6806 29 1480
7049 204 10246
7004 258 12916
7388 33 1670
5370 108 5417
7023 333 16663
7014 1603 80200
6828 224 11241
7016 3 198
7004 349 17473
7023 1445 72289
7010 1662 83144
6799 64 3235
5946 5 274
7014 996 49813
7010 773 38654
7004 1595 79781
6956 237 11880
7001 848 42440
7055 337 16869
7012 559 27996
5924 12 649
7004 1598 79942
7023 676 33816
7004 1298 64909
6080 155 7795
7026 87 4389
7055 326 16343
7023 1646 82312
7007 90 4537
7010 820 41012
7049 1278 63922
7023 75 3768
7023 607 30397
7017 1506 75340
6211 181 9056
7023 1907 95366
7004 1326 66330
7023 213 10664
7012 1361 68061
7285 55 2793
7004 370 18550
7049 1482 74133
7054 1211 60568
6969 195 9793
7049 1278 63925
7054 390 19514
7014 659 32969
5941 2 149
6975 168 8426
7012 912 45601
7020 961 48077
7020 836 41827
7017 1693 84673
7020 1024 51227
7012 809 40462
7010 397 19889
7126 1 86
6955 129 6481
5268 10 549
7023 6 340
7017 1144 57241
7004 447 22391
7019 98 4909
7054 488 24431
7023 345 17283
7014 1282 64144
6980 191 9587
5982 28 1424
7020 1933 96699
7020 961 48091
7049 844 42250
7021 826 41332
7004 1073 53676
7049 616 30842
6826 38 1911
7047 119 5970
7021 148 7450
7018 719 35982
7004 329 16478
7049 1197 59897
7026 433 21678
7054 539 26974
7010 822 41102
7055 751 37551
7021 261 13065
5625 109 5464
7054 390 19541
7018 502 25118
7017 57 2880
7020 1338 66919
6978 13 669
7004 1686 84321
7012 163 8197
7012 82 4122
7049 692 34632
6826 35 1767
7017 692 34615
7003 231 11575
7049 628 31432
5511 55 2787
6923 40 2021
7011 288 14434
7019 253 12668
7008 543 27169
7023 1728 86415
6115 19 974
7004 890 44520
7010 1550 77525
6827 192 9621
6058 168 8428
7003 358 17923
7017 57 2862
6761 41 2052
7054 711 35579
6332 66 3302
6881 67 3382
6534 49 2464
6304 100 5002
7054 1770 88513
7012 1191 59589
7049 1302 65121
6148 50 2520
5474 47 2367
6953 143 7183
7022 253 12684
7020 1231 61600
6803 19 988
7003 1302 65119
7026 470 23527
7003 1 55
7023 1262 63140
5237 59 2994
7049 1721 86070
7014 972 48614
7018 15 754
7004 248 12433
7023 1895 94788
6687 178 8918
7021 191 9566
7049 1200 60027
6803 131 6586
7023 1585 79256
6347 51 2560
7049 938 46941
7018 871 43583
7010 1745 87295
7003 920 46018
7055 660 33016
6989 187 9352
7023 1148 57442
7012 487 24381
7010 671 33582
6445 3 181
6100 81 4083
7020 495 24792
5108 23 1187
7020 546 27344
7018 357 17900
7054 397 19879
7049 174 8720
7012 1314 65727
6376 11 555
7014 1176 58823
5002 20 1050
7022 47 2363
7001 552 27649
7012 487 24387
7018 265 13277
7049 425 21296
7004 550 27519
7018 875 43773
7008 389 19468
7003 1543 77157
7011 74 3727
7025 47 2373
7010 1499 74964
7017 1693 84684
7006 296 14835
6974 21 1094
7021 271 13589
7017 1675 83764
6101 43 2190
6046 52 2604
7017 424 21241
7055 779 38977
7018 871 43590
7020 1158 57938
5436 51 2594
6091 202 10145
7004 79 3970
6594 110 5518
7004 258 12903
6298 191 9588
7049 1632 81611
6478 63 3173
5897 39 1974
7012 1361 68072
7014 659 32969
7017 1371 68586
6115 19 974
7054 1823 91153
5924 17 854
7054 1190 59528
7010 57 2878
7012 912 45605
7049 1104 55228
7023 1734 86701
7025 233 11653
7004 988 49401
7012 1620 81033
7014 1603 80200
7004 558 27912
7011 274 13750
7019 220 11044
6936 14 741
7049 1508 75438
7018 265 13271
7014 469 23481
6102 9 477
6978 17 882
7006 56 2819
7055 764 38217
6375 14 708
7012 1458 72939
7012 1324 66214
5586 6 306
7017 376 18814
6298 52 2637
7012 27 1354
6572 185 9271
7003 1030 51517
6906 32 1643
7017 1680 84013
7012 610 30540
7026 433 21697
7020 386 19326
6799 64 3235
5971 84 4220
6881 69 3473
6928 50 2517
7020 1933 96699
7478 24 1210
7020 325 16267
6218 4 244
7054 246 12326
7013 150 7537
7003 1417 70882
5971 118 5902
7026 238 11903
6024 86 4340
7012 1300 65044
7014 656 32833
7001 205 10264
7017 796 39808
5516 71 3568
6347 0 29
7017 1512 75634
7023 1445 72293
7020 633 31679
5136 3 189
5566 24 1229
7049 856 42832
7008 154 7728
7026 262 13144
7026 855 42797
5134 36 1837
6176 154 7741
7001 37 1855
6888 30 1550
7049 1749 87456
7020 221 11051
7010 1072 53618
6915 173 8683
7049 1004 50216
6653 122 6112
7018 817 40895
7049 1006 50350
6423 80 4009
6180 1 85
7008 1245 62266
6564 127 6367
7008 298 14920
7004 79 3979
7018 887 44382
6544 345 17280
7026 87 4393
6803 4 226
7001 895 44798
7021 171 8576
7017 983 49184
7012 1324 66214
7017 1515 75773
7014 1565 78288
5418 5 267
7019 7 374
6985 13 690
6579 18 927
5425 5 280
5215 45 2259
7003 1197 59864
6949 89 4456
7021 293 14673
7021 96 4807
7054 1306 65322
6533 8 425
7017 167 8354
6874 1 66
7010 1195 59795
7023 14 736
7013 110 5503
7025 161 8058
7018 875 43798
7004 1142 57128
7010 1378 68926
6824 65 3284
7049 1200 60025
6747 7 393
7008 1391 69577
7026 331 16588
7008 884 44225
7020 374 18744
6382 52 2629
7054 488 24422
7019 272 13628
7010 1443 72151
7001 552 27637
7012 388 19404
5576 54 2725
7054 539 26990
7054 515 25761
7023 1716 85830
7018 869 43456
7004 248 12415
5215 41 2066
7006 56 2826
7055 154 7725
7049 844 42208
6824 28 1433
7003 174 8703
7008 1192 59646
7003 1624 81209
7020 476 23816
7026 594 29716
7020 1091 54594
6800 47 2370
6981 87 4400
7010 720 36044
7003 1443 72195
5959 32 1632
6102 9 477
7055 326 16343
7026 855 42752
7008 1125 56259
7018 357 17893
7023 1445 72288
6502 44 2207
7010 773 38654
5924 10 538
7023 1122 56140
6080 155 7795
7026 331 16581
7004 871 43574
7012 487 24353
5155 62 3115
7023 1895 94788
6989 187 9352
6959 181 9097
7012 1583 79198
7020 257 12866
6606 43 2155
7016 22 1150
7017 1752 87635
7020 560 28014
6332 63 3194
7054 783 39189
7010 671 33582
5002 41 2060
7023 1734 86723
7017 55 2800
7049 1004 50221
7049 1983 99199
7014 185 9290
7012 1191 59574
7055 154 7746
7014 1038 51944
7023 1766 88346
7003 231 11556
7004 1585 79259
5600 57 2883
5185 1 80
7010 812 40648
7017 1506 75307
5207 84 4210
7017 1073 53695
7001 939 46985
7046 4 201
7021 645 32271
7049 1326 66342
7054 398 19929
7055 764 38242
6893 194 9737
7003 1197 59859
7014 1603 80187
6956 85 4251
7006 56 2803
7008 337 16887
7003 231 11575
7014 1282 64118
7019 253 12691
6100 81 4066
6978 10 544
7026 520 26041
7023 1280 64028
7574 110 5547
7021 261 13065
7054 900 45035
7014 1603 80166
7492 20 1026
7019 220 11034
7017 1530 76526
7012 1244 62205
7017 376 18834
7010 1443 72151
7014 739 36969
6978 12 629
7003 231 11556
6534 44 2205
7012 1300 65038
6806 23 1187
6600 9 486
7014 1176 58812
7004 329 16478
6901 2 141
7049 259 12974
7018 966 48334
7049 1416 70835
5512 180 9050
7012 597 29889
7020 1620 81007
7008 337 16872
7055 436 21833
7008 779 38990
7008 337 16872
6160 74 3730
7008 715 35759
6544 343 17191
6973 146 7343
7003 655 32773
5216 31 1589
7049 1697 84884
6789 32 1609
7020 1040 52012
7004 1073 53676
7003 762 38131
7023 1148 57450
6059 119 5991
7049 689 34460
7012 102 5145
7008 995 49787
7018 871 43592
7025 158 7932
6687 173 8654
7023 1483 74185
7001 997 49868
6769 61 3088
7017 772 38642
5586 9 474
7004 1135 56782
6534 48 2419
7055 261 13079
6332 51 2576
6493 30 1518
7490 9 480
6059 121 6078
7462 17 854
7014 679 33952
7049 1498 74915
7012 82 4103
5566 27 1363
7017 410 20502
7023 1054 52718
7055 34 1726
7051 86 4303
6953 3 179
7003 1475 73764
7010 722 36113
6410 48 2429
7017 1373 68667
5953 9 461
6379 61 3066
7022 253 12661
7008 120 6001
7012 1590 79525
6952 3 172
5134 36 1837
7018 832 41645
7004 554 27739
7008 1245 62280
7020 961 48091
7049 1796 89803
6141 17 891
5459 23 1155
7004 1142 57128
6881 65 3275
7017 1156 57809
6806 23 1187
7049 1104 55235
6964 44 2226
6572 178 8908
7054 111 5567
7014 933 46687
6932 232 11619
7026 158 7924
7020 221 11093
7012 527 26367
7004 950 47545
6824 66 3346
6160 65 3288
7054 666 33344
6778 27 1377
7638 12 650
6874 4 241
6551 12 639
7017 692 34605
7004 619 30984
5061 77 3895
6783 68 3446
7012 1047 52376
7021 443 22193
6611 51 2588
6946 2 126
7020 1455 72792
7023 1893 94666
7012 841 42092
7001 738 36913
7054 1490 74548
6873 10 504
6985 12 618
7014 1603 80179
7054 900 45003
5455 13 653
7023 1262 63140
7018 851 42584
6420 68 3436
7017 817 40873
6765 92 4624
6637 44 2250
6768 41 2082
6544 345 17254
7001 976 48822
7012 1653 82699
7001 650 32540
6407 49 2482
7017 1584 79203
7012 1162 58118
7016 22 1139
7055 326 16343
6535 63 3164
7085 65 3252
7003 389 19466
5516 44 2218
6347 19 955
7004 349 17456
5268 7 396
7020 1006 50330
7049 1004 50216
7054 105 5290
7014 1176 58823
6826 34 1742
6285 130 6533
7016 185 9271
6906 32 1643
6687 178 8934
7010 1257 62881
7003 414 20731
7008 779 38990
7023 318 15945
4992 89 4458
5177 42 2114
7012 87 4383
7010 1698 84924
7023 1607 80373
7023 937 46880
7008 337 16872
6881 110 5508
6421 21 1083
7008 708 35415
7001 738 36928
7010 1375 68792
6980 191 9587
7055 760 38032
7049 1721 86086
7012 1361 68065
7010 219 10958
7004 303 15160
7022 3 153
4952 47 2392
7018 135 6789
5183 24 1206
7017 230 11541
6507 31 1581
6375 11 551
6092 118 5950
7049 204 10246
7006 296 14846
7003 706 35311
7049 860 43013
7047 111 5599
7004 1595 79784
6990 7 384
7003 472 23648
7054 1776 88821
7004 554 27711
7001 104 5237
7020 965 48296
7023 1716 85824
7021 594 29710
6922 224 11239
7013 225 11291
5769 38 1919
5061 77 3895
7020 1949 97479
7054 1588 79435
5093 178 8908
7004 569 28462
6981 88 4424
7008 715 35759
7020 1620 81024
6998 202 10110
7049 956 47839
7004 569 28494
6906 28 1443
7054 1020 51027
7008 154 7728
7020 1300 65032
7004 104 5241
7095 16 805
7010 1257 62881
7020 3 183
6893 192 9608
7017 1355 67777
7017 1530 76525
7054 1912 95633
7001 946 47317
7017 954 47746
7003 1110 55516
6664 66 3337
7023 1164 58210
5090 84 4248
5437 134 6739
7055 756 37827
7014 267 13395
7054 639 31990
7023 1730 86545
5588 159 7987
7003 267 13353
7049 1456 72808
7020 1325 66299
7025 274 13704
7020 1696 84803
7023 213 10692
6564 125 6274
5516 70 3513
7023 213 10692
7001 738 36911
7001 688 34444
7023 1893 94665
7003 1475 73789
7019 41 2068
7023 1730 86517
7025 34 1749
7004 258 12903
6850 47 2374
5011 29 1488
6695 42 2118
6304 192 9609
6340 59 2975
7644 222 11129
7004 988 49401
7010 1746 87326
5588 169 8477
6548 39 1973
5566 24 1228
6780 155 7776
6978 10 544
6589 77 3887
7048 28 1441
6092 47 2394
7025 34 1739
6139 16 827
7003 1443 72171
7004 1598 79942
7012 594 29740
7049 856 42832
7004 1595 79754
7001 202 10145
7014 291 14564
6594 114 5742
7004 1598 79926
6334 62 3124
7059 41 2096
7017 1036 51827
7048 142 7121
7019 160 8014
6687 175 8764
7019 37 1851
7016 185 9269
7010 1219 60984
6829 182 9134
7017 271 13577
6347 51 2559
6611 47 2374
7017 1617 80894
6100 132 6628
7012 1590 79544
7023 1012 50620
6823 7 371
6803 136 6848
7017 160 8020
7017 424 21207
7014 911 45587
6530 3 183
5387 37 1883
7014 933 46684
7112 29 1500
7014 1730 86543
7020 257 12851
7055 337 16869
7010 200 10032
7017 271 13565
7023 1122 56128
6462 66 3326
7017 817 40864
7678 18 917
4998 148 7423
7054 278 13913
7018 374 18725
7006 296 14813
6922 161 8097
7012 154 7710
7717 7 356
7001 410 20534
7012 893 44691
7020 386 19335
7049 117 5882
7021 664 33249
7526 25 1251
5013 209 10470
6347 51 2560
7023 1766 88344
6379 68 3441
7022 13 678
7016 184 9249
7049 1104 55238
5777 30 1542
6021 123 6151
7014 632 31610
7049 425 21264
7014 874 43705
7014 1236 61812
6778 30 1509
7026 331 16581
5538 13 683
7047 88 4404
7010 812 40642
7014 291 14551
7010 25 1267
7012 842 42134
7012 689 34466
6375 11 551
7021 454 22719
7008 962 48107
6533 10 503
7010 812 40608
7055 154 7725
7054 1746 87323
7021 271 13589
7019 541 27081
6098 52 2620
7006 610 30526
6930 30 1548
7020 59 2997
7026 745 37267
6160 65 3256
6296 0 45
7018 416 20813
7054 1490 74509
7001 997 49874
7020 1282 64104
7003 428 21404
7003 143 7198
7004 1279 63976
6369 54 2746
7004 1686 84309
7017 1036 51827
5566 26 1305
6564 127 6367
7019 253 12668
7004 870 43540
7021 242 12145
5016 72 3638
6533 8 448
7003 414 20706
5184 43 2169
7008 934 46743
7023 1607 80361
7023 613 30658
5013 208 10416
7049 1789 89484
7026 158 7907
7049 1326 66349
5600 158 7927
7004 569 28461
7016 283 14171
7008 715 35792
7001 738 36923
7017 1312 65641
7004 1326 66330
6928 50 2541
7004 1661 83089
7003 441 22088
7003 617 30863
7008 324 16241
7017 1371 68564
7049 174 8712
7025 539 26951
7017 1068 53449
7023 676 33803
7012 1590 79525
7055 756 37827
7054 1306 65337
7003 436 21803
7004 1509 75486
7054 515 25792
7019 251 12554
7004 258 12916
7003 1236 61802
7017 1040 52016
7049 1632 81636
5179 98 4928
7003 52 2645
5499 179 8968
7049 1201 60086
7017 1463 73180
7049 1201 60079
7003 1297 64891
7054 1001 50093
7049 1104 55235
7049 1980 99015
7690 48 2450
6122 44 2202
7004 1326 66319
7017 1693 84655
7017 1208 60401
7010 1745 87284
7049 689 34496
7014 996 49815
6990 11 595
4982 86 4312
7012 527 26362
5774 83 4157
7006 610 30526
5924 18 904
7019 102 5118
6246 15 766
7014 632 31618
6756 83 4183
7287 0 11
7020 698 34911
6534 48 2420
5268 3 168
7023 1328 66424
7049 1925 96265
7014 115 5795
7008 829 41458
7004 79 3970
7054 1709 85456
7012 594 29740
7049 1687 84374
7014 656 32833
6579 77 3876
7014 215 10765
7012 1266 63321
7010 1478 73917
7004 1720 86048
7019 328 16450
6506 67 3398
7020 1455 72792
7021 269 13480
5177 42 2109
7012 1143 57170
6832 15 776
6533 8 419
5013 208 10437
5013 202 10140
6835 116 5839
7023 75 3799
7012 1264 63209
6423 89 4469
7014 1190 59504
7003 1427 71384
7012 597 29868
7010 1145 57271
7016 123 6167
6611 47 2387
7023 345 17297
6959 181 9097
7055 436 21826
7012 274 13717
6783 73 3668
7020 956 47805
6827 191 9578
7023 1262 63149
6223 5 267
7010 57 2870
7023 1657 82859
7001 411 20560
7008 1245 62286
7012 893 44656
7014 291 14589
7026 594 29744
7020 384 19224
7049 1201 60079
6407 16 847
7004 837 41891
6989 189 9495
7013 103 5161
6653 123 6194
6826 34 1742
7014 1190 59502
7020 837 41891
7004 1479 73984
7014 511 25575
7054 1800 90043
7014 267 13366
7017 273 13692
7026 201 10060
7012 857 42883
7021 219 10998
7018 817 40885
7025 453 22653
7017 1073 53700
7017 125 6289
7012 339 16977
5511 56 2848
6506 76 3831
7021 153 7670
7047 55 2784
7047 35 1795
7004 550 27527
7023 1503 75159
7054 815 40772
6752 163 8187
7012 489 24477
7021 785 39284
7010 812 40648
7008 1391 69577
7008 708 35415
7049 1925 96263
7018 851 42554
7003 706 35311
6752 167 8374
7013 150 7519
6990 7 384
6653 122 6112
7054 849 42455
7014 52 2615
7021 700 35010
7049 1830 91549
7018 357 17864
7014 469 23496
7011 118 5941
7020 649 32454
7004 349 17500
7049 722 36105
5769 46 2301
7004 930 46527
7018 790 39501
7020 280 14046
7014 50 2544
6423 8 415
7004 516 25807
7017 931 46594
7020 1016 50819
5099 15 791
6332 63 3179
7017 322 16128
5387 31 1580
7017 1068 53443
7055 751 37551
6955 129 6486
5387 37 1883
7014 52 2614
7020 546 27304
7012 27 1370
7003 358 17924
7017 1171 58562
6517 34 1715
7049 1392 69615
7014 686 34303
6653 119 5956
7054 550 27517
7017 1530 76525
5585 54 2702
7021 172 8635
7019 23 1196
6683 118 5946
7023 824 41204
5896 36 1843
7003 1103 55163
7462 21 1090
6551 152 7637
6975 172 8640
6098 137 6876
7014 686 34328
7054 1327 66357
7008 531 26584
7010 1571 78570
7054 515 25778
7004 248 12415
7023 1012 50620
7010 1375 68775
5179 100 5018
6325 45 2292
7019 381 19059
6100 69 3461
6325 2 101
5425 6 318
7003 286 14334
7003 52 2601
5924 18 910
6440 37 1894
7003 887 44371
6229 26 1350
7014 361 18095
7054 1823 91199
7004 558 27921
7049 1966 98313
7017 1635 81754
7012 63 3178
7006 241 12100
5982 28 1426
6942 21 1051
7017 1287 64353
7012 842 42108
6483 103 5194
7049 1325 66295
7053 48 2436
6296 3 160
5071 57 2898
6350 81 4070
5433 26 1329
7020 1933 96699
6946 6 328
7025 148 7432
6829 182 9134
6798 162 8135
7055 264 13226
5268 0 32
7008 94 4749
7017 1693 84686
7025 258 12925
7020 1252 62605
7021 604 30202
6953 5 275
7010 773 38699
6946 6 328
6985 33 1698
6606 43 2166
5774 83 4157
7004 934 46726
7018 890 44528
5090 86 4309
7017 1371 68567
7010 946 47326
5616 75 3777
7004 807 40354
6313 15 799
7026 668 33445
7008 531 26584
6956 85 4251
7019 345 17271
7010 1662 83144
7006 296 14835
7004 79 3970
7017 230 11541
7020 1284 64237
7001 205 10284
7001 832 41617
6375 17 890
5433 26 1329
7010 754 37741
6534 44 2222
7004 258 12923
7010 812 40619
7054 1709 85469
7003 1197 59882
7003 1022 51123
5268 0 19
7008 1125 56293
7004 1695 84778
7018 945 47273
7054 1301 65075
7023 1730 86520
7049 692 34632
6620 53 2654
7055 326 16320
7020 462 23136
6340 63 3182
7003 152 7615
6930 30 1548
6915 176 8849
7054 427 21381
7014 898 44910
7025 451 22587
7020 961 48091
7004 903 45156
7006 18 907
6874 4 204
7026 331 16568
7020 1158 57916
7008 1319 65962
6747 5 282
7049 1980 99006
5929 92 4618
6761 44 2220
7018 586 29334
7012 1202 60123
6180 12 622
7017 1519 75985
7023 1058 52946
7020 673 33657
7004 934 46749
5896 29 1471
7017 1681 84057
7003 441 22088
6423 81 4081
7008 1353 67698
7023 1716 85824
6407 19 963
6946 40 2042
5387 37 1883
7054 515 25761
5959 32 1616
5127 33 1668
7003 1269 63496
6974 18 914
7025 365 18276
5338 14 722
7049 1925 96289
7023 1854 92710
7023 1012 50620
5177 40 2023
6149 156 7816
7021 352 17603
7023 689 34472
7625 90 4529
6361 31 1555
7012 274 13720
7021 74 3726
7004 844 42223
7006 296 14846
6564 127 6358
5938 40 2007
6339 180 9025
6223 4 242
7012 509 25482
5455 13 653
6440 25 1276
7020 257 12866
6564 127 6358
7049 1344 67227
7020 926 46343
7001 71 3571
7001 759 37999
6619 3 156
7020 1338 66932
6457 28 1430
6829 190 9521
7334 1 96
6953 142 7119
7054 25 1299
7054 539 26973
7018 897 44900
5412 31 1558
7054 1503 75186
5516 47 2371
6234 22 1115
7014 544 27227
7020 549 27475
6369 54 2746
7020 476 23832
6369 50 2530
7006 610 30526
7014 1176 58823
7001 997 49857
7012 658 32917
5516 46 2335
6799 58 2916
7049 1325 66287
7054 1912 95614
7017 1287 64385
5136 3 157
7740 30 1523
6874 88 4441
7026 470 23527
5625 205 10281
6334 50 2524
7022 69 3459
5518 23 1168
7054 1686 84342
7008 298 14911
7049 938 46924
7004 416 20826
6803 25 1256
7020 221 11072
6946 8 404
7001 552 27649
7049 692 34622
6798 50 2541
7020 360 18036
7017 1171 58562
6906 28 1443
6534 44 2205
7004 1598 79907
7001 895 44797
7020 1570 78538
7644 263 13161
7017 1068 53414
6778 30 1509
6353 67 3396
7010 1698 84918
7049 143 7169
6023 28 1424
7012 796 39818
7001 564 28215
7023 1056 52835
7008 955 47753
7014 874 43705
7004 871 43576
5136 18 945
7023 479 23966
5345 21 1061
7012 274 13709
5985 104 5234
7008 1353 67677
7003 143 7175
7026 558 27912
7006 296 14846
7012 102 5123
7021 674 33704
7014 1282 64130
5134 36 1837
7001 997 49874
7128 15 787
5452 11 570
6829 192 9646
7013 103 5161
6376 10 514
7055 264 13226
7049 956 47839
7006 296 14835
7020 325 16253
5508 114 5749
7017 683 34175
6564 125 6274
6824 22 1131
7001 447 22358
7018 536 26811
6445 3 181
6798 162 8139
7055 660 33037
7008 651 32597
6534 46 2319
7012 1324 66203
7012 1300 65044
7049 1877 93852
7010 200 10043
7006 33 1693
7023 691 34583
7012 731 36557
7026 668 33421
7055 167 8353
7014 291 14589
7014 1282 64130
7055 830 41524
7020 961 48067
7023 607 30354
7020 641 32070
6823 8 447
5518 23 1169
6589 72 3609
7006 475 23786
7010 705 35252
7054 539 26974
7017 1681 84065
7020 257 12866
7018 292 14611
7020 957 47889
5896 34 1711
7054 515 25778
7012 943 47157
7004 1499 74978
7023 676 33803
7025 158 7937
5436 57 2865
6534 48 2420
7008 521 26082
7004 1513 75666
6080 155 7795
6803 129 6484
7047 111 5588
5576 56 2815
5337 133 6652
6444 141 7083
7054 105 5282
6594 110 5537
7012 1634 81723
6564 127 6358
7012 1254 62702
7054 1943 97156
7008 1245 62280
6304 193 9659
7017 1287 64364
6356 127 6389
7327 180 9031
7049 259 12970
7021 293 14695
5625 109 5464
7021 523 26155
6664 207 10396
7049 1297 64885
7023 1262 63140
7018 871 43584
6934 176 8817
6478 63 3173
6533 8 448
5914 96 4827
6149 147 7366
6798 162 8139
7017 817 40871
7017 1329 66465
7017 1134 56713
7054 647 32393
7014 632 31610
5897 36 1825
7014 1730 86516
7020 1300 65033
6332 66 3302
7020 837 41861
6893 194 9737
7011 81 4099
6534 47 2366
7054 523 26180
7003 887 44362
6535 228 11432
7020 1570 78546
7003 1022 51123
7023 1907 95400
7012 1246 62328
5268 7 396
7012 1623 81170
7014 788 39430
6098 137 6876
7020 1933 96676
7055 59 2961
7010 46 2316
5625 205 10281
6829 193 9683
7010 822 41109
6376 66 3349
7007 81 4070
7048 142 7134
5777 26 1329
7054 345 17252
6487 160 8005
6100 137 6874
5385 190 9529
7017 772 38616
7049 628 31432
7004 1509 75463
7001 1183 59158
7003 1624 81209
7023 1262 63137
7017 1680 84047
6572 184 9225
6832 15 776
7001 37 1863
7012 1162 58134
7010 933 46676
7014 64 3233
5387 31 1580
5516 44 2218
6023 28 1424
6366 85 4269
5961 36 1818
5005 47 2367
7022 47 2363
7017 1124 56207
7012 610 30504
7008 91 4591
7049 1302 65140
7012 731 36585
6407 164 8247
7026 331 16581
5925 120 6025
7014 1282 64130
7049 692 34632
7054 1301 65051
6835 117 5864
6160 65 3256
7023 123 6164
7049 259 12958
5222 4 220
7017 1269 63477
6149 147 7381
7054 1943 97155
7023 936 46829
7054 1001 50086
7003 1427 71381
7013 225 11268
7004 934 46709
7018 746 37342
7001 507 25362
7049 956 47821
7048 28 1441
6376 24 1213
7020 1282 64124
6100 170 8514
7690 48 2450
7021 261 13065
7020 1933 96699
7022 222 11107
7003 1417 70881
7021 221 11056
7021 826 41348
7020 837 41891
7021 817 40899
6183 103 5156
6369 50 2530
7012 1254 62702
7049 1830 91514
6653 119 5956
6795 0 35
7001 674 33748
5925 127 6371
6114 135 6797
7017 1682 84145
5947 100 5049
7010 1145 57299
7023 6 322
5385 193 9679
7018 920 46002
6837 205 10298
7014 1397 69899
7017 1395 69752
6102 9 477
7019 220 11008
7010 773 38699
6092 106 5345
7012 63 3195
7001 552 27625
7008 1356 67817
7049 689 34460
6956 85 4251
7019 253 12691
7001 146 7306
6423 80 4009
7001 461 23089
5013 202 10140
6407 180 9041
7026 32 1640
6350 84 4209
5226 31 1565
7003 762 38150
7055 337 16855
6794 15 753
7023 1607 80361
7020 1888 94401
5179 98 4928
7054 916 45849
7020 698 34921
7023 1854 92701
7054 647 32385
6100 69 3461
7001 71 3571
7049 1297 64885
7006 11 587
6979 57 2898
7054 1292 64615
7020 641 32085
7023 1646 82312
7014 1038 51903
6980 191 9587
6529 57 2892
6145 17 864
7020 766 38318
7018 670 33525
6637 44 2250
7020 674 33702
5005 208 10420
7020 917 45888
7001 411 20600
6928 41 2052
7010 1571 78567
7012 1300 65021
7054 1306 65316
7020 374 18705
7020 495 24784
7054 783 39166
4982 121 6075
7017 1134 56713
7008 543 27154
6798 162 8135
7014 106 5337
6874 2 129
7014 679 33957
7054 1344 67207
7003 1197 59859
7004 447 22360
7004 1661 83072
7012 1266 63347
7019 541 27091
7026 668 33417
7023 239 11980
5769 38 1928
7001 205 10253
7001 74 3702
6837 205 10298
7012 1244 62234
5985 188 9409
7001 759 37963
7013 58 2923
7014 1190 59538
7054 1410 70525
7014 1603 80187
4969 23 1199
7023 917 45899
7020 1429 71457
7055 760 38003
7021 377 18889
7001 600 30010
7014 1176 58823
7049 1612 80629
7054 1330 66531
7017 1732 86641
7049 1432 71621
7013 133 6699
7018 265 13277
6206 19 973
7055 780 39027
7012 1324 66232
6829 197 9881
7049 1392 69615
7014 679 33962
7003 774 38740
7020 1782 89101
6959 36 1832
7021 377 18889
7008 540 27027
7004 950 47541
7012 669 33496
7054 1823 91199
6803 131 6572
6445 3 181
6874 1 64
7023 1734 86719
7019 541 27067
6339 175 8773
6619 3 156
7023 1071 53578
5777 33 1656
7004 844 42223
7026 745 37253
7003 896 44839
7012 1300 65021
7023 1012 50620
7025 311 15551
6826 35 1781
6332 55 2800
7008 779 38981
7049 1104 55228
6823 7 382
6776 1 54
7012 1162 58108
7010 1698 84924
7049 1486 74327
6653 123 6194
7017 1287 64392
7012 731 36585
7012 515 25782
6798 36 1823
7017 830 41539
6780 149 7474
7010 720 36044
7010 1255 62759
6076 156 7820
7020 1678 83918
7017 67 3384
7004 554 27739
6231 45 2251
7022 47 2352
7055 760 38008
7003 1543 77166
5600 52 2624
6354 83 4180
6347 19 977
7049 174 8712
5511 55 2790
7049 1721 86063
7004 79 3955
7049 748 37431
7010 212 10643
6826 35 1781
7054 508 25427
5600 149 7452
7006 296 14835
7054 397 19879
6101 40 2009
7023 824 41204
7016 184 9214
7018 332 16611
7006 368 18436
7023 824 41244
7003 1022 51132
7020 1949 97478
6803 114 5747
7008 337 16872
6551 12 639
7434 83 4195
7020 1943 97151
7018 292 14636
7012 1590 79525
7013 8 440
7018 869 43496
7049 722 36125
6901 13 696
6969 198 9925
7012 1324 66206
7003 706 35330
7020 650 32525
5564 1 98
7020 817 40877
7055 261 13053
6874 88 4441
5947 100 5049
6998 15 776
7049 818 40916
7020 1614 80709
6425 24 1233
7008 779 38981
6139 16 827
6989 187 9352
7023 691 34590
5454 225 11289
5914 99 4967
7023 1122 56111
7012 274 13709
7008 884 44225
5337 79 3965
7003 1543 77151
7054 390 19513
7049 1753 87670
7004 619 30955
6423 81 4052
7010 509 25452
5625 203 10193
6854 31 1588
7021 261 13065
6304 100 5039
5093 178 8908
7021 674 33704
7003 493 24672
6376 33 1681
5216 37 1853
7014 361 18097
7014 253 12683
7003 920 46025
7008 1334 66728
7020 956 47805
7018 707 35380
5478 50 2546
6955 64 3218
7017 817 40894
7026 32 1640
7003 441 22062
7049 1004 50221
7054 390 19515
7014 739 36980
7003 267 13394
5387 35 1784
6993 20 1044
7012 274 13717
7023 1005 50265
7022 99 4992
7054 255 12769
7008 1334 66728
7014 1038 51935
7020 495 24792
6154 11 584
7023 1120 56016
5093 150 7515
6218 5 268
6837 58 2948
6881 66 3318
7003 1475 73762
5914 96 4827
7017 1519 75960
7010 1373 68667
6363 7 360
7023 1543 77151
7012 308 15402
7126 0 48
7055 779 38981
7001 895 44751
6102 9 477
6826 35 1767
7049 1344 67208
7001 74 3709
7017 1752 87619
7018 265 13268
7008 1411 70569
7012 330 16529
7049 93 4670
7018 566 28325
5418 139 6963
7004 601 30088
6339 180 9025
7010 720 36044
6379 69 3463
7054 112 5626
7021 695 34782
7012 339 16991
7017 55 2798
7047 73 3699
6151 32 1645
6430 5 278
7025 584 29231
6752 147 7383
7008 835 41768
7004 930 46502
6953 0 43
7022 3 175
7004 1242 62143
7010 1550 77527
5516 46 2335
7011 226 11302
7017 55 2798
7021 333 16677
6922 161 8097
7004 882 44141
7001 976 48820
6154 10 535
7001 997 49874
6873 10 520
7022 47 2361
7021 171 8586
7049 818 40929
6347 47 2396
7012 1590 79504
6533 6 330
7014 483 24181
7003 358 17924
7012 1162 58134
6917 116 5809
7003 1022 51132
7020 845 42283
7012 1361 68065
7001 303 15190
7012 1653 82699
7008 708 35427
7020 766 38318
7054 778 38927
7017 125 6289
7003 896 44839
7013 225 11251
5527 70 3532
7522 19 953
7054 1776 88821
7004 1719 85997
7001 507 25373
7004 1585 79285
6076 63 3183
7020 961 48091
7055 660 33016
6506 74 3742
7020 49 2498
6296 3 181
6572 177 8852
7023 14 731
7003 920 46022
7012 274 13720
6619 3 156
7022 99 4992
7019 37 1854
7010 671 33576
7020 1067 53389
7003 56 2825
7017 1753 87655
7023 937 46852
6564 125 6274
7054 218 10948
7026 470 23548
7014 185 9257
7020 1949 97461
7334 3 193
7010 1128 56414
6336 154 7738
7008 715 35766
7021 504 25205
6978 10 544
5237 57 2893
7047 15 796
7049 1925 96282
7054 357 17886
6440 25 1276
7054 111 5577
7003 52 2619
7018 790 39514
7025 148 7446
7014 157 7898
6058 177 8853
6826 38 1911
7020 1225 61256
6444 51 2599
7055 760 38008
7020 650 32508
6530 6 340
6350 81 4070
7020 1678 83918
7004 554 27720
7054 278 13935
7055 780 39007
7004 1647 82379
7023 1585 79284
5925 3 171
7020 1091 54592
7012 1300 65035
7001 552 27625
6347 47 2363
7017 1512 75616
7017 1312 65641
7017 1752 87637
6548 46 2314
7006 359 17974
6989 187 9352
7003 1110 55504
7014 1517 75881
7026 238 11940
7012 1590 79538
6998 205 10282
7021 242 12101
7023 518 25906
5215 41 2086
7008 779 38990
6590 64 3214
7007 17 872
7014 558 27936
4999 86 4326
7014 292 14624
7012 709 35481
7049 1980 99015
7019 160 8036
7004 378 18946
7020 59 2951
6004 161 8074
7010 1036 51809
7012 274 13736
6826 32 1610
6928 47 2361
7011 81 4099
7021 377 18855
7018 746 37339
7012 1202 60123
7014 886 44308
7049 1126 56327
7003 1197 59864
7018 350 17526
7012 1324 66203
7017 983 49192
6211 180 9020
7054 523 26180
7018 411 20582
7010 946 47326
6594 113 5685
7014 426 21340
7334 1 96
7049 1393 69688
7020 495 24784
7017 273 13664
7001 361 18086
7019 573 28687
6376 64 3239
7049 1392 69634
6642 55 2790
6973 146 7343
7023 1012 50633
6959 184 9234
7018 586 29324
7023 1607 80363
7049 1980 99026
7012 597 29868
7004 890 44507
5268 0 32
7012 557 27893
5093 171 8558
7022 47 2352
7023 325 16253
5566 26 1305
7004 819 40973
7112 72 3603
7004 550 27527
7478 24 1210
7049 1966 98301
7008 1391 69588
7012 87 4352
5516 47 2371
6507 31 1581
7018 411 20585
7026 355 17787
6115 19 974
7014 318 15923
7020 1782 89143
6637 44 2250
7054 25 1299
5090 159 7957
6332 55 2800
7563 21 1059
7014 679 33952
7020 837 41861
7003 1711 85558
7014 1565 78283
6823 8 447
7023 1164 58247
5090 82 4144
7026 470 23528
7012 610 30542
7001 759 37982
6827 200 10050
7019 573 28654
7018 875 43784
7014 185 9279
7054 2018 100929
7054 1020 51045
4983 1 59
7003 1543 77166
7054 1283 64195
7014 933 46662
7020 766 38302
6382 101 5095
7023 6 310
5338 14 722
7004 349 17489
5068 65 3252
7006 296 14846
6444 166 8321
7012 388 19410
7012 594 29734
7025 451 22587
7012 527 26360
7054 2013 100664
6756 89 4494
6218 4 230
5588 165 8299
7012 343 17184
6780 149 7474
7004 1661 83089
7014 898 44947
7008 1125 56251
7012 312 15610
7049 856 42832
6483 105 5278
7012 63 3175
6296 3 181
6787 47 2381
7004 1279 63981
6778 32 1647
6803 111 5593
6946 60 3044
6507 199 9952
7014 922 46149
7025 148 7446
7014 1409 70491
7019 581 29055
7025 93 4665
6981 93 4677
7018 746 37315
7021 604 30204
7023 1607 80369
7003 322 16123
7054 345 17252
7017 1395 69752
6946 8 404
7004 930 46539
6350 77 3886
6947 45 2294
5946 5 270
6436 20 1019
7023 531 26551
7017 1515 75773
7012 842 42142
6347 6 315
7059 72 3622
7003 1224 61237
7025 305 15276
7023 1328 66424
7001 411 20597
7054 390 19513
7012 1254 62702
6974 21 1056
7017 1036 51802
7053 2 124
7021 454 22719
7012 154 7735
7020 257 12860
7049 1796 89835
7004 466 23330
6871 64 3221
7010 822 41146
7023 848 42405
7017 1512 75634
5896 1 96
7004 147 7393
7017 55 2800
7023 356 17803
7018 707 35354
6814 1 89
6637 47 2367
7008 337 16883
6964 43 2193
7007 4 247
7019 50 2549
6829 192 9613
5013 209 10470
5518 23 1169
7019 251 12583
4978 44 2209
6956 233 11691
6382 48 2422
7020 1383 69166
6325 13 678
7054 783 39189
6100 78 3919
7010 621 31058
5774 3 182
7010 1443 72191
7010 1244 62227
7012 1324 66236
7020 1464 73207
7014 1517 75875
7054 398 19944
6979 53 2699
7022 47 2361
6873 11 564
6795 50 2504
7008 1245 62266
6637 47 2367
6752 161 8077
7006 33 1654
7006 11 554
7014 1603 80166
7019 563 28158
6783 104 5204
7022 2 112
7021 594 29717
6829 192 9646
7023 333 16663
5909 24 1220
7023 1071 53564
6123 154 7701
7010 773 38699
7006 475 23786
7023 345 17283
7021 333 16677
7020 495 24788
7049 542 27127
6642 59 2953
7014 1603 80179
7498 202 10102
6100 18 950
7004 1595 79781
6407 49 2482
7047 73 3680
5433 74 3715
5060 64 3224
7004 1280 64012
6340 67 3383
6154 11 559
6153 38 1908
6122 45 2283
6376 66 3349
7054 433 21654
7018 871 43584
7001 37 1855
7001 997 49868
5511 55 2787
7008 651 32597
7023 1012 50625
7018 719 35969
7001 71 3556
5226 26 1311
7020 965 48296
7020 476 23816
7017 1171 58567
7049 2005 100281
7023 1071 53554
7020 1091 54594
7001 895 44760
6483 102 5126
7023 75 3779
7020 476 23830
7012 762 38118
7026 470 23528
7020 917 45888
7055 780 39001
5585 52 2612
7018 875 43784
6990 11 595
7010 1148 57425
6978 13 669
7001 507 25396
7021 271 13565
7018 851 42600
6946 41 2094
7010 822 41143
6423 81 4081
6786 66 3302
6803 9 454
6934 177 8866
7004 1695 84778
7014 52 2647
7017 1753 87655
7055 318 15943
7020 1455 72792
6591 73 3696
7008 820 41044
7014 979 48960
5600 52 2624
7017 125 6275
7008 567 28377
6507 202 10144
7020 845 42281
7001 650 32540
7012 487 24399
7008 815 40776
6444 145 7267
7023 1280 64028
7017 1269 63477
7020 427 21366
7049 1004 50229
7003 1590 79548
6350 81 4054
6118 137 6891
7020 1249 62456
6874 4 211
7010 1148 57423
6828 223 11199
7019 7 392
6123 154 7701
7048 77 3882
7021 645 32270
5099 13 678
7014 1473 73678
7001 37 1887
6091 202 10145
7004 1190 59535
7010 1443 72191
7016 3 175
7004 370 18526
7054 433 21654
7014 1603 80187
7008 460 23037
7001 303 15176
7017 692 34605
7014 739 36970
7018 698 34948
7020 74 3728
7021 645 32279
7054 1344 67208
7021 191 9566
7017 796 39808
7020 1760 88012
7026 558 27912
7020 1455 72792
5437 135 6760
6798 36 1823
6855 110 5519
7457 158 7949
7021 785 39295
6468 35 1767
6922 223 11179
5338 15 757
5177 42 2146
7055 438 21930
7003 472 23619
7010 773 38699
7014 874 43711
7014 979 48960
6800 47 2370
7054 397 19879
7008 261 13061
7020 673 33657
5452 18 919
7054 255 12754
5586 9 474
6534 44 2222
7008 567 28361
6768 42 2107
7023 1005 50294
7004 1598 79942
7049 1325 66274
6356 127 6389
5134 36 1825
6832 15 776
7012 1162 58112
7004 416 20823
6420 64 3239
7054 1306 65316
7054 1292 64633
6780 152 7608
6687 178 8934
7023 834 41723
7020 495 24788
6901 16 839
7020 957 47859
7017 983 49187
7017 1512 75634
7020 1275 63774
7019 381 19059
7018 454 22746
6780 152 7608
6934 176 8817
7022 2 141
7012 610 30517
6440 37 1894
7022 3 167
6780 151 7560
6148 53 2685
7049 204 10231
7010 812 40619
7003 171 8580
7010 1662 83144
7054 508 25423
7003 1297 64859
7026 355 17753
7017 1530 76525
7001 205 10264
7013 150 7527
7014 979 48960
7025 261 13088
6768 46 2345
7023 1716 85830
7049 236 11801
7013 58 2925
7003 1269 63486
6092 118 5950
7008 995 49778
6572 183 9177
7017 376 18826
7047 101 5089
6304 99 4993
6535 51 2573
7010 1403 70191
5625 108 5440
7020 476 23802
5924 19 998
7004 349 17473
7055 164 8204
7020 59 2951
7010 812 40619
7003 171 8567
7026 158 7924
7012 240 12032
6768 46 2345
6812 97 4860
7584 23 1181
6092 63 3159
6893 194 9737
7010 1255 62785
5134 32 1641
