7004 1660 83009
7026 634 31730
6653 125 6295
7018 399 19968
6991 73 3697
7010 1562 78141
6785 19 951
6837 7 383
7019 445 22288
7008 890 44515
7014 1640 82026
5339 94 4731
7055 354 17707
7025 435 21762
7049 988 49449
7026 108 5401
7017 828 41424
7004 1525 76284
7001 511 25592
6960 169 8462
7010 1390 69501
7017 225 11294
7014 1346 67346
5519 147 7352
5541 49 2487
7054 1480 74021
5783 96 4828
6690 150 7518
6078 9 474
7001 144 7217
7019 286 14330
7020 1725 86264
7407 7 380
5195 29 1472
7003 749 37455
6979 27 1369
7003 1318 65928
7003 852 42624
7008 102 5104
7017 955 47787
7021 692 34629
7054 875 43798
5154 118 5933
7021 748 37440
7054 1441 72077
5339 96 4811
7020 927 46367
7054 348 17447
7003 1339 66991
7049 822 41122
7357 47 2379
5487 51 2599
7003 1387 69385
7021 563 28161
5608 2 101
7046 95 4794
7017 47 2355
7004 1275 63770
7049 1161 58069
7054 912 45634
7017 994 49722
7020 383 19162
7012 1061 53059
7014 144 7211
7020 312 15637
7012 1485 74277
4957 148 7420
7019 578 28908
7019 118 5939
7012 1061 53058
4971 117 5862
6656 43 2183
7014 1728 86442
7017 123 6173
7017 1004 50212
6572 56 2849
7006 486 24341
5947 158 7909
7003 852 42640
7008 1078 53932
6956 191 9556
7023 556 27847
7021 750 37534
7004 901 45065
7023 930 46544
7020 504 25223
5996 27 1369
7021 593 29652
7013 238 11947
5459 9 488
6650 21 1089
7023 225 11251
7001 379 18982
7026 176 8819
6527 113 5679
7008 144 7229
7055 174 8723
7006 324 16235
7023 50 2506
6635 1 96
7054 1273 63700
6918 68 3418
5536 13 692
7023 467 23385
7017 419 20990
7023 300 15043
7012 288 14405
7004 1525 76297
7008 1110 55512
6829 128 6438
7023 300 15009
7016 106 5343
6081 4 225
7004 1622 81107
5013 5 299
7008 994 49726
7013 205 10251
7010 1562 78148
6934 16 827
7054 166 8340
7001 376 18840
7049 1967 98392
7012 708 35420
7023 50 2506
7014 867 43377
6080 95 4754
6322 43 2195
7020 1117 55868
5093 165 8259
6663 171 8578
6912 193 9661
7004 1340 67018
5516 25 1279
6031 219 10994
7008 144 7229
7014 1260 63041
6090 78 3929
7019 91 4560
5169 42 2143
6366 18 948
7023 1549 77466
7017 681 34061
7012 1479 73967
7054 400 20021
7003 336 16815
6036 54 2730
7018 363 18198
6441 61 3070
7014 212 10626
7020 1725 86281
7006 85 4296
6319 29 1461
6981 38 1949
7020 346 17330
7010 1162 58120
7054 1878 93933
7049 1417 70875
5608 11 586
7049 1967 98364
6503 60 3044
7012 19 991
7054 643 32162
7018 743 37187
6616 25 1287
7048 125 6285
7026 176 8844
7017 331 16569
6882 195 9786
7008 1110 55512
5229 10 517
7003 875 43797
5608 11 556
7025 88 4441
7004 1340 67013
6340 168 8415
7004 347 17371
6918 64 3214
7022 126 6312
7049 177 8859
7049 1161 58068
6503 60 3044
7003 456 22836
7018 519 25974
7021 456 22819
7054 1441 72084
7001 700 35020
6319 44 2212
6615 170 8541
7003 924 46209
7012 1659 82973
7049 807 40396
6881 105 5280
7018 147 7386
6881 105 5280
7003 1375 68754
7014 1260 63012
7004 1208 60434
7014 429 21498
7049 46 2303
7004 184 9211
6572 59 2971
7003 875 43770
6837 5 289
7010 1366 68328
7023 510 25510
7008 994 49706
7012 997 49898
7003 1437 71891
7014 367 18352
6616 25 1287
6635 1 91
7008 1393 69651
7004 206 10322
6078 1 65
7010 1568 78414
7049 1161 58099
5977 200 10007
7019 206 10317
7023 1781 89083
7014 1270 63537
7012 1659 82973
7007 22 1136
7025 88 4441
7021 32 1625
6359 9 460
7018 116 5833
6650 19 959
7010 89 4468
7020 1135 56753
7010 19 985
7004 118 5919
7047 110 5532
7010 89 4470
6206 47 2396
7001 977 48863
5547 71 3552
7018 570 28510
7018 41 2094
5013 5 299
7012 990 49518
7001 511 25593
7020 851 42593
7012 19 982
6548 0 37
7004 1525 76251
7010 166 8345
5036 19 989
7008 146 7349
7046 102 5134
6043 172 8645
7049 696 34822
7016 211 10596
7019 578 28936
7008 777 38885
7010 84 4250
7003 31 1568
7020 1797 89868
7003 1339 66999
7003 1317 65873
7049 807 40368
7010 1447 72380
7021 761 38062
7049 696 34822
7010 1562 78140
7049 177 8879
7055 230 11502
6441 58 2946
7016 267 13360
7001 228 11450
7016 165 8294
7049 931 46553
6756 44 2225
5452 42 2102
6923 30 1523
7724 144 7245
6859 142 7140
6589 110 5525
7014 1270 63506
7049 971 48556
6503 62 3140
7001 144 7229
7049 1967 98375
7054 320 16015
7004 1435 71784
6934 15 786
7010 727 36398
7020 903 45156
6936 159 7964
6751 27 1361
7004 1121 56069
7017 14 706
7003 1413 70664
7054 1888 94406
7020 1135 56755
7014 1400 70009
7023 1068 53436
7006 486 24319
7003 1375 68777
7010 610 30535
7008 1029 51452
7003 852 42638
5340 91 4558
6426 24 1242
7017 1458 72915
7013 205 10271
7055 569 28459
7282 34 1714
7003 363 18167
7008 195 9799
7014 1260 63012
7012 997 49882
7055 543 27154
7513 76 3829
7049 1750 87532
7054 1878 93943
7008 1387 69373
7055 174 8738
7054 791 39595
7025 435 21763
7010 19 978
7019 479 23972
7003 119 6000
7017 824 41206
6968 2 120
7012 19 955
7020 950 47514
6664 125 6277
7003 1449 72498
7017 955 47772
7049 46 2303
7054 320 16004
6829 129 6465
7026 634 31723
7055 256 12841
7004 1319 65960
7017 225 11262
7026 140 7026
7013 187 9372
7017 955 47756
7017 1536 76820
6879 208 10424
7010 1556 77835
7025 88 4424
7010 1049 52468
6444 38 1940
7021 378 18912
6663 175 8791
7019 210 10523
7018 570 28538
7012 1447 72369
7012 1485 74256
6614 157 7876
6656 40 2005
7012 246 12348
7021 378 18919
6021 182 9141
7020 383 19160
7008 924 46235
6100 13 673
7001 208 10405
7021 563 28180
7020 1903 95191
5229 4 221
7003 456 22809
7003 643 32186
6749 44 2234
5036 28 1422
5339 40 2047
7020 851 42568
7014 34 1745
6548 0 39
7003 31 1568
7054 1646 82334
7021 466 23314
7020 504 25236
7021 18 911
7018 863 43158
5154 65 3278
7014 326 16314
6616 28 1425
7021 18 903
6955 209 10466
7003 1449 72458
7054 1888 94450
6548 0 6
7054 537 26881
7020 755 37792
7003 852 42649
7026 108 5425
6992 10 514
7025 435 21762
7054 1273 63666
7017 775 38786
7003 480 24050
7021 761 38090
6420 43 2158
6059 49 2498
7019 445 22272
7049 1161 58067
6785 21 1091
7010 138 6933
7054 875 43800
7006 440 22039
7021 404 20204
6696 9 486
6765 212 10610
7020 1156 57812
7054 1290 64505
5515 63 3164
7049 1161 58068
7023 50 2542
6956 198 9912
7021 513 25668
7017 474 23730
6918 67 3397
6102 38 1944
6756 47 2357
7020 1612 80611
7021 782 39120
6751 32 1633
5557 20 1003
5385 162 8117
6628 42 2104
7001 1101 55072
7654 10 530
7003 924 46248
7017 1119 55983
7001 1080 54012
6503 61 3090
7049 679 33971
7001 977 48891
6765 212 10639
7049 1750 87538
6663 167 8382
6918 37 1886
7145 8 439
6975 64 3245
7023 654 32737
7021 466 23304
7048 99 4951
7055 490 24537
7020 1903 95164
7008 889 44471
7021 32 1627
7003 80 4033
7054 1646 82319
7010 579 28954
6975 57 2860
7003 1346 67340
7016 152 7608
7023 1068 53436
7023 50 2512
7055 230 11538
7008 102 5116
7669 113 5669
7014 1214 60715
7055 43 2196
7048 125 6280
7019 31 1554
7020 574 28716
7504 16 812
7010 513 25692
7003 188 9413
7012 1275 63793
7054 1455 72799
7017 225 11289
7020 1669 83469
7021 348 17420
7013 206 10343
6366 82 4140
7014 653 32689
7004 1660 83008
7049 2025 101273
7388 17 870
7054 2010 100541
7004 1605 80291
7004 667 33357
5042 46 2301
7017 440 22035
7049 1967 98391
6812 8 430
6036 53 2664
7014 1346 67346
7055 543 27179
5331 136 6830
6632 33 1657
7014 515 25779
7408 121 6071
7012 708 35443
7018 147 7379
5380 0 50
7055 690 34536
7014 205 10282
7004 901 45085
7020 1903 95175
7023 1346 67343
7021 466 23304
7003 932 46608
6837 7 394
7020 504 25207
7013 185 9274
7012 1659 82973
7025 272 13647
7018 481 24088
7048 27 1383
7023 1068 53409
7049 807 40393
6483 1 56
7003 1743 87167
7054 400 20002
7020 1051 52563
5458 153 7698
7001 264 13249
7055 690 34520
7003 1317 65868
7055 354 17742
7055 690 34518
5547 72 3609
7017 1723 86178
7046 102 5142
6303 125 6281
7018 178 8911
6423 75 3771
7019 466 23317
7054 1273 63699
7017 1748 87447
7048 27 1393
7014 1640 82025
7017 522 26104
7049 1927 96370
7025 385 19254
7012 708 35418
6663 18 901
5331 137 6856
7023 1454 72724
7001 480 24021
7049 1469 73482
7012 781 39100
7001 511 25561
6426 22 1136
5154 118 5950
7013 187 9357
6319 30 1513
7021 348 17443
6663 45 2268
7003 1437 71895
5216 52 2603
6319 46 2328
7017 299 14963
7006 337 16856
6548 0 1
7014 1623 81152
7055 569 28459
6407 91 4571
7001 210 10505
5977 199 9957
7003 1339 66992
5947 158 7909
7020 1725 86271
7054 87 4369
6826 47 2395
7017 675 33796
5459 9 488
6030 6 342
7049 696 34844
7016 152 7624
6090 74 3739
7012 1479 73960
7051 67 3371
7003 188 9439
5370 53 2682
7299 24 1220
6573 29 1460
7018 41 2074
6952 101 5061
7018 147 7396
7018 147 7386
7026 700 35030
7017 681 34083
7021 234 11740
7004 1011 50566
7008 146 7330
7003 852 42649
6211 70 3543
6632 33 1657
7003 700 35001
7023 1899 94952
6975 66 3317
6960 169 8467
7018 178 8917
7010 1562 78133
7014 1411 70595
7008 890 44543
6837 1 95
7026 634 31741
7013 185 9268
6359 0 9
6528 11 553
6923 32 1605
6991 71 3598
7001 866 43325
7004 1268 63416
7010 1455 72779
7008 1393 69653
7004 1319 65967
7008 1051 52580
7013 154 7723
6751 23 1161
6420 43 2158
7012 708 35448
7008 1348 67404
7049 1469 73469
5564 192 9637
6782 0 30
7017 828 41424
7046 41 2099
7003 43 2199
7012 442 22116
6923 34 1745
6689 36 1811
7049 1750 87538
6324 90 4549
7006 85 4254
7020 903 45158
7012 324 16236
6812 1 94
7021 68 3450
7004 654 32738
7049 696 34806
5331 133 6664
6882 194 9706
7014 1623 81197
6827 110 5545
7014 1623 81180
7012 324 16205
5581 33 1691
7003 784 39238
7008 146 7313
6059 50 2514
7026 143 7175
7400 140 7010
7026 774 38728
5519 142 7102
7001 1025 51289
7010 166 8330
6930 20 1022
7008 1110 55530
7010 1596 79802
7003 413 20689
7023 1549 77479
6795 6 342
6616 23 1186
7054 223 11176
6426 22 1136
7012 708 35444
6616 20 1034
7020 417 20896
7019 91 4556
7013 205 10271
7003 1449 72458
7003 875 43770
6696 0 31
7004 1299 64987
7023 77 3876
6620 149 7453
7001 1134 56725
7008 890 44547
7049 924 46203
7017 1004 50244
6334 3 152
7302 83 4166
6981 128 6410
7010 19 978
7003 643 32173
7014 1331 66572
6826 43 2194
7023 1776 88829
7391 360 18003
7019 578 28945
7004 1340 67013
7010 166 8347
7023 1346 67322
7010 1549 77462
7013 187 9385
7055 230 11502
7049 1055 52792
7016 152 7639
7023 1795 89777
7049 1161 58069
7003 960 48047
7054 1710 85542
7054 1177 58863
7023 1068 53447
7025 435 21778
7049 2015 100789
7014 1623 81180
7010 651 32556
7018 743 37190
7018 41 2060
7023 343 17166
7008 1078 53933
6991 68 3416
7004 1208 60434
7017 448 22447
7001 1144 57240
6589 106 5314
5966 0 47
6031 101 5054
7021 750 37515
7023 1675 83782
7010 1485 74266
7025 445 22281
5339 90 4539
7004 654 32738
6960 166 8348
7055 230 11509
5608 11 556
7014 1400 70009
5077 20 1026
7003 363 18200
7010 1343 67158
7023 1934 96739
7046 41 2057
7023 1221 61097
7023 1579 78970
7018 147 7365
7017 905 45276
7017 225 11270
7023 337 16870
7001 682 34109
7016 165 8282
7055 739 36976
6829 129 6485
7020 383 19184
7001 700 35008
7025 203 10177
7008 103 5154
7012 1479 73995
6664 118 5923
7023 654 32710
7017 1536 76846
7012 324 16231
7003 1449 72465
7003 932 46615
6696 5 282
7017 1002 50135
7012 1006 50313
5000 37 1887
5195 29 1472
7010 48 2405
6663 174 8720
6968 1 59
7020 1117 55868
7014 662 33111
7055 490 24526
7003 228 11441
6975 66 3347
7020 972 48622
6628 41 2085
6030 10 513
7055 490 24525
7017 123 6171
7020 1135 56751
7046 95 4778
7003 119 5953
7724 144 7245
7020 312 15629
5185 78 3938
7014 1346 67344
6975 57 2860
7023 1899 94997
6687 197 9866
6812 1 64
6881 126 6309
7006 324 16246
7001 998 49932
7014 429 21458
5013 5 299
6420 43 2158
7023 192 9611
7017 79 3984
7513 76 3829
7001 819 40978
6050 0 42
5155 89 4500
6572 167 8358
7004 1208 60434
7003 262 13126
7054 1576 78817
7025 178 8919
7004 1525 76263
7054 791 39574
7003 1050 52543
6321 64 3219
7048 125 6298
6687 196 9824
7017 875 43800
6749 44 2230
7049 1927 96372
6663 20 1035
6616 24 1203
6918 33 1698
7011 302 15103
7012 1035 51784
7004 1268 63410
7023 1881 94099
7049 596 29817
7008 833 41661
7010 1049 52471
7003 1734 86744
7055 406 20317
7049 1934 96727
7006 324 16246
7023 343 17175
7012 1054 52727
7023 745 37258
7504 16 812
7054 1710 85537
6527 105 5292
6664 182 9109
7054 1710 85542
7013 205 10270
7014 1270 63502
7003 643 32166
7054 1157 57891
7020 1349 67451
7049 1934 96734
7054 1944 97220
7003 43 2172
7025 445 22259
7014 216 10834
7001 228 11435
7017 939 46961
7003 1387 69382
6321 73 3673
7020 331 16558
7682 16 817
6696 0 31
7025 250 12501
7012 794 39706
7055 717 35899
7010 1545 77262
7003 749 37461
7013 238 11947
7049 1934 96743
7049 270 13513
5229 6 338
7020 1852 92603
7023 852 42615
7055 174 8747
7001 144 7204
6663 23 1174
7055 457 22891
7003 749 37498
7051 67 3365
7023 1346 67343
6683 11 571
7001 480 24037
7021 579 28985
7054 400 20024
6426 25 1284
7021 748 37436
7008 1110 55547
7001 998 49932
7013 238 11919
6423 74 3704
7003 1339 66972
5093 170 8516
7014 1121 56058
7003 1339 66993
7001 144 7229
6826 47 2395
7008 146 7324
7054 320 16019
7008 833 41671
6420 40 2027
5339 96 4811
7004 1121 56069
4998 132 6637
7003 1032 51610
7021 761 38062
7049 931 46559
6653 126 6317
7006 558 27936
7055 354 17732
7021 579 28972
7023 1934 96739
6059 51 2551
7054 875 43796
7017 331 16565
7012 324 16239
7046 35 1789
7054 1710 85529
6211 72 3611
7017 419 20955
7008 133 6697
7012 1035 51787
7003 1413 70687
6407 97 4891
6765 212 10610
7023 1378 68913
7014 367 18354
7017 1163 58172
7014 10 528
7001 511 25598
7026 52 2606
7049 614 30718
7012 1126 56321
7003 228 11423
6956 198 9921
7012 1730 86524
6923 34 1745
7017 448 22418
7004 514 25730
7049 732 36622
7054 1009 50470
7049 1417 70885
5564 189 9485
7003 1734 86734
7054 1728 86450
6031 216 10813
7001 566 28310
7049 270 13524
6952 158 7940
7049 177 8867
7022 126 6306
7008 786 39309
7026 133 6671
7003 80 4041
6503 62 3140
6589 109 5462
6765 210 10503
7006 85 4296
5448 10 546
7010 48 2420
7023 1286 64313
7054 1273 63680
6090 34 1743
7017 440 22026
6826 47 2355
7054 537 26857
7021 15 791
5605 57 2880
7055 684 34233
5340 92 4634
7023 487 24381
5013 9 478
7017 225 11285
7023 805 40285
7021 748 37440
6616 23 1186
7049 46 2323
5331 133 6664
7003 1413 70663
7013 206 10343
6663 24 1211
5541 49 2464
7049 1303 65169
7010 1562 78141
6589 100 5013
6664 121 6064
7046 111 5552
5154 124 6247
7054 1009 50479
7017 522 26144
7013 40 2026
7020 755 37786
7003 80 4022
7008 1387 69373
7003 31 1561
7054 1159 57992
5487 51 2562
7001 1134 56716
5459 9 487
6030 6 342
7055 230 11528
7021 295 14757
7020 312 15618
7021 748 37419
7014 5 294
7010 1556 77825
7017 1119 55951
5157 100 5046
7026 774 38728
7054 1778 88901
7013 238 11940
6992 11 588
7021 15 787
7010 1421 71056
6043 173 8662
6483 7 388
7010 610 30526
7004 1624 81205
7018 116 5833
7003 1734 86728
6991 69 3458
7014 515 25779
7003 775 38754
6354 138 6938
7017 665 33256
6751 28 1405
7020 1117 55859
7026 634 31712
7003 31 1588
5448 13 687
7013 205 10251
7004 1138 56913
6689 26 1329
7014 34 1745
5581 38 1924
7055 175 8759
7023 1671 83578
6173 34 1749
7001 682 34142
7003 214 10722
7013 238 11929
7049 1744 87226
7008 1078 53924
7019 210 10502
7017 448 22416
7001 344 17201
6923 33 1678
7006 471 23566
7055 457 22885
5564 192 9637
6664 179 8953
7020 1929 96473
7023 362 18126
6319 44 2212
7023 654 32718
6664 119 5989
7026 176 8828
6779 28 1413
5515 63 3164
7628 133 6665
6483 9 485
7054 1611 80599
7023 1781 89083
7019 437 21884
6635 0 10
7025 385 19283
6614 110 5504
6631 32 1609
6359 8 429
7017 359 17978
6664 126 6314
7017 1723 86198
6663 174 8720
6632 55 2780
5380 5 269
6829 127 6397
7016 211 10596
6366 17 855
7008 102 5104
7282 27 1365
7020 1852 92621
7016 106 5344
7003 214 10745
7019 230 11543
7017 675 33759
7026 176 8821
7025 609 30485
5071 19 951
7025 72 3628
4983 48 2439
7017 299 14991
7014 515 25765
7018 41 2089
7023 1378 68941
7014 1260 63024
7022 126 6345
7001 26 1348
7017 1163 58193
7018 602 30113
7003 1032 51616
7010 1270 63516
6968 0 17
7019 466 23321
6696 0 31
6211 71 3581
7006 85 4282
5512 213 10677
5557 92 4634
7011 302 15120
7014 1623 81164
6954 6 346
7001 26 1348
7023 1781 89073
7021 750 37517
7004 527 26380
6366 76 3832
6632 55 2780
7025 507 25377
7001 1101 55061
7008 885 44253
7049 988 49447
7020 1725 86253
7055 684 34205
7023 620 31029
7008 145 7252
7023 1549 77455
7017 656 32840
7012 529 26477
7001 376 18810
6882 154 7725
7001 1101 55077
7004 1340 67009
6170 36 1842
7012 302 15141
5042 48 2435
7049 1469 73476
7010 19 978
7054 875 43772
6366 75 3764
6826 40 2017
7017 1459 72961
7014 1270 63530
7055 457 22859
7019 479 23957
7054 791 39597
5487 51 2599
7049 988 49416
7008 746 37318
7008 144 7203
7010 1366 68343
6666 13 679
7008 885 44253
7016 41 2067
7023 556 27807
6687 194 9739
7026 381 19065
6319 47 2372
6689 36 1811
6030 9 471
7017 448 22440
6663 21 1074
5169 35 1766
5331 133 6664
7011 302 15119
6123 1 76
7047 109 5491
7010 513 25691
7014 1400 70034
7004 1624 81232
6664 182 9109
7017 681 34081
7010 220 11003
7049 385 19263
7020 927 46360
7049 1934 96741
7010 220 11024
5433 158 7944
7051 67 3396
7010 84 4212
7001 566 28307
6090 73 3687
7010 52 2626
6981 128 6410
7017 665 33292
7014 205 10297
7054 1157 57860
7054 643 32164
7017 474 23704
7018 363 18191
6968 7 371
7020 207 10367
5459 175 8785
7010 89 4478
7016 152 7624
7023 362 18142
7054 320 16048
6827 106 5344
7008 786 39303
7017 994 49731
6968 0 39
7021 782 39108
7003 1050 52535
7019 219 10959
7023 1249 62475
6211 206 10349
7055 230 11502
7017 1002 50135
7017 1591 79555
7004 1208 60427
7049 1744 87240
7049 1469 73476
5042 42 2107
7007 22 1150
7020 1580 79006
7001 26 1327
7023 1671 83572
7025 609 30477
7023 362 18120
7001 511 25561
7010 1447 72391
7013 187 9391
5013 28 1409
5155 30 1517
7003 1304 65202
7021 466 23301
6340 173 8669
6319 46 2328
7017 1133 56675
7023 1454 72704
6170 36 1842
7017 469 23453
7023 1068 53403
6362 83 4166
6378 2 128
7014 662 33104
6954 6 306
7026 108 5425
6663 19 952
7054 1728 86436
7003 1437 71854
7021 782 39121
7049 822 41126
7049 1750 87501
7004 118 5913
7001 144 7229
7048 99 4958
7001 823 41157
7016 196 9841
7054 1871 93575
7017 775 38785
7012 302 15117
6050 7 399
7003 262 13126
7019 578 28936
7014 1214 60718
5448 10 546
5216 52 2603
6756 42 2139
6211 207 10390
7003 1339 66976
6027 4 248
6951 24 1219
7010 1556 77805
7417 27 1391
7025 250 12529
6951 22 1103
7023 1454 72701
7048 38 1944
7008 1393 69652
7054 1778 88901
5783 97 4883
6955 205 10261
7008 589 29466
7047 48 2447
6975 71 3594
7001 1101 55063
7019 286 14334
7008 195 9792
6050 7 375
7023 50 2506
7001 480 24009
7020 1669 83476
6959 125 6257
5077 20 1042
5331 133 6664
7003 749 37479
7020 1797 89879
7054 643 32172
7026 448 22418
6689 36 1811
7004 309 15497
7026 654 32729
5452 41 2093
7014 1411 70574
7055 490 24536
7020 199 9963
7023 1378 68943
7003 119 5951
6975 58 2926
7026 518 25939
7003 1032 51626
7013 40 2009
7014 990 49542
7025 385 19267
5169 34 1746
5605 57 2880
7003 123 6184
6615 168 8402
7010 651 32556
6170 33 1665
7017 1119 55993
6992 12 633
7003 1387 69377
7012 1549 77472
7020 1117 55882
7048 99 4979
7004 654 32706
5036 21 1086
7008 146 7324
7054 239 11963
7013 187 9361
7021 466 23314
7054 1157 57860
7026 518 25909
5459 8 405
6837 5 289
7019 466 23308
7008 786 39309
7055 406 20304
5229 10 517
7003 1437 71900
7003 1304 65222
7023 745 37294
7014 1214 60728
7054 1177 58883
7054 875 43781
7003 456 22814
5608 5 293
7004 184 9250
7012 529 26463
7049 399 19980
7023 1068 53448
6615 175 8754
7010 48 2425
7010 1447 72376
7003 1375 68777
7010 1366 68306
7017 299 14998
5151 177 8859
7022 126 6306
6140 27 1370
7023 1378 68921
7023 343 17166
6362 102 5109
7003 852 42601
7003 1044 52228
7006 324 16220
7012 713 35666
6653 125 6295
7022 126 6315
7021 579 29000
6548 0 41
7001 480 24019
6340 174 8723
6444 38 1916
6992 12 624
5608 2 147
7017 440 22020
7001 732 36621
7008 1321 66058
7054 912 45634
7017 474 23726
7003 1032 51646
7019 479 23982
7018 178 8948
7017 775 38759
7021 295 14796
6334 3 166
7010 1421 71088
7055 205 10294
7008 1321 66081
7013 205 10297
7003 643 32161
5229 4 221
7055 175 8769
7021 750 37514
7001 1025 51291
7003 456 22838
7014 990 49542
6483 8 415
7003 1437 71891
7026 381 19052
7021 466 23332
7003 480 24015
7047 110 5549
4971 117 5874
6288 47 2357
7004 1525 76294
7047 110 5519
5339 47 2368
6918 37 1859
7003 80 4041
7654 9 493
7010 1366 68306
7017 824 41207
7025 250 12546
7006 471 23581
7054 537 26897
7013 206 10328
7001 264 13240
7017 775 38759
7001 819 40981
5459 4 215
7023 654 32749
7008 885 44262
7020 1824 91246
7003 1318 65910
7055 739 36968
5154 178 8949
7049 2015 100775
7020 1903 95171
7014 1270 63545
7010 710 35545
7001 264 13215
7054 1646 82315
5380 6 308
7016 196 9841
7019 373 18692
7020 755 37752
5216 22 1134
7054 1317 65895
7004 206 10322
7023 556 27825
7017 1163 58179
7003 1734 86736
7025 435 21762
7001 998 49932
7001 144 7237
7018 178 8920
7054 1159 57982
7049 1627 81386
7025 250 12538
7049 732 36644
7003 336 16806
5921 16 829
7004 1340 67007
7003 1375 68755
7010 1366 68339
7017 827 41355
7513 73 3666
6362 83 4166
7049 1161 58086
7049 1927 96370
7004 1605 80263
7282 30 1513
7026 89 4466
6954 6 338
7048 81 4071
7001 1144 57212
6664 182 9129
5029 168 8450
7003 123 6168
7021 32 1616
7048 38 1941
7006 588 29438
7025 445 22262
6749 44 2234
7017 1591 79592
7054 875 43765
7019 373 18676
7014 429 21458
7026 381 19081
7017 827 41387
5487 51 2581
7008 102 5114
6420 46 2302
7003 228 11408
5557 24 1211
7003 400 20019
7008 72 3637
7001 542 27135
7003 232 11647
7001 353 17688
7012 1126 56306
7008 885 44289
7006 558 27915
6912 204 10202
7021 32 1626
7008 746 37322
7003 1449 72458
7049 1469 73455
7017 225 11289
6030 6 342
5013 20 1003
7010 1270 63543
7054 643 32181
7021 748 37436
7017 824 41210
5077 20 1029
7017 1004 50240
6664 126 6314
7014 326 16344
7006 471 23592
6827 109 5452
6683 11 579
7003 700 35047
6140 28 1410
7054 537 26864
7018 631 31563
7003 960 48028
7026 654 32735
7014 150 7527
6211 206 10331
7021 404 20234
7055 457 22890
6090 35 1769
7017 1232 61623
7004 654 32701
6923 36 1830
7021 18 903
7012 529 26465
7003 784 39236
7025 295 14777
7054 223 11194
7003 411 20556
7049 679 33966
7282 34 1714
7003 1318 65925
5459 6 308
6951 29 1479
5106 181 9069
6683 11 571
7017 299 14988
7055 684 34230
7012 442 22119
5497 102 5139
5169 37 1869
7010 1270 63516
7003 119 5988
7010 1343 67155
5204 158 7901
7012 1641 82085
6420 43 2189
7026 448 22440
7001 228 11407
7011 302 15120
7004 1208 60409
7004 253 12689
7017 1458 72922
7026 89 4498
7018 363 18191
7017 656 32801
7049 154 7743
6483 9 459
7020 207 10369
7021 750 37542
7049 1672 83604
7017 522 26118
7012 1549 77464
7020 1824 91231
7014 326 16336
5093 169 8495
7049 931 46594
7020 1884 94201
7014 1214 60707
7020 1349 67451
7014 429 21492
7504 145 7275
7018 776 38814
7054 1577 78893
7004 1340 67018
7004 1319 66000
6030 10 513
7012 708 35444
7025 435 21762
6080 89 4498
6366 79 3954
7004 1605 80290
7017 827 41387
7023 654 32718
7055 174 8713
7010 48 2418
6548 0 10
7051 67 3371
7049 270 13538
7020 312 15629
6043 173 8662
5624 21 1055
5459 5 288
5078 7 358
6829 129 6465
6912 193 9700
6199 75 3799
7049 1934 96741
7003 932 46629
7010 1421 71090
7010 1545 77283
7049 1469 73461
5108 97 4884
7008 890 44540
7020 927 46400
7023 805 40257
7023 654 32749
7008 633 31683
7020 1852 92621
7003 262 13144
7025 609 30457
7021 422 21145
7021 557 27870
7014 1214 60724
6881 137 6853
7054 1269 63476
7049 1055 52782
7014 429 21455
7010 48 2407
7017 827 41372
7021 750 37537
7049 2015 100784
7025 609 30487
7010 579 28999
6446 127 6400
5487 56 2803
6573 27 1365
7054 1009 50470
7008 1387 69398
7054 239 11963
6954 6 346
7055 490 24522
7021 750 37544
7019 31 1573
7004 1624 81205
7008 1393 69690
7054 912 45629
7017 1458 72909
7021 773 38673
7049 696 34822
7017 47 2399
6756 45 2276
6991 66 3301
7006 486 24341
7026 52 2607
7055 406 20304
7055 739 36997
6548 0 42
7001 866 43346
7054 400 20024
7001 228 11435
7019 213 10656
7054 348 17433
7021 471 23570
7054 1710 85508
6795 7 381
6321 71 3574
5229 9 498
7003 80 4041
6106 49 2456
7023 510 25524
7020 842 42147
7003 411 20556
7006 337 16866
7055 739 36956
6689 29 1467
7020 346 17330
7017 875 43781
7017 359 17966
6918 37 1862
7006 337 16881
7054 1710 85507
7008 102 5106
6881 97 4878
6785 20 1037
5339 47 2368
7010 1485 74263
7001 353 17653
7115 43 2163
7014 1121 56058
7054 1177 58883
5013 3 164
7003 1304 65241
6912 201 10063
7046 35 1793
7026 654 32729
