6533 113 5687
5561 19 997
6761 53 2684
5377 13 666
5025 64 3235
5937 1 58
6766 78 3903
6837 151 7596
6907 27 1380
6775 10 526
6811 73 3683
6829 162 8114
6631 86 4329
6894 39 1999
5712 99 5000
5211 12 648
5541 127 6361
6776 124 6211
5002 22 1128
5397 52 2638
6047 7 364
5946 37 1885
6173 10 522
6000 2 103
6692 26 1317
6773 229 11469
6217 76 3823
6936 48 2411
5386 172 8630
6663 205 10260
6446 169 8490
6340 40 2044
5858 12 621
6853 76 3824
6282 12 649
5207 45 2276
5337 49 2491
6366 63 3177
6094 21 1067
6376 42 2132
6311 8 447
5153 6 323
5782 1 91
6526 3 196
5404 15 790
6769 135 6797
6795 26 1339
6004 54 2740
5211 101 5071
6617 13 695
5262 4 232
4992 134 6707
6596 26 1306
6377 52 2608
6379 116 5822
5752 92 4628
6371 27 1399
5262 65 3293
6881 19 961
5051 154 7726
6304 90 4544
5092 125 6294
6527 10 522
5616 185 9252
6916 86 4347
5162 6 328
6652 6 343
6688 10 526
6979 53 2679
6311 66 3331
6103 74 3715
5459 106 5343
4974 9 496
5101 2 148
6971 8 402
6462 39 1983
6780 78 3947
6544 11 589
5524 8 448
6980 88 4415
5021 66 3317
6318 99 4971
5013 114 5728
5896 11 592
5853 404 20225
6829 124 6236
5512 105 5296
6159 5 287
5359 0 21
6311 0 30
6936 215 10798
6861 167 8364
6301 203 10176
5463 8 408
6000 2 103
5512 12 642
5207 137 6880
6508 52 2623
6501 45 2292
6946 15 793
6901 47 2388
5519 26 1332
6831 79 3969
6955 188 9424
6980 11 600
5349 11 574
6922 162 8145
6937 62 3118
6780 74 3748
5102 67 3359
5092 6 322
5361 67 3385
6304 36 1809
6853 141 7085
5071 33 1653
6600 69 3489
5090 89 4463
6462 71 3572
6577 68 3411
5593 2 140
5947 129 6498
6697 118 5925
6323 38 1935
4962 93 4659
6908 193 9669
6991 117 5869
6647 69 3480
6572 136 6834
6628 4 245
5142 27 1364
6773 236 11828
6313 44 2211
5108 125 6253
6855 53 2681
6756 70 3507
6800 113 5655
6205 95 4795
5850 122 6131
5489 57 2871
5920 22 1130
6101 7 365
5728 7 360
6230 71 3596
6100 161 8064
6830 178 8946
6304 77 3852
6478 40 2029
6219 140 7008
5164 62 3140
6921 33 1696
6827 237 11882
5726 84 4225
5264 5 270
6854 70 3528
6690 97 4858
5564 131 6582
6890 71 3568
5959 30 1527
6888 88 4438
5093 132 6645
5567 13 662
5386 188 9440
6280 2 127
5103 24 1203
6131 92 4607
6168 127 6379
5761 2 144
6614 141 7082
6526 3 196
4981 12 617
6827 151 7599
6363 1 78
6640 168 8413
6810 40 2046
6369 100 5015
5093 68 3444
5521 63 3176
6320 74 3717
6977 25 1284
6608 49 2499
6634 107 5395
6123 23 1200
6952 203 10194
6977 70 3522
5729 63 3154
6549 43 2196
6299 2 138
5953 5 269
6829 179 8954
6980 34 1739
6407 18 937
6950 42 2104
6975 136 6829
5959 36 1825
6406 106 5328
6083 36 1848
6505 11 576
5513 18 921
6179 5 271
5639 139 6965
6192 64 3226
6874 46 2314
6467 60 3021
6666 152 7620
6813 99 5000
5455 60 3022
6332 66 3328
6626 32 1606
6371 13 667
6463 68 3402
5836 97 4881
5395 6 332
6576 17 863
5519 142 7134
6981 127 6356
5583 29 1456
5380 2 111
6347 96 4810
6562 78 3929
6981 67 3399
5767 64 3204
6362 106 5305
6517 4 220
5935 15 751
5752 42 2149
6639 31 1578
5731 32 1617
5397 52 2638
6805 152 7626
6853 130 6501
6801 113 5664
6952 95 4795
6780 41 2066
6105 25 1258
5211 101 5071
6033 109 5491
5896 19 954
5589 41 2074
5808 101 5056
6561 12 642
6569 15 752
6058 202 10115
6493 44 2208
6828 166 8329
6552 56 2815
5513 25 1286
5705 1 98
6659 27 1356
5041 12 614
6881 36 1817
6907 82 4136
6569 15 752
6217 76 3823
6180 39 2000
6356 123 6188
6562 40 2027
6901 21 1060
6058 23 1172
6850 35 1795
6030 0 39
6861 160 8039
5996 32 1648
5593 65 3261
5842 26 1339
5359 0 21
6940 39 1962
6639 55 2774
6337 4 228
5016 35 1751
6932 128 6446
6553 92 4637
6622 16 836
5361 50 2532
6934 80 4025
5280 140 7006
5618 33 1700
6855 104 5216
6325 61 3077
6579 42 2132
5536 51 2576
5412 71 3558
5512 107 5385
6840 71 3576
6763 173 8652
6647 101 5078
4998 82 4102
5397 123 6197
6542 177 8897
4986 58 2914
6800 113 5655
5926 4 229
6901 45 2270
5191 51 2556
5614 11 566
6608 49 2499
5395 6 332
5996 5 300
6168 178 8924
6073 106 5307
5512 105 5296
6552 43 2184
6374 22 1119
6950 46 2317
6839 10 519
6800 213 10655
6669 84 4240
6544 156 7848
6964 1 64
5374 36 1835
6599 58 2928
6330 27 1383
6300 136 6802
5994 46 2334
5191 104 5202
6123 123 6197
5921 108 5447
6797 71 3591
6951 19 988
5564 35 1789
6497 74 3731
6905 97 4859
6139 96 4817
5338 9 459
6123 11 582
5593 60 3001
5191 10 550
5959 31 1568
6407 72 3625
5570 0 33
6765 140 7026
6576 64 3206
6382 55 2776
6901 229 11491
6417 32 1641
6957 93 4671
6017 9 492
6339 121 6070
6763 154 7740
6888 78 3947
6827 35 1764
6780 74 3748
6973 191 9578
6765 175 8774
6542 21 1086
6773 209 10453
4991 5 290
6308 34 1741
6487 79 3960
6675 0 37
6658 61 3084
6347 169 8459
6552 43 2184
5393 4 223
6980 38 1934
5557 30 1507
5630 35 1777
6211 153 7655
6780 203 10183
6549 50 2507
6506 4 237
6571 27 1364
6574 7 358
6689 139 6956
6861 31 1570
5921 141 7094
6095 6 339
5547 114 5725
5847 23 1189
6140 74 3734
6311 0 14
6822 96 4850
6572 142 7135
6622 30 1549
6912 31 1561
6313 65 3257
6107 20 1034
6829 166 8344
6529 46 2301
4962 141 7099
5333 35 1775
6507 92 4640
6144 36 1839
6092 92 4634
6835 3 166
5333 87 4371
6797 43 2176
6098 46 2336
5399 47 2386
5515 160 8010
5470 26 1329
6854 70 3528
6144 36 1839
6867 40 2048
6866 148 7417
5385 93 4694
6952 93 4675
6901 190 9518
6608 65 3282
5515 180 9003
6908 204 10227
6501 8 417
5341 57 2865
6321 79 3955
6566 7 397
5915 101 5069
6785 191 9555
6829 179 8954
6867 16 815
6801 92 4647
6379 112 5640
5374 36 1835
5536 84 4211
6583 97 4874
6149 60 3024
5558 19 979
6634 80 4010
6998 167 8393
6314 1 56
6502 99 4966
6888 168 8433
5729 126 6347
6609 67 3372
6478 15 772
6502 81 4081
5455 53 2656
5996 31 1571
6989 107 5372
6811 181 9091
6639 23 1171
6881 35 1774
6918 116 5825
6369 4 201
6798 41 2097
6793 19 993
6377 52 2608
6510 49 2461
5606 69 3459
6625 37 1898
6507 7 391
5705 5 259
6619 12 642
5511 10 516
6919 73 3673
4982 38 1918
6921 85 4273
6829 75 3783
5495 22 1132
6749 43 2193
5093 31 1563
6756 78 3939
6752 86 4313
5977 123 6180
6983 0 12
6358 19 986
5411 68 3447
5277 19 994
5223 18 932
5337 122 6129
6954 55 2772
6981 70 3534
6056 14 724
5086 87 4396
5938 25 1295
5777 11 594
5839 38 1910
6410 141 7064
5824 25 1255
5154 91 4581
5470 80 4016
6811 189 9474
6977 0 28
6756 129 6486
5002 22 1128
6575 102 5140
4969 122 6106
5921 48 2442
6798 197 9873
6947 59 2982
5986 8 448
6917 73 3696
6457 46 2318
5164 36 1845
5178 10 508
6765 154 7702
5710 16 823
6327 50 2546
6827 67 3357
6856 30 1507
6765 94 4718
6901 79 3971
6658 13 657
6078 81 4070
6339 10 502
6574 10 523
6546 18 910
5745 6 301
6441 78 3936
6046 63 3193
6930 36 1847
6776 56 2840
6131 7 395
6098 161 8078
5720 15 756
5034 14 719
5840 28 1408
6637 29 1477
5277 25 1299
6083 36 1848
6412 15 790
6605 126 6317
6558 137 6866
6810 66 3327
5783 48 2430
6301 51 2562
6157 89 4459
5435 4 223
5146 49 2493
6658 13 681
6619 47 2352
6074 72 3641
6813 101 5068
6814 29 1500
6768 37 1862
5497 47 2390
5527 63 3177
5605 101 5093
6854 103 5183
6588 17 872
6861 234 11729
5211 101 5071
6671 50 2525
6811 164 8238
6760 1 59
6606 4 230
5858 0 36
6439 23 1156
6406 7 383
6594 50 2506
6800 134 6728
6192 46 2336
6340 20 1027
6198 113 5672
6546 15 774
5985 75 3762
6653 92 4626
5990 35 1764
5154 91 4581
5216 2 121
6689 139 6956
6663 46 2350
6959 63 3173
6880 21 1090
5720 15 756
6687 132 6622
5441 73 3695
6888 182 9109
6493 116 5817
4982 38 1918
6659 30 1533
6574 1 78
5111 29 1460
5264 5 270
6853 101 5068
5233 1 63
6680 51 2580
6949 45 2256
5155 46 2337
5189 24 1250
6497 74 3731
5532 85 4281
6382 17 856
5551 3 172
5611 71 3594
5226 40 2027
5419 39 1954
6813 204 10243
5269 23 1151
6148 37 1881
5106 81 4054
6553 33 1655
5959 31 1568
6176 57 2884
6980 38 1934
6959 9 491
6933 45 2293
6304 155 7799
6533 126 6316
6914 9 495
6768 96 4812
5436 18 935
6752 154 7711
6921 154 7731
6960 167 8353
6502 74 3712
6894 39 1999
6195 53 2657
6934 190 9507
6954 40 2034
5337 5 287
5935 15 751
6591 65 3284
6489 144 7226
5458 199 9969
6980 191 9587
6752 169 8495
5975 4 239
6955 122 6147
6861 125 6254
5187 103 5181
6959 231 11598
6917 32 1606
6429 154 7739
5505 13 688
5709 108 5413
5891 144 7228
6205 9 480
6417 81 4051
6497 145 7299
6752 69 3497
6783 229 11493
5364 31 1551
5854 126 6329
5432 2 134
6410 90 4518
6420 71 3557
6859 122 6143
6934 102 5101
6811 54 2705
