14546 136 6847
18662 7 373
18732 256 12820
17482 139 6969
16205 239 11999
15876 51 2552
14956 236 11834
15264 162 8134
18794 20 1045
14976 54 2734
17178 40 2003
16689 6 312
15061 244 12203
18631 316 15839
16058 29 1470
18756 125 6292
14458 32 1633
16058 26 1340
18752 564 28212
18874 199 9989
14623 249 12485
14213 13 659
16301 272 13644
15234 6 338
14942 251 12563
18028 305 15289
14336 88 4402
17875 330 16515
18874 199 9975
14231 19 986
14940 121 6098
15103 228 11426
17973 50 2549
17875 330 16515
14450 291 14599
17603 17 859
15127 33 1699
14149 127 6373
14575 55 2790
14772 236 11816
16733 5 254
17866 20 1025
17415 77 3881
14824 305 15263
14306 180 9028
18011 33 1679
17137 91 4592
17493 193 9676
14143 143 7151
16432 19 978
14771 121 6074
16544 152 7612
14611 162 8118
14363 271 13556
14956 310 15523
15053 188 9447
15689 273 13685
16867 206 10339
18763 11 597
17267 31 1598
17004 262 13107
17696 166 8301
14281 83 4164
18922 599 29984
16051 206 10327
17985 180 9023
14824 187 9374
15403 95 4784
16878 158 7941
16845 449 22485
18764 32 1614
15941 12 638
17620 122 6109
16073 209 10459
15801 183 9193
18603 189 9486
17753 175 8763
14901 108 5439
17791 30 1524
14527 10 520
17361 342 17111
15469 318 15912
16172 522 26126
14543 25 1292
18007 70 3529
14216 17 872
16058 22 1143
14458 4 205
15115 139 6999
14891 224 11229
14281 88 4401
15673 53 2687
15273 178 8927
14154 81 4088
15917 386 19313
15413 54 2736
18516 367 18361
14291 58 2933
16172 31 1588
15801 79 3994
17116 0 19
15965 269 13456
18677 222 11137
14202 121 6099
18481 38 1940
16205 362 18103
14975 83 4192
18474 233 11653
18044 55 2796
17344 30 1532
18492 238 11934
18910 160 8044
14427 243 12166
17028 13 692
18001 1 87
16526 18 924
17152 7 366
14191 27 1391
14390 84 4210
16075 314 15733
14543 25 1292
14355 2 117
14611 157 7862
15909 63 3158
16225 155 7757
18922 157 7867
14338 50 2529
17177 78 3927
16798 108 5449
15696 76 3828
16410 193 9697
16836 18 906
17313 136 6848
15919 36 1814
17592 136 6821
17522 18 909
16095 79 3972
17335 46 2321
14450 278 13931
18907 107 5382
14610 161 8064
14161 86 4328
17335 25 1290
18933 370 18524
15053 23 1159
15167 141 7075
17681 46 2330
17191 31 1562
14524 36 1846
16835 187 9359
14902 213 10672
14664 240 12023
15640 71 3585
14338 232 11640
18481 124 6202
15425 177 8851
14281 83 4164
15409 84 4220
15286 201 10090
17116 0 3
18732 256 12802
17459 105 5266
15917 503 25186
18748 153 7659
18210 7 393
18760 259 12968
17973 70 3519
18933 57 2873
14271 139 6987
16432 101 5088
17874 20 1002
17840 81 4087
18007 70 3535
18794 54 2707
16301 272 13638
15930 516 25831
16840 38 1941
16878 158 7921
14764 39 1999
16144 3 190
15382 185 9252
14157 93 4678
16867 260 13036
16835 304 15205
15130 15 786
18603 184 9229
17834 5 267
17267 81 4080
15591 179 8978
15987 233 11666
15940 123 6175
14223 14 746
14774 112 5603
18018 46 2324
14355 11 593
15103 103 5156
16209 287 14369
15940 118 5917
15774 449 22475
14159 109 5485
18644 159 7982
18010 81 4067
15917 102 5132
18922 38 1924
17791 13 662
14623 17 869
16205 248 12447
14764 38 1932
17053 42 2147
17260 11 560
18492 143 7180
14921 68 3404
14157 30 1511
14338 54 2716
18492 542 27127
14768 35 1784
17178 40 2049
18044 419 20995
18466 60 3047
17861 381 19083
17462 12 620
14546 27 1379
15919 46 2304
15862 284 14233
18732 359 17958
14369 45 2262
16835 187 9369
18024 476 23834
15876 52 2609
16118 96 4849
15909 214 10717
17985 342 17122
14886 55 2751
17504 8 401
18499 201 10066
16893 49 2484
15154 166 8340
15970 397 19861
17053 110 5503
18481 91 4575
18740 45 2260
14143 41 2074
18701 47 2361
15894 39 1997
15965 478 23918
18922 418 20932
18577 270 13547
18011 82 4143
14740 57 2858
17260 31 1595
18005 23 1164
18463 273 13691
18752 363 18164
14733 59 2996
14277 35 1760
14764 105 5261
16041 237 11874
16676 330 16535
17383 78 3939
16506 68 3432
14190 2 128
17055 233 11656
14816 82 4107
18923 391 19553
18246 20 1010
18764 40 2008
17177 68 3415
16676 330 16535
17973 22 1144
14410 274 13741
15099 185 9259
15828 421 21068
15442 176 8807
17753 175 8763
18701 226 11307
14527 76 3845
18922 604 30214
14218 200 10017
18008 91 4565
18874 194 9713
14940 51 2587
18926 21 1054
16137 90 4527
16227 161 8056
17339 127 6352
14771 60 3010
14270 254 12720
14409 176 8847
16458 162 8132
16947 165 8288
17858 248 12422
17829 62 3117
16867 271 13586
14431 17 898
17095 97 4861
18272 14 734
17361 200 10002
15254 49 2494
18258 126 6302
16481 116 5836
18732 104 5221
18631 316 15839
15941 23 1174
16832 1 98
14300 181 9054
15794 17 878
17208 116 5817
18750 213 10694
17662 48 2402
17603 17 864
18514 80 4009
16825 29 1473
17228 55 2789
16497 8 427
17327 119 5955
18761 81 4064
16836 51 2590
16893 11 586
17985 286 14343
17336 4 232
15989 500 25017
18527 360 18033
15462 25 1263
15591 28 1406
17361 257 12856
15989 500 25017
17874 19 995
17861 347 17362
14592 45 2273
15923 180 9005
18794 118 5929
16047 34 1705
14642 8 414
15484 280 14032
16826 173 8681
17681 50 2533
15923 381 19093
18604 16 811
18756 128 6415
16878 168 8409
17866 60 3022
14446 17 885
14450 77 3856
14942 251 12578
17028 300 15027
14542 284 14244
16506 161 8066
16355 47 2394
17696 176 8837
14747 39 1964
18024 364 18221
18210 1 54
18034 65 3297
16832 23 1186
17671 218 10933
15154 8 403
15251 94 4730
17343 26 1344
14901 108 5423
16836 51 2571
17875 421 21055
14819 8 423
15774 111 5554
17326 58 2909
15296 92 4605
17313 180 9031
14446 22 1110
18765 291 14575
14886 105 5289
18665 130 6515
18756 125 6262
17590 10 543
14427 143 7166
15529 119 5966
15872 48 2426
15403 174 8731
15074 74 3706
15965 125 6264
18219 152 7650
17505 11 563
18007 77 3879
18740 45 2279
15987 370 18535
18527 360 18031
18753 34 1716
14224 33 1693
15446 13 677
17871 34 1743
14117 33 1658
14390 84 4210
17322 38 1938
15965 429 21458
18732 509 25473
15252 24 1229
17592 151 7571
15383 250 12508
17493 30 1544
18024 364 18221
15179 103 5166
18018 46 2321
17313 70 3531
14286 8 402
17990 209 10477
17053 42 2119
15861 38 1917
14319 10 539
14542 284 14224
17580 2 113
17343 29 1490
18244 109 5466
18750 205 10254
14427 264 13229
15391 44 2213
17116 0 35
17419 47 2378
15867 73 3679
16825 29 1473
17958 25 1294
18527 576 28847
15163 31 1579
18619 120 6011
17766 33 1698
18010 101 5066
18685 490 24503
17846 50 2539
17524 76 3804
17875 421 21055
14425 175 8792
18527 302 15132
16073 171 8573
16047 13 679
17851 342 17106
15640 48 2402
16845 143 7176
18499 220 11020
16041 195 9752
18924 0 44
18044 55 2757
15166 259 12987
18794 20 1023
18492 238 11938
18516 202 10117
14159 59 2979
17861 351 17595
16761 368 18429
14333 22 1144
18527 302 15147
16341 269 13491
15927 62 3106
15251 82 4106
18010 81 4062
15254 60 3027
18040 86 4320
15297 108 5403
17671 218 10945
17361 56 2831
18615 566 28310
17990 209 10493
14409 199 9981
14159 63 3193
16867 155 7799
18007 77 3861
14986 282 14144
15113 62 3111
15689 273 13676
14355 10 538
14902 20 1050
17840 337 16895
14190 72 3604
17973 13 675
14564 104 5204
17336 1 91
17371 29 1500
17590 1 67
14664 190 9523
15273 44 2228
15149 64 3207
17494 12 627
17875 375 18793
18010 101 5082
16893 11 582
14564 10 535
18779 525 26264
17326 18 923
16172 288 14422
16227 28 1420
14795 55 2767
17823 99 4989
17972 164 8239
14277 0 12
14819 10 533
14151 70 3538
14279 248 12439
14277 125 6300
14410 178 8944
16150 359 17998
18860 29 1493
18732 344 17214
18005 214 10749
18031 88 4403
17333 55 2767
16874 99 4994
17046 51 2577
17116 67 3379
14673 40 2005
14970 68 3425
15554 177 8895
15166 162 8130
15328 177 8864
16319 3 199
18666 61 3065
14527 76 3839
16319 21 1067
17447 32 1648
16410 193 9678
14409 176 8815
16058 22 1143
17504 4 245
15863 47 2388
18732 509 25473
18011 39 1968
16431 196 9836
17312 206 10315
18034 141 7089
16051 146 7347
14369 4 238
17191 28 1425
15863 50 2539
18527 545 27291
17336 1 97
18712 64 3238
15484 97 4867
14564 1 100
16526 28 1408
17237 521 26056
17875 346 17345
14746 147 7400
17875 330 16515
14715 41 2058
17667 97 4860
15469 318 15932
18024 69 3485
14546 151 7590
14942 251 12583
15130 50 2503
18258 123 6185
15713 2 108
16344 54 2723
18258 123 6169
17636 35 1796
16493 22 1118
17459 105 5266
17482 139 6989
17005 100 5029
14729 21 1071
18604 145 7289
17620 95 4769
14774 112 5603
18024 364 18219
14436 201 10082
18044 55 2796
14545 89 4479
18659 134 6741
14772 6 323
14768 103 5194
14921 59 2990
17394 117 5881
16058 97 4854
14403 47 2360
17875 421 21055
17505 52 2644
18249 11 590
14403 59 2982
14592 10 505
18779 551 27562
14970 86 4325
17361 155 7783
15154 123 6200
15987 177 8875
17847 15 779
17339 199 9967
17322 5 293
17116 0 19
17489 196 9807
17055 128 6428
18741 8 435
17875 375 18793
14243 33 1677
14157 78 3928
15103 134 6720
18779 542 27146
14749 61 3087
17972 246 12337
17344 30 1521
18712 182 9138
15946 246 12332
18651 64 3211
14634 66 3338
15279 114 5713
18765 333 16684
16118 96 4849
18752 310 15530
17561 60 3038
14764 105 5292
17312 115 5794
16199 175 8784
14143 61 3061
17992 82 4127
14436 180 9006
14269 154 7725
16458 37 1881
14893 247 12378
15403 2 132
17206 181 9056
18685 565 28262
15099 36 1840
17494 48 2448
14564 11 567
15279 114 5723
18527 302 15131
15383 91 4597
15254 64 3215
18955 228 11450
14162 74 3729
17333 117 5892
14548 168 8442
18577 264 13216
18474 217 10859
15733 4 215
14356 177 8865
17046 62 3115
17592 151 7584
17419 16 801
17333 51 2565
17055 433 21685
18662 7 373
16227 46 2312
17361 185 9266
18007 39 1967
14607 113 5689
15966 443 22199
17383 23 1154
14356 120 6035
18748 153 7659
14524 36 1846
18044 55 2757
16058 190 9544
17326 12 605
15640 41 2087
14377 83 4171
17973 22 1144
14190 18 923
15973 116 5839
15391 44 2213
17662 32 1624
15458 7 371
15251 55 2759
15894 87 4384
14623 88 4427
18685 484 24235
16431 196 9841
14575 83 4169
15529 119 5966
17423 9 455
15115 99 4971
15987 345 17299
14355 9 459
16073 171 8578
17866 60 3022
14976 46 2301
17270 4 219
17851 342 17129
15074 56 2829
15917 386 19313
17237 235 11783
16889 256 12809
17992 78 3947
16927 17 887
16434 46 2345
16344 37 1892
18024 364 18205
17339 8 437
18794 20 1024
17875 223 11188
18233 40 2043
15115 153 7694
18499 334 16712
15458 7 373
14956 310 15523
17874 20 1043
14558 279 13965
16442 18 917
18009 35 1772
14772 240 12016
16041 192 9621
14218 82 4108
18929 118 5918
17419 47 2400
15987 177 8876
14524 49 2469
18244 24 1210
15294 66 3306
17530 7 397
14623 288 14404
14592 10 510
18031 88 4410
15862 318 15950
16442 4 220
16733 17 862
14218 250 12505
17494 155 7756
17667 127 6383
15965 429 21492
18929 76 3827
17337 31 1574
17484 274 13717
18763 0 42
17489 50 2542
18922 398 19940
15783 230 11503
17590 4 212
14564 10 526
17827 5 281
18044 419 20962
15115 99 4971
17337 45 2257
15689 282 14150
18028 305 15289
18865 5 273
18922 398 19940
17055 93 4693
14431 39 1981
15464 234 11720
14270 254 12709
14956 310 15536
15966 305 15265
18933 390 19512
16118 225 11280
17955 259 12991
17228 81 4077
14721 2 150
14915 206 10325
15867 140 7013
18756 128 6403
14986 111 5599
17095 97 4868
18653 68 3449
15355 14 741
17696 17 881
16798 48 2430
18923 623 31169
14902 270 13530
17237 515 25799
15383 30 1524
18514 28 1433
16836 51 2590
14568 31 1559
17990 254 12738
17361 56 2831
16845 143 7183
17327 39 1970
17667 97 4860
17851 324 16208
14798 2 125
18860 116 5825
18035 78 3925
18732 89 4474
14632 79 3956
18474 217 10856
16144 77 3880
18666 26 1304
15322 54 2746
17339 274 13726
15430 41 2095
14611 157 7862
15383 178 8913
16410 159 7994
17633 74 3746
15252 47 2381
18527 302 15127
15113 47 2370
14641 6 340
17177 68 3415
15673 53 2689
18024 401 20056
16431 95 4777
18048 408 20446
18049 45 2262
17522 150 7530
14611 22 1140
18516 202 10117
18756 111 5556
17985 78 3925
18923 391 19600
15862 296 14807
15425 13 676
15458 7 381
17973 50 2523
14369 75 3756
16227 28 1431
14148 127 6374
17479 8 416
16921 125 6294
14319 13 690
17636 5 251
16867 155 7786
14774 187 9400
14277 125 6300
14721 2 150
14564 10 535
14290 178 8910
17206 483 24199
16809 235 11785
14223 55 2793
14165 51 2594
15383 69 3485
15862 294 14749
14425 145 7280
15987 370 18517
17681 50 2533
18764 32 1614
17300 11 595
18712 306 15322
15154 8 433
18027 54 2731
17662 4 250
16520 101 5068
14269 41 2085
17208 139 6983
17505 27 1387
18632 156 7808
18481 38 1948
18947 287 14398
14369 45 2262
14117 33 1658
16058 22 1124
14893 200 10003
18010 101 5062
18928 96 4849
14721 164 8240
14450 278 13931
15251 82 4126
17681 18 933
17361 257 12856
17177 37 1880
17866 60 3016
16979 1 77
17992 78 3947
16753 6 303
18024 62 3148
15917 420 21042
14319 13 699
15318 43 2187
14277 38 1906
18481 124 6240
17034 59 2951
16520 71 3567
17206 326 16331
15457 170 8505
14664 190 9541
18756 19 996
14772 48 2422
18040 5 297
14277 125 6300
17834 5 267
18246 39 1972
15776 2 133
15115 99 4971
14715 41 2058
15328 62 3121
18748 153 7665
18760 259 12960
15430 31 1592
16485 30 1515
15458 7 397
15923 192 9645
14335 211 10574
17055 428 21448
18644 219 11000
16262 10 523
18219 58 2904
15154 118 5942
14149 213 10652
18955 136 6807
16581 254 12730
17337 11 555
14271 139 6987
18044 268 13443
18481 124 6205
16199 118 5925
14970 13 655
15442 171 8593
15154 84 4201
16118 96 4849
18514 80 4009
15014 163 8151
14697 19 978
14223 55 2774
17973 13 658
14824 187 9374
16227 46 2312
17068 12 611
16733 17 862
18651 75 3759
14336 88 4402
18631 369 18463
17865 99 4990
18910 79 3982
14329 25 1253
15179 55 2754
15254 50 2516
18481 81 4066
14546 151 7561
18605 38 1909
18514 555 27800
15074 56 2829
17116 67 3372
14642 117 5874
16581 23 1172
17603 20 1009
18040 73 3661
15447 121 6061
14269 65 3269
17423 11 579
15328 62 3142
15909 222 11131
16836 80 4007
17662 27 1355
17343 12 604
18008 91 4579
15919 36 1814
15080 34 1737
15919 12 625
18040 26 1346
18732 104 5240
16205 239 11954
15801 183 9193
18249 7 383
16041 54 2733
18603 184 9225
14190 72 3625
15251 108 5426
14139 117 5872
14697 47 2352
16836 51 2590
14227 42 2141
15296 92 4630
14545 89 4479
15318 156 7830
16073 32 1647
18018 46 2329
14764 101 5080
17985 167 8378
15154 8 418
16893 11 587
17776 5 252
16889 253 12670
18007 77 3853
14970 236 11805
16150 103 5198
15273 178 8927
15149 49 2457
15919 44 2250
15391 198 9942
18603 204 10224
16172 24 1233
14157 66 3322
18929 220 11019
18233 141 7069
14379 28 1442
18685 484 24211
16676 307 15390
18481 113 5670
17592 136 6840
14281 88 4401
14338 305 15252
14410 290 14517
18481 91 4557
18516 224 11213
14458 32 1633
14427 264 13248
14431 17 879
18008 82 4141
17337 31 1574
16520 101 5065
14336 88 4402
18922 383 19195
17990 254 12738
15252 47 2389
16526 68 3416
17440 165 8286
15130 61 3079
18756 129 6465
15894 39 1997
14410 178 8944
16947 176 8803
18779 542 27146
18732 104 5240
17973 3 155
17753 4 246
18011 33 1655
16733 5 254
14749 103 5165
15965 290 14544
15783 85 4270
14986 111 5593
14306 172 8620
16432 19 978
15236 65 3289
17875 375 18793
14607 220 11005
15867 73 3665
18031 21 1053
14403 63 3179
15909 214 10717
14436 201 10082
15927 57 2874
16867 271 13553
18754 34 1715
16733 17 868
18644 124 6238
14146 56 2848
16753 62 3105
17973 22 1144
18687 3 180
15127 43 2160
14403 68 3402
18929 281 14076
16073 32 1629
16888 413 20670
14564 11 591
17603 26 1321
17028 212 10647
15430 46 2301
16845 302 15110
15987 210 10526
18010 101 5073
15673 53 2689
18748 153 7685
16431 196 9836
15970 198 9932
16798 67 3388
15113 0 31
17851 259 12981
18018 15 779
14902 313 15683
17366 23 1168
18603 7 354
17313 199 9984
18258 126 6328
15917 353 17666
15859 338 16930
15462 168 8443
15469 324 16247
15910 229 11500
18712 306 15340
15919 46 2304
18244 34 1744
15413 54 2739
17517 316 15827
18249 7 383
18219 154 7742
18756 128 6401
18028 229 11460
18048 408 20446
18514 63 3173
15234 43 2171
18039 169 8465
15290 29 1460
14677 60 3025
15103 129 6456
15863 21 1095
16434 46 2330
15591 179 8975
14436 160 8006
15166 43 2182
17447 85 4281
18630 50 2509
14795 3 190
14707 36 1831
16676 153 7652
14975 93 4682
14277 125 6300
18685 484 24246
15053 48 2447
18527 302 15147
17851 259 12963
14436 201 10083
14564 56 2835
15800 279 13985
15383 18 920
17447 62 3110
16733 5 254
14403 59 2998
17033 49 2500
17313 70 3512
15430 154 7703
15484 290 14537
15130 50 2503
14772 48 2405
18753 34 1725
15923 388 19438
17603 26 1307
16889 245 12294
14592 10 515
18732 47 2385
14218 86 4341
16301 210 10548
16172 396 19816
18027 37 1876
17493 245 12256
16047 24 1249
17992 15 781
14986 80 4004
17866 60 3018
18732 359 17958
18489 195 9773
17447 62 3110
17535 70 3510
16733 18 916
18492 143 7180
14768 31 1571
16526 48 2440
16798 48 2430
18527 302 15119
15103 134 6720
14277 125 6300
15254 97 4884
14333 33 1678
18044 522 26136
17338 86 4309
17095 97 4868
14338 232 11626
18048 408 20424
16835 38 1904
16581 178 8945
15774 93 4698
18018 46 2319
18048 365 18258
16341 269 13491
15469 324 16247
14736 213 10695
18007 70 3546
15970 198 9915
17371 386 19334
15113 0 14
15442 171 8596
18923 346 17347
14764 5 271
14458 46 2323
17990 405 20276
16118 225 11300
17260 11 580
14190 18 949
15383 250 12534
17481 36 1810
17415 49 2475
15061 252 12603
14338 122 6110
15014 152 7648
17177 68 3415
14819 10 517
15846 89 4482
16458 37 1877
18752 363 18168
15511 202 10105
18926 21 1085
18874 194 9713
16581 178 8944
15828 417 20862
14277 3 199
16286 548 27438
16442 57 2865
14338 232 11626
16042 34 1710
15335 188 9436
16845 271 13582
18219 154 7742
18665 25 1282
17237 235 11783
14746 147 7378
18687 536 26805
15923 471 23555
15909 63 3158
16031 2 123
17423 9 453
15149 24 1204
17522 18 909
14643 217 10857
14356 222 11123
14335 280 14036
15828 145 7277
14921 7 360
15234 7 361
16101 56 2812
15776 5 288
14270 34 1720
14771 82 4136
17300 11 567
17679 6 309
18860 29 1493
15113 0 31
18665 209 10465
18024 589 29462
18764 40 2001
17371 55 2779
17028 163 8160
18701 220 11025
18644 124 6238
14986 140 7045
15966 150 7522
17494 24 1230
15163 42 2136
17089 1 87
18732 254 12740
14369 45 2262
17829 182 9130
17322 35 1794
18732 47 2363
14446 17 851
16798 108 5449
17055 128 6401
18001 1 72
14436 80 4043
17590 15 763
18922 26 1311
14369 40 2043
17791 0 12
18031 88 4403
15430 46 2301
15383 289 14479
14749 61 3094
17985 180 9010
16286 548 27438
14363 14 732
17481 29 1455
17237 235 11770
17522 18 914
14975 51 2563
15442 109 5475
18514 28 1433
17344 30 1530
14319 22 1136
15828 417 20871
15403 174 8721
18756 22 1122
16101 56 2816
15167 79 3998
17195 117 5873
16209 215 10778
14948 279 13957
18045 49 2459
16319 21 1062
18760 259 12970
15383 77 3852
16809 232 11605
17990 428 21415
18955 136 6805
14377 113 5691
15987 233 11666
14636 102 5131
14901 61 3098
15927 37 1895
14772 240 12016
15966 443 22199
16526 48 2415
17522 90 4503
15987 177 8876
18574 75 3773
15733 13 668
14764 101 5080
16835 38 1930
18024 345 17278
16733 17 868
17990 405 20289
17561 219 10960
14117 24 1247
14190 72 3625
16242 265 13280
15923 155 7791
18516 202 10117
15917 353 17659
14942 251 12583
17270 81 4078
16888 540 27040
16319 24 1206
14970 86 4304
18651 84 4204
18924 7 374
17535 27 1353
16867 271 13586
16783 45 2286
18024 338 16914
14749 61 3077
18492 542 27135
15689 273 13674
18756 111 5558
16867 271 13553
18018 46 2325
17144 89 4463
16442 80 4013
15279 30 1548
17482 160 8012
15322 54 2746
15909 214 10702
14151 66 3304
17462 12 613
16242 351 17574
15403 81 4064
18481 38 1924
14543 25 1292
17336 44 2220
18024 401 20056
14427 264 13229
14722 63 3174
14610 168 8421
16199 176 8824
17237 442 22129
17955 243 12154
17662 149 7489
18035 162 8137
14269 65 3257
15115 63 3180
17099 99 4979
17462 12 604
18011 33 1686
18910 160 8009
15894 109 5488
14736 213 10695
14816 106 5309
14117 33 1691
17191 31 1595
15273 44 2228
17504 11 581
17419 47 2374
14223 55 2793
17177 68 3415
18752 564 28247
18028 229 11456
18779 301 15061
14157 193 9677
14556 135 6786
14817 82 4103
17874 19 968
17658 22 1119
15909 81 4094
15053 23 1173
14367 88 4444
17636 35 1773
14736 135 6783
15446 21 1065
14263 103 5179
17029 152 7622
16878 158 7921
18034 65 3299
17237 493 24658
14286 11 563
14202 47 2379
17992 78 3929
14300 181 9054
15014 152 7648
18516 224 11211
15894 87 4384
18712 182 9142
14338 163 8171
14279 49 2490
14450 1 81
17053 40 2017
17517 316 15823
15941 66 3335
18008 82 4110
14942 77 3865
17589 8 450
15927 57 2874
18756 12 602
16186 160 8008
18929 228 11405
14436 80 4043
14664 151 7596
18007 39 1964
15774 111 5582
18740 45 2295
15383 250 12508
