9447 14 723
13619 22 1149
8446 246 12305
9281 192 9642
8971 4 228
8971 79 3989
11628 248 12438
9677 160 8029
9435 90 4540
12029 35 1780
13463 30 1521
8467 124 6243
13647 42 2102
10858 8 410
10725 182 9107
9362 75 3752
12116 19 951
12025 72 3626
11296 40 2023
11628 188 9415
9529 128 6401
12004 200 10014
9653 19 992
9435 90 4539
9459 59 2974
8935 192 9612
10902 8 438
10471 98 4924
9503 118 5929
11872 79 3979
10656 58 2901
11071 28 1431
8406 134 6733
9494 345 17279
12011 11 564
8537 245 12283
10857 88 4410
12095 72 3611
11878 184 9211
9503 181 9094
10445 312 15644
11848 245 12277
8708 11 585
10530 285 14288
12045 13 697
9277 83 4197
10648 125 6277
9080 2 147
12543 17 867
9479 247 12379
8406 88 4408
10884 293 14699
12020 0 12
11926 68 3441
9321 148 7438
12535 11 563
10931 222 11128
9040 99 4956
12041 87 4396
9583 226 11329
8959 121 6086
11609 197 9861
9650 70 3533
12110 95 4772
9080 2 147
9028 43 2186
10798 72 3620
10687 91 4565
11039 156 7849
11742 105 5258
10672 84 4202
11578 34 1703
9679 110 5516
8936 276 13809
8927 139 6983
13474 69 3475
12070 294 14727
10603 6 326
12073 54 2716
10656 63 3157
12431 116 5850
13693 27 1383
8971 4 228
11090 63 3195
8682 4 235
10856 81 4069
8471 296 14843
11618 66 3301
8958 161 8081
12106 3 163
10693 37 1861
9026 26 1335
12020 0 12
9290 106 5338
9369 31 1585
9269 29 1466
9677 159 7956
12001 9 469
10951 4 227
10725 182 9107
12052 44 2248
8455 25 1262
12504 57 2881
9095 229 11463
10921 172 8618
12545 129 6467
11872 234 11729
13480 30 1541
9479 245 12294
11803 125 6279
12380 124 6209
10803 238 11929
9226 343 17171
10493 24 1241
11762 306 15332
11793 204 10244
9575 16 808
10625 104 5208
11998 269 13488
13618 73 3679
9435 90 4539
12380 164 8201
8996 307 15359
9285 130 6549
8735 131 6568
9494 345 17279
10958 15 772
9095 357 17899
11543 70 3544
8529 206 10305
11906 291 14590
12032 35 1797
9308 63 3166
9374 38 1920
10448 219 10964
12111 13 684
8935 338 16938
9583 360 18047
10995 17 883
9586 249 12464
10905 77 3876
12071 288 14440
11921 183 9178
11707 72 3628
13463 30 1521
11630 54 2715
8958 161 8085
11723 263 13161
10921 114 5750
9575 18 922
11813 167 8391
10525 6 321
11926 24 1219
11977 175 8762
11791 197 9867
12071 315 15771
11895 141 7085
9316 27 1361
11756 226 11307
12083 294 14749
12056 339 16968
11630 165 8261
9446 106 5320
11127 20 1041
11906 252 12626
8899 291 14571
13520 103 5184
8860 87 4381
10530 155 7799
8445 28 1435
12045 13 697
10590 16 847
10592 44 2231
8406 86 4307
10719 168 8435
9437 184 9203
13689 47 2367
12517 200 10018
11766 51 2600
13476 59 2990
9033 86 4346
13678 202 10114
10870 62 3146
11884 144 7203
9065 8 442
9277 43 2191
12083 288 14434
9002 127 6366
10613 118 5907
8935 338 16938
10790 34 1727
8996 66 3345
9022 59 2988
11947 55 2797
9653 40 2008
11938 39 1987
12069 110 5536
8882 83 4186
9603 13 664
9435 90 4540
13476 59 2990
9434 334 16709
8433 186 9314
12565 267 13385
8764 277 13892
13463 30 1517
12032 35 1797
12364 132 6619
9395 220 11019
12420 113 5681
13565 74 3709
10672 84 4202
8724 20 1007
13480 30 1521
12111 13 693
12431 137 6885
10995 17 883
9307 254 12741
8566 44 2217
10613 119 5962
12001 68 3443
10453 21 1077
9637 251 12597
10928 132 6640
11802 33 1692
11766 295 14791
10660 215 10761
12020 85 4274
9653 19 992
11005 56 2801
13661 190 9508
10493 24 1241
8860 87 4381
10625 32 1626
9033 84 4209
9704 84 4208
9545 243 12165
13643 158 7906
10888 251 12576
12561 96 4835
11727 2 144
12083 310 15509
9395 220 11019
10660 89 4484
8682 4 235
10743 307 15394
9494 345 17296
11071 36 1842
11116 114 5749
13507 11 596
8735 131 6568
12545 28 1414
10762 132 6609
9499 25 1291
9637 252 12639
13693 27 1383
13689 47 2367
12091 147 7362
9685 49 2494
10845 189 9473
9500 130 6508
10479 30 1501
10951 2 150
12052 23 1183
11630 165 8261
8777 20 1042
10449 131 6556
10432 198 9909
9239 48 2444
11963 374 18707
10530 155 7799
12004 27 1358
9583 233 11674
11727 67 3359
10790 143 7183
10432 173 8689
9300 104 5206
8919 136 6850
10898 107 5389
13536 114 5750
13629 206 10348
9467 134 6738
9095 357 17899
13505 19 955
13616 198 9933
13538 9 472
8724 20 1007
11094 217 10885
10561 133 6699
9559 195 9785
11872 54 2713
9590 439 21983
10590 16 847
9704 103 5170
9277 43 2191
12561 23 1182
12516 24 1239
8445 28 1435
11543 70 3544
9321 148 7438
13536 114 5750
9567 291 14588
12451 52 2630
12145 52 2648
12083 294 14749
11912 20 1043
10529 174 8713
10529 174 8739
8433 183 9197
9617 174 8713
12020 0 12
10448 219 10964
11664 86 4339
11878 184 9211
10888 33 1670
10798 72 3620
9277 81 4063
12431 137 6882
10453 19 995
10625 118 5935
12000 107 5380
12071 315 15771
11872 267 13399
10389 29 1460
12020 85 4274
9367 105 5288
11080 72 3605
12110 227 11366
12431 53 2652
10523 173 8660
8876 110 5519
11947 55 2797
11072 100 5006
13689 47 2367
10898 105 5293
11802 33 1692
8444 9 466
12389 59 2981
11841 10 528
10613 119 5962
13453 9 452
11279 54 2735
8427 257 12877
13661 190 9508
9239 24 1218
9586 249 12486
12004 27 1358
11915 168 8418
8860 87 4381
11926 68 3441
9030 70 3540
8738 270 13512
10656 63 3157
9273 25 1292
11527 17 892
11938 39 1963
9095 229 11463
13696 12 630
9392 42 2136
10648 123 6171
9338 128 6421
9039 25 1268
8672 14 717
12029 35 1793
11537 315 15765
10613 118 5907
8771 133 6662
8750 42 2138
9649 146 7302
9403 2 144
12431 137 6882
9080 0 39
12146 29 1454
11296 40 2023
8996 307 15359
12486 60 3032
11802 33 1692
12497 11 575
12543 276 13839
9313 12 636
11833 155 7792
8471 296 14843
8514 102 5135
8427 258 12918
9467 133 6658
9338 128 6421
12431 137 6885
11609 197 9861
11290 222 11133
12073 146 7316
12045 65 3266
11989 39 1967
8971 4 228
9512 210 10542
12145 167 8363
10502 157 7868
9617 250 12550
9447 14 723
9289 155 7753
11998 345 17285
9458 42 2130
13460 56 2807
9209 23 1193
9668 34 1712
11921 183 9168
9007 93 4680
8434 0 29
11848 245 12277
11112 242 12143
9467 133 6658
9035 51 2571
11624 31 1559
11896 8 424
12497 11 575
8771 282 14150
8627 8 401
10525 9 469
9041 155 7796
12061 288 14416
11842 26 1301
10371 37 1889
11793 31 1587
9201 168 8412
10660 89 4484
9500 358 17921
13580 164 8243
9725 36 1816
9362 75 3752
13507 11 589
11582 11 552
10719 168 8435
13629 206 10316
12545 90 4511
12406 1 74
13643 81 4075
9065 5 291
9297 28 1412
9529 2 135
12116 15 798
12020 85 4274
11687 120 6047
10798 78 3901
8455 25 1262
11765 288 14439
8905 237 11899
11915 168 8418
13641 16 838
12431 186 9339
8616 84 4211
8817 55 2774
10432 153 7673
9533 206 10314
11727 67 3359
8899 291 14571
12145 54 2725
12041 24 1215
8919 125 6256
11791 197 9883
9653 38 1935
11112 242 12143
11977 175 8771
11815 191 9580
9080 3 173
11998 345 17284
8919 137 6853
9575 18 922
9440 103 5188
9308 63 3195
9049 1 56
11726 244 12213
11609 197 9861
11878 129 6467
12041 87 4396
9300 104 5206
9281 97 4891
8771 243 12186
9615 39 1959
9369 31 1583
11071 28 1403
10551 147 7391
10580 29 1458
8771 133 6662
12066 83 4153
9503 181 9094
10493 24 1241
10951 4 227
12083 288 14434
9603 13 664
8750 177 8867
12091 181 9060
9617 252 12638
12539 40 2036
11065 174 8722
13474 51 2597
8468 104 5210
10436 302 15129
9403 3 184
11996 19 953
9090 47 2375
11520 153 7690
11582 11 552
10648 191 9573
10931 222 11128
10523 173 8660
9316 30 1510
11578 34 1703
11073 30 1505
13480 86 4328
8905 237 11899
10625 31 1583
11720 114 5722
11605 218 10935
11091 256 12846
10439 189 9488
12145 167 8363
11290 222 11133
10704 272 13618
10758 13 662
11520 31 1592
11851 67 3385
9744 27 1375
9545 307 15391
10704 272 13618
9612 8 410
10711 103 5171
9501 104 5213
9499 445 22286
9362 249 12490
10761 137 6900
10529 174 8713
11756 226 11307
10803 238 11929
12459 38 1924
10842 43 2175
11720 114 5722
10647 107 5392
10921 114 5750
10561 144 7228
9273 24 1209
8996 307 15359
10382 26 1345
8433 186 9314
12091 147 7362
9273 25 1292
10578 32 1639
13696 12 624
12545 129 6499
12364 132 6624
10655 10 534
12016 233 11675
13662 104 5225
9392 41 2084
12011 11 565
11071 266 13301
10471 131 6567
12565 92 4648
10769 41 2086
12139 105 5288
9281 195 9790
11589 126 6342
11545 254 12731
12073 54 2713
10625 31 1583
9039 25 1268
12554 107 5364
8764 277 13892
11851 67 3385
8893 54 2714
11915 168 8418
9349 151 7556
11005 56 2801
13678 202 10114
9297 160 8045
8971 79 3969
11297 73 3694
11912 116 5844
9590 439 21983
10625 104 5208
9065 8 446
8666 35 1761
8751 112 5636
12495 241 12052
12106 3 195
9002 127 6366
9467 133 6658
9467 133 6658
10870 63 3176
12565 92 4630
11083 171 8580
9407 307 15373
9525 230 11534
11844 109 5462
12011 11 565
9653 19 977
11751 115 5781
12073 54 2713
11618 66 3316
9273 189 9500
11606 1 94
8427 257 12877
12459 60 3017
12420 97 4867
10448 147 7353
12392 90 4524
12454 441 22095
11935 251 12553
10773 116 5832
11094 217 10885
10502 156 7811
10603 6 302
9767 29 1469
10704 272 13646
8936 273 13675
9277 81 4072
10439 110 5547
11973 165 8268
10741 45 2275
10704 170 8515
11527 127 6359
8919 126 6331
11072 6 335
8616 84 4211
11791 197 9883
10894 89 4481
9369 31 1583
13565 74 3709
11282 6 307
12083 288 14434
8927 139 6983
8750 177 8882
9525 235 11768
9068 236 11823
12565 92 4648
12145 46 2350
9704 345 17266
10958 16 805
9512 384 19202
