15074 118 5950
15266 9 484
17270 47 2398
17866 20 1006
17753 148 7423
18685 20 1009
14375 6 321
18253 16 817
15103 129 6480
17419 7 394
18760 307 15392
14319 22 1103
17662 156 7805
14356 301 15058
17753 4 217
14270 16 836
14143 41 2051
15154 233 11661
14286 12 624
14636 102 5124
18666 61 3058
17394 155 7772
16026 102 5149
15689 156 7843
16117 64 3237
16583 258 12931
17753 148 7423
18021 662 33108
14543 148 7431
18253 2 134
16947 165 8264
17300 4 232
14281 183 9189
16485 30 1509
15389 25 1263
14901 38 1925
17871 105 5261
17958 22 1144
14157 4 202
14165 77 3881
15382 209 10454
17313 43 2159
18021 138 6926
17313 65 3266
16927 35 1778
16809 232 11625
18244 14 750
15458 17 858
17371 382 19136
15973 116 5839
17270 35 1761
18779 453 22693
18044 412 20620
16341 301 15085
15447 46 2312
14363 149 7478
16265 12 624
16835 290 14529
14319 13 657
16526 30 1542
17034 211 10567
17855 240 12029
15335 257 12884
15391 187 9383
17394 74 3717
17185 57 2851
17371 149 7460
18752 259 12981
18860 155 7777
17131 205 10257
14157 78 3910
15776 5 288
16847 140 7007
18233 141 7083
14277 35 1760
18577 252 12626
15149 67 3353
15382 209 10454
16150 2 108
17208 196 9827
14545 89 4484
14942 65 3265
14772 95 4762
17514 61 3097
18756 129 6464
15989 75 3797
17034 59 2981
15074 56 2808
16581 23 1172
15430 102 5110
17620 199 9981
18492 143 7177
18233 115 5788
15458 7 353
18712 71 3579
14903 119 5996
16118 250 12501
17172 28 1406
14121 240 12005
18021 78 3902
15296 92 4609
18044 522 26101
17696 17 852
14707 30 1523
15713 30 1536
18929 73 3680
14816 181 9051
18685 484 24243
17447 1 58
14263 87 4361
18750 213 10663
14319 13 657
17028 212 10650
17028 212 10650
16265 12 621
14564 19 1000
17636 33 1671
17313 180 9022
17313 65 3266
16137 42 2104
16041 237 11891
18021 78 3902
16481 122 6145
18021 138 6902
15061 244 12239
18748 172 8624
14218 250 12529
15383 178 8917
14191 33 1667
18753 27 1365
17662 180 9010
16089 6 305
15689 114 5709
14543 148 7431
17394 2 117
16137 42 2104
17260 25 1289
17125 97 4882
17327 39 1984
14940 101 5093
17561 212 10604
15966 443 22191
14425 160 8003
16544 73 3700
15074 74 3701
18954 245 12288
17589 8 407
17662 176 8841
16262 49 2472
18021 138 6902
17116 115 5790
17829 62 3108
17866 60 3018
16150 2 108
16847 140 7007
18619 120 6037
14157 127 6377
14356 222 11117
18923 645 32296
17125 10 529
15103 103 5181
16095 109 5480
18746 17 864
17195 86 4323
16947 166 8327
15689 156 7845
15828 501 25078
17337 45 2255
18021 662 33108
18044 522 26145
16047 5 300
15469 324 16244
18249 7 390
14363 149 7478
17495 139 6962
18024 127 6366
16481 122 6145
14450 77 3856
16341 301 15085
17270 35 1761
16298 17 891
16583 258 12931
17371 149 7488
17300 4 232
15413 54 2742
18746 17 864
18752 62 3147
16227 11 586
18860 155 7777
17172 28 1406
14921 59 2990
18210 7 385
14782 73 3683
17493 226 11325
14740 39 1995
14942 251 12563
18752 259 12981
18761 81 4066
17415 100 5008
17089 9 454
18756 19 975
14641 98 4933
14921 7 352
14375 114 5711
16031 68 3421
17447 85 4274
17791 37 1880
18923 346 17337
15061 244 12239
15689 156 7843
18756 19 975
14816 243 12198
14948 279 13998
18604 16 802
17005 92 4638
14782 73 3683
16319 24 1218
15318 147 7390
14410 274 13720
17239 106 5334
15391 44 2238
14290 90 4519
18039 80 4026
16172 81 4095
17535 50 2545
14623 249 12485
18763 5 270
17636 5 263
14543 140 7029
14921 7 352
14771 129 6485
18024 69 3487
14527 9 454
16047 24 1239
15125 186 9350
14564 1 70
17208 196 9827
16840 84 4212
17978 315 15790
16889 192 9635
15446 39 1969
17125 97 4882
17495 139 6962
15794 176 8804
14338 174 8713
17394 2 117
14333 33 1666
16832 42 2125
16262 49 2472
17343 26 1315
16888 177 8856
18760 65 3285
18632 127 6390
14143 41 2051
15464 234 11723
14231 7 385
14921 59 2990
16031 68 3421
14915 1 64
18923 346 17337
17089 9 466
18034 101 5055
16319 3 170
14558 110 5526
18010 101 5099
15308 93 4683
16761 43 2193
15391 44 2238
17493 226 11325
17191 34 1724
14143 48 2437
18760 307 15360
15335 257 12884
15469 324 16244
18756 22 1144
15243 37 1851
17344 1 100
14768 63 3196
14121 240 12005
17349 61 3056
17394 2 128
15946 478 23944
17260 31 1595
17514 61 3095
18605 38 1929
14191 33 1667
17394 74 3717
14611 60 3020
14319 22 1103
14546 179 8965
14165 77 3881
18021 138 6946
14986 23 1166
14768 63 3196
16301 29 1474
17089 9 454
15318 78 3932
17661 84 4203
17791 37 1880
14771 196 9836
15897 1 99
14564 11 580
18233 141 7083
17371 149 7488
15163 25 1291
17495 139 6962
15222 121 6065
18929 118 5918
18756 12 639
16526 30 1542
14545 89 4484
17494 155 7781
18021 662 33123
16379 4 237
14771 129 6486
14764 105 5259
17580 2 149
18021 577 28886
14768 63 3196
17131 205 10257
18258 124 6224
17696 8 427
14379 63 3170
14970 13 659
18011 82 4124
18021 78 3945
14157 193 9669
17834 52 2647
16158 526 26305
17260 11 573
15484 289 14456
14355 11 571
15130 61 3084
18031 83 4200
18760 307 15392
15909 67 3377
14986 250 12538
18253 2 134
15859 154 7738
18644 159 7990
17361 298 14913
17636 33 1671
14161 109 5456
17312 115 5767
18011 82 4144
17364 52 2613
15989 75 3762
17834 52 2637
18021 662 33138
14190 18 942
18760 65 3292
15987 199 9982
17283 9 492
17364 118 5936
15413 54 2742
14736 86 4347
14764 53 2660
14986 250 12538
18752 564 28246
17776 5 275
15800 279 13984
18244 214 10705
18685 487 24366
17339 204 10219
18756 12 610
16847 140 7007
16042 34 1717
17260 25 1289
17394 155 7763
18712 64 3218
15946 524 26203
14231 7 385
18666 51 2598
17055 155 7795
16761 43 2193
18028 305 15283
17116 115 5790
17349 61 3093
18605 38 1929
15322 28 1401
14902 213 10688
18246 20 1039
18748 153 7659
14338 54 2735
18760 307 15360
17661 84 4203
14641 98 4933
14390 84 4244
14263 103 5179
17089 9 484
16697 129 6481
14291 194 9707
14734 57 2874
14228 84 4245
17875 355 17761
17829 62 3108
14915 1 64
18712 71 3579
17827 28 1431
18244 214 10705
16219 258 12910
15464 234 11706
17492 82 4118
16379 4 237
17237 22 1132
17667 97 4880
14319 22 1103
16026 102 5149
15154 233 11699
18712 64 3218
18752 259 12981
16761 361 18066
16947 166 8327
16295 243 12167
15391 187 9360
14746 279 13988
14290 178 8933
18714 4 232
17834 52 2647
15689 156 7845
16761 361 18066
18574 230 11517
18756 22 1144
17620 199 9981
16697 129 6481
14157 78 3947
15800 279 13984
18653 175 8788
14543 148 7445
17671 346 17311
14903 119 5996
16242 351 17584
14306 180 9031
17144 37 1884
15430 102 5107
16319 24 1218
15391 85 4274
14901 38 1925
15297 135 6764
17371 149 7488
18527 360 18027
16513 87 4379
17339 314 15735
15141 65 3280
17034 211 10567
18011 82 4124
14677 22 1117
17339 63 3179
15897 46 2319
17636 33 1671
15389 55 2796
14772 46 2301
17662 176 8841
15689 156 7843
18615 566 28332
14277 35 1760
15909 43 2172
14564 11 580
16513 87 4379
18219 58 2904
17671 159 7980
16927 35 1778
14377 83 4161
15923 484 24226
17620 122 6137
15254 97 4884
14749 103 5165
18021 138 6946
14390 84 4210
17866 20 1006
18021 577 28858
16265 12 621
16581 26 1325
17191 48 2427
14901 72 3631
18923 391 19597
14921 59 2990
16458 31 1551
18499 343 17154
16731 172 8648
16888 98 4908
17337 45 2258
15446 39 1969
14270 16 836
17191 48 2427
15074 74 3701
14527 70 3549
17517 316 15826
