8537 245 12283
13463 30 1521
11912 116 5844
12004 27 1358
12069 110 5536
10798 72 3620
10648 125 6277
12061 288 14416
9269 29 1466
9209 23 1193
9321 148 7438
11726 244 12213
10551 147 7391
10502 157 7868
10898 107 5389
10471 98 4924
8751 112 5636
9545 307 15391
13476 59 2990
12561 96 4835
12389 59 2981
12364 132 6624
9447 14 723
11282 6 307
11582 11 552
10493 24 1241
9586 249 12464
11906 291 14590
10921 114 5750
11630 165 8261
8817 55 2774
10761 137 6900
9575 16 808
11851 67 3385
13580 164 8243
12539 40 2036
10725 182 9107
12565 92 4648
11915 168 8418
10858 8 410
8860 87 4381
8433 186 9314
9403 2 144
12020 85 4274
11947 55 2797
8996 307 15359
8735 131 6568
12001 68 3443
11071 36 1842
11815 191 9580
12431 137 6882
11872 79 3979
10561 144 7228
9392 41 2084
10931 222 11128
11912 20 1043
10493 24 1241
12011 11 565
11996 19 953
9435 90 4539
11664 86 4339
12517 200 10018
10656 58 2901
13689 47 2367
12029 35 1793
9494 345 17296
12406 1 74
11935 251 12553
9395 220 11019
10769 41 2086
8406 134 6733
9494 345 17279
9501 104 5213
12459 38 1924
11727 67 3359
11878 184 9211
12504 57 2881
12071 315 15771
11756 226 11307
11842 26 1301
9226 343 17171
9338 128 6421
10719 168 8435
10603 6 326
11872 54 2713
10758 13 662
10931 222 11128
11296 40 2023
10448 219 10964
8455 25 1262
11802 33 1692
9321 148 7438
11080 72 3605
10803 238 11929
11618 66 3301
9529 2 135
10951 4 227
12066 83 4153
12495 241 12052
11073 30 1505
8936 276 13809
10902 8 438
12001 9 469
11926 24 1219
12083 288 14434
10647 107 5392
11762 306 15332
10687 91 4565
11833 155 7792
8771 133 6662
8627 8 401
10448 219 10964
11848 245 12277
8860 87 4381
10672 84 4202
12073 54 2716
8514 102 5135
12110 227 11366
9653 19 977
10898 105 5293
11707 72 3628
9039 25 1268
8471 296 14843
8434 0 29
11791 197 9867
9369 31 1585
12020 0 12
9575 18 922
9022 59 2988
10928 132 6640
12451 52 2630
11896 8 424
10958 16 805
9065 8 442
10382 26 1345
9369 31 1583
11606 1 94
10704 170 8515
10905 77 3876
9586 249 12486
8771 282 14150
11071 28 1403
10525 6 321
11723 263 13161
11527 17 892
11766 51 2600
9503 181 9094
12116 19 951
10870 63 3176
9395 220 11019
10530 285 14288
10648 191 9573
11520 31 1592
12083 288 14434
9300 104 5206
10743 307 15394
11071 266 13301
13693 27 1383
12561 23 1182
9049 1 56
11543 70 3544
9307 254 12741
12543 17 867
11998 345 17285
11545 254 12731
12431 186 9339
13480 86 4328
10625 104 5208
9446 106 5320
10884 293 14699
12431 137 6885
9583 360 18047
10625 31 1583
10625 104 5208
8682 4 235
9479 245 12294
11065 174 8722
9039 25 1268
9653 40 2008
13480 30 1541
13618 73 3679
10590 16 847
9435 90 4540
9065 5 291
11915 168 8418
13662 104 5225
9080 0 39
9273 25 1292
10561 133 6699
10613 119 5962
11094 217 10885
10711 103 5171
10894 89 4481
11963 374 18707
13643 81 4075
9095 357 17899
9525 230 11534
8672 14 717
10656 63 3157
10719 168 8435
12000 107 5380
13678 202 10114
12565 92 4630
11977 175 8762
11802 33 1692
9512 384 19202
11605 218 10935
11989 39 1967
10625 118 5935
11520 153 7690
9590 439 21983
12029 35 1780
13661 190 9508
12016 233 11675
11039 156 7849
8958 161 8081
9494 345 17279
9277 81 4063
9668 34 1712
11813 167 8391
13689 47 2367
11791 197 9883
10580 29 1458
9583 226 11329
9285 130 6549
13463 30 1517
10453 19 995
10762 132 6609
9653 19 992
10592 44 2231
10432 198 9909
13643 158 7906
9434 334 16709
9362 249 12490
11090 63 3195
9407 307 15373
9080 3 173
9367 105 5288
11915 168 8418
13619 22 1149
12056 339 16968
9273 25 1292
12041 24 1215
9090 47 2375
8445 28 1435
10530 155 7799
8427 257 12877
11921 183 9168
10432 173 8689
8860 87 4381
10625 32 1626
8971 79 3989
9300 104 5206
12554 107 5364
11127 20 1041
11005 56 2801
9704 103 5170
13480 30 1521
12486 60 3032
10371 37 1889
11083 171 8580
12020 0 12
10523 173 8660
9002 127 6366
11872 267 13399
13696 12 630
8996 307 15359
9447 14 723
11296 40 2023
12145 46 2350
12431 137 6882
12545 90 4511
8771 133 6662
10660 89 4484
11091 256 12846
8750 177 8882
9392 42 2136
10432 153 7673
11998 345 17284
13453 9 452
9080 2 147
12111 13 684
9349 151 7556
8616 84 4211
10995 17 883
11290 222 11133
9512 210 10542
11537 315 15765
12380 124 6209
9499 25 1291
9316 27 1361
12004 27 1358
10704 272 13618
9041 155 7796
10803 238 11929
8876 110 5519
12545 28 1414
11998 269 13488
12041 87 4396
9281 192 9642
9615 39 1959
12025 72 3626
9503 118 5929
12091 147 7362
13616 198 9933
12516 24 1239
9467 134 6738
9403 3 184
8764 277 13892
9277 81 4072
10704 272 13646
8616 84 4211
10523 173 8660
11765 288 14439
11841 10 528
11727 67 3359
11279 54 2735
9033 86 4346
12041 87 4396
9637 251 12597
10870 62 3146
12073 54 2713
9239 24 1218
12545 129 6467
11112 242 12143
11844 109 5462
11793 31 1587
10995 17 883
12431 116 5850
11609 197 9861
10436 302 15129
10790 34 1727
10655 10 534
10845 189 9473
9459 59 2974
9650 70 3533
12497 11 575
9603 13 664
9002 127 6366
9590 439 21983
13629 206 10348
12004 200 10014
9033 84 4209
10529 174 8713
11906 252 12626
9040 99 4956
11290 222 11133
13661 190 9508
9704 345 17266
10921 114 5750
11297 73 3694
8471 296 14843
9499 445 22286
9685 49 2494
10888 33 1670
8566 44 2217
12431 53 2652
9467 133 6658
9603 13 664
12020 0 12
11802 33 1692
10530 155 7799
12145 167 8363
11803 125 6279
12565 267 13385
9068 236 11823
8893 54 2714
8467 124 6243
9559 195 9785
11609 197 9861
11527 127 6359
12431 137 6885
10445 312 15644
10389 29 1460
12145 54 2725
9704 84 4208
9080 2 147
8444 9 466
9297 28 1412
10449 131 6556
11766 295 14791
9273 189 9500
9525 235 11768
9744 27 1375
8882 83 4186
8958 161 8085
9677 159 7956
9095 229 11463
9308 63 3195
9467 133 6658
11947 55 2797
11878 129 6467
10951 4 227
12011 11 565
8735 131 6568
11687 120 6047
9362 75 3752
10842 43 2175
13565 74 3709
10704 272 13618
8529 206 10305
12032 35 1797
9575 18 922
8738 270 13512
9583 233 11674
9637 252 12639
8750 177 8867
13460 56 2807
10656 63 3157
13641 16 838
8708 11 585
11582 11 552
11791 197 9883
9437 184 9203
8468 104 5210
8996 307 15359
10525 9 469
8971 4 228
9277 43 2191
9065 8 446
8406 86 4307
12420 97 4867
8919 137 6853
9026 26 1335
10648 123 6171
9277 83 4197
12139 105 5288
10660 89 4484
12052 44 2248
13505 19 955
11589 126 6342
9030 70 3540
9313 12 636
11630 165 8261
13520 103 5184
10471 131 6567
12106 3 195
12071 288 14440
10479 30 1501
9035 51 2571
11628 248 12438
8927 139 6983
9479 247 12379
10613 118 5907
12011 11 564
11851 67 3385
8682 4 235
9277 43 2191
9362 75 3752
8899 291 14571
8433 186 9314
9374 38 1920
12071 315 15771
8445 28 1435
12110 95 4772
11609 197 9861
9467 133 6658
8427 258 12918
9281 97 4891
12032 35 1797
9297 160 8045
9529 128 6401
9649 146 7302
9369 31 1583
12111 13 693
11094 217 10885
11578 34 1703
12020 85 4274
8996 66 3345
10951 2 150
11878 184 9211
13696 12 624
8971 4 228
11624 31 1559
9316 30 1510
10613 118 5907
10613 119 5962
12095 72 3611
12070 294 14727
9435 90 4540
12543 276 13839
8971 79 3969
11973 165 8268
11112 242 12143
10529 174 8713
11628 188 9415
11005 56 2801
8666 35 1761
13476 59 2990
8905 237 11899
9239 48 2444
12364 132 6619
13693 27 1383
8777 20 1042
8771 243 12186
12083 288 14434
9289 155 7753
11926 68 3441
13565 74 3709
11618 66 3316
8927 139 6983
12145 167 8363
11072 6 335
9545 243 12165
8935 192 9612
12392 90 4524
9500 130 6508
9281 195 9790
12420 113 5681
8936 273 13675
9435 90 4539
12045 13 697
13507 11 589
10453 21 1077
8959 121 6086
12083 310 15509
13538 9 472
11848 245 12277
9458 42 2130
12454 441 22095
11872 234 11729
12073 146 7316
10578 32 1639
8455 25 1262
11926 68 3441
9007 93 4680
13629 206 10316
9617 174 8713
9612 8 410
11720 114 5722
13474 69 3475
12091 147 7362
9725 36 1816
8724 20 1007
12145 52 2648
8750 42 2138
12380 164 8201
13463 30 1521
9500 358 17921
8433 183 9197
9617 250 12550
8919 136 6850
11921 183 9178
10693 37 1861
9653 19 992
11543 70 3544
13536 114 5750
9440 103 5188
10625 31 1583
12146 29 1454
11720 114 5722
8919 126 6331
8406 88 4408
11793 204 10244
11884 144 7203
11727 2 144
10741 45 2275
13647 42 2102
10439 189 9488
8899 291 14571
8935 338 16938
10857 88 4410
9567 291 14588
8919 125 6256
13474 51 2597
9677 160 8029
9095 229 11463
12083 294 14749
12106 3 163
12545 129 6499
9767 29 1469
9653 38 1935
12497 11 575
9533 206 10314
9617 252 12638
12535 11 563
10660 215 10761
9290 106 5338
11116 114 5749
8935 338 16938
11756 226 11307
8764 277 13892
11751 115 5781
12083 294 14749
11630 54 2715
10798 72 3620
9201 168 8412
11938 39 1963
9273 24 1209
13507 11 596
9028 43 2186
12459 60 3017
11895 141 7085
10921 172 8618
9095 357 17899
13536 114 5750
11938 39 1987
12045 65 3266
10725 182 9107
10448 147 7353
13689 47 2367
10439 110 5547
9467 133 6658
9503 181 9094
10888 251 12576
10529 174 8739
9308 63 3166
8905 237 11899
8427 257 12877
8971 4 228
10672 84 4202
12116 15 798
10502 156 7811
11071 28 1431
10958 15 772
10773 116 5832
12091 181 9060
10798 78 3901
8724 20 1007
10603 6 302
11578 34 1703
12565 92 4648
11072 100 5006
10856 81 4069
9338 128 6421
11742 105 5258
12020 85 4274
13678 202 10114
9679 110 5516
8446 246 12305
10493 24 1241
12045 13 697
12073 54 2713
11977 175 8771
10790 143 7183
10590 16 847
12052 23 1183
