17260 25 1289
17620 199 9981
18024 69 3487
16847 140 7007
17005 92 4638
17327 39 1984
14782 73 3683
16485 30 1509
14641 98 4933
15859 154 7738
18021 138 6902
15689 156 7843
14915 1 64
16697 129 6481
17191 34 1724
16927 35 1778
15828 501 25078
17495 139 6962
17514 61 3097
18760 307 15392
14749 103 5165
15141 65 3280
16137 42 2104
14319 22 1103
14143 48 2437
17339 314 15735
16847 140 7007
16889 192 9635
14970 13 659
15689 114 5709
18666 61 3058
17866 60 3018
15061 244 12239
17667 97 4880
17671 159 7980
16927 35 1778
18756 12 639
18752 564 28246
17394 155 7763
14375 6 321
15154 233 11699
17866 20 1006
17394 2 117
17260 11 573
16761 43 2193
14191 33 1667
14623 249 12485
17827 28 1431
14901 38 1925
14545 89 4484
16697 129 6481
18760 65 3292
17339 204 10219
17791 37 1880
15308 93 4683
17636 33 1671
17493 226 11325
18748 153 7659
15713 30 1536
16319 3 170
15382 209 10454
18499 343 17154
17313 65 3266
15989 75 3797
15446 39 1969
17371 149 7460
16031 68 3421
14231 7 385
17270 47 2398
17313 43 2159
18756 129 6464
17364 118 5936
18577 252 12626
18233 141 7083
14707 30 1523
17195 86 4323
15484 289 14456
16118 250 12501
18249 7 390
18021 138 6926
17028 212 10650
17829 62 3108
16341 301 15085
18604 16 802
18756 22 1144
17514 61 3095
18923 346 17337
14782 73 3683
18756 19 975
14319 13 657
17055 155 7795
18760 307 15392
16150 2 108
18028 305 15283
16319 24 1218
14902 213 10688
17125 97 4882
14291 194 9707
17696 8 427
14772 46 2301
17494 155 7781
14363 149 7478
18219 58 2904
18712 71 3579
14543 148 7431
18246 20 1039
15909 67 3377
17447 1 58
18685 20 1009
17260 31 1595
18011 82 4124
16379 4 237
17671 346 17311
17191 48 2427
16513 87 4379
16513 87 4379
18244 214 10705
15391 85 4274
17661 84 4203
14143 41 2051
18752 62 3147
14450 77 3856
14281 183 9189
15322 28 1401
17580 2 149
14816 243 12198
18615 566 28332
18021 78 3902
14901 38 1925
14277 35 1760
18010 101 5099
16481 122 6145
14355 11 571
18044 522 26101
14564 11 580
17662 180 9010
18605 38 1929
14903 119 5996
14121 240 12005
18929 73 3680
15458 7 353
16731 172 8648
15074 74 3701
15391 187 9360
17620 122 6137
18253 16 817
17776 5 275
18574 230 11517
14764 105 5259
15297 135 6764
14543 148 7431
17419 7 394
14390 84 4244
17662 176 8841
14338 174 8713
17144 37 1884
15391 44 2238
17116 115 5790
16319 24 1218
18619 120 6037
17447 85 4274
15689 156 7845
14771 196 9836
17185 57 2851
15464 234 11706
18748 172 8624
14231 7 385
14190 18 942
17131 205 10257
14921 7 352
18756 19 975
16581 26 1325
17834 52 2647
17337 45 2258
14165 77 3881
17089 9 466
16117 64 3237
14948 279 13998
15335 257 12884
17034 59 2981
17116 115 5790
15689 156 7845
16835 290 14529
14816 181 9051
15254 97 4884
14921 59 2990
18039 80 4026
16809 232 11625
17394 155 7772
17125 97 4882
15318 78 3932
14356 222 11117
16026 102 5149
16583 258 12931
15413 54 2742
15469 324 16244
14677 22 1117
18031 83 4200
17239 106 5334
15296 92 4609
15383 178 8917
16095 109 5480
17636 33 1671
15430 102 5110
14290 178 8933
14641 98 4933
14740 39 1995
17753 148 7423
14157 78 3910
16227 11 586
17364 52 2613
14771 129 6485
18021 577 28886
17313 180 9022
14270 16 836
15163 25 1291
14319 13 657
15469 324 16244
17339 63 3179
14921 59 2990
17131 205 10257
16583 258 12931
17753 4 217
17337 45 2255
14157 193 9669
15149 67 3353
17871 105 5261
18860 155 7777
14228 84 4245
16526 30 1542
16947 165 8264
17313 65 3266
17561 212 10604
18750 213 10663
15389 25 1263
17492 82 4118
16265 12 624
15243 37 1851
17855 240 12029
18923 346 17337
16026 102 5149
16150 2 108
16137 42 2104
15074 56 2808
16544 73 3700
18021 138 6902
16047 5 300
14543 140 7029
17834 52 2637
18527 360 18027
15318 147 7390
17636 5 263
18761 81 4066
15125 186 9350
14363 149 7478
17361 298 14913
14903 119 5996
15800 279 13984
16301 29 1474
18021 662 33108
14286 12 624
18021 662 33108
15447 46 2312
18253 2 134
16761 361 18066
14771 129 6486
17349 61 3093
18233 115 5788
17312 115 5767
18714 4 232
14165 77 3881
17208 196 9827
14558 110 5526
17394 74 3717
14121 240 12005
14564 19 1000
15430 102 5107
17270 35 1761
16341 301 15085
18779 453 22693
16581 23 1172
18712 64 3218
17829 62 3108
16888 177 8856
15987 199 9982
18492 143 7177
17300 4 232
15464 234 11723
18653 175 8788
15130 61 3084
18712 64 3218
16219 258 12910
15074 118 5950
17696 17 852
17034 211 10567
16947 166 8327
17662 176 8841
14768 63 3196
17172 28 1406
18253 2 134
14263 87 4361
15946 524 26203
17791 37 1880
14564 11 580
15800 279 13984
16298 17 891
14263 103 5179
16265 12 621
15382 209 10454
18760 307 15360
17589 8 407
17662 156 7805
16265 12 621
15391 44 2238
16458 31 1551
15923 484 24226
14333 33 1666
18923 391 19597
14636 102 5124
17371 382 19136
17349 61 3056
14942 251 12563
18746 17 864
18644 159 7990
18923 645 32296
16262 49 2472
17978 315 15790
18044 412 20620
18752 259 12981
14940 101 5093
17371 149 7488
17191 48 2427
14390 84 4210
17371 149 7488
14527 70 3549
18244 14 750
15689 156 7843
18024 127 6366
18210 7 385
17270 35 1761
15989 75 3762
16947 166 8327
14410 274 13720
15973 116 5839
16042 34 1717
14543 148 7445
14161 109 5456
14290 90 4519
15794 176 8804
16832 42 2125
15154 233 11661
16840 84 4212
17343 26 1315
17753 148 7423
17493 226 11325
18860 155 7777
14546 179 8965
15413 54 2742
14901 72 3631
15266 9 484
14746 279 13988
14306 180 9031
16262 49 2472
16379 4 237
18233 141 7083
14921 59 2990
16031 68 3421
18044 522 26145
15103 129 6480
17495 139 6962
15897 46 2319
14270 16 836
14157 127 6377
14356 301 15058
15335 257 12884
14379 63 3170
17034 211 10567
18011 82 4144
16888 98 4908
17620 199 9981
14734 57 2874
17415 100 5008
17394 2 117
14157 78 3947
16526 30 1542
14191 33 1667
15222 121 6065
17028 212 10650
18605 38 1929
18021 138 6946
14736 86 4347
16847 140 7007
18021 577 28858
16481 122 6145
18752 259 12981
18021 662 33138
14564 1 70
17535 50 2545
18752 259 12981
18034 101 5055
14425 160 8003
17208 196 9827
16242 351 17584
17237 22 1132
17089 9 454
18021 78 3945
15389 55 2796
14611 60 3020
14277 35 1760
14377 83 4161
18753 27 1365
17283 9 492
18632 127 6390
14375 114 5711
14942 65 3265
17636 33 1671
16172 81 4095
16041 237 11891
14764 53 2660
14768 63 3196
17089 9 454
18011 82 4124
16761 361 18066
17394 2 128
14157 4 202
15897 1 99
17300 4 232
15689 156 7843
14143 41 2051
14319 22 1103
14319 22 1103
16089 6 305
18929 118 5918
15946 478 23944
16158 526 26305
17172 28 1406
17875 355 17761
17958 22 1144
16295 243 12167
17661 84 4203
15776 5 288
17089 9 484
18258 124 6224
18760 65 3285
18954 245 12288
16761 43 2193
14915 1 64
15909 43 2172
15103 103 5181
15446 39 1969
18712 71 3579
17834 52 2647
17260 25 1289
18244 214 10705
18763 5 270
18760 307 15360
14986 23 1166
18021 138 6946
18021 78 3902
17125 10 529
14921 7 352
17866 20 1006
14772 95 4762
18746 17 864
14218 250 12529
14768 63 3196
15391 187 9383
15061 244 12239
17495 139 6962
14545 89 4484
18685 487 24366
17371 149 7488
17394 74 3717
18756 22 1144
17517 316 15826
14986 250 12538
14338 54 2735
18685 484 24243
14527 9 454
18021 662 33123
15966 443 22191
18756 12 610
17344 1 100
15074 74 3701
14986 250 12538
15458 17 858
18666 51 2598
16047 24 1239
