9567 260 13018
11963 106 5312
9741 7 388
13617 111 5588
11574 194 9724
9336 278 13913
11780 115 5763
8894 146 7328
12543 260 13003
12539 73 3676
11976 208 10440
9603 321 16096
13453 30 1502
12031 0 16
11740 294 14746
10508 9 453
13621 77 3870
11854 59 2977
9519 120 6031
9499 421 21095
10843 95 4792
11783 8 420
9683 35 1779
12068 135 6780
11753 57 2892
10493 111 5553
9079 42 2124
13478 79 3958
12057 22 1128
10747 191 9600
11858 35 1751
9563 508 25450
10998 12 610
10680 117 5894
11066 191 9555
12083 73 3654
9576 412 20638
9519 120 6019
8894 146 7328
11971 21 1080
12046 30 1519
8529 217 10895
8620 66 3343
8490 23 1196
9601 415 20764
9603 166 8348
11171 68 3410
9538 616 30845
9065 113 5691
9559 80 4044
13661 10 503
11551 9 472
9064 18 913
8791 1 56
9494 318 15940
10959 79 3955
11893 51 2560
8791 3 166
9239 118 5936
11270 46 2307
10966 39 1985
10473 55 2774
10882 5 299
10669 106 5320
8810 65 3296
11915 114 5717
9470 181 9052
10923 109 5499
9063 282 14124
11539 11 586
9470 323 16189
10355 57 2879
12404 65 3265
9538 53 2674
12054 148 7404
11120 35 1760
11537 49 2494
11925 141 7060
12529 90 4540
11507 82 4124
9515 70 3531
11614 53 2673
8771 7 386
11724 183 9172
11921 302 15141
11505 14 724
11213 80 4027
9669 301 15074
10837 248 12441
12365 36 1820
10688 225 11298
9677 16 844
8549 110 5521
12454 258 12914
9445 92 4609
9678 232 11623
12026 18 920
11512 28 1444
9602 571 28575
8795 33 1699
10974 139 6989
12497 274 13723
9440 226 11321
10928 141 7086
13689 117 5884
8915 74 3727
8897 153 7678
8903 37 1889
13552 18 911
11112 200 10017
9494 113 5692
9030 38 1906
13520 51 2552
10523 11 594
8714 159 7954
8650 60 3049
12454 29 1461
10574 347 17355
12086 9 470
11608 34 1713
11990 29 1488
11976 234 11723
9597 344 17250
11763 211 10569
11601 97 4880
9653 341 17065
8666 122 6108
10382 43 2174
11187 83 4190
11738 135 6766
12438 138 6950
10969 21 1090
10791 58 2930
8908 20 1035
11128 8 413
13555 1 52
9191 131 6597
11829 106 5325
9432 14 727
8971 246 12349
11291 23 1163
9344 252 12604
8762 222 11146
11848 19 996
10394 2 132
8431 19 951
8492 35 1799
13467 94 4740
9203 36 1815
9629 10 540
11844 289 14483
11936 16 812
9377 159 7965
11619 51 2564
11187 320 16008
9583 148 7439
10478 59 2955
9249 171 8599
11064 164 8214
10687 156 7838
11998 142 7127
9679 184 9211
10714 106 5348
9603 286 14331
12366 35 1777
12001 70 3548
9563 493 24696
11264 35 1753
12108 41 2054
11759 236 11841
12040 58 2941
12541 85 4257
10687 134 6706
10562 216 10810
11494 39 1977
11604 75 3758
13471 0 12
13675 5 287
11885 106 5316
8746 199 9958
10591 78 3911
9640 84 4226
9592 135 6773
9511 414 20720
9612 31 1563
10580 206 10343
9572 43 2179
13618 96 4828
11991 127 6357
13545 24 1248
10382 124 6242
13647 15 787
9245 345 17265
11976 40 2034
10660 209 10475
9533 38 1946
8794 53 2678
11723 272 13631
11543 10 501
11214 73 3679
11990 8 409
10906 227 11357
9464 129 6491
11765 249 12488
11971 51 2569
9479 192 9626
11591 3 182
10475 20 1031
10687 161 8098
11047 6 320
11721 118 5947
8841 5 259
11885 106 5316
13568 104 5203
13662 155 7796
9603 350 17537
12077 0 50
10727 92 4648
9586 325 16276
11854 75 3789
9297 188 9437
8719 264 13250
10693 231 11586
8996 181 9089
10683 346 17321
12508 386 19306
11820 98 4948
11909 219 10982
10892 74 3705
11879 235 11799
11278 322 16146
11544 60 3017
10863 26 1310
11781 9 475
9295 24 1231
11990 28 1411
13484 89 4468
9297 334 16716
8806 93 4665
8708 103 5177
9191 301 15099
11924 37 1876
13465 6 321
13638 172 8638
8454 25 1283
10727 183 9193
9386 263 13193
13661 111 5594
12565 24 1209
11494 201 10052
9602 52 2607
12442 122 6148
8959 230 11525
10688 224 11218
8975 61 3061
8708 37 1891
9461 45 2262
11952 8 422
8459 35 1794
10831 93 4665
9092 13 680
9470 178 8924
10727 184 9246
11929 89 4497
9710 192 9620
9226 98 4909
10490 176 8835
9245 50 2543
13623 74 3701
11907 121 6064
11720 6 334
12137 82 4120
9515 70 3531
8467 28 1410
11831 38 1913
11972 60 3045
9640 84 4226
11872 57 2868
9009 202 10149
10747 59 2987
9336 8 447
12108 41 2054
11119 280 14027
11800 2 118
10848 178 8925
9741 8 436
8995 90 4504
10599 140 7023
11707 66 3320
9427 167 8372
11685 329 16451
8454 22 1105
10905 70 3531
11570 30 1523
10923 74 3701
13569 63 3188
9199 7 385
9681 64 3225
13616 337 16885
10913 25 1293
9366 191 9577
10521 22 1148
10764 6 345
11745 275 13791
13662 16 819
11168 100 5048
8668 47 2391
11529 310 15533
12556 45 2258
13662 12 610
11915 239 11959
8758 2 146
8927 78 3942
12086 9 499
11283 106 5332
10578 238 11930
13561 19 967
10719 67 3352
13580 1 59
9269 66 3320
9576 412 20638
10913 31 1595
11646 31 1567
9292 16 850
10591 78 3925
9432 32 1645
8468 24 1207
12045 164 8250
8460 260 13005
11494 220 11006
11763 203 10196
10580 98 4938
11940 16 803
10442 239 11953
11030 61 3054
12565 309 15475
9226 301 15062
13674 134 6744
8513 12 648
10725 321 16089
11665 135 6776
8908 81 4095
11112 132 6642
11494 110 5543
9346 4 213
10966 15 752
9289 233 11692
11998 142 7131
8468 23 1161
11756 259 12990
13617 111 5588
10968 25 1295
10668 313 15676
10490 191 9581
9538 363 18181
9470 181 9095
10725 123 6197
9546 66 3316
10828 4 226
12374 5 265
9675 63 3152
9542 146 7331
11881 51 2572
12545 132 6644
12442 98 4938
8860 70 3502
12045 53 2692
9586 406 20330
10857 148 7403
11619 177 8887
8776 132 6645
11601 4 201
12031 0 16
9432 14 727
9499 53 2668
9500 273 13694
10660 209 10475
9586 409 20469
10660 111 5561
12368 118 5925
12070 199 9979
9500 583 29154
12418 9 457
13537 10 513
10696 117 5852
11608 164 8218
12446 20 1039
11745 81 4089
13580 165 8269
10598 8 414
9586 326 16341
8513 11 574
13660 98 4940
12364 28 1401
9440 225 11279
10490 228 11443
11674 48 2405
13468 16 820
8648 275 13751
10371 4 210
9446 127 6396
10719 153 7662
12057 60 3039
11091 204 10228
10803 153 7680
9560 188 9417
11605 278 13935
12083 119 5973
9095 224 11250
12071 140 7040
12068 130 6548
10843 77 3869
13642 116 5819
13460 48 2402
9586 498 24934
12139 330 16550
9090 218 10915
8529 31 1584
9679 150 7523
8475 0 39
11830 173 8652
12021 22 1137
11027 186 9305
12480 31 1590
11990 6 320
9712 123 6194
8687 275 13798
9608 104 5242
10768 59 2985
8697 254 12745
8460 135 6799
10756 298 14934
13580 24 1233
8711 75 3787
13661 43 2164
9689 312 15626
10449 25 1296
10940 33 1667
9481 171 8590
9505 191 9560
9041 15 764
10597 60 3030
13687 6 330
13678 55 2781
11565 246 12337
9480 146 7313
12108 41 2082
13520 51 2553
10445 15 771
11895 246 12304
11691 126 6303
9203 36 1815
12083 443 22175
13652 24 1243
12066 204 10233
11675 124 6242
11974 114 5739
11984 176 8845
12551 5 277
12451 57 2896
10857 196 9811
11756 213 10675
8711 77 3857
8751 87 4368
11685 117 5864
9639 26 1319
9289 191 9600
9720 127 6356
9720 168 8415
8742 71 3593
11644 140 7019
10841 87 4392
12482 66 3350
12111 74 3714
10445 225 11279
10591 32 1601
9386 41 2051
12497 165 8263
9505 18 903
11815 221 11095
10959 79 3999
8701 4 204
11833 256 12802
12504 178 8925
9340 64 3211
11780 196 9814
10563 179 8985
11539 19 969
9524 6 316
9727 79 3987
9628 22 1139
13472 4 242
10864 8 417
13520 38 1931
10929 45 2288
13688 190 9542
8931 131 6584
8711 75 3796
12139 210 10518
11848 307 15376
11115 44 2244
8537 262 13114
10833 57 2862
9639 240 12037
10545 150 7550
9277 121 6097
9725 60 3021
8709 18 934
10786 113 5671
9479 194 9703
12075 287 14364
11762 253 12688
11608 53 2663
13467 94 4740
11766 165 8276
9341 252 12608
11094 225 11270
10520 117 5892
12127 3 200
11984 10 523
12406 2 120
11278 322 16146
9586 409 20469
10584 99 4969
11934 231 11580
10545 61 3069
10307 152 7647
12504 178 8915
11074 62 3134
8762 79 3972
9504 31 1583
13645 10 524
10952 256 12828
9562 99 4971
9372 125 6287
13527 15 783
13660 112 5606
12094 10 549
11723 272 13601
13689 9 458
9348 0 48
10484 90 4501
8963 64 3246
12459 98 4950
8649 58 2932
12054 56 2834
9500 179 8992
13478 112 5638
13583 159 7955
11973 30 1521
8709 68 3422
8817 10 510
11115 44 2238
12025 244 12239
10520 117 5892
9205 198 9925
12061 3 174
9434 315 15760
8894 36 1829
10595 122 6127
8810 65 3281
11094 98 4910
11247 14 731
12091 207 10388
12505 183 9163
8704 0 6
13661 10 503
8529 218 10949
10521 208 10448
12446 33 1653
13638 268 13427
9297 243 12151
9505 192 9623
12069 167 8368
12056 160 8037
12145 43 2182
10581 36 1822
11086 203 10159
11029 38 1942
11582 24 1237
11614 176 8810
11815 129 6494
9215 256 12806
8687 271 13585
13528 25 1287
11728 131 6600
12040 25 1260
10906 181 9065
10479 18 905
11830 136 6826
12083 427 21397
11915 323 16190
8513 10 518
8504 41 2088
8908 2 120
11936 10 504
12558 73 3673
9216 113 5689
8666 48 2447
9677 165 8260
10735 257 12868
8459 16 801
8795 33 1699
8754 37 1854
11723 234 11726
12382 159 7986
11786 98 4936
13648 107 5365
9348 97 4882
11229 7 396
10696 78 3931
10696 80 4005
9562 179 8982
10622 9 459
10580 98 4941
11664 84 4212
11283 63 3152
8996 322 16120
11953 13 660
10595 42 2109
10484 59 2973
9480 69 3482
10795 144 7214
10483 112 5604
9504 31 1583
12485 76 3841
12554 71 3588
10449 215 10781
12495 231 11570
9392 52 2616
12446 70 3539
10882 4 234
10583 49 2454
12422 78 3913
12054 100 5032
9331 17 871
9239 76 3841
9534 113 5657
10445 223 11161
10563 189 9458
11601 325 16269
10771 195 9758
11707 18 943
11604 61 3078
9610 28 1425
9636 3 160
12070 10 516
9238 53 2663
11846 100 5005
12095 110 5528
10712 14 725
10744 107 5381
12516 43 2190
11570 30 1535
9293 11 574
11605 140 7034
9617 5 262
12506 132 6604
8888 114 5714
10901 17 862
10839 155 7755
13624 11 594
8879 104 5220
10561 71 3554
9618 155 7774
8836 70 3511
10479 17 862
9631 72 3643
11532 132 6619
8720 47 2389
11698 82 4124
9295 24 1231
12533 73 3662
12016 210 10531
11963 305 15298
11929 108 5437
8771 8 440
12482 31 1560
11965 260 13004
9717 230 11547
8697 161 8071
8490 59 2990
13619 111 5579
11108 21 1092
12442 36 1814
9717 224 11238
12057 54 2721
10390 26 1328
11591 91 4564
11913 65 3292
9434 45 2294
11177 6 344
10994 22 1119
9340 192 9614
9563 539 26963
13658 42 2148
9188 140 7009
10648 32 1642
11763 102 5119
9517 63 3200
9567 276 13830
11631 280 14016
10750 67 3373
10508 10 536
10766 4 220
10864 8 417
8971 243 12151
10478 41 2088
9001 5 259
11632 71 3590
11094 59 2994
9324 66 3317
11868 98 4943
13472 5 296
11077 115 5775
8899 89 4459
11963 457 22855
10843 76 3801
10729 53 2696
11545 177 8871
10675 173 8666
11537 126 6304
13638 152 7637
8514 89 4488
12565 397 19859
11568 29 1457
11726 295 14772
11976 332 16609
10441 83 4153
8922 2 136
10922 86 4317
12071 240 12013
10437 156 7821
8936 154 7729
9002 293 14684
10741 2 145
11215 78 3910
11875 11 555
12016 435 21788
12485 2 136
10574 219 10960
12039 8 409
13638 224 11232
10583 50 2529
11904 71 3570
11112 200 10017
11840 10 542
8646 32 1624
10821 213 10679
12485 37 1880
11551 31 1595
8943 53 2697
9331 15 770
13479 71 3552
8513 11 578
8650 3 153
10712 287 14389
11738 129 6478
11108 26 1314
10473 346 17345
10843 77 3893
12561 171 8560
11108 13 660
10712 72 3631
13568 67 3387
10804 76 3847
12543 284 14230
12368 6 320
9650 64 3242
12331 2 114
11186 217 10875
12073 28 1413
10444 33 1700
9338 181 9055
11815 175 8783
12514 62 3102
10523 295 14792
13471 18 930
9704 356 17813
12052 50 2545
11867 108 5435
11829 106 5314
11879 139 6954
11723 259 13000
13473 4 239
10961 11 555
9500 409 20490
10994 212 10632
9311 131 6565
10574 345 17296
11546 29 1457
11172 97 4866
9602 35 1800
11913 143 7171
10931 89 4471
10952 244 12240
11728 225 11277
11081 20 1038
9432 32 1630
10735 259 12997
11609 216 10816
13638 224 11232
13678 113 5696
12075 45 2267
9281 166 8344
9593 41 2076
9656 160 8042
8435 69 3486
11559 45 2252
8899 89 4459
11613 62 3112
13582 45 2264
13465 81 4053
9704 202 10104
10530 14 724
10355 57 2879
10824 140 7045
11976 234 11739
10538 216 10841
11529 216 10833
12503 31 1588
10756 95 4800
9410 17 871
11168 58 2904
10693 143 7164
8697 254 12745
10855 17 889
13520 38 1926
11537 126 6344
9473 75 3798
9390 12 625
11505 28 1412
9653 184 9208
11182 176 8820
8751 36 1814
11998 405 20254
13647 15 799
8650 50 2548
9249 254 12717
12544 32 1608
12565 37 1856
8553 137 6861
8668 10 505
9072 74 3703
10558 24 1206
10711 27 1394
9340 138 6914
8971 82 4148
12062 83 4195
11971 62 3116
12053 18 906
8905 114 5701
9535 69 3467
11197 27 1385
11083 23 1189
13661 205 10270
13540 35 1795
10688 16 822
9704 355 17771
11971 2 107
10822 24 1215
11742 17 885
11604 202 10125
13529 10 519
11120 35 1760
11215 72 3624
11168 40 2007
10781 86 4348
9379 44 2216
12418 29 1455
9307 58 2945
8446 214 10749
9065 121 6074
12369 9 451
12558 6 333
12449 73 3698
10712 17 866
11970 29 1478
13469 81 4075
11182 47 2375
11931 33 1653
8690 116 5849
9341 229 11456
8977 4 220
10913 31 1595
11494 154 7723
10307 152 7626
9281 163 8182
9310 22 1120
9472 131 6592
10648 25 1262
9519 245 12289
12068 52 2619
9586 324 16214
11120 154 7728
10704 296 14850
13662 155 7796
11235 9 475
12401 22 1112
10569 115 5779
12103 2 130
11543 251 12560
9454 112 5601
12091 340 17023
10660 163 8189
10811 78 3939
10533 126 6332
8538 127 6354
11141 6 303
11546 21 1088
10660 163 8151
8975 200 10008
11086 139 6991
12086 79 3976
9531 331 16587
11867 108 5413
11029 38 1936
10533 107 5374
13647 13 652
8769 361 18065
12497 193 9699
9644 52 2610
11973 69 3467
11087 6 301
9499 485 24277
10520 189 9473
10712 287 14389
9538 447 22382
11724 183 9172
11726 304 15204
9479 194 9703
11604 61 3090
11601 4 201
11691 126 6303
12504 79 3965
9515 22 1140
10743 136 6841
11906 286 14315
9002 36 1804
8975 62 3134
11644 75 3785
11721 79 3999
10610 115 5783
9201 242 12113
13642 17 874
11068 22 1109
10833 159 7954
8646 4 201
8747 75 3779
11915 235 11772
10843 76 3820
9527 256 12830
11881 211 10569
8562 91 4596
9437 292 14634
9656 158 7942
10865 16 833
10768 59 2985
13480 50 2542
8700 35 1762
8934 125 6259
12025 149 7467
10570 14 738
10725 303 15178
12432 25 1265
11283 112 5615
8538 3 155
10641 8 434
8587 6 320
12145 174 8725
11168 100 5042
11766 269 13480
12449 240 12005
10520 144 7250
13671 186 9307
8702 108 5427
9510 22 1130
8971 128 6413
8693 11 595
11630 181 9078
9425 28 1418
9239 201 10087
8666 106 5341
13676 3 157
12083 356 17813
8547 239 11975
11294 18 950
11204 22 1117
9348 98 4935
9241 63 3167
9440 225 11285
11931 17 866
12533 73 3674
9278 67 3386
11833 79 3973
12552 30 1511
11953 13 665
10959 59 2969
12111 66 3349
11984 176 8803
8739 31 1554
12534 36 1849
9637 203 10168
13476 45 2253
12514 62 3109
11998 368 18430
10969 15 771
9628 43 2190
10442 302 15127
9030 108 5406
13676 3 194
13561 53 2664
10432 301 15095
8943 63 3152
13638 172 8638
10843 95 4751
11848 307 15376
12066 314 15738
9030 15 772
9037 73 3654
13536 96 4811
11709 128 6446
9044 27 1372
11182 47 2375
11628 146 7344
11128 18 923
13638 93 4666
11786 255 12794
9704 65 3262
10599 128 6431
9617 126 6347
11738 16 816
11846 53 2698
10760 208 10436
8445 72 3603
12382 231 11594
8578 35 1784
9516 510 25548
13692 24 1209
10634 31 1554
11559 63 3151
12454 19 954
11591 102 5123
9395 199 9958
9536 34 1740
13527 3 169
12480 116 5850
8617 10 523
9037 182 9103
11550 173 8659
10648 24 1221
12039 372 18626
11608 34 1713
9395 200 10009
12053 5 279
9704 80 4018
11926 14 715
10486 56 2810
12009 28 1404
11680 94 4712
9694 48 2444
12039 176 8808
8751 32 1627
9434 48 2415
12086 63 3193
10890 76 3844
13517 5 273
11611 9 476
13626 21 1078
9249 341 17068
11120 34 1745
10680 117 5868
13629 64 3209
12042 62 3113
8806 21 1068
10969 14 724
11197 95 4780
9542 204 10235
12083 206 10320
8538 9 494
9656 183 9192
11961 35 1787
13674 226 11313
13639 62 3141
9668 106 5334
11976 394 19723
12083 308 15415
11959 67 3370
8894 146 7327
13688 149 7457
11963 106 5318
10688 13 682
11909 169 8463
10937 45 2260
13618 37 1863
11729 17 865
11087 58 2910
13510 8 444
11887 59 2994
8720 86 4319
10704 260 13025
13583 89 4476
9602 56 2849
10490 176 8805
11524 151 7567
11721 74 3741
9386 43 2159
10696 139 6978
10713 2 125
13542 84 4237
10712 17 866
9049 35 1781
12441 166 8345
9079 68 3433
10569 115 5779
8894 86 4310
10725 170 8535
10837 247 12369
11025 111 5598
9225 27 1380
10735 253 12666
9215 99 4963
10478 23 1178
8735 118 5906
12442 212 10646
9205 241 12082
12021 22 1137
12541 118 5921
8996 206 10332
12566 0 26
9560 55 2768
12077 11 591
8702 217 10873
13582 55 2780
11756 118 5919
9636 103 5152
8917 288 14410
11090 6 321
12364 19 955
10733 53 2668
12075 267 13376
9656 182 9121
9610 25 1253
10382 123 6194
12502 44 2229
11991 127 6379
12482 66 3320
10857 147 7387
9356 117 5871
10700 283 14182
10634 316 15833
8908 255 12784
12462 0 14
12139 381 19056
11779 189 9475
9561 66 3313
12533 49 2499
8876 96 4841
10689 63 3184
8666 266 13306
11969 63 3191
11979 24 1241
10386 30 1501
9563 508 25450
9240 54 2734
9386 261 13058
8445 263 13168
9618 266 13307
13617 11 600
12015 5 285
10680 199 9998
11866 94 4742
12054 148 7420
12382 19 960
8668 48 2441
13454 6 342
9407 268 13439
9345 114 5714
10478 23 1194
11785 11 555
11108 13 679
8769 268 13416
9684 62 3150
11083 191 9563
10611 125 6262
9001 110 5533
9533 226 11343
13475 24 1231
11974 45 2271
9404 39 1957
11550 219 10968
9072 7 369
13587 48 2415
10784 97 4869
12560 40 2049
11738 265 13289
9481 172 8637
10441 85 4264
10523 10 541
11095 55 2767
10669 118 5926
8806 19 953
10381 6 314
11529 140 7009
9479 191 9576
10972 17 900
10439 137 6895
11171 81 4087
10590 68 3431
9621 54 2724
12005 16 807
9704 141 7052
8445 265 13277
10599 129 6483
13477 155 7775
11658 1 98
13491 7 399
8666 117 5875
12514 69 3463
8578 17 852
12374 186 9314
11906 204 10241
13630 42 2110
12441 227 11358
12039 120 6042
12052 50 2545
10747 191 9579
9349 162 8126
12541 85 4284
8476 4 218
9379 142 7137
11626 1 69
9669 52 2633
10894 104 5222
11681 119 5988
11270 47 2379
9521 27 1394
12139 21 1051
10959 59 2969
10390 32 1609
11769 127 6383
13536 111 5573
11619 142 7127
10885 24 1231
9656 183 9192
9377 139 6956
8857 152 7631
8742 105 5281
9618 81 4079
10432 345 17261
11815 267 13390
9024 75 3800
11895 306 15325
11657 42 2139
12556 133 6669
11184 74 3735
12418 36 1814
12442 98 4944
13580 53 2667
8538 274 13749
9470 323 16195
8918 375 18777
10523 165 8293
11173 5 261
11791 72 3639
9556 24 1237
11171 29 1453
13583 255 12760
12504 178 8928
10696 199 9969
11742 196 9820
11603 16 831
11108 70 3512
10473 48 2413
8791 0 4
11800 56 2815
9341 229 11451
10741 2 117
10741 0 49
9562 181 9080
9720 168 8415
10432 292 14639
13536 106 5313
12013 0 32
10974 139 6971
8528 32 1635
9310 67 3383
11667 18 919
11885 60 3018
11559 65 3267
9464 123 6186
12006 12 605
12117 0 31
9651 340 17049
13546 0 34
11134 134 6704
9289 319 15992
9338 26 1343
11173 9 465
12480 74 3731
9297 221 11052
10669 16 841
10390 68 3449
13480 50 2542
10959 76 3840
11591 91 4586
12497 150 7520
8513 12 641
11813 159 7998
10563 60 3002
8936 63 3168
12441 227 11380
9411 34 1701
11971 45 2294
10743 89 4468
10959 59 2961
9410 81 4099
11779 182 9112
12369 6 334
9529 212 10616
10937 45 2259
11715 53 2692
10884 28 1435
8742 223 11169
12016 38 1931
12139 381 19091
9030 60 3013
11116 44 2216
11064 206 10340
12438 88 4419
12061 124 6206
8706 84 4250
9654 84 4249
11829 66 3349
13639 87 4363
11283 103 5170
10693 231 11557
10761 172 8636
12004 123 6187
8990 41 2099
9374 42 2146
9377 159 7994
9348 100 5019
11116 104 5248
13660 27 1384
9536 94 4706
13593 51 2572
10906 179 8978
9356 192 9634
13668 32 1611
9706 13 682
12056 232 11637
12062 134 6707
11609 216 10816
11553 61 3083
13688 150 7515
13503 172 8626
11848 268 13439
9305 44 2227
8455 6 302
13453 29 1475
11565 281 14074
11150 51 2575
11168 101 5056
9656 160 8013
8700 174 8729
9188 130 6505
9564 376 18829
11881 110 5504
13617 100 5017
10493 111 5561
12020 18 930
13472 4 221
8995 98 4948
8796 142 7137
11695 7 400
12021 14 737
11187 83 4172
9649 110 5545
8996 322 16137
8513 10 547
9338 26 1343
8906 88 4419
11187 320 16006
12057 54 2721
9205 30 1505
11926 127 6384
10845 36 1849
11630 119 5952
12485 76 3822
12566 162 8125
11714 30 1501
11561 59 2977
11646 15 756
11094 201 10099
8905 213 10678
9727 80 4008
10441 263 13163
11786 98 4932
8971 246 12349
13583 73 3673
10599 137 6868
12056 401 20079
8680 225 11280
11691 146 7326
12034 87 4362
9658 54 2712
10484 58 2946
10713 3 162
12036 72 3604
9410 83 4197
13674 134 6743
8460 263 13186
12034 87 4376
11786 172 8650
10989 37 1889
11096 61 3064
8445 266 13315
9653 344 17201
11570 63 3181
9567 97 4871
11096 30 1535
9370 236 11846
9386 333 16693
13645 28 1413
8514 27 1385
10563 104 5223
9024 114 5741
11832 181 9085
12052 18 937
10578 238 11915
11713 137 6885
9001 101 5086
9527 255 12763
11551 11 578
11589 123 6183
12430 33 1667
11546 34 1750
10578 151 7563
9289 233 11699
11664 108 5412
9720 131 6554
11045 128 6409
8538 46 2347
8782 28 1427
11648 110 5544
8650 2 122
9706 15 789
9479 214 10737
8697 161 8071
11197 27 1385
9689 313 15665
11998 142 7127
11913 291 14586
11984 100 5021
13479 35 1797
12069 183 9155
10713 7 378
10888 269 13452
8954 73 3678
11186 152 7607
9410 82 4111
11780 115 5763
12000 85 4276
9033 25 1258
9053 5 273
11848 210 10519
11854 75 3789
9704 202 10104
10901 17 887
11604 105 5293
10897 164 8217
11656 41 2054
9063 282 14147
8917 317 15860
11565 246 12337
11759 39 1985
10598 7 374
9533 38 1925
12529 90 4540
11196 154 7724
8806 21 1068
12004 123 6187
12004 275 13773
13660 77 3866
10760 144 7214
13468 18 927
8538 111 5581
9507 33 1655
11977 71 3552
11906 307 15365
13621 77 3900
11581 85 4267
11921 134 6750
11926 127 6368
13467 89 4455
9049 15 789
11264 82 4133
10648 16 824
11976 145 7272
10952 170 8528
9481 171 8590
9249 340 17014
9570 83 4179
9601 89 4493
11278 38 1921
10574 117 5899
11291 287 14379
8445 173 8652
10432 345 17260
12565 137 6874
13583 73 3678
11867 108 5435
9560 59 2965
13621 10 505
9395 199 9958
8996 333 16688
9653 336 16803
10687 164 8240
12418 59 2956
10483 110 5512
10694 100 5044
9075 269 13479
11524 151 7551
9470 293 14685
8836 70 3511
11963 0 22
10563 185 9285
9603 274 13701
11614 30 1547
11693 34 1722
10447 20 1011
10940 32 1610
12566 10 522
12556 45 2279
11740 294 14746
9321 51 2564
10756 187 9352
11203 16 847
12374 186 9314
12504 171 8579
12111 107 5383
9440 204 10250
12561 171 8597
11972 135 6771
11198 21 1093
10830 251 12561
11965 294 14736
10843 95 4751
9470 99 4956
11535 83 4163
9033 125 6300
12073 17 852
10789 0 20
11726 170 8534
8701 2 147
11786 97 4874
9545 109 5497
11830 264 13221
9293 11 574
11291 247 12397
10534 105 5273
9065 33 1685
11930 321 16067
8455 45 2300
10578 151 7563
9603 286 14346
9492 233 11656
12070 276 13841
12380 7 377
9068 239 11960
12561 226 11313
9649 2 133
9432 3 180
8776 130 6549
11095 222 11111
11715 107 5379
8908 253 12675
12539 25 1293
12080 150 7546
9472 51 2573
11270 46 2307
9486 169 8498
9546 249 12474
12540 111 5595
11989 96 4830
12533 76 3820
9538 361 18063
11531 116 5847
12506 40 2037
9535 569 28453
12418 62 3111
9232 5 255
10645 64 3236
10969 147 7380
12020 88 4431
11776 78 3940
9232 5 256
10828 4 226
13661 227 11396
12137 82 4124
10538 179 8972
11976 178 8929
8794 91 4585
10821 111 5594
9064 291 14555
12005 99 4955
8918 51 2597
10850 127 6361
10592 333 16681
10484 19 992
13484 62 3116
10669 86 4328
12139 136 6820
13536 98 4936
11630 181 9069
9438 3 187
12066 260 13012
8650 47 2390
10382 29 1460
9001 89 4458
11589 33 1694
8907 36 1802
9492 227 11351
10432 301 15087
11134 36 1811
13690 57 2897
13619 44 2230
11844 112 5619
8751 86 4349
12139 130 6545
12418 54 2741
9679 133 6651
11912 213 10681
10599 130 6507
11965 75 3766
8789 87 4387
10747 60 3044
13484 80 4030
10922 86 4317
10906 181 9070
8893 57 2878
10516 37 1861
9030 165 8294
10972 6 313
12137 130 6511
11869 24 1241
12495 103 5163
9311 134 6745
11674 6 316
9562 236 11808
10501 197 9880
11528 23 1166
10489 25 1256
12057 54 2735
8680 228 11408
11756 187 9379
9394 253 12679
13652 4 250
10712 240 12037
13477 155 7775
9617 125 6294
11154 30 1544
8860 48 2406
10475 22 1131
9608 104 5204
11604 105 5268
12137 99 4957
8971 60 3043
12040 98 4935
12426 85 4259
10567 263 13195
11086 14 747
10674 15 798
13638 182 9121
9461 45 2292
11639 53 2700
11026 61 3060
12480 122 6107
10725 29 1494
12004 29 1497
10803 153 7680
12039 440 22040
13491 99 4978
9348 226 11342
12561 168 8449
11149 57 2875
10389 33 1671
12145 65 3273
9080 137 6864
8857 152 7631
9689 313 15651
8648 272 13619
12004 305 15267
8668 64 3243
8468 50 2533
8714 23 1189
12380 7 369
10719 66 3310
11973 29 1459
13470 59 2973
11820 304 15203
13461 12 636
10818 40 2040
10725 105 5263
8758 2 125
12533 73 3674
10521 22 1148
10537 47 2375
10687 152 7613
11866 2 140
10883 120 6002
13545 18 942
11813 159 7998
12493 69 3464
9188 128 6440
11756 270 13527
11848 48 2406
11559 63 3169
11149 310 15548
11726 252 12645
9063 39 1951
12566 152 7609
10657 217 10889
9354 9 468
12505 135 6771
11203 52 2632
12380 75 3774
11991 69 3459
8616 166 8306
13616 305 15279
11094 186 9337
8885 151 7575
10803 53 2671
11182 24 1203
10692 50 2504
11830 300 15040
8666 304 15201
11943 133 6679
10649 137 6859
8964 108 5422
8585 24 1234
10696 201 10096
9668 108 5406
11201 20 1004
11494 50 2541
12080 150 7546
11294 58 2911
9601 97 4894
8720 85 4252
8649 59 2972
12066 204 10233
10897 121 6089
9210 73 3661
10597 60 3030
8697 138 6926
13661 116 5848
13647 13 697
10646 14 725
11912 76 3828
10501 197 9880
8908 16 801
10355 307 15394
12377 9 494
9026 55 2759
10538 215 10776
8770 107 5369
9290 135 6786
11064 128 6428
9694 163 8190
12566 0 3
11515 28 1406
10449 2 113
11187 147 7357
11119 297 14864
13476 56 2830
13467 104 5248
11927 270 13547
11762 163 8167
8796 92 4623
8787 39 1952
13680 63 3181
11913 125 6290
12431 18 924
11064 128 6422
8537 152 7619
11506 97 4872
9668 117 5883
12515 72 3623
9564 375 18755
9068 317 15869
10993 11 585
11059 50 2532
8436 48 2450
12529 191 9551
9329 127 6378
11969 126 6338
9432 2 108
9439 105 5299
12071 37 1887
12066 25 1293
8894 105 5263
9385 204 10214
10833 58 2921
12091 307 15385
10897 120 6011
8490 26 1319
8888 130 6501
9644 52 2649
11618 198 9941
10489 42 2119
10508 74 3711
13675 159 7981
8446 91 4569
8648 153 7674
11264 27 1357
11673 49 2466
10923 137 6866
11929 108 5437
11247 8 426
12459 136 6845
10489 43 2173
10520 345 17266
10968 25 1295
9636 3 160
9090 222 11108
13517 5 276
11495 17 858
8782 28 1427
8458 20 1021
13471 18 930
11059 50 2541
11166 95 4784
9096 329 16461
12001 46 2303
11976 361 18051
13520 124 6205
10434 47 2377
12441 166 8345
13639 101 5066
11802 50 2526
10657 215 10783
10993 9 473
10634 313 15680
10657 122 6105
11228 4 235
9511 147 7378
10729 53 2696
11726 41 2072
11589 169 8464
11879 235 11763
10865 12 633
10654 108 5432
12466 18 928
11719 16 825
12422 78 3923
8590 280 14014
9208 197 9890
9063 27 1383
10512 4 203
11922 239 11989
12004 268 13447
9444 342 17111
13683 232 11627
8758 2 123
11885 69 3466
11551 105 5280
11639 53 2697
13477 60 3043
10938 148 7442
8666 48 2445
9564 517 25895
8894 145 7297
8786 24 1249
13587 48 2431
13454 6 342
9535 306 15319
11064 116 5804
13586 11 579
11614 96 4833
12073 17 861
8578 198 9903
9500 644 32235
12045 164 8250
11294 58 2937
10928 143 7170
10885 23 1169
11742 23 1178
13518 8 415
11219 16 820
10721 263 13191
11088 45 2272
12013 0 32
12459 72 3621
10645 66 3346
11848 292 14604
10884 281 14064
11674 66 3314
9658 54 2711
9454 113 5665
9710 195 9798
9538 453 22685
13544 27 1371
11095 118 5919
12008 12 623
12095 110 5528
9529 208 10447
9668 117 5855
9567 276 13830
11742 289 14467
10672 97 4862
9447 77 3887
9461 198 9947
9507 118 5904
11963 143 7184
11821 103 5184
9597 356 17844
11660 32 1623
11845 169 8464
11524 211 10553
10918 9 486
11786 260 13015
11540 84 4206
8742 90 4536
13662 16 819
10563 8 431
11508 159 7972
13645 0 8
9681 65 3256
11729 5 285
9002 293 14669
9410 17 871
9410 86 4307
10583 53 2685
10762 117 5855
8562 93 4665
8903 37 1877
11678 333 16658
12069 30 1547
11550 219 10968
11846 90 4511
9590 70 3531
11934 120 6015
10786 114 5750
9467 268 13410
9370 184 9211
13463 3 167
12025 215 10775
10725 303 15178
10719 150 7536
9639 238 11916
13671 159 7959
8706 81 4057
10563 103 5175
12070 36 1809
13637 18 935
9089 38 1923
10745 295 14758
11829 121 6060
11081 1 78
9482 229 11453
8715 0 16
12418 38 1935
11820 98 4932
13542 47 2397
11519 225 11252
8908 288 14440
11685 117 5864
10892 76 3843
9240 51 2592
12422 232 11616
9525 188 9427
11029 37 1864
13469 68 3425
10583 49 2454
9675 51 2569
9024 76 3834
8996 185 9256
11494 108 5401
11132 2 104
12075 128 6426
9232 5 296
13691 131 6555
11091 99 4994
8460 30 1520
9067 78 3949
12508 6 315
11206 48 2430
13674 154 7735
8861 9 497
12425 41 2083
12442 65 3272
10580 75 3792
11557 85 4294
11505 14 723
9067 12 639
9477 21 1070
12505 94 4742
9650 319 15958
13537 14 716
8746 199 9958
11531 189 9483
11801 33 1658
11829 91 4559
12368 95 4789
11108 39 1967
9299 226 11340
8626 93 4655
10765 30 1514
9345 47 2355
12000 108 5406
8738 254 12730
11134 16 833
11173 14 732
12066 121 6100
13683 202 10129
9458 58 2917
11786 172 8650
9617 4 222
10563 185 9263
12127 0 46
10578 231 11563
10475 20 1038
8585 21 1084
13635 1 53
9336 268 13443
10523 20 1032
8680 256 12842
11960 30 1544
8802 6 332
10654 340 17048
11214 3 152
11584 108 5402
8893 60 3035
9644 2 110
10563 185 9279
8711 79 3985
12545 132 6634
10784 97 4854
11494 275 13768
10654 110 5548
9297 333 16677
9519 120 6031
13617 19 952
12442 67 3358
11095 0 12
13552 31 1567
13691 142 7114
13509 79 3990
11769 117 5858
8626 85 4259
9470 289 14460
10505 112 5620
12379 75 3760
9519 157 7860
12561 50 2503
8917 318 15945
10821 211 10588
11081 59 2973
8782 25 1257
10714 98 4949
10578 231 11554
10437 115 5787
9491 74 3701
9434 315 15760
12086 9 499
10574 42 2104
13690 21 1075
8697 234 11721
8700 17 875
9538 361 18097
9536 8 429
9511 518 25934
9494 567 28393
12075 45 2269
8562 91 4590
12016 119 5961
11998 142 7131
9563 539 26963
12083 119 5960
10665 80 4020
11970 92 4614
13660 81 4072
11237 12 609
8739 30 1544
13487 88 4401
11970 29 1459
13583 92 4630
8908 90 4547
8784 119 5983
10599 130 6518
11508 142 7144
11766 206 10345
9505 191 9560
9672 6 331
12070 82 4135
12073 199 9963
11604 75 3787
10584 99 5000
9507 32 1636
8762 256 12831
10386 32 1620
11761 91 4565
10953 15 783
10688 94 4702
11173 123 6166
13476 45 2290
9724 22 1122
12368 54 2710
9226 99 4962
11971 21 1097
11972 42 2107
11721 20 1002
10584 296 14805
11059 22 1149
10725 123 6184
11116 44 2216
8771 8 440
9085 51 2574
10959 59 2961
13580 165 8271
13648 77 3896
10521 229 11491
8446 93 4687
13671 77 3867
8626 85 4277
8459 21 1089
11505 8 403
9146 27 1383
9344 252 12604
12016 414 20716
11628 121 6080
9587 578 28908
8668 43 2180
11271 18 933
9526 328 16428
8897 152 7642
9096 330 16502
12000 13 682
10647 142 7129
8666 335 16794
11132 2 131
10791 57 2886
12137 130 6534
9470 237 11868
10580 205 10274
8959 103 5187
10623 69 3451
11745 275 13758
9444 194 9740
9684 63 3177
9416 59 2995
11707 18 901
13668 82 4127
8751 116 5832
8922 2 128
9196 162 8109
9321 102 5137
11546 154 7730
9535 561 28058
10741 2 146
9704 75 3789
8995 92 4628
9063 187 9388
9702 246 12326
11637 158 7903
10663 89 4470
12495 63 3186
8714 158 7933
8920 37 1871
11969 107 5395
8787 39 1952
8680 226 11316
8433 111 5555
11728 111 5557
9669 304 15212
9470 99 4956
8902 55 2763
8906 89 4482
9556 24 1232
11979 24 1241
10540 36 1831
10570 5 282
13687 152 7626
9033 52 2630
9199 8 425
13491 58 2941
11969 107 5395
8987 4 205
10714 106 5348
10622 9 459
12020 32 1632
11973 0 50
8412 23 1178
11071 280 14029
9608 62 3110
10727 92 4648
9425 31 1576
11729 17 864
8813 66 3304
9500 587 29365
10647 142 7109
10929 45 2258
12514 68 3405
10640 26 1328
9620 279 13967
11507 89 4499
12004 275 13773
8578 16 849
11187 209 10492
11984 75 3751
12011 6 304
10864 82 4103
10884 225 11283
9226 253 12700
12508 169 8479
11169 19 971
9348 85 4280
11854 59 2977
13616 209 10473
9619 80 4014
10432 300 15023
9717 65 3267
9628 22 1139
8538 286 14317
9188 129 6499
10562 214 10714
10847 14 712
12000 78 3931
10355 130 6537
9494 322 16123
12529 99 4981
9404 40 2028
11984 180 9013
9546 247 12354
9194 93 4695
8806 94 4716
12066 121 6096
9586 327 16387
11095 276 13803
9507 33 1655
11080 281 14051
9564 521 26086
11965 294 14738
9295 7 384
12066 123 6176
12056 208 10415
11953 65 3286
11630 74 3736
10489 42 2147
8996 182 9103
9535 328 16403
13491 7 363
10439 176 8809
9289 358 17925
12418 59 2989
11776 14 745
11763 156 7815
11494 261 13092
9694 18 916
12045 83 4156
8899 89 4490
10484 120 6039
11111 26 1307
9464 75 3773
8441 7 395
10824 73 3690
9470 183 9157
10580 205 10274
9281 166 8313
9095 224 11250
11807 32 1620
9519 125 6291
8700 65 3280
9232 7 386
12485 156 7807
11639 53 2684
11973 166 8312
10625 336 16810
11186 286 14347
10445 15 769
10688 280 14011
10882 5 299
13467 177 8889
11545 33 1688
11909 169 8461
9724 24 1207
8975 63 3194
11169 19 985
11776 25 1291
12529 92 4615
12052 51 2594
9445 198 9915
11926 66 3346
12036 39 1959
12052 18 937
8675 51 2563
11090 113 5690
9297 222 11132
10924 120 6002
11169 223 11156
13693 33 1663
13642 89 4468
8455 45 2300
11991 184 9213
9582 10 529
9069 56 2847
13475 69 3453
9444 184 9212
11842 178 8934
8537 338 16910
13691 74 3750
9249 171 8568
9508 0 47
12143 13 663
13460 48 2402
9238 53 2665
10544 1 68
9679 149 7499
10432 308 15423
10990 8 425
12561 50 2516
11514 9 492
10379 32 1638
12378 40 2018
8680 161 8066
12497 41 2060
10952 256 12828
11611 9 466
11294 64 3210
12025 109 5471
11709 128 6446
10618 42 2136
11281 11 559
13623 50 2536
10781 266 13340
9603 525 26276
8905 191 9577
13642 116 5819
9483 212 10628
11066 22 1127
10669 118 5926
8751 33 1658
10762 42 2115
11872 199 9998
8666 120 6036
11591 3 171
9511 261 13095
9348 163 8156
11071 280 14037
13671 77 3883
10478 23 1179
11630 119 5952
11557 54 2723
13676 101 5099
8589 199 9977
11508 293 14659
13661 148 7430
10745 293 14666
10665 95 4761
8690 204 10239
12540 105 5275
10897 50 2511
11636 13 654
12482 31 1560
11169 9 471
10441 322 16107
12495 78 3914
8668 48 2441
12034 19 957
12075 45 2255
10362 41 2088
8903 38 1915
11780 106 5328
11791 80 4001
10432 300 15015
8693 13 673
10442 241 12065
12556 59 2991
11977 138 6919
9374 45 2287
11971 45 2251
10574 65 3296
12137 27 1352
12366 86 4305
12480 31 1595
12380 75 3772
11065 20 1028
9500 192 9646
11960 30 1544
13616 242 12136
11204 22 1117
8745 47 2386
10441 322 16107
13687 152 7626
9570 86 4326
12545 12 646
8799 78 3922
9033 22 1143
10937 42 2111
11559 45 2252
11721 131 6552
10719 149 7480
11972 42 2135
10747 59 2965
11726 295 14778
8448 116 5817
8666 335 16794
11815 87 4370
8810 65 3281
11780 106 5313
11848 333 16677
12056 251 12582
9425 28 1423
12137 71 3598
9499 53 2668
11537 126 6304
9512 457 22893
8926 14 725
11605 300 15032
10765 30 1518
12368 6 327
12069 4 223
8528 32 1604
8915 73 3651
10355 132 6619
12466 33 1675
12533 9 458
10771 43 2167
9615 195 9758
8786 22 1123
8841 5 284
8928 45 2278
11646 80 4002
10668 204 10236
12095 110 5513
11604 30 1506
13583 89 4476
11095 272 13626
11761 23 1181
10580 185 9286
12057 37 1863
9238 2 132
9336 8 447
12378 57 2870
12006 12 626
9479 94 4744
12057 22 1128
9321 51 2564
11821 103 5161
13475 69 3453
12137 19 975
12108 66 3348
9249 169 8488
10743 134 6721
12454 288 14423
9386 302 15131
9068 317 15884
8787 12 648
12380 7 369
9470 207 10396
9439 108 5406
8769 83 4154
10521 289 14462
9037 62 3124
10382 30 1540
10520 342 17104
9538 53 2674
10449 220 11013
11924 10 532
13468 18 913
9653 335 16773
11565 16 834
13503 172 8646
9144 78 3935
9269 64 3205
9470 143 7153
13479 50 2543
10974 104 5214
12137 71 3576
11291 247 12397
11186 153 7656
9658 54 2745
12429 2 114
9194 97 4862
12495 78 3914
12482 8 450
9338 26 1343
13471 12 636
9730 59 2988
13629 32 1648
10714 100 5033
11116 122 6138
8963 30 1502
9030 162 8149
10897 47 2385
10371 3 159
13471 13 676
9030 60 3013
10562 214 10721
10760 147 7381
13503 172 8626
10712 14 725
11832 133 6663
11201 20 1031
9346 35 1760
8476 28 1429
12442 71 3591
10972 18 914
11858 35 1751
10905 70 3531
10447 53 2685
8562 91 4600
11203 52 2632
11866 94 4746
9564 375 18796
12025 328 16428
11646 30 1516
11755 27 1396
11495 39 1955
10834 317 15890
9536 9 454
10660 109 5490
11064 176 8805
8448 116 5817
11537 126 6344
9529 220 11017
13583 54 2750
10833 60 3018
8697 218 10948
9068 283 14189
11134 134 6704
12382 159 7986
10483 113 5690
9305 47 2367
12485 73 3683
11095 159 7979
9239 119 5953
10911 27 1379
11086 268 13436
10735 260 13021
11027 265 13293
12080 182 9144
9030 108 5426
10974 139 6989
10538 213 10694
11728 111 5553
11540 86 4306
10800 225 11271
12139 136 6819
11901 33 1663
10672 150 7533
10897 122 6138
12552 48 2443
11638 1 93
11914 90 4546
10520 305 15251
8650 5 279
9717 231 11564
13614 132 6637
9505 191 9590
8650 26 1317
10800 5 271
12056 160 8013
9560 54 2711
9467 53 2681
8914 74 3750
10631 61 3051
9432 3 176
13465 89 4495
10578 238 11905
13517 5 276
11500 7 362
9567 97 4872
8751 35 1788
11832 133 6663
9669 274 13716
11971 25 1272
8701 217 10882
10796 288 14404
9292 22 1106
11977 71 3552
10929 45 2258
8807 172 8630
9486 23 1190
11972 60 3014
10833 158 7950
9215 258 12929
10569 115 5774
10601 22 1122
12042 62 3110
10640 25 1282
13665 19 988
13467 198 9926
12504 112 5615
9649 1 68
8739 44 2212
9289 35 1754
9602 643 32175
11709 51 2551
9464 129 6491
8971 132 6612
9467 55 2773
9726 126 6313
13650 0 36
11065 95 4790
9249 170 8509
11787 81 4078
11064 168 8439
9442 104 5218
9519 299 14980
8975 232 11622
10931 168 8447
12094 15 788
12046 61 3061
10648 145 7289
10520 345 17266
11119 22 1141
9637 281 14060
11591 48 2446
11820 60 3025
9310 111 5585
13635 1 53
11698 82 4124
10593 193 9663
10824 140 7045
12054 74 3721
9536 31 1563
9535 568 28402
10766 93 4683
11919 26 1316
9681 64 3227
12057 97 4897
8971 245 12283
10956 20 1004
9345 46 2349
11842 51 2582
9653 271 13599
8708 134 6707
11786 260 13015
11604 105 5268
11766 206 10306
12496 62 3150
11524 211 10553
11068 22 1111
8693 11 565
11535 83 4171
8562 52 2623
9538 612 30633
10647 151 7553
10444 34 1729
11646 31 1551
11709 50 2540
8796 141 7075
11561 59 2986
11282 44 2233
8460 24 1247
11134 36 1850
13478 58 2938
11865 21 1086
