7003 875 43797
5459 9 488
7003 480 24015
7021 456 22819
6426 20 1015
7008 1078 53933
7013 205 10271
7020 950 47514
7023 1249 62475
7010 610 30535
7001 1025 51289
6090 35 1769
5586 84 4207
7014 867 43377
6616 28 1425
7020 1580 79030
7003 123 6164
7017 522 26144
7018 178 8920
7019 437 21884
6362 83 4166
6080 89 4498
7021 466 23304
7001 1134 56716
7001 228 11447
7017 681 34083
7003 960 48031
7023 1346 67343
7025 295 14755
7020 417 20865
7054 598 29932
7014 34 1714
7049 1469 73482
7001 228 11435
7049 154 7732
7010 1485 74251
6826 47 2395
7008 1393 69653
7010 48 2407
6021 180 9003
7010 246 12305
7017 522 26125
7003 1375 68755
7049 822 41122
7023 700 35050
5452 41 2093
7047 48 2447
7010 651 32580
6573 29 1460
7049 679 33995
7049 1303 65196
7010 1042 52103
7004 1208 60434
7006 324 16244
7010 579 28999
7020 1725 86281
7049 1366 68311
7003 1437 71860
7008 885 44284
7008 734 36743
7018 743 37187
7001 264 13220
5564 192 9637
7001 998 49932
7049 988 49447
6882 195 9788
7010 1447 72388
7048 99 4951
7008 583 29180
7021 18 903
7046 102 5142
5921 14 743
5380 2 126
7016 211 10587
7003 232 11635
7054 1944 97205
7049 46 2317
7008 1393 69652
6426 22 1136
6756 42 2138
7008 1348 67404
7003 1346 67328
7020 927 46400
7048 38 1947
7023 654 32718
7055 230 11538
6785 19 951
7049 679 33962
7003 214 10722
7054 400 20024
7003 1339 66991
7047 110 5549
6696 8 428
7054 1728 86432
7017 905 45276
7013 206 10328
7006 588 29444
7008 1110 55512
7017 1119 55955
7008 1393 69651
6170 37 1883
5169 34 1742
7018 147 7365
7012 713 35666
6934 16 819
7001 1134 56744
6030 9 471
7018 776 38814
7025 88 4424
7026 700 35020
7003 1437 71895
6572 175 8800
6615 170 8541
5487 51 2599
7020 1051 52563
6751 29 1481
6548 0 1
7021 466 23304
7054 1009 50479
7048 81 4091
5185 78 3938
7021 748 37419
6528 17 874
7004 347 17372
7018 147 7386
7001 1080 54030
7049 988 49449
6081 4 225
6923 34 1745
7012 529 26477
6548 61 3079
7003 1346 67316
7055 717 35868
7017 1163 58193
6956 198 9921
7003 1032 51639
7001 210 10549
7025 385 19264
7025 445 22262
7006 85 4296
6934 15 786
7054 537 26897
7014 1121 56100
7003 1317 65867
7054 1710 85542
7049 399 19979
7049 732 36611
7017 299 14963
5608 11 556
6503 62 3140
7003 119 5978
7017 1637 81874
5519 148 7401
7054 1871 93551
7014 1184 59243
6483 9 485
7020 755 37789
7003 749 37498
5515 63 3164
7020 1135 56755
6751 28 1405
7054 537 26892
7012 1275 63775
7004 654 32701
6359 9 460
6527 109 5488
7017 994 49723
7008 890 44515
7023 1454 72701
7049 1934 96727
7013 187 9361
6211 206 10331
7010 1343 67189
7017 1591 79592
7400 140 7010
7054 1177 58883
6527 108 5430
6959 119 5974
6751 26 1348
7014 1121 56058
7054 1317 65895
6785 14 731
7001 379 18974
5216 52 2603
5581 38 1924
6366 82 4140
7017 1163 58179
7026 133 6651
7504 20 1031
5216 22 1134
7017 955 47772
7049 1417 70893
7003 31 1568
5519 147 7352
7012 529 26463
7020 1051 52563
7046 102 5134
7054 1159 57961
7017 675 33759
7008 1387 69398
6650 19 985
7008 746 37322
7010 1447 72351
7017 824 41206
7049 399 19980
7026 425 21276
6043 172 8645
7004 309 15497
7006 471 23566
7012 997 49881
6078 9 474
7020 1580 79026
7026 33 1691
7021 556 27802
7026 654 32735
7008 146 7330
7008 633 31692
6960 169 8467
7007 22 1136
7004 1622 81110
7023 1675 83782
6211 206 10349
6955 206 10333
7010 166 8336
7012 1061 53066
7017 828 41401
7047 110 5530
7010 1343 67155
7055 684 34205
7003 188 9413
7003 852 42601
7054 875 43765
6420 43 2158
7049 1216 60850
6050 7 399
7054 1250 62543
7018 41 2089
5564 191 9572
7054 1157 57860
6749 44 2234
7006 558 27927
6923 36 1830
7004 1208 60434
7001 418 20922
7010 610 30535
7048 81 4056
5019 113 5651
7012 781 39062
7049 1672 83604
6635 0 10
7023 1549 77457
7049 1303 65196
7001 823 41157
7020 1725 86253
7049 1967 98391
7014 1623 81152
7017 1004 50240
5019 108 5434
7008 1027 51381
7008 1051 52589
7004 253 12689
7054 537 26864
7010 1562 78142
7010 369 18468
7004 347 17372
7003 262 13126
7010 48 2416
7010 1270 63520
7054 1290 64505
7008 1393 69677
7023 362 18142
7054 1888 94440
7049 177 8859
6483 8 415
7012 1447 72369
7012 324 16236
4971 117 5874
5331 137 6856
7020 927 46367
7010 1447 72376
7003 1346 67316
7004 184 9226
7023 343 17166
6583 15 774
5077 20 1042
6614 157 7876
7003 1375 68758
6528 11 553
7020 1135 56751
5497 102 5139
7008 1321 66054
5154 124 6247
7051 67 3371
6882 199 9980
7654 10 530
7010 1556 77848
7049 924 46203
7014 1260 63041
7020 1725 86294
7008 1387 69373
7023 1378 68941
7014 1260 63012
7001 264 13207
7055 230 11524
7003 456 22838
7761 34 1710
7003 1318 65902
7049 971 48556
7001 185 9264
7012 892 44619
6572 171 8581
7017 440 22016
7055 174 8738
6827 108 5428
7003 643 32166
7008 885 44253
7012 302 15111
7021 15 791
7014 205 10297
6628 41 2085
7023 1068 53403
5906 122 6145
7023 337 16870
7001 866 43348
5921 16 829
7049 1222 61150
7049 2025 101296
7025 445 22273
7046 95 4778
6991 71 3555
7010 1485 74266
7010 220 11028
7055 175 8760
6794 22 1125
7020 1797 89887
7020 383 19160
7004 1340 67007
6827 109 5452
7014 1346 67346
7054 1273 63680
7001 264 13249
7012 19 991
7014 1640 82026
7012 1290 64540
6319 29 1461
7023 745 37258
7054 400 20002
7018 743 37170
6340 168 8415
6756 45 2276
6696 0 31
7010 513 25691
6102 38 1944
7048 125 6298
7004 1340 67018
6036 32 1613
7001 700 35029
7012 442 22150
5042 42 2107
7018 116 5833
7004 347 17378
7004 1268 63416
5459 9 488
7003 775 38774
6666 13 679
7017 1591 79555
6366 76 3832
6690 150 7518
7055 543 27179
7008 833 41671
7004 1525 76284
6951 24 1219
7016 23 1158
7019 31 1571
7001 682 34109
7010 651 32556
7004 1319 65967
7014 429 21455
7055 406 20304
7022 126 6306
7049 1627 81382
7003 1387 69377
7001 144 7229
7017 359 17999
7003 1734 86734
7022 126 6345
7017 1332 66643
6503 60 3044
7054 791 39593
7564 8 445
6483 1 56
6319 44 2212
7026 140 7035
7012 1290 64524
7003 1375 68785
7016 211 10596
7017 1748 87447
7012 1126 56306
7003 775 38754
6696 0 31
7026 381 19081
7010 1556 77835
6078 9 474
7021 456 22805
5459 5 288
7020 1117 55882
7054 1576 78817
5093 169 8495
5331 136 6827
7014 10 528
7021 295 14796
6795 7 363
7017 824 41224
7003 232 11616
6614 109 5479
6321 71 3574
7023 1899 94952
7049 270 13513
7008 890 44543
7001 480 24022
5459 175 8770
7012 1659 82973
6211 127 6384
7021 750 37534
7051 67 3396
6827 108 5440
7014 662 33111
7049 807 40368
7003 1050 52543
7019 445 22288
6090 35 1769
7023 1068 53436
5624 21 1055
7010 1270 63516
7004 1435 71784
6663 18 901
7003 775 38795
7016 196 9841
7055 569 28459
7003 1317 65868
7017 1163 58165
7049 2025 101273
6036 54 2730
7020 1884 94201
6959 125 6257
7001 1144 57240
7017 905 45299
5068 91 4584
7020 312 15637
7145 8 439
7019 445 22259
5195 29 1472
7026 108 5443
7025 295 14757
7049 1417 70875
7012 1035 51784
7006 486 24319
7020 199 9963
7049 46 2303
7054 1009 50466
7054 1646 82319
7001 866 43346
7046 95 4773
7020 207 10369
7026 531 26562
7004 1299 64973
7013 238 11929
7012 302 15141
7049 822 41126
7055 256 12841
7008 146 7327
6324 93 4680
5077 20 1026
7054 1177 58861
7008 72 3609
7017 875 43800
7010 1455 72787
7001 228 11435
6954 6 306
7010 1343 67155
5605 57 2880
5077 20 1042
7003 336 16827
5459 4 215
7012 708 35443
7004 1605 80291
7055 457 22891
6483 9 466
7017 1004 50212
7020 312 15601
7010 1270 63543
7008 890 44547
7017 123 6173
6548 1 63
6359 6 321
7016 106 5343
6078 1 65
7003 1437 71900
7014 1623 81164
5013 5 299
7054 1878 93933
7010 89 4470
7014 1062 53140
6483 8 415
7020 1349 67451
6951 23 1190
7011 302 15120
7054 537 26881
7010 1562 78148
7025 385 19254
6979 27 1369
7006 337 16856
7018 519 25975
7023 1068 53448
6319 44 2212
7014 367 18398
6211 206 10349
5891 152 7643
7023 300 15001
6912 193 9700
6826 46 2319
7400 140 7007
5586 84 4247
7020 1117 55868
7023 1249 62479
7020 43 2168
7003 852 42638
7010 1270 63516
6683 17 870
6140 35 1766
5497 106 5327
7013 40 2009
6812 6 303
7054 1710 85537
7054 1441 72097
6918 37 1859
7017 440 22033
6615 175 8754
7019 91 4560
6183 47 2400
7023 804 40219
7017 1458 72913
6444 38 1916
7003 1449 72458
7023 804 40230
6812 0 22
6507 46 2332
6697 104 5201
7049 270 13524
7049 2015 100784
7023 204 10220
7023 1881 94099
7010 89 4477
7054 1273 63689
6664 182 9150
6211 66 3347
6829 127 6397
6934 15 786
7020 1929 96473
5557 20 1003
7006 324 16235
7026 634 31712
5459 5 288
6697 104 5201
6366 79 3954
7018 526 26307
7020 1884 94201
7001 1144 57212
7055 739 36982
6991 68 3416
7474 144 7221
7019 230 11543
7019 286 14334
6426 24 1242
7049 1161 58086
7003 1387 69385
7012 288 14405
7001 480 24035
7055 457 22890
7049 270 13538
6620 149 7470
6572 59 2971
7001 353 17688
7003 232 11647
7026 108 5425
6211 72 3611
7003 1304 65245
5448 10 546
7055 256 12832
7021 378 18919
6955 205 10261
7021 422 21142
6362 83 4166
7001 819 40981
7017 1591 79596
7003 456 22836
6162 215 10756
6663 24 1211
6359 9 460
7017 939 46961
7054 1710 85508
7018 399 19968
7010 1447 72376
7021 32 1625
7006 486 24310
5093 161 8091
7055 457 22891
7019 373 18662
7021 466 23332
7018 975 48768
7014 1121 56058
7021 234 11716
7010 84 4250
7019 445 22275
6881 137 6853
7020 1117 55868
7055 175 8769
7010 48 2420
6334 3 152
7049 1744 87218
6589 110 5525
5459 175 8770
7012 997 49896
7004 1525 76294
7018 41 2074
6106 49 2491
7019 373 18676
6573 27 1365
7018 570 28510
7012 794 39706
7407 7 380
6829 128 6438
7004 1208 60409
7025 445 22274
6206 47 2396
5966 49 2482
7019 578 28908
7008 146 7332
7018 116 5835
5557 20 1003
7017 775 38759
7004 118 5916
7003 119 5988
6751 24 1215
7004 1622 81107
7008 72 3627
6090 77 3880
7004 901 45085
7003 1437 71893
7008 1244 62213
7014 10 533
7012 19 982
7003 784 39238
7003 1449 72474
7001 1080 54012
6303 125 6281
7006 337 16894
7019 466 23308
7026 700 35030
7003 1734 86728
5401 33 1653
7023 852 42640
7016 165 8282
6765 212 10610
7003 643 32173
6779 28 1413
7049 1750 87501
6956 198 9912
7026 728 36435
7023 1671 83572
6043 173 8662
7003 924 46209
7049 46 2303
7004 901 45065
6036 54 2736
7023 1934 96739
7003 1437 71854
7014 429 21498
7021 234 11740
7008 924 46228
7054 320 16004
7055 230 11538
7017 419 20955
5151 177 8859
7003 1513 75663
7003 960 48047
6090 43 2186
6080 94 4711
6956 193 9677
7016 267 13360
7003 188 9439
7054 1455 72799
7006 337 16866
7020 1349 67451
7054 1944 97230
6483 9 478
5452 44 2216
5608 11 556
7017 359 17966
7020 927 46367
7004 1660 83008
7026 700 35044
7008 1321 66074
7017 955 47783
7054 1888 94409
7021 471 23570
7010 727 36398
7008 144 7238
7008 102 5104
7010 710 35545
7010 48 2425
7008 885 44253
7010 1549 77462
7049 1967 98392
7017 1536 76846
6080 98 4945
6340 174 8701
7017 1119 55955
7046 41 2099
7001 208 10405
7054 1710 85507
7054 1273 63700
7008 994 49726
7020 383 19160
7003 232 11635
7054 1728 86436
7006 337 16894
7020 346 17326
7054 1269 63500
7010 19 978
7023 1454 72724
7020 1051 52595
5783 96 4828
6420 43 2158
7054 1888 94415
7012 1479 73995
6031 101 5073
6090 74 3739
7003 1743 87167
7054 320 16019
7023 1795 89793
7004 206 10322
7004 514 25730
6951 28 1403
7017 331 16598
7006 486 24341
7049 1469 73476
7012 1659 82973
6021 182 9150
7513 76 3829
7023 1579 78999
7023 1221 61068
7017 1133 56670
7026 700 35043
7001 144 7217
5459 9 487
7023 1378 68913
7003 400 20019
7007 22 1150
7012 997 49882
7054 1159 57992
6340 173 8669
7017 474 23716
7021 18 903
7010 19 985
7003 31 1568
5396 60 3035
7054 400 20024
7049 1055 52792
6401 13 695
7008 146 7330
5541 49 2464
6322 36 1812
7021 32 1616
6140 31 1594
6303 125 6281
7014 367 18352
7025 609 30485
6918 37 1886
6030 6 342
6635 1 96
6923 36 1830
7054 87 4392
7012 529 26490
7026 448 22449
6829 126 6340
7017 1119 55951
7004 347 17371
7025 435 21763
7003 1317 65897
7023 569 28457
7012 1730 86524
7001 732 36621
7054 643 32164
6632 55 2780
7055 739 36968
7008 1321 66058
6030 10 513
7017 448 22413
6683 11 579
7001 264 13240
7008 1110 55512
7049 2015 100784
6632 55 2780
6837 1 95
7054 791 39597
7020 1827 91360
7017 1119 55951
7049 46 2340
7003 1317 65873
7023 510 25524
7010 1562 78108
7012 324 16239
7055 230 11502
7017 474 23726
6319 30 1513
7008 777 38889
6322 40 2026
6503 58 2913
7049 679 33971
7008 885 44253
6359 3 199
7017 1232 61623
7023 343 17175
7017 1119 55974
7017 440 22020
6975 66 3317
7026 140 7026
6650 17 867
7055 457 22859
7012 892 44628
7055 354 17741
6779 28 1413
5036 27 1364
7504 16 812
7017 1133 56675
7017 359 17978
7018 178 8911
7012 1126 56336
7020 1762 88103
7049 596 29829
7014 1270 63502
7019 445 22278
7021 348 17420
7010 1421 71094
5441 88 4426
7046 22 1119
7018 178 8939
5195 29 1472
7021 748 37441
7004 1622 81107
7008 734 36743
7008 146 7313
6423 75 3771
6853 104 5233
7014 515 25779
7020 1903 95192
6620 127 6397
7020 1156 57833
5036 25 1253
7054 912 45634
7019 210 10535
7049 700 35044
5564 191 9572
7049 1750 87538
6664 121 6064
7010 1390 69501
7054 912 45634
7010 1366 68304
6663 45 2268
4957 148 7420
6689 26 1329
7003 1375 68754
7008 583 29159
7018 178 8917
5216 52 2603
7006 471 23582
7003 480 24030
7001 228 11406
7016 152 7639
6812 8 408
7013 185 9274
5036 28 1422
7008 1029 51465
7019 578 28936
7021 748 37436
7010 1562 78141
7019 157 7896
7014 1640 82027
7054 1944 97220
7003 1339 66952
7010 579 28954
6837 5 276
7025 445 22273
6632 55 2784
7012 442 22119
7016 196 9841
7017 1133 56673
6031 101 5081
7049 988 49447
7019 31 1573
6527 104 5230
7004 729 36492
7055 256 12848
7017 665 33256
5216 22 1140
5497 107 5364
7054 1480 74021
5229 9 490
7021 748 37436
5036 28 1422
5605 57 2880
5000 40 2004
6483 7 388
6098 47 2382
7019 210 10510
7054 87 4376
6779 28 1413
7010 1366 68304
5013 5 299
6170 33 1665
7054 1269 63476
6968 3 162
7001 977 48891
7003 123 6183
7020 417 20896
6992 11 588
6882 154 7725
7017 665 33292
7020 1852 92603
7008 102 5114
7010 1545 77262
7003 31 1577
7025 88 4441
7018 975 48768
7020 755 37786
6503 57 2877
6664 182 9129
7004 1121 56069
7008 924 46227
6756 42 2139
7003 700 35008
7023 1671 83578
7023 1454 72735
7017 225 11270
6090 78 3929
6334 3 166
7018 178 8939
7054 643 32172
7046 35 1792
7023 225 11251
7017 440 22035
7008 589 29466
6829 127 6397
6426 22 1136
7054 537 26872
7010 166 8330
7004 1624 81232
7103 13 662
7046 41 2057
7004 253 12673
7010 610 30540
7014 10 523
7026 52 2606
7012 708 35444
5331 133 6664
7008 786 39308
5515 63 3164
7707 7 385
7017 665 33265
7055 717 35853
7023 1795 89793
7001 511 25561
7010 220 11024
7014 144 7211
7012 1061 53059
7001 376 18840
7003 1375 68793
7008 133 6697
7020 1135 56751
7008 226 11306
7012 246 12320
7017 522 26104
7018 481 24088
7055 43 2196
6527 113 5679
6366 17 855
7049 1469 73469
7049 1161 58071
7013 205 10251
7023 300 15009
7021 750 37525
7023 510 25504
7003 43 2183
5380 2 126
6981 38 1949
7008 510 25515
6379 33 1665
6036 32 1613
7004 1340 67013
7003 1304 65222
7049 154 7743
5340 92 4634
7055 690 34520
7020 1903 95164
7054 1441 72077
7008 1078 53924
5608 2 147
7008 145 7252
7003 1317 65897
7021 378 18912
7004 901 45081
7017 877 43853
6794 18 939
6837 5 289
7003 852 42630
7017 1536 76820
6340 169 8468
7021 761 38062
7014 1062 53138
7025 250 12529
7023 1675 83769
7017 1748 87433
5157 100 5046
7001 376 18810
7003 960 48028
7055 543 27179
7026 654 32735
7021 404 20204
7025 385 19274
7008 1027 51381
7004 527 26400
6827 110 5545
5169 36 1834
7017 1536 76823
7054 537 26897
7003 363 18200
7008 146 7324
6689 29 1465
7020 1612 80631
7023 192 9611
7008 144 7201
7020 331 16568
7055 690 34518
7003 456 22836
7023 1776 88829
7004 1340 67018
7021 692 34618
6954 3 173
7001 977 48863
5339 94 4731
6050 7 375
6683 17 883
6828 166 8323
5106 181 9082
7025 435 21762
7003 1413 70663
7049 679 33966
5586 146 7305
7014 1346 67350
7003 31 1588
7025 609 30477
5229 4 221
5452 40 2014
7017 827 41387
6812 8 430
6859 144 7202
7026 52 2607
7055 205 10294
7026 700 35044
7008 195 9792
7010 84 4212
6206 43 2165
7055 684 34233
7023 77 3876
6043 173 8662
7010 1545 77293
7008 1387 69373
6379 39 1965
6689 36 1811
7003 119 5951
6366 17 855
6916 123 6178
7004 1299 64987
6334 3 154
7001 480 24021
7054 1480 74041
6021 182 9141
7006 308 15419
7008 146 7349
6616 23 1186
7020 950 47514
7017 1163 58172
6036 54 2736
4971 117 5862
7006 486 24310
6992 12 633
4998 132 6637
7019 206 10317
7003 1437 71895
5608 5 293
7023 1068 53409
7018 776 38814
7020 851 42574
7021 18 903
5154 118 5950
6503 60 3049
6423 75 3771
6663 50 2546
7014 212 10618
7026 448 22415
6030 10 513
5965 31 1593
7442 0 15
7017 440 22026
7017 955 47756
7018 570 28522
7049 1161 58069
6548 0 6
7018 570 28522
7026 52 2607
7022 126 6306
5452 45 2276
7008 144 7229
7054 875 43796
7003 1318 65910
7014 1054 52738
7003 1032 51610
7017 827 41355
7017 827 41387
7003 119 5953
7014 1214 60718
7049 1417 70885
7023 343 17166
7017 827 41372
7049 1744 87213
5340 98 4935
7023 487 24390
7012 708 35420
7012 1485 74277
6503 58 2913
7020 903 45174
6881 97 4878
7049 385 19263
7003 932 46608
7049 1854 92705
6826 43 2194
6884 32 1632
7003 411 20556
6812 8 444
6749 44 2234
7018 602 30128
5154 166 8309
7003 1449 72474
6991 69 3458
6324 90 4549
7017 675 33762
7021 513 25668
7014 1260 63012
6975 64 3245
7017 474 23730
7021 456 22809
5013 5 299
7012 1290 64550
7025 445 22281
7011 302 15140
7018 519 25974
7010 343 17198
7049 807 40393
6918 66 3340
7054 1728 86423
7013 40 2029
7010 651 32556
7049 822 41113
6173 34 1749
7012 708 35411
7025 88 4407
7026 448 22440
6992 12 624
7003 1318 65925
7048 99 4957
7055 827 41351
7012 1730 86524
6631 32 1609
6444 38 1940
7008 889 44471
6827 101 5100
7014 1623 81152
7017 775 38785
7008 1393 69653
7018 602 30113
5586 140 7017
5340 93 4688
6441 61 3070
7020 755 37792
7054 875 43759
7023 805 40257
6687 196 9824
6960 169 8462
7004 206 10322
7008 146 7324
7010 52 2626
7046 18 948
7012 1485 74292
7004 654 32738
7054 400 20021
6664 193 9676
7018 178 8909
7023 1579 78957
5487 51 2581
7003 1318 65928
7001 353 17653
7026 518 25909
6334 10 545
7013 238 11947
6199 75 3796
5921 16 829
7023 1781 89073
7025 385 19283
7014 1331 66563
7004 1340 67019
7014 1346 67346
6211 207 10390
7003 188 9439
7025 295 14757
7055 490 24537
7010 84 4243
7014 1270 63547
7055 490 24525
7023 1776 88803
7049 988 49416
7019 466 23313
7049 700 35049
7001 376 18802
7054 223 11176
7001 1134 56725
7004 1278 63901
7010 166 8318
7054 1778 88901
7017 656 32801
6036 56 2839
6036 53 2664
7054 1157 57860
7055 205 10255
5441 3 192
7020 504 25236
6483 7 373
7004 1605 80290
6321 64 3219
7023 337 16870
7004 1138 56948
7020 851 42593
5013 3 164
7054 1441 72077
7014 1260 63024
7055 690 34507
7008 786 39309
5042 48 2435
7013 238 11947
6050 7 399
6918 68 3418
6749 44 2230
6696 0 31
7017 331 16576
7020 312 15633
7020 43 2162
7017 419 20990
7055 406 20304
7014 1214 60724
7049 1222 61104
7006 471 23581
5013 5 299
7003 852 42649
6664 182 9109
7010 1549 77479
7046 35 1757
6340 175 8780
6572 175 8800
7026 728 36435
7010 1556 77848
7019 445 22251
6211 69 3457
6956 197 9861
6689 34 1716
7054 1944 97220
5155 89 4478
6653 125 6295
6098 47 2382
7008 1393 69690
6632 33 1657
5448 10 546
7018 178 8948
7054 320 16048
7026 52 2606
7004 1435 71784
7026 108 5429
6170 36 1842
7049 1750 87506
7001 153 7685
7025 272 13647
7010 1366 68328
7012 1035 51777
7012 990 49518
7021 348 17443
7055 406 20302
7019 373 18692
7049 700 35006
7001 26 1327
6036 32 1613
6572 56 2845
5169 34 1742
7020 1156 57812
7017 1119 55955
7017 1723 86178
6666 13 679
6366 76 3832
7049 696 34822
7049 1744 87249
7001 977 48856
7003 700 35047
7019 373 18692
7017 47 2399
7003 1449 72500
7003 214 10730
5458 159 7969
7054 643 32181
6616 24 1203
5564 191 9572
7055 230 11528
7019 578 28936
6751 30 1525
7008 786 39309
7010 1556 77805
7049 177 8879
7021 32 1625
7054 1273 63699
7048 81 4061
6548 0 42
7400 140 7010
7017 225 11294
7020 1258 62945
7054 1290 64505
7003 456 22814
7055 256 12848
7019 213 10656
7003 336 16806
7026 176 8821
7020 842 42147
7135 71 3555
7012 1061 53058
5169 37 1869
7003 119 5953
7012 1726 86320
7014 205 10255
7054 598 29937
7014 653 32653
7010 610 30526
6211 71 3581
7001 144 7229
7055 175 8776
7054 1273 63666
7049 1750 87520
7513 73 3666
7013 154 7723
6923 30 1523
7628 133 6665
7001 511 25561
7001 732 36620
7017 824 41207
5441 90 4542
5339 96 4811
7017 522 26118
6420 46 2302
7020 417 20896
7010 513 25692
5077 20 1029
7001 700 35020
6968 2 120
7017 681 34081
7008 1470 73505
7018 147 7386
7017 1458 72915
7010 1421 71088
7014 1640 82026
6635 1 91
7003 1050 52520
7003 875 43770
7021 750 37534
6696 0 31
7054 1577 78893
6829 128 6438
7003 1437 71881
7025 295 14800
7003 456 22841
5155 89 4500
7010 651 32570
6036 28 1443
7047 48 2418
6036 54 2712
6334 3 166
5013 28 1409
7003 551 27578
5977 200 10007
7014 216 10850
7013 205 10297
7003 1044 52237
7019 437 21884
7026 176 8812
7017 853 42693
4983 6 322
5339 40 2047
7023 805 40257
6589 109 5462
7003 1044 52237
7055 43 2200
6981 66 3317
7004 1319 65967
7008 102 5104
7023 1548 77436
6503 62 3140
7003 1044 52228
7020 950 47548
6441 61 3070
7004 1138 56913
7003 700 35008
7020 504 25207
7054 1269 63492
6991 66 3301
7020 383 19184
6362 84 4204
7010 89 4478
6756 44 2225
6090 74 3739
7026 448 22418
5452 41 2093
6696 0 31
7001 998 49932
7014 1728 86434
7001 542 27138
7017 1002 50135
7048 99 4979
5996 27 1369
5013 20 1003
7001 700 35047
7049 399 19953
6340 174 8723
6991 71 3598
6420 40 2027
7006 588 29446
7026 108 5401
7049 1750 87532
7004 527 26400
7019 118 5939
7054 400 20024
7017 1119 55993
7145 12 630
6090 39 1971
7010 1568 78414
5515 62 3139
7008 133 6676
7003 1437 71895
6979 24 1234
5000 37 1887
7003 228 11408
7021 750 37517
6663 174 8720
7019 213 10656
7008 280 14027
7054 1290 64506
7012 1035 51784
7012 288 14405
7012 997 49851
6107 21 1097
6589 104 5209
7004 1011 50566
7047 110 5519
7003 1044 52242
7017 1459 72979
6483 3 181
7025 272 13623
7025 507 25377
7003 80 4033
6829 123 6158
7054 239 11963
7004 1340 67013
6960 166 8348
7003 1413 70653
7008 890 44533
7013 187 9386
7021 782 39120
5042 48 2435
6829 129 6485
6614 110 5504
7023 1378 68921
7014 150 7527
5154 118 5933
7055 174 8747
7010 19 978
6827 109 5452
6664 179 8953
6589 110 5525
7026 133 6671
7003 480 24030
5065 2 110
6507 47 2370
7017 675 33766
7001 511 25593
6951 29 1479
7021 773 38673
7018 41 2094
7049 614 30718
7001 998 49932
6616 25 1287
7020 312 15618
6211 206 10331
7023 337 16900
7006 85 4296
7055 230 11509
7048 125 6280
7054 1888 94450
7026 774 38728
7012 708 35411
6837 9 459
7003 262 13126
7004 1275 63779
6548 0 37
7001 566 28307
7010 84 4211
7001 324 16201
7001 511 25598
7018 147 7365
7049 1854 92724
5065 28 1405
7023 852 42635
7023 1346 67322
7014 1214 60707
7019 466 23321
7003 1050 52520
7020 346 17330
5093 165 8259
7012 1659 82973
7003 363 18167
7054 1577 78891
6407 92 4631
5783 97 4883
7049 1627 81388
7023 1454 72704
6420 43 2158
7012 302 15129
6954 6 346
5608 11 586
7003 119 5957
7023 1249 62469
7054 1269 63466
7282 34 1714
7055 230 11502
7017 1232 61603
7049 1469 73476
7055 739 36976
6572 56 2849
7010 138 6926
6923 33 1678
6955 209 10466
5433 158 7944
6322 43 2195
7025 609 30457
7013 187 9385
7004 1023 51160
6756 153 7675
6572 171 8587
7003 1318 65928
7003 456 22814
6140 27 1370
6616 28 1434
6615 168 8402
7001 480 24019
7023 467 23385
7046 35 1789
7004 1525 76263
7021 579 28972
7026 634 31730
6981 128 6404
7017 1748 87426
6979 21 1056
7010 1545 77260
6059 49 2498
7008 144 7203
7023 300 15001
7046 35 1757
7004 1525 76251
7017 448 22440
7026 176 8828
7017 1002 50110
7054 1878 93943
7008 195 9756
7006 440 22042
7054 1157 57891
7055 175 8759
4998 132 6637
7023 804 40225
6960 166 8348
7414 42 2104
6882 195 9770
6441 58 2946
6628 42 2104
5380 6 308
7008 1110 55542
6751 23 1161
7003 214 10714
7008 226 11342
6801 154 7725
7025 435 21778
7017 1591 79565
6936 157 7861
7012 1275 63793
7021 750 37517
7019 91 4556
7055 490 24522
6837 7 383
6954 7 383
7020 312 15629
5042 46 2301
6211 68 3405
7014 1331 66572
7014 1411 70574
7023 654 32749
6664 118 5923
7018 863 43158
6696 5 282
7016 152 7608
7021 557 27865
7023 1068 53447
7001 866 43325
7049 1927 96379
7046 102 5132
7054 1944 97223
7016 165 8294
6782 0 30
5977 199 9978
6170 36 1842
5459 175 8785
6785 14 731
6930 20 1022
7023 1549 77455
6030 6 342
7026 381 19065
6021 93 4672
7004 1275 63770
6319 46 2328
7008 103 5154
7001 532 26604
6689 36 1811
6632 33 1657
7003 1318 65920
7020 1903 95171
7017 1748 87433
7013 185 9268
