9362 73 3686
10771 40 2050
10841 87 4392
9033 25 1258
12016 414 20716
8688 101 5056
9567 276 13830
9500 512 25630
11867 108 5435
11965 294 14729
9511 516 25831
12566 162 8125
11852 13 661
12073 17 852
11953 13 665
8806 94 4716
10584 99 4969
10901 17 862
10438 130 6549
10442 239 11953
9067 78 3949
10897 44 2222
10755 48 2431
13691 142 7114
11112 132 6642
9063 284 14234
9538 447 22382
9481 172 8637
11911 33 1699
10791 57 2886
12374 186 9314
12529 92 4645
12066 25 1293
13580 1 59
11933 32 1619
9536 94 4706
11815 203 10189
9608 104 5204
11283 112 5615
8646 32 1624
9479 94 4744
12083 84 4218
11119 22 1141
12004 123 6187
12006 12 605
9293 11 574
12425 41 2083
8697 254 12745
12145 165 8266
10843 95 4792
8841 5 257
8771 7 386
10578 238 11930
11974 103 5152
9499 485 24277
13479 97 4899
9297 249 12459
9437 292 14634
8888 130 6501
11505 14 724
9511 261 13095
9562 236 11808
8446 91 4569
10761 0 34
8668 47 2391
9470 178 8924
11984 100 5021
12514 62 3116
10533 107 5374
9586 326 16341
9617 125 6294
10436 11 569
12495 103 5163
11197 27 1385
12071 106 5322
11934 120 6015
12377 9 494
10910 51 2596
10804 76 3847
9226 253 12700
9410 81 4099
10599 128 6431
13683 85 4261
12145 165 8251
10756 95 4800
13629 177 8884
12103 2 145
9590 116 5815
11776 14 747
8476 28 1444
9610 28 1425
8454 25 1283
12368 6 320
13616 326 16342
10937 45 2259
10857 147 7387
12036 39 1970
11921 273 13683
8903 37 1877
9238 53 2665
10486 56 2819
13583 92 4617
12495 78 3914
12480 122 6107
11774 65 3261
10665 80 4020
13675 81 4064
11531 189 9483
9188 68 3406
9653 335 16773
9324 66 3330
10480 273 13690
10521 22 1148
10646 187 9398
9207 54 2723
10693 143 7164
11508 144 7243
8748 112 5617
9587 573 28651
10597 59 2967
8917 317 15860
11589 123 6183
8806 21 1068
9410 83 4197
8770 145 7251
9515 70 3531
8547 9 461
10578 151 7585
8650 60 3049
10781 88 4421
11614 96 4803
11081 11 566
11809 24 1243
10725 303 15157
12052 2 128
11833 256 12802
9621 54 2724
13480 50 2536
11618 198 9941
8764 144 7221
11150 44 2213
10696 253 12686
13583 73 3673
8666 335 16794
8617 83 4154
11494 50 2541
11135 7 359
11664 64 3237
9653 147 7376
10847 13 692
9615 196 9817
10928 143 7170
8666 107 5364
10538 216 10830
11095 272 13626
11120 154 7728
9281 166 8344
8836 74 3737
10680 72 3647
11139 100 5004
11707 161 8094
10520 118 5913
9706 13 682
8650 2 122
11213 80 4027
13510 8 444
9669 274 13737
9404 39 1957
9249 254 12717
8697 138 6926
9717 65 3267
11921 134 6750
11285 50 2546
11213 16 803
8704 0 6
10501 197 9880
8894 146 7328
11198 290 14547
10884 225 11283
12004 123 6187
13614 75 3783
9482 229 11453
10475 21 1069
9410 18 949
9536 8 429
10674 27 1375
13630 46 2317
10484 59 2973
12016 210 10531
11169 126 6346
11906 204 10241
9535 569 28453
13647 15 787
10713 4 245
10599 130 6507
12539 73 3676
10533 126 6333
9564 516 25808
12053 5 279
11264 82 4133
10824 140 7045
8562 91 4596
11169 19 971
9529 234 11740
9644 52 2649
10521 229 11491
12556 101 5053
8791 3 199
9517 63 3200
13676 27 1393
11707 177 8867
10768 59 2985
11068 50 2534
9277 121 6097
12506 109 5474
12514 62 3109
12561 50 2516
13547 41 2086
10567 263 13186
10885 23 1169
8971 246 12349
10479 17 862
12545 12 646
11064 116 5804
11540 84 4206
9089 38 1923
11495 26 1333
11931 33 1653
9030 162 8149
8487 0 39
10595 42 2109
9554 18 942
11674 6 316
10712 124 6219
9726 354 17716
9199 8 425
8908 2 120
9545 109 5497
9640 127 6397
13469 68 3425
8476 4 218
11537 126 6304
11086 14 747
12094 15 788
12111 5 254
9049 16 834
11913 65 3292
11713 137 6885
12139 136 6820
10761 4 202
11278 54 2734
10488 34 1720
10952 256 12828
8648 274 13739
11291 247 12397
8860 14 707
8465 273 13660
11842 178 8934
12091 395 19778
13480 78 3949
11738 135 6766
12145 165 8274
10688 276 13804
11656 41 2054
10800 5 286
11270 46 2307
12540 105 5275
11041 54 2713
11029 38 1942
10760 208 10436
10696 253 12686
11846 107 5354
11087 58 2910
9511 518 25934
8446 95 4792
12504 178 8915
11759 39 1985
9479 214 10737
9765 82 4144
11565 281 14074
11237 12 609
8460 260 13005
11278 322 16146
9240 54 2734
11844 169 8457
8687 275 13798
8700 35 1762
10505 75 3753
9608 62 3110
13660 255 12789
9586 325 16276
12441 384 19206
11726 304 15204
9386 333 16693
10974 138 6902
9515 70 3531
10993 9 473
9592 134 6715
8996 322 16120
9370 236 11846
8747 156 7835
12422 188 9416
13580 165 8269
11095 0 12
9724 22 1122
9297 243 12151
12556 45 2279
11644 25 1273
11815 221 11095
11094 42 2150
9669 307 15380
9349 118 5928
9079 76 3832
11087 6 301
11848 127 6357
8720 47 2389
11769 96 4844
10563 185 9285
9519 120 6031
9341 252 12608
8789 85 4271
9215 99 4963
13661 148 7430
11763 211 10569
11608 164 8218
8702 107 5355
9504 31 1583
9567 260 13018
11134 72 3614
12497 165 8263
8445 73 3692
10593 193 9663
8936 157 7884
9307 58 2945
12080 182 9144
9341 229 11456
9486 23 1190
10921 137 6856
9454 113 5665
13475 69 3453
9601 461 23053
12077 11 591
10757 134 6714
12052 46 2301
10688 13 682
9232 4 240
10735 257 12868
9362 158 7922
11169 68 3431
11094 167 8379
13520 124 6205
13629 17 900
10833 17 880
11848 48 2406
8770 108 5434
11532 102 5138
8650 5 279
11116 27 1367
11605 32 1621
10800 221 11065
9470 237 11868
11726 295 14778
12382 231 11594
13583 58 2915
11846 100 5005
9567 98 4914
9512 461 23069
13635 32 1630
11976 86 4326
12554 71 3588
9331 17 871
11081 1 78
11512 119 5980
13687 73 3673
12495 229 11467
10520 345 17266
13668 32 1611
10735 253 12666
12442 142 7145
11947 94 4727
11283 103 5170
9356 14 741
9065 116 5821
9535 305 15285
8697 218 10948
8817 13 675
9440 225 11295
10432 292 14639
11678 333 16658
10493 111 5561
8905 213 10678
9370 184 9211
9603 271 13553
11984 10 523
11963 106 5313
12137 27 1377
12406 2 120
12041 67 3378
11604 105 5282
9311 131 6565
11557 54 2723
13580 10 524
10688 14 701
9410 86 4307
11879 139 6954
12052 50 2545
9684 62 3150
8836 70 3511
9538 361 18097
12071 37 1887
13671 77 3867
9470 99 4956
8529 197 9899
12514 68 3405
11881 90 4534
9331 15 770
11786 261 13099
9226 99 4962
10781 88 4421
10355 132 6614
11984 176 8803
11080 139 6971
9725 60 3021
9075 269 13479
11763 151 7554
9026 52 2642
13644 30 1516
10665 137 6896
12561 226 11313
9096 329 16461
11505 28 1412
13453 30 1502
10857 196 9811
12380 186 9345
12401 22 1112
11947 41 2092
13616 2 126
11723 272 13601
11134 36 1811
12073 28 1413
12430 33 1667
8455 6 302
10952 170 8528
10741 2 145
11936 10 504
10436 273 13700
13471 0 12
12418 3 159
8991 6 344
12369 9 451
9292 22 1106
8810 65 3296
11529 216 10833
9500 587 29365
12091 236 11826
9009 203 10200
10599 130 6539
9445 211 10558
10563 185 9279
8856 9 490
9499 53 2668
9113 10 522
11094 186 9347
9201 240 12047
11204 22 1117
11508 116 5814
11064 206 10340
12054 148 7404
11707 18 901
11108 5 288
9194 98 4911
11865 21 1086
12053 5 270
10966 15 776
10994 212 10632
8648 153 7674
12418 59 2956
13648 77 3896
10643 2 114
10490 29 1473
11728 131 6600
8769 83 4154
12071 140 7040
10489 25 1256
13477 60 3043
8548 92 4605
10308 63 3152
8922 2 128
8578 198 9927
11604 30 1506
10598 7 360
9075 286 14344
10744 96 4818
12534 36 1849
10716 32 1618
11865 17 883
13629 24 1238
12495 90 4550
9519 235 11779
11086 139 6991
11930 321 16067
8746 199 9958
9033 125 6300
8995 98 4948
8649 58 2932
11091 111 5576
12545 71 3567
11927 189 9496
9447 77 3887
10578 238 11915
11832 24 1214
10390 26 1328
10445 15 769
13688 44 2250
9556 24 1232
13582 45 2264
9437 301 15056
13656 11 579
10725 170 8535
10822 5 255
11787 81 4078
11568 29 1457
10713 5 283
11841 31 1566
11852 15 791
10974 177 8888
11959 67 3370
13467 198 9926
10689 42 2149
11707 18 938
8626 44 2210
10432 306 15317
8589 193 9676
11866 2 140
10712 17 866
10998 12 610
11551 11 578
13616 337 16885
13678 55 2781
11858 35 1790
11845 175 8800
11090 132 6641
10733 53 2668
10952 9 468
8917 319 15977
11762 253 12688
9072 8 410
9538 11 585
12374 186 9311
12558 73 3673
10952 252 12624
9536 9 454
12127 3 200
9079 88 4421
12379 60 3031
11584 108 5402
9305 47 2367
9344 252 12604
11182 47 2375
11296 41 2070
9524 5 272
13674 49 2467
10592 93 4696
9024 75 3800
10432 301 15087
12566 279 13951
9386 43 2159
13461 11 587
9536 8 429
9554 18 942
12545 78 3902
9565 16 817
10762 42 2115
8894 105 5263
8784 119 5984
9621 5 262
12533 73 3674
10693 210 10501
10696 199 9969
8538 126 6303
9563 496 24831
12545 12 618
9653 336 16803
8650 3 153
11687 118 5930
10803 49 2498
8465 275 13789
9079 39 1989
9619 80 4014
8714 23 1189
8690 117 5852
11553 56 2807
9603 166 8348
13467 177 8889
10883 121 6094
12020 32 1618
8915 73 3651
10857 196 9837
11691 146 7326
9437 63 3163
9470 293 14685
9556 25 1261
9033 22 1143
10952 169 8482
12505 94 4712
9474 98 4924
13510 8 444
8469 37 1878
13472 5 296
10660 109 5490
8666 48 2444
10974 139 6971
10685 22 1112
8701 217 10884
9590 70 3531
11087 6 301
8490 59 2990
13529 10 519
10565 38 1946
11833 79 3973
11611 9 466
12039 278 13917
12442 98 4944
9447 78 3921
8587 6 320
9307 57 2900
12094 10 545
9245 345 17267
11291 97 4856
12380 7 377
11086 268 13402
11290 233 11692
10918 9 486
11229 7 396
9534 155 7772
11278 121 6099
10442 159 7959
8693 13 673
10772 338 16940
9511 444 22224
11494 99 4962
12025 35 1757
9515 511 25600
9385 205 10291
9523 223 11188
13626 21 1078
13561 53 2664
11574 30 1527
12438 88 4419
11111 26 1307
10592 333 16681
10884 28 1435
10841 105 5253
11965 112 5642
11081 59 2973
10688 94 4736
10901 68 3407
10538 215 10776
9525 188 9427
11867 108 5435
8590 196 9826
10484 58 2946
9563 451 22576
13540 111 5551
13491 99 4978
12516 6 313
11776 14 745
10846 319 15954
13678 113 5696
11609 216 10816
9704 141 7052
8666 266 13306
9618 155 7774
9356 117 5871
10929 45 2258
8975 63 3194
12071 240 12013
11029 37 1864
13661 43 2170
12000 78 3931
9656 160 8013
12073 199 9960
9461 45 2262
13635 32 1618
12041 135 6751
13690 21 1075
8918 94 4747
11154 30 1544
12506 132 6604
8431 17 887
8806 21 1082
13691 104 5233
11601 4 201
9467 268 13410
11108 26 1314
9297 218 10923
13454 37 1886
10669 118 5926
10961 11 555
12451 74 3711
9597 344 17250
11546 154 7730
9546 66 3314
10490 177 8859
12056 232 11637
9217 117 5862
11169 223 11156
12426 85 4259
13638 224 11232
11759 236 11841
11614 30 1547
11644 140 7023
8666 267 13395
12556 59 2991
10843 77 3869
9649 110 5545
12031 0 16
11984 180 9013
10631 61 3051
9512 555 27760
10974 104 5214
9538 453 22685
9542 149 7470
8841 5 284
9675 51 2569
10379 32 1638
13510 8 407
10445 15 771
11088 41 2081
12565 137 6874
11713 212 10636
10737 259 12992
10724 181 9056
11591 91 4586
11885 98 4906
12086 63 3193
11991 69 3464
13635 1 53
8719 264 13250
11960 32 1622
8975 126 6306
11535 58 2909
12025 35 1757
11512 32 1629
10355 130 6537
9002 293 14684
11090 179 8980
9336 266 13350
13565 107 5359
8537 261 13059
9494 39 1956
10688 224 11218
9724 21 1064
12056 160 8013
11779 189 9475
11854 38 1932
8693 11 595
11553 143 7167
10940 32 1610
8709 121 6056
8538 286 14317
11848 268 13439
10743 134 6721
10821 213 10679
9392 55 2797
10382 29 1460
8650 2 105
11514 24 1209
12565 397 19859
10729 53 2696
10538 213 10694
8964 109 5476
8926 11 591
13661 227 11396
10906 181 9065
10649 137 6859
12374 5 265
12541 20 1014
11881 90 4519
9470 237 11868
13661 43 2164
11096 61 3064
11917 16 818
13688 44 2250
8995 90 4504
11581 85 4267
13638 182 9121
10533 126 6332
11504 34 1744
9538 447 22382
10687 164 8240
9188 129 6499
10578 238 11905
12091 395 19782
10747 191 9579
8455 167 8360
10669 16 835
11674 66 3314
8751 86 4349
10905 100 5010
11215 72 3624
12016 119 5961
11235 6 328
12442 65 3272
11991 127 6379
10648 25 1262
10803 284 14249
8959 230 11548
10843 76 3820
12056 160 8037
10625 176 8814
10931 320 16017
13583 219 10972
13580 24 1225
10444 34 1729
10931 322 16105
11926 127 6384
11721 74 3703
12404 65 3265
12380 69 3489
12495 90 4550
9545 56 2842
8787 12 648
10490 176 8805
8666 106 5341
11820 60 3025
11282 2 102
12075 129 6452
10520 305 15251
9618 266 13307
13540 35 1795
10603 39 1977
10959 62 3136
10714 68 3444
12514 62 3102
12025 215 10775
11545 177 8871
13565 81 4088
12143 13 655
13471 12 636
11025 110 5506
10833 57 2862
10490 191 9581
8791 0 4
8906 96 4816
11278 98 4948
12441 300 15025
8513 10 547
10432 302 15116
8708 103 5177
9266 3 192
9379 142 7137
8460 30 1520
10725 28 1428
11108 54 2706
8690 116 5849
11182 24 1203
11769 127 6384
13660 192 9605
9603 274 13701
10434 47 2377
10760 208 10406
9538 53 2674
11086 268 13436
10743 136 6841
9203 36 1815
10952 250 12504
13536 119 5960
8709 67 3391
11715 107 5379
11791 80 4001
10371 4 214
10725 105 5263
10811 78 3939
10990 8 425
11119 262 13113
11584 141 7062
12077 9 484
12137 82 4124
10712 72 3631
9069 37 1879
10771 196 9821
9377 139 6960
11846 135 6759
12139 30 1541
11550 173 8659
12514 47 2363
12565 62 3131
10892 74 3705
10972 17 893
11756 270 13527
9511 414 20720
9341 28 1440
11664 84 4229
9049 17 851
11927 270 13547
13465 89 4495
8459 16 801
10972 18 914
12485 37 1880
9297 222 11132
8813 66 3304
11111 110 5550
12482 31 1560
12446 70 3525
9472 256 12838
8857 152 7631
9479 191 9576
13484 89 4468
10485 7 362
13616 100 5004
8720 19 987
13549 8 403
11574 194 9724
8666 117 5875
11990 6 320
8504 41 2088
12368 6 349
10727 184 9246
11945 132 6648
8708 37 1891
9644 39 1992
11726 8 449
12543 260 13003
8475 0 39
11619 176 8804
9208 203 10161
10969 147 7380
11786 172 8650
10665 95 4761
9349 162 8126
9586 325 16295
11912 76 3828
12422 188 9413
13467 126 6320
12442 67 3358
12504 178 8915
9675 111 5583
10864 82 4110
11116 44 2216
13642 42 2125
12543 297 14870
8446 95 4763
13580 24 1233
8787 62 3114
8715 42 2137
9679 150 7523
9564 517 25895
9310 67 3383
10490 137 6878
10843 24 1213
8748 110 5549
11858 35 1755
13530 2 125
9295 7 384
8853 33 1692
9188 140 7009
8562 50 2522
10724 181 9079
11119 32 1623
8735 118 5906
10741 4 240
11128 18 923
10921 229 11477
9434 47 2397
10580 206 10350
9669 78 3924
10473 46 2332
12009 14 737
9069 56 2847
8971 60 3043
10505 75 3753
11169 225 11267
10821 111 5594
12072 9 493
12552 30 1511
11294 58 2937
10669 118 5926
10969 148 7417
9535 568 28402
10680 120 6030
9356 114 5734
9060 4 207
10910 27 1381
11090 179 8968
9597 513 25655
9529 208 10447
12083 206 10329
10562 79 3968
11786 98 4932
13520 51 2553
9297 222 11132
8739 44 2212
11494 154 7723
12565 10 536
10712 240 12037
10689 63 3184
10929 262 13107
11108 70 3512
9505 191 9560
12056 320 16029
13660 98 4940
10959 59 2961
11507 82 4124
9037 183 9158
13618 37 1863
10998 10 517
10645 238 11935
11505 8 403
8580 36 1849
11494 108 5447
10523 165 8293
10837 248 12441
8513 12 648
11998 233 11688
11867 108 5413
12529 90 4540
12026 16 826
9563 539 26963
9289 233 11692
11506 97 4872
10959 59 2969
11095 276 13803
10831 101 5086
9499 421 21095
11972 135 6796
10449 2 113
12066 225 11279
10574 219 10960
13558 13 662
11141 6 303
13660 184 9235
12545 12 618
10905 70 3531
13617 19 952
9201 242 12113
10974 139 6989
8707 96 4814
8687 271 13585
11765 249 12488
10597 60 3030
11166 95 4784
10520 345 17266
10598 7 374
11963 457 22855
8841 5 259
12382 19 960
12418 54 2741
10800 221 11054
10516 39 1951
8537 262 13114
9653 344 17201
10831 102 5142
9233 70 3507
10833 58 2921
10888 249 12484
11895 256 12828
9527 157 7867
10583 55 2756
8857 59 2955
11984 100 5021
11091 99 4994
8700 176 8813
12070 276 13821
10473 346 17345
9434 189 9465
12418 62 3111
12061 124 6206
12515 72 3623
10721 263 13191
10803 53 2671
8795 33 1699
9232 5 256
12505 94 4742
12139 130 6545
12015 5 285
11766 110 5517
11059 50 2541
8467 30 1521
8538 5 261
11866 94 4746
9601 415 20764
12442 121 6065
12365 36 1820
8697 234 11721
11943 133 6679
10438 130 6509
11283 106 5332
8857 152 7631
13671 159 7959
10725 321 16089
10493 111 5553
8538 111 5594
12040 58 2941
8971 245 12283
10483 113 5690
13621 62 3120
12541 10 513
9065 2 137
11537 126 6304
11972 42 2135
8786 22 1123
12485 73 3683
11619 51 2564
10544 1 68
9698 18 926
9074 6 330
9527 256 12830
13676 101 5099
11970 29 1478
10665 81 4063
9512 457 22893
9507 33 1655
12543 284 14250
11619 104 5250
11728 111 5553
10714 107 5399
12454 288 14445
10574 347 17355
8514 27 1385
12016 435 21788
13661 111 5562
10885 24 1231
8648 272 13619
11071 1 58
11713 160 8016
10721 264 13219
11745 2 146
11720 6 334
8537 338 16910
10578 231 11554
11726 268 13436
9113 8 416
10644 31 1555
12091 207 10388
9668 117 5855
10765 30 1518
11086 203 10159
9030 108 5406
10479 17 862
9656 182 9121
10648 24 1221
11211 28 1409
13662 122 6128
13454 6 342
13618 96 4828
11604 105 5268
12508 6 315
11116 122 6138
10574 65 3296
13639 62 3141
11090 113 5690
12529 191 9551
9030 162 8149
11071 195 9784
11684 46 2347
11605 32 1621
9563 508 25450
9188 130 6505
11589 198 9944
11998 142 7127
12137 27 1352
11728 131 6600
12086 9 499
11783 50 2510
10724 181 9056
12441 143 7183
10371 11 572
9432 16 839
9617 126 6347
8782 28 1427
9564 375 18755
12091 205 10285
10756 187 9352
9669 274 13716
9546 249 12474
9727 78 3939
10672 152 7618
10595 43 2175
8918 51 2575
12566 0 3
12446 70 3539
10473 55 2774
11971 62 3116
10959 59 2969
9564 409 20473
8646 35 1769
10897 50 2511
9053 9 495
8856 9 457
11960 30 1544
13637 13 698
10968 25 1295
10843 77 3893
11282 2 102
8460 263 13186
10442 159 7959
8751 33 1658
9525 38 1935
10355 57 2879
9650 64 3242
9586 498 24930
10580 76 3801
11094 86 4322
11685 329 16451
8796 122 6104
10484 122 6123
11872 199 9998
11514 9 492
11168 58 2904
10905 3 169
11529 195 9799
10906 227 11357
10654 108 5432
8905 191 9577
9024 135 6753
11290 153 7687
11294 58 2911
12139 136 6819
12508 169 8479
9069 37 1871
9538 616 30845
8697 140 7022
10490 137 6857
9049 134 6737
13476 45 2253
13662 8 431
12002 100 5003
13691 74 3735
11589 169 8464
9470 207 10396
13660 222 11148
11791 72 3639
10938 188 9422
11197 95 4780
13680 63 3181
9044 27 1372
12429 2 114
12031 0 16
9067 7 358
10625 336 16810
12506 40 2019
10694 100 5044
11657 42 2139
10371 3 188
9278 67 3386
8762 286 14318
9677 61 3062
13629 153 7668
13621 77 3870
9329 127 6378
11665 135 6776
10574 347 17355
11605 300 15032
11829 91 4559
10508 9 478
10696 199 9965
9240 45 2296
9072 74 3703
12497 193 9699
9356 192 9634
13529 10 519
11786 172 8650
11976 334 16746
9668 154 7741
8578 211 10570
10580 201 10084
12541 85 4284
8590 199 9994
11832 181 9085
12462 1 52
8680 256 12842
11738 129 6478
11762 175 8789
8971 132 6612
13565 107 5359
8448 113 5693
11108 39 1967
8455 45 2300
10897 122 6138
9562 181 9092
10784 73 3660
11848 292 14604
11214 73 3679
10727 183 9193
8465 168 8438
10959 79 3955
11844 112 5619
10864 82 4103
12137 132 6611
8666 120 6036
13689 117 5884
11557 85 4294
9510 22 1130
11630 181 9078
13475 69 3453
11893 51 2560
10857 26 1348
9709 57 2896
9427 167 8372
11915 114 5717
8666 115 5767
9225 201 10094
11064 168 8439
11984 82 4142
9068 317 15869
12056 251 12598
10855 17 889
10705 28 1410
10540 38 1947
8899 89 4459
10307 155 7776
11296 41 2070
8690 205 10288
9348 0 48
9310 111 5585
11969 112 5635
9668 106 5334
10924 79 3964
10478 41 2088
9232 5 296
13467 89 4455
10578 231 11563
8927 78 3942
8445 265 13277
8578 16 849
9561 66 3316
8750 149 7496
10884 30 1502
11765 43 2164
10952 256 12828
10918 9 486
11201 20 1031
11762 163 8167
11854 75 3789
13487 32 1640
11721 74 3741
8680 227 11399
9563 389 19466
8836 75 3791
9617 4 222
9567 277 13865
13662 16 819
12482 123 6165
8445 72 3603
9444 184 9212
12480 116 5850
9717 231 11564
9064 18 913
11214 3 152
8562 52 2623
10735 204 10209
9511 541 27087
10648 32 1642
12110 207 10357
9757 43 2200
9519 157 7860
11885 69 3466
9001 5 259
10668 150 7516
10931 200 10017
8996 206 10332
9615 196 9817
13503 172 8626
11115 44 2238
10959 79 3955
12103 2 114
10505 112 5620
12506 86 4305
8719 268 13426
8934 125 6259
10952 170 8528
8894 69 3454
10725 29 1492
11879 139 6954
11096 30 1535
9440 225 11285
8941 50 2507
10683 346 17321
9658 54 2711
10508 10 536
12077 39 1967
10735 259 12997
9425 28 1418
10610 69 3500
13623 74 3701
10741 0 49
10442 239 11953
9631 72 3643
10634 316 15833
11778 57 2877
12006 12 626
11187 131 6599
10558 105 5300
9030 60 3033
10480 86 4324
9245 345 17265
11976 330 16544
10897 120 6011
11707 66 3320
10432 335 16782
9434 189 9486
11927 127 6372
9472 131 6592
11197 98 4916
12364 19 955
8799 77 3863
8431 19 951
12070 276 13841
12068 135 6780
8927 71 3562
8620 104 5215
10394 2 132
10693 172 8619
10884 209 10491
9629 10 540
11786 97 4874
10538 147 7370
10687 134 6706
12077 0 50
11726 41 2072
10791 58 2930
11934 231 11580
9637 281 14060
11608 34 1713
11707 18 933
11601 325 16269
13658 46 2345
11793 109 5481
9458 58 2917
12137 19 1000
9024 76 3834
12495 243 12196
8878 40 2012
8937 15 782
9470 143 7153
10716 13 679
8668 48 2441
11628 146 7301
12075 45 2269
11219 16 820
10923 72 3641
12083 119 5960
9567 276 13830
13479 35 1797
10669 16 841
10672 97 4862
13580 165 8271
8537 152 7619
8714 22 1107
9065 121 6074
9481 171 8590
10529 17 853
9640 84 4226
8964 140 7046
9434 315 15760
9065 113 5691
12034 87 4362
13478 155 7783
11030 61 3054
11714 30 1501
9572 43 2179
10490 176 8835
11779 189 9475
10760 144 7214
12442 71 3591
8518 19 999
11780 196 9814
10972 16 811
12482 66 3350
11989 77 3871
9467 246 12334
11879 162 8131
12382 159 7986
11557 84 4210
8907 135 6789
8590 69 3465
8791 3 166
9563 493 24696
9191 301 15099
8455 65 3251
9499 421 21096
10828 4 226
10700 283 14182
9560 55 2768
11116 44 2216
11512 28 1444
8782 28 1436
8776 130 6549
10884 281 14064
11763 203 10196
12449 73 3698
12418 36 1814
10517 37 1871
11719 16 825
10952 319 15958
9470 234 11712
10598 8 437
12382 15 789
9095 224 11250
13642 116 5819
11848 215 10758
12503 31 1588
9526 328 16428
8549 110 5521
9310 111 5585
9710 192 9620
10800 226 11340
10580 205 10274
10484 120 6039
11976 40 2034
11724 307 15375
10362 41 2088
9321 51 2564
11726 255 12760
9215 203 10195
11901 33 1663
9717 230 11547
8860 48 2406
9563 541 27058
10857 195 9773
11047 6 320
8894 145 7297
11787 161 8082
9348 100 5019
9370 74 3725
11119 22 1141
11998 142 7127
10756 97 4861
13630 42 2110
13642 55 2791
9546 249 12466
11230 8 411
8697 161 8071
9603 324 16247
12054 148 7420
9727 80 4008
12480 54 2746
10478 23 1179
11842 77 3892
11989 96 4830
11149 310 15548
10937 45 2260
12039 8 409
11626 1 69
9445 122 6112
10696 139 6978
11619 104 5250
9483 214 10741
9461 198 9947
13476 56 2830
12378 40 2018
12075 287 14360
9144 78 3935
9602 56 2849
11893 51 2560
11866 62 3148
8700 171 8571
13638 217 10879
9545 316 15823
9561 66 3313
11709 50 2540
13683 202 10129
9546 171 8598
11709 4 221
10716 32 1629
12056 232 11637
11963 305 15298
12441 166 8345
9524 3 163
11898 22 1113
9694 15 800
13617 21 1071
9065 33 1685
9281 163 8182
12366 0 22
10562 214 10721
13661 1 87
9542 146 7331
12565 37 1856
10704 296 14850
11844 4 213
11540 58 2908
11756 213 10657
10669 99 4981
12143 36 1807
13568 67 3387
10390 68 3449
10789 0 20
10841 105 5292
12137 99 4957
8467 145 7259
12505 94 4742
13568 104 5203
9297 218 10923
10441 322 16107
11519 225 11252
12009 28 1404
12046 61 3061
12556 133 6669
12083 119 5973
11492 2 147
10803 153 7680
10928 143 7170
12001 70 3548
13491 58 2950
11963 0 22
10520 117 5892
11639 53 2684
9494 318 15940
11991 184 9238
10569 119 5973
13683 232 11627
11626 11 594
8465 275 13789
12139 210 10518
11963 106 5312
10563 62 3150
9556 24 1237
11531 139 6977
10888 269 13452
11025 111 5598
11027 265 13293
11095 118 5919
11247 14 731
9205 199 9958
12454 260 13033
9348 85 4280
13473 4 239
13674 134 6743
10781 86 4323
10735 260 13021
12046 30 1519
8720 48 2448
11713 119 5994
11665 109 5473
10913 25 1293
10956 20 1004
10843 95 4751
10584 296 14805
11972 42 2107
12045 53 2692
9481 303 15171
9240 57 2895
11071 43 2155
10884 225 11283
12367 30 1520
11685 117 5864
12368 95 4789
11613 17 886
11976 234 11723
9653 341 17065
9473 76 3810
8860 70 3502
8894 145 7284
8719 265 13288
12117 0 31
11721 131 6552
11644 65 3291
8975 200 10008
12514 139 6997
8862 195 9753
8796 141 7075
11778 57 2859
11065 95 4790
12073 28 1408
8787 39 1952
11537 126 6344
9201 200 10021
11646 31 1567
8936 63 3168
12015 5 285
11291 113 5653
8529 218 10949
11678 79 3973
11067 4 216
9479 92 4649
12057 54 2735
11177 35 1767
10959 59 2961
9617 282 14147
9538 363 18181
11729 17 865
10660 209 10475
12009 28 1416
10657 215 10783
11802 50 2523
9432 3 176
12380 7 369
9583 148 7439
13647 15 799
9527 256 12830
12418 29 1455
10645 235 11762
11925 18 927
10711 27 1394
10921 50 2540
9656 183 9192
10927 120 6034
9586 406 20330
9519 299 14980
12480 74 3731
13630 58 2920
13658 42 2148
8590 280 14014
11984 75 3782
9575 8 431
11591 91 4586
11290 153 7687
8751 87 4368
13674 134 6743
8578 212 10623
9620 279 13967
11869 201 10084
11141 5 260
8906 89 4482
11150 51 2575
8908 362 18108
12368 6 327
12025 215 10785
11066 22 1127
9597 101 5095
9390 12 625
9215 203 10195
11976 178 8929
10952 318 15908
11644 69 3486
11815 87 4370
12431 112 5616
11991 184 9213
9467 268 13410
10800 5 271
12052 51 2594
8888 114 5710
11848 333 16677
9386 41 2051
12108 41 2082
10390 32 1609
13484 91 4556
9704 197 9871
10888 12 640
10672 96 4801
9188 91 4591
11618 124 6223
8906 88 4419
11756 118 5919
9440 226 11321
11848 307 15376
9386 263 13193
11644 25 1273
10729 53 2696
8905 190 9521
11745 275 13791
9720 168 8415
12002 141 7082
11532 3 200
9249 254 12714
11756 259 12990
12374 186 9314
10578 151 7563
9704 355 17771
10545 150 7550
8751 32 1627
9065 33 1667
9617 125 6290
9668 117 5872
12068 52 2619
12482 31 1560
9567 97 4871
9295 24 1231
10841 82 4111
12382 159 7986
8899 89 4490
8996 185 9256
9049 35 1781
10692 50 2504
11924 10 532
12365 38 1931
10771 40 2028
11168 108 5415
8646 33 1659
9519 120 6019
9636 103 5152
9385 206 10337
11291 287 14379
12137 130 6511
13619 111 5579
11282 26 1332
11845 169 8464
10540 37 1865
8931 132 6613
11182 47 2375
11543 251 12560
10747 191 9600
11086 117 5857
11611 9 466
11537 126 6344
11846 90 4511
9512 555 27760
9338 26 1343
8908 253 12675
12025 51 2568
11554 34 1729
11116 104 5248
10484 90 4501
10855 17 889
10521 21 1091
10475 20 1038
11619 177 8887
10719 149 7480
10892 76 3843
13467 28 1441
11895 246 12304
10574 43 2187
13645 0 5
11691 126 6303
9249 340 17033
11831 41 2100
11545 106 5349
10764 6 345
12482 66 3320
12040 2 140
9297 333 16677
12008 12 623
11970 29 1459
11134 36 1850
10847 12 626
10921 36 1826
11786 172 8632
10382 74 3741
9494 439 21971
9432 32 1630
11187 147 7357
10688 16 822
8917 319 15951
9689 312 15626
12062 134 6707
8903 38 1915
10901 17 887
10645 65 3269
10307 152 7626
9297 221 11052
13545 18 942
8936 78 3946
9238 2 132
10831 102 5142
11212 25 1259
8711 75 3787
9249 171 8568
12459 136 6845
9030 60 3033
10634 316 15833
11906 286 14315
11769 117 5887
13661 10 503
9637 276 13803
8649 57 2881
8538 9 494
9730 59 2988
11820 98 4948
9516 510 25548
13552 31 1567
8861 9 497
12146 20 1018
9299 220 11019
8918 51 2597
9470 183 9157
9379 166 8341
10961 11 578
12497 165 8263
8742 70 3527
12554 71 3588
11913 185 9296
9348 1 53
10578 147 7369
8742 71 3593
9403 17 881
13661 116 5848
10567 79 3982
9232 5 255
10568 22 1109
10693 238 11904
11492 28 1429
12560 40 2021
10834 317 15890
9068 283 14189
9203 44 2213
10646 14 725
8796 92 4623
13616 209 10473
11637 158 7903
9024 69 3459
10989 37 1889
12052 48 2413
11998 183 9170
11881 51 2572
8908 16 801
8520 50 2517
11844 289 14483
8538 9 494
9521 14 722
10623 71 3561
9710 39 1964
11094 167 8364
11638 1 93
10732 36 1823
12495 63 3186
10828 4 226
13522 10 515
9281 166 8313
13661 142 7147
11742 161 8070
10747 60 3044
13569 96 4813
10822 24 1215
9480 69 3482
12506 40 2037
11524 151 7551
12011 6 304
10719 48 2405
13617 111 5588
11182 47 2391
11815 175 8783
8446 95 4792
11814 29 1478
8680 228 11408
8987 4 205
10475 20 1031
9427 166 8346
9505 191 9590
9079 68 3433
10654 340 17048
11512 32 1629
11756 213 10675
12086 68 3424
11829 106 5325
10994 22 1119
11769 112 5605
12454 258 12914
11187 83 4190
11074 62 3134
9620 216 10808
10574 117 5899
12025 149 7468
11171 29 1453
10795 168 8432
10689 42 2125
8918 375 18777
9523 643 32166
9527 36 1827
9681 65 3256
9068 310 15533
11846 53 2698
9597 313 15685
13477 60 3043
13536 96 4811
13630 46 2350
10735 108 5414
8975 232 11622
11742 289 14467
11807 32 1620
13624 11 594
11893 51 2597
13687 152 7614
10517 34 1737
13674 49 2467
10994 21 1093
10696 78 3931
10669 14 713
9345 47 2355
11846 72 3648
11973 2 103
13528 82 4118
10520 144 7250
9395 319 15995
11090 6 321
10520 186 9350
9210 78 3929
11030 59 2964
8770 104 5210
8770 107 5369
9726 126 6313
12095 110 5528
12137 82 4124
8538 46 2347
10747 140 7001
11168 100 5042
8885 30 1505
12539 25 1293
9511 623 31184
13503 99 4991
11678 0 21
11535 83 4171
12000 86 4350
12057 22 1128
8917 319 15977
8975 61 3061
9649 2 133
11083 172 8601
10845 36 1849
9561 66 3336
11228 4 235
11198 21 1093
10634 316 15845
11866 94 4718
9425 31 1576
9710 193 9651
10757 133 6682
11120 35 1760
11783 8 420
12000 108 5406
9060 46 2313
11173 14 732
9065 26 1324
9538 363 18163
9602 648 32427
10687 161 8098
8799 78 3922
9290 135 6786
11589 33 1694
10610 70 3546
9277 121 6097
11282 44 2233
12365 36 1820
11529 140 7009
8876 96 4841
12057 20 1026
8648 275 13751
11551 31 1595
13465 81 4053
11128 8 413
9444 194 9740
9656 183 9192
10610 69 3470
11911 33 1670
12004 268 13447
8769 268 13416
11553 16 847
9427 169 8471
9437 301 15075
10599 129 6483
11173 5 261
8690 204 10239
12052 50 2545
9653 335 16773
12039 372 18635
12556 45 2279
9632 59 2985
8893 60 3035
13522 10 515
8537 260 13045
8745 47 2386
10863 26 1310
11869 135 6773
8562 91 4590
13662 149 7484
10931 323 16151
11709 128 6446
12533 9 458
12054 100 5032
12083 443 22175
9508 0 47
8908 81 4095
11881 110 5504
11644 79 3977
9249 170 8509
11169 223 11156
12025 244 12239
9511 147 7378
11283 26 1314
13617 11 600
11290 336 16844
11095 159 7979
10781 39 1973
12462 0 14
8914 75 3794
11756 107 5354
13536 17 879
11909 169 8463
9473 75 3798
11786 261 13091
11278 322 16146
10716 323 16172
9442 104 5218
9567 98 4914
11565 246 12337
11628 213 10682
12021 52 2646
11974 154 7723
10712 17 866
13671 88 4420
11929 141 7053
9238 31 1566
12004 275 13773
8666 122 6108
13676 3 194
13638 268 13427
11990 28 1410
11604 105 5268
13638 224 11232
9704 46 2350
9494 83 4180
10520 118 5913
11879 323 16191
11187 83 4172
10952 244 12240
10675 207 10354
12057 22 1128
12108 66 3348
11998 142 7131
10520 216 10812
10538 213 10694
10473 46 2332
11065 20 1028
9710 195 9798
11630 74 3736
8549 151 7562
11235 11 591
12004 305 15267
11934 231 11580
11589 198 9944
11909 219 10982
11765 249 12488
11544 69 3458
8709 68 3422
12137 132 6611
10994 21 1093
13580 53 2667
11108 13 679
8758 2 123
11070 219 10992
8715 0 16
12061 94 4739
8538 111 5581
9576 413 20668
12545 132 6644
9656 160 8042
11504 77 3887
12449 240 12005
8879 104 5220
10668 313 15676
9554 27 1353
11984 180 9013
10432 345 17261
9576 412 20638
12495 50 2503
12066 194 9709
12042 62 3108
9560 142 7105
9535 306 15319
11064 213 10656
11169 215 10753
8708 25 1283
11545 168 8447
8585 21 1084
9080 136 6834
9063 27 1383
12441 227 11380
11869 167 8375
8771 8 440
11291 28 1439
11186 152 7607
8458 20 1021
13661 19 990
11858 35 1751
8751 35 1788
10712 287 14389
11094 120 6014
9637 281 14063
13652 24 1242
8894 36 1829
13630 42 2101
12480 31 1595
12070 199 9979
9500 583 29154
11291 242 12113
11551 105 5280
11071 242 12144
10475 111 5560
12107 79 3980
9340 138 6914
9068 239 11960
10545 61 3069
12025 144 7242
10766 93 4683
13569 63 3188
10569 115 5779
9481 303 15167
9324 66 3317
11066 44 2233
9472 58 2923
13691 142 7124
9658 224 11246
10601 22 1122
8908 20 1035
10911 27 1379
8959 230 11531
12083 443 22175
11664 117 5867
11507 89 4499
13580 10 524
9519 245 12289
11059 22 1149
11930 123 6180
11591 91 4564
10692 111 5581
8492 32 1640
9311 129 6465
10534 105 5273
8897 152 7642
13638 93 4655
12497 274 13723
12066 121 6100
12091 207 10388
11895 306 15325
9560 61 3076
11264 35 1753
9617 5 262
12145 81 4056
11539 11 586
13520 51 2552
11134 23 1188
9289 319 15992
9636 3 160
9562 181 9080
8922 2 136
12139 130 6537
8513 10 518
11726 252 12645
9439 108 5406
12454 288 14423
13660 27 1384
9434 45 2294
8708 25 1289
9470 147 7360
10747 141 7061
8769 83 4182
12137 130 6534
11836 73 3661
11064 164 8214
10744 107 5381
12495 90 4536
12025 321 16054
8459 21 1089
9067 77 3866
10843 76 3801
13461 12 636
12486 194 9741
9410 82 4111
13479 50 2543
12485 51 2586
9293 11 574
9188 128 6440
11971 7 395
11494 24 1230
10449 215 10781
9538 612 30633
8701 4 204
12504 79 3965
10634 31 1554
10523 182 9148
8677 48 2416
11591 48 2446
12517 248 12436
11187 209 10492
10486 56 2810
13476 56 2812
9741 8 436
8915 74 3727
8476 28 1429
12485 76 3841
9562 99 4971
11030 61 3054
8934 140 7007
9096 330 16502
8690 118 5917
11614 54 2712
10478 23 1178
11913 125 6290
12533 73 3674
11848 284 14242
9196 162 8109
11529 213 10699
12496 120 6024
13469 81 4075
11557 54 2723
8711 75 3796
10747 59 2987
8888 114 5714
12025 123 6170
9049 134 6737
10641 8 434
11613 59 2968
11759 39 1985
9639 26 1319
10623 71 3564
9444 191 9587
10680 120 6025
9480 72 3622
12108 41 2054
13688 150 7515
10379 158 7921
12039 8 417
10583 53 2685
11971 2 107
11821 103 5184
13563 6 309
10590 68 3431
11081 20 1038
13661 142 7147
9649 1 68
9668 117 5883
11926 276 13840
8762 286 14318
12560 109 5451
11531 70 3516
11150 146 7315
9704 356 17813
11873 23 1155
9191 131 6597
8711 77 3857
11065 113 5673
9653 344 17201
10693 257 12879
10516 38 1906
9597 10 515
12111 66 3349
10727 92 4648
12137 34 1729
11529 310 15533
13662 16 819
9529 583 29180
9216 113 5689
13623 50 2536
10667 39 1994
9533 226 11343
12505 183 9163
11969 63 3173
11628 146 7344
11094 60 3003
9608 105 5255
11134 72 3614
11173 9 465
12107 111 5585
8668 43 2180
12057 37 1863
11672 77 3891
9529 212 10616
11674 48 2405
11726 252 12645
9464 75 3773
11769 96 4844
9546 66 3316
9434 45 2294
9727 79 3987
11929 108 5437
9654 84 4249
13637 18 935
9068 239 11995
10665 25 1299
9491 74 3701
11112 200 10017
13647 13 697
13693 16 814
11285 28 1413
11723 234 11726
11913 291 14586
8702 217 10873
9470 99 4956
10803 52 2636
13629 146 7329
10800 225 11271
9668 103 5188
9345 115 5800
9634 13 654
9205 198 9925
12368 54 2743
12446 33 1653
10874 37 1884
9205 241 12082
9494 39 1956
10574 345 17296
11872 57 2868
9437 295 14781
11540 7 358
10735 257 12868
12485 76 3822
12432 25 1265
8742 106 5346
12533 73 3662
10520 118 5921
10569 224 11212
9694 22 1125
9340 139 6963
11934 242 12144
9095 10 531
8794 184 9249
11237 28 1415
10831 101 5086
8770 103 5187
11128 18 923
11515 28 1448
11723 259 13000
9232 7 386
12374 126 6306
11885 126 6305
11508 293 14659
10674 15 798
12039 176 8808
10905 107 5356
12422 129 6477
10563 63 3190
13617 234 11748
10592 353 17700
13662 12 610
12380 186 9346
8783 27 1372
10952 236 11808
11551 9 472
13484 62 3116
9336 8 447
12086 9 470
12442 12 615
11108 13 660
10591 78 3911
8688 104 5225
12544 32 1608
12401 22 1107
10489 43 2173
10584 99 4995
9439 106 5302
11614 176 8847
13520 124 6236
10441 322 16107
12139 381 19056
12066 52 2632
8537 261 13059
13661 116 5827
13472 4 221
13678 137 6897
8435 69 3477
9712 122 6120
9650 319 15958
9511 443 22197
9617 21 1060
10647 151 7553
13583 159 7955
9720 131 6554
11879 162 8116
9466 42 2143
12545 132 6634
12486 145 7294
13469 81 4086
9411 34 1701
9345 114 5714
12039 440 22040
11879 293 14655
12137 71 3598
10478 117 5889
12482 66 3350
10865 12 633
9567 97 4872
10719 153 7662
9468 3 182
9437 292 14634
11727 105 5252
10590 105 5280
8720 86 4319
9440 204 10250
10537 47 2380
13652 24 1243
12075 162 8136
12431 18 924
13477 155 7775
9239 201 10087
8700 65 3280
13687 6 330
10382 43 2174
11793 221 11078
10781 266 13340
10484 18 915
10694 100 5044
9002 293 14669
11724 245 12297
13479 71 3552
12497 150 7520
9704 80 4018
11930 123 6180
11047 6 320
10520 186 9305
11848 210 10519
13558 13 665
9486 164 8240
11831 38 1913
11524 211 10553
11658 1 98
12422 78 3913
9470 323 16189
9684 62 3150
9535 69 3467
10743 90 4504
8994 177 8891
13580 96 4836
12560 40 2049
12039 176 8808
8762 256 12831
11830 300 15040
9191 301 15099
12541 10 513
11830 173 8652
9669 301 15074
11832 133 6663
9586 511 25581
9001 5 259
8971 248 12411
11861 7 386
10484 19 992
8446 189 9497
9602 633 31654
11494 108 5401
11059 50 2532
11842 51 2590
13661 10 503
9637 203 10168
10747 144 7245
10781 37 1899
12480 31 1576
9694 163 8190
11693 69 3466
10688 94 4702
12077 45 2252
11206 32 1610
11494 39 1977
12066 25 1293
10719 150 7536
11064 164 8250
12369 6 334
9717 224 11202
11531 116 5847
11540 86 4306
13593 46 2330
9586 324 16214
13544 27 1371
13665 19 988
11235 6 328
11820 304 15203
9538 361 18063
11740 1 93
11243 64 3233
10382 30 1505
11646 15 756
10864 8 417
8504 41 2088
10841 30 1519
9765 82 4144
13480 50 2542
8646 33 1659
9765 83 4176
12091 172 8629
10537 47 2375
9289 319 15992
11628 121 6080
11545 177 8871
10724 168 8404
10563 189 9458
8460 24 1247
9305 44 2227
9512 456 22810
11742 23 1178
11996 7 389
9196 166 8331
8817 10 549
9188 72 3634
11971 7 387
8739 31 1554
9545 108 5444
9601 97 4894
9024 113 5689
8412 23 1178
10696 138 6914
10622 9 459
11755 27 1396
10952 244 12243
8553 137 6861
8626 44 2241
9560 141 7073
11601 4 221
11685 117 5864
11830 136 6826
9505 18 903
10846 200 10026
12504 178 8925
11604 202 10125
9030 60 3013
11494 110 5543
9603 275 13756
12485 73 3683
9704 80 4018
11854 75 3789
9313 21 1088
9675 62 3149
10563 8 431
11945 132 6648
11281 11 559
8697 254 12745
8996 322 16137
10563 104 5223
11171 68 3410
11203 16 847
11551 105 5277
9717 225 11286
8562 94 4710
10756 298 14934
13461 12 636
13470 59 2973
13484 62 3116
9470 283 14182
9002 302 15136
8709 18 934
11026 61 3060
13528 25 1287
9602 31 1558
10567 265 13255
9238 53 2663
8806 93 4665
9519 125 6291
9603 273 13655
10386 30 1501
11543 103 5177
12068 158 7926
11700 5 256
13467 94 4740
11531 139 6980
12454 19 954
9348 21 1063
8738 254 12730
12529 128 6444
9538 53 2674
8888 137 6885
12086 79 3976
9392 52 2616
13671 77 3867
9579 283 14193
9437 147 7396
11726 79 3954
10974 139 6989
11075 1 96
10786 114 5750
10745 295 14758
13623 74 3701
9432 3 180
12020 18 930
9372 125 6287
8794 53 2678
10441 85 4264
10439 176 8841
11294 18 922
10771 194 9737
10567 265 13258
9717 61 3051
