16172 81 4095
18010 101 5099
14915 1 64
18258 124 6224
14291 194 9707
18746 17 864
16137 42 2104
18760 65 3285
18492 143 7177
16379 4 237
17034 59 2981
17447 85 4274
18714 4 232
18760 307 15392
14191 33 1667
14921 59 2990
17055 155 7795
18233 115 5788
18044 522 26145
14143 41 2051
14545 89 4484
15689 156 7843
17636 33 1671
14734 57 2874
14782 73 3683
14191 33 1667
17172 28 1406
14677 22 1117
14901 72 3631
16158 526 26305
18574 230 11517
17753 4 217
18666 51 2598
16847 140 7007
18233 141 7083
15222 121 6065
16761 361 18066
18021 138 6926
17371 149 7488
18760 307 15360
15966 443 22191
14356 301 15058
14338 174 8713
15154 233 11699
14143 48 2437
15074 74 3701
14921 7 352
15897 1 99
15154 233 11661
16242 351 17584
14319 13 657
16458 31 1551
14768 63 3196
14749 103 5165
17270 35 1761
17866 20 1006
16583 258 12931
18021 662 33123
17753 148 7423
14901 38 1925
14636 102 5124
17028 212 10650
17260 31 1595
14641 98 4933
18219 58 2904
17419 7 394
15141 65 3280
16026 102 5149
15689 156 7845
18021 577 28858
17696 17 852
18756 19 975
18021 78 3902
17312 115 5767
18034 101 5055
17116 115 5790
17580 2 149
15989 75 3797
15458 7 353
17662 176 8841
18044 522 26101
14306 180 9031
18021 78 3945
15389 25 1263
17394 155 7763
18760 307 15392
14375 6 321
14543 148 7431
18923 346 17337
15430 102 5107
18244 214 10705
18929 118 5918
14816 243 12198
14740 39 1995
15103 103 5181
18210 7 385
16513 87 4379
18499 343 17154
18752 259 12981
14157 127 6377
14903 119 5996
16031 68 3421
14121 240 12005
18685 20 1009
17834 52 2637
17327 39 1984
15469 324 16244
18954 245 12288
14231 7 385
17662 180 9010
14771 129 6485
15389 55 2796
15322 28 1401
14277 35 1760
17131 205 10257
17494 155 7781
14165 77 3881
14940 101 5093
14375 114 5711
16697 129 6481
15318 78 3932
15909 43 2172
16583 258 12931
14363 149 7478
14641 98 4933
18031 83 4200
16265 12 624
18039 80 4026
18753 27 1365
14356 222 11117
15254 97 4884
17834 52 2647
18577 252 12626
16047 24 1239
18752 259 12981
17493 226 11325
16295 243 12167
15689 114 5709
17172 28 1406
18748 153 7659
17493 226 11325
17514 61 3097
16832 42 2125
18021 577 28886
18249 7 390
17313 65 3266
17667 97 4880
17191 34 1724
15689 156 7843
16947 166 8327
17871 105 5261
18253 16 817
17239 106 5334
17671 159 7980
15074 56 2808
17125 97 4882
18604 16 802
16265 12 621
14527 9 454
14623 249 12485
16298 17 891
17260 25 1289
18044 412 20620
15458 17 858
16481 122 6145
14986 250 12538
18860 155 7777
17339 314 15735
18653 175 8788
14379 63 3170
16947 165 8264
17394 74 3717
15776 5 288
18253 2 134
16835 290 14529
18244 14 750
15391 85 4274
17620 199 9981
18712 71 3579
14564 11 580
16379 4 237
17364 52 2613
17517 316 15826
18756 129 6464
18756 19 975
17514 61 3095
17855 240 12029
17371 149 7488
16095 109 5480
17661 84 4203
17620 122 6137
16581 23 1172
16319 3 170
14768 63 3196
14942 251 12563
16089 6 305
14286 12 624
17447 1 58
15973 116 5839
15061 244 12239
17337 45 2255
17636 33 1671
14611 60 3020
17958 22 1144
18760 307 15360
17283 9 492
15163 25 1291
14263 103 5179
15391 44 2238
14290 178 8933
14746 279 13988
16731 172 8648
18253 2 134
17875 355 17761
15308 93 4683
15446 39 1969
17978 315 15790
14450 77 3856
16947 166 8327
16319 24 1218
14901 38 1925
14942 65 3265
17270 47 2398
16117 64 3237
16341 301 15085
17394 2 117
17313 65 3266
18685 484 24243
15391 187 9383
14218 250 12529
17636 33 1671
17260 25 1289
17144 37 1884
14986 23 1166
18685 487 24366
14263 87 4361
18923 346 17337
17834 52 2647
17089 9 466
16485 30 1509
16227 11 586
15149 67 3353
17028 212 10650
17089 9 484
17131 205 10257
15391 187 9360
15335 257 12884
14333 33 1666
16150 2 108
14390 84 4210
16581 26 1325
16840 84 4212
17034 211 10567
15383 178 8917
17662 176 8841
14290 90 4519
14190 18 942
18605 38 1929
14377 83 4161
14157 78 3947
17866 60 3018
15800 279 13984
18666 61 3058
17829 62 3108
18021 78 3902
14921 7 352
17344 1 100
16319 24 1218
14543 140 7029
15464 234 11706
17185 57 2851
17034 211 10567
16041 237 11891
18011 82 4124
15800 279 13984
14764 105 5259
15987 199 9982
14231 7 385
17237 22 1132
17005 92 4638
14410 274 13720
14161 109 5456
15794 176 8804
14527 70 3549
16889 192 9635
15923 484 24226
15125 186 9350
14425 160 8003
15909 67 3377
17089 9 454
14277 35 1760
16544 73 3700
17492 82 4118
18756 22 1144
17394 155 7772
16026 102 5149
18929 73 3680
16888 177 8856
16137 42 2104
17589 8 407
15074 74 3701
14707 30 1523
17339 204 10219
14143 41 2051
14771 196 9836
17394 2 117
16847 140 7007
18605 38 1929
14816 181 9051
15689 156 7845
14564 11 580
17349 61 3093
16847 140 7007
16697 129 6481
17371 149 7488
18011 82 4144
16888 98 4908
17662 156 7805
14270 16 836
17270 35 1761
14986 250 12538
18024 127 6366
14558 110 5526
18632 127 6390
17300 4 232
18760 65 3292
17636 5 263
15382 209 10454
18756 22 1144
17339 63 3179
18712 64 3218
14390 84 4244
14355 11 571
14281 183 9189
18860 155 7777
14903 119 5996
18246 20 1039
14157 193 9669
18712 64 3218
17313 43 2159
17776 5 275
17364 118 5936
16265 12 621
18021 662 33138
15296 92 4609
17089 9 454
18011 82 4124
15713 30 1536
14772 46 2301
18712 71 3579
18021 138 6946
14543 148 7431
18644 159 7990
17371 382 19136
15464 234 11723
17561 212 10604
18021 138 6902
17191 48 2427
15484 289 14456
15074 118 5950
17495 139 6962
15447 46 2312
14948 279 13998
17620 199 9981
14121 240 12005
14772 95 4762
18923 391 19597
16047 5 300
17125 97 4882
18756 12 610
16927 35 1778
14764 53 2660
15430 102 5110
18763 5 270
18021 662 33108
14165 77 3881
17827 28 1431
18752 62 3147
14545 89 4484
16761 43 2193
18028 305 15283
16301 29 1474
17125 10 529
14921 59 2990
16219 258 12910
14921 59 2990
14319 22 1103
14319 13 657
15689 156 7843
16927 35 1778
17394 2 128
15297 135 6764
18748 172 8624
18779 453 22693
14338 54 2735
14771 129 6486
17671 346 17311
15335 257 12884
14564 1 70
17495 139 6962
18021 662 33108
16526 30 1542
15413 54 2742
17791 37 1880
17753 148 7423
17313 180 9022
16526 30 1542
17371 149 7460
17535 50 2545
15243 37 1851
16481 122 6145
15318 147 7390
15828 501 25078
14319 22 1103
18021 138 6946
15989 75 3762
17260 11 573
18752 564 28246
15382 209 10454
18024 69 3487
14363 149 7478
17300 4 232
14782 73 3683
18244 214 10705
18756 12 639
16042 34 1717
14970 13 659
14546 179 8965
14319 22 1103
14902 213 10688
17829 62 3108
15103 129 6480
14157 4 202
18619 120 6037
18021 138 6902
16118 250 12501
15946 478 23944
15130 61 3084
17696 8 427
14915 1 64
15266 9 484
15413 54 2742
15897 46 2319
17866 20 1006
17791 37 1880
18750 213 10663
16513 87 4379
17116 115 5790
17661 84 4203
17208 196 9827
14543 148 7445
15946 524 26203
16262 49 2472
18615 566 28332
18233 141 7083
17337 45 2258
16262 49 2472
18923 645 32296
17361 298 14913
17415 100 5008
15446 39 1969
16809 232 11625
14736 86 4347
17195 86 4323
16150 2 108
15061 244 12239
17208 196 9827
16761 43 2193
18527 360 18027
15391 44 2238
18752 259 12981
14228 84 4245
17394 74 3717
15859 154 7738
17343 26 1315
18761 81 4066
17495 139 6962
18746 17 864
15469 324 16244
14768 63 3196
16761 361 18066
14157 78 3910
17191 48 2427
17349 61 3056
14270 16 836
14564 19 1000
16341 301 15085
16031 68 3421
