15103 12 620
18958 10 516
15116 282 14141
18031 138 6920
14124 108 5424
14014 162 8140
17451 300 15024
16172 27 1367
18697 238 11923
14631 27 1362
16348 98 4935
17793 41 2064
15339 0 34
17955 206 10319
18282 94 4725
17793 41 2088
17529 22 1123
18699 180 9016
17478 87 4382
16504 149 7457
15353 164 8243
18495 102 5141
13937 58 2929
16776 222 11124
14209 79 3955
18040 43 2165
15794 56 2820
16205 104 5244
18026 180 9033
13807 208 10415
14553 197 9894
18724 19 984
16158 345 17294
14067 192 9607
17126 118 5904
14122 92 4638
17846 131 6580
16544 102 5118
14553 292 14616
16051 85 4262
15339 126 6347
18794 113 5651
14390 122 6124
15254 143 7166
15636 0 23
16891 131 6565
16348 98 4935
16221 28 1418
16158 108 5417
16250 36 1828
18673 50 2520
18026 187 9359
17701 55 2773
16075 341 17073
17309 43 2168
15593 44 2243
16965 123 6184
18923 446 22316
18793 56 2839
18244 334 16748
14438 254 12733
15762 253 12657
14108 110 5515
15101 76 3822
18032 270 13504
14103 105 5262
15252 14 731
14259 120 6015
17255 4 203
18218 160 8003
18235 247 12367
17724 50 2537
15160 61 3077
17514 3 169
16221 1 64
18492 323 16177
17684 150 7516
14342 288 14421
18924 4 201
17666 50 2527
17985 159 7973
14644 281 14072
18924 103 5177
14580 5 277
16023 454 22703
14319 18 934
17724 27 1379
14453 169 8467
18245 186 9349
15794 119 5971
14335 160 8008
14007 121 6098
16199 27 1370
17853 2 119
16778 73 3674
16867 37 1889
15004 12 624
18265 149 7459
18218 300 15029
13979 181 9091
17686 274 13750
13712 127 6380
15136 92 4635
17545 10 501
14956 309 15457
17055 18 924
15507 4 206
14873 41 2059
17243 78 3907
18228 187 9380
18794 56 2843
16158 53 2676
14350 9 496
15507 4 206
16741 116 5850
16540 15 789
16275 108 5436
16168 44 2237
17407 105 5279
13935 227 11399
15961 95 4781
15167 126 6331
15017 87 4371
15901 183 9154
14212 184 9213
16894 224 11211
15931 521 26051
18032 249 12493
14914 101 5090
15466 256 12808
15308 5 278
17055 202 10125
15440 26 1320
14458 102 5139
16122 161 8063
16228 113 5670
15417 7 396
16741 82 4150
15411 153 7690
18676 493 24675
18676 493 24675
16339 159 7962
15851 92 4626
14686 19 999
13791 97 4896
17684 75 3755
16849 118 5932
14436 300 15049
14771 214 10721
16750 1 95
15792 222 11148
14766 7 358
17637 115 5775
15478 157 7892
17620 227 11384
16894 12 633
18044 230 11543
14124 155 7795
17521 20 1027
16802 234 11706
15961 352 17649
14191 209 10464
14985 64 3211
15916 233 11658
17239 266 13322
17144 22 1133
18685 238 11921
18784 3 185
18031 274 13737
16222 12 625
16021 433 21671
17344 83 4184
14080 140 7049
15965 497 24868
16845 117 5854
17111 182 9147
17853 15 760
15308 5 278
17990 82 4142
16444 83 4154
14122 45 2281
18257 109 5491
16292 76 3845
16028 226 11345
15360 122 6137
16821 243 12193
15174 58 2926
13763 14 750
14807 239 11997
15426 151 7552
14229 82 4115
16226 66 3303
14924 158 7918
16023 300 15033
17128 108 5401
15106 240 12006
17503 128 6414
17849 168 8425
18862 391 19582
14399 145 7286
18719 179 8966
17631 7 376
15360 137 6898
17544 7 380
18218 300 15001
17666 212 10633
18615 0 46
17648 13 693
14530 8 446
16446 192 9604
17162 171 8557
13913 91 4562
17087 336 16843
17521 25 1277
16272 320 16049
14067 47 2373
15915 129 6490
14725 122 6134
18795 50 2542
14067 58 2904
14549 141 7053
15917 285 14255
18741 17 863
18048 406 20348
17853 186 9316
14690 26 1326
17390 21 1100
17978 135 6782
16679 12 624
13715 92 4601
14873 41 2059
17739 23 1192
14555 141 7051
18699 161 8060
18225 93 4666
14959 16 838
15116 302 15131
17693 153 7667
18673 159 7972
18024 291 14574
17367 61 3070
14372 83 4152
18927 45 2276
16341 416 20825
13862 79 3975
17401 11 589
18631 178 8936
18218 160 8003
16753 112 5611
13911 147 7399
15987 335 16785
14729 133 6687
15335 125 6270
16286 473 23696
16094 242 12107
17089 121 6057
16852 178 8905
17731 20 1008
14955 90 4535
14912 38 1911
14026 109 5473
14431 41 2094
17865 55 2751
17541 18 945
17727 36 1849
17524 137 6873
14067 58 2904
17739 19 966
16060 102 5133
14592 49 2462
15987 252 12619
17108 25 1259
18673 52 2604
15282 56 2804
18923 565 28282
17482 112 5613
14438 254 12710
14882 57 2859
15360 23 1181
13779 8 406
16529 33 1662
15766 36 1815
13762 64 3218
15909 36 1838
13732 99 4961
17226 34 1715
18631 83 4165
17985 229 11488
15115 7 363
17696 9 472
18574 340 17017
13982 109 5469
14690 25 1260
17766 15 763
15428 62 3113
15877 62 3128
17701 55 2800
18953 116 5827
15409 6 317
17998 125 6271
17325 26 1337
13791 108 5423
18010 225 11255
16726 85 4270
16073 105 5292
18032 270 13504
16188 32 1615
16849 95 4769
18933 66 3309
18202 89 4459
15931 521 26076
14392 238 11947
18872 1 89
18482 25 1296
17312 203 10159
15715 192 9620
16387 45 2275
14107 72 3619
17029 179 8999
15959 78 3927
17974 264 13213
17726 74 3726
16759 7 397
15274 35 1762
17521 25 1277
15894 67 3386
18714 179 8996
17246 2 122
14129 44 2212
16109 29 1474
16023 21 1094
14959 201 10075
16726 16 821
14874 178 8945
18574 393 19654
17614 117 5872
18771 50 2506
17560 87 4378
17648 13 693
15436 0 40
14543 95 4754
14123 114 5705
13896 99 4958
18923 474 23725
14555 273 13691
15771 58 2919
17206 337 16875
18782 24 1236
18922 258 12930
15339 28 1433
17869 42 2139
15395 89 4461
14059 84 4215
16089 372 18641
17314 48 2417
17186 32 1631
17783 141 7053
17791 2 112
17724 34 1747
17030 93 4674
17255 14 741
17955 72 3644
16348 98 4935
13702 47 2367
14729 29 1472
18764 42 2110
16875 22 1102
15640 144 7207
14306 145 7296
14558 147 7396
16818 96 4845
18474 260 13021
16540 15 760
15174 58 2926
15473 57 2881
16750 1 76
14560 6 338
15592 120 6040
18021 507 25380
18218 160 8003
16188 159 7960
13739 19 991
15828 367 18362
14229 7 379
15593 167 8389
14998 17 859
15398 357 17862
13799 30 1520
15959 78 3947
14768 115 5762
15179 22 1102
15222 99 4976
13937 40 2015
15111 289 14466
14009 97 4883
18034 62 3116
15507 2 123
17349 19 990
16894 224 11211
16339 159 7962
13861 148 7440
17029 99 4998
14401 99 4959
13809 41 2089
14423 19 967
14030 58 2948
18646 2 145
18733 41 2070
14981 63 3181
18244 98 4934
17666 212 10633
14768 6 304
17648 10 521
14690 21 1096
16107 86 4332
16852 197 9872
15783 233 11683
18024 366 18322
16271 8 412
16524 112 5615
17177 10 516
18218 62 3126
16994 37 1869
14750 22 1135
15111 282 14143
16226 18 939
13745 119 5996
18790 336 16830
15593 139 6951
18959 17 867
17620 127 6389
14392 88 4443
15492 28 1429
17383 115 5787
18731 109 5469
16122 108 5448
14882 92 4634
17521 20 1027
14007 4 226
17667 85 4288
18005 112 5637
18267 33 1655
16994 37 1883
15409 52 2636
17011 199 9960
18527 674 33705
18760 191 9595
14436 215 10788
18574 387 19372
18954 271 13591
16731 90 4533
16112 474 23723
17849 168 8425
14024 24 1235
15877 245 12294
17312 186 9324
14539 234 11702
17087 359 17961
18733 47 2386
13729 80 4020
17521 34 1707
18765 320 16042
14335 232 11609
17722 3 153
18765 104 5213
14112 59 2995
14729 57 2877
18031 262 13139
18225 449 22454
17451 311 15578
15382 239 11974
15409 6 337
16216 88 4421
16243 174 8741
16378 39 1962
14044 30 1541
15783 362 18115
17985 181 9096
18514 105 5276
14977 15 789
17169 157 7883
17246 7 399
15478 132 6617
17874 3 198
18514 68 3425
16741 354 17726
17975 52 2622
17306 68 3432
18673 92 4650
18024 366 18343
17344 118 5927
17407 141 7092
14956 60 3001
14413 0 35
18468 53 2680
16743 21 1053
18933 66 3309
18679 105 5276
16188 159 7960
14043 20 1030
13937 40 2015
14553 294 14748
15931 14 743
15491 270 13510
16433 39 1951
14186 75 3753
14392 238 11947
18235 236 11827
14080 169 8466
14093 182 9137
16935 101 5055
18510 256 12848
16471 80 4044
14205 12 642
17871 250 12539
18615 438 21945
17078 101 5099
15595 13 682
18782 72 3647
18645 40 2041
18923 284 14204
14597 101 5088
16506 124 6243
14789 112 5619
15464 162 8111
14080 140 7049
18244 307 15367
15722 89 4460
15634 126 6312
17596 47 2371
17521 84 4206
16119 186 9314
18795 167 8376
16499 225 11258
14306 198 9916
14030 116 5812
15806 121 6055
15017 116 5837
16286 89 4469
14603 15 792
18574 401 20078
14924 93 4652
15412 132 6629
16023 336 16823
15970 334 16728
16540 1 76
15828 249 12493
18665 329 16456
17240 243 12169
15118 186 9339
15588 297 14857
18692 139 6968
18678 302 15150
18510 339 16985
14789 70 3533
17208 83 4178
18910 157 7877
16061 7 387
16894 135 6782
14891 179 8984
15395 89 4461
18935 95 4799
17087 361 18080
18495 102 5141
13896 24 1219
13982 34 1704
18032 186 9323
17522 59 2962
16298 110 5524
14068 68 3407
18765 60 3006
15386 38 1942
15456 184 9214
17596 47 2379
15507 2 123
17034 64 3203
18286 111 5591
16874 443 22196
15398 222 11106
15751 52 2629
14550 300 15004
18469 185 9290
16094 534 26719
13982 34 1710
17696 53 2695
17667 71 3598
16821 208 10433
17955 68 3419
17311 149 7470
18044 329 16458
16877 32 1634
13791 97 4896
16109 49 2471
14009 63 3197
17663 21 1095
13950 94 4732
18021 514 25705
15386 23 1156
15446 66 3302
15469 271 13563
14708 41 2097
16052 464 23206
13940 16 803
17132 205 10267
17138 102 5106
18773 12 601
14583 28 1415
15877 87 4365
14789 70 3542
14597 100 5011
16356 17 862
13937 60 3014
15086 30 1505
14686 79 3998
13715 92 4613
17754 75 3777
17387 40 2002
15527 18 941
15923 344 17214
17560 49 2462
17545 59 2993
13965 34 1731
16877 11 570
14362 75 3786
18685 35 1781
17669 85 4283
13897 39 1987
13732 99 4966
18793 60 3003
14409 155 7756
15774 343 17154
14726 60 3050
18733 41 2056
17371 269 13495
18497 351 17568
16232 156 7825
16021 302 15119
17169 322 16141
14335 160 8008
16172 224 11235
18910 132 6624
14580 23 1180
17560 138 6941
18603 170 8534
18031 225 11291
15079 15 795
18527 274 13720
18032 249 12493
14959 16 826
15442 35 1766
15106 240 12037
17206 486 24319
17996 103 5172
13709 18 923
14617 32 1633
17684 75 3780
15099 35 1787
13862 79 3987
17302 43 2151
13876 260 13011
17169 298 14924
17853 47 2386
16199 444 22210
17865 22 1101
18218 253 12698
18910 140 7024
18044 230 11511
15250 73 3691
18685 182 9105
15446 66 3302
18779 86 4345
13979 20 1004
18765 320 16042
18054 339 16998
14805 29 1498
17528 24 1227
13792 100 5023
16776 8 440
15350 43 2176
16158 66 3316
16499 188 9447
18010 225 11255
15877 245 12294
17578 12 605
14828 198 9937
15479 75 3755
13773 69 3476
14549 217 10888
16424 305 15286
14058 65 3273
16315 8 418
17726 25 1284
16433 85 4299
16422 23 1178
17955 190 9527
18048 89 4465
15308 46 2322
16101 102 5129
13878 33 1659
15592 8 407
14580 143 7158
17840 242 12110
17497 160 8006
16101 44 2227
18495 157 7867
17325 5 263
17955 206 10319
15099 26 1331
18021 655 32791
17196 55 2782
16513 15 778
17033 70 3545
18466 48 2418
16387 45 2275
14468 26 1336
17683 89 4483
13739 21 1055
18044 452 22615
13803 16 838
14784 9 488
18272 29 1477
13862 35 1800
15412 167 8382
17727 38 1942
14985 30 1536
17693 163 8198
17874 57 2863
17213 81 4063
14067 161 8094
14551 41 2097
17667 9 482
14771 214 10721
13736 51 2597
14739 5 292
15469 273 13666
14418 139 6967
16158 66 3307
14877 232 11626
13757 50 2544
16150 92 4618
16387 45 2275
14535 109 5472
15116 281 14055
17858 71 3557
16051 200 10019
18202 89 4459
15397 53 2678
16694 327 16374
17655 271 13587
15592 66 3302
14342 288 14434
14059 84 4213
17325 5 260
17111 212 10616
13767 88 4407
14760 3 166
18938 4 205
14043 66 3340
17467 5 263
16891 243 12171
15166 350 17542
16994 37 1869
16172 85 4294
13937 58 2929
13936 23 1170
17560 49 2462
15909 36 1838
14814 114 5702
17500 67 3381
14310 1 57
15463 210 10547
18753 138 6906
17367 18 941
14107 89 4458
14152 47 2354
16228 158 7946
14592 81 4062
17853 45 2296
17965 268 13432
14455 38 1907
14107 89 4458
18954 115 5758
15183 9 480
15416 122 6109
17869 44 2244
14611 182 9124
14562 59 2991
17847 277 13865
18773 30 1506
17726 51 2558
14335 160 8008
14611 182 9120
16852 311 15591
14043 39 1958
14281 158 7902
16520 37 1864
13714 113 5655
18021 260 13001
14220 43 2185
15867 64 3235
15116 117 5899
15917 285 14255
18954 328 16431
15900 138 6912
16499 233 11685
14569 77 3886
14772 142 7132
18795 143 7194
16679 64 3240
14801 150 7527
14899 285 14280
17652 55 2799
17663 21 1074
16150 209 10472
17974 165 8267
18617 22 1110
15593 97 4863
18701 21 1082
15873 256 12818
17793 41 2088
18779 69 3484
18910 140 7035
14357 5 289
15386 23 1184
15167 9 498
14582 60 3031
17169 246 12344
13770 2 110
17349 6 347
17111 182 9147
15927 320 16035
17578 2 140
15722 89 4458
14562 71 3565
17497 127 6380
18685 501 25066
13780 143 7156
13861 125 6275
17137 3 151
17053 26 1347
17793 41 2088
18685 501 25096
13714 72 3631
16852 197 9887
17029 158 7913
14257 237 11854
17847 120 6032
15800 262 13146
16852 316 15830
14343 37 1887
18673 105 5300
17701 55 2752
18031 291 14558
15872 38 1940
13767 46 2305
14067 60 3029
18034 62 3102
17726 74 3739
18918 142 7135
14067 156 7849
16011 154 7712
16073 105 5281
14366 31 1561
17514 86 4341
16584 94 4709
17132 182 9147
15592 8 443
13721 60 3028
17307 4 208
18044 449 22498
17354 40 2032
15867 10 511
15004 1 77
16852 316 15830
17306 68 3431
17271 12 614
17379 24 1202
16809 240 12038
15986 191 9558
17592 93 4698
18953 260 13003
17144 101 5099
17169 23 1187
15382 78 3942
17667 9 482
14597 144 7226
17528 18 920
15469 281 14058
15395 29 1492
15517 71 3573
14824 231 11557
14313 270 13515
18935 386 19323
18469 185 9287
16232 186 9334
18488 560 28039
18923 629 31460
14583 69 3486
14372 248 12448
14687 11 569
16731 491 24579
18761 40 2037
15762 193 9697
15894 0 16
18005 199 9972
16802 234 11739
16491 14 722
17365 29 1487
17661 50 2530
17853 7 400
16433 25 1254
14750 17 895
17503 247 12383
18612 93 4670
16226 3 185
14771 34 1711
14729 31 1560
15862 287 14383
15222 99 4975
16051 85 4262
15017 116 5837
13895 78 3938
16226 66 3303
13957 2 132
18048 267 13363
15482 116 5831
14766 22 1148
17312 203 10159
15697 29 1492
18506 79 3991
13702 58 2937
17327 75 3755
13791 201 10065
15291 319 15953
16162 71 3586
16122 161 8063
17467 5 263
17630 23 1180
15783 362 18108
14080 240 12024
15588 297 14851
16341 347 17359
15251 159 7968
14541 167 8386
15267 163 8199
14306 228 11406
17137 61 3058
13725 126 6349
18712 403 20166
15701 218 10927
14455 95 4791
15415 226 11342
13714 113 5666
18021 77 3899
17974 264 13232
18955 54 2748
15234 101 5075
18218 219 10989
15900 127 6399
16867 100 5017
16867 40 2018
16172 103 5195
13803 171 8579
17524 41 2085
14107 89 4476
16910 171 8600
18645 68 3450
13991 46 2305
15116 281 14055
17029 179 8999
16726 85 4270
18923 183 9180
14220 45 2288
14965 141 7066
17978 30 1501
14743 44 2244
14917 3 191
16529 73 3678
13791 54 2723
18678 327 16370
14375 138 6931
18687 351 17556
16579 76 3811
16752 17 884
17853 7 400
15061 181 9069
15851 19 968
17973 46 2320
16726 16 821
15766 15 797
14068 224 11247
15125 174 8722
15862 180 9040
14212 184 9246
14553 190 9521
15161 79 3966
17726 126 6350
16906 46 2328
15588 297 14857
17314 66 3335
16150 92 4618
13763 93 4674
18794 162 8104
18286 169 8489
15425 40 2044
18748 151 7573
14136 26 1317
17692 190 9532
14059 84 4213
17861 396 19806
17489 147 7356
18044 230 11543
16169 113 5674
16529 33 1660
15395 87 4369
16826 362 18103
15900 143 7200
18665 240 12014
14639 39 1988
17851 113 5684
18927 65 3272
14122 45 2296
14764 63 3172
14993 66 3308
16339 171 8554
18927 53 2668
17521 50 2510
16529 33 1660
15166 70 3531
18782 52 2618
17387 38 1910
15828 292 14603
16891 131 6565
18062 241 12092
17955 158 7913
14736 271 13569
14009 63 3197
14310 0 3
14975 63 3161
18760 121 6058
14021 4 219
18021 77 3851
16172 471 23589
17851 58 2924
17458 55 2787
18021 507 25355
14603 15 792
18732 26 1322
16524 389 19498
17349 104 5207
14446 11 552
18502 11 569
14789 70 3533
18910 157 7877
17030 93 4674
15486 8 421
13745 39 1967
14030 58 2921
14551 204 10239
18794 162 8142
14040 28 1427
15828 443 22172
17500 60 3021
14209 22 1111
15456 100 5013
15115 126 6330
17846 131 6560
15426 83 4164
16529 38 1905
15592 59 2997
17344 118 5927
15527 12 625
18527 674 33741
18927 65 3269
15469 291 14589
16852 70 3523
17367 133 6667
14186 15 767
16286 473 23688
15238 5 266
15167 36 1825
16852 70 3523
13865 89 4494
16089 372 18614
18794 85 4256
15350 138 6903
14246 116 5830
17217 68 3433
14828 198 9910
17591 67 3384
17449 46 2333
14281 52 2618
17057 76 3821
17987 76 3828
17578 11 579
14063 92 4613
16894 89 4478
14399 47 2398
17166 5 273
14784 57 2860
16281 74 3718
18031 274 13726
18615 231 11567
18935 383 19168
16978 298 14919
14746 88 4414
16935 364 18243
14715 57 2871
17615 4 218
15161 60 3017
18923 291 14562
17195 32 1616
18495 82 4146
18035 183 9151
16976 36 1838
15391 201 10077
17186 2 119
13767 91 4583
15931 521 26051
17144 22 1133
14007 126 6340
15267 163 8196
15473 57 2856
14468 119 5964
13807 38 1915
16168 42 2114
17309 17 878
17503 247 12383
14431 47 2391
18863 86 4315
18954 328 16431
15463 246 12350
17144 118 5918
16216 88 4421
18764 42 2137
17726 51 2568
18062 241 12096
17137 146 7304
18018 43 2160
17307 31 1551
16584 94 4709
16752 10 501
14108 88 4426
16134 370 18516
14438 137 6874
17352 290 14528
14044 32 1646
14310 1 96
17220 23 1199
14080 115 5799
13791 148 7430
13799 30 1520
18713 4 215
18701 8 425
16852 70 3501
13799 40 2034
17367 18 911
15762 147 7376
14067 47 2373
18782 72 3647
18741 27 1397
17978 123 6197
18741 21 1073
14580 23 1180
15722 89 4460
15128 229 11498
15403 156 7802
15954 208 10412
16965 69 3464
16891 243 12191
15395 29 1497
13719 50 2505
15291 125 6267
15785 256 12827
14428 188 9432
15880 26 1325
13923 25 1264
17514 3 169
15862 5 293
18615 438 21945
14669 65 3259
14212 184 9213
18286 191 9561
15931 198 9944
16759 7 393
16162 0 50
18935 391 19583
17354 20 1038
17383 115 5787
15682 106 5305
13913 55 2792
16726 143 7176
14218 10 528
18603 256 12823
17475 164 8213
16950 84 4214
14009 90 4539
17206 104 5206
14220 39 1962
14542 289 14461
16499 514 25733
17524 127 6383
14043 57 2858
17162 177 8894
14965 203 10178
15901 183 9190
14038 39 1977
18637 138 6924
14939 67 3379
18603 170 8521
18931 50 2528
15955 39 1987
17467 80 4032
16529 36 1841
15422 46 2311
17514 54 2739
14535 156 7819
13708 2 118
17137 149 7468
14569 77 3897
16060 173 8676
14038 37 1872
17996 103 5172
14912 73 3694
17566 42 2125
15415 65 3284
15130 26 1318
14749 191 9597
15315 6 336
13763 247 12396
18685 29 1456
13921 47 2358
15479 76 3842
15086 30 1505
15969 105 5288
15961 370 18533
13982 109 5499
15149 22 1132
15478 358 17930
14607 67 3358
17451 23 1153
15286 12 635
17596 47 2379
18953 316 15848
17990 100 5020
14555 114 5736
15774 249 12481
14771 204 10221
17874 57 2874
14739 5 292
14888 217 10876
17985 149 7488
17407 141 7092
14749 223 11164
17661 29 1458
17853 2 119
15114 28 1425
15339 262 13107
17648 50 2549
13708 71 3555
17493 214 10704
17458 55 2787
16021 478 23943
18678 317 15895
13913 55 2790
15246 126 6339
14959 269 13468
15411 119 6000
14209 125 6276
18603 256 12803
17316 115 5753
16894 20 1046
16118 79 3963
13725 126 6349
15880 26 1325
17630 96 4848
14063 245 12264
18021 438 21935
15501 96 4814
14334 72 3622
15111 71 3568
16172 462 23122
13921 47 2360
14901 200 10039
15423 38 1941
14559 282 14105
15867 145 7265
15931 0 45
18488 560 28039
17137 16 818
14464 66 3325
16089 372 18610
17030 44 2213
14458 69 3464
14549 217 10872
17874 22 1115
18032 242 12136
13982 100 5044
14291 138 6904
14788 49 2488
15715 221 11079
17414 99 4977
18054 436 21827
14816 152 7614
18959 17 892
15774 343 17154
17220 23 1199
14080 205 10277
18651 14 707
14611 182 9129
13719 1 73
18673 47 2352
17314 57 2851
16920 9 467
15800 11 592
16036 471 23578
18044 468 23427
14030 89 4487
18495 102 5112
18048 260 13033
15976 101 5084
14535 156 7811
18910 86 4302
17210 229 11463
16158 182 9101
16169 301 15075
16101 69 3484
17312 186 9324
14555 141 7073
15395 95 4783
17614 35 1753
15478 358 17930
15267 163 8199
13929 12 650
17164 78 3903
18685 501 25094
17840 132 6615
18238 255 12763
16317 67 3352
16205 122 6103
14068 68 3407
17727 38 1909
14171 47 2374
16094 464 23242
17478 125 6285
16221 23 1183
17089 49 2462
14451 15 799
17853 7 400
17414 40 2038
14726 29 1487
15242 182 9121
17990 129 6490
14750 25 1261
15125 134 6725
17426 2 142
14171 17 900
15274 35 1789
18935 167 8376
17231 90 4509
14729 57 2877
17596 46 2310
13913 288 14435
17034 221 11096
17965 265 13254
16750 33 1656
18733 41 2079
15593 178 8926
13714 133 6685
15128 229 11487
15149 93 4697
14592 69 3490
15125 134 6725
18678 226 11338
14062 263 13194
15345 148 7427
17522 15 800
15457 194 9745
16867 163 8172
15877 58 2908
14067 192 9607
16821 195 9751
16315 59 2962
17596 47 2371
18245 210 10502
17306 68 3432
18026 166 8335
14310 1 57
16119 13 697
13721 60 3006
18057 4 234
17956 128 6449
14673 70 3506
15291 232 11620
17195 209 10459
14350 32 1636
17401 98 4942
14617 32 1624
17693 42 2116
18637 138 6907
18010 232 11603
14375 133 6683
18760 149 7470
16168 42 2114
18793 40 2015
15799 193 9683
18863 35 1789
15966 347 17363
16849 118 5932
17631 20 1021
13861 28 1416
17196 55 2782
15492 28 1429
16051 85 4258
17631 51 2574
17524 101 5095
17998 145 7287
17048 85 4271
18954 250 12519
17698 6 336
16315 59 2969
18733 50 2541
15966 151 7590
18678 338 16902
17985 203 10187
17029 99 4963
16466 88 4401
14592 81 4085
17108 25 1288
18732 16 840
17195 209 10497
13913 142 7122
15923 248 12427
17435 16 831
14220 39 1961
13791 8 435
14873 249 12468
13935 110 5505
18005 180 9048
14873 291 14582
15416 122 6116
15409 17 857
17087 359 17961
17631 20 1022
14550 10 532
15098 47 2361
14592 69 3484
18034 136 6825
17144 14 725
16544 117 5896
14080 140 7049
17053 113 5684
17678 6 340
17724 53 2661
14067 100 5034
17166 7 355
15103 106 5341
15504 85 4288
17255 43 2152
16340 416 20839
15099 68 3408
18527 716 35850
17956 251 12584
15701 3 193
14186 207 10352
18218 62 3144
15416 77 3894
16172 32 1632
13739 19 952
14096 91 4580
17091 45 2266
18489 219 10983
17611 105 5269
15762 40 2050
18692 78 3938
18527 279 13997
16821 409 20463
13762 86 4305
15257 3 191
17355 78 3918
17398 246 12330
14451 15 799
13913 55 2792
15146 61 3076
17506 69 3498
14080 240 12026
14079 166 8333
14568 25 1287
18938 17 895
16013 20 1011
18225 79 3994
14350 42 2149
16222 12 625
13929 10 508
15079 15 795
16173 191 9593
18218 160 8003
17271 66 3331
18226 215 10793
16091 28 1438
15061 71 3565
16317 40 2005
16172 419 20974
14026 90 4540
13864 15 763
17578 2 120
16858 173 8695
14739 5 292
17840 132 6645
15877 26 1313
17367 90 4540
14146 55 2771
16962 10 547
16551 373 18691
14569 159 7995
15118 186 9339
17204 43 2176
15086 168 8436
14802 286 14340
14592 69 3484
16271 82 4134
15057 122 6132
15398 357 17867
14372 13 663
14784 57 2860
16158 66 3343
15792 222 11148
15086 184 9239
13965 18 926
17648 50 2549
17853 2 119
14127 182 9137
18026 166 8335
14939 60 3013
15859 109 5467
14924 147 7362
16965 210 10503
18242 178 8931
14453 139 6969
18918 139 6978
16952 0 35
16524 383 19166
17675 48 2410
17257 15 768
15291 125 6267
18699 161 8089
15017 122 6128
14631 27 1362
18286 21 1086
15592 96 4815
14592 81 4061
14327 26 1337
17661 29 1478
18793 56 2839
17724 53 2656
17383 416 20806
15960 241 12059
17132 91 4584
15440 44 2239
13862 153 7652
17630 161 8072
14446 11 573
18005 112 5637
17255 28 1413
14401 91 4569
16250 17 898
18752 161 8067
17475 164 8240
18044 329 16477
16540 19 960
15915 162 8144
14975 102 5141
15140 182 9116
16272 320 16049
17410 60 3035
15590 171 8554
13787 23 1177
18242 93 4667
14816 152 7611
14829 4 208
14553 190 9549
16731 418 20917
16159 150 7516
17963 53 2699
13913 66 3342
14103 75 3774
17034 64 3203
15762 233 11691
17504 31 1590
15397 219 10977
16978 298 14902
13762 27 1386
17472 17 896
13809 135 6798
16169 357 17899
14093 196 9841
16358 49 2497
15478 52 2636
14760 149 7451
14874 133 6691
17307 4 209
15491 46 2348
18793 56 2839
16028 460 23019
13809 41 2099
14000 54 2719
14455 38 1907
13762 27 1386
18244 362 18112
17560 56 2819
17652 50 2521
17206 388 19450
13791 244 12245
13712 127 6380
17328 29 1484
17874 64 3216
15017 5 257
18673 105 5254
14981 173 8697
17652 50 2501
18032 175 8798
15160 258 12922
17671 410 20513
18923 304 15244
15639 189 9475
18527 279 13962
18650 46 2328
17493 95 4794
15111 71 3597
14597 144 7235
18032 250 12517
15115 118 5941
17754 75 3777
16152 39 1957
17662 57 2889
13714 50 2528
17990 444 22220
15851 53 2660
16158 32 1619
17851 34 1706
18272 75 3782
18574 401 20078
18005 180 9028
18935 71 3575
14924 39 1954
14582 60 3030
14789 122 6107
15442 51 2567
17684 75 3780
17169 347 17378
14313 270 13515
15116 282 14141
17493 214 10704
16340 422 21147
16975 70 3549
15433 170 8506
18771 51 2573
17196 57 2899
17986 10 510
15792 222 11129
18678 303 15163
16762 37 1900
14812 89 4455
18286 78 3911
15174 53 2696
15154 74 3724
17472 17 862
15122 62 3102
18497 206 10337
16101 81 4073
17169 23 1188
16776 222 11128
16778 73 3674
17667 85 4288
18685 501 25094
18794 112 5603
17557 17 894
18741 27 1400
17972 157 7854
15783 252 12623
13935 227 11367
16513 15 772
18935 391 19583
16894 5 286
17144 22 1115
15128 209 10496
16506 5 257
17684 44 2222
17727 38 1942
14413 2 111
14014 162 8140
18018 43 2152
14981 135 6796
15639 169 8492
13803 171 8564
17661 46 2344
17387 10 514
13895 42 2124
15479 33 1699
14372 83 4196
18935 257 12871
17011 199 9969
16036 318 15910
18794 56 2827
14977 8 436
18261 4 245
16216 105 5251
17383 398 19912
18039 55 2800
17482 77 3894
14784 9 488
16222 54 2722
15923 451 22592
15851 19 951
18922 15 782
15900 138 6912
17637 16 811
14981 199 9989
16159 158 7945
14220 43 2185
14438 178 8904
18225 140 7049
16119 273 13676
15969 105 5288
17972 127 6396
13945 178 8901
16906 32 1644
18793 31 1600
16013 212 10617
16158 260 13023
16162 72 3609
17755 14 737
18054 436 21821
18574 349 17485
14736 256 12802
18495 82 4148
17369 24 1245
18733 7 355
15315 30 1549
18031 291 14560
14902 135 6765
13962 13 661
16874 403 20189
18795 111 5588
14899 87 4351
13732 99 4966
17658 73 3693
14673 16 841
16228 230 11521
15426 41 2069
15004 1 64
16118 120 6040
17255 43 2168
17840 369 18480
13763 14 750
16094 534 26705
15989 307 15361
16122 452 22626
15417 2 114
15428 252 12619
14468 110 5505
13736 177 8856
15397 226 11350
13736 51 2587
17974 255 12761
17663 21 1095
15242 182 9106
15774 490 24537
17326 81 4067
13970 8 419
15130 70 3521
18953 260 13003
17128 8 413
15915 180 9018
17137 146 7333
13864 55 2781
16874 468 23417
17387 5 267
15350 197 9881
14873 249 12468
14543 95 4754
17435 16 831
16891 154 7712
14641 193 9679
14212 184 9234
17169 67 3357
14186 207 10352
15106 17 872
15222 99 4975
18615 438 21945
13780 143 7191
15961 370 18539
15952 74 3719
14165 54 2749
17206 332 16630
16847 0 34
16962 191 9562
15098 57 2880
17693 153 7667
15715 197 9857
17724 34 1747
18935 174 8724
16028 421 21100
17144 14 725
13803 16 838
14582 60 3044
17243 84 4241
14631 108 5428
18678 309 15489
15783 233 11683
17524 79 3993
15238 175 8767
18225 492 24613
17560 41 2081
17030 44 2224
17990 46 2332
15382 239 11974
18910 157 7877
15291 266 13305
17522 59 2962
18926 106 5338
17986 227 11391
13720 10 507
15154 74 3719
15783 167 8382
14165 70 3505
17987 18 931
15415 245 12284
15257 6 303
13864 143 7152
15166 335 16760
17307 17 896
13767 50 2528
14917 3 158
16960 47 2400
15900 143 7186
15154 74 3724
18265 160 8005
15136 36 1837
17701 49 2462
13865 251 12570
15397 152 7627
14464 66 3342
16172 377 18856
14550 280 14006
13732 99 4961
17667 246 12336
17422 0 16
14205 12 642
14319 18 901
15593 178 8926
14464 84 4219
16286 473 23696
15252 20 1011
14438 178 8904
14067 147 7389
15923 344 17224
16411 208 10432
14555 23 1194
18954 3 160
15339 180 9006
16588 195 9778
17204 108 5409
15099 151 7583
18039 110 5531
15902 436 21828
18024 291 14557
13763 93 4674
15794 119 5971
15882 198 9914
16821 207 10396
15923 344 17214
18760 149 7486
14558 55 2763
15161 186 9317
14766 7 374
18514 105 5255
16506 124 6243
15801 140 7032
14124 203 10178
15125 134 6725
17987 138 6944
14764 63 3160
16852 178 8930
18733 41 2070
15588 354 17744
18469 145 7285
15166 70 3531
13945 246 12329
14998 188 9430
13861 28 1412
16060 173 8676
17596 47 2355
17667 246 12336
13712 74 3711
17560 100 5005
13970 5 255
15125 174 8736
17726 15 774
18489 219 10983
17560 41 2080
16750 92 4638
15960 140 7016
15873 123 6189
16849 187 9390
18228 182 9130
18678 317 15895
14105 32 1626
18488 314 15706
15492 28 1429
18048 320 16020
16731 459 22995
17144 22 1133
14535 109 5472
18488 536 26833
15322 63 3189
16529 30 1550
16169 100 5011
14191 209 10464
17251 43 2157
15430 70 3530
17217 70 3504
13791 122 6124
16735 59 2991
17648 12 630
17592 125 6298
18021 422 21119
18713 14 747
18678 317 15861
18692 299 14974
14708 24 1233
15099 35 1754
16199 126 6338
16679 83 4200
17055 146 7334
17684 154 7731
16152 111 5555
18035 230 11531
14592 57 2880
16104 55 2773
13950 180 9029
17098 64 3206
18794 162 8149
17858 64 3201
16877 24 1215
14626 143 7195
15116 302 15131
14632 102 5108
17243 86 4312
18244 98 4934
18286 111 5562
18527 466 23329
15345 148 7434
16221 4 231
15167 9 498
17955 206 10319
17108 32 1649
18659 109 5483
18021 637 31896
13780 143 7156
14549 106 5301
17648 0 35
15155 34 1719
17975 72 3647
15382 184 9233
13911 147 7399
18760 191 9578
17663 21 1095
16422 20 1045
18645 68 3437
14229 82 4115
15923 326 16347
15783 343 17167
15466 256 12837
18040 43 2165
14157 60 3039
15762 91 4551
16199 444 22210
18741 27 1397
18756 54 2708
17451 311 15592
17631 7 376
18951 306 15345
17761 63 3196
17217 68 3433
17858 168 8431
18263 126 6323
17128 25 1273
17686 274 13750
14558 147 7396
17004 286 14311
14768 190 9529
17004 229 11478
17030 44 2213
17637 73 3688
18699 161 8089
15801 487 24389
14901 310 15514
17865 96 4808
13714 72 3631
18527 716 35803
14771 34 1711
18603 170 8539
18910 88 4402
18286 58 2924
13970 5 255
15099 118 5948
17985 338 16945
14673 57 2865
17208 69 3468
18872 1 92
17521 84 4211
14464 124 6202
16169 220 11036
17414 190 9526
15479 354 17728
15246 124 6235
17077 8 438
17128 148 7419
14458 37 1861
15593 169 8451
17323 27 1381
14901 7 396
16826 193 9684
18733 43 2170
15257 170 8510
14750 17 895
16762 1 58
18225 24 1208
14553 294 14748
14936 23 1175
15873 256 12818
18244 284 14202
15894 185 9260
15238 5 266
17231 57 2882
18039 55 2800
17985 229 11488
18021 454 22746
18646 2 113
16222 54 2733
15916 461 23083
15106 208 10433
14401 103 5172
18244 143 7167
17986 72 3617
14924 135 6790
14531 35 1783
16228 219 10978
16852 311 15591
13865 251 12570
16743 21 1061
14291 24 1201
17302 78 3918
17090 64 3246
15151 283 14189
16356 18 906
14067 57 2885
13862 4 250
17851 58 2919
17691 19 953
18574 340 17017
18915 331 16583
18265 208 10432
18265 8 449
14067 15 789
13957 2 126
14936 32 1604
17696 53 2695
18035 41 2073
15783 128 6433
16221 31 1591
18031 291 14584
15061 71 3565
18021 390 19514
14000 57 2857
18773 30 1506
16106 53 2682
17998 3 185
16877 16 827
16946 130 6508
16466 56 2849
17271 93 4686
17594 72 3624
17338 56 2824
15353 170 8541
15426 83 4151
15785 155 7776
17500 67 3385
13799 42 2111
13803 16 838
14935 130 6516
17655 57 2885
13762 260 13048
13861 127 6385
15099 15 783
18612 87 4386
16172 121 6095
17195 118 5901
17029 99 4970
18018 43 2194
17973 27 1365
15883 26 1325
13729 80 4045
14555 141 7051
15682 28 1438
15111 289 14466
15417 2 138
15931 42 2138
15430 57 2895
13773 252 12648
18235 41 2075
13907 16 837
13809 135 6759
18794 52 2649
15486 320 16002
17164 112 5639
16726 187 9375
16894 134 6727
15257 170 8531
15274 35 1789
14372 63 3168
14335 232 11643
17978 126 6319
16199 27 1370
15136 92 4635
15800 48 2429
16228 230 11521
16173 191 9571
14205 27 1364
15792 222 11105
13895 41 2068
14914 33 1678
14446 15 766
17563 79 3964
17541 26 1322
18218 111 5565
17302 78 3918
13911 140 7025
15409 17 900
14467 162 8149
18724 33 1697
14975 102 5141
16962 290 14507
15766 37 1871
15486 177 8888
14121 47 2360
14907 181 9080
15669 29 1455
14788 49 2476
17545 36 1802
16038 246 12308
18765 183 9189
16134 166 8319
17091 64 3230
13862 174 8708
17978 193 9696
17615 4 218
16852 316 15830
13773 53 2668
17146 13 654
18039 12 639
17521 18 907
17615 6 306
14030 50 2509
14220 25 1258
15125 66 3307
14203 52 2609
16962 10 547
17840 362 18129
14530 1 73
18910 77 3874
14117 12 644
15291 204 10204
18024 366 18343
14021 4 219
17166 0 29
17615 4 218
13708 71 3584
15961 70 3549
16867 276 13827
14690 21 1096
13791 54 2750
17144 22 1115
17783 66 3339
16112 487 24355
17144 86 4335
14553 292 14616
13913 91 4572
16172 413 20671
14186 194 9745
17053 113 5678
14438 74 3716
13895 62 3128
18218 341 17089
18712 409 20494
13709 18 912
15762 98 4924
13913 66 3323
17763 1 53
14112 59 2956
16750 1 95
16679 12 622
14372 84 4213
17414 40 2032
17849 2 142
17004 242 12133
18954 115 5797
17435 16 805
14392 96 4815
16529 33 1660
16222 145 7251
15440 44 2216
15477 7 373
14580 143 7187
14036 12 622
17655 410 20528
18057 38 1926
14464 84 4219
18574 401 20078
18021 77 3894
18228 117 5852
18753 124 6250
15410 77 3872
15322 149 7496
13923 25 1264
14644 281 14081
18665 250 12549
13865 113 5661
15966 369 18456
15231 157 7869
16910 171 8600
15177 20 1020
17210 229 11463
18497 206 10345
17036 433 21699
17132 205 10258
14030 74 3713
14062 241 12052
16579 51 2598
16205 314 15722
17422 26 1342
16975 191 9576
18218 174 8740
17620 69 3474
17651 6 308
17125 21 1090
16891 131 6594
18699 180 9037
17408 20 1019
14882 143 7157
14749 128 6447
17089 33 1699
17302 51 2565
17745 16 844
18228 125 6292
13861 125 6291
14026 109 5473
17372 103 5152
18631 54 2736
18794 362 18144
17869 42 2139
18927 20 1018
13739 19 952
16826 362 18149
16867 40 2002
17213 83 4173
14877 173 8685
17986 10 510
14105 124 6220
18733 25 1262
15701 332 16623
17055 18 936
14259 82 4103
15242 74 3713
17578 11 558
14611 182 9120
18733 41 2070
16021 478 23943
17095 16 830
17840 284 14208
17077 61 3086
15766 15 797
17029 99 4970
15846 112 5635
17137 215 10795
13950 180 9029
18225 79 3957
14030 71 3554
13805 282 14127
16169 64 3210
17621 175 8796
14418 139 6967
15417 24 1244
14453 107 5381
17849 103 5195
17383 398 19943
17217 106 5328
17095 16 830
17169 23 1188
16845 199 9971
14431 47 2366
17089 104 5238
13767 11 596
13773 53 2668
13862 104 5218
15106 208 10420
14985 10 504
17684 89 4498
18753 124 6224
18244 353 17657
14725 16 829
17722 121 6069
13895 42 2127
15808 31 1561
18615 438 21945
14729 188 9403
16008 133 6679
14350 32 1624
18673 47 2373
16118 79 3963
14550 188 9426
14882 96 4824
16852 197 9870
17383 398 19943
17095 130 6515
16499 233 11665
14080 181 9051
15061 122 6102
13763 254 12701
14986 104 5241
17724 34 1739
17522 59 2962
17166 8 434
14458 25 1295
17095 16 830
15862 5 287
13715 92 4607
17367 133 6665
14590 92 4641
16889 250 12543
18062 241 12060
17955 206 10319
18794 85 4256
18032 242 12136
14985 10 538
17978 119 5961
17090 64 3246
18882 106 5340
15457 212 10636
13799 30 1520
17693 82 4125
16094 534 26705
17987 18 941
18935 31 1583
15989 440 22004
16169 362 18106
15231 157 7865
14914 250 12532
15339 180 9021
15179 22 1102
17666 50 2523
14814 175 8764
18753 49 2489
17965 255 12794
15862 5 288
15806 14 720
16112 20 1042
13762 64 3229
17126 7 370
14802 286 14340
17840 242 12110
14802 70 3539
15794 119 5971
17695 1 91
15411 153 7690
14611 182 9120
14582 1 65
14749 63 3197
15322 137 6882
15921 137 6879
18717 39 1981
17169 6 309
14882 169 8468
15074 15 782
17598 39 1995
16122 452 22631
18021 370 18538
17965 11 570
17596 6 314
18057 137 6877
17851 182 9135
17684 75 3780
18026 166 8335
18760 191 9586
15014 146 7306
14428 194 9713
16437 8 428
17369 26 1317
14421 11 571
17724 14 734
17695 1 91
15391 285 14298
15656 48 2406
15701 255 12789
18765 60 3006
18631 54 2741
17243 13 651
15111 71 3568
17108 25 1259
14874 239 11965
18021 386 19342
15395 95 4783
18228 125 6292
14726 94 4714
17731 20 1008
16028 226 11345
18286 58 2914
17849 118 5901
14690 25 1267
16411 87 4384
14281 52 2645
15427 8 426
16052 7 358
14824 231 11557
14607 47 2365
17493 95 4794
14220 39 1962
18028 66 3340
16507 31 1557
18685 238 11921
14152 47 2354
18933 95 4766
14771 214 10721
16271 82 4150
14582 1 65
16491 14 722
18267 25 1261
14569 77 3897
14067 30 1518
18615 150 7517
14985 170 8539
16584 94 4709
16322 1 93
14882 96 4824
17631 51 2555
18760 150 7504
13803 195 9783
15639 176 8820
16158 343 17184
13770 10 529
17755 14 737
14040 28 1439
17869 44 2219
14801 40 2021
16877 16 802
16317 67 3369
14936 23 1175
18048 379 18997
16761 380 19004
16119 273 13699
14985 10 538
15392 114 5713
17662 64 3227
17869 180 9042
14191 204 10228
16281 85 4270
18024 573 28681
14123 39 1989
17162 171 8557
13897 37 1883
16731 459 22979
18577 291 14576
16147 327 16393
17365 29 1462
14619 151 7597
15762 233 11670
13763 131 6589
13942 75 3761
13792 118 5915
14413 2 111
14257 237 11853
14882 43 2171
14814 175 8764
17545 10 501
17087 45 2280
17034 221 11096
17344 118 5913
18052 49 2465
14038 107 5396
17316 41 2060
18286 90 4533
18218 147 7391
16962 191 9562
14634 123 6178
18923 416 20828
14392 214 10717
16867 40 2018
15916 290 14529
13715 53 2674
18282 94 4704
18488 314 15706
15350 197 9881
14626 143 7166
13707 126 6327
18218 111 5565
15909 36 1838
17667 257 12871
15965 497 24868
17467 80 4032
16162 72 3624
16341 416 20825
16169 333 16688
17090 64 3246
15154 65 3261
14438 74 3721
15174 204 10202
14093 136 6838
14756 63 3180
18233 171 8577
14603 15 792
17724 53 2661
14981 117 5863
14344 14 736
14924 135 6787
14171 51 2560
15915 129 6466
15952 134 6704
13779 8 439
16172 105 5290
15382 20 1044
15527 19 996
15061 181 9069
15423 41 2096
15103 225 11286
17196 55 2782
17978 47 2386
15098 39 1967
13937 40 2047
18039 175 8761
15808 51 2577
14153 96 4841
14455 147 7355
17024 13 678
16094 46 2330
18482 25 1254
17630 122 6148
18527 466 23302
16843 299 14996
14446 24 1208
17390 21 1095
14749 4 215
17164 112 5639
17100 67 3399
18692 299 14987
18021 77 3852
18510 339 16976
18795 82 4101
18793 56 2829
14985 64 3222
15954 208 10415
14736 256 12802
16109 148 7431
17686 274 13727
14597 27 1368
13861 141 7088
16169 100 5011
18267 3 166
17521 20 1027
18794 68 3433
15130 37 1879
17098 64 3206
18048 186 9335
14067 48 2416
17851 173 8673
17840 369 18480
17401 98 4920
18268 5 253
15634 126 6312
14363 34 1707
17763 12 637
17684 150 7516
13935 70 3542
14959 277 13874
18753 124 6224
14401 91 4554
16317 40 2005
16906 84 4211
14124 155 7779
17166 0 29
16524 25 1276
15976 72 3606
18052 49 2465
17963 66 3319
18495 127 6395
16524 389 19498
17011 16 820
15762 149 7472
17671 320 16011
14067 48 2426
13767 0 7
17524 126 6312
16200 75 3771
18527 279 13978
17598 18 941
17206 254 12733
15709 25 1298
17383 444 22219
18495 102 5141
18882 143 7154
13929 10 508
18922 574 28707
17479 26 1311
15762 296 14813
14140 33 1691
17986 186 9339
16847 0 7
18495 105 5256
15762 63 3160
15639 194 9702
17851 173 8685
16173 201 10093
17111 105 5275
14212 222 11143
18760 317 15862
16875 22 1102
18010 225 11296
17364 93 4684
18506 90 4521
18903 356 17811
17987 38 1904
15427 12 615
15398 228 11425
14153 18 924
18913 38 1928
14043 57 2858
14186 75 3764
16205 298 14913
18463 177 8888
14067 57 2889
15783 213 10695
15872 38 1935
13913 199 9962
17783 111 5577
15397 57 2897
17164 78 3923
14603 88 4419
14729 89 4493
16852 197 9872
17055 295 14781
17030 93 4677
17722 121 6094
14271 253 12693
17701 2 108
14186 194 9726
17240 517 25857
17479 7 361
17514 86 4341
15174 91 4569
18673 13 668
13763 132 6611
18935 167 8376
18955 117 5851
16906 32 1619
17965 263 13160
18021 422 21124
14007 29 1494
17978 126 6319
14335 226 11317
17620 241 12077
16743 21 1094
15167 36 1803
18242 162 8140
15473 240 12023
15492 32 1634
16978 298 14902
13707 5 268
16731 165 8281
14530 8 446
18795 235 11792
17620 227 11371
13709 30 1548
17598 18 917
17246 7 399
17195 209 10498
15017 197 9900
16513 15 795
17726 83 4171
15339 177 8899
16122 161 8063
14756 107 5370
16986 38 1926
16172 126 6312
17851 58 2919
17960 207 10385
14024 10 522
16504 149 7457
14021 75 3786
17328 29 1484
17506 69 3475
13739 19 991
17210 198 9942
14458 84 4213
14623 23 1184
15961 391 19556
16052 208 10445
18469 139 6981
15986 234 11713
18242 15 775
15411 241 12087
14763 56 2824
17965 265 13254
17726 131 6564
14582 1 86
17724 34 1733
15527 3 194
17514 3 169
15785 59 2984
15301 117 5862
15894 118 5904
18760 149 7478
16222 157 7861
14690 17 883
16960 47 2400
18024 366 18343
14293 252 12627
17166 5 278
15952 132 6609
18244 279 13973
13970 29 1484
14959 31 1580
15986 42 2114
16109 148 7431
18927 61 3094
18026 166 8335
16948 103 5200
15398 372 18628
16935 188 9430
14993 66 3308
16845 140 7006
14891 10 515
13791 195 9781
15167 20 1034
14026 98 4923
15785 59 2984
15125 174 8736
17055 18 924
17323 27 1378
16726 16 821
15590 71 3584
16506 5 295
15970 93 4665
14874 160 8016
16411 11 566
15415 52 2615
18701 21 1068
14959 31 1580
17307 126 6321
18021 536 26826
17696 53 2680
13929 10 508
18760 149 7496
18229 1 60
14597 70 3547
18497 328 16403
14939 60 3013
13714 25 1283
18779 77 3881
17137 61 3058
14063 92 4613
14401 226 11303
18286 97 4868
18031 291 14597
18717 43 2171
15676 184 9236
14319 5 268
15251 110 5504
16228 186 9302
14985 64 3211
15395 29 1497
15386 96 4820
16023 462 23148
18005 229 11466
15415 226 11302
14112 122 6144
17987 80 4013
15715 34 1746
15267 77 3862
14959 269 13468
15420 7 359
18677 142 7149
17563 79 3964
18233 73 3655
17726 74 3739
17691 19 953
15593 178 8918
14165 116 5829
18764 42 2137
14749 209 10466
18701 116 5834
17697 15 769
17851 173 8685
14543 132 6635
17137 83 4169
13940 16 835
14007 121 6098
16101 81 4073
17545 10 501
18044 230 11539
18959 39 1985
16281 433 21651
17030 44 2224
17352 44 2249
14413 2 111
15766 15 775
18238 255 12798
18795 235 11792
17691 55 2763
14446 18 912
18733 50 2530
16891 10 549
18244 30 1517
18245 199 9975
17353 12 626
17614 35 1751
18752 534 26735
18034 86 4311
13865 76 3804
18516 364 18240
18242 101 5083
13907 16 808
16741 40 2005
18463 177 8887
13792 65 3284
17569 18 940
15257 127 6389
17521 1 66
14112 190 9510
14877 232 11614
16965 123 6184
18760 150 7503
18692 170 8533
17098 64 3206
16776 222 11128
13732 33 1671
14582 1 70
17591 86 4350
13993 79 3970
18218 216 10820
15901 183 9154
17683 7 369
17722 121 6089
14159 183 9176
14708 34 1715
14062 56 2820
18951 115 5770
14545 112 5628
15828 429 21477
18795 1 73
14080 181 9051
17325 5 260
14631 27 1362
15927 84 4248
14136 26 1317
14977 20 1045
18235 16 831
14186 15 779
14639 39 1988
14185 8 422
15103 106 5341
16109 148 7414
18021 77 3852
13702 141 7083
17410 2 141
17053 113 5678
14124 176 8818
14912 75 3773
15888 24 1211
18218 219 10977
15851 92 4626
15923 367 18396
16226 18 934
15923 48 2405
14603 15 792
14583 5 260
18244 263 13189
15312 67 3352
18021 77 3856
15766 24 1240
18793 31 1576
15836 35 1794
14935 290 14531
17830 25 1296
13707 144 7241
18794 56 2843
13929 12 650
16975 112 5647
14306 198 9910
15676 184 9236
14998 67 3385
17851 128 6411
14549 83 4200
15464 156 7804
13907 16 837
15873 256 12818
15762 80 4004
18054 264 13242
17620 69 3474
15785 155 7780
16228 203 10167
15252 14 731
14891 46 2326
13935 227 11399
18713 4 215
17560 49 2462
14560 0 21
16172 301 15094
14062 5 271
14603 88 4419
14801 30 1513
18218 185 9255
14007 0 9
15931 14 743
17648 13 673
16741 481 24052
17655 393 19654
18615 319 15957
15492 4 232
14743 187 9364
14026 39 1966
15486 177 8888
14560 5 285
14807 300 15022
14543 103 5179
16446 192 9604
17566 160 8035
17985 159 7974
15478 226 11307
16894 89 4478
17091 63 3170
15970 330 16544
17053 91 4556
18865 34 1744
17560 41 2081
18713 7 371
13807 25 1275
13864 89 4460
17985 321 16097
14924 229 11461
14882 137 6883
14186 15 779
15252 34 1728
18923 162 8134
17186 32 1631
15403 156 7802
17727 25 1278
16199 27 1370
15592 8 407
18795 50 2541
14677 0 9
15128 229 11498
14030 58 2921
16852 148 7418
18959 39 1985
17853 186 9330
14007 121 6068
16894 5 286
18244 35 1774
16753 112 5643
17144 21 1085
17661 50 2530
14458 83 4184
17849 16 841
15828 446 22333
18646 48 2444
14455 38 1907
13991 33 1655
13770 10 529
18637 138 6907
18286 33 1673
14229 7 400
18678 317 15895
18062 234 11702
18054 447 22384
13732 103 5195
18469 44 2226
15846 167 8366
16247 69 3483
15415 52 2615
15792 222 11105
14686 61 3061
16158 260 13023
18021 429 21489
15382 78 3942
14438 178 8904
17874 3 197
17978 135 6792
16735 59 2957
14715 34 1739
13929 12 650
14597 33 1653
17087 45 2276
18724 19 984
14068 93 4674
17630 96 4847
17217 70 3549
15927 38 1902
14543 103 5154
17739 19 966
16119 186 9314
17662 57 2865
16339 207 10379
13913 91 4572
16340 416 20827
13911 140 7025
15234 174 8722
18631 62 3102
15592 222 11106
17474 46 2335
18054 15 781
15592 59 2997
17727 22 1148
14038 64 3236
17373 136 6818
15722 36 1803
18910 114 5744
16471 51 2567
15900 138 6912
18028 96 4834
13950 21 1083
18242 170 8528
17761 63 3199
16504 94 4744
17726 51 2568
17243 100 5006
16778 113 5673
15128 177 8852
17560 56 2819
14446 11 573
17493 214 10704
16075 283 14195
15079 26 1302
16172 380 19021
14203 18 950
18933 95 4788
17195 196 9849
17701 2 108
17137 41 2054
15486 160 8050
16935 46 2313
18733 43 2161
15397 197 9880
13708 55 2796
16051 85 4258
16158 108 5402
14801 39 1976
18933 332 16630
13945 285 14264
16960 47 2400
16529 91 4598
14220 18 938
17367 18 911
16906 46 2337
15867 142 7129
18928 157 7852
18021 283 14156
16021 219 10980
15409 6 337
14549 141 7053
18527 674 33741
17344 118 5913
14726 94 4719
14965 257 12863
14282 2 147
15382 229 11464
15222 54 2720
16679 83 4186
14580 9 493
18031 262 13139
16847 4 203
13709 30 1548
15730 0 11
14784 6 327
16147 248 12404
16221 4 201
14080 205 10287
18779 17 897
18021 386 19340
14965 141 7064
18021 454 22746
17131 192 9602
18482 21 1051
15412 282 14133
17683 89 4483
16826 362 18103
16158 53 2674
17387 40 2046
18714 175 8795
16446 282 14121
14743 187 9364
16205 259 12966
14611 222 11126
14438 179 8974
17858 64 3234
15592 114 5738
15517 24 1212
13721 25 1296
17458 55 2787
14438 22 1123
18646 78 3944
15314 47 2367
14725 118 5901
17132 226 11306
18040 69 3459
14597 70 3547
13803 195 9797
17048 72 3640
13766 118 5929
18935 257 12862
17398 246 12330
17698 6 336
18665 329 16456
15697 29 1471
17138 52 2603
16307 49 2479
18482 25 1296
18923 408 20425
17078 65 3289
14802 301 15051
16169 362 18128
18761 9 487
16825 99 4977
15955 24 1226
16101 69 3452
13763 244 12229
15961 188 9429
17727 38 1950
16101 0 50
16169 78 3938
16679 64 3227
13701 74 3734
15411 113 5684
13937 40 2015
14436 300 15049
13729 87 4361
17555 1 51
14603 15 792
15697 60 3017
14112 90 4543
14107 72 3619
13709 18 912
18929 173 8680
16845 113 5675
15960 300 15015
14981 9 471
13773 249 12458
13982 34 1710
14129 3 164
13803 195 9793
15179 132 6640
16513 15 778
15397 152 7627
18233 245 12295
15894 118 5904
15954 208 10415
16148 220 11044
14124 108 5424
13895 41 2068
15652 20 1019
15507 5 300
14067 191 9553
17137 115 5784
13762 260 13050
15350 239 11960
15883 39 1951
18244 163 8164
18923 408 20441
18021 370 18520
14580 9 493
15862 287 14383
14122 45 2281
16752 10 501
14912 148 7402
17344 118 5913
15701 510 25547
17955 206 10319
14467 293 14677
17986 72 3604
13779 87 4389
13707 126 6305
16028 421 21100
16778 77 3852
15785 74 3712
14159 214 10729
18466 48 2436
17793 41 2064
17044 10 523
13791 8 443
14186 75 3764
16389 64 3250
15491 330 16504
16962 101 5087
14007 121 6098
14530 8 422
14183 25 1299
15479 282 14147
13792 42 2104
17091 64 3242
14096 66 3337
15774 313 15651
17383 512 25638
18659 109 5489
18676 558 27945
16317 86 4317
13862 164 8228
15966 18 906
17479 21 1091
14127 248 12445
14446 18 912
16875 22 1102
18024 291 14557
14631 257 12883
14699 11 567
17691 8 449
14725 64 3233
18733 41 2052
15386 23 1184
15882 198 9914
14874 178 8906
17985 225 11272
15103 12 620
18021 373 18675
14399 17 851
16422 20 1029
18714 165 8281
13936 23 1170
14726 29 1487
15403 149 7474
18021 260 13001
18574 340 17024
15466 256 12837
14539 234 11712
18034 86 4311
18463 177 8888
15762 330 16544
17662 129 6495
18760 150 7515
13935 227 11399
18678 317 15895
17087 45 2280
15888 24 1219
18235 230 11525
15174 204 10202
18753 57 2852
18615 117 5867
14736 268 13422
14117 12 644
14530 8 422
16986 14 708
17678 37 1897
17592 125 6298
14623 52 2631
13874 11 579
16544 117 5856
18527 716 35803
16889 250 12543
15828 302 15114
18272 29 1477
14080 205 10275
17521 34 1707
17684 44 2228
14372 138 6947
14874 17 851
14455 95 4797
15960 128 6442
18692 299 14987
16158 32 1619
15442 51 2567
17869 92 4638
15486 227 11386
16109 148 7414
15125 67 3362
17177 26 1306
14550 301 15100
18882 119 5962
14598 46 2303
15416 85 4270
15880 26 1325
15987 258 12940
14157 60 3021
17840 330 16531
13907 16 837
15780 136 6812
15900 196 9837
17367 90 4540
14924 146 7337
14673 57 2879
14375 73 3684
14726 60 3050
16676 260 13029
14063 231 11569
18760 149 7476
14453 169 8467
17987 76 3843
14912 134 6731
17972 39 1959
15106 240 12006
14007 84 4216
18794 68 3450
18651 172 8633
17208 159 7991
16576 37 1896
17614 211 10577
15330 96 4825
17563 79 3968
13897 32 1617
17169 322 16141
16891 154 7712
16802 250 12548
14959 16 838
15386 107 5394
13770 16 839
14375 78 3943
15433 170 8506
18021 260 13030
13991 46 2305
18922 196 9843
18931 90 4510
15713 294 14713
16852 25 1291
14590 60 3012
16357 50 2508
15715 65 3269
16172 229 11457
14409 155 7777
17467 80 4029
15783 215 10753
15111 57 2893
17592 93 4675
14537 52 2650
15961 188 9436
16356 17 862
16013 212 10623
17087 317 15874
17978 221 11070
15902 214 10748
15098 79 3954
18761 40 2037
15257 127 6389
13745 197 9864
18244 144 7244
17743 44 2224
17871 250 12539
18005 199 9982
17596 33 1686
14067 192 9607
14543 103 5171
14093 182 9122
15976 72 3606
17849 86 4324
17213 83 4173
14436 88 4427
17840 200 10035
17206 388 19415
16228 158 7941
18927 91 4580
18603 170 8521
15873 200 10030
14763 30 1531
14763 17 884
14789 116 5819
18026 180 9042
16889 48 2401
14899 73 3669
13714 113 5666
16424 135 6782
18928 35 1760
15430 57 2895
15946 534 26704
15882 198 9914
18922 574 28707
16266 199 9973
14977 15 751
15106 240 12006
15928 53 2696
18615 438 21945
15634 158 7931
17125 35 1757
16551 373 18691
16216 88 4421
18235 182 9108
17592 79 3993
13702 164 8233
17401 8 431
14874 8 406
13708 85 4266
14044 32 1646
18515 57 2874
15933 290 14511
16753 112 5618
14729 115 5752
13779 223 11151
17210 66 3336
17131 203 10162
14446 24 1235
16825 99 4977
15403 149 7471
16112 20 1042
16051 85 4262
15800 206 10327
17524 54 2715
16159 158 7945
18733 41 2070
14146 12 633
16158 6 323
15828 319 15960
14021 75 3786
15130 30 1521
17661 78 3908
18463 177 8875
17563 79 3964
16089 372 18641
13762 57 2894
18924 4 247
15154 74 3705
15116 282 14141
15382 20 1044
14080 205 10262
15989 307 15361
14897 153 7663
14784 39 1954
18923 446 22316
17090 64 3246
16551 328 16413
17226 34 1715
18026 166 8335
17125 37 1877
17004 9 475
18765 183 9193
17791 48 2445
18007 76 3801
18923 243 12185
15257 127 6389
16776 222 11124
14377 130 6547
16158 211 10594
17108 32 1644
14729 178 8910
14899 285 14259
17569 7 397
15125 67 3362
17648 10 512
15479 33 1666
14801 240 12035
17451 326 16331
14291 25 1268
18488 314 15722
13732 128 6414
17087 45 2282
15074 15 782
13945 178 8901
17257 15 768
16228 40 2033
16499 224 11221
17990 365 18298
17956 128 6440
15166 247 12364
15246 128 6446
14122 45 2296
15004 10 513
17497 197 9868
16506 316 15849
17960 207 10385
18955 222 11105
17328 29 1451
17985 229 11488
14749 223 11164
15851 92 4621
18574 393 19654
15116 281 14055
17973 36 1807
15382 78 3915
18021 386 19324
16121 31 1574
14392 24 1201
18903 356 17811
16232 86 4327
16949 437 21870
17840 369 18480
18506 79 3967
13921 61 3078
18286 78 3911
14024 24 1241
16101 81 4060
15959 50 2521
14956 60 3001
18653 258 12934
15464 162 8111
18724 33 1677
17851 173 8651
17169 23 1188
17043 98 4902
14281 158 7902
15409 6 337
14882 92 4634
14171 17 900
16750 1 76
14814 114 5702
13767 91 4583
15396 38 1948
17204 108 5409
16529 33 1660
14117 12 644
16875 14 705
16529 38 1905
14677 29 1499
18794 7 365
15339 262 13107
15792 222 11149
15099 34 1704
18795 1 93
15961 391 19556
17726 74 3726
17422 5 269
13725 126 6349
16023 336 16823
17302 46 2313
14590 92 4617
15179 22 1117
13762 57 2897
14146 12 633
16172 465 23283
16006 476 23804
18765 320 16019
16112 207 10388
13708 2 118
18733 50 2530
18021 454 22711
13861 46 2336
14122 54 2722
18692 299 14974
17684 127 6379
17662 129 6497
17975 253 12662
17592 76 3804
15766 37 1885
17314 66 3315
15482 116 5848
17367 42 2150
17641 18 929
16112 487 24400
17726 15 753
14062 54 2718
15851 19 995
15322 149 7475
14597 65 3263
17383 412 20602
18947 143 7184
15183 12 601
16228 232 11650
14123 114 5722
16926 172 8629
18032 261 13065
16529 91 4574
14537 52 2650
15701 218 10927
15507 4 226
18773 28 1407
14924 228 11414
16676 68 3406
16228 230 11521
18760 224 11218
18615 438 21945
14350 2 103
17497 197 9868
16119 524 26249
17169 101 5071
16021 433 21671
17132 225 11291
18657 37 1852
17724 14 720
18034 62 3116
14357 5 289
16119 501 25055
18021 188 9432
15391 201 10077
13929 10 508
15916 207 10366
18021 373 18675
17325 5 260
18929 173 8690
18506 90 4504
16158 66 3343
17164 112 5639
17620 13 652
14818 97 4874
17307 2 116
16749 79 3986
18010 225 11255
18018 78 3902
18782 39 1965
16119 463 23166
17126 45 2280
14088 48 2436
15128 145 7277
15593 178 8934
14673 16 841
16802 234 11708
15106 240 12006
15636 13 684
15851 19 995
14725 161 8098
16776 222 11135
13720 10 512
15961 71 3562
13714 40 2013
17783 141 7053
17169 322 16141
15469 32 1646
15498 152 7644
17763 12 630
17990 64 3205
15166 149 7461
15412 167 8382
17210 230 11534
13721 60 3028
18021 283 14193
18026 105 5277
13913 66 3342
13707 121 6087
18005 229 11484
17521 50 2510
15111 47 2382
15828 292 14624
14464 237 11859
17596 47 2371
18048 352 17611
18701 21 1082
14399 145 7286
13809 135 6759
14924 229 11478
15517 46 2309
15386 23 1184
16222 12 625
15457 184 9205
17691 55 2763
16759 7 385
15415 225 11269
14455 38 1907
17983 27 1363
17186 32 1631
17686 274 13750
15640 6 328
16875 22 1102
13773 224 11238
17561 3 183
14184 34 1720
16038 192 9601
17530 69 3469
17871 25 1252
16894 20 1046
17057 80 4042
15701 3 193
18713 4 215
17965 15 751
14766 7 358
14891 46 2326
17322 53 2655
17210 230 11541
18034 62 3116
16540 1 76
15246 126 6341
16867 276 13827
15222 94 4714
15491 86 4320
16852 94 4729
17975 72 3603
15588 297 14851
14543 221 11075
17166 8 434
17972 39 1951
14431 62 3148
18741 27 1397
18218 300 15001
17630 1 66
14729 89 4451
14306 145 7267
14040 28 1439
17208 191 9552
17349 104 5207
18035 230 11501
15931 0 10
15952 132 6646
16052 208 10431
18048 89 4465
17131 2 143
17978 126 6343
18918 116 5824
14038 93 4678
14746 88 4414
18021 260 13001
15966 369 18456
18646 65 3289
14293 70 3516
13929 0 28
14040 101 5062
14067 58 2904
13773 250 12543
14789 41 2081
18244 353 17657
13861 127 6385
16159 158 7945
16169 301 15075
17990 64 3245
14122 36 1806
15254 65 3300
16741 347 17355
17830 25 1286
17726 83 4171
18021 222 11146
18229 41 2068
17726 15 753
18731 224 11227
15423 41 2051
17663 21 1074
14458 1 51
17769 26 1341
18685 9 453
18225 561 28079
14375 224 11234
14171 47 2374
14562 59 2991
18765 183 9192
18496 78 3947
18692 299 14987
17029 179 8999
14438 254 12710
14550 288 14424
18782 72 3647
15267 77 3862
16112 0 36
17004 240 12001
18954 3 160
18794 56 2843
15828 302 15114
17303 32 1632
14542 289 14455
17847 57 2873
15867 111 5555
14743 44 2201
16221 38 1944
15149 22 1132
17239 187 9387
16094 244 12224
14784 69 3474
16107 33 1695
17186 32 1631
17240 22 1121
14539 50 2511
15457 194 9707
15492 32 1612
13950 21 1094
15774 490 24524
15466 256 12808
14975 78 3903
13911 140 7039
15792 222 11148
17087 316 15811
17766 43 2197
16551 328 16431
17352 44 2249
17323 23 1199
17701 55 2773
17955 49 2461
15923 497 24871
13780 143 7190
14913 62 3106
18228 189 9475
15386 96 4820
16845 86 4320
15783 263 13176
15396 145 7295
17500 18 918
17243 13 651
17479 6 315
14708 24 1212
13714 25 1283
18496 12 647
15183 40 2047
14993 66 3308
17990 129 6490
18631 54 2722
18765 60 3016
14956 240 12049
13805 282 14127
14551 50 2549
17091 27 1395
16826 193 9684
16188 135 6779
18933 95 4788
15859 180 9042
14375 133 6695
13945 61 3070
16121 75 3781
16134 297 14893
14229 61 3080
14220 18 938
16169 362 18149
17467 60 3023
17210 229 11487
14438 254 12714
14332 75 3773
18882 58 2905
17422 5 261
13791 195 9751
14259 9 474
17620 13 652
16726 187 9375
17641 31 1561
15961 370 18539
13725 194 9719
16271 48 2431
18496 74 3722
13732 103 5192
17243 84 4214
15806 121 6080
14431 65 3296
17055 295 14781
17615 4 218
14218 7 397
14725 118 5902
17240 512 25612
16975 191 9576
17521 37 1865
13896 31 1585
18010 232 11648
18865 72 3629
18764 42 2115
15486 227 11386
13803 16 806
17853 186 9345
15291 38 1904
15792 76 3822
18741 27 1400
18021 370 18542
18032 270 13504
18515 57 2895
14319 18 934
15463 246 12350
18057 137 6877
15397 152 7627
17095 73 3658
15491 330 16546
14555 273 13691
18615 117 5859
17653 30 1530
17410 60 3035
16960 3 187
15592 175 8767
17869 44 2244
18463 177 8875
14537 117 5854
15436 119 5984
13714 113 5655
16994 169 8491
13807 98 4916
16847 0 34
15250 73 3691
16960 47 2400
14555 157 7857
18733 25 1262
17435 16 831
16853 0 21
18701 27 1369
15762 100 5005
17098 64 3227
17975 52 2634
16109 148 7414
16158 32 1619
14313 107 5371
14121 183 9161
17986 186 9348
17255 24 1224
16119 273 13676
15350 54 2715
17098 64 3225
15677 229 11489
15267 77 3862
17314 66 3341
17631 7 355
14362 33 1667
14545 6 318
18794 60 3034
13965 7 377
18021 514 25719
18701 270 13544
17169 383 19157
18488 559 27979
16250 17 898
16520 27 1362
18267 40 2019
17503 233 11673
16134 375 18795
15927 82 4124
16471 46 2314
18697 238 11904
13707 144 7241
15254 143 7182
18244 143 7188
15923 367 18372
14598 43 2191
16107 58 2928
18794 52 2643
18218 300 15001
14882 143 7157
14556 130 6501
18516 372 18637
15395 95 4751
18235 156 7827
15397 219 10969
17853 7 400
14080 140 7049
15592 138 6940
14108 121 6076
16853 63 3171
14297 138 6915
15894 0 45
17763 42 2118
17544 8 433
15099 151 7583
17323 27 1378
17302 64 3212
14985 64 3222
17686 28 1413
16778 77 3852
17196 56 2841
14186 15 779
16752 15 788
16929 134 6730
14580 9 494
14165 122 6135
18235 236 11827
15411 151 7597
17177 23 1153
17087 4 229
14610 273 13673
16307 49 2451
17383 412 20607
16433 85 4296
18724 33 1677
14293 63 3169
14901 7 396
13805 273 13656
13709 114 5705
17196 55 2782
13773 113 5675
15397 219 10977
14535 109 5472
18235 30 1509
16947 129 6469
18731 224 11225
15682 99 4993
16986 26 1332
18935 71 3575
14030 104 5209
15174 105 5271
17302 14 736
14768 115 5778
15222 237 11875
17034 239 11993
15114 98 4928
18010 225 11255
17251 180 9036
17349 46 2327
14209 120 6042
14108 112 5625
17973 46 2336
14464 240 12009
18767 23 1166
13896 70 3550
14172 46 2310
