7003 428 21448
7054 488 24431
7004 1595 79754
7012 274 13720
7014 656 32847
7012 278 13945
7021 504 25205
7054 1292 64615
7010 1375 68775
7004 554 27711
7008 1334 66735
6780 149 7474
7004 370 18550
6118 133 6688
4952 47 2392
6220 44 2236
6928 49 2463
7023 213 10692
7049 1004 50221
6955 129 6481
7023 1071 53578
7020 221 11093
7020 325 16267
7001 674 33748
5528 17 889
7017 160 8020
7001 155 7797
7126 1 86
6296 3 181
7014 558 27936
5214 59 2975
5134 32 1641
7004 1279 63981
7018 416 20813
6420 64 3239
7017 273 13675
6218 4 244
7026 158 7931
7023 1122 56140
7001 827 41362
6533 10 503
7054 105 5290
7014 1397 69899
6923 40 2021
6823 9 463
6347 51 2559
7049 425 21296
7128 15 787
6154 12 629
7054 1912 95614
7026 331 16585
6826 34 1742
7004 349 17481
6752 121 6074
6946 8 404
7018 887 44382
5774 87 4397
5896 9 494
6440 25 1276
6375 99 4964
7018 875 43773
7054 1904 95236
7334 3 193
7017 1269 63477
7019 253 12683
7010 720 36044
7054 427 21387
7001 997 49874
6298 191 9588
6893 194 9737
6783 73 3668
7004 1326 66319
7010 1195 59795
5011 29 1492
7003 1022 51123
5433 26 1329
7001 965 48264
7049 1966 98313
6835 117 5864
7022 222 11140
7013 186 9329
7003 286 14334
6829 193 9683
7001 552 27649
6180 12 622
7003 143 7198
7012 1162 58118
7001 155 7783
7004 79 3955
6149 147 7366
7022 47 2361
7022 253 12684
7012 1202 60123
7008 154 7728
7003 1427 71399
6382 52 2629
7054 345 17252
7008 884 44225
7004 890 44507
7001 650 32540
7053 48 2436
7054 1344 67208
7021 352 17603
6827 191 9578
6955 129 6486
7054 25 1291
6376 66 3349
7010 1662 83144
7010 1195 59795
7017 1269 63469
7054 1943 97197
7049 1104 55244
6901 2 141
7054 1823 91192
7026 433 21678
7026 386 19305
7023 1005 50265
7014 558 27923
6100 137 6874
7010 1219 60984
5909 25 1255
5361 108 5444
7023 1262 63149
7018 746 37315
7003 1590 79521
7055 164 8204
7049 143 7169
7017 376 18826
7013 57 2876
7022 222 11107
6564 125 6274
5576 57 2856
7012 709 35481
7026 594 29716
6115 15 778
7054 523 26180
6756 89 4494
7055 436 21833
6311 18 913
7021 148 7450
5909 25 1255
6778 27 1377
7055 261 13087
6553 142 7113
5588 169 8477
7012 1705 85295
6989 189 9495
6922 161 8087
7023 607 30385
7022 3 167
7049 157 7894
6098 137 6900
6021 123 6159
7017 1753 87655
7049 1966 98322
6483 107 5355
6908 39 1981
7025 258 12925
6946 60 3044
7049 1326 66317
7001 552 27637
5516 75 3778
7049 860 43001
6115 19 974
6149 156 7816
5625 203 10193
7004 349 17489
7014 979 48960
6978 10 544
7004 1695 84789
7004 1020 51045
7023 518 25933
7017 1506 75327
5452 18 919
7017 282 14134
7008 715 35766
7054 1904 95237
7008 436 21805
7017 1036 51802
7003 152 7615
5769 38 1928
7017 1519 75985
7001 688 34433
7049 1416 70835
7049 1983 99199
5896 8 419
7017 1512 75634
7014 1725 86253
7006 475 23786
7014 1397 69889
7020 74 3703
7026 355 17787
7014 1236 61812
6936 23 1170
7020 257 12851
7055 34 1715
7054 218 10948
5896 7 385
6218 0 43
7020 325 16254
7010 46 2316
5953 3 193
7049 1197 59873
7023 691 34583
5049 61 3078
7019 328 16450
7020 1933 96699
7014 1176 58812
7020 1949 97479
7017 1530 76525
7018 265 13271
7012 457 22892
7022 47 2352
5090 159 7957
6989 187 9352
7049 628 31432
6928 50 2520
7018 707 35354
7003 1 55
7008 1125 56251
7012 527 26367
6620 53 2654
6765 92 4624
7020 845 42283
7008 820 41044
7017 322 16128
7008 663 33192
7021 172 8635
7020 1490 74513
6917 116 5809
7019 272 13628
7327 180 9031
5585 52 2612
7004 1365 68295
7023 848 42405
7017 1515 75773
7014 318 15923
6478 62 3110
6798 162 8135
7004 619 30989
5435 5 256
4998 148 7423
7020 1089 54470
5031 72 3617
7017 230 11541
7006 18 910
7004 1365 68289
6803 111 5593
7018 411 20582
5013 208 10416
5925 9 459
7017 1355 67759
7017 1287 64392
7025 261 13062
6928 49 2463
7017 1506 75327
6339 174 8749
7023 823 41173
7014 933 46684
7017 1530 76525
7008 540 27027
6975 172 8640
7007 84 4221
5924 17 854
5516 48 2450
7049 1482 74122
7020 957 47895
5013 202 10140
7004 349 17500
7017 1156 57809
6619 3 156
7023 1893 94666
6989 187 9352
7049 1004 50216
7004 988 49401
6824 63 3154
7054 398 19929
5777 30 1542
7026 668 33421
7011 81 4099
7003 762 38131
7021 269 13480
7017 244 12243
6946 8 404
5061 77 3895
7020 438 21933
6776 1 54
5089 42 2104
5345 21 1061
7021 148 7450
7023 1012 50633
7012 1324 66236
7004 1686 84321
7017 424 21217
7021 695 34782
7010 1219 60984
7026 198 9950
6998 202 10110
7001 997 49874
7055 264 13226
7014 1603 80179
6928 50 2520
6780 152 7608
7013 225 11268
6594 113 5685
7023 936 46829
6761 44 2220
7026 668 33421
7018 875 43798
7012 1143 57170
7019 37 1851
7051 20 1010
7010 812 40608
7049 1830 91549
6534 46 2319
5600 52 2624
6229 20 1025
7004 619 30955
7023 382 19133
7026 331 16568
6579 77 3876
6551 152 7637
6564 125 6274
7014 632 31610
7010 25 1300
7020 1284 64237
7004 930 46527
6379 69 3463
7012 669 33496
7010 198 9945
7008 1391 69577
6102 9 477
6149 147 7381
6837 205 10298
6637 44 2250
7018 265 13268
7055 760 38008
6952 3 172
5564 5 269
7012 1143 57170
5600 149 7452
7004 1509 75486
7021 594 29710
6548 42 2118
6021 123 6151
7008 955 47791
7008 1455 72786
5985 104 5234
7054 638 31903
7018 871 43592
6376 11 555
6118 137 6891
7021 523 26155
7017 1519 75966
7023 834 41723
6814 1 89
7003 441 22088
6752 227 11373
7026 355 17753
7014 1106 55319
6946 2 126
6549 120 6026
7001 1186 59317
6296 3 181
7021 219 10998
7014 739 36980
7008 261 13061
6533 8 425
7004 466 23330
7012 658 32922
7012 82 4106
6999 9 466
7008 884 44225
5071 57 2898
6230 60 3014
7010 1145 57271
6780 155 7758
6803 114 5747
7012 34 1706
7026 745 37253
5338 15 757
7014 1409 70491
7008 1192 59646
7023 318 15945
7055 261 13053
7020 1024 51227
7678 18 917
7054 321 16060
7023 1262 63149
7012 1300 65021
7012 1300 65044
5387 35 1784
6946 35 1790
5179 95 4786
6594 105 5264
7054 515 25778
6080 147 7379
7055 779 38981
7001 965 48264
7004 1719 85997
7021 171 8586
6874 4 241
7017 57 2896
7021 645 32279
7018 357 17864
6114 135 6797
7023 518 25941
5215 41 2086
7020 837 41891
6468 36 1834
7010 1745 87295
6149 69 3487
7023 1716 85830
7018 920 46002
6388 1 87
5093 171 8558
7023 613 30673
7020 1012 50602
7055 764 38217
7018 135 6789
6803 9 485
7014 996 49813
7023 917 45899
7012 339 16980
7001 759 37972
6246 18 926
6901 91 4593
7004 1598 79942
7022 13 669
7004 871 43578
7018 875 43784
7020 1325 66299
6989 187 9352
6594 111 5593
7006 296 14846
7012 709 35481
7001 895 44756
6149 147 7366
6799 64 3235
7020 22 1111
7017 1584 79203
7012 1143 57195
7020 1006 50330
7013 103 5162
7049 856 42832
7049 259 12974
5090 87 4397
7020 1429 71492
7003 639 31955
6507 31 1581
5185 66 3323
7020 476 23830
7017 55 2800
6506 67 3398
6871 73 3667
7001 1183 59158
7049 1980 99015
7023 1895 94788
7014 185 9257
7014 511 25599
6936 23 1188
6487 160 8005
7010 720 36044
7023 1328 66440
7003 472 23619
7010 822 41146
6990 11 595
7047 73 3680
7017 954 47711
6752 167 8374
6369 50 2508
6425 28 1446
7018 966 48334
7006 138 6904
7004 349 17456
7054 112 5626
7020 325 16253
7008 543 27154
7012 343 17184
6356 127 6389
5600 149 7452
7008 1245 62266
6880 20 1045
7012 731 36581
7049 1687 84374
7021 242 12145
7008 779 38999
7010 200 10043
5339 22 1137
7023 1766 88307
7054 550 27517
7004 1585 79277
7020 257 12860
7004 890 44520
5625 108 5433
7004 466 23333
6572 185 9269
7006 241 12100
6579 18 927
7023 1012 50633
7019 409 20462
7023 1058 52946
7016 3 152
6572 185 9271
7003 639 31954
7017 164 8215
7017 67 3384
6837 50 2516
6572 183 9177
7018 832 41645
7023 479 23994
7020 3 183
7018 851 42584
7049 117 5882
7001 361 18086
6336 142 7116
6445 3 181
6296 0 45
7020 1016 50819
6928 50 2517
7020 837 41891
6974 21 1056
6964 43 2193
7049 689 34496
7023 479 23952
6217 18 925
7017 1530 76526
5474 47 2368
7054 916 45831
7001 650 32540
7019 7 392
5625 205 10281
7020 280 14042
6544 345 17280
7017 817 40894
7021 674 33704
4978 37 1864
6893 192 9608
5946 5 270
7020 1760 88012
7016 22 1139
7003 358 17924
6375 14 708
7001 205 10284
6874 9 472
7054 2013 100664
7017 1753 87655
7020 1091 54592
7017 1530 76526
7003 441 22088
6589 72 3647
6990 7 384
7012 154 7710
7049 844 42208
7004 1242 62149
7014 659 32969
7014 43 2191
6361 34 1741
5986 29 1476
5946 1 78
5071 64 3248
7020 360 18034
4982 86 4312
6893 194 9706
7004 550 27527
6979 53 2699
7020 59 2951
5368 71 3581
7010 671 33582
7054 539 26974
7008 934 46729
7010 1148 57405
6981 92 4602
7012 610 30542
6826 35 1798
7054 25 1299
7054 111 5577
7004 930 46502
6874 1 64
7010 25 1267
7003 1711 85558
6783 68 3446
7017 1395 69752
5588 170 8545
6350 84 4209
6115 19 974
7017 1609 80466
6923 40 2022
7017 1512 75634
6795 2 114
7004 930 46539
7001 181 9094
7014 1730 86516
7048 28 1441
6102 9 477
5099 13 678
7054 539 26974
6347 47 2396
7014 259 12963
7020 1091 54592
7049 1104 55239
5268 10 519
5425 6 318
6637 44 2250
7025 148 7431
6160 74 3730
6046 52 2604
7054 916 45849
5013 208 10416
7049 1432 71608
7012 1300 65035
7055 326 16343
6979 49 2457
7010 1244 62227
7017 1156 57822
6956 239 11962
7026 109 5480
6493 30 1518
6824 28 1433
7054 1588 79409
6855 110 5519
6798 36 1823
6234 22 1115
7023 1646 82338
7012 1722 86110
7020 1016 50819
7010 820 41012
6828 223 11199
7054 255 12795
7020 59 2997
7026 109 5470
6922 161 8097
6462 66 3326
5268 0 19
7012 597 29868
6769 61 3088
7018 817 40885
6139 16 827
7008 436 21850
6483 105 5276
7013 58 2925
7004 988 49401
7019 541 27069
7017 1124 56248
5455 13 653
7003 441 22062
7017 954 47746
5909 24 1220
5774 83 4157
7025 451 22587
7003 1297 64891
7017 1068 53449
7003 1297 64891
7054 1709 85469
7008 1245 62266
5337 133 6652
7017 1323 66156
7010 812 40619
7054 647 32385
7049 1326 66346
7003 706 35330
7014 996 49820
7020 817 40877
7020 650 32524
6605 95 4783
7016 185 9269
7014 886 44308
7023 607 30354
5959 32 1632
7563 21 1059
7004 1279 63998
7003 174 8703
7019 381 19059
6829 188 9442
7014 1397 69853
7004 79 3955
5134 36 1825
5616 106 5327
6873 10 520
7008 298 14901
7012 63 3195
7008 667 33361
7012 1254 62711
7014 911 45587
7008 460 23037
5370 108 5417
6768 41 2082
5516 47 2371
7003 389 19466
6115 19 974
7004 1595 79784
7014 1038 51935
5183 24 1206
6407 49 2482
7008 779 38981
7019 573 28654
5454 78 3904
7055 780 39005
5179 100 5018
6336 154 7738
7023 848 42409
7049 692 34632
7021 785 39284
5512 180 9050
6969 236 11832
7018 536 26843
6023 44 2207
6978 16 846
7023 518 25906
5516 46 2335
7054 397 19879
7014 185 9290
6529 58 2909
7055 59 2970
6806 22 1137
7049 1966 98301
7018 790 39528
7014 1730 86543
6949 89 4456
7003 60 3050
6145 17 864
7012 1246 62328
7012 1300 65021
6407 16 847
6115 12 609
6076 156 7820
6893 194 9737
7021 664 33249
6487 160 8005
7001 507 25373
7049 1749 87456
6354 84 4239
7018 682 34127
7014 106 5337
7334 146 7316
6901 16 839
6765 27 1393
6100 81 4066
6340 67 3383
7023 691 34590
6564 127 6358
5177 2 119
7017 1530 76525
6798 162 8139
7026 520 26041
7020 462 23136
7017 57 2886
6100 137 6874
6656 69 3455
7055 760 38008
5207 84 4210
5268 3 168
5769 46 2301
7026 855 42764
7008 651 32572
7021 333 16691
7017 1073 53695
7054 1211 60568
7016 184 9249
7134 18 902
7018 790 39514
6211 180 9020
7019 573 28687
7054 278 13935
7017 1371 68600
5508 16 820
5136 3 189
6959 181 9097
7025 305 15276
7021 74 3726
6369 54 2746
7018 871 43598
7003 762 38150
7004 1595 79781
7023 1734 86720
7001 507 25396
6922 161 8097
7019 253 12691
5089 42 2104
7017 376 18814
7019 541 27081
7026 668 33417
5566 27 1363
7023 824 41204
6683 118 5946
7014 911 45591
6687 178 8934
6855 72 3646
7007 33 1672
5184 41 2073
7001 552 27625
7004 329 16478
7020 766 38302
6783 104 5204
7054 398 19929
7014 291 14589
7017 1355 67777
7006 18 910
7010 509 25464
6535 52 2649
4952 48 2425
7004 1381 69054
7023 1646 82338
7012 102 5101
6347 47 2396
6507 202 10144
6953 142 7123
7020 1091 54592
6922 223 11179
5516 48 2429
4992 89 4458
7017 1753 87655
7001 71 3571
6319 149 7456
6642 56 2836
6769 66 3310
7017 1617 80880
6423 80 4009
7001 997 49874
7012 102 5145
4952 46 2339
5586 6 306
6218 5 268
7003 56 2825
6850 47 2374
7021 293 14682
6908 39 1981
7012 809 40492
7010 773 38699
7020 1300 65033
6100 78 3919
7010 509 25458
6837 101 5088
7004 1686 84309
7014 739 36991
6789 32 1609
7054 639 31990
5588 159 7987
6483 107 5355
7020 1282 64136
7054 390 19513
7014 185 9279
7004 871 43574
6339 180 9025
6942 22 1141
7054 1330 66531
7020 1252 62605
6533 8 448
6953 3 200
7017 1171 58565
7004 569 28494
7026 525 26277
7054 398 19950
6946 60 3044
6080 155 7795
6151 17 855
7010 1036 51809
6874 2 129
7457 158 7949
7017 1693 84684
7020 495 24792
7008 540 27001
7026 855 42797
7023 345 17283
6812 97 4860
7051 86 4303
7003 1012 50613
7012 308 15435
7010 1746 87326
7001 411 20574
7019 484 24243
6123 154 7701
6823 7 371
6296 1 81
7055 779 38981
7012 1590 79525
7017 164 8215
6806 23 1186
7054 815 40772
6803 11 573
6873 10 504
6353 65 3276
7001 999 49978
7004 1598 79942
7671 70 3512
7049 616 30842
7017 1287 64385
5600 57 2883
7008 94 4706
7023 333 16663
7054 1746 87332
6296 3 181
7010 1662 83126
5370 109 5473
6325 2 101
5600 54 2722
6611 47 2387
6747 5 282
7010 200 10043
7022 13 678
7023 479 23966
6946 40 2042
7049 689 34460
7054 390 19541
5961 36 1818
7285 55 2793
5184 43 2169
5925 8 431
7017 1068 53449
7021 191 9568
6110 30 1506
6956 85 4251
6506 74 3745
7022 50 2509
7014 361 18095
7020 1620 81019
5924 19 998
7055 660 33016
7001 205 10253
7012 1264 63209
7008 779 38981
7020 1696 84803
7003 762 38131
7012 274 13717
7010 204 10218
6339 175 8773
7012 1191 59589
7019 371 18572
6946 8 404
7018 746 37339
6423 81 4052
7054 515 25783
7020 546 27344
7012 154 7735
6564 127 6367
7049 1104 55238
6440 25 1276
7012 893 44693
5585 53 2688
7026 158 7907
7001 688 34444
7054 1410 70525
7010 812 40642
7021 700 35010
7004 1513 75686
6100 170 8514
6985 33 1698
7004 1720 86005
7004 258 12936
7004 79 3970
7004 1479 73961
6697 21 1092
7055 264 13231
6806 23 1187
7017 683 34175
5090 22 1106
7023 689 34497
7010 1698 84924
7014 1565 78253
7018 871 43584
7010 1193 59700
7011 274 13708
6533 8 448
7023 1012 50620
7017 683 34153
7010 1373 68667
7018 897 44900
5013 208 10437
6619 3 156
7018 682 34146
5268 0 32
7003 231 11575
7012 487 24353
7012 274 13709
7055 760 38003
7020 1249 62482
6457 28 1430
7021 352 17603
7003 617 30871
7053 11 585
7018 875 43784
6826 32 1610
7010 773 38699
7008 1033 51665
7023 1328 66424
7003 639 31960
5589 88 4436
7014 185 9257
6642 59 2953
5986 31 1557
7049 203 10172
7055 751 37581
7003 436 21811
7021 293 14673
7003 1302 65119
7019 581 29055
7026 785 39256
7006 296 14813
7008 543 27169
6493 4 215
6773 31 1582
7023 607 30391
6827 200 10050
6953 3 179
7026 238 11903
7014 115 5784
7004 1071 53585
7004 950 47541
7004 871 43576
7001 71 3556
7026 158 7907
6101 40 2009
7112 72 3603
7010 705 35252
6423 81 4081
6483 102 5126
6974 18 914
7054 1410 70502
7020 257 12866
7008 337 16883
7004 1695 84778
7054 1904 95201
7049 204 10246
6978 10 544
6369 50 2530
6457 128 6421
7054 1823 91199
7001 104 5237
5387 34 1734
7018 15 754
7055 154 7725
6979 57 2898
6826 38 1911
7010 1550 77527
7012 82 4122
7003 358 17924
5436 56 2850
7049 1753 87670
7018 670 33517
7003 1427 71384
7010 57 2856
7049 1200 60025
6217 18 925
7001 71 3571
7004 258 12916
7021 233 11664
7020 1338 66924
7020 1678 83918
5985 188 9409
6990 7 384
6946 2 126
7012 1266 63347
7023 1657 82864
7012 388 19404
5002 20 1050
6981 93 4677
7003 143 7175
7014 106 5337
7020 956 47805
7010 1745 87284
6339 180 9048
7001 552 27649
7020 1091 54592
6653 123 6194
5387 37 1883
7012 610 30534
6881 66 3318
6304 193 9659
5237 59 2994
7054 1588 79409
7049 616 30842
7020 280 14046
7049 844 42250
7004 601 30088
6946 6 328
7055 34 1728
5985 104 5234
7004 934 46709
6366 85 4269
7018 920 46002
7055 780 39027
7023 75 3779
7025 148 7446
7022 223 11178
7017 983 49184
7001 738 36928
6980 191 9587
6800 47 2370
7012 762 38118
7054 1823 91191
6606 22 1119
7049 1302 65140
7054 1904 95236
7019 251 12593
5268 10 519
6101 41 2076
7026 331 16581
6989 117 5892
7014 511 25599
6881 65 3275
7017 1512 75624
7010 1036 51819
6874 4 211
7054 1595 79779
5183 24 1206
7049 1197 59897
7020 1429 71457
6407 180 9041
7004 79 3970
6664 66 3337
7047 55 2778
7049 692 34632
6664 57 2884
6874 1 64
7054 1083 54159
6780 151 7560
7049 956 47821
6347 0 29
7012 731 36581
6382 48 2422
6647 114 5737
6320 81 4099
7017 1312 65641
7012 594 29734
7006 138 6929
6421 21 1083
5478 50 2546
7049 1200 60027
6978 10 544
7023 1730 86517
7055 326 16343
7006 296 14835
7001 552 27649
6535 63 3187
6787 50 2511
7012 527 26362
6507 199 9952
7010 1257 62881
7049 1796 89803
6313 15 799
6347 47 2363
7014 1236 61838
7049 1721 86070
7049 1004 50221
7016 123 6184
5925 92 4615
7021 454 22719
7008 1192 59624
7006 210 10503
6483 105 5278
7019 253 12668
5011 29 1488
6564 127 6358
7003 1269 63486
7020 961 48091
7012 731 36581
7012 1246 62343
7049 143 7169
6953 142 7119
7001 410 20534
7023 1054 52718
7010 1746 87322
7017 692 34605
7014 291 14551
6697 21 1092
5625 109 5464
6826 34 1742
7004 819 40973
6506 74 3742
7016 283 14171
7001 447 22389
7017 991 49557
7010 1255 62785
7012 1300 65035
7054 1020 51045
5268 0 19
7020 49 2452
6340 59 2975
6493 4 215
6118 135 6761
7010 1255 62768
7018 135 6794
7047 119 5970
6092 47 2394
7023 1730 86545
7017 954 47739
7047 30 1501
6767 5 284
7021 242 12101
7003 414 20706
7049 174 8732
7054 255 12800
7021 293 14695
7026 668 33445
7049 204 10235
6423 80 4009
7008 1125 56259
6376 24 1213
6956 85 4251
6637 47 2398
6535 63 3178
7001 411 20560
7004 1719 85980
5387 34 1734
6803 136 6848
7003 231 11556
7012 339 16977
7049 1392 69615
5433 26 1329
6769 61 3088
7023 1122 56111
5618 18 933
7054 1190 59528
5433 71 3578
7010 57 2870
7016 283 14174
7017 1134 56713
7020 845 42281
6304 104 5215
5774 87 4397
7014 157 7898
7001 895 44751
7003 414 20731
6091 202 10145
7018 502 25118
6363 7 360
7004 844 42223
7023 1646 82335
7023 318 15945
7010 812 40648
6154 7 390
6990 7 384
5600 158 7927
7054 25 1281
6350 77 3886
6180 12 622
7010 200 10007
5093 178 8908
7003 1030 51530
7026 109 5470
7023 1766 88346
7010 1193 59668
7054 345 17263
6637 47 2367
7001 997 49868
6823 0 17
7012 1499 74956
7012 1324 66203
6832 15 776
7017 125 6275
4969 21 1061
5222 4 220
6752 147 7396
7018 871 43590
6826 38 1911
7023 1893 94664
7690 54 2706
7014 267 13395
7049 1753 87667
7023 239 11980
7006 296 14846
7020 1089 54470
6832 13 657
7054 357 17886
7017 55 2800
6420 65 3299
7018 920 46016
7049 1344 67214
7020 549 27475
6827 192 9621
7018 875 43784
7023 1071 53564
7020 1298 64905
7003 1543 77166
7020 649 32454
5437 134 6739
7012 1143 57180
7026 32 1638
7054 433 21654
7020 965 48296
7049 824 41202
6789 28 1414
7020 495 24784
7012 1634 81723
7010 1698 84924
7020 226 11301
7019 371 18572
7004 258 12903
6985 34 1703
7018 945 47283
6978 10 544
7020 957 47889
7054 112 5608
7020 1338 66932
7025 261 13071
7023 1646 82312
7017 1681 84057
5777 33 1656
7014 1236 61812
6795 0 35
7023 1734 86701
7008 337 16872
7017 1693 84673
7017 1512 75616
7004 516 25807
7012 731 36557
7020 221 11074
7012 1244 62234
6798 50 2541
7014 64 3238
7054 390 19513
7017 954 47746
7001 1035 51773
7014 157 7898
7026 817 40853
5099 15 791
5516 48 2429
7020 495 24788
5136 18 945
5061 77 3895
6059 119 5991
5511 22 1144
7008 835 41764
7054 1501 75057
7020 386 19335
6100 69 3461
7020 836 41838
5600 158 7927
7013 110 5503
6143 0 45
6978 10 544
7004 1298 64906
7055 760 38026
7004 903 45156
7490 9 480
7001 37 1887
7003 1197 59864
7010 822 41143
6533 6 330
7008 829 41460
7006 296 14835
7049 692 34632
7049 938 46924
7020 637 31853
7001 71 3571
7023 1280 64028
7023 1907 95400
7014 1038 51930
7023 1607 80361
7017 692 34605
5433 88 4435
5013 208 10416
7408 20 1015
6553 139 6968
7003 1197 59882
7017 1681 84057
5071 61 3088
7018 920 46002
7023 1716 85830
7049 1486 74327
7001 37 1855
6354 83 4180
7055 391 19582
7021 674 33704
6637 44 2250
7053 2 124
6778 27 1377
6591 80 4050
5909 24 1220
7011 81 4099
7054 345 17300
7054 550 27517
6376 24 1213
7022 2 112
7017 683 34153
6161 19 991
7012 796 39818
7012 842 42134
6100 78 3919
5177 42 2109
7003 143 7184
7018 350 17526
4969 23 1199
7017 1682 84145
7023 1646 82312
7055 167 8351
5924 18 904
5585 54 2702
7022 2 141
7020 257 12866
7010 1195 59773
7004 554 27720
7021 352 17636
7010 509 25498
7025 453 22653
7010 812 40648
7048 70 3503
7012 857 42883
6553 144 7232
7049 1004 50216
6752 163 8187
6478 63 3173
5108 23 1187
6981 87 4358
7014 1282 64118
7003 1197 59864
7012 63 3175
6101 43 2190
7012 87 4361
7004 550 27527
6332 66 3302
7020 59 2951
5016 72 3638
5089 42 2104
7004 1280 64012
7012 1653 82699
7004 1279 63976
7020 1302 65127
7017 1287 64364
7049 1197 59872
7004 1720 86005
6778 30 1509
5625 108 5440
7017 23 1183
7017 1171 58567
7023 1445 72281
7004 303 15160
7025 148 7446
7021 341 17076
7054 1001 50093
7003 920 46031
6798 162 8135
7010 822 41109
7021 645 32271
7004 1595 79781
6888 30 1550
7023 1071 53554
6953 143 7183
7001 447 22358
7020 926 46343
7012 308 15402
7026 520 26041
6361 31 1555
7026 433 21697
7049 1820 91019
7010 722 36109
6115 39 1979
7018 454 22746
7054 25 1299
7020 965 48276
6803 9 454
7055 326 16343
7018 875 43784
7004 1595 79781
6462 72 3639
7049 203 10172
7055 337 16869
7012 1266 63321
7049 628 31437
6990 7 384
6361 32 1643
6998 205 10282
7017 23 1183
7022 47 2352
7006 610 30526
7049 1796 89835
7054 1982 99136
6376 10 514
7004 1190 59550
5385 193 9679
5075 1 75
7054 581 29060
7055 326 16320
7014 1282 64118
7004 1595 79781
7023 1730 86520
7054 711 35579
6311 13 688
7012 709 35468
7014 739 36970
5418 5 267
7049 542 27127
6823 9 463
5177 40 2023
5986 31 1567
7021 431 21596
7014 1190 59504
7023 1607 80361
6850 47 2374
7018 566 28325
7010 1239 61970
6881 67 3382
5060 64 3224
5777 26 1329
7023 1766 88344
7020 674 33706
7004 1190 59535
7018 292 14611
5941 2 149
5568 20 1038
7020 673 33657
6829 192 9613
6023 28 1424
6780 155 7776
7017 1515 75773
5435 9 477
6934 176 8817
7008 708 35415
7023 1005 50268
7006 408 20408
7018 851 42554
7004 1326 66336
6376 64 3239
7054 488 24441
7049 1830 91514
7021 454 22719
6803 19 988
7018 707 35380
6769 163 8192
6874 4 204
7049 1789 89484
7010 1378 68926
7013 103 5161
7012 1583 79198
7010 57 2878
7048 37 1868
6893 192 9608
7020 1933 96676
6664 207 10396
7012 308 15435
5600 149 7452
5498 10 522
7049 1721 86070
7003 1012 50641
7023 1607 80363
7010 1443 72192
6828 224 11241
7047 88 4448
7023 1012 50620
7004 1365 68282
7023 676 33803
5164 74 3709
7023 1148 57449
7023 1770 88516
7054 1707 85366
7020 965 48289
7017 1506 75307
5609 20 1002
7023 1617 80855
6114 135 6797
6506 67 3398
7021 826 41332
7012 610 30517
7006 296 14846
7023 1893 94665
7017 1068 53449
6141 17 891
7054 1912 95633
7023 1805 90291
5268 7 396
7004 1647 82379
5134 36 1837
7003 1427 71381
7023 213 10692
7012 1590 79538
7085 65 3252
5516 46 2335
7049 1278 63922
5985 188 9409
7023 345 17293
4952 48 2425
7478 24 1210
7003 358 17923
7054 647 32393
7013 103 5161
7008 91 4554
7054 397 19872
6231 46 2331
7003 1443 72171
7013 8 440
7017 329 16482
7054 515 25778
6832 15 776
7023 1907 95366
6789 28 1421
7054 900 45013
7026 470 23548
7006 359 17974
7003 472 23637
7054 1001 50086
6934 177 8866
6803 4 226
7054 357 17864
7054 1306 65316
7019 412 20605
5909 24 1220
7055 826 41343
6444 166 8321
7023 6 310
7049 1687 84374
7017 1068 53449
6076 63 3183
7055 438 21930
7017 410 20502
7017 772 38642
7011 19 959
7017 1403 70196
6930 30 1548
7004 558 27921
6534 48 2419
7020 965 48296
7004 1280 64036
7012 559 27996
7010 1148 57423
7055 756 37827
7008 1334 66735
7023 1585 79284
7014 52 2615
7006 33 1693
7010 397 19889
7055 830 41524
7001 71 3556
4998 142 7136
6115 19 974
7004 1513 75666
7010 720 36030
6874 85 4254
7014 267 13370
7008 955 47777
7010 1443 72191
7003 231 11556
7006 18 907
7010 1443 72151
5155 62 3115
7014 511 25575
6407 18 912
6160 65 3256
7020 495 24788
7014 1517 75881
6101 45 2263
7054 639 31990
7016 3 175
5616 75 3777
7014 291 14586
7017 991 49589
7054 1588 79449
7014 1517 75875
7004 1595 79781
6548 39 1973
6975 172 8640
7049 1302 65121
7003 1197 59864
6671 24 1245
7010 1219 60984
7019 50 2549
5436 57 2865
7010 136 6843
7008 1334 66728
5093 178 8908
7020 1781 89068
7001 759 37993
7023 75 3781
7012 1590 79525
6361 31 1555
5060 64 3224
6956 233 11691
6141 17 891
7008 298 14920
6664 66 3337
7020 965 48296
7017 1675 83764
7049 1980 99026
7054 523 26180
7020 1455 72792
5566 24 1229
7054 1800 90043
6874 1 66
7012 1143 57180
5914 96 4827
7010 933 46672
7055 268 13401
6611 51 2588
7004 79 3970
7054 900 45009
7003 774 38740
7018 510 25549
7004 1598 79907
7054 1943 97156
6534 44 2205
7054 1746 87323
6375 11 551
5518 23 1169
5896 7 385
6653 123 6194
7001 361 18054
7008 995 49787
7023 123 6164
7010 276 13812
7049 1482 74133
7026 104 5219
7020 1570 78546
7012 1458 72939
7023 1893 94664
7020 59 2951
7047 101 5089
7054 1053 52682
7014 996 49815
6154 10 535
6589 72 3609
5914 96 4827
7049 157 7863
7003 152 7602
6183 103 5156
5338 14 722
6285 130 6533
7004 903 45174
7025 161 8058
6533 9 473
7017 1753 87663
6382 102 5121
7011 118 5942
4982 119 5965
6932 232 11642
7017 1752 87637
7049 1392 69615
7006 296 14846
7018 875 43773
7003 1624 81215
7008 337 16887
7008 298 14911
7003 887 44362
7021 221 11051
6591 73 3696
5013 202 10140
7017 1601 80089
7020 1249 62456
7054 1330 66531
6296 2 139
6768 46 2345
7010 200 10032
5911 63 3186
7003 143 7192
4952 47 2392
7112 29 1500
6218 4 244
5215 43 2178
6946 41 2094
7020 649 32454
6549 122 6125
7054 397 19879
7049 1201 60079
6534 44 2222
7008 815 40786
7004 416 20841
7025 47 2373
7003 1110 55511
7054 1344 67208
5518 23 1168
7049 628 31414
7012 610 30540
7003 1269 63496
7054 1301 65051
7055 268 13401
5177 42 2114
7054 488 24444
7023 1734 86723
6468 41 2077
6687 178 8934
5914 99 4967
7054 1943 97155
7021 785 39284
7023 479 23966
7011 177 8851
6837 58 2948
7018 871 43592
7049 1326 66342
7008 1411 70569
6871 75 3757
7020 1091 54594
7001 759 37982
7049 1104 55235
7018 682 34116
7049 1925 96289
6953 3 179
7019 220 11034
7016 22 1107
6180 12 622
6423 81 4052
7023 1445 72289
7020 674 33702
7025 584 29231
7006 11 587
7049 1104 55239
7010 200 10043
5411 90 4501
6149 147 7381
7008 91 4592
7020 476 23832
6115 39 1979
7004 558 27912
7017 1371 68586
7017 1395 69752
6932 232 11619
7026 335 16765
6752 167 8374
7008 337 16871
6489 108 5442
6564 125 6274
7025 233 11653
7014 996 49846
7018 980 49011
7023 1148 57450
7020 961 48067
7012 527 26360
6837 53 2655
5959 32 1616
6122 44 2202
7020 1782 89105
7014 933 46687
5089 42 2104
6379 68 3441
5625 109 5464
7049 628 31433
7049 1697 84884
6312 123 6182
5516 49 2497
5013 208 10437
7054 1709 85452
5516 46 2335
7014 215 10767
7012 521 26090
7012 1590 79504
7017 1208 60401
7004 1647 82362
5497 28 1449
7022 73 3669
6959 36 1832
7023 834 41730
5576 56 2815
7010 1499 74964
7008 1319 65988
7049 748 37431
7023 1262 63137
7020 360 18036
7021 594 29717
7023 1639 81967
5002 13 692
7001 155 7779
7017 1693 84655
6871 74 3749
7020 462 23113
7001 600 30010
7020 1949 97478
7055 779 38977
6347 51 2560
7054 1083 54199
7055 167 8387
7012 330 16529
7049 722 36125
7004 550 27519
6356 127 6389
7008 955 47777
6004 161 8074
7020 1225 61269
7010 1255 62759
7026 470 23528
5136 3 157
7010 1195 59795
6246 15 766
6154 11 559
7012 388 19404
7462 17 854
7023 345 17283
7025 584 29243
6533 8 425
7019 7 374
5511 51 2564
6444 51 2599
7014 874 43711
7020 1464 73207
5600 52 2624
7014 933 46662
7021 645 32270
7017 662 33122
7004 934 46736
5177 42 2109
7020 649 32495
7004 1242 62142
6964 44 2226
7017 95 4763
7007 4 247
7014 1176 58823
7003 1269 63486
6880 20 1046
7054 1211 60568
7011 288 14405
7012 796 39844
7014 1139 56974
7020 1949 97482
7021 54 2745
7023 1262 63115
7017 1269 63469
7014 1565 78288
6100 81 4066
6835 116 5839
7003 171 8567
7008 695 34761
5385 190 9529
7010 136 6843
5411 194 9741
7049 1126 56327
7017 796 39808
7019 98 4909
6100 18 950
7017 55 2800
7011 74 3727
7003 1543 77185
6375 17 890
6928 41 2052
6354 89 4469
6100 81 4083
7012 82 4103
7003 970 48513
7016 3 175
6687 178 8918
7012 487 24399
6139 11 552
5337 117 5870
6445 3 181
7282 24 1222
6952 6 323
7023 937 46869
7023 676 33816
7004 569 28461
6606 43 2155
6893 193 9676
7014 1603 80176
7026 578 28923
7054 390 19514
7049 1432 71630
7020 1252 62636
7010 822 41103
7008 531 26597
7334 1 96
7019 251 12583
7004 258 12913
5452 11 570
7011 118 5941
7001 997 49874
7623 11 551
7049 174 8749
7049 901 45091
6928 50 2541
7054 235 11795
5516 44 2218
6955 64 3218
5093 141 7075
7047 73 3699
7049 1278 63925
6974 21 1094
7008 829 41458
7584 23 1181
7054 1211 60587
6947 45 2294
7004 466 23330
6676 171 8574
7023 382 19136
7018 719 35982
5013 209 10470
5940 40 2012
7016 22 1150
6599 108 5450
6928 41 2052
7051 86 4303
7020 1158 57916
6656 69 3455
7012 1244 62205
7018 536 26811
7023 937 46880
6946 8 404
7014 1473 73678
7018 945 47273
6934 176 8817
7020 59 2987
7054 25 1291
6687 178 8918
7014 483 24181
7020 257 12857
6780 155 7758
6332 59 2980
6752 132 6650
6369 54 2746
5134 36 1825
7010 773 38654
6059 121 6078
7004 1595 79754
6880 20 1046
7004 1135 56758
7055 391 19556
7012 339 16991
6493 37 1887
5953 3 164
7014 1603 80179
7023 1005 50294
5435 6 342
7003 1543 77151
7018 411 20582
7012 1361 68072
7026 470 23548
7022 253 12661
6978 17 882
7016 123 6167
7020 1943 97151
7012 1114 55736
6579 19 956
7023 1730 86517
6752 161 8077
7001 104 5240
7054 1190 59504
7014 1603 80200
7008 543 27169
7020 257 12866
7019 581 29080
6334 50 2524
7004 147 7393
7001 976 48849
7003 655 32773
7012 34 1748
7010 812 40642
7049 1697 84857
5769 46 2307
5337 118 5928
7006 11 587
7049 860 43007
7026 433 21682
7023 75 3768
7022 47 2363
7007 84 4201
6873 10 520
7026 355 17753
7023 1730 86545
7020 817 40859
7055 698 34931
6829 192 9646
6854 31 1588
6619 3 156
7667 11 596
6978 10 544
7004 950 47537
7019 541 27067
7010 1499 74966
7574 110 5547
5029 25 1290
7020 1361 68097
7054 345 17252
6430 5 278
6605 53 2677
7055 751 37551
5512 180 9050
6922 223 11179
7001 202 10145
7016 3 198
5090 86 4309
7023 1122 56128
7026 158 7924
7020 1470 73515
5216 31 1589
6803 131 6586
7001 738 36923
7025 305 15276
7003 1624 81209
7014 426 21345
7026 87 4393
6534 44 2205
7054 1686 84342
5216 37 1853
5122 21 1082
7003 1475 73789
6375 14 708
7008 567 28361
7001 997 49857
7017 862 43135
6353 71 3552
7054 523 26185
5071 57 2898
7026 238 11940
7017 1506 75340
7025 34 1739
6436 20 1019
7012 1620 81007
5179 98 4928
5268 0 32
7020 1913 95675
7025 148 7432
7022 222 11129
7017 1036 51840
7003 1012 50641
7010 645 32285
7012 339 16991
6969 198 9917
6952 44 2229
7017 1752 87637
7478 24 1210
7013 150 7537
7017 57 2863
6606 43 2155
6874 88 4441
5127 33 1668
7018 871 43590
7010 212 10627
7026 558 27902
7021 261 13065
6407 19 963
7003 56 2811
7016 88 4409
7025 305 15276
7008 715 35759
7026 578 28923
5207 84 4210
7021 271 13581
7017 55 2798
7004 416 20826
5566 24 1228
6340 63 3182
7023 1658 82915
7003 143 7155
6457 128 6421
7003 1197 59865
7010 720 36041
6141 17 891
7055 751 37551
7012 1162 58112
7049 1325 66287
6564 127 6358
6098 52 2620
5433 83 4172
7012 323 16151
7014 1170 58506
7020 1541 77080
6223 5 267
7019 381 19059
7020 633 31695
7054 25 1299
7014 632 31610
7017 1124 56238
6223 0 42
7014 1517 75873
7003 428 21404
7022 3 175
7008 324 16241
7018 454 22746
7049 938 46908
7049 1393 69688
7049 2005 100281
7003 617 30872
6653 119 5956
7020 402 20132
6092 118 5950
7717 7 356
7020 1284 64246
7012 762 38137
7055 660 33036
7049 93 4683
7026 238 11940
7018 719 35969
5370 109 5473
7001 361 18061
7055 326 16334
7008 1391 69577
7740 30 1523
7008 884 44225
7017 1635 81754
5013 208 10416
5229 56 2819
7054 978 48911
6502 43 2188
7023 1607 80371
7008 884 44225
5436 51 2594
7012 813 40653
7020 386 19335
7003 286 14347
7023 333 16657
7018 871 43583
7490 4 249
7003 1711 85551
5177 42 2146
7023 691 34587
7004 837 41891
5437 135 6760
6826 35 1798
5589 88 4443
5436 56 2850
7010 773 38699
7055 760 38003
6325 2 101
7011 19 959
7047 119 5970
7001 600 30010
7014 898 44943
6376 13 687
7054 1283 64178
7054 900 45035
7023 1148 57442
7054 1306 65322
5437 134 6739
6761 41 2080
7054 1650 82505
6548 46 2314
6148 21 1089
5584 13 659
7049 1325 66274
7018 357 17864
6594 110 5518
5516 46 2335
6653 120 6006
7018 875 43763
7010 933 46676
7023 1056 52835
6023 28 1424
7047 111 5599
7054 111 5567
7014 979 48960
6990 7 384
5625 203 10193
7020 1158 57938
6829 182 9134
7014 1176 58829
6489 112 5611
7019 7 374
7017 1693 84684
7004 619 30955
7055 337 16855
5164 72 3646
7006 296 14846
7049 1200 60025
5946 5 274
7411 105 5270
6110 30 1506
7018 536 26811
7054 1015 50776
7010 46 2343
7054 1292 64613
7008 955 47763
7055 34 1726
6115 19 974
6901 13 696
6296 5 268
6026 49 2497
6619 3 156
5915 87 4360
6530 6 340
7010 1698 84918
5005 208 10420
5337 138 6921
7053 11 551
7017 1371 68564
6230 73 3685
7049 1302 65146
5326 4 249
7054 390 19513
5774 83 4157
5518 23 1168
6298 52 2637
7001 997 49874
7054 515 25761
7001 552 27649
7003 389 19492
6829 190 9521
6664 208 10421
7008 324 16241
7023 1730 86520
6978 12 607
7054 1770 88513
7004 1326 66330
5585 53 2688
7012 1361 68065
6506 76 3831
7018 832 41645
7021 645 32255
7004 1585 79292
6934 146 7344
7020 837 41861
7012 388 19410
7019 98 4909
5136 3 189
7023 1012 50620
7025 451 22562
7014 1282 64130
7001 999 49957
7012 1435 71763
7008 436 21850
7049 1482 74125
6026 52 2603
7001 146 7306
6800 47 2370
7004 1298 64906
7010 1443 72180
7049 157 7894
7004 1279 63998
7003 441 22062
7018 890 44541
7004 890 44518
7020 280 14046
7010 822 41102
7004 882 44103
7017 817 40871
5370 108 5417
7054 783 39166
7020 357 17861
6752 131 6574
6798 36 1823
6799 64 3235
6985 12 618
7020 402 20132
6098 137 6900
7049 1201 60086
6506 67 3398
6535 63 3178
7054 105 5282
6780 149 7474
5971 83 4196
7023 1646 82335
7008 1353 67698
7020 957 47882
6347 3 175
7003 1590 79548
7049 878 43933
7008 1353 67698
7020 1614 80709
7012 489 24477
6956 237 11880
7498 202 10102
6332 55 2800
6004 161 8074
6425 28 1446
7012 1376 68848
7049 1632 81611
7019 160 8014
7023 676 33816
7006 296 14846
5985 100 5022
6823 7 382
7020 462 23102
7017 273 13664
7017 273 13692
5518 23 1169
7049 1749 87484
7008 708 35427
7012 1499 74952
5508 114 5749
6535 3 155
7049 938 46941
7017 1617 80894
5387 37 1883
6420 68 3436
7049 1980 99015
5497 26 1343
7021 219 10972
5924 10 539
7014 632 31610
7012 1458 72939
7023 1734 86735
7006 241 12072
6534 42 2113
7001 759 37993
7018 920 46002
5387 31 1580
7001 997 49857
6980 191 9587
7004 248 12415
7004 1509 75486
7020 257 12866
7014 679 33957
6180 1 85
7004 349 17500
7026 262 13144
7023 356 17803
7003 887 44362
7001 552 27637
6800 47 2370
7017 772 38616
5185 1 80
7010 812 40619
5617 62 3113
7012 658 32917
6206 111 5578
6098 137 6876
7020 1399 70000
7019 98 4902
7017 55 2800
7012 489 24451
6230 98 4931
