7004 514 25741
7006 486 24306
7001 418 20934
5452 47 2370
6628 44 2210
7010 668 33444
5519 144 7236
6211 69 3457
7003 456 22819
6319 47 2352
6542 170 8512
6765 156 7829
7010 1485 74269
5108 96 4847
7008 746 37312
6956 115 5753
6663 25 1272
6960 163 8192
7012 1006 50313
6535 93 4660
7004 206 10314
6420 40 2016
6080 92 4611
7003 1513 75692
6934 74 3711
6751 27 1389
7012 1290 64532
7008 1321 66095
6319 48 2430
7013 224 11231
6908 190 9549
6366 75 3773
5966 0 5
6579 47 2391
6663 18 947
6650 20 1015
5106 183 9186
6837 152 7635
6668 87 4364
7014 515 25759
7003 1387 69379
7014 1640 82009
7012 794 39711
7004 1023 51197
6918 68 3435
7008 1464 73203
7014 1054 52736
7012 324 16249
6837 8 402
6503 56 2806
5511 40 2017
7001 977 48900
6107 19 995
7001 823 41192
7012 1466 73325
6930 15 776
7004 1660 83002
6908 191 9584
6407 92 4631
6828 164 8247
7004 729 36483
6952 97 4875
7013 187 9382
7012 529 26456
5108 96 4840
7001 891 44596
7012 1466 73303
7001 324 16212
6933 83 4197
5401 36 1807
6663 21 1076
5441 89 4470
5055 52 2609
6036 56 2834
7008 145 7264
6831 59 2978
6334 8 425
6123 8 426
7014 5 273
7014 1184 59231
7012 708 35428
7004 1268 63401
6826 46 2350
6483 0 12
5433 159 7952
6912 60 3044
5516 25 1290
7008 1244 62235
7008 146 7308
6923 30 1546
5511 43 2196
7012 19 952
7008 1393 69651
7008 890 44529
7003 1050 52510
7004 1622 81150
6827 110 5522
6410 122 6121
4957 145 7253
7014 1411 70564
7008 103 5173
6319 47 2352
7008 1321 66099
7003 31 1576
7001 1025 51251
7003 1387 69355
6170 36 1819
7004 961 48088
7010 579 28984
7003 1433 71668
6362 83 4192
7001 480 24018
7014 1505 75289
5441 6 309
7010 441 22054
7012 1447 72362
6650 20 1039
6930 20 1007
7003 119 5966
6407 93 4660
7012 529 26462
5506 51 2574
6930 15 774
6949 78 3916
7006 486 24327
6406 115 5791
7008 466 23333
7014 1505 75258
7003 411 20559
7003 1111 55583
6930 15 770
6579 48 2448
6366 75 3779
7014 429 21494
6078 23 1160
6315 26 1345
6078 6 302
6977 90 4504
6366 74 3708
6968 1 89
7001 153 7674
7012 529 26489
7012 324 16219
6407 98 4901
6908 51 2576
7003 31 1558
7014 1062 53144
7012 1220 61012
7008 466 23308
7012 1659 82959
6828 164 8219
7003 1304 65240
6908 184 9246
7008 1464 73246
7003 270 13511
7011 308 15402
7001 210 10547
6359 6 309
7014 1505 75268
7012 1141 57087
6666 12 618
7004 1278 63932
7008 280 14050
6535 87 4376
7014 1346 67346
7004 1622 81114
7010 1447 72393
5557 23 1194
5155 38 1947
6956 197 9872
6568 34 1743
7006 308 15422
7004 309 15457
6548 91 4552
6441 65 3284
6827 103 5191
6837 8 406
7004 206 10348
6828 160 8005
5557 92 4634
7003 228 11417
7010 1343 67165
7010 416 20841
6490 38 1911
6480 110 5524
6831 53 2656
7003 411 20560
7012 892 44642
7001 228 11418
6827 103 5182
6078 1 51
5404 37 1875
7004 654 32707
7010 1596 79837
7003 848 42429
7004 1340 67021
7004 901 45081
5136 61 3053
7004 118 5913
6981 65 3282
7003 875 43798
7008 885 44291
7003 188 9407
5404 38 1902
6956 112 5632
7004 654 32739
7001 185 9300
7003 852 42649
6882 155 7787
7010 280 14026
7001 977 48897
7008 734 36723
6756 40 2031
7003 411 20560
5783 93 4693
7013 193 9680
6908 55 2755
7004 1624 81209
6831 55 2793
6036 33 1698
7010 1568 78403
7001 264 13249
7004 654 32712
7003 228 11406
6918 35 1770
5331 138 6925
6078 1 61
7006 604 30201
7004 1268 63447
6482 147 7356
7014 653 32669
7012 1730 86510
6025 99 4981
6981 39 1957
7003 1437 71881
7010 1390 69550
6945 219 10961
7014 1214 60727
6908 184 9218
5401 31 1577
7013 154 7745
7003 119 5961
7014 867 43398
6975 66 3313
7003 1050 52537
6828 169 8486
6975 66 3313
5497 16 827
7014 326 16342
7014 653 32657
6123 9 463
7004 206 10329
6528 13 684
7003 31 1569
6564 83 4156
7008 1387 69381
7012 442 22145
7014 53 2667
6106 48 2428
7003 1437 71886
7013 224 11220
6319 44 2227
7006 558 27943
7014 1270 63506
6081 13 691
7010 1568 78408
6078 3 199
7004 1486 74322
7008 144 7224
7006 308 15402
7001 295 14800
6959 120 6039
6548 84 4206
7014 1582 79113
4995 8 413
5155 92 4633
5155 49 2474
7003 1433 71675
6664 72 3619
7003 852 42647
7003 784 39231
7008 786 39350
7003 1449 72459
7008 633 31675
6577 37 1899
7008 417 20876
6423 75 3797
7008 890 44509
5519 148 7450
7003 1375 68778
7008 885 44276
7010 27 1375
6030 8 416
5380 9 491
7013 40 2023
6763 142 7141
6955 208 10427
6663 24 1217
6106 49 2459
6991 68 3436
6765 210 10503
7012 1275 63781
6763 166 8301
7014 653 32653
7010 27 1359
7014 515 25755
5487 28 1446
7010 84 4244
6918 65 3291
6908 188 9442
6664 72 3649
6286 138 6919
6812 4 212
7013 154 7733
7004 206 10347
7003 784 39202
7008 1027 51396
7003 232 11619
7004 184 9210
7003 1111 55576
6632 34 1714
6542 166 8303
6908 188 9422
6507 45 2294
7004 1208 60421
6882 153 7674
7008 1244 62225
7013 206 10326
6217 142 7114
6577 37 1899
6751 23 1163
7008 102 5134
5339 45 2300
7003 469 23496
5169 36 1834
7008 1321 66063
6664 181 9080
7003 1304 65215
5404 34 1731
6406 119 5970
5169 35 1798
5441 8 414
6564 82 4120
7008 889 44460
7010 1270 63503
7012 1730 86529
6123 9 491
7012 1061 53052
5380 0 47
6303 83 4159
6090 80 4005
7004 901 45055
5229 6 309
7012 1186 59315
7003 1734 86714
7010 19 990
7014 1640 82043
5019 115 5798
6303 79 3967
6334 8 442
5541 40 2024
6918 36 1827
5519 146 7322
7001 185 9261
6853 100 5046
7010 1390 69526
6663 41 2096
7004 253 12672
6321 71 3576
7008 994 49743
5498 8 406
7003 1437 71869
7003 924 46233
6080 89 4498
7010 1042 52131
6123 9 467
5151 163 8195
6560 10 503
6281 32 1632
7013 193 9680
7008 890 44536
5380 1 78
7010 1038 51946
6945 219 10961
6749 44 2212
7013 40 2035
6027 3 163
6752 70 3514
7008 280 14014
7001 324 16213
7013 108 5404
6991 65 3298
6507 45 2294
7003 469 23488
7004 1622 81126
5169 34 1746
7003 784 39202
7008 890 44526
7012 1065 53283
6334 14 735
7010 1343 67168
7008 675 33795
7003 932 46626
7013 238 11917
7001 682 34140
7003 31 1558
7006 486 24345
7008 1110 55541
6426 23 1167
7008 1078 53915
7003 1449 72467
6973 43 2173
7013 185 9292
7010 579 28994
6542 164 8214
6162 213 10689
7010 1562 78104
6663 19 959
6955 204 10243
7006 486 24350
6689 35 1787
7014 763 38173
5497 16 827
6782 0 20
6812 3 181
7008 583 29179
7008 102 5112
7004 1486 74342
6406 119 5970
7008 889 44500
6401 21 1099
7014 53 2682
7010 48 2449
7010 138 6925
6756 41 2092
7004 1340 67021
6934 13 665
7012 302 15105
6934 77 3882
7010 138 6940
5456 18 921
6933 81 4062
7003 775 38797
6837 152 7619
7001 185 9254
7014 326 16327
7014 1728 86427
7004 1275 63770
6960 166 8320
5339 91 4557
6548 2 104
7004 514 25713
6162 213 10695
6503 57 2865
6319 47 2351
6945 215 10799
6230 58 2910
6577 37 1872
6992 9 475
5512 210 10511
7010 48 2443
7006 486 24303
6687 191 9596
7010 19 983
5339 41 2099
7012 1126 56307
7008 144 7224
7004 1208 60403
7003 1050 52545
7003 188 9422
7012 1659 82963
7008 1348 67433
7013 206 10348
7014 1411 70560
7008 417 20889
7011 308 15418
7004 253 12673
6934 77 3863
7001 823 41193
7012 1054 52740
7004 654 32712
6959 122 6150
6366 75 3779
6359 7 383
6090 72 3626
6080 92 4637
6211 204 10206
7012 1659 82972
6756 47 2371
7003 828 41420
5921 17 855
7010 280 14046
6908 188 9440
7003 960 48030
6025 98 4923
6616 23 1186
7010 441 22089
7012 794 39720
7014 1582 79108
5380 3 181
6616 25 1271
7008 833 41672
6106 49 2457
7014 5 270
7003 643 32174
7012 1186 59301
6564 84 4216
6782 2 129
6205 95 4756
7004 575 28764
7008 1244 62204
7014 34 1750
7003 228 11426
6951 24 1219
7010 1447 72360
7008 1348 67411
7008 734 36729
6401 13 669
6507 46 2344
6765 212 10621
7013 193 9688
7008 1348 67437
6401 13 684
7013 193 9690
6912 58 2924
7008 195 9787
7003 775 38785
7013 238 11913
5069 34 1740
6955 211 10598
6956 120 6036
6211 207 10382
7014 653 32656
7010 579 28999
5783 88 4444
7003 643 32172
5339 44 2210
7004 514 25704
7010 89 4484
7003 119 5951
5497 19 959
7014 867 43371
7001 324 16212
6683 15 792
6629 8 430
7012 302 15105
7004 206 10314
6975 56 2818
5151 177 8878
7013 201 10058
6663 18 911
6442 28 1426
7012 708 35422
6782 2 138
6102 38 1905
5216 81 4074
6378 2 140
6442 28 1416
7001 977 48900
7008 1029 51455
7001 324 16221
7003 31 1592
7003 1304 65232
6628 44 2237
7004 1622 81102
7014 515 25772
7008 102 5147
7003 1318 65919
6100 14 736
6991 69 3473
7001 566 28313
6482 148 7447
7012 1141 57088
5497 102 5112
6829 122 6102
7010 8 420
7001 464 23238
5108 90 4519
6362 83 4171
7008 786 39330
7001 210 10516
6230 97 4872
7014 867 43375
6078 23 1160
6482 153 7696
7008 280 14018
7003 469 23500
7001 26 1322
7004 1435 71767
6756 42 2142
5195 29 1489
5586 148 7406
7013 193 9682
7004 1624 81236
7004 575 28781
6401 21 1063
7010 246 12334
6918 37 1886
6420 45 2267
7001 464 23223
7012 1065 53256
5000 41 2052
6882 210 10509
7001 570 28520
5459 1 78
7011 308 15402
7012 1126 56309
5456 18 921
6568 36 1811
6442 33 1680
7006 558 27917
7008 1027 51397
7006 588 29422
5977 194 9743
7004 1275 63777
6614 110 5539
7008 1051 52562
7001 418 20905
7012 529 26464
7004 1660 83017
6027 5 275
6577 32 1631
5564 192 9642
7010 138 6936
7004 1268 63421
7003 1433 71657
6954 3 176
6616 28 1419
7003 700 35021
6752 72 3650
6763 150 7514
6535 91 4558
7001 566 28307
7010 343 17176
5331 133 6681
7001 418 20920
7008 1110 55518
7012 302 15113
7012 1730 86543
7001 210 10538
6992 10 549
7004 1435 71800
6930 19 989
7008 1464 73202
6407 90 4539
6918 34 1712
6945 213 10658
6560 10 506
7003 828 41432
6366 13 694
7004 1278 63943
7014 1346 67318
7008 195 9793
7004 1605 80290
7010 1447 72393
6930 20 1007
7008 144 7238
7010 84 4237
6837 4 202
7008 1387 69361
7001 210 10539
7003 270 13547
6366 13 663
7013 201 10094
7003 214 10707
7003 1318 65909
7010 1447 72384
6205 95 4789
7010 19 990
7012 1065 53268
5969 46 2316
6882 195 9782
6908 191 9583
5106 183 9176
7004 1622 81109
7010 1049 52465
7008 72 3614
6482 150 7525
5000 43 2171
6401 21 1099
6387 19 992
6623 82 4144
6359 5 272
7012 1035 51798
6968 7 351
6960 73 3656
7013 185 9256
5441 83 4167
6827 104 5210
6426 22 1125
7012 1275 63761
5071 19 960
6170 38 1923
7014 53 2668
7003 775 38758
6827 101 5076
4998 132 6649
6664 180 9006
6908 51 2566
6882 153 7659
7003 1527 76396
6765 212 10624
7013 40 2011
7006 337 16890
5519 147 7397
7012 892 44650
7014 867 43369
6359 6 309
7010 1038 51929
6912 60 3044
7003 31 1552
7001 26 1336
6991 69 3458
5146 43 2164
6664 193 9659
6030 13 698
6765 157 7898
6503 58 2948
7012 442 22146
6930 13 691
7010 89 4494
7001 823 41166
6319 46 2314
5926 13 661
7014 429 21481
5605 57 2879
7006 324 16211
5497 109 5479
6407 96 4843
7014 34 1713
5070 55 2779
6173 32 1612
7012 1466 73327
5013 29 1470
6812 1 94
7014 326 16327
7003 119 5978
6831 51 2600
6467 124 6206
7003 411 20558
7012 1054 52744
7008 145 7259
6751 25 1281
7003 1413 70693
6981 40 2045
5380 8 445
7008 146 7318
6542 166 8328
7006 308 15436
7014 1121 56060
6322 42 2101
7008 144 7233
7012 1054 52722
7001 228 11418
6321 64 3215
6230 97 4872
6663 19 959
7004 1622 81120
7003 31 1585
7014 1640 82011
7004 1268 63442
6991 67 3356
7010 668 33444
7008 417 20884
6908 50 2550
6286 141 7098
5586 87 4352
6828 169 8469
7012 1061 53061
7003 1437 71881
6882 195 9771
7008 1464 73244
7004 1278 63944
7012 1479 73973
7013 193 9668
6663 45 2259
6812 3 192
6359 4 223
6334 111 5600
5331 133 6681
7004 1278 63912
6871 187 9394
6030 13 693
5013 2 108
6955 212 10630
7014 1062 53110
6837 154 7749
6945 213 10658
6664 123 6160
5456 12 614
7003 1449 72472
6763 150 7545
7014 990 49519
6663 18 939
7010 727 36361
7004 1435 71783
7012 708 35404
7003 1449 72486
6560 14 718
7014 1121 56053
7003 270 13543
7008 1244 62224
7012 1186 59333
6568 34 1743
7008 1393 69651
7003 400 20002
6078 3 199
6930 12 650
5029 172 8650
7004 1023 51172
7003 1413 70682
7004 901 45097
4957 142 7102
7008 1244 62244
7003 852 42646
5536 12 618
7001 324 16224
6975 71 3594
6406 116 5804
6942 94 4701
6954 14 724
6991 69 3486
6548 63 3152
7003 1642 82135
7010 1270 63543
6628 43 2173
7008 280 14039
7008 889 44451
7008 144 7244
6697 98 4932
6960 166 8320
5926 13 677
7014 1331 66557
6934 71 3573
7006 308 15408
7010 1049 52492
5151 89 4491
6441 62 3122
6765 212 10644
7010 246 12343
7003 749 37454
7014 1270 63545
7004 1164 58209
6828 162 8145
7012 19 981
6954 10 547
7008 280 14018
6467 98 4924
7014 53 2699
7014 763 38152
6362 76 3815
7012 1141 57080
7010 1049 52496
7012 246 12323
5169 121 6062
7013 193 9696
6170 38 1918
7014 653 32674
5456 12 622
7003 1193 59666
7003 1193 59666
7001 566 28315
7010 1545 77286
7006 471 23592
5511 46 2313
7003 232 11622
7001 26 1314
7001 682 34120
5331 137 6856
7003 1111 55571
7014 308 15405
6831 59 2991
7004 654 32722
4971 110 5502
6882 154 7717
4957 144 7230
5564 192 9641
6945 216 10844
5783 86 4301
7010 89 4498
6480 101 5082
7001 344 17227
6908 191 9571
6334 14 735
6687 196 9804
6620 127 6366
7010 727 36368
7004 901 45066
7003 1513 75651
7014 212 10639
7003 411 20589
5370 57 2851
5996 22 1138
6091 103 5163
5891 148 7425
7001 866 43314
5452 49 2459
6687 196 9847
6334 12 619
7010 1447 72351
7003 469 23465
7004 961 48065
6888 90 4515
5013 27 1388
6756 42 2145
7012 1054 52712
7004 118 5937
5093 164 8242
7001 26 1314
6794 17 899
7011 302 15108
5108 92 4627
6483 0 12
7008 994 49735
6664 182 9101
6981 128 6448
7010 343 17180
7003 214 10746
6683 15 764
6975 69 3485
6548 1 99
6756 43 2189
7001 1025 51254
7004 184 9210
5380 3 195
6620 149 7473
6106 50 2506
7001 228 11449
6934 13 689
7003 411 20568
6960 79 3967
6812 1 56
7014 990 49547
5077 31 1557
5071 19 960
7008 102 5118
7006 324 16220
7012 1054 52723
6319 29 1493
7013 201 10051
5380 0 5
6882 152 7618
5331 135 6760
6375 57 2870
7003 643 32154
7013 224 11220
7003 469 23475
6956 116 5830
7001 480 24033
5370 52 2628
6794 22 1150
6888 0 47
7012 892 44606
7012 246 12311
7012 1290 64503
7013 193 9671
5497 101 5090
6535 91 4563
7008 1348 67407
7008 885 44254
6956 197 9851
7001 210 10526
5966 50 2523
5106 184 9240
6975 69 3485
7004 1208 60418
6954 6 332
7008 144 7243
7003 828 41434
7003 456 22819
7001 480 24031
7008 1387 69351
6616 20 1027
7004 1622 81137
6503 58 2948
6952 101 5052
6406 115 5796
6201 65 3251
5071 13 692
5401 38 1906
7012 708 35448
6366 80 4028
7012 1466 73310
5042 40 2042
6954 6 311
7003 31 1561
6827 110 5516
6765 212 10621
6467 98 4924
7001 700 35036
7008 417 20883
5106 192 9604
6321 69 3466
4983 48 2440
7003 1318 65912
7010 1549 77471
7010 1049 52466
5385 160 8039
5497 108 5439
7001 823 41178
7010 1270 63544
6286 140 7029
6912 195 9761
6956 112 5612
6030 13 693
7003 228 11417
7003 1050 52511
5487 50 2509
7014 326 16322
7003 1111 55565
7012 1275 63791
7013 238 11927
6912 59 2977
6829 123 6177
6035 3 175
6959 125 6256
5996 23 1169
7001 866 43342
7003 932 46620
7012 1485 74264
7001 208 10413
7003 228 11441
7003 188 9419
7011 302 15123
6387 11 586
6973 43 2186
7004 206 10348
7008 1078 53942
6991 65 3298
7004 118 5949
7014 429 21493
7004 1278 63912
7013 238 11913
6777 1 77
7006 588 29413
6663 41 2097
6990 19 957
7008 417 20853
7003 80 4048
6080 89 4468
6375 57 2855
6548 2 104
5519 148 7450
7012 794 39711
6826 42 2128
7011 302 15108
6623 61 3064
7008 133 6667
6752 72 3616
6528 12 610
7010 84 4237
6211 64 3233
7010 649 32466
7010 84 4242
6379 94 4729
6831 59 2986
6945 212 10636
6426 26 1329
7014 1121 56099
6827 108 5430
7003 932 46623
6945 215 10795
6794 22 1150
7014 867 43362
7008 924 46215
5977 194 9745
7001 153 7683
7014 867 43377
6690 149 7491
7014 1184 59211
7010 1596 79810
7003 413 20655
7001 1025 51269
5154 152 7612
6362 101 5077
5581 35 1791
7003 960 48037
7014 867 43381
7008 1348 67415
6960 77 3861
6379 34 1738
7012 1466 73310
7003 1734 86737
5380 5 262
7010 710 35543
6426 27 1387
7014 34 1706
6560 18 913
5515 67 3372
7008 103 5182
7001 344 17249
6959 123 6171
6036 56 2847
7010 727 36376
7003 1387 69393
7010 1042 52143
5190 2 108
6162 213 10672
7008 1010 50545
6401 14 707
6375 30 1550
6482 153 7696
7004 1208 60441
5380 8 445
7003 960 48037
6959 124 6248
5456 13 669
7008 889 44458
7010 138 6934
7003 1387 69375
7003 1339 66954
5891 158 7930
7001 732 36647
7008 833 41662
6981 38 1901
6930 18 935
6201 57 2864
5155 89 4475
7008 777 38867
6663 21 1076
7008 633 31684
6956 120 6049
7001 210 10501
7004 1138 56937
4983 46 2320
6572 168 8437
7014 1411 70584
6952 91 4571
7004 514 25717
7003 1375 68778
5385 160 8039
5459 182 9124
6590 25 1279
5404 30 1540
7003 214 10711
7008 280 14041
7004 901 45073
6991 67 3368
7004 1299 64963
6321 70 3511
6663 175 8791
7003 413 20661
5511 48 2408
6828 163 8171
6666 12 603
7012 1220 61027
7010 579 28968
6359 5 288
5065 2 140
7008 133 6679
6812 3 181
7001 185 9263
6090 76 3813
6945 208 10429
7008 1393 69674
7012 1006 50304
5000 46 2328
6981 37 1888
6908 53 2675
7007 22 1146
7012 781 39057
7014 1582 79141
7014 867 43398
5452 46 2345
7008 1387 69388
7001 379 18972
7012 1425 71271
7003 1044 52245
6201 64 3250
6934 75 3795
7014 5 258
7012 246 12311
5966 8 434
6930 20 1021
6908 188 9427
7012 1006 50343
5190 3 178
7004 1622 81125
5401 33 1684
7014 1214 60705
7010 649 32452
7003 924 46239
6923 35 1788
7003 643 32172
7014 10 545
6426 27 1387
7010 579 28984
7003 31 1568
6650 17 896
7012 1485 74251
6206 129 6465
5966 12 602
6981 42 2130
7014 1270 63545
6991 67 3357
7010 369 18476
6319 49 2476
7014 1062 53110
5891 32 1608
6666 186 9318
7012 1549 77459
7010 1562 78131
5459 2 107
7010 727 36372
7001 682 34148
5401 36 1807
6080 91 4599
7003 228 11440
7003 852 42619
7012 302 15131
7008 885 44276
7013 154 7704
5498 4 223
6656 42 2126
6090 78 3936
7004 1208 60441
7014 53 2665
7004 575 28776
6991 66 3350
7008 280 14022
7010 1549 77496
5448 11 580
7001 185 9262
6420 45 2300
6091 100 5039
7001 480 24031
7014 990 49516
7004 1622 81126
6231 109 5458
7014 1640 82036
7001 1025 51269
6480 101 5083
5557 20 1035
7001 823 41151
6635 0 2
6765 158 7920
7013 206 10323
5966 48 2403
6837 7 383
7010 48 2412
7001 464 23205
5078 3 178
5511 45 2275
7013 201 10058
6765 212 10610
7004 729 36455
6366 13 694
7006 471 23562
7003 119 5994
5783 86 4338
7008 589 29460
5586 139 6983
7001 26 1327
7001 153 7686
7014 216 10816
7012 1141 57094
6201 55 2770
6955 211 10595
6831 50 2515
6975 64 3213
6217 143 7174
6656 40 2019
5456 14 739
6401 21 1100
5433 153 7692
6934 13 665
6923 14 711
6407 93 4660
7013 201 10077
5459 3 171
7008 1321 66063
7001 566 28328
7003 1449 72499
7014 34 1719
6338 43 2157
6959 119 5990
7014 1346 67318
7012 529 26477
6683 13 700
7014 34 1748
5000 41 2052
7003 119 5991
7008 746 37312
7010 1545 77286
6572 57 2878
7012 1275 63773
7001 26 1347
7008 833 41672
5401 31 1577
6960 73 3673
7003 232 11630
7001 228 11437
6794 18 918
7003 469 23482
5108 97 4858
7008 734 36719
6572 174 8731
6749 44 2232
5891 158 7936
7012 1141 57055
7012 1425 71271
6663 173 8685
6379 38 1947
7003 214 10734
7014 1214 60705
6934 18 904
7003 1658 82901
6542 165 8293
5441 7 375
7014 212 10639
5458 157 7853
5229 7 360
4983 44 2238
6751 27 1351
7003 1413 70700
6548 3 171
7014 1062 53138
7008 72 3610
7003 1513 75695
7004 1319 65967
7014 950 47503
7004 654 32713
7012 1485 74261
7001 264 13212
6663 44 2241
7014 1121 56058
6666 185 9299
7001 682 34120
7010 441 22086
6560 17 884
6687 193 9698
6888 50 2519
6763 158 7918
6756 153 7689
6812 3 192
6896 15 788
7012 1061 53074
7001 480 24004
6650 19 953
7012 1549 77474
6211 69 3457
6923 12 607
6467 123 6192
7003 1044 52214
7013 187 9384
6442 34 1732
7014 34 1716
7011 308 15419
5581 35 1791
7003 749 37479
7001 542 27123
6765 212 10622
6666 187 9381
7014 326 16318
6829 123 6158
7003 363 18199
7008 1470 73518
6960 79 3967
7014 515 25783
7010 1162 58138
7013 193 9683
7001 542 27110
7001 344 17204
6960 167 8361
7014 1214 60724
6968 2 133
7008 195 9776
5459 178 8943
6401 13 684
5151 163 8195
7001 480 24009
6628 45 2259
5404 37 1875
5512 189 9491
7004 1268 63428
5497 12 637
7001 682 34105
6882 153 7674
6548 3 171
5137 8 441
7010 1343 67162
5339 96 4846
6827 110 5527
7010 1343 67151
7012 1290 64540
7014 429 21451
7003 31 1559
5497 102 5129
7014 308 15406
6960 73 3696
6446 126 6347
6960 167 8374
6908 190 9523
7006 324 16243
5511 49 2495
6490 36 1824
5459 9 487
7010 8 401
7004 1319 65957
6338 43 2157
6401 19 968
7010 710 35547
7003 1318 65908
6564 81 4092
7012 892 44601
6379 31 1557
6826 40 2041
7003 262 13136
7008 1393 69694
5069 34 1740
6959 122 6150
7003 828 41406
5185 74 3720
6030 7 388
7001 819 40954
5459 180 9020
7012 1659 82967
7001 153 7683
6199 75 3768
7010 220 11048
7003 775 38756
5459 178 8943
7012 1290 64503
7010 668 33441
5586 85 4287
7014 515 25787
7003 413 20655
7001 700 35040
7001 144 7224
7003 456 22816
4983 18 933
6908 52 2619
6572 172 8608
6480 101 5064
5497 109 5459
7001 823 41156
7007 22 1143
7011 302 15132
6107 26 1337
6956 115 5792
7012 302 15133
7001 208 10408
6664 182 9101
7010 649 32465
6930 18 946
7006 604 30208
7014 1003 50188
7012 1447 72368
7014 662 33148
7008 885 44290
6837 157 7891
5042 49 2457
7010 579 28994
6765 210 10503
6975 57 2889
5519 149 7494
7003 643 32174
7001 264 13249
6882 195 9783
5154 72 3643
7003 1433 71695
6170 31 1590
7003 643 32163
7013 193 9674
6945 213 10662
7003 228 11428
7014 326 16338
7001 682 34137
6420 43 2197
7014 1640 82029
6334 15 791
7014 1505 75258
7008 1348 67404
6387 16 830
7003 1318 65915
6912 201 10052
7004 1299 64991
7012 302 15117
7013 238 11914
6697 100 5020
6756 154 7737
7003 1304 65238
7004 654 32704
6379 94 4729
7001 480 24001
6827 101 5076
7001 379 18992
6829 123 6189
7012 1635 81757
7013 108 5424
7014 205 10270
7008 889 44462
6632 57 2869
6548 87 4389
7013 40 2041
6991 64 3219
6620 127 6387
7014 429 21451
7001 700 35037
5630 42 2129
7012 708 35419
5519 146 7322
7012 442 22101
7010 280 14043
6697 100 5025
7014 515 25787
6407 96 4837
6908 52 2604
6956 117 5879
6918 33 1684
7012 246 12350
6934 75 3799
6664 120 6037
7008 1393 69677
6952 91 4593
7013 201 10074
7003 1513 75683
6960 166 8310
5108 96 4837
7003 643 32156
7008 1010 50530
6050 0 1
7014 205 10272
6908 56 2807
6812 3 169
5891 141 7095
6338 26 1316
5370 56 2819
6542 170 8518
7014 990 49504
7012 1730 86503
6027 3 163
7004 1138 56917
5497 101 5090
7008 583 29163
4998 132 6649
6420 43 2197
7001 185 9264
6535 89 4471
6959 127 6384
7010 1447 72351
6981 65 3270
6896 17 859
7012 892 44618
6564 83 4189
6908 57 2877
5487 28 1444
5487 20 1050
7010 1343 67159
7003 411 20593
7008 890 44526
5557 24 1236
5547 74 3723
6756 42 2145
7014 1331 66553
5065 24 1217
7003 1513 75686
5947 158 7901
6021 187 9381
6912 193 9668
6535 87 4376
7003 119 5961
6123 1 68
7008 885 44292
7010 84 4227
5331 130 6501
7004 1435 71797
7010 1042 52116
5106 184 9240
6440 57 2900
7004 654 32730
6828 167 8383
7001 185 9260
7014 1411 70563
7008 924 46243
7008 890 44543
6934 15 789
6951 23 1167
5487 52 2642
7012 442 22146
7008 1029 51459
7010 579 28991
6991 68 3436
5093 161 8053
6697 100 5020
5547 72 3646
7010 48 2441
4983 6 317
6535 89 4484
7012 1479 73983
6912 193 9700
7008 786 39311
7003 1437 71865
7014 1582 79147
5512 189 9462
7006 308 15415
6528 14 702
6663 43 2192
6956 190 9501
7001 344 17241
6579 43 2194
6765 156 7837
7008 583 29173
7008 1348 67415
6030 8 446
5380 5 269
6954 10 547
7013 187 9390
7012 1065 53256
6404 108 5431
6027 4 226
6211 67 3370
7001 1025 51278
7001 144 7205
7008 145 7282
7012 1466 73302
6763 150 7514
6908 50 2506
6956 115 5796
7008 144 7246
6896 13 654
7001 566 28301
7008 145 7276
7004 1624 81236
7008 72 3606
7003 1044 52201
5459 177 8878
7008 889 44451
7003 1658 82901
6446 124 6250
6942 94 4729
7003 1437 71856
7012 442 22114
5497 106 5327
7011 302 15124
5557 21 1052
7013 224 11247
7001 891 44555
5497 103 5160
7010 8 435
7003 456 22811
7012 914 45736
7012 246 12326
7013 193 9699
7004 184 9231
7010 1562 78133
6315 25 1258
7008 833 41685
5331 134 6739
5195 61 3074
6564 81 4090
7008 589 29494
7012 1141 57051
5068 95 4765
7012 892 44602
5547 74 3715
7008 890 44544
5497 11 572
5036 20 1050
6579 43 2151
6663 173 8679
6211 66 3301
7004 1486 74336
7008 583 29158
7014 34 1730
7010 1568 78417
6896 18 917
7014 429 21462
5155 49 2463
5605 55 2769
7004 1023 51198
7008 734 36706
6284 60 3042
6973 38 1931
7010 1049 52494
5515 96 4836
7001 295 14755
7004 309 15491
6528 11 553
5516 24 1229
7003 1642 82147
6942 93 4654
6102 38 1949
5891 155 7755
5611 102 5120
5151 177 8878
7004 1275 63771
6379 38 1929
5630 41 2058
7004 1208 60403
7010 441 22057
7008 589 29485
6828 162 8145
6945 219 10978
7010 727 36357
7012 1186 59346
6829 122 6102
5586 141 7080
7003 411 20579
7014 5 252
6828 165 8278
6284 63 3162
7003 932 46636
6050 9 486
7010 48 2428
6756 40 2043
6666 15 783
7010 579 28988
7008 734 36706
7001 1134 56707
6912 195 9761
5541 45 2277
7012 708 35424
6441 62 3126
7003 1734 86722
7014 308 15419
7001 144 7227
6960 77 3855
6945 213 10664
7004 654 32724
7010 220 11036
6366 79 3995
5996 22 1138
6106 48 2444
6687 191 9587
7012 1061 53093
6650 20 1020
6942 93 4658
7014 10 548
6288 175 8755
7010 1485 74253
6837 8 434
7008 280 14045
7010 1042 52103
5459 170 8540
5966 46 2335
7001 464 23212
7008 146 7318
7014 1214 60733
7004 514 25712
6021 187 9399
7004 1164 58250
6338 44 2220
7008 466 23304
6319 46 2324
6623 61 3051
6420 45 2300
7008 133 6695
5077 19 956
7014 1582 79102
6378 2 107
7001 344 17241
7003 1304 65239
7008 144 7247
7006 471 23551
6286 138 6945
7003 214 10711
7001 682 34118
6650 18 935
6687 192 9629
7003 232 11641
7010 8 441
6973 40 2004
7012 794 39747
5459 175 8785
6663 18 911
7012 1485 74272
7010 649 32492
7010 1068 53414
6507 46 2342
6908 191 9584
5891 149 7452
6446 123 6200
6616 26 1335
6404 174 8703
7003 848 42442
5401 37 1861
6528 11 553
7006 558 27927
6663 46 2342
6959 125 6270
7008 145 7285
6882 129 6500
6951 20 1037
7010 138 6947
5380 2 127
7004 654 32704
6918 66 3322
7008 1029 51484
7008 1051 52579
6664 123 6154
7010 1038 51908
7012 892 44601
6968 1 89
6616 27 1361
6507 47 2378
6614 157 7869
7014 1411 70562
5108 91 4578
7014 1270 63519
7008 1348 67437
6401 17 898
7001 228 11446
7013 206 10312
7003 456 22836
7010 1162 58138
7014 326 16325
6572 58 2945
6123 8 426
7008 1027 51377
7003 784 39244
7013 206 10326
7003 1437 71866
7014 308 15407
6366 19 973
6881 136 6820
6991 68 3444
7014 1640 82010
5519 142 7117
5541 41 2091
7001 208 10420
6173 32 1612
6616 24 1232
6404 173 8691
5515 62 3108
6615 169 8484
6482 150 7525
7001 480 24049
7003 31 1591
6930 13 682
7003 1413 70665
7006 558 27942
7010 416 20807
7012 892 44641
6616 26 1335
6653 126 6328
6666 186 9318
6090 78 3950
7012 1549 77456
7003 1111 55557
6315 26 1343
7012 1447 72380
6568 36 1806
5229 2 141
7003 848 42443
6616 22 1111
5547 72 3648
7008 1051 52563
7014 216 10847
7014 1184 59222
4998 132 6616
7004 1138 56917
7010 416 20801
6564 84 4216
7004 184 9203
7001 891 44569
7012 529 26489
7004 1622 81126
6930 17 886
5151 89 4467
7003 1734 86729
6991 70 3541
7008 510 25517
6918 33 1654
6319 45 2300
6871 187 9394
6981 39 1957
6423 75 3776
7014 990 49547
6812 9 454
5433 156 7826
7012 1466 73341
6656 38 1937
7003 1413 70665
6908 188 9440
7008 675 33754
6827 104 5231
7014 205 10294
7013 238 11922
6407 97 4883
5891 149 7452
7010 1042 52120
6683 15 764
6632 56 2832
7001 866 43335
7014 205 10266
6036 34 1739
5783 93 4697
7001 26 1317
7013 108 5417
7010 138 6936
6467 97 4896
6837 154 7701
6577 32 1631
7014 662 33112
7007 22 1143
7008 1387 69361
7006 486 24316
7008 510 25510
7001 977 48873
7013 201 10078
6300 124 6223
7010 1562 78108
7010 1038 51938
6503 60 3046
6036 32 1634
5380 7 384
7008 280 14022
7004 1278 63943
7008 1078 53928
6908 54 2730
6401 14 716
7014 763 38164
7006 558 27903
7001 324 16213
7001 295 14786
7014 1062 53131
7004 1164 58227
6490 38 1911
7003 232 11632
6837 151 7594
5966 47 2378
7012 1447 72392
6542 165 8293
6036 53 2677
6123 10 536
7014 5 252
5151 83 4186
7008 195 9767
6690 147 7367
6560 10 503
7014 216 10846
7014 1346 67310
5497 11 571
7003 1050 52522
6359 2 132
7010 1042 52103
5229 7 368
6981 40 2016
7010 1390 69539
7014 1411 70552
7010 27 1389
7004 1299 64963
6482 152 7608
7010 1049 52498
7008 1393 69661
6992 9 475
6303 126 6311
6680 73 3652
7014 144 7213
7001 566 28315
6853 106 5340
7003 411 20561
7012 302 15106
7010 1485 74296
7001 866 43311
6334 111 5583
7003 188 9405
6548 0 47
7001 682 34105
5216 85 4256
7013 193 9698
6945 208 10429
6102 38 1905
6560 10 535
6663 20 1037
7010 416 20826
5497 12 637
6286 78 3910
7014 867 43371
6035 3 175
4971 187 9360
7014 34 1706
6916 123 6178
6975 66 3315
5921 19 974
7014 1184 59234
7008 589 29462
6765 210 10513
6826 46 2334
6955 208 10427
6959 124 6222
7010 1270 63503
7008 924 46203
7008 1010 50545
6211 66 3301
7014 990 49532
7014 1003 50191
7003 1642 82147
5146 43 2164
7010 84 4235
6951 25 1285
7001 208 10433
5340 96 4813
6577 34 1705
7014 662 33147
6908 188 9426
5519 147 7352
6616 22 1111
6650 18 943
7014 205 10265
7003 1304 65224
6375 30 1525
6130 13 667
7013 193 9688
7010 710 35534
6751 25 1262
5339 47 2360
7014 1331 66579
5511 40 2017
6949 81 4057
5586 142 7135
7004 1340 67012
5331 137 6874
7012 1730 86543
5966 50 2549
7014 5 270
7001 819 40988
6908 191 9571
6973 43 2173
7012 442 22135
7012 529 26496
7001 866 43313
6334 15 771
6577 35 1761
6334 7 366
6933 86 4341
6933 87 4374
4983 46 2320
6615 172 8613
5630 39 1996
6480 110 5524
6650 22 1147
6366 12 604
6942 94 4729
6888 90 4536
6423 75 3782
7008 195 9767
7008 1387 69398
7012 708 35402
6480 107 5363
7010 1390 69527
6656 41 2068
7010 579 28995
6882 153 7671
7014 1003 50181
6030 14 734
7001 295 14769
6334 12 618
6036 53 2677
6577 33 1666
6379 37 1883
5511 48 2425
7007 22 1146
5013 9 478
7008 1078 53915
7012 1141 57087
6441 61 3070
7008 675 33755
6955 212 10630
7008 675 33770
6882 156 7833
5459 177 8878
7003 924 46239
6620 151 7588
7010 668 33432
6633 32 1642
7003 1318 65948
5564 192 9627
6123 8 412
7012 1479 73977
7014 950 47536
5042 47 2375
7010 668 33401
6666 12 621
7014 867 43368
7003 413 20690
7012 1141 57053
6620 150 7502
6387 12 621
7012 19 999
7003 363 18174
5512 213 10686
6812 4 212
6480 127 6369
6366 83 4173
7003 784 39228
7014 308 15442
7014 1270 63546
5382 179 8989
6021 185 9293
7012 1466 73341
6765 214 10713
5586 87 4379
7013 108 5417
5511 48 2408
7004 575 28761
6689 33 1652
7013 206 10323
7010 1162 58106
6871 187 9399
5966 44 2201
7014 1331 66566
7001 210 10501
7003 270 13513
7013 40 2027
6765 212 10610
7003 363 18182
6978 99 4973
5516 22 1105
6952 101 5061
7014 867 43381
6035 7 382
7013 193 9696
6697 100 5025
7014 1054 52741
5154 155 7791
7006 604 30249
6615 168 8446
6908 190 9549
5404 30 1532
7001 566 28301
7004 1605 80267
6751 26 1305
7012 708 35419
7012 1290 64531
7014 1214 60733
5401 31 1597
5519 144 7236
6794 21 1071
5497 100 5004
6406 115 5796
7006 486 24315
7003 43 2157
7014 515 25789
6338 44 2247
6908 186 9342
5108 92 4634
7001 1134 56703
5511 46 2349
7012 1447 72376
6359 0 1
7004 901 45073
7014 10 514
6663 16 841
7008 890 44506
7001 682 34130
6763 158 7918
7008 1051 52565
6201 58 2946
6362 101 5096
6912 58 2924
6666 12 603
7014 653 32694
7010 246 12338
6288 175 8796
7008 734 36730
7003 119 5991
6945 219 10959
6663 169 8458
7001 819 40988
7014 867 43368
6934 79 3991
5996 25 1294
7010 1068 53407
6507 47 2388
6756 153 7698
7010 1038 51928
7003 1375 68799
7008 103 5169
7001 324 16207
6934 76 3820
7014 763 38200
5382 170 8508
5966 48 2444
7008 133 6653
6912 59 2977
7008 145 7299
5169 37 1859
7004 1275 63770
7010 1485 74286
7008 786 39311
7012 1006 50324
7010 1270 63519
5068 34 1713
7001 866 43342
6968 6 320
6444 37 1867
6616 22 1126
7004 184 9225
