7020 1884 94230
7020 1852 92645
7019 91 4560
7014 326 16344
7008 195 9792
7019 210 10523
7003 1734 86728
7054 400 20021
6211 206 10349
7012 1549 77468
6689 29 1465
7008 1464 73210
5340 93 4688
7020 1762 88125
5605 57 2880
7004 527 26390
6378 2 107
7001 144 7217
6503 57 2877
7010 48 2420
7010 369 18468
6183 47 2400
7017 1133 56673
7001 998 49932
7049 1417 70885
7010 1421 71056
7006 85 4289
7049 696 34844
7014 990 49509
5000 40 2004
6968 7 395
7001 532 26604
6812 8 408
7014 429 21498
7017 47 2377
7012 288 14405
7010 1562 78108
5331 133 6664
7004 1622 81147
7049 1627 81386
7010 19 978
7001 144 7204
7014 1400 70009
7761 34 1714
7020 331 16573
7025 445 22281
7001 998 49932
7006 471 23592
7023 1346 67343
7019 479 23972
7054 1317 65895
7004 1525 76297
6751 32 1633
6300 122 6104
7021 32 1625
7054 1157 57880
7003 1375 68793
7017 675 33762
7014 1331 66572
7012 1479 73995
7003 214 10730
7004 1138 56913
7018 975 48768
7017 1458 72915
7003 31 1577
7055 739 36968
7010 1162 58120
7010 1270 63520
7008 786 39309
7012 708 35411
7001 732 36611
7003 1044 52226
7020 1135 56751
7008 734 36743
7014 308 15414
7019 578 28912
7055 256 12841
7020 950 47514
7017 828 41424
4983 48 2439
7003 1339 66991
7010 19 978
6975 58 2926
7023 1454 72724
7012 19 991
6960 166 8348
6420 43 2158
7023 620 31003
7020 1903 95192
7049 1055 52782
7054 912 45634
7014 429 21458
7010 48 2416
5077 15 776
7049 1469 73455
7021 466 23304
6080 94 4711
7054 1871 93551
7023 1675 83791
7049 700 35044
6968 0 17
7020 312 15637
7014 662 33111
5459 4 215
7010 52 2626
7004 1268 63416
6527 104 5230
7017 994 49722
7003 1318 65910
6975 71 3594
5605 57 2880
5557 99 4971
7047 48 2447
7014 990 49540
7010 1343 67189
5157 100 5046
7017 1232 61623
7013 187 9357
6162 216 10822
6955 209 10466
6837 9 459
7020 1852 92621
6426 22 1136
7023 1221 61098
7014 429 21455
7003 456 22838
7014 5 294
7021 557 27865
7003 123 6175
6206 47 2396
5340 92 4634
7013 224 11221
7021 18 903
7054 1710 85537
7003 775 38774
7026 381 19081
7341 18 937
7003 123 6164
7020 1258 62922
7017 79 3984
7001 819 40978
6614 109 5479
7019 286 14334
7010 1270 63516
6632 55 2780
7023 805 40285
6656 39 1971
7023 510 25539
7012 713 35666
7014 1260 63012
7017 448 22413
7025 385 19267
6106 49 2456
7012 529 26465
7025 445 22273
6322 36 1812
7012 1006 50313
6951 23 1181
6340 174 8723
7004 1340 67009
6664 125 6277
7014 367 18398
7012 1730 86504
7003 232 11647
7021 761 38062
7020 1852 92603
7020 755 37776
6689 36 1811
6751 26 1348
6211 72 3611
7026 518 25909
7055 354 17732
6030 9 471
7012 997 49881
6090 35 1769
6090 35 1769
4998 132 6637
7049 1927 96370
7020 1051 52563
5229 4 221
7019 373 18662
7010 1596 79802
7012 713 35666
7017 1591 79592
7010 1455 72779
7054 348 17447
7010 1421 71088
7003 1317 65874
7055 406 20304
6955 205 10261
7001 542 27119
6366 76 3832
6959 122 6146
7003 1743 87167
7008 1110 55542
7003 31 1568
7047 109 5491
7020 1580 79026
7474 144 7221
7054 320 16015
7018 863 43187
7013 238 11919
7004 1208 60409
7008 786 39309
7025 507 25400
6930 20 1022
7008 1470 73505
6991 69 3458
7020 1827 91360
7010 1447 72388
7004 1435 71784
5195 29 1472
7012 529 26463
7048 38 1947
7025 178 8919
6170 36 1842
7001 26 1347
7017 827 41355
7023 852 42640
7054 1009 50492
7017 1458 72909
7054 537 26881
7017 1748 87447
7049 1161 58069
7014 1270 63516
6170 33 1665
7047 110 5530
6444 38 1940
5229 9 490
7020 1725 86271
6030 6 342
7017 828 41426
7017 419 20955
7012 1006 50337
5169 35 1766
7001 566 28311
6140 27 1370
5608 11 556
6483 9 485
6756 44 2225
7014 1728 86435
7006 588 29446
6749 44 2234
7049 1934 96743
6934 15 786
7012 1726 86320
7020 972 48621
7001 511 25553
7047 110 5549
6918 37 1859
7054 1480 74050
7020 1762 88103
7054 1878 93943
7055 739 36994
7054 1710 85507
6173 34 1749
5339 94 4731
6589 102 5119
5516 28 1401
7017 1591 79565
7020 346 17318
7010 651 32556
6829 129 6485
7017 994 49708
7049 988 49449
5036 21 1086
7003 214 10745
7054 223 11194
7001 732 36620
6572 57 2861
7020 312 15601
5547 72 3609
6031 219 10994
7025 88 4424
6918 64 3214
7049 1216 60850
7006 85 4296
7025 435 21778
7010 48 2407
7025 435 21798
6572 56 2849
7001 866 43346
7003 1339 66992
7017 1536 76846
5996 27 1369
5108 97 4884
7014 1214 60724
7054 1878 93943
5966 0 47
6934 19 976
7017 665 33277
7012 324 16231
7049 732 36644
7003 1317 65868
7014 1411 70595
7014 749 37484
7004 901 45065
7017 331 16598
7021 15 791
7049 614 30718
7016 211 10556
6199 75 3799
5151 177 8855
7003 1050 52543
5977 201 10095
7047 110 5519
7003 1449 72498
6912 201 10063
7049 696 34822
7013 40 2009
7054 1157 57860
7023 1795 89793
7003 775 38754
5036 27 1364
7023 745 37294
6528 11 553
5891 152 7643
7006 558 27927
7049 1627 81391
5169 36 1834
7026 108 5401
6036 54 2736
7054 875 43800
7388 17 870
7003 1433 71667
7008 583 29159
6036 54 2736
6616 26 1325
7054 223 11168
6794 22 1125
7055 569 28459
7010 1366 68306
6614 157 7876
6446 127 6400
7017 448 22440
6334 3 166
5547 71 3552
7046 102 5132
6527 109 5488
7017 225 11285
7025 445 22273
6829 128 6438
7010 1549 77492
7014 1623 81180
7012 529 26490
7006 471 23581
6826 49 2480
7008 1110 55512
7008 924 46227
6030 6 342
7019 437 21879
7020 1051 52586
7003 784 39236
7049 1927 96370
7048 99 4979
7025 88 4441
7019 578 28936
6956 197 9861
7014 1270 63545
7011 302 15122
6631 32 1609
7020 842 42147
6663 21 1074
7021 32 1625
5966 49 2482
6107 21 1097
7014 1623 81152
7048 99 4958
7049 1967 98364
6981 66 3316
7003 960 48028
7018 602 30113
7004 1138 56913
7017 474 23730
7025 445 22257
7054 1944 97230
7020 927 46400
6426 24 1242
7055 43 2200
5608 11 586
6689 29 1467
7004 1319 65967
5459 5 288
6683 11 571
6696 0 31
7046 111 5552
6080 94 4711
7011 302 15119
7018 519 25975
7013 154 7720
7049 1161 58055
6379 39 1965
7020 1117 55882
7003 1437 71895
7003 1387 69377
7055 457 22885
7017 994 49724
7008 195 9793
6340 169 8468
7010 651 32556
7010 1485 74263
7010 166 8330
7054 1455 72799
7054 1273 63700
7049 1417 70893
7012 1275 63775
7003 123 6184
7023 225 11251
7014 150 7527
7023 204 10220
7055 230 11517
7012 246 12320
7017 955 47773
7001 1025 51289
7018 147 7386
7008 1110 55530
6319 30 1513
7014 326 16314
7025 250 12529
7001 819 40981
7023 1249 62479
7023 1671 83572
7012 324 16205
7021 466 23332
7003 1339 66993
7017 955 47782
7012 1065 53282
7010 1485 74251
6571 68 3421
7004 1525 76251
5547 70 3549
5013 5 299
7012 442 22150
7020 1884 94221
6081 4 225
6572 171 8587
7026 448 22449
7017 1119 55974
7025 385 19274
7054 643 32164
6420 40 2027
7010 610 30513
7049 696 34822
5564 192 9637
7019 445 22278
7004 1340 67013
7049 399 19979
7008 786 39303
6441 61 3070
7026 140 7035
7026 52 2606
7004 901 45085
6751 24 1215
7017 440 22035
7026 140 7026
7048 125 6280
7282 27 1365
7048 38 1941
7054 643 32162
6527 112 5624
7048 27 1393
6882 153 7689
6689 26 1329
7021 32 1626
7008 103 5154
7025 295 14757
7020 1725 86294
7004 514 25730
7014 367 18369
7017 877 43853
7001 144 7229
6036 30 1529
6319 47 2372
7003 400 20043
5154 124 6247
7003 1437 71860
7054 1888 94448
7023 343 17175
6650 21 1089
7391 360 18003
6936 159 7964
6170 37 1883
6960 169 8467
6663 174 8720
7707 7 385
6340 176 8809
5331 133 6664
7001 144 7229
7023 362 18120
7008 633 31692
7014 1640 82026
6749 44 2234
6837 8 418
7021 18 911
7012 708 35420
7010 513 25692
7054 537 26864
7014 1214 60718
7434 139 6985
7049 924 46203
7014 1400 70050
7021 563 28161
7049 822 41113
7004 654 32738
6340 175 8780
6981 128 6404
7017 875 43791
7006 324 16235
7012 1141 57097
7026 531 26562
7012 529 26463
7023 1249 62475
7017 1459 72979
6827 108 5428
7019 466 23308
5036 28 1422
7003 1044 52237
7017 1119 55951
6749 44 2236
7025 445 22273
6992 12 633
6756 45 2276
7012 781 39100
7055 717 35868
7014 1728 86442
6751 30 1525
6483 1 56
6589 110 5525
7049 1469 73461
7761 34 1710
7019 445 22275
7018 363 18191
7023 700 35019
7017 123 6173
7019 286 14330
7055 406 20302
6340 174 8701
7049 1161 58068
5380 5 269
7014 429 21498
7003 232 11635
6664 121 6064
6881 126 6309
6689 36 1811
7020 1156 57812
6795 7 381
7014 216 10834
7049 696 34837
5557 20 1003
7049 177 8867
7003 551 27578
7021 748 37440
7003 456 22841
6826 47 2395
7026 448 22418
6140 35 1766
6319 45 2291
7006 85 4296
5452 41 2093
7054 1157 57865
5169 34 1746
7003 43 2172
5459 175 8770
7048 99 4951
7017 656 32840
7017 1004 50240
7019 219 10959
6106 49 2491
7010 1270 63516
7020 346 17326
5498 1 62
5370 54 2707
7017 775 38759
7054 944 47206
7014 205 10255
5331 136 6827
7010 1366 68328
7017 448 22447
7020 851 42593
7025 250 12538
6837 7 383
7049 1627 81382
6199 75 3796
6826 40 2017
6696 8 428
6140 35 1766
7017 824 41224
7014 990 49521
5385 162 8117
7008 890 44543
6765 211 10557
6050 2 102
7013 205 10297
7055 256 12848
7006 337 16894
7025 203 10189
7010 138 6929
7001 542 27135
7021 750 37534
7020 1824 91240
7012 708 35444
7046 22 1119
7003 80 4033
7054 400 20024
7054 1778 88901
7014 10 523
6035 3 175
7055 230 11528
7017 665 33256
7014 1400 70009
5448 13 687
7003 749 37498
7023 300 15009
7017 522 26128
7023 1378 68907
7012 997 49882
5216 22 1140
5042 46 2301
7020 1669 83478
7010 651 32580
7001 1144 57212
7001 542 27119
5036 21 1086
7012 324 16239
7055 827 41351
7054 400 20002
7004 527 26400
6882 199 9980
7047 48 2407
7046 41 2057
7020 417 20865
6359 9 460
7020 1725 86264
5624 21 1055
7020 950 47514
5380 0 50
5065 28 1405
6981 128 6410
7008 102 5104
7004 1340 67007
7004 184 9226
7020 43 2168
5586 146 7305
7020 755 37774
7006 486 24310
7055 406 20317
7008 1051 52589
6837 5 289
7020 1349 67451
7003 852 42624
7025 385 19264
7010 1562 78141
5581 38 1924
7054 537 26897
7004 347 17372
7014 205 10255
7018 570 28522
7003 749 37499
7026 52 2607
7054 1577 78891
7023 654 32749
7013 238 11947
7001 353 17688
7054 320 16048
7054 1778 88907
5068 91 4584
7017 359 17966
7001 153 7659
7008 1110 55512
7020 207 10369
7046 35 1757
6614 157 7892
7014 10 533
6829 129 6465
7012 302 15129
7014 34 1718
7049 732 36611
7003 852 42601
7013 205 10271
7049 1222 61107
7026 654 32735
7021 748 37436
7018 743 37187
7025 609 30477
7003 456 22814
7021 750 37542
5947 158 7909
7004 1525 76263
7003 228 11408
6548 0 39
7004 1622 81107
7013 187 9374
7018 570 28505
7001 700 35029
7001 542 27111
7051 67 3371
7012 708 35411
7013 238 11937
7021 404 20202
7046 18 948
7012 781 39100
5547 72 3649
7026 381 19070
6426 22 1136
5977 199 9957
7012 708 35443
7054 1273 63673
7048 99 4979
7054 1646 82315
7013 185 9274
7020 1051 52595
7006 486 24341
7001 682 34109
7012 1485 74256
7016 196 9841
7055 490 24525
7008 102 5114
6826 47 2355
7003 700 35008
7055 43 2196
6211 71 3581
6782 0 30
6324 93 4661
7046 102 5142
5380 6 308
7020 383 19160
7012 302 15117
7023 700 35050
7020 312 15633
6756 41 2065
7012 892 44628
7014 1623 81197
6663 50 2546
5581 33 1691
6696 9 486
7020 1824 91231
7046 41 2053
6749 44 2230
4957 148 7420
7017 827 41355
5541 49 2487
7055 543 27154
5547 72 3609
7020 1797 89868
6548 0 6
6918 37 1886
7026 700 35043
5029 168 8450
7018 147 7386
7017 1591 79596
6616 20 1034
7003 232 11635
6663 45 2268
7021 563 28180
7004 1319 65967
7017 1163 58193
5516 25 1279
7055 739 36968
7023 487 24381
6021 188 9408
6359 8 429
7020 1612 80631
7017 877 43853
7008 146 7324
7010 610 30535
7020 312 15629
7017 362 18125
5586 140 7017
7054 537 26892
6955 212 10646
7003 1044 52228
7023 510 25524
7008 890 44547
7003 214 10722
7018 178 8948
7023 1454 72704
7012 19 955
6354 138 6938
7019 466 23321
7049 700 35049
7020 207 10389
5155 89 4478
7357 47 2379
6884 32 1632
6912 193 9661
7012 442 22119
7026 654 32735
7017 827 41374
7054 791 39597
7023 620 31042
7010 651 32556
7021 748 37413
5557 24 1211
7020 1135 56753
6923 34 1745
7010 1545 77262
7023 1548 77424
7046 111 5578
6078 9 474
7026 176 8817
7003 400 20043
7026 518 25949
6782 0 30
7025 385 19285
7026 381 19065
7022 126 6345
5013 28 1409
6918 64 3214
7010 220 11028
7020 1669 83476
7049 971 48556
6826 43 2194
6366 17 855
6650 19 985
7055 230 11538
7014 1260 63041
7020 199 9963
7054 598 29941
7046 102 5122
7504 20 1031
5013 5 299
7014 34 1745
5216 22 1134
7054 1009 50466
7020 1349 67496
5036 25 1287
5515 63 3164
7008 72 3637
5019 108 5434
7018 570 28522
5042 46 2301
7003 119 5988
7055 457 22890
7018 863 43158
6879 208 10424
6801 154 7725
7008 102 5104
6992 11 588
7054 1480 74021
7003 1050 52520
7008 1078 53932
7004 1605 80272
7014 216 10850
5966 49 2500
7021 32 1627
7020 383 19184
7021 750 37517
7017 955 47783
7025 88 4407
6837 7 383
7016 152 7640
6423 75 3771
7010 1549 77470
7023 1286 64313
7442 0 15
7004 1138 56948
6021 93 4672
6334 3 166
7023 77 3876
7021 68 3450
7018 178 8920
7001 700 35008
7010 1390 69501
7054 1778 88905
6340 173 8669
6483 8 415
7003 1387 69385
7049 807 40396
7054 166 8348
6303 125 6281
7023 852 42615
5380 2 126
7054 1290 64506
7003 1346 67340
7013 206 10343
7054 1710 85529
7049 1469 73469
7049 1366 68336
7017 1002 50135
7010 369 18464
7004 184 9211
7014 1640 82026
7012 1061 53059
7012 1290 64524
7004 1023 51167
7003 852 42630
7014 1640 82026
7006 486 24341
6829 127 6397
7003 119 5957
5331 133 6664
6021 182 9141
7017 299 14988
7012 1035 51784
7016 211 10551
7018 975 48768
6859 110 5512
7046 35 1789
7021 761 38062
6359 0 9
7010 246 12305
7017 522 26125
6334 10 545
7003 123 6183
6378 2 128
7008 510 25515
7006 558 27915
7724 144 7245
7046 35 1757
7054 1177 58861
5564 189 9485
7008 885 44253
7012 1726 86320
5448 10 546
7006 324 16244
7019 466 23313
7004 1340 67018
6960 169 8462
7023 337 16870
7049 2015 100771
7017 474 23726
7049 596 29817
7049 649 32478
7019 445 22272
7008 1464 73236
7001 1025 51289
7055 354 17742
7014 326 16336
7021 748 37436
7020 312 15637
5042 42 2107
7046 102 5134
7001 542 27138
7048 125 6285
7001 1080 54012
6322 43 2195
7020 1725 86281
7055 684 34233
6653 125 6295
7026 52 2607
7012 1479 73971
7004 1275 63770
6632 55 2780
6090 77 3880
7010 1562 78141
7001 1080 54030
6663 20 1034
7001 823 41172
7049 1927 96379
7010 1545 77260
6036 32 1613
6078 9 474
7017 1723 86198
6968 0 39
7016 152 7606
7046 22 1116
7055 690 34536
7003 188 9439
7048 27 1367
7020 504 25223
6614 157 7876
7018 116 5833
7008 280 14046
7017 299 14963
7054 1888 94415
6632 55 2784
7049 679 33954
7008 144 7229
5396 60 3035
7049 696 34806
7003 43 2199
7017 675 33766
7006 85 4282
7013 187 9391
7054 1177 58897
7021 782 39120
7008 1393 69653
7012 892 44619
5106 181 9069
7023 1346 67322
7022 97 4862
7017 665 33274
7054 1728 86436
7001 379 18982
7103 13 662
7014 763 38168
7008 994 49726
7001 511 25593
7054 1273 63689
7010 1562 78141
7021 748 37419
7014 150 7527
6828 166 8323
7012 1659 82973
6319 46 2328
6663 41 2082
6785 20 1037
7046 95 4778
7017 1002 50135
7001 228 11450
7017 955 47787
7008 1321 66058
5497 106 5327
7006 558 27936
7004 1624 81205
7014 1346 67346
7014 1260 63012
7014 662 33104
6975 66 3317
7021 456 22819
7001 264 13220
7003 1413 70664
7008 144 7201
7054 1576 78817
7003 1304 65202
7008 1027 51377
7017 905 45299
7055 230 11538
7049 1934 96741
6663 23 1174
6829 123 6158
7020 950 47502
5154 122 6133
7021 750 37514
7628 133 6665
7302 83 4166
6426 22 1136
7014 1728 86434
7017 775 38759
7014 1260 63012
5459 8 405
5331 133 6664
5977 192 9644
7021 750 37515
7014 990 49542
7049 807 40396
7010 1421 71090
7004 1624 81208
7054 320 16011
7049 1744 87240
6812 1 64
7017 827 41372
6918 67 3397
7054 400 20003
6881 105 5280
5515 63 3164
7004 1278 63950
7018 481 24088
6572 59 2971
7049 1750 87506
5921 16 829
7020 903 45158
7055 690 34507
6837 1 95
7026 654 32729
7010 1562 78140
6616 24 1203
6059 51 2551
7049 679 33971
5452 45 2276
7025 445 22259
7012 1275 63792
7016 41 2067
6697 94 4711
7003 1050 52520
6211 207 10390
7054 1710 85542
7026 381 19052
5608 5 293
6853 104 5233
7055 205 10294
7006 558 27942
7006 85 4296
7021 456 22805
7003 228 11441
7001 210 10505
5339 96 4811
5229 4 221
7003 1734 86728
7001 511 25598
7054 1888 94440
7021 782 39108
6663 174 8720
7001 1080 54012
7046 35 1792
6420 48 2402
7021 404 20234
6923 34 1745
7008 1244 62214
7003 1032 51620
7012 1290 64550
7016 165 8294
7021 748 37441
7006 324 16246
7017 665 33284
6359 9 460
7010 1562 78148
7008 146 7324
5921 19 991
7021 563 28151
7513 76 3829
7023 50 2506
7014 1054 52738
7023 467 23385
7023 1068 53403
7010 1421 71094
6366 79 3954
6882 195 9788
7017 875 43781
7023 362 18126
7010 48 2405
6912 204 10202
7008 583 29180
5013 22 1130
5536 13 692
6080 95 4754
7026 176 8812
7021 234 11740
6288 175 8764
7008 1464 73233
7014 1121 56058
7017 1458 72909
7017 440 22008
6991 68 3416
7010 1366 68343
7013 205 10251
7049 1750 87532
7016 23 1158
6881 97 4878
7025 295 14755
7017 1119 55951
7010 1270 63543
7026 774 38741
7724 144 7245
7001 228 11435
7003 1318 65920
6697 96 4810
7018 147 7365
7020 1903 95191
7016 106 5343
7025 609 30457
7004 1319 65967
5013 5 299
7012 529 26477
6366 17 855
6027 4 248
6503 62 3140
7023 192 9611
7001 977 48863
7004 1121 56069
5229 9 498
7023 337 16870
7017 827 41384
7008 777 38889
6664 126 6314
6765 212 10610
7022 126 6345
7006 337 16856
7016 211 10596
5036 28 1422
7014 367 18352
7020 1580 79021
7019 219 10959
5783 96 4828
6632 55 2780
6340 168 8415
7003 31 1561
6573 22 1146
6340 168 8415
6837 3 188
7003 1032 51639
7013 154 7723
7001 153 7660
7010 441 22056
7003 875 43797
7026 634 31741
7003 188 9439
7017 824 41206
5586 84 4207
7008 510 25515
7011 302 15103
7046 18 948
5448 10 546
7003 924 46209
7010 138 6933
7023 1671 83578
7003 1346 67316
7025 609 30485
7023 1548 77436
7008 1321 66081
7003 1449 72500
5185 78 3938
6211 206 10349
7054 1878 93933
7019 445 22251
7004 1299 64974
7023 1068 53436
6829 127 6397
6837 5 289
7054 87 4376
6666 13 679
7004 1660 83009
6956 191 9556
6663 175 8769
7003 400 20014
7008 72 3627
7014 515 25779
7021 378 18919
7003 749 37498
7021 761 38090
7018 178 8939
7016 196 9841
7054 166 8340
5077 20 1026
6881 105 5280
6912 228 11419
6366 79 3954
7001 977 48856
7017 828 41424
7408 121 6071
6548 1 63
7003 1437 71854
6059 50 2514
7017 681 34081
7026 700 35030
7001 1134 56744
7023 654 32737
7019 91 4560
6620 149 7470
6827 109 5452
5154 118 5950
7012 324 16203
7020 1669 83495
7012 302 15141
7020 43 2161
7008 746 37322
7055 684 34205
7017 665 33292
6548 0 1
6954 3 173
7023 556 27807
5564 192 9637
7017 939 46961
7017 419 20955
7048 125 6298
7004 347 17372
7004 206 10322
7004 1208 60434
7001 228 11407
7019 157 7896
6968 1 59
7021 422 21145
7055 629 31492
7004 667 33357
6955 206 10333
7021 404 20204
7012 529 26473
6916 123 6178
6420 46 2302
7055 174 8723
6420 42 2117
7023 1378 68943
7020 1824 91246
6078 9 474
7019 91 4556
6663 171 8578
7006 85 4296
7026 89 4498
7021 773 38660
7014 1640 82027
7014 1411 70595
7025 435 21763
7003 749 37455
7003 1346 67301
7049 822 41122
7026 634 31712
6991 71 3598
7013 206 10328
6968 3 162
7022 126 6306
7008 890 44533
7022 126 6306
7025 250 12529
7021 18 903
7001 1080 54027
6666 13 679
5154 178 8949
6979 24 1234
7016 165 8282
7026 133 6651
7003 1437 71891
7023 745 37258
5339 90 4539
7004 206 10322
6366 18 948
7049 1672 83604
7008 1387 69373
5013 20 1003
7008 889 44464
7012 1447 72369
7003 1449 72465
7014 367 18354
7003 336 16827
7054 1159 57982
7008 746 37318
7012 1275 63794
6507 46 2332
7013 187 9372
6837 1 95
7001 324 16201
6527 104 5230
7012 1290 64550
6572 56 2845
7017 1119 55954
7013 206 10328
6934 15 786
7049 1222 61150
7003 1449 72458
7049 732 36629
7020 207 10367
6589 110 5525
7014 212 10618
7054 875 43756
7016 152 7624
6441 61 3070
7017 1002 50135
7017 440 22033
7008 146 7349
7014 1121 56058
6426 20 1015
5216 22 1104
7026 774 38728
7006 440 22031
6423 76 3802
7012 997 49851
7054 1269 63476
7054 320 16048
7019 31 1571
7055 174 8747
7003 775 38754
5452 41 2093
6664 182 9129
6031 101 5081
7049 924 46208
6098 47 2382
7012 708 35444
7017 359 17978
7023 1068 53436
7003 700 35001
7003 214 10714
7006 471 23591
7023 1671 83572
7003 1413 70653
7023 1378 68941
7054 1273 63666
7003 775 38777
7049 1744 87218
6140 31 1594
6934 16 819
6420 43 2158
7023 77 3876
7011 302 15120
5154 65 3278
6683 14 742
7282 34 1714
6340 176 8809
6321 71 3574
7010 19 973
7012 19 955
7020 1135 56751
7054 1157 57860
5204 158 7901
7008 924 46228
7049 385 19263
5339 47 2368
7025 435 21762
7023 1899 94952
7017 1637 81874
6779 28 1413
7020 1797 89879
7026 654 32735
7054 1290 64532
7017 877 43891
6853 105 5254
7014 5 292
7025 250 12501
7017 225 11294
7008 924 46235
7010 1568 78414
7049 399 20000
7004 1624 81205
7023 1549 77455
6954 6 346
7017 1163 58165
6751 23 1161
7003 1734 86736
6338 110 5508
7055 490 24522
7004 253 12654
7003 1044 52242
7014 1003 50193
7008 1244 62229
7055 174 8713
7017 665 33289
6340 174 8723
7049 1934 96741
5586 146 7305
7020 1580 79021
7004 1299 64987
5452 40 2014
7025 295 14755
7021 471 23556
7019 373 18692
7055 256 12832
7020 1903 95171
7055 175 8759
7012 288 14405
7010 343 17198
6663 175 8791
7003 1317 65873
7054 875 43765
7019 437 21884
7010 1485 74266
7018 602 30113
6664 126 6314
7003 1044 52237
7008 144 7227
7302 81 4092
5557 92 4634
6765 157 7898
7017 955 47772
5977 199 9978
7025 445 22288
7013 205 10270
7023 1221 61068
7006 85 4254
7055 684 34205
7417 27 1391
7020 1929 96473
6837 7 394
7017 1458 72922
7023 50 2506
7018 570 28549
7010 84 4250
7021 692 34618
7017 299 14991
7017 656 32840
5106 180 9013
5487 51 2599
6956 198 9921
6653 125 6295
7003 1375 68758
7010 166 8341
7023 1781 89083
7023 805 40257
7023 192 9623
7049 988 49449
7017 1002 50110
7003 1050 52535
7012 529 26477
7003 1032 51646
7012 1061 53066
7004 118 5919
7023 804 40243
7003 960 48038
7513 73 3666
7021 750 37515
7012 324 16204
7055 256 12809
7006 440 22042
6548 61 3079
7004 253 12681
7020 1051 52563
6756 44 2225
7014 1270 63530
7008 146 7330
7003 1318 65911
5452 42 2102
7012 302 15117
7020 417 20896
7003 232 11616
7023 1378 68913
6952 92 4613
6321 73 3673
7054 537 26872
7012 1054 52715
7054 598 29932
5339 90 4546
7025 72 3635
7049 679 33993
7008 1244 62213
7013 185 9268
6696 0 31
7026 425 21276
7021 579 28972
5339 94 4731
7006 471 23581
6912 193 9700
7019 578 28936
7001 566 28310
7021 466 23314
7010 1447 72392
7008 633 31683
7055 175 8776
6827 109 5452
7008 833 41670
7003 932 46629
7054 400 20024
7049 931 46559
7020 312 15618
7012 1485 74277
7017 775 38786
7017 469 23453
6826 46 2319
6975 57 2860
7001 998 49932
7010 19 978
7006 324 16235
7003 123 6168
7003 411 20592
7001 376 18802
7135 71 3555
6059 49 2498
5487 51 2599
7023 1881 94051
7003 1413 70663
7014 990 49542
6572 167 8358
6882 195 9770
6319 44 2212
7003 643 32186
6036 53 2664
7008 144 7238
7014 429 21498
7020 1117 55868
7017 994 49723
7008 1393 69651
5154 118 5933
6923 33 1678
7001 264 13249
7014 515 25779
7145 8 439
7023 1579 78994
7003 1437 71895
7021 593 29652
5154 118 5950
7049 1161 58071
6583 15 774
7017 875 43781
6975 64 3245
5019 113 5651
7003 400 20043
7001 376 18810
6664 118 5923
7017 1591 79592
7012 997 49882
7003 775 38795
7020 1117 55878
6812 8 430
7013 238 11929
7026 108 5401
7003 1734 86734
7004 1340 67013
7016 165 8295
7026 143 7175
7014 10 528
7004 253 12689
7299 24 1220
6635 1 96
7023 50 2512
6589 113 5653
7049 807 40393
7017 474 23704
5783 97 4883
7018 743 37170
7010 1447 72382
7012 708 35418
6663 167 8382
7019 445 22259
7004 1660 83008
7014 144 7211
7049 2025 101269
7010 84 4238
7012 1485 74292
7003 1339 66997
6616 25 1287
7021 422 21142
7014 1623 81180
7049 1934 96727
7020 1117 55859
7003 924 46209
5216 52 2603
6826 47 2355
7001 210 10549
6696 9 461
7021 750 37517
6503 61 3090
7055 490 24526
7012 997 49896
7017 1591 79563
7049 931 46559
6548 0 10
7047 109 5486
7021 466 23304
7014 367 18379
7023 1346 67318
7003 363 18167
7051 67 3365
6956 197 9861
7006 324 16238
7010 1545 77293
7012 19 982
7023 654 32710
7018 975 48768
7023 300 15043
7018 570 28510
7003 1449 72458
7012 1126 56306
7049 270 13513
7017 955 47756
7026 89 4466
7026 52 2606
7023 654 32718
7017 675 33796
7017 474 23716
7003 852 42638
7004 1319 65960
7004 654 32738
7049 46 2317
7400 140 7010
6021 180 9003
5077 20 1042
7049 1744 87213
7017 47 2377
7010 1447 72371
6632 33 1657
7017 1723 86198
7010 513 25687
7008 1110 55530
7012 997 49882
7054 1455 72799
7012 1126 56321
7020 1117 55868
5458 153 7698
7682 16 817
6050 0 42
7003 480 24030
7054 1250 62543
7049 614 30718
7016 211 10587
5169 35 1766
6954 6 338
6366 76 3832
6923 30 1523
7010 166 8345
7012 1290 64524
7023 930 46544
