13474 69 3475
9447 14 723
11842 26 1301
10951 4 227
9467 133 6658
8446 246 12305
10870 63 3176
11071 36 1842
12431 116 5850
11609 197 9861
11072 100 5006
9583 360 18047
10704 272 13646
11520 153 7690
8682 4 235
10561 133 6699
10858 8 410
12497 11 575
10525 6 321
12116 15 798
8860 87 4381
9362 249 12490
9512 384 19202
9080 2 147
9617 250 12550
10439 189 9488
10453 19 995
9612 8 410
9590 439 21983
9575 18 922
9615 39 1959
11589 126 6342
11762 306 15332
9039 25 1268
10448 219 10964
10687 91 4565
11756 226 11307
9529 2 135
12083 288 14434
11833 155 7792
13693 27 1383
10590 16 847
11605 218 10935
10894 89 4481
12020 85 4274
8738 270 13512
11687 120 6047
8735 131 6568
9090 47 2375
11606 1 94
10798 72 3620
9677 160 8029
12001 68 3443
10613 118 5907
8958 161 8085
9040 99 4956
8771 133 6662
10529 174 8713
9300 104 5206
12565 92 4648
11083 171 8580
10493 24 1241
12139 105 5288
12486 60 3032
9007 93 4680
10798 78 3901
8905 237 11899
9637 252 12639
9575 18 922
11844 109 5462
9525 230 11534
8996 307 15359
12011 11 564
13463 30 1521
9677 159 7956
8771 133 6662
12111 13 693
10725 182 9107
13476 59 2990
9653 40 2008
12052 23 1183
11878 184 9211
11766 295 14791
10625 118 5935
12111 13 684
11935 251 12553
8935 338 16938
11527 17 892
9501 104 5213
9494 345 17279
9277 43 2191
13618 73 3679
11912 20 1043
12073 54 2716
9668 34 1712
11947 55 2797
9435 90 4539
11998 269 13488
12011 11 565
8750 177 8867
10884 293 14699
10648 123 6171
9030 70 3540
10525 9 469
10888 33 1670
12029 35 1780
12459 60 3017
8936 276 13809
11290 222 11133
13580 164 8243
9512 210 10542
8935 192 9612
8927 139 6983
12364 132 6624
12431 53 2652
11545 254 12731
9503 118 5929
13619 22 1149
12565 92 4648
12451 52 2630
9273 25 1292
9277 81 4072
12535 11 563
9080 3 173
12565 267 13385
9095 357 17899
9349 151 7556
8919 126 6331
8514 102 5135
9567 291 14588
9392 41 2084
11878 184 9211
8899 291 14571
8771 282 14150
11094 217 10885
10711 103 5171
13689 47 2367
12145 167 8363
11926 24 1219
12145 54 2725
8724 20 1007
9403 2 144
8406 86 4307
10603 6 302
9028 43 2186
8433 186 9314
10693 37 1861
9039 25 1268
10603 6 326
9369 31 1585
13678 202 10114
13536 114 5750
11998 345 17284
9035 51 2571
12431 137 6885
9277 81 4063
8996 307 15359
9041 155 7796
9277 83 4197
10592 44 2231
13661 190 9508
10803 238 11929
12459 38 1924
11094 217 10885
12145 52 2648
11582 11 552
12071 315 15771
9458 42 2130
11630 165 8261
9767 29 1469
10529 174 8713
12545 129 6467
8882 83 4186
13474 51 2597
12517 200 10018
9002 127 6366
12420 97 4867
13565 74 3709
8860 87 4381
12110 227 11366
12561 23 1182
9395 220 11019
12145 167 8363
8708 11 585
11727 2 144
10951 2 150
13463 30 1517
9281 97 4891
8529 206 10305
9679 110 5516
11116 114 5749
9095 229 11463
10921 114 5750
12545 90 4511
12539 40 2036
10758 13 662
12116 19 951
9369 31 1583
10479 30 1501
11947 55 2797
12110 95 4772
12052 44 2248
9239 48 2444
10902 8 438
10905 77 3876
8750 42 2138
9065 8 442
12073 54 2713
11707 72 3628
10445 312 15644
11878 129 6467
11072 6 335
13565 74 3709
8616 84 4211
10493 24 1241
11791 197 9883
10870 62 3146
10448 147 7353
10580 29 1458
11872 54 2713
9033 84 4209
8750 177 8882
9467 133 6658
8971 4 228
11071 28 1403
11915 168 8418
8444 9 466
11938 39 1963
11065 174 8722
11609 197 9861
11851 67 3385
9479 245 12294
13480 30 1521
12431 186 9339
12056 339 16968
9479 247 12379
12083 294 14749
11279 54 2735
11973 165 8268
9529 128 6401
9080 2 147
12504 57 2881
10743 307 15394
10551 147 7391
11766 51 2600
13538 9 472
13480 86 4328
8927 139 6983
9467 134 6738
8682 4 235
9065 8 446
9583 226 11329
11793 204 10244
13480 30 1541
10725 182 9107
9525 235 11768
9316 30 1510
11791 197 9867
9467 133 6658
12066 83 4153
11543 70 3544
10389 29 1460
10436 302 15129
10648 125 6277
8860 87 4381
9290 106 5338
9273 25 1292
13647 42 2102
12454 441 22095
11912 116 5844
11630 165 8261
8751 112 5636
9068 236 11823
11112 242 12143
10704 170 8515
11578 34 1703
11989 39 1967
12073 54 2713
11751 115 5781
9590 439 21983
12032 35 1797
11802 33 1692
12389 59 2981
10613 119 5962
12004 27 1358
13643 81 4075
10613 118 5907
9201 168 8412
13460 56 2807
10672 84 4202
8467 124 6243
12543 17 867
9494 345 17279
10857 88 4410
9362 75 3752
11073 30 1505
10530 285 14288
9297 28 1412
10719 168 8435
8434 0 29
12070 294 14727
12016 233 11675
10523 173 8660
8427 258 12918
9239 24 1218
10790 34 1727
11926 68 3441
11915 168 8418
9002 127 6366
8406 88 4408
9369 31 1583
10958 15 772
9297 160 8045
10449 131 6556
11071 28 1431
9395 220 11019
9269 29 1466
12061 288 14416
8919 125 6256
10656 58 2901
12029 35 1793
11290 222 11133
9307 254 12741
10625 32 1626
11127 20 1041
12364 132 6619
13641 16 838
13629 206 10316
11005 56 2801
9653 38 1935
12004 200 10014
11921 183 9168
12020 85 4274
10741 45 2275
10625 31 1583
11537 315 15765
12045 13 697
8445 28 1435
9435 90 4539
11996 19 953
9300 104 5206
11720 114 5722
8616 84 4211
9503 181 9094
13662 104 5225
8735 131 6568
9338 128 6421
11803 125 6279
10704 272 13618
9338 128 6421
11726 244 12213
9407 307 15373
8935 338 16938
12083 288 14434
8406 134 6733
13661 190 9508
12091 147 7362
8672 14 717
9080 0 39
9308 63 3195
10898 105 5293
10578 32 1639
10656 63 3157
9725 36 1816
11297 73 3694
11841 10 528
11071 266 13301
9022 59 2988
10921 172 8618
12106 3 163
12071 288 14440
9435 90 4540
11296 40 2023
9440 103 5188
8817 55 2774
13463 30 1521
8471 296 14843
10432 153 7673
9704 84 4208
12025 72 3626
11039 156 7849
8471 296 14843
9617 252 12638
9281 192 9642
11815 191 9580
8893 54 2714
11884 144 7203
10845 189 9473
8445 28 1435
8958 161 8081
12083 288 14434
9586 249 12464
10921 114 5750
11609 197 9861
9392 42 2136
8666 35 1761
13696 12 630
11906 291 14590
8724 20 1007
9321 148 7438
11896 8 424
12091 181 9060
12545 129 6499
9277 43 2191
12431 137 6885
10931 222 11128
8899 291 14571
11848 245 12277
11872 79 3979
10432 173 8689
11872 267 13399
10502 157 7868
9321 148 7438
10625 104 5208
10803 238 11929
9435 90 4540
11520 31 1592
12041 87 4396
11998 345 17285
9095 357 17899
10769 41 2086
9603 13 664
11765 288 14439
10660 89 4484
9065 5 291
9575 16 808
11080 72 3605
8876 110 5519
11802 33 1692
9500 130 6508
8959 121 6086
11742 105 5258
12431 137 6882
9653 19 977
10660 215 10761
10958 16 805
11628 188 9415
12380 164 8201
12497 11 575
11618 66 3301
8427 257 12877
10590 16 847
10523 173 8660
9653 19 992
10648 191 9573
9545 243 12165
10672 84 4202
10613 119 5962
9533 206 10314
10656 63 3157
9545 307 15391
13616 198 9933
9586 249 12486
9367 105 5288
8971 79 3989
10995 17 883
9447 14 723
12380 124 6209
10660 89 4484
11851 67 3385
10655 10 534
8468 104 5210
8427 257 12877
11296 40 2023
13678 202 10114
12083 310 15509
11112 242 12143
10625 31 1583
10951 4 227
11791 197 9883
12004 27 1358
10530 155 7799
11727 67 3359
13689 47 2367
13689 47 2367
12431 137 6882
10773 116 5832
8433 186 9314
11582 11 552
12565 92 4630
10931 222 11128
12041 24 1215
12406 1 74
9226 343 17171
10471 98 4924
11895 141 7085
9273 24 1209
12069 110 5536
10704 272 13618
9459 59 2974
12091 147 7362
9559 195 9785
12554 107 5364
13520 103 5184
9437 184 9203
12020 0 12
10761 137 6900
13507 11 589
10719 168 8435
12106 3 195
12045 13 697
11813 167 8391
9026 26 1335
10625 104 5208
12020 0 12
10561 144 7228
12095 72 3611
12000 107 5380
13507 11 596
10530 155 7799
11793 31 1587
11578 34 1703
12543 276 13839
10856 81 4069
12001 9 469
11624 31 1559
8971 79 3969
13693 27 1383
12020 0 12
11720 114 5722
11723 263 13161
12545 28 1414
12020 85 4274
9494 345 17296
12045 65 3266
10493 24 1241
12041 87 4396
10371 37 1889
9499 25 1291
11848 245 12277
13536 114 5750
8566 44 2217
11977 175 8771
9308 63 3166
11727 67 3359
11091 256 12846
11282 6 307
11756 226 11307
8971 4 228
10382 26 1345
11872 234 11729
12516 24 1239
8777 20 1042
12011 11 565
10898 107 5389
12073 146 7316
9503 181 9094
10502 156 7811
8919 137 6853
10888 251 12576
8996 66 3345
11005 56 2801
8455 25 1262
9316 27 1361
9403 3 184
9033 86 4346
10995 17 883
10762 132 6609
8627 8 401
13476 59 2990
11090 63 3195
13696 12 624
9617 174 8713
9362 75 3752
12561 96 4835
8764 277 13892
9049 1 56
12392 90 4524
13453 9 452
9500 358 17921
13629 206 10348
9583 233 11674
9273 189 9500
8971 4 228
9649 146 7302
8936 273 13675
9289 155 7753
8996 307 15359
9637 251 12597
11906 252 12626
12146 29 1454
9313 12 636
8764 277 13892
11915 168 8418
9446 106 5320
11628 248 12438
10647 107 5392
10453 21 1077
10471 131 6567
9467 133 6658
11527 127 6359
9095 229 11463
13643 158 7906
9281 195 9790
11618 66 3316
9499 445 22286
8905 237 11899
12032 35 1797
10439 110 5547
9685 49 2494
11630 54 2715
9650 70 3533
12071 315 15771
12145 46 2350
10842 43 2175
9209 23 1193
13505 19 955
10928 132 6640
11664 86 4339
10798 72 3620
10790 143 7183
8919 136 6850
9744 27 1375
11926 68 3441
9374 38 1920
11938 39 1987
11921 183 9178
9603 13 664
12495 241 12052
10432 198 9909
12083 294 14749
9285 130 6549
9704 345 17266
10448 219 10964
8771 243 12186
11802 33 1692
9653 19 992
11963 374 18707
8433 183 9197
10529 174 8739
11977 175 8762
9434 334 16709
8455 25 1262
11543 70 3544
8537 245 12283
9704 103 5170
12420 113 5681
