18923 416 20828
17196 55 2782
15382 229 11464
18506 79 3991
13862 79 3975
17206 337 16875
17726 126 6350
15411 241 12087
17500 18 918
14436 300 15049
15161 60 3017
17560 87 4378
16466 56 2849
14959 269 13468
17422 5 261
14959 16 838
16759 7 393
16867 40 2002
16286 89 4469
17569 7 397
17975 52 2634
18018 43 2152
18488 314 15706
16867 276 13827
16089 372 18641
15792 222 11148
14468 110 5505
14063 92 4613
15315 6 336
17663 21 1074
18685 501 25066
15867 111 5555
18244 263 13189
18752 534 26735
17204 43 2176
15766 15 797
16112 207 10388
15715 221 11079
14080 140 7049
14877 232 11614
13803 16 806
17557 17 894
18502 11 569
17302 78 3918
15291 232 11620
17451 300 15024
13945 61 3070
18771 50 2506
18238 255 12798
16228 186 9302
18202 89 4459
15960 128 6442
15386 23 1156
18732 26 1322
16529 36 1841
17504 31 1590
14726 29 1487
18469 44 2226
16150 92 4618
13861 125 6275
17555 1 51
16411 11 566
15322 63 3189
17314 66 3335
14446 11 573
14975 102 5141
14212 184 9213
15877 87 4365
14446 18 912
16529 91 4574
17514 86 4341
17662 64 3227
15252 14 731
17840 200 10035
16906 46 2337
15457 194 9707
17847 277 13865
14768 190 9529
18701 270 13544
18794 68 3450
17100 67 3399
15397 226 11350
16446 282 14121
14362 75 3786
14882 96 4824
18218 219 10977
17089 104 5238
18057 137 6877
18527 674 33741
18699 161 8060
14550 300 15004
13707 144 7241
17521 1 66
14152 47 2354
16205 104 5244
17091 64 3242
16679 12 622
14901 200 10039
17990 365 18298
15902 214 10748
14956 309 15457
17314 66 3341
18032 249 12493
14357 5 289
17978 193 9696
16228 158 7946
14229 82 4115
14372 84 4213
15927 38 1902
17217 70 3504
17467 5 263
18714 165 8281
18031 138 6920
18286 169 8489
14418 139 6967
14877 232 11626
17210 66 3336
17458 55 2787
17793 41 2088
14882 143 7157
14543 95 4754
15382 239 11974
15923 344 17214
13937 40 2047
17240 512 25612
18488 314 15722
14877 173 8685
13921 47 2358
17631 7 376
18692 299 14974
16060 173 8676
17648 10 521
18510 339 16976
17271 93 4686
18242 93 4667
15116 281 14055
17243 84 4214
15927 320 16035
14981 117 5863
18218 62 3144
18482 21 1051
14281 158 7902
14907 181 9080
18882 58 2905
14993 66 3308
18218 253 12698
18218 219 10989
14998 17 859
17869 42 2139
17131 203 10162
17435 16 831
16471 80 4044
14768 115 5762
13799 30 1520
14362 33 1667
15828 443 22172
16052 7 358
15267 77 3862
15353 170 8541
18794 56 2843
17561 3 183
14917 3 191
17521 18 907
17195 209 10497
14044 32 1646
13721 60 3028
16540 15 760
16228 230 11521
17162 177 8894
15252 34 1728
15862 287 14383
17138 102 5106
15888 24 1219
14030 104 5209
13709 114 5705
17614 211 10577
16504 149 7457
14409 155 7777
17963 66 3319
15339 262 13107
16162 72 3609
14140 33 1691
15246 126 6341
14021 75 3786
14107 89 4458
18495 82 4148
13864 143 7152
17869 42 2139
15350 197 9881
17030 44 2224
13913 288 14435
17661 78 3908
15350 239 11960
17195 209 10498
15111 57 2893
15395 87 4369
18685 501 25096
15923 497 24871
15989 307 15361
17029 179 8999
16158 32 1619
14172 46 2310
16147 327 16393
17164 112 5639
18954 328 16431
17323 27 1378
17615 6 306
18268 5 253
18733 41 2070
16221 31 1591
14122 45 2296
16013 212 10617
15106 240 12006
17309 43 2168
13712 74 3711
14550 280 14006
18024 291 14557
18923 408 20441
18793 56 2839
17686 274 13750
13878 33 1659
17974 264 13213
17630 96 4848
16741 40 2005
17755 14 737
18733 47 2386
15873 123 6189
17011 199 9960
18242 170 8528
17846 131 6580
17126 7 370
14043 66 3340
14891 46 2326
18753 124 6224
14030 89 4487
17592 79 3993
16221 38 1944
18021 454 22746
16821 243 12193
13763 254 12701
15636 13 684
16021 433 21671
18933 332 16630
17974 165 8267
16315 59 2962
18032 242 12136
15257 127 6389
18931 50 2528
17990 64 3245
16094 534 26705
13935 70 3542
15762 233 11670
15330 96 4825
13763 247 12396
17661 50 2530
14291 138 6904
15166 149 7461
18044 452 22615
14455 38 1907
13809 135 6759
14446 24 1208
14122 45 2281
15291 125 6267
15492 32 1634
14899 87 4351
14583 69 3486
15415 226 11302
16094 244 12224
17973 36 1807
13736 51 2587
13767 11 596
18238 255 12763
15946 534 26704
18218 147 7391
17144 86 4335
17691 19 953
17137 3 151
17514 54 2739
18228 189 9475
14212 222 11143
18615 438 21945
16232 86 4327
14464 237 11859
14392 238 11947
13907 16 837
18959 39 1985
15966 369 18456
16843 299 14996
17960 207 10385
17596 46 2310
18021 637 31896
17985 229 11488
17271 12 614
15238 5 266
17955 68 3419
15959 50 2521
15877 62 3128
18482 25 1296
17206 388 19415
18005 180 9028
17851 113 5684
17986 227 11391
17620 227 11384
15160 61 3077
15783 233 11683
17851 173 8651
16802 250 12548
18935 167 8376
17693 153 7667
17763 12 630
13929 10 508
17030 44 2213
18021 373 18675
17661 29 1478
17493 214 10704
16172 462 23122
15482 116 5831
14191 209 10464
18226 215 10793
18267 40 2019
18673 47 2373
16962 191 9562
15222 94 4714
15427 8 426
16052 464 23206
18021 188 9432
18793 31 1600
17166 5 278
17521 20 1027
17208 159 7991
14760 149 7451
13763 244 12229
15417 2 138
16021 478 23943
18005 112 5637
16112 487 24400
18701 27 1369
15423 38 1941
16051 200 10019
16112 487 24355
15986 234 11713
15391 201 10077
17701 49 2462
15398 372 18628
16060 102 5133
15111 47 2382
18048 320 16020
16317 67 3369
16307 49 2451
14631 27 1362
18052 49 2465
13982 100 5044
16089 372 18610
18699 180 9016
15851 92 4621
14556 130 6501
15395 29 1497
16852 316 15830
16852 197 9887
18760 149 7478
13725 194 9719
17497 160 8006
14203 52 2609
18244 143 7188
18752 161 8067
17503 247 12383
15959 78 3947
18245 199 9975
15697 60 3017
13739 21 1055
17648 50 2549
14549 141 7053
18872 1 89
17955 49 2461
14044 30 1541
17701 55 2752
15360 137 6898
14784 57 2860
15592 59 2997
16894 224 11211
18923 291 14562
14789 70 3533
16162 71 3586
14545 112 5628
14986 104 5241
18724 33 1677
15254 65 3300
17724 53 2656
17144 101 5099
16089 372 18614
13929 12 650
17500 60 3021
18005 199 9982
14186 207 10352
18923 474 23725
16776 222 11128
16852 178 8905
14007 4 226
14981 135 6796
14146 12 633
17383 398 19943
18225 449 22454
17972 39 1959
16061 7 387
17666 50 2527
16051 85 4262
17783 141 7053
16874 468 23417
17985 338 16945
16013 212 10623
17596 47 2355
14067 15 789
17853 2 119
18577 291 14576
14026 98 4923
14936 23 1175
14030 58 2948
15669 29 1455
18040 43 2165
16322 1 93
17763 12 637
18218 300 15001
16849 95 4769
18035 183 9151
13911 140 7039
17849 103 5195
16929 134 6730
16975 70 3549
15274 35 1789
14401 91 4569
17034 221 11096
13895 41 2068
17383 398 19943
16825 99 4977
17451 311 15592
16821 195 9751
17662 129 6495
13773 252 12648
16731 459 22979
13991 46 2305
17053 113 5678
15900 143 7200
14117 12 644
18574 401 20078
14814 175 8764
17451 23 1153
15411 151 7597
17451 311 15578
15464 162 8111
15466 256 12837
13709 18 912
17137 61 3058
16741 82 4150
14062 56 2820
14458 69 3464
14899 73 3669
15517 46 2309
14874 178 8945
15976 72 3606
18699 180 9037
18701 21 1082
16540 1 76
18773 30 1506
16821 409 20463
14708 24 1233
18645 68 3450
18760 121 6058
14366 31 1561
15634 126 6312
17986 186 9348
14729 115 5752
16247 69 3483
15634 158 7931
14750 17 895
16894 20 1046
15517 24 1212
18631 62 3102
17206 104 5206
14431 47 2366
18765 320 16042
18933 95 4788
14729 178 8910
17655 271 13587
14743 44 2201
13982 34 1710
14580 143 7187
16281 85 4270
18244 284 14202
13970 8 419
15931 14 743
16726 85 4270
17648 0 35
17667 71 3598
15877 58 2908
17435 16 805
16894 5 286
14977 15 789
13770 16 839
15061 122 6102
14873 41 2059
13714 25 1283
15715 192 9620
18701 8 425
17978 47 2386
13707 126 6305
17840 369 18480
15130 37 1879
15851 19 968
14965 203 10178
14112 90 4543
18229 1 60
18954 250 12519
17678 6 340
16038 192 9601
17566 160 8035
17302 43 2151
17029 179 8999
13865 251 12570
14993 66 3308
17132 226 11306
13799 30 1520
15099 34 1704
16172 465 23283
15403 156 7802
13865 251 12570
17684 75 3780
16877 16 827
17246 2 122
14455 95 4791
18018 43 2160
14007 29 1494
17144 22 1133
17830 25 1286
17667 246 12336
15894 185 9260
17793 41 2088
18714 175 8795
18765 104 5213
17684 75 3755
18261 4 245
15828 302 15114
14736 256 12802
13805 282 14127
17426 2 142
14592 69 3484
14555 23 1194
16348 98 4935
15238 175 8767
13861 28 1412
15136 92 4635
17652 50 2501
16726 143 7176
15274 35 1789
14453 139 6969
17985 159 7974
16118 79 3963
16134 166 8319
15125 67 3362
14068 68 3407
13929 12 650
16275 108 5436
14582 60 3031
18026 166 8335
15592 8 443
14739 5 292
15061 71 3565
15335 125 6270
18218 160 8003
17726 74 3726
16172 27 1367
14446 11 573
18646 65 3289
15882 198 9914
17745 16 844
17352 44 2249
14580 143 7158
16444 83 4154
15931 198 9944
14924 135 6790
15636 0 23
17840 369 18480
17726 15 774
18021 373 18675
14551 50 2549
18615 438 21945
14543 132 6635
18034 136 6825
14293 70 3516
14912 75 3773
16867 40 2018
16960 47 2400
16994 37 1883
18265 8 449
15179 22 1117
18741 21 1073
17727 25 1278
17724 34 1733
13712 127 6380
17132 225 11291
17987 80 4013
16172 380 19021
17620 127 6389
18018 43 2194
17560 41 2081
13732 99 4966
17401 8 431
13921 61 3078
13715 92 4613
15492 28 1429
15783 362 18115
18935 167 8376
17302 64 3212
13936 23 1170
14438 254 12710
14205 12 642
15395 95 4783
15415 52 2615
17637 115 5775
17422 0 16
16759 7 397
15931 0 10
18910 140 7024
17620 13 652
14136 26 1317
16499 233 11665
14924 146 7337
17004 9 475
17874 3 198
18021 536 26826
15774 490 24537
14458 83 4184
15867 145 7265
14597 101 5088
15491 86 4320
17973 27 1365
15167 20 1034
17851 58 2919
17365 29 1462
13770 10 529
15251 159 7968
17307 31 1551
18044 230 11539
13929 0 28
16741 354 17726
15397 152 7627
17631 7 376
18018 78 3902
18032 249 12493
14458 1 51
14592 57 2880
16847 4 203
14306 198 9910
13807 98 4916
14959 16 826
13935 227 11399
13950 21 1083
16169 113 5674
17383 416 20806
18794 56 2843
18915 331 16583
17479 26 1311
17662 129 6497
18779 86 4345
14080 169 8466
18761 40 2037
14438 179 8974
14766 7 374
16094 534 26719
17524 126 6312
14165 122 6135
13773 224 11238
17030 44 2213
16962 10 547
15167 36 1803
17684 89 4498
14117 12 644
17662 57 2865
16051 85 4262
15970 334 16728
14453 107 5381
16910 171 8600
16891 10 549
13942 75 3761
17978 221 11070
15174 58 2926
14729 133 6687
15880 26 1325
14912 134 6731
17972 157 7854
14553 292 14616
17044 10 523
17861 396 19806
17563 79 3968
14939 60 3013
14399 145 7286
15291 319 15953
16172 32 1632
17755 14 737
18637 138 6907
18048 267 13363
15676 184 9236
15909 36 1838
15588 297 14851
16036 318 15910
16679 64 3227
14464 124 6202
18795 50 2542
17985 203 10187
17138 52 2603
18782 39 1965
14392 24 1201
18024 366 18343
17407 105 5279
15492 28 1429
15442 35 1766
14014 162 8140
14611 182 9129
15478 358 17930
16339 159 7962
15486 8 421
13895 62 3128
16894 89 4478
15463 246 12350
14038 93 4678
16551 328 16413
15785 155 7776
14038 37 1872
15350 138 6903
14760 3 166
16028 226 11345
15061 181 9069
14282 2 147
14729 31 1560
18035 230 11531
16101 69 3452
18218 160 8003
16199 444 22210
15426 151 7552
18574 387 19372
15762 253 12657
14212 184 9234
16228 113 5670
17596 47 2379
17344 118 5913
17955 158 7913
13861 28 1416
17030 93 4677
16169 301 15075
14159 183 9176
15806 121 6055
17036 433 21699
13803 16 838
16356 17 862
15785 256 12827
14543 95 4754
14220 18 938
14024 10 522
17652 50 2521
16504 149 7457
14555 273 13691
14093 182 9137
16168 42 2114
17089 49 2462
15436 0 40
16387 45 2275
18764 42 2115
14686 19 999
13935 110 5505
18676 558 27945
15252 20 1011
14766 7 358
17137 61 3058
15426 83 4151
16222 54 2722
17591 86 4350
16877 11 570
17671 320 16011
15422 46 2311
16119 186 9314
15183 9 480
14631 27 1362
18862 391 19582
15961 71 3562
18235 230 11525
16579 76 3811
16726 85 4270
17701 55 2773
14873 291 14582
17522 59 2962
15504 85 4288
15862 5 293
18574 393 19654
13929 12 650
15410 77 3872
17383 115 5787
18225 492 24613
15128 229 11498
17177 23 1153
14007 121 6098
17137 16 818
17206 486 24319
18765 320 16042
17169 383 19157
17144 22 1133
14924 228 11414
16965 69 3464
16147 248 12404
13807 25 1275
17986 10 510
13729 80 4045
14438 74 3721
15491 46 2348
16172 419 20974
18466 48 2436
17990 46 2332
16188 32 1615
17667 85 4288
17666 50 2523
17724 14 734
15395 89 4461
16112 20 1042
16752 15 788
17493 214 10704
17132 205 10258
14306 145 7296
18005 112 5637
15713 294 14713
15103 225 11286
15588 297 14857
15960 300 15015
18026 187 9359
15386 96 4820
15952 74 3719
13862 153 7652
15593 167 8389
14413 2 111
14438 22 1123
18235 236 11827
13763 14 750
14375 133 6683
13767 88 4407
14212 184 9246
18685 29 1456
17990 82 4142
16874 443 22196
18923 183 9180
16986 26 1332
14569 77 3886
18225 24 1208
15391 201 10077
18218 111 5565
18678 303 15163
15715 65 3269
15469 32 1646
17011 199 9969
14067 147 7389
18615 438 21945
16731 90 4533
16520 37 1864
17874 3 197
17144 22 1115
17126 118 5904
17560 49 2462
14562 59 2991
14729 188 9403
17701 2 108
18286 90 4533
13791 97 4896
17131 2 143
15128 145 7277
17965 265 13254
15079 15 795
14205 27 1364
15479 76 3842
18527 466 23329
15478 358 17930
17479 6 315
17095 16 830
15931 521 26051
15411 153 7690
13780 143 7156
17479 21 1091
17053 113 5684
14789 70 3542
18765 183 9189
17985 159 7973
18685 501 25094
16433 39 1951
15246 128 6446
16122 452 22626
14545 6 318
14067 48 2426
16148 220 11044
17307 4 209
18026 180 9033
14749 223 11164
15762 147 7376
14882 143 7157
14541 167 8386
14603 15 792
17302 78 3918
17255 28 1413
16028 460 23019
15701 218 10927
14157 60 3021
15469 281 14058
17213 81 4063
15486 227 11386
18031 291 14560
17620 69 3474
17560 49 2462
14985 10 538
18928 157 7852
18286 78 3911
18005 229 11466
15125 174 8736
18488 314 15706
16491 14 722
18574 401 20078
14597 100 5011
14438 178 8904
17111 182 9147
14332 75 3773
16228 219 10978
15014 146 7306
18021 386 19324
14209 125 6276
15862 180 9040
15921 137 6879
18953 116 5827
14580 23 1180
14814 114 5702
17521 25 1277
14985 30 1536
17500 67 3385
15800 262 13146
18225 561 28079
16023 300 15033
15017 197 9900
17144 14 725
18678 327 16370
17793 41 2088
17137 146 7304
18286 111 5591
13979 20 1004
16021 478 23943
18286 97 4868
18272 29 1477
14458 37 1861
18244 144 7244
15222 237 11875
18954 115 5758
13714 133 6685
16317 40 2005
17851 173 8685
13721 60 3006
15291 125 6267
15927 82 4124
13923 25 1264
15851 92 4626
17108 25 1288
14259 82 4103
16205 298 14913
18021 390 19514
18793 60 3003
15762 40 2050
18753 124 6250
15931 14 743
15873 256 12818
17251 43 2157
17667 9 482
17666 212 10633
14112 59 2995
17695 1 91
16513 15 772
17344 118 5927
16471 46 2314
17125 21 1090
16200 75 3771
16891 243 12191
18272 75 3782
15254 143 7166
18021 370 18520
14372 248 12448
17053 91 4556
18795 82 4101
16023 462 23148
17727 22 1148
14220 39 1962
16158 260 13023
16348 98 4935
14550 10 532
15961 95 4781
14009 97 4883
14550 301 15100
14824 231 11557
18244 362 18112
18724 19 984
14569 159 7995
15774 249 12481
18282 94 4725
18793 31 1576
15238 5 266
17987 18 931
15161 186 9317
17087 45 2276
17255 4 203
17126 45 2280
16292 76 3845
14122 92 4638
13896 99 4958
15592 8 407
17108 25 1259
16119 501 25055
14122 36 1806
18463 177 8887
15965 497 24868
18024 573 28681
18938 4 205
15527 19 996
17726 51 2568
18794 68 3433
15923 248 12427
15183 40 2047
15836 35 1794
15900 138 6912
15398 357 17867
17217 70 3549
15412 167 8382
17364 93 4684
16867 163 8172
15122 62 3102
14372 83 4152
18760 191 9578
18035 41 2073
17630 1 66
14935 130 6516
14801 40 2021
15517 71 3573
17615 4 218
17560 56 2819
16023 336 16823
18685 9 453
14468 119 5964
18673 105 5254
16529 33 1660
14062 5 271
15507 5 300
15415 52 2615
17871 250 12539
14063 245 12264
14901 7 396
18497 328 16403
17349 6 347
18782 72 3647
18913 38 1928
14935 290 14531
15409 6 337
14725 118 5902
17972 127 6396
14259 120 6015
16221 23 1183
16877 24 1215
13861 125 6291
14431 41 2094
16091 28 1438
15478 52 2636
14455 38 1907
13897 32 1617
16073 105 5292
15125 174 8736
13725 126 6349
14112 122 6144
13739 19 991
17641 31 1561
14597 33 1653
18924 4 247
18574 401 20078
15859 109 5467
15111 289 14466
17545 10 501
17724 53 2661
14912 148 7402
13791 97 4896
14597 144 7235
15423 41 2051
15017 116 5837
13792 100 5023
17631 20 1021
15590 71 3584
18527 279 13997
14464 66 3325
15923 367 18372
14186 194 9745
18510 256 12848
18692 170 8533
16962 101 5087
18733 41 2052
16122 452 22631
15396 145 7295
17132 91 4584
16158 343 17184
18026 166 8335
17312 203 10159
15116 282 14141
14310 0 3
18748 151 7573
14597 27 1368
18732 16 840
15473 57 2881
17978 135 6792
14603 88 4419
17653 30 1530
18678 317 15895
13895 42 2124
15701 255 12789
18603 170 8521
18794 85 4256
14136 26 1317
14555 141 7051
16576 37 1896
17208 191 9552
14108 121 6076
13725 126 6349
16524 25 1276
13725 126 6349
16286 473 23696
18712 403 20166
14186 15 767
14669 65 3259
18516 364 18240
14801 240 12035
15446 66 3302
17312 186 9324
15794 119 5971
18760 150 7515
13982 109 5469
16158 6 323
15136 92 4635
18926 106 5338
16752 10 501
15883 26 1325
15396 38 1948
14310 1 57
13791 108 5423
13895 78 3938
14103 105 5262
18794 60 3034
14468 26 1336
17034 239 11993
18021 454 22711
15491 330 16504
18286 33 1673
15792 222 11129
17302 46 2313
14985 64 3222
14186 207 10352
18031 262 13139
17493 214 10704
15463 246 12350
15397 219 10977
18010 232 11603
18765 60 3006
15397 197 9880
16965 210 10503
17869 44 2244
17858 64 3201
16741 481 24052
15640 144 7207
18646 2 145
17727 38 1950
16845 86 4320
13861 46 2336
15801 140 7032
15457 212 10636
17401 98 4942
15322 149 7496
14726 29 1487
14610 273 13673
17475 164 8213
15709 25 1298
18935 71 3575
17726 51 2558
18637 138 6924
16341 416 20825
16504 94 4744
14530 8 422
18955 222 11105
14603 15 792
18044 468 23427
18242 101 5083
15909 36 1838
13739 19 991
15800 206 10327
18713 4 215
17853 7 400
18665 240 12014
17307 4 208
14543 103 5154
16315 59 2969
13923 25 1264
18048 352 17611
16221 4 201
16852 178 8930
13792 65 3284
13763 14 750
17545 36 1802
17503 128 6414
16118 79 3963
14458 84 4213
17029 99 4998
17697 15 769
16150 92 4618
16753 112 5611
18717 39 1981
18773 12 601
15433 170 8506
17372 103 5152
15808 51 2577
14246 116 5830
17354 20 1038
18665 329 16456
18922 15 782
14750 25 1261
14580 9 494
17369 26 1317
18228 125 6292
18764 42 2137
18678 317 15895
18733 25 1262
16753 112 5618
17186 32 1631
18779 17 897
15246 126 6339
17726 15 753
14641 193 9679
14392 88 4443
15166 335 16760
15593 178 8918
18244 30 1517
16853 63 3171
15774 490 24524
18923 446 22316
16341 347 17359
17865 22 1101
16975 191 9576
13709 30 1548
14350 32 1624
13913 66 3323
18032 175 8798
14598 43 2191
15183 12 601
17387 40 2002
14784 9 488
14977 15 751
15783 263 13176
17783 141 7053
17598 18 941
14739 5 292
17524 101 5095
16845 140 7006
18793 56 2839
17195 118 5901
18676 493 24675
17474 46 2335
18021 260 13001
17196 56 2841
17724 27 1379
18927 65 3272
17090 64 3246
15339 262 13107
14726 94 4714
15106 17 872
15416 122 6116
17048 72 3640
18795 111 5588
17598 39 1995
18713 7 371
17701 55 2773
15966 347 17363
17648 13 673
13940 16 803
13911 140 7025
16802 234 11708
17578 2 140
15486 320 16002
17871 250 12539
17472 17 862
18665 329 16456
18048 260 13033
17195 32 1616
14611 182 9120
17545 10 501
15179 132 6640
13745 119 5996
17853 2 119
17098 64 3206
14453 169 8467
16778 77 3852
14977 20 1045
18692 299 14987
17306 68 3431
16073 105 5281
17373 136 6818
17435 16 831
18527 716 35803
17169 322 16141
14021 4 219
18514 68 3425
18697 238 11923
14965 141 7066
17055 18 924
14725 161 8098
17521 50 2510
18054 447 22384
18233 171 8577
18685 182 9105
13773 113 5675
16340 422 21147
16778 113 5673
13767 91 4583
18488 560 28039
15412 132 6629
17693 42 2116
17030 44 2224
14372 83 4196
14772 142 7132
13805 282 14127
17177 10 516
13807 38 1915
17849 16 841
17312 186 9324
15386 96 4820
13792 42 2104
17840 132 6615
15873 256 12818
16529 33 1662
15867 142 7129
14413 0 35
14750 17 895
18765 320 16019
14108 112 5625
17620 241 12077
18267 33 1655
14543 221 11075
14124 108 5424
18910 157 7877
17055 18 924
13913 55 2792
18794 162 8104
17243 86 4312
17849 86 4324
18938 17 895
14007 121 6068
16852 70 3523
17990 129 6490
14882 92 4634
14807 300 15022
15116 302 15131
14124 108 5424
14551 41 2097
15098 47 2361
17132 182 9147
14455 147 7355
14562 59 2991
18024 291 14574
18054 339 16998
18631 178 8936
17615 4 218
17208 69 3468
18496 12 647
18054 264 13242
17091 64 3230
15457 194 9745
18923 162 8134
15017 122 6128
17986 10 510
14558 147 7396
16994 37 1869
17125 35 1757
14021 75 3786
17053 113 5678
17996 103 5172
14897 153 7663
17098 64 3206
17087 336 16843
16339 207 10379
16852 197 9872
14725 16 829
15415 225 11269
14535 109 5472
18678 317 15895
16169 301 15075
15640 6 328
18918 116 5824
14123 114 5705
17686 274 13750
18959 17 867
16743 21 1053
16121 31 1574
16169 362 18128
16172 224 11235
16281 74 3718
16433 85 4299
17354 40 2032
17614 117 5872
17754 75 3777
14451 15 799
14812 89 4455
14631 257 12883
14582 60 3044
17630 161 8072
17087 316 15811
17686 274 13750
14058 65 3273
18793 40 2015
18699 161 8089
18527 716 35850
17869 44 2219
15888 24 1211
13913 142 7122
17169 322 16141
14736 271 13569
14530 1 73
15595 13 682
15961 352 17649
16158 182 9101
17840 284 14208
13970 29 1484
16107 58 2928
18935 71 3575
14401 226 11303
18482 25 1296
15257 127 6389
18947 143 7184
17663 21 1095
16529 91 4598
15828 429 21477
14555 141 7051
14342 288 14421
14040 28 1439
14750 22 1135
17367 18 911
18953 316 15848
18034 62 3116
16173 191 9571
16173 191 9593
18692 139 6968
14553 292 14616
13945 246 12329
15828 302 15114
16845 199 9971
18753 124 6224
18753 57 2852
16875 14 705
14784 39 1954
14590 92 4641
17658 73 3693
16750 1 95
15397 57 2897
18062 241 12060
14543 103 5171
15828 446 22333
18034 62 3116
15774 343 17154
18927 53 2668
14043 20 1030
15961 188 9429
17592 125 6298
16109 148 7431
18489 219 10983
16994 37 1869
18782 72 3647
16109 49 2471
17365 29 1487
14067 192 9607
14335 160 8008
16250 17 898
17091 27 1395
18469 145 7285
15751 52 2629
14560 0 21
13805 273 13656
17111 182 9147
18924 4 201
18054 15 781
14220 18 938
17387 5 267
17724 34 1739
18218 174 8740
14088 48 2436
15592 114 5738
18021 507 25355
14771 214 10721
15915 129 6490
17686 274 13727
14553 190 9521
15785 59 2984
14592 69 3484
15851 19 995
14726 94 4719
15917 285 14255
15959 78 3927
15398 357 17862
17166 0 29
18463 177 8888
15880 26 1325
15828 319 15960
13876 260 13011
18235 41 2075
14209 120 6042
15722 89 4460
15101 76 3822
14024 24 1235
15873 200 10030
13803 195 9797
16935 46 2313
14553 190 9549
14458 102 5139
15846 112 5635
16216 88 4421
18034 86 4311
14401 91 4554
15851 19 951
18678 226 11338
17024 13 678
14535 109 5472
17144 22 1133
13773 69 3476
16965 123 6184
18463 177 8875
15592 96 4815
15486 177 8888
17783 111 5577
16341 416 20825
17344 83 4184
17620 69 3474
17853 186 9330
18794 85 4256
18865 34 1744
17255 43 2152
18678 317 15895
18463 177 8888
16298 110 5524
15177 20 1020
15382 78 3942
15872 38 1940
14597 70 3547
15883 39 1951
17578 12 605
14327 26 1337
16317 67 3352
16584 94 4709
18923 304 15244
16825 99 4977
14555 273 13691
14771 34 1711
15877 26 1313
18026 180 9042
13708 55 2796
16529 30 1550
17108 32 1644
16221 28 1418
14690 26 1326
14129 3 164
17521 84 4211
15415 245 12284
13709 30 1548
14590 60 3012
18927 61 3094
14543 103 5179
16158 66 3316
14975 78 3903
14611 182 9120
16935 101 5055
18235 30 1509
18245 210 10502
14291 24 1201
13714 25 1283
16875 22 1102
13766 118 5929
13935 227 11399
14824 231 11557
15116 282 14141
15151 283 14189
13779 87 4389
18495 82 4146
18637 138 6907
15592 66 3302
15961 188 9436
15166 350 17542
17128 8 413
13720 10 507
16852 70 3501
14981 173 8697
17663 21 1095
18794 112 5603
17166 7 355
17239 266 13322
14343 37 1887
13861 141 7088
16743 21 1094
18527 279 13962
18631 54 2736
16845 117 5854
18865 72 3629
13732 103 5195
17998 3 185
15417 24 1244
15783 343 17167
18935 31 1583
15322 149 7475
18603 256 12823
18955 54 2748
15125 134 6725
13773 250 12543
16778 73 3674
15416 77 3894
15125 67 3362
15501 96 4814
18733 50 2530
15867 64 3235
17560 100 5005
15766 15 775
13864 89 4460
14729 89 4493
14392 214 10717
15592 222 11106
15231 157 7869
15976 101 5084
16228 40 2033
14568 25 1287
15783 213 10695
17620 13 652
14436 300 15049
17661 50 2530
18244 98 4934
14535 109 5472
18218 185 9255
18035 230 11501
14375 133 6695
14438 178 8904
14690 25 1260
17169 347 17378
14218 10 528
17840 369 18480
18031 225 11291
15799 193 9683
18021 77 3899
18235 16 831
13763 131 6589
14375 78 3943
15004 12 624
18286 78 3911
15479 75 3755
14729 57 2877
16506 316 15849
13745 197 9864
16891 131 6565
15154 65 3261
18701 21 1068
16821 208 10433
17956 128 6449
14319 18 934
14729 29 1472
13913 91 4562
16761 380 19004
14891 179 8984
14924 229 11478
16172 413 20671
16826 362 18103
16424 135 6782
14068 68 3407
17166 0 29
14639 39 1988
14530 8 422
16122 161 8063
17696 9 472
15954 208 10415
18603 256 12803
17524 127 6383
14026 109 5473
14431 47 2391
14749 4 215
18225 140 7049
15140 182 9116
17524 79 3993
18527 466 23302
17667 9 482
17398 246 12330
16679 83 4200
18007 76 3801
14912 38 1911
16216 88 4421
18935 95 4799
15116 281 14055
18054 436 21827
18225 79 3957
16471 51 2567
18795 235 11792
17422 26 1342
16875 22 1102
16106 53 2682
18005 229 11484
14293 63 3169
14319 18 934
18756 54 2708
18245 186 9349
17029 99 4970
17522 15 800
18469 139 6981
14205 12 642
15961 370 18539
13979 181 9091
15592 8 407
17314 48 2417
13701 74 3734
18923 243 12185
14726 60 3050
17592 93 4675
16158 32 1619
16168 42 2114
14998 188 9430
17169 23 1188
14377 130 6547
14531 35 1783
15588 297 14851
18497 206 10345
13708 71 3584
18724 33 1677
17722 121 6069
17669 85 4283
17251 180 9036
18228 182 9130
18228 117 5852
15762 98 4924
18882 143 7154
16750 1 76
17206 254 12733
14771 214 10721
15426 83 4164
15115 118 5941
15900 196 9837
18603 170 8534
14127 248 12445
17591 67 3384
14105 124 6220
17091 45 2266
17592 76 3804
14959 277 13874
18474 260 13021
16172 85 4294
18028 66 3340
15527 18 941
16169 64 3210
14080 205 10277
14428 194 9713
15086 168 8436
13861 148 7440
17955 206 10319
15274 35 1762
15128 229 11487
15111 71 3568
14171 47 2374
15909 36 1838
16920 9 467
16159 158 7945
14186 194 9726
15411 153 7690
14121 183 9161
14789 122 6107
17355 78 3918
15877 245 12294
15382 78 3915
17255 43 2168
17033 70 3545
17761 63 3199
18228 187 9380
16849 187 9390
13957 2 132
14549 217 10888
13862 174 8708
13721 25 1296
14372 63 3168
14105 32 1626
16169 78 3938
15179 22 1102
14818 97 4874
18910 157 7877
17691 19 953
16433 25 1254
18031 274 13737
17630 23 1180
13913 91 4572
16317 86 4317
18032 186 9323
18701 116 5834
18765 60 3016
17955 206 10319
14080 140 7049
13770 2 110
14063 231 11569
17684 75 3780
17865 55 2751
15915 129 6466
16894 5 286
16874 403 20189
17467 80 4032
14171 17 900
15762 91 4551
14959 269 13468
14423 19 967
16867 276 13827
17726 15 753
17695 1 91
14067 60 3029
18760 224 11218
17652 55 2799
14537 52 2650
15427 12 615
14062 263 13194
18286 111 5562
14623 23 1184
14431 62 3148
18488 560 28039
14985 64 3211
18218 62 3126
14024 24 1241
18235 156 7827
18034 86 4311
15267 163 8196
13936 23 1170
15456 184 9214
13767 50 2528
15411 113 5684
16437 8 428
16271 82 4150
18244 353 17657
16906 32 1644
14112 190 9510
16551 373 18691
17514 86 4341
17630 96 4847
15428 62 3113
17578 2 120
14372 13 663
18741 17 863
17849 2 142
16889 48 2401
13921 47 2360
16172 471 23589
16735 59 2957
14603 15 792
17544 7 380
15987 335 16785
16875 22 1102
16169 220 11036
16169 333 16688
13911 147 7399
14334 72 3622
15403 156 7802
15794 119 5971
18202 89 4459
14067 30 1518
13714 113 5655
16551 328 16431
18495 127 6395
18466 48 2418
17763 42 2118
17367 18 911
17521 50 2510
13780 143 7191
17325 5 260
18760 150 7504
14788 49 2488
16524 389 19498
16216 88 4421
15167 9 498
17422 5 269
18794 56 2827
14816 152 7614
15851 92 4626
15103 12 620
17087 45 2280
14007 84 4216
17220 23 1199
16356 17 862
13907 16 808
18031 274 13726
18039 12 639
15382 184 9233
15987 258 12940
15774 343 17154
15167 126 6331
15955 24 1226
16960 47 2400
15430 57 2895
18935 386 19323
16339 159 7962
17323 27 1378
16802 234 11739
14122 45 2281
14067 47 2373
15785 59 2984
17521 37 1865
15960 241 12059
16986 14 708
14183 25 1299
16676 68 3406
15257 127 6389
16847 0 34
18760 317 15862
17004 240 12001
15800 48 2429
18760 149 7470
17164 112 5639
18615 150 7517
15360 23 1181
15862 5 287
17186 2 119
14438 74 3716
15917 285 14255
18062 234 11702
18731 109 5469
18497 206 10337
17137 115 5784
18933 95 4788
17691 8 449
16232 156 7825
15961 370 18533
16159 150 7516
18922 196 9843
13763 93 4674
14673 57 2879
18510 339 16985
18463 177 8875
17314 66 3315
17726 83 4171
14801 30 1513
16158 53 2676
14191 209 10464
15928 53 2696
15442 51 2567
17524 54 2715
15701 218 10927
17524 41 2085
13736 51 2597
18267 3 166
15762 149 7472
13707 121 6087
16169 100 5011
14446 18 912
15417 7 396
15149 22 1132
17858 168 8431
14146 12 633
14413 2 111
14535 156 7811
18048 406 20348
17467 80 4032
16847 0 34
16752 17 884
17257 15 768
17955 72 3644
14549 217 10872
14558 55 2763
17996 103 5172
18724 33 1697
18482 25 1254
18469 185 9290
16112 20 1042
15785 74 3712
16226 3 185
15339 0 34
17637 16 811
18032 261 13065
18021 370 18542
15801 487 24389
18031 262 13139
17684 150 7516
14763 17 884
16759 7 385
16845 113 5675
17978 135 6782
13862 164 8228
17390 21 1100
14036 12 622
18527 274 13720
15639 194 9702
15634 126 6312
