18032 298 14909
14955 161 8075
15392 69 3469
17333 178 8936
17237 249 12487
15494 21 1068
16040 28 1427
16095 309 15485
15466 272 13607
14408 5 292
14729 10 503
17165 25 1257
14154 187 9384
14697 45 2285
15946 42 2135
17407 37 1870
14101 54 2715
16036 32 1619
18699 203 10178
13982 17 888
15961 341 17055
17022 2 114
18497 316 15840
15147 78 3935
15965 267 13384
14921 54 2704
17302 110 5530
16172 347 17352
18492 217 10897
16571 46 2331
14877 36 1825
13709 56 2810
14302 19 997
15701 258 12944
17132 383 19168
15183 32 1613
14047 30 1542
17131 175 8762
14557 163 8165
16199 372 18601
15923 378 18901
16744 27 1370
13732 15 793
18228 85 4286
14980 52 2646
14924 41 2096
15397 128 6409
17125 126 6312
17847 249 12466
15923 95 4788
17303 87 4356
14749 104 5207
15676 201 10059
15715 105 5273
14891 134 6733
13745 128 6411
17489 103 5155
17972 148 7429
14269 160 8033
15116 12 603
18526 72 3602
18233 279 13961
18005 24 1223
14324 32 1624
18748 86 4325
16243 134 6721
17206 329 16484
15116 114 5722
15383 283 14158
14394 45 2300
18492 240 12025
16468 174 8722
14121 221 11063
17871 163 8165
14938 177 8883
16299 27 1356
17861 173 8656
18228 85 4286
18733 32 1624
15669 62 3149
14377 283 14164
15449 110 5547
15965 375 18786
16542 29 1462
14763 26 1320
17339 30 1521
17990 390 19510
14938 27 1392
15053 33 1665
14782 20 1001
14453 88 4407
15004 23 1194
14431 83 4174
16095 96 4816
14125 90 4538
15397 93 4688
15065 3 180
17985 215 10775
16828 35 1786
16834 50 2503
15402 120 6035
17210 39 1983
14452 44 2230
17596 26 1347
14343 93 4700
14129 10 536
14987 18 928
13809 179 8957
15913 11 572
17846 91 4594
14020 4 223
17413 362 18148
14409 278 13950
16289 35 1783
16875 67 3393
17985 241 12097
17871 326 16308
18283 78 3913
17361 321 16082
17974 285 14269
14782 143 7180
14785 56 2827
15677 78 3949
15308 98 4926
14980 44 2220
15966 20 1017
18233 128 6412
15859 253 12652
15987 460 23047
17380 53 2682
14617 38 1947
18218 76 3818
18781 94 4705
15930 302 15120
17678 61 3055
14428 125 6299
17847 317 15890
14799 89 4463
15328 166 8316
18272 42 2128
14093 232 11644
18574 191 9552
14148 18 939
18929 167 8380
18923 377 18874
14464 88 4402
18225 90 4542
14245 63 3191
17383 347 17380
17530 2 104
14093 106 5331
15590 322 16111
16584 67 3355
17955 246 12344
14807 249 12487
15715 165 8299
16446 183 9153
17087 185 9277
15236 87 4376
17100 92 4637
14549 142 7121
16063 155 7771
14715 55 2775
15348 132 6613
15588 32 1640
13791 151 7565
14878 196 9844
18915 216 10817
14897 7 398
15785 231 11571
15801 252 12622
15933 229 11494
18516 76 3817
16092 66 3337
15166 189 9484
17692 14 711
14431 83 4163
18226 203 10156
17459 171 8565
14764 73 3661
15590 421 21054
17383 127 6351
17700 53 2677
17974 285 14269
14098 69 3486
14023 128 6407
13954 7 388
16169 188 9430
17653 32 1638
16147 48 2402
16312 272 13630
14912 155 7783
17352 152 7608
14888 186 9347
14643 278 13901
15486 362 18144
14782 99 4991
18754 220 11022
15106 190 9547
14368 135 6756
17312 190 9504
14885 4 207
18781 116 5829
15593 265 13253
14431 116 5838
15778 53 2682
14058 104 5236
15923 44 2208
18752 474 23712
17067 51 2552
15301 26 1303
14047 30 1542
16949 488 24436
14431 83 4174
15152 21 1057
14088 15 772
16118 113 5671
17100 232 11615
16446 68 3410
17100 129 6483
16818 115 5786
17532 10 542
14007 77 3895
14741 2 119
15713 80 4018
16875 4 224
14741 79 3973
14390 15 788
15946 9 473
18794 58 2949
14524 6 347
14621 73 3673
18685 516 25802
18701 236 11837
15287 52 2638
18574 377 18869
16850 47 2395
17371 110 5518
15805 22 1143
13764 250 12539
17849 184 9227
17961 39 1972
15411 133 6661
15913 11 555
14062 256 12802
17499 9 464
13742 81 4090
14986 193 9695
14453 88 4410
13742 22 1102
18951 309 15459
14098 69 3486
17046 70 3509
18773 20 1043
17620 194 9713
18692 21 1071
14942 279 13994
17557 13 655
18253 177 8893
17100 7 370
15309 18 922
17620 194 9736
13982 88 4440
14148 40 2018
15966 343 17162
18644 94 4750
16172 347 17393
17048 9 474
17990 469 23472
17478 169 8499
17961 39 1993
17469 116 5803
13763 105 5263
18492 552 27613
18733 52 2615
15354 75 3795
15677 78 3949
18492 153 7663
13791 101 5074
15249 136 6841
13940 30 1503
16878 141 7062
15792 175 8790
18921 2 125
14409 278 13907
18054 185 9282
18244 149 7478
15330 81 4065
13789 47 2376
18492 563 28152
16426 44 2207
13977 70 3530
16694 59 2966
14707 55 2761
13732 15 773
16036 168 8445
18929 354 17725
14572 20 1034
17849 14 720
17457 11 552
17274 11 586
15590 142 7120
14890 30 1504
17128 17 890
17865 318 15919
15915 213 10686
16544 36 1817
14453 132 6617
18283 78 3917
14559 51 2592
18603 166 8342
15465 60 3026
15328 85 4273
18005 24 1223
16243 161 8085
14074 23 1169
16102 11 552
16801 85 4277
16075 444 22249
13911 85 4293
17522 119 5989
14924 23 1190
16571 46 2322
14537 118 5927
14938 207 10380
15160 82 4147
14785 27 1393
14020 196 9803
14274 184 9239
16389 51 2554
14470 31 1573
18215 16 805
15913 11 572
14074 23 1177
17566 25 1280
14088 15 778
14559 51 2592
18701 280 14006
14148 9 453
17992 48 2402
16858 80 4029
13799 51 2595
14664 207 10367
18676 431 21583
16225 41 2100
15778 10 516
14553 182 9106
15482 149 7485
15416 47 2355
18665 159 7986
17457 48 2414
14259 114 5724
18690 73 3698
18704 42 2142
13807 213 10690
17028 275 13762
14020 22 1113
15422 105 5266
16807 76 3807
18226 57 2878
13802 14 746
15166 338 16950
17373 153 7658
13923 178 8948
14148 16 802
14109 4 235
16021 95 4786
17655 95 4794
14877 177 8867
17566 195 9752
17331 11 584
17410 19 968
16096 16 847
14290 49 2477
14468 27 1378
13791 101 5054
17985 396 19808
14790 197 9879
14053 90 4513
17631 87 4398
16094 281 14094
17371 513 25663
18248 81 4099
16526 51 2571
14877 53 2672
15343 6 329
13712 31 1576
16894 22 1134
15391 272 13606
14805 53 2661
16782 31 1576
16499 112 5624
17239 297 14897
17566 46 2344
17667 120 6031
17095 127 6392
16979 64 3238
15391 292 14631
15225 49 2480
14990 100 5032
15160 81 4054
16095 202 10113
18644 94 4740
17986 194 9709
13701 76 3849
18229 19 986
16828 36 1845
17343 55 2755
15689 305 15300
13728 137 6861
17245 62 3119
15316 237 11856
16006 268 13418
15805 10 541
15969 83 4175
16013 136 6817
14537 111 5589
16090 89 4453
16090 59 2999
16228 277 13856
16247 121 6063
14634 165 8279
17131 175 8762
13791 112 5619
14039 84 4227
15279 26 1305
15425 142 7106
14224 73 3656
14300 103 5183
14768 33 1688
14467 252 12605
17128 125 6254
15805 22 1105
16493 21 1088
14551 8 407
18634 148 7424
15335 82 4107
14721 174 8730
14012 4 224
15251 7 374
14409 278 13950
16894 168 8449
14900 12 604
14002 57 2862
17028 280 14024
14079 78 3918
16499 266 13336
14725 80 4023
18645 87 4394
16036 410 20527
16942 220 11033
18920 2 133
17100 135 6753
14020 196 9818
18283 111 5565
17541 36 1825
14301 264 13211
17488 113 5669
17119 41 2059
18492 552 27623
16772 69 3490
15236 87 4399
14185 13 691
17100 152 7626
15930 498 24908
14066 55 2772
17146 67 3371
15913 53 2679
16858 80 4029
16118 231 11568
15939 95 4759
14020 4 216
14332 8 409
15785 272 13638
14105 128 6429
17391 49 2477
17009 17 872
15106 14 717
16118 91 4594
13928 99 4972
16013 49 2477
14306 194 9709
13865 115 5759
18954 138 6927
18740 4 212
13810 10 522
15106 190 9525
14617 76 3821
14643 224 11243
17756 5 297
18497 291 14594
16446 265 13256
15930 519 25979
17239 137 6867
18636 319 15974
18732 541 27062
17400 9 474
15965 463 23176
14379 204 10249
15348 57 2893
14772 276 13825
14060 32 1628
14020 98 4944
14900 41 2092
18920 5 274
13940 106 5335
17652 58 2903
14790 118 5947
14535 122 6112
14060 70 3515
18923 642 32149
15689 327 16384
13701 215 10785
15128 117 5883
14049 116 5824
15151 130 6541
17985 383 19162
16894 199 9952
17079 11 566
15416 102 5145
15335 222 11134
17459 213 10671
17662 88 4409
15590 322 16111
14621 96 4819
13764 250 12509
15987 453 22677
14912 309 15468
14087 90 4544
14878 28 1402
18953 306 15320
17349 101 5086
16052 424 21216
15935 148 7415
15465 60 3004
18603 274 13726
14020 183 9159
17028 23 1180
13762 203 10183
14105 128 6429
14030 52 2632
15464 273 13676
14095 52 2631
17407 0 17
17132 432 21635
17028 256 12809
17847 101 5077
15318 183 9160
14626 223 11179
15222 155 7788
15464 200 10006
14553 295 14783
13985 0 33
14245 145 7267
14101 9 488
15116 194 9701
15407 338 16935
14938 36 1811
17992 48 2402
17559 82 4122
14363 47 2372
14990 229 11487
17407 0 37
14343 321 16066
17111 34 1746
15335 82 4107
18040 82 4127
15397 63 3200
17963 67 3400
14782 16 812
17065 170 8525
15413 12 610
17644 36 1814
18781 116 5837
18779 261 13074
17669 32 1648
17146 48 2450
17494 78 3930
14551 24 1206
17409 4 236
14764 59 2977
17383 386 19314
16921 196 9810
15364 64 3249
17410 4 243
16094 156 7803
17987 106 5311
15701 258 12944
14375 90 4504
16826 359 17973
14729 197 9858
17700 36 1811
14948 19 973
15147 1 63
14938 287 14377
14459 92 4641
15989 490 24524
15160 159 7975
15861 79 3985
16095 415 20776
17139 228 11420
14163 36 1805
17524 164 8247
18258 117 5874
15402 41 2069
18035 39 1975
18272 55 2796
17365 130 6507
15713 80 4018
18644 94 4740
17665 7 375
14623 240 12029
15147 69 3484
18665 159 7986
14729 10 510
18024 525 26258
15970 444 22201
17849 14 720
16588 34 1725
17974 60 3037
15140 45 2261
14340 68 3449
14644 149 7459
15140 213 10661
17561 194 9717
14707 37 1861
15309 18 922
15713 80 4018
15117 154 7728
17566 33 1683
17663 60 3008
18257 28 1425
17327 5 289
15124 5 251
14148 40 2018
16571 46 2331
16169 188 9448
14789 138 6913
17210 130 6540
14899 102 5140
18794 396 19835
14901 234 11731
14760 152 7646
14047 33 1695
15989 119 5996
18024 583 29154
17370 50 2505
18923 396 19821
15061 219 10988
13709 175 8753
15504 80 4017
15915 482 24108
17079 1 71
14431 115 5761
17695 10 549
18740 78 3931
14721 116 5805
15330 54 2732
14124 57 2888
17556 139 6977
17459 213 10671
15965 202 10120
17144 183 9185
16378 195 9757
14626 26 1321
14186 154 7706
14763 38 1950
14885 4 220
15987 392 19615
15720 9 456
14771 244 12247
14259 22 1131
17389 26 1323
17314 43 2157
15980 32 1620
15676 215 10771
15473 150 7540
13977 57 2882
14818 14 716
18492 320 16011
16310 303 15187
18039 51 2600
18699 203 10187
17669 26 1303
14870 76 3819
15966 20 1029
14392 52 2606
18665 16 828
14644 285 14257
14259 114 5724
15511 62 3129
18918 5 274
17079 27 1395
17620 15 757
18948 39 1972
17693 357 17882
15291 307 15353
18685 250 12537
13963 6 313
14425 119 5959
14270 283 14158
16828 31 1590
15396 20 1035
15590 63 3156
17494 78 3930
14058 151 7575
15587 27 1393
17669 32 1604
18226 168 8419
13950 165 8265
17197 18 948
14785 27 1393
14556 156 7838
17975 226 11333
16894 44 2249
14686 16 833
17495 50 2504
14053 23 1181
14301 89 4460
15057 113 5664
16289 2 140
14912 202 10133
18701 243 12161
14012 19 989
15254 130 6509
17448 208 10420
17401 41 2099
17100 7 385
14300 26 1309
17022 2 148
16426 44 2207
14026 102 5115
14277 205 10260
16453 380 19040
14157 51 2583
16052 113 5659
14410 78 3907
15689 264 13221
17849 184 9239
17119 51 2557
17661 4 247
14558 30 1545
17400 121 6072
17197 12 609
17169 231 11585
16186 142 7127
14445 96 4824
14453 40 2021
14088 29 1492
14924 191 9592
13777 14 728
14551 155 7797
15913 3 184
17871 292 14609
14942 215 10782
15987 497 24869
13928 113 5653
15676 126 6307
15422 50 2505
17182 16 825
14830 25 1295
14716 30 1507
14740 48 2413
15933 113 5658
17349 101 5072
15308 14 745
17448 208 10420
15316 240 12041
14300 26 1349
17744 75 3771
14870 245 12252
15777 65 3282
14697 71 3596
14770 138 6945
18235 40 2019
13861 36 1825
15160 73 3682
16466 11 592
17849 251 12588
13789 153 7659
18685 106 5309
15127 45 2298
17371 513 25653
17100 129 6483
18747 1 64
17653 32 1638
14548 120 6036
14626 172 8620
14063 142 7130
14431 93 4698
14741 2 129
16196 163 8158
14774 127 6381
17582 18 930
17652 32 1626
18032 343 17153
14068 227 11386
17240 273 13662
17429 25 1251
13874 48 2420
16389 84 4214
15960 533 26694
14243 124 6205
14020 183 9170
14978 51 2554
15330 54 2732
14257 220 11004
16207 51 2600
17371 188 9429
13736 64 3233
14111 38 1907
17661 4 205
17009 17 892
16340 14 708
13807 120 6036
15989 88 4406
17484 262 13110
15222 155 7788
18717 150 7534
16894 32 1601
14881 96 4833
17313 251 12587
14218 194 9750
17088 5 268
16801 76 3826
15676 207 10382
17220 53 2691
15222 162 8141
14831 33 1699
18676 155 7800
17398 197 9864
13725 79 3997
14020 14 724
15416 32 1629
15122 217 10854
17413 357 17861
18208 29 1456
18754 27 1393
15061 51 2574
16118 77 3863
15416 102 5135
18685 221 11065
14469 67 3367
14694 7 389
14542 81 4098
14185 2 137
14148 40 2018
14227 134 6734
14379 204 10210
16161 9 460
16446 188 9407
13712 15 785
16227 101 5100
13935 202 10132
17489 103 5155
13714 158 7929
15966 83 4192
17961 26 1327
18665 466 23306
17655 50 2527
16583 280 14031
14891 54 2714
17572 35 1761
18492 331 16562
17566 195 9752
14127 223 11159
14056 7 362
18574 191 9553
14306 24 1204
15497 197 9887
13940 47 2363
15867 99 4993
15151 312 15626
14743 97 4864
18031 181 9098
13737 40 2013
16152 43 2161
17849 184 9248
14274 184 9214
14367 3 187
13728 137 6861
18634 115 5752
15002 30 1506
14788 29 1488
14095 189 9500
14556 178 8914
14980 119 5975
18957 538 26949
17028 15 781
14555 230 11507
15324 19 953
17373 185 9251
17172 68 3405
17670 47 2354
16588 39 1992
18699 267 13380
15225 49 2461
17361 85 4276
17471 57 2854
16878 76 3802
14093 231 11570
15676 213 10687
18574 191 9592
17138 57 2889
16038 430 21518
15295 68 3406
15106 88 4433
18610 97 4884
15316 147 7376
14782 116 5806
14899 176 8831
14729 203 10191
15966 343 17200
14263 111 5558
17373 192 9640
15592 245 12286
17670 47 2377
13714 71 3556
18508 219 10998
18921 2 125
15417 8 401
17229 8 434
14121 221 11063
17139 132 6610
17856 64 3245
14617 78 3945
13780 150 7501
18929 14 729
18790 312 15627
13945 111 5593
17987 93 4678
17723 11 587
17185 95 4797
15464 255 12767
15291 137 6879
16878 122 6142
14644 149 7459
13791 101 5074
17132 544 27209
16036 112 5621
15416 6 346
14431 16 818
18752 223 11199
18054 452 22633
15484 306 15313
17352 152 7650
14592 44 2218
17990 469 23472
14408 5 255
14455 108 5403
15065 35 1751
17383 152 7643
15334 49 2479
15477 20 1042
17630 29 1468
15851 129 6496
15416 32 1640
14623 137 6888
14634 163 8189
16420 100 5008
16583 304 15242
17140 5 261
18468 267 13374
17535 103 5180
14774 102 5103
14801 172 8602
17974 261 13091
18615 118 5912
14152 139 6951
17992 69 3489
15492 43 2193
14790 6 340
13861 192 9616
15692 42 2148
18740 42 2133
13982 127 6370
14740 44 2241
17220 42 2134
14818 22 1130
15128 193 9681
14470 31 1573
17387 20 1049
18024 507 25357
15116 194 9719
14746 181 9088
18666 9 499
15935 145 7256
16750 148 7412
14445 125 6278
15383 175 8756
18492 331 16562
17056 158 7913
17100 152 7643
14464 169 8454
17100 12 610
17383 152 7638
15500 164 8250
13763 105 5263
17312 190 9546
15634 33 1667
18039 51 2574
17413 262 13131
16494 20 1018
18577 161 8096
17065 112 5638
14707 55 2770
18953 405 20281
18907 4 214
17413 359 17989
17245 19 972
14185 12 610
18732 567 28383
14938 277 13873
14926 46 2344
15447 209 10496
17865 292 14644
17744 73 3695
14453 88 4410
16090 202 10144
15428 275 13782
14901 171 8595
14300 60 3021
17324 100 5003
14259 114 5702
15160 82 4127
17457 165 8271
15301 4 211
16947 1 66
14379 86 4333
15722 88 4447
18953 140 7041
14112 27 1366
18054 185 9270
16489 164 8239
15138 10 546
15634 35 1769
15392 69 3487
18923 83 4179
14147 4 216
17358 63 3199
15469 133 6698
14105 21 1091
17698 92 4642
15348 129 6488
17678 61 3066
16544 122 6104
15153 157 7886
14559 270 13510
15633 4 201
14084 40 2049
18644 44 2230
18701 279 13964
14890 75 3752
14885 11 579
14263 85 4260
14452 83 4200
17157 59 2985
17684 27 1398
14634 104 5233
17122 155 7773
15140 231 11552
14245 89 4467
14938 27 1361
15345 193 9657
15491 95 4775
16095 417 20852
17560 166 8339
16067 97 4887
15834 195 9754
15392 73 3653
17780 17 857
14068 233 11675
16809 160 8004
15383 175 8756
14067 97 4852
14274 96 4837
16458 85 4269
14572 25 1285
18619 55 2756
13812 40 2024
18915 337 16866
14993 94 4726
18643 57 2886
18653 134 6702
14068 236 11824
14290 65 3288
13725 79 3988
14768 24 1227
18261 24 1219
14056 18 938
14377 85 4292
15291 178 8909
17371 110 5508
18233 279 13962
15702 50 2547
15554 225 11293
15901 287 14351
17488 298 14923
16021 50 2516
14921 54 2731
14177 50 2505
15900 165 8260
17237 79 3962
16096 16 832
17079 1 79
17197 3 185
14177 55 2770
16942 220 11039
15882 136 6813
16258 8 405
15469 133 6681
14891 112 5621
15930 367 18355
16158 406 20318
14748 177 8895
18261 24 1217
18470 16 847
17349 101 5072
18911 55 2756
15152 46 2345
14342 68 3448
16352 435 21794
14206 133 6667
17079 1 71
14452 7 364
18226 57 2851
17033 84 4249
15683 70 3534
17240 81 4093
17068 6 323
14290 201 10063
14470 7 388
18257 32 1626
14293 157 7862
16676 10 545
17237 26 1321
17985 391 19555
15254 150 7536
14229 72 3625
14707 48 2413
18253 177 8893
16453 380 19008
13728 157 7862
14877 53 2672
15339 188 9443
18768 2 114
18226 240 12004
15677 78 3925
15099 114 5717
16022 443 22177
14790 118 5947
17686 24 1248
13776 26 1309
15939 95 4755
17847 167 8369
18492 505 25295
16935 80 4016
17337 18 927
18911 109 5485
14148 40 2021
14900 44 2247
16147 385 19289
13709 84 4239
18261 24 1217
13709 207 10375
18574 91 4590
14129 10 536
16964 263 13182
14990 41 2082
18005 34 1732
14129 30 1515
15116 12 603
16818 63 3158
13794 64 3240
15422 105 5286
14469 130 6526
17488 33 1678
15987 497 24851
14377 44 2225
14369 51 2575
14163 36 1848
14569 173 8691
14367 157 7858
18062 61 3085
18215 16 806
15115 170 8520
14774 127 6381
14569 105 5295
13745 128 6431
17524 82 4130
18903 303 15167
17846 59 2961
14216 90 4546
17744 73 3695
18666 24 1249
16188 214 10712
17358 63 3199
17849 51 2551
15965 124 6207
16588 39 1998
14899 279 13954
14763 26 1347
15348 144 7235
15930 519 25979
15154 260 13024
14154 96 4806
13701 76 3806
14243 140 7016
15318 183 9184
14475 27 1369
14147 30 1549
14569 175 8763
17100 135 6753
15411 133 6661
15785 175 8774
16063 32 1607
18235 214 10742
14548 120 6018
17871 303 15174
16095 96 4846
16850 250 12522
16196 163 8188
14626 223 11165
17471 57 2880
17678 22 1107
16906 26 1319
15249 136 6841
16214 116 5829
15287 26 1347
17849 251 12559
13982 88 4440
18226 102 5124
17079 31 1568
16818 30 1550
14870 76 3833
15504 51 2562
16935 297 14893
16150 270 13503
14938 39 1964
14369 20 1030
14470 4 216
17239 101 5058
17663 60 3008
15980 12 640
17339 330 16524
16267 49 2471
17686 157 7882
15497 46 2324
15554 241 12065
17621 186 9309
17028 275 13762
16051 100 5017
17312 258 12934
14592 44 2212
18032 258 12916
17459 213 10656
16850 79 3959
15053 81 4068
16209 179 8960
14553 308 15436
17157 2 138
15464 247 12369
18644 239 11995
14009 87 4373
16741 490 24527
15774 296 14810
13945 295 14753
14259 232 11649
15785 167 8391
15783 308 15444
17239 232 11616
18779 18 939
14074 15 782
17459 213 10656
14306 194 9709
14938 287 14367
14903 1 99
14807 18 912
17120 25 1295
17560 166 8320
13728 46 2321
17753 117 5853
17240 455 22795
16013 31 1568
14729 86 4321
17240 438 21915
16243 167 8394
14409 124 6211
14300 26 1349
15115 3 177
18059 169 8455
18220 15 768
17095 127 6392
15715 127 6373
17131 204 10237
15279 26 1334
16158 506 25328
16426 28 1429
14211 31 1596
14782 99 4991
17459 213 10683
18032 298 14922
16584 48 2449
15482 169 8477
15931 447 22398
14206 157 7878
17856 67 3385
18574 292 14620
17849 151 7590
17847 317 15862
18235 83 4151
15785 216 10824
14885 11 579
17070 286 14325
15348 170 8514
14464 85 4296
14020 196 9803
17065 183 9160
13728 124 6238
16499 5 261
17655 95 4770
14467 283 14155
17503 124 6220
16676 51 2595
17303 85 4295
17075 117 5867
14032 52 2621
17990 390 19527
14020 183 9195
14736 128 6424
14721 174 8716
17861 300 15021
18235 123 6177
17644 36 1837
17830 41 2055
17861 173 8697
14549 205 10254
14172 24 1246
14543 10 546
14617 76 3842
