5229 4 221
7048 125 6298
6527 104 5230
6664 126 6314
5921 16 829
7001 700 35029
6765 212 10610
7054 1159 57992
7012 324 16207
7008 890 44543
7023 1671 83578
5608 11 556
5019 108 5434
7054 1944 97220
7017 775 38759
5441 90 4542
7018 363 18191
7054 320 16011
7020 312 15618
7055 406 20304
6078 9 474
7001 542 27119
7049 399 19979
7021 32 1627
6573 22 1146
5093 165 8259
6955 205 10261
7013 185 9268
7017 828 41401
7020 1669 83495
7054 537 26897
5608 2 101
7018 631 31563
5065 2 110
7021 750 37537
7010 48 2425
7054 1728 86450
7023 204 10220
7014 205 10282
6211 66 3347
7003 1449 72458
7013 238 11947
7020 1580 79030
7012 990 49518
6140 35 1766
5106 181 9069
6036 56 2839
7010 513 25687
6616 28 1425
6785 21 1091
6696 0 31
7014 1260 63012
6930 13 668
7021 404 20204
7023 1221 61098
7004 347 17372
7055 490 24522
5078 7 358
7012 1065 53297
7021 378 18912
7046 35 1757
6951 23 1181
7019 580 29007
6503 58 2913
7049 1967 98375
7017 665 33289
7047 110 5532
6616 25 1287
6837 7 383
7003 1437 71893
7017 359 17999
6827 106 5344
7004 253 12689
7025 435 21762
7017 675 33796
7021 750 37544
7049 2025 101269
7049 1216 60850
6378 2 107
7046 95 4773
7003 1413 70687
7049 1934 96743
7018 743 37170
7049 1854 92705
7003 1044 52228
7008 146 7324
7003 456 22814
7025 178 8919
7049 1934 96741
7014 34 1745
7017 824 41206
7004 1340 67013
7025 507 25377
5093 169 8495
5331 133 6664
6650 21 1089
7017 299 14988
6632 55 2780
6663 175 8769
7010 1447 72388
6080 94 4711
5624 21 1055
6635 0 10
7054 1728 86423
6951 28 1403
7010 138 6929
7003 413 20689
6303 125 6281
7055 457 22891
7008 1010 50524
7010 727 36366
7021 750 37515
6696 0 31
4983 6 322
6021 93 4672
7001 1025 51289
7008 1244 62229
6340 174 8723
7004 118 5913
7003 1722 86148
7017 1591 79563
7014 1346 67350
7003 1032 51620
7008 833 41670
7001 511 25553
7017 225 11289
7017 1459 72979
6751 24 1215
6441 58 2946
7049 988 49449
7021 563 28180
7724 144 7245
5019 108 5434
7018 399 19968
7021 750 37517
7010 1562 78141
7047 110 5530
7021 748 37419
7008 102 5106
7014 205 10297
7014 10 533
7004 1660 83009
6934 15 775
6303 125 6281
7008 102 5114
7012 1006 50313
7001 480 24035
7046 41 2057
7010 1545 77283
6572 171 8581
6206 43 2165
7010 84 4228
6923 33 1678
7008 72 3637
7046 35 1793
7017 1748 87433
7025 445 22273
7014 515 25765
7017 440 22026
5000 38 1937
7049 679 33966
7004 184 9250
7008 280 14046
7017 877 43853
7012 324 16203
7017 419 20955
7001 866 43346
7055 175 8760
7013 206 10328
6211 206 10349
7023 1781 89083
6683 11 575
6826 44 2247
7025 250 12546
7012 302 15141
6756 45 2276
6340 174 8701
6975 57 2860
7012 713 35666
7018 147 7386
6826 47 2395
7008 1393 69651
7026 654 32735
7003 411 20595
7004 1319 65960
7016 41 2068
7014 1411 70595
5448 13 687
6340 169 8468
7014 1260 63041
7017 681 34081
7055 175 8759
7016 165 8295
7012 19 955
7012 1549 77468
6975 66 3317
7020 312 15637
7014 1400 70009
7001 1144 57247
7018 743 37190
7020 1117 55878
7003 1449 72458
6441 61 3070
6572 57 2861
5547 72 3649
6683 11 571
7021 466 23314
7055 543 27179
7001 344 17201
7055 230 11502
7049 1161 58068
7012 288 14410
6918 64 3214
7016 152 7640
7003 1642 82110
7012 1275 63793
7019 91 4597
6631 32 1609
6884 32 1632
5947 158 7909
7008 1348 67404
7008 102 5116
6696 8 428
6882 199 9980
7004 1624 81208
6991 66 3301
7020 1156 57812
7018 570 28549
7018 178 8948
6527 105 5292
6991 71 3555
7014 990 49542
7003 924 46209
7017 359 17978
7004 184 9226
7049 822 41113
7020 972 48622
7054 1778 88901
7012 794 39706
7054 1878 93943
6426 25 1284
7012 1035 51787
6912 193 9700
7003 411 20556
7004 1525 76297
6663 174 8720
7023 1579 78957
7018 147 7379
7017 955 47772
7003 1317 65897
7017 1458 72909
7014 1121 56058
7017 955 47756
7008 1321 66054
7014 1184 59243
6829 129 6465
7046 35 1794
7020 331 16568
7049 2015 100775
7019 580 29045
7055 543 27179
7023 1937 96887
7014 1270 63545
7003 1317 65873
7026 33 1664
5331 133 6664
7026 774 38741
7054 166 8348
6036 31 1589
6583 15 774
6968 1 59
7023 1899 94952
7054 1871 93575
7054 1177 58863
7046 95 4778
7003 1346 67316
7001 144 7217
7020 842 42147
7020 1135 56751
7026 176 8828
7021 563 28151
7302 83 4166
6663 41 2082
7008 885 44253
6211 71 3581
7012 529 26490
7010 1366 68339
6444 38 1940
7018 631 31578
5487 51 2581
7017 1002 50135
5169 34 1742
5093 170 8516
7026 700 35043
7020 1852 92645
7049 1161 58067
7006 337 16866
7019 445 22251
7004 184 9250
7054 1177 58883
6956 197 9861
7004 1208 60427
7012 781 39062
5557 20 1003
6918 66 3340
7001 1101 55061
7008 890 44547
7004 1138 56913
5487 51 2562
6340 176 8809
7014 1640 82026
6756 44 2225
7054 320 16019
7003 775 38774
7004 253 12673
6837 7 383
7025 203 10154
7003 363 18200
7017 1536 76846
6934 19 976
7017 522 26125
7023 337 16870
5452 41 2093
6407 91 4571
7046 95 4760
7010 651 32580
6827 109 5452
6366 17 855
7017 123 6173
7023 343 17166
7008 885 44289
7014 150 7527
6981 66 3316
7003 1339 66972
7008 1027 51381
5216 52 2603
7055 175 8769
7049 154 7743
7001 144 7204
7013 205 10271
7049 1750 87538
7003 749 37499
7049 696 34844
7008 144 7224
7026 518 25949
7019 578 28945
5966 49 2500
7008 786 39308
7020 1824 91240
6503 62 3140
7006 85 4256
6615 168 8402
7021 456 22819
7012 708 35420
5229 9 490
7049 1967 98392
6829 128 6438
7012 324 16239
6426 23 1152
7513 76 3829
5340 91 4558
7004 1525 76251
6035 3 175
7023 77 3876
6322 40 2026
7023 1579 78999
7003 1346 67316
7049 696 34822
7016 267 13360
6837 8 418
5065 28 1405
7761 34 1714
7004 1268 63410
7019 206 10317
7004 729 36492
7023 1068 53448
6975 66 3347
6616 26 1325
6826 47 2395
7017 681 34061
7003 700 35047
7026 133 6671
7054 400 20003
7020 1117 55868
6959 122 6146
7017 1133 56673
6059 50 2514
6827 108 5428
6663 167 8382
4998 132 6637
6956 193 9677
7013 187 9391
7014 1270 63530
6078 14 708
6571 68 3421
7004 206 10322
7014 1728 86435
5331 133 6664
6837 5 289
7003 1044 52237
7003 1050 52520
6319 44 2212
7021 773 38698
7006 324 16246
5013 22 1130
5515 63 3164
7012 1126 56321
7046 102 5132
7046 22 1119
7019 373 18692
7004 901 45085
7017 665 33274
7020 972 48621
7003 262 13144
7014 1270 63537
6923 34 1745
7001 977 48897
7017 474 23726
5459 5 288
7046 111 5552
7023 343 17157
7017 448 22418
7003 1317 65867
7020 207 10367
7003 1044 52237
6912 193 9661
6664 193 9676
7014 429 21492
7023 1068 53403
7054 239 11963
6036 54 2736
5331 136 6827
7001 977 48888
7017 1002 50110
7022 126 6312
7003 1437 71895
6826 46 2319
6423 76 3802
7001 1080 54012
7049 614 30718
7025 88 4441
7724 144 7245
6036 32 1613
6359 0 9
7017 1536 76823
7010 1049 52468
7003 43 2183
7023 1549 77457
7010 89 4477
7054 400 20045
7048 125 6285
7023 556 27825
6751 32 1633
7025 445 22281
7049 924 46203
7003 188 9439
7008 1387 69373
6663 175 8791
7021 557 27864
5229 4 221
7025 609 30457
7019 91 4560
6589 113 5653
7707 7 385
6527 109 5488
7055 175 8776
6031 101 5073
6968 0 17
7019 437 21879
7020 1051 52563
7021 579 29000
7012 892 44628
7023 300 15009
7012 1275 63775
7054 537 26892
7046 35 1789
7004 1525 76284
6503 61 3090
7049 679 33993
7004 118 5919
7023 930 46544
7047 110 5549
7054 791 39574
7016 196 9841
6968 0 17
7010 84 4212
7055 690 34518
7008 1110 55512
7391 360 18003
7012 1065 53282
7001 511 25584
7023 852 42640
7046 102 5122
5036 19 989
7008 1470 73545
6801 154 7725
7023 1776 88829
7020 755 37792
7019 118 5939
6620 149 7470
7001 153 7660
7010 1162 58120
7010 48 2418
5459 8 405
7012 1479 73960
7001 511 25561
7054 1273 63666
6080 95 4754
6794 22 1125
6090 73 3687
7017 1002 50135
7003 31 1568
5586 147 7358
6689 29 1467
7001 682 34109
7019 219 10959
6756 47 2357
7010 513 25692
7021 32 1626
7003 1317 65874
6503 61 3090
7004 1275 63779
7010 1485 74263
7054 320 16019
7006 588 29446
7020 755 37752
7008 195 9799
7008 889 44471
5564 189 9485
7010 441 22056
7006 558 27915
7003 400 20019
7003 924 46215
5042 42 2107
7048 38 1947
5013 5 299
7669 113 5669
7014 1214 60715
7008 510 25515
7014 1260 63012
7017 656 32840
6423 74 3704
7008 144 7229
6036 53 2664
7003 1050 52535
7003 411 20556
6979 21 1056
7001 998 49932
7003 1346 67328
7016 106 5343
7012 1730 86524
6170 30 1507
7001 264 13240
6334 3 154
6583 15 774
5564 192 9637
5497 102 5139
7012 302 15117
7513 73 3666
7010 1562 78141
5204 158 7901
6420 43 2158
7023 805 40285
5512 213 10677
6826 47 2355
7049 696 34806
5029 168 8450
7010 1343 67155
6751 28 1405
6319 46 2328
7010 246 12305
7049 1854 92724
7010 343 17198
6632 55 2784
5339 90 4546
7012 324 16231
7026 634 31730
6765 212 10639
7017 656 32810
7010 89 4468
7020 1852 92603
7054 1455 72799
7001 210 10539
5586 84 4247
7017 225 11262
7001 353 17653
5339 94 4731
7654 10 530
7018 570 28522
7023 1549 77455
7020 950 47514
7012 19 991
6765 157 7898
6923 36 1830
7055 739 36956
7054 1646 82315
7019 466 23313
7008 1244 62214
6615 170 8541
6954 6 346
7010 710 35545
7055 174 8713
7017 1133 56675
7025 272 13647
7003 228 11408
7026 176 8828
7017 1004 50240
7020 1117 55882
7017 331 16598
7001 1025 51291
7023 467 23385
7026 728 36435
7010 89 4470
7003 228 11423
7003 1044 52226
7026 176 8821
7049 1469 73482
6955 211 10573
6324 90 4549
7006 85 4296
7023 804 40243
7017 875 43791
7003 400 20043
6991 65 3298
7006 588 29444
7017 225 11289
7012 442 22116
7001 823 41157
7046 102 5134
6779 28 1413
7012 1485 74277
7013 238 11929
7020 950 47548
7018 178 8939
6589 110 5525
7049 1222 61150
7014 205 10255
6687 191 9568
6751 30 1525
6663 174 8720
7020 1725 86264
5977 200 10007
7003 749 37498
6812 1 64
6170 36 1842
7021 748 37441
7018 481 24088
7023 569 28457
7023 852 42635
7018 178 8911
7026 89 4466
7017 448 22440
7628 133 6665
6663 23 1174
7001 566 28311
7003 643 32161
5452 40 2014
7003 960 48028
7014 429 21492
7054 875 43781
7003 80 4022
7019 286 14334
6666 13 679
7019 206 10342
6366 76 3832
6059 49 2498
6837 1 95
7004 309 15497
7003 775 38795
6359 0 9
6918 33 1698
7003 119 5953
7049 807 40393
7055 490 24536
5042 46 2301
6756 153 7675
7004 1340 67009
7014 662 33111
7048 125 6258
7017 1591 79555
7023 1781 89083
7003 784 39236
7012 1549 77472
7017 828 41424
7004 514 25730
7013 185 9274
7017 1133 56665
7026 381 19065
6031 219 10994
7046 22 1138
7020 207 10369
7010 220 11003
7003 456 22841
7054 1157 57860
6954 3 173
5068 91 4584
6548 1 63
6503 60 3049
7014 1331 66572
7010 651 32570
7012 324 16205
6881 97 4878
5108 97 4884
7012 529 26463
7017 905 45298
6050 7 399
7001 264 13249
7054 1728 86432
7010 48 2416
6426 22 1136
5519 148 7401
7414 42 2104
6035 7 364
7017 1459 72961
7054 1577 78893
7023 510 25504
5605 57 2880
7049 1222 61150
7021 773 38673
7003 775 38754
7010 1366 68306
7019 31 1573
6664 182 9129
7004 347 17386
6956 198 9912
5487 56 2803
7003 960 48038
6812 0 22
7054 944 47206
6663 19 952
7020 199 9963
6090 35 1769
7008 786 39309
7008 146 7327
7003 336 16827
7021 557 27870
4983 48 2439
6663 45 2268
5966 49 2482
6572 56 2849
7012 1659 82973
6140 34 1735
7012 997 49898
7001 542 27119
7019 445 22278
7021 466 23304
7001 700 35020
7048 99 4979
7012 1659 82973
7026 108 5425
7001 998 49918
7023 620 31029
7018 863 43158
7017 955 47771
5229 4 221
6589 104 5209
6829 126 6340
7018 631 31578
6952 101 5061
6589 110 5525
7017 827 41387
7013 40 2041
7049 177 8859
7003 31 1577
5036 21 1086
7023 1378 68913
7017 905 45299
7012 324 16236
7003 188 9413
7017 1163 58179
7020 417 20896
6420 40 2027
6620 149 7453
6992 11 588
7023 1579 78970
6955 209 10466
5459 9 488
5036 21 1086
6828 166 8323
7003 852 42630
6912 204 10202
7017 955 47787
7054 912 45634
7049 596 29817
7003 232 11635
7055 569 28459
7012 997 49851
7008 145 7252
7017 1119 55954
7049 1161 58099
6687 194 9739
7049 696 34806
5229 10 517
7400 140 7007
6934 15 786
7003 784 39238
6853 104 5233
7023 1249 62469
7054 598 29937
7003 1318 65928
7010 1562 78141
7013 206 10328
6955 212 10646
7055 406 20302
7017 79 3984
7001 26 1347
6527 104 5230
7019 466 23321
7054 87 4369
7008 102 5104
6749 44 2234
6664 126 6314
7017 1723 86198
6322 43 2195
7006 486 24341
7010 1447 72380
7047 110 5530
7006 471 23582
7010 166 8347
7019 445 22288
7023 805 40257
7055 684 34205
6050 2 102
6050 7 375
7282 27 1365
7003 1437 71891
6616 25 1287
7049 177 8867
7001 210 10516
7046 35 1789
7020 1824 91246
7008 510 25515
7014 1054 52738
7022 126 6306
5155 89 4478
7010 1270 63543
7054 348 17433
7012 997 49881
7012 1485 74292
7054 1159 57961
7026 52 2606
7010 1549 77492
7011 302 15119
7001 264 13207
7006 588 29438
6689 36 1811
7341 18 937
7014 1623 81197
6441 58 2946
6881 126 6309
7054 1455 72799
6656 43 2183
7022 126 6306
7026 381 19052
7021 750 37534
5564 192 9637
6632 33 1657
7003 411 20592
7020 1884 94201
5396 60 3035
7003 1433 71667
6954 6 306
7003 1346 67301
7010 1366 68304
7017 47 2377
6340 170 8528
7055 354 17741
7046 35 1757
7006 558 27942
5586 91 4599
7049 1750 87501
7049 1222 61107
7003 1375 68777
5077 20 1026
7504 16 812
6955 208 10433
7054 537 26881
7014 1346 67346
7008 226 11306
7001 26 1347
6211 206 10331
7013 238 11929
7021 750 37542
7022 126 6345
5036 25 1253
7006 337 16866
7048 99 4957
7017 469 23453
7055 230 11509
7049 2015 100784
7010 84 4238
7018 975 48768
7020 1852 92621
7008 734 36743
6687 197 9866
7003 1339 66963
7017 955 47783
7023 510 25524
6653 125 6295
7054 598 29932
7003 80 4033
7012 529 26473
7010 246 12305
6102 38 1944
7026 108 5429
7008 1470 73505
7004 347 17378
7001 153 7659
7010 1485 74266
5339 96 4811
7012 1035 51784
7017 522 26104
7014 1121 56058
7008 146 7324
6366 82 4140
6528 13 655
7003 1050 52535
7049 679 33971
7048 99 4958
7054 1159 57982
5157 100 5046
7006 486 24334
7013 206 10343
7023 510 25510
6080 94 4711
6664 179 8953
7013 187 9357
7008 1110 55512
6795 6 342
5013 28 1409
7006 324 16235
7357 47 2379
7017 656 32840
7020 1349 67451
7006 440 22028
7049 1927 96370
7014 10 528
7020 383 19184
7011 302 15122
7054 1710 85508
7003 232 11635
7003 1437 71891
6321 64 3219
7014 367 18352
7054 1290 64505
7026 381 19070
7054 1441 72084
7017 1119 55983
6021 180 9003
7055 490 24536
7003 1032 51626
7010 651 32556
7017 665 33277
7008 994 49726
7003 960 48031
7019 91 4556
7049 154 7732
6696 5 282
7012 529 26477
7019 213 10680
7055 739 36997
7026 176 8844
6968 0 39
7020 927 46367
7003 700 35008
7020 755 37789
5547 72 3609
7474 144 7221
7021 378 18919
7054 400 20002
6653 126 6317
7019 213 10656
7017 1748 87412
7020 755 37774
7299 24 1220
6853 105 5254
6689 36 1811
7023 700 35019
7017 47 2377
7026 654 32729
6319 30 1513
7008 924 46235
6981 128 6410
7004 1121 56069
7003 1449 72465
7010 579 28999
6340 173 8669
7054 1710 85529
7004 184 9211
7049 1303 65196
7004 1525 76294
7010 610 30535
6954 7 383
7025 72 3628
7017 225 11294
5459 175 8785
7013 187 9372
5154 122 6133
7017 1004 50244
6483 6 316
7048 38 1944
7012 1126 56307
7017 440 22020
7010 48 2407
6951 24 1219
7023 804 40225
7023 654 32710
6426 24 1242
7023 1346 67318
7049 1627 81382
6288 47 2357
6656 39 1971
7003 1437 71895
7011 302 15120
6162 215 10756
7008 1051 52567
7023 300 15001
7012 19 982
7023 700 35050
7017 877 43853
7020 1580 79006
6795 7 381
7021 782 39121
7055 490 24537
7048 27 1393
7025 435 21763
6090 74 3739
7017 448 22413
7049 1303 65196
7003 1032 51639
7026 700 35044
7018 363 18198
7017 225 11294
7012 1035 51784
6663 176 8823
7054 87 4392
7023 1346 67318
7001 144 7237
7008 1464 73236
7010 1049 52471
7012 19 955
7008 103 5189
7003 119 5988
6981 66 3317
7014 326 16336
6528 11 553
7049 696 34822
7021 466 23314
7001 376 18810
6548 0 1
7010 727 36398
7001 532 26604
7049 924 46208
7017 875 43781
6923 30 1549
7023 343 17175
6696 5 282
6765 210 10503
6426 25 1284
7017 1119 55993
6426 22 1136
7010 89 4478
7055 717 35853
6199 75 3796
7021 750 37525
7008 633 31692
7003 1513 75663
7003 1387 69382
7049 2015 100771
6829 129 6465
7023 1454 72724
7054 1441 72088
6975 58 2926
6881 105 5280
5564 191 9572
6683 11 579
6837 9 459
7055 739 36968
7017 1748 87426
7021 117 5861
7004 1622 81107
7012 1290 64524
7049 46 2323
7004 1208 60434
7054 1269 63500
5339 96 4811
4971 117 5862
7021 32 1625
7017 656 32801
7006 440 22039
7017 448 22416
7018 116 5833
7008 72 3638
7021 15 791
7008 885 44262
7019 466 23308
5459 175 8770
7049 1750 87520
7010 8 413
7504 145 7275
7054 791 39597
7021 692 34629
7010 8 412
7020 1725 86294
5071 19 951
7025 445 22288
6930 20 1022
6528 17 874
7006 85 4254
6934 16 827
7026 448 22449
6837 7 383
7001 977 48863
7020 1051 52595
7001 264 13215
6785 21 1064
7022 126 6315
7003 1317 65868
6812 8 408
6918 37 1862
7003 214 10730
6628 42 2104
6059 51 2551
5339 40 2047
7008 195 9792
7016 152 7606
7019 578 28912
6785 20 1037
7020 1827 91360
7010 651 32561
6628 42 2104
6426 20 1015
7014 10 523
7023 192 9623
5498 1 62
7010 1596 79802
7049 1744 87249
7054 1878 93933
7019 479 23982
7055 230 11524
7055 457 22859
7021 513 25668
7023 1899 94997
7017 1748 87447
7003 1317 65873
6090 74 3739
6635 1 91
6366 75 3764
7049 1469 73476
6936 160 8039
7049 1744 87218
7019 210 10510
7010 1485 74251
7013 205 10270
5216 22 1104
7025 250 12529
7046 22 1116
7025 250 12501
7054 400 20024
7054 1009 50492
6379 39 1965
7021 32 1625
7020 1580 79021
6663 20 1035
7010 1366 68343
7008 583 29159
7008 1393 69652
7003 784 39228
6340 174 8723
7054 1778 88907
6696 9 461
6749 44 2236
7023 654 32737
6653 125 6295
7025 88 4424
7046 41 2099
7055 457 22891
7010 1562 78140
7013 40 2026
7017 522 26144
6030 10 513
7011 302 15140
7019 210 10535
6689 26 1329
7014 367 18398
7054 400 20024
6663 21 1074
7020 1051 52595
7006 471 23591
7016 41 2067
7020 1884 94230
7004 1023 51160
5965 31 1593
7001 732 36620
7008 1387 69373
7025 507 25400
7049 1934 96734
7019 213 10656
7026 425 21276
6663 171 8578
5458 153 7698
7023 1286 64313
7003 1387 69385
6407 92 4631
7049 1417 70885
6620 127 6397
7008 1464 73210
7001 977 48891
6829 127 6397
7013 224 11228
7004 1121 56075
7010 1447 72371
6572 167 8358
7017 1163 58177
6140 28 1410
7049 732 36611
6616 23 1186
7014 1214 60718
7021 557 27870
7023 1454 72735
5487 51 2599
7003 1413 70663
6696 0 31
6572 59 2971
7010 651 32556
7016 152 7624
7023 225 11251
5229 10 517
7010 1562 78108
6572 175 8800
7049 1750 87506
7001 208 10405
7020 1612 80631
7021 750 37534
7014 34 1745
7020 312 15637
7012 442 22119
7012 1726 86320
7014 653 32653
5515 63 3164
7023 337 16900
7054 320 16004
7049 732 36644
7017 1458 72922
7008 1029 51452
7012 529 26477
7023 1068 53436
7012 1141 57097
5441 88 4426
7019 578 28936
6036 30 1529
7010 610 30526
7054 537 26897
6632 55 2780
7001 823 41172
7001 324 16201
6334 3 166
7017 875 43800
7012 1006 50313
6959 119 5974
7014 5 292
7054 1778 88901
7054 1269 63466
7001 819 40981
5541 49 2487
7049 1927 96372
7020 1903 95192
7004 1340 67007
7012 1290 64550
6420 43 2158
6426 22 1136
7008 1078 53932
7003 119 5951
6882 195 9770
7049 46 2340
7010 19 978
5340 98 4935
7006 211 10586
5586 89 4470
7025 445 22274
5921 14 743
5382 178 8909
7014 1270 63506
7302 81 4092
7003 336 16806
7003 363 18167
7020 755 37789
7026 108 5443
5000 37 1887
7003 1437 71881
7023 1249 62475
7055 827 41351
6632 55 2780
6319 29 1461
7145 12 630
6503 57 2877
7021 466 23304
7025 295 14755
7003 456 22836
7010 651 32556
6080 89 4498
7020 1051 52586
5195 29 1472
7055 614 30707
7012 246 12324
7012 1061 53058
6173 34 1749
7282 30 1513
7020 1852 92621
7010 220 11028
7001 1144 57212
7023 1579 78983
7017 827 41355
7010 610 30535
5921 16 829
7017 994 49722
7012 246 12320
7012 246 12348
6031 101 5081
6650 19 959
7003 1339 66991
7018 147 7386
7014 429 21498
7001 185 9264
7051 67 3365
7026 518 25939
7003 775 38795
6303 125 6281
7018 863 43173
7014 1270 63547
7026 176 8819
7023 1378 68941
7020 927 46367
6882 195 9788
7010 1556 77848
6812 8 430
6918 68 3418
7049 1161 58071
7003 875 43770
7682 16 817
7014 1214 60707
7049 732 36622
7014 367 18369
7001 566 28310
7013 40 2029
7003 80 4041
7049 988 49416
7055 739 36976
7046 18 948
6572 175 8800
7004 527 26390
6382 191 9579
7008 994 49737
6173 34 1749
6211 69 3457
7001 353 17653
6614 110 5504
6183 47 2400
7010 89 4478
7055 406 20304
5339 47 2368
7001 1134 56716
7006 85 4282
6050 7 399
7003 480 24015
6548 2 114
7016 196 9841
7021 18 903
7003 749 37455
7054 320 16006
7026 654 32729
5077 20 1029
7001 376 18840
7011 302 15120
7020 417 20896
7022 97 4877
7017 123 6171
7010 1447 72376
6650 19 985
7003 1437 71854
7023 50 2506
7054 875 43765
7003 31 1561
7013 187 9374
7012 442 22150
7006 604 30218
6960 169 8467
7054 1441 72097
7014 1623 81180
7055 174 8747
5195 29 1472
6756 42 2139
7049 1967 98391
7013 205 10271
7001 228 11435
7055 230 11538
7049 270 13513
7008 746 37318
6765 212 10610
7017 1536 76842
7017 1332 66643
7008 1393 69653
7008 994 49706
7017 665 33292
6812 1 94
5216 52 2603
7020 1903 95191
7019 91 4560
7012 288 14423
7054 320 16015
7049 931 46553
6749 44 2234
7023 362 18142
7025 435 21778
7017 299 14998
6614 157 7892
7008 146 7330
7012 781 39100
7054 643 32181
6090 35 1769
5169 42 2143
7017 775 38759
7010 343 17198
7008 144 7227
6663 50 2546
7018 147 7396
7049 399 19980
7014 1640 82005
5331 133 6664
7018 519 25975
7054 1710 85542
7020 1797 89879
7003 31 1568
6812 6 303
5487 51 2562
7017 440 22008
7008 144 7203
7014 1062 53138
7021 748 37436
7017 1458 72915
7023 337 16870
6030 10 513
6829 127 6397
6992 11 588
7025 609 30493
7026 381 19081
7019 213 10656
7020 1580 79021
7023 50 2506
6954 6 346
7026 143 7175
7006 337 16894
7010 610 30513
7017 828 41426
5169 35 1766
7025 295 14800
7049 1055 52792
6689 26 1329
7047 48 2418
7023 487 24390
7049 1750 87506
7004 527 26400
6756 44 2225
7001 480 24009
7054 1888 94440
7023 362 18120
7055 684 34230
7008 633 31683
7010 1549 77492
7014 1411 70574
7054 912 45629
7017 1119 55974
7051 67 3371
7008 1321 66081
7020 1580 79030
6206 47 2396
7003 852 42640
6934 16 819
6918 67 3397
7016 152 7624
7013 238 11919
7008 195 9756
6548 0 41
6632 55 2780
7003 1375 68755
7054 400 20021
7004 1605 80263
7055 230 11502
7054 1273 63700
6362 83 4166
7023 1221 61097
6683 17 883
6078 9 474
6751 29 1481
7012 1549 77464
7054 1455 72799
7010 84 4211
7020 950 47514
7055 490 24525
7055 543 27154
6319 30 1512
7004 1622 81147
6697 104 5201
6765 211 10557
7004 1138 56948
7017 440 22035
7021 750 37515
7020 331 16573
6934 15 786
7017 1163 58193
7023 1549 77479
7049 2025 101296
6059 49 2498
7145 8 439
7025 445 22273
6548 0 42
7025 385 19285
7020 1612 80611
6859 144 7202
7049 1055 52782
7004 1275 63770
6420 43 2158
7051 67 3390
7020 1117 55868
7388 17 870
7003 232 11635
7017 474 23704
7003 1375 68793
7001 998 49932
6036 32 1613
7003 1734 86728
6991 68 3416
6078 1 65
7012 302 15117
6031 219 10993
7025 295 14755
7017 1133 56697
6043 173 8662
7003 119 5953
6960 166 8348
7023 1346 67322
6359 9 460
7020 1580 79026
7017 1637 81874
7003 1437 71895
7003 932 46615
7049 177 8867
6170 33 1665
7049 732 36611
7019 31 1571
7003 214 10745
7020 1669 83476
7003 749 37461
7014 1640 82025
5586 90 4534
6162 216 10822
7016 152 7608
6334 10 545
6826 49 2480
6951 24 1219
7004 1208 60409
7023 745 37258
7010 1549 77470
6827 109 5452
7021 348 17443
7006 85 4296
7008 589 29466
7008 146 7324
7012 708 35411
7020 1725 86253
7054 875 43800
7021 748 37436
6401 13 695
7054 1710 85537
7017 828 41424
6951 22 1103
7020 1903 95175
5385 162 8117
7023 1579 78985
6683 11 571
7019 373 18662
7014 205 10255
7003 400 20043
7001 511 25561
7003 852 42638
7012 997 49882
7054 348 17447
7018 602 30113
7055 43 2196
6616 28 1434
7046 95 4794
6956 194 9730
7003 1339 66992
7054 1944 97249
7023 1776 88803
7003 480 24030
6827 101 5100
7003 480 24050
7026 634 31723
7023 192 9611
7014 1346 67342
6170 36 1842
7017 1723 86198
7010 52 2626
7004 1340 67013
7049 1927 96370
7054 643 32172
7008 144 7238
7055 205 10255
7408 121 6071
7020 1725 86264
6827 110 5545
5557 99 4971
7004 1011 50566
6614 157 7876
7054 1944 97223
7001 26 1348
7023 1346 67322
7018 602 30128
7019 445 22275
7006 85 4296
7049 1934 96727
6036 54 2736
7017 362 18125
6036 32 1613
7004 347 17371
7003 123 6175
7023 1346 67343
5977 199 9957
6199 75 3799
6616 26 1325
7012 1126 56336
7018 526 26307
7010 1568 78414
7007 22 1150
7004 206 10312
7017 1119 55951
7054 643 32162
7021 782 39108
7012 1485 74256
7001 228 11406
5229 9 498
5448 10 546
7282 34 1714
7020 1824 91231
7023 1781 89073
7049 1161 58069
7054 875 43796
7008 924 46228
7020 383 19160
7018 570 28538
5370 54 2707
7001 566 28307
7021 750 37514
7001 480 24019
7008 1393 69653
6650 17 867
