6568 34 1743
7010 579 28984
7004 118 5937
6991 69 3458
6960 167 8361
6908 188 9440
7010 1562 78104
6981 39 1957
5155 92 4633
6827 108 5430
5404 38 1902
6401 17 898
7004 253 12672
6078 3 199
7014 429 21462
7010 727 36361
5497 11 572
7013 40 2035
5497 109 5479
7012 708 35422
5070 55 2779
7012 1485 74261
6467 124 6206
7003 848 42442
7003 413 20661
6579 43 2194
5456 13 669
7014 34 1730
7003 1339 66954
6837 8 406
7014 34 1719
5441 7 375
7010 1390 69539
7008 1348 67437
7004 1605 80290
7012 708 35428
6201 58 2946
7007 22 1146
6871 187 9399
7001 464 23223
6991 68 3436
6632 34 1714
6378 2 140
6934 77 3882
6170 36 1819
6951 24 1219
7003 1193 59666
6528 13 684
7008 885 44291
6697 100 5020
5511 48 2408
7008 734 36719
5515 67 3372
6952 91 4593
7010 1049 52492
7006 324 16243
7008 734 36723
5137 8 441
5456 14 739
7003 1304 65215
6440 57 2900
5966 47 2378
7014 1505 75258
5108 92 4627
6945 208 10429
7008 144 7233
7003 1111 55571
6406 119 5970
6908 188 9426
7004 1319 65957
6959 125 6270
5586 141 7080
6401 21 1100
7010 48 2449
7010 579 28991
6687 191 9587
7013 185 9292
5071 13 692
6321 71 3576
7008 280 14045
7004 1275 63771
7006 558 27917
7010 668 33441
7003 1734 86729
7004 654 32713
6956 115 5796
7010 1596 79810
5000 43 2171
5564 192 9627
7007 22 1146
6319 44 2227
6683 15 764
6387 11 586
6923 30 1546
5339 44 2210
5019 115 5798
7001 977 48900
6908 184 9218
7014 205 10270
6756 153 7698
6288 175 8755
6106 48 2428
7010 280 14046
6749 44 2232
7010 579 28968
7008 195 9767
6912 60 3044
7004 1138 56937
5511 46 2313
7001 977 48900
6991 67 3356
6548 3 171
7003 1387 69393
6560 10 503
6973 43 2173
6765 210 10503
5433 153 7692
7010 1485 74296
6956 120 6049
7008 583 29179
7012 1479 73973
6756 42 2145
7006 471 23592
7006 486 24345
7003 31 1559
6442 33 1680
6930 18 935
7012 529 26464
7014 1505 75268
6918 65 3291
7010 1270 63503
6912 193 9668
6107 19 995
6975 66 3313
7012 1054 52740
7008 589 29462
6908 191 9584
6560 10 535
7013 206 10323
7003 31 1591
7012 892 44601
7010 48 2443
7010 343 17180
7003 1304 65232
5195 61 3074
6908 56 2807
7012 246 12350
5331 134 6739
7012 1061 53074
7001 480 24004
6663 173 8685
6426 27 1387
6945 219 10978
6828 162 8145
7003 411 20568
7014 1062 53138
7008 885 44290
7001 819 40954
7006 471 23562
6888 90 4515
6334 15 771
7004 1622 81102
5401 31 1577
7014 1505 75258
6763 158 7918
6542 164 8214
6952 91 4571
7003 228 11417
5013 2 108
5783 86 4338
7012 442 22114
7014 429 21494
7003 232 11619
5151 83 4186
5891 149 7452
6959 122 6150
6027 3 163
6036 56 2847
6975 66 3315
7001 210 10501
6106 50 2506
7003 262 13136
6882 195 9771
6663 169 8458
5547 74 3715
7010 1049 52494
6560 14 718
5154 152 7612
7012 1447 72392
6763 150 7545
7006 486 24306
6934 77 3863
6406 119 5970
7001 208 10413
5078 3 178
6912 59 2977
7003 1449 72467
6663 19 959
5966 12 602
6882 195 9782
6828 162 8145
7010 1568 78417
7012 1466 73325
7011 302 15108
6882 153 7674
5155 49 2463
7003 1413 70693
6379 37 1883
6123 9 491
7011 308 15402
7010 1049 52498
7014 1270 63519
6975 71 3594
6908 188 9442
6934 15 789
7010 710 35543
7003 1449 72459
5151 177 8878
7012 246 12311
6765 158 7920
7008 889 44458
5966 46 2335
7008 675 33754
7004 206 10314
7012 302 15133
5996 25 1294
6616 23 1186
7003 1734 86714
6407 93 4660
7006 308 15415
7008 1078 53915
6375 30 1550
6036 53 2677
7012 1635 81757
7008 1321 66099
7008 890 44543
6162 213 10695
7004 514 25713
6828 163 8171
6480 101 5082
6751 23 1163
7010 727 36372
6548 2 104
6078 23 1160
6829 122 6102
6981 40 2045
7003 848 42429
6564 82 4120
6483 0 12
7010 27 1389
6170 31 1590
6956 197 9851
6426 27 1387
7014 326 16342
6284 63 3162
7008 102 5112
5783 93 4697
7013 108 5404
6828 164 8247
6949 81 4057
6908 52 2619
6338 44 2247
7004 1605 80267
7014 1062 53110
7003 31 1592
7006 604 30208
7012 1220 61012
7004 901 45081
7012 302 15117
6812 3 192
7001 144 7205
7010 84 4237
7010 1049 52496
7004 1622 81126
6908 50 2506
7001 566 28315
7001 418 20934
7003 43 2157
5108 92 4634
7008 1321 66063
5339 41 2099
7008 885 44254
7001 732 36647
7003 411 20593
6837 8 434
5108 97 4858
6628 45 2259
6959 123 6171
7001 264 13212
5511 48 2408
7006 324 16220
5331 137 6874
7004 1486 74322
6765 212 10644
6423 75 3776
5515 62 3108
7011 302 15123
6482 152 7608
4998 132 6616
6664 180 9006
6871 187 9394
7014 1411 70563
7001 566 28315
5547 72 3648
6991 65 3298
7014 10 545
7010 668 33432
5404 34 1731
6908 55 2755
6025 99 4981
6942 94 4729
7003 413 20655
6930 15 770
7013 154 7704
7010 8 401
7003 1437 71886
7012 1065 53283
5977 194 9743
7004 901 45066
6366 75 3779
7008 1387 69381
7010 89 4484
7004 184 9203
7013 108 5417
7012 892 44650
7013 193 9699
6467 123 6192
6765 157 7898
6945 213 10658
7014 326 16327
7010 19 990
7013 185 9256
6490 38 1911
6407 92 4631
6401 14 716
6080 89 4498
4998 132 6649
5331 133 6681
6021 187 9381
7012 794 39711
7010 579 28999
7001 823 41151
7001 480 24031
7001 144 7224
6407 96 4837
7003 828 41432
6837 154 7749
7013 193 9680
6663 16 841
6991 70 3541
7014 867 43377
7001 682 34148
7008 589 29494
7014 326 16327
5195 29 1489
7003 456 22816
6960 77 3861
6930 15 776
4998 132 6649
6577 37 1872
7001 682 34120
7004 1275 63777
7014 216 10847
7003 932 46636
6956 117 5879
6107 26 1337
7004 654 32730
6918 34 1712
7001 185 9264
6908 191 9584
5605 57 2879
7001 228 11449
6616 25 1271
7003 852 42649
7014 867 43362
7001 210 10539
5155 38 1947
7003 31 1576
7003 1513 75695
6366 13 694
6359 2 132
7014 867 43375
7001 324 16213
4983 46 2320
5459 182 9124
7003 1304 65240
6831 50 2515
7001 153 7683
6794 22 1150
7012 1466 73302
4957 144 7230
6650 18 943
5891 148 7425
6951 23 1167
7010 246 12343
7003 232 11641
7012 1065 53268
7006 588 29413
6162 213 10689
6981 65 3282
7014 1054 52736
7003 1318 65909
6548 63 3152
6697 100 5020
7001 344 17227
5497 12 637
6751 25 1262
7014 1003 50181
7012 529 26477
7010 1038 51946
7014 34 1706
5459 1 78
7001 866 43342
7008 1348 67407
7003 119 5978
6231 109 5458
7010 1042 52143
7014 1640 82036
7008 144 7224
6831 53 2656
6615 168 8446
6828 167 8383
7013 154 7745
7014 515 25787
7014 1062 53131
6656 41 2068
6535 89 4484
5557 23 1194
7012 1466 73327
6663 45 2259
7014 867 43368
7004 309 15491
7001 185 9263
7003 960 48030
6633 32 1642
7014 205 10265
7003 1111 55583
5000 41 2052
7014 662 33147
4983 18 933
5013 27 1388
7014 867 43398
6664 72 3649
7001 418 20920
7001 324 16212
5146 43 2164
7014 990 49519
5370 52 2628
6406 115 5791
7003 188 9407
6130 13 667
7003 119 5991
7008 144 7244
6934 13 689
7010 246 12338
5077 19 956
5441 89 4470
7012 1141 57080
7013 224 11220
6812 1 56
6666 12 603
6981 65 3270
6211 69 3457
7008 280 14018
6908 190 9523
6690 147 7367
5154 72 3643
6375 57 2855
6960 79 3967
5630 41 2058
6315 26 1345
7012 246 12311
5519 146 7322
6091 103 5163
7001 464 23212
7001 464 23238
7012 708 35448
7004 1435 71800
7008 786 39350
7008 833 41662
6828 169 8469
7008 144 7246
6882 153 7659
6912 60 3044
7004 1622 81150
7008 924 46203
7004 1435 71783
5966 50 2523
7008 777 38867
5136 61 3053
6535 89 4471
7008 417 20876
6535 91 4558
6956 112 5632
7014 1214 60733
5996 22 1138
7014 515 25787
7010 649 32452
5380 2 127
7012 708 35419
7006 558 27942
6286 140 7029
7008 675 33795
7011 308 15402
7001 480 24001
6286 141 7098
6992 10 549
6577 37 1899
6955 211 10595
7001 823 41192
5013 9 478
7003 411 20579
7014 653 32669
6078 23 1160
7008 583 29163
5216 81 4074
5404 37 1875
7008 675 33770
5169 35 1798
7001 228 11418
6934 79 3991
5106 183 9176
7010 1549 77496
5339 47 2360
7013 238 11913
7010 1343 67162
6628 44 2237
7003 270 13547
7008 1244 62225
7008 1464 73203
6334 12 619
5977 194 9745
7008 890 44544
6827 103 5191
7008 195 9776
7001 682 34140
7003 469 23482
6912 193 9700
5564 192 9642
7008 145 7282
6992 9 475
6871 187 9394
6444 37 1867
6548 0 47
5401 31 1577
6912 195 9761
5380 1 78
5185 74 3720
7003 400 20002
5404 30 1540
7010 1562 78131
6955 204 10243
6334 7 366
7010 220 11036
7004 1275 63770
7008 833 41672
7008 1321 66095
7008 889 44500
7004 1208 60403
7010 416 20801
6379 94 4729
7003 1433 71695
6812 3 181
7003 214 10707
5169 121 6062
6831 51 2600
7004 1208 60421
7003 1449 72486
7013 206 10326
6321 70 3511
7014 515 25789
6908 191 9571
7004 206 10314
6956 115 5792
6503 56 2806
7014 1582 79113
7003 852 42647
6366 13 663
7006 558 27927
5036 20 1050
6945 219 10961
5331 135 6760
6201 64 3250
6173 32 1612
7008 589 29460
7008 885 44276
5611 102 5120
6954 6 332
6366 80 4028
7008 133 6695
6827 101 5076
6503 60 3046
7008 145 7264
7013 193 9674
6542 165 8293
4957 145 7253
7014 1062 53144
5382 179 8989
7008 890 44529
7004 206 10329
5459 170 8540
6908 57 2877
7014 216 10846
6912 201 10052
6666 12 621
7008 1051 52579
7003 228 11440
7001 682 34120
7008 466 23304
5404 30 1532
7001 977 48873
6650 17 896
7003 363 18199
7014 990 49516
5966 48 2444
7014 53 2665
7014 144 7213
5380 8 445
7013 238 11922
7010 441 22089
6752 70 3514
7014 653 32674
6206 129 6465
7001 480 24033
6628 43 2173
7011 302 15124
7004 206 10348
5506 51 2574
5216 85 4256
7012 246 12323
7001 228 11446
7012 1447 72380
6535 87 4376
7014 1640 82043
6949 78 3916
6319 47 2351
7001 26 1347
7001 153 7686
6650 19 953
6908 50 2550
7008 1464 73244
7003 1111 55565
6036 33 1698
6975 69 3485
6812 4 212
7008 889 44460
6334 111 5583
6572 58 2945
7013 201 10058
7008 144 7247
6782 2 138
6934 13 665
7001 570 28520
7014 1728 86427
7003 232 11630
7014 1331 66557
6908 54 2730
6579 43 2151
6387 12 621
6078 6 302
7003 643 32172
7010 1042 52120
6952 101 5052
6663 18 947
7012 1141 57053
7010 1042 52131
6794 22 1150
5519 147 7397
7012 1220 61027
7012 914 45736
6281 32 1632
6882 153 7674
7008 1029 51484
7001 208 10433
7012 781 39057
7008 1027 51397
6338 43 2157
7008 1393 69651
7010 84 4244
6981 40 2016
7008 102 5118
6930 20 1021
7010 441 22086
7014 662 33148
6918 36 1827
6211 204 10206
7010 668 33444
7008 589 29485
6090 76 3813
7014 867 43369
7001 185 9254
6912 59 2977
7001 700 35040
7008 102 5134
6960 167 8374
6812 4 212
6975 66 3313
7003 875 43798
6359 6 309
7012 1054 52722
6908 190 9549
6666 15 783
7010 1038 51929
7001 480 24049
7003 932 46623
7013 40 2011
7010 727 36357
6286 78 3910
7013 201 10077
6794 21 1071
6217 143 7174
7008 734 36730
7011 308 15419
7004 1138 56917
7012 1485 74251
5155 49 2474
6423 75 3797
7014 326 16338
7012 442 22146
5511 45 2275
7004 1299 64963
6837 152 7619
7003 232 11622
7004 1435 71797
6572 168 8437
7013 193 9696
5519 144 7236
6960 163 8192
5013 29 1470
6035 3 175
7014 1054 52741
6616 22 1111
6908 186 9342
6359 7 383
6930 20 1007
7003 1658 82901
7001 185 9262
7008 1464 73246
5891 149 7452
6930 13 691
7001 418 20905
6366 79 3995
7003 228 11441
7003 469 23475
7001 26 1317
6528 12 610
5459 3 171
7001 682 34105
7008 280 14014
7010 579 28995
5380 9 491
7004 1278 63944
6837 154 7701
6908 190 9549
7012 1141 57087
6359 5 272
6123 1 68
7014 867 43381
7010 343 17176
7012 1290 64531
6908 51 2576
6081 13 691
5512 213 10686
5382 170 8508
7010 1049 52466
7014 308 15406
7003 1734 86722
7001 210 10547
6751 27 1351
7001 480 24018
7010 649 32466
7003 1437 71881
7014 5 270
7014 1640 82011
5370 57 2851
7014 1411 70584
7001 210 10516
5512 210 10511
7004 1278 63932
6663 173 8679
7008 1010 50545
5497 102 5129
7010 246 12334
5497 101 5090
7007 22 1143
5380 7 384
5459 2 107
6300 124 6223
7008 633 31675
7006 486 24316
7004 1268 63401
7001 566 28301
7010 649 32492
5497 109 5459
6091 100 5039
5229 7 360
7012 892 44641
7014 34 1750
6908 52 2604
5519 144 7236
6027 3 163
7008 280 14022
7008 890 44536
6756 40 2043
6945 213 10658
5564 192 9641
7010 1162 58138
6441 65 3284
7004 514 25712
7014 515 25755
7004 1622 81137
7010 1390 69550
7012 1730 86510
7010 1447 72351
7014 5 273
7008 133 6679
7008 510 25517
7010 1447 72393
6827 110 5516
5093 161 8053
6480 110 5524
6406 115 5796
6959 124 6248
7014 212 10639
7010 1049 52465
7001 210 10526
7004 901 45073
5487 28 1446
7004 1660 83002
7014 53 2668
5433 156 7826
6535 87 4376
7008 890 44509
6829 123 6158
6956 116 5830
6359 5 288
6968 1 89
7006 558 27903
5068 95 4765
7012 529 26462
6687 192 9629
5380 8 445
6687 196 9847
7003 1449 72499
6968 6 320
7014 326 16318
5783 86 4301
6782 0 20
7014 5 252
7010 1343 67165
7001 379 18992
6697 100 5025
6666 186 9318
7001 866 43311
7012 442 22135
6955 212 10630
6359 6 309
6650 20 1020
7014 515 25783
6106 49 2459
6482 148 7447
7014 429 21493
7003 411 20561
7012 1186 59315
5605 55 2769
7004 1138 56917
5452 46 2345
7008 280 14022
7003 1050 52537
7003 456 22836
6827 101 5076
7014 429 21451
7013 201 10051
5459 178 8943
7012 529 26496
6446 123 6200
7014 1184 59222
6930 18 946
7001 866 43313
6975 69 3485
5557 20 1035
7012 1730 86503
6942 94 4729
7008 734 36729
6303 79 3967
5541 45 2277
7014 515 25759
6623 82 4144
5497 103 5160
7012 1549 77456
7004 1268 63442
6030 7 388
7001 324 16224
6812 3 181
7004 1278 63912
7014 1411 70560
6668 87 4364
7008 1110 55541
7008 146 7318
7012 529 26489
7008 144 7238
7008 786 39311
7004 654 32707
5229 7 368
7004 654 32739
6387 19 992
5459 177 8878
5154 155 7791
6955 211 10598
6366 12 604
5452 49 2459
7004 654 32704
6338 43 2157
7003 31 1552
7014 1121 56099
5380 5 269
7001 228 11437
7012 1006 50304
6441 62 3126
5065 2 140
6831 59 2991
6829 122 6102
6923 12 607
6090 80 4005
6945 216 10844
6027 5 275
7004 1278 63943
7004 654 32722
7012 324 16219
7006 471 23551
7008 145 7299
7003 775 38797
7001 324 16207
7003 1111 55557
7003 924 46239
7010 48 2412
7008 1051 52563
7003 1375 68778
7001 153 7683
6765 212 10622
7014 308 15442
7003 828 41420
7004 1268 63421
6407 90 4539
7014 216 10816
7012 1006 50343
7003 1433 71657
6211 66 3301
6035 7 382
6763 142 7141
7012 1061 53093
5996 22 1138
6697 100 5025
7012 1659 82959
6959 124 6222
6407 96 4843
5108 91 4578
6579 48 2448
7014 53 2682
6934 71 3573
6663 19 959
7010 1270 63544
6560 10 506
7004 1164 58250
4971 187 9360
6663 24 1217
7003 643 32174
7008 510 25510
7004 1622 81125
7014 1505 75289
6201 65 3251
6401 13 684
7008 133 6667
6959 119 5990
7003 411 20558
7010 1343 67159
6853 106 5340
6616 27 1361
7001 1025 51269
7008 1393 69651
6968 2 133
6629 8 430
7001 185 9261
6765 210 10503
5891 158 7936
7008 1393 69677
6826 42 2128
6334 15 791
7012 1186 59333
7014 1582 79108
7013 224 11231
7004 118 5949
7003 1318 65915
5380 3 181
5108 96 4840
7012 1479 73983
7003 1304 65238
7006 486 24303
6812 1 94
7004 901 45073
7008 786 39311
7012 1006 50313
6973 38 1931
7010 1596 79837
7012 324 16249
7014 1331 66566
6420 43 2197
6934 18 904
6954 10 547
6763 166 8301
7001 295 14800
7006 308 15436
7010 1270 63503
7010 138 6925
7008 195 9787
6664 193 9659
6942 93 4654
7010 1162 58106
6882 154 7717
6572 172 8608
6930 15 774
6404 174 8703
6955 212 10630
5456 18 921
7010 441 22054
7003 1513 75686
5487 50 2509
6991 64 3219
6507 47 2388
7003 31 1585
7004 1208 60403
7013 193 9690
7014 205 10294
6362 83 4171
6945 213 10662
7003 1044 52245
6912 195 9761
7012 1425 71271
6199 75 3768
6577 35 1761
7010 1038 51928
7010 19 983
7012 1141 57051
6632 57 2869
6507 47 2378
6482 150 7525
6882 152 7618
6973 43 2173
6828 164 8219
5380 3 195
6981 37 1888
7004 575 28776
7012 1006 50324
6572 174 8731
6319 29 1493
6881 136 6820
7001 26 1314
6334 111 5600
6528 14 702
5966 0 5
6763 150 7514
6480 110 5524
7008 1321 66063
7001 185 9260
7011 302 15108
7010 579 28994
7008 734 36706
7008 146 7308
7004 514 25717
7004 253 12673
6303 126 6311
7008 1078 53942
6656 40 2019
7010 1390 69526
7014 867 43381
6663 41 2097
7008 1078 53915
5783 93 4693
7008 280 14041
7010 48 2441
5511 40 2017
7012 442 22101
7012 1126 56309
7013 201 10058
7001 566 28301
5106 192 9604
5401 31 1597
7001 1025 51269
7010 649 32465
5340 96 4813
6560 17 884
7013 193 9680
6697 98 4932
7010 48 2428
6765 210 10513
6616 22 1126
6420 45 2267
6030 8 446
7004 1299 64963
7003 643 32172
7008 1464 73202
6973 40 2004
6991 69 3486
6577 32 1631
6666 12 618
6426 26 1329
7010 579 28988
7010 84 4227
7008 1029 51455
7008 102 5147
7001 464 23205
7014 1214 60705
7010 1545 77286
7008 1110 55518
6480 101 5064
7010 138 6947
7003 1658 82901
7014 867 43398
6442 34 1732
7014 867 43368
6977 90 4504
6888 90 4536
7003 1318 65948
7003 31 1558
5385 160 8039
5055 52 2609
6035 3 175
7003 363 18174
6230 97 4872
7014 990 49504
7004 1660 83017
6205 95 4756
5557 92 4634
6441 61 3070
7012 1485 74272
7010 710 35534
6123 8 412
7003 1513 75683
6933 87 4374
5487 20 1050
5459 175 8785
7003 775 38785
7010 27 1375
5151 89 4467
7010 19 990
7014 990 49532
7004 1278 63912
7003 960 48037
7003 31 1569
5586 148 7406
6794 18 918
6756 43 2189
7008 583 29173
7010 1545 77286
6960 73 3696
7003 469 23465
5456 12 622
7010 1343 67168
7006 604 30201
7003 413 20655
6930 20 1007
6952 101 5061
7004 1268 63447
7003 31 1561
7012 1141 57094
6407 98 4901
7001 264 13249
6812 9 454
6689 35 1787
5547 74 3723
5093 164 8242
5512 189 9491
7001 542 27123
5108 96 4837
7008 466 23333
7003 1318 65912
7008 994 49735
7004 1208 60441
5581 35 1791
7012 892 44601
6656 42 2126
7004 654 32712
7010 280 14026
7010 416 20807
6954 6 311
7003 1413 70665
7014 1121 56053
5401 38 1906
7003 1413 70665
7003 775 38758
7013 108 5417
5380 5 262
6401 19 968
6106 49 2457
7003 749 37454
7014 10 548
6286 138 6945
6765 212 10610
6030 14 734
6334 8 442
6756 47 2371
6918 68 3435
6765 156 7837
5459 9 487
6123 10 536
6882 195 9783
5151 89 4491
7013 201 10078
6918 35 1770
7010 27 1359
7012 1061 53052
6853 100 5046
7014 763 38152
6975 64 3213
6812 3 169
7010 416 20826
6690 149 7491
6756 40 2031
7012 1054 52712
5441 6 309
5458 157 7853
7003 363 18182
6934 13 665
7003 1111 55576
7001 344 17204
7010 441 22057
6687 193 9698
7001 1025 51254
6548 91 4552
5190 2 108
7014 1346 67346
7013 193 9683
6542 166 8328
6959 120 6039
7003 1304 65224
7010 727 36376
6401 21 1063
6831 59 2986
6837 7 383
7012 1425 71271
6664 120 6037
7008 746 37312
7013 238 11927
7012 892 44602
7004 1622 81120
7014 763 38173
6211 66 3301
7003 1437 71866
7014 53 2667
5069 34 1740
5029 172 8650
7010 1343 67151
7013 206 10326
6334 14 735
5106 184 9240
5586 85 4287
7001 26 1322
6321 64 3215
6918 33 1684
4957 142 7102
6991 68 3444
6420 43 2197
7003 214 10711
7004 1208 60418
7014 1184 59231
6319 48 2430
7004 1486 74342
6030 8 416
7010 579 28994
7008 417 20884
7003 932 46620
5557 21 1052
7001 566 28328
5497 106 5327
7003 119 5961
6568 36 1806
7010 579 28984
7012 794 39720
7008 146 7318
6407 97 4883
6217 142 7114
5515 96 4836
6959 122 6150
6322 42 2101
7012 1141 57055
7001 153 7674
6837 157 7891
6912 58 2924
6030 13 693
7012 1065 53256
7010 84 4237
7014 34 1716
7012 1275 63791
6981 39 1957
6930 12 650
7008 72 3606
6756 42 2145
7012 794 39747
6687 191 9596
7001 208 10420
6490 36 1824
7008 1387 69398
7003 1449 72472
7012 1466 73303
7003 784 39202
7008 890 44506
7008 195 9793
7008 924 46215
7003 1437 71856
6975 56 2818
7010 1549 77471
7001 566 28313
6960 79 3967
6401 13 669
7003 31 1558
6945 208 10429
7004 901 45097
7013 193 9668
6968 7 351
6564 81 4090
6680 73 3652
6912 58 2924
6918 37 1886
7008 417 20883
6378 2 107
7008 1393 69674
6366 74 3708
7004 206 10348
6564 83 4156
5401 37 1861
5783 88 4444
7012 1065 53256
7010 1068 53407
7003 1387 69355
7003 228 11428
6442 28 1416
6991 65 3298
6579 47 2391
5448 11 580
6831 59 2978
6542 170 8512
7012 708 35419
6334 14 735
5519 146 7322
7010 1390 69527
6683 15 764
6756 41 2092
5441 83 4167
7014 34 1706
6663 20 1037
6162 213 10672
7003 413 20690
7001 819 40988
6918 33 1654
6956 120 6036
6991 67 3368
7013 108 5424
7003 784 39244
6923 14 711
7003 1318 65908
6401 14 707
6359 0 1
7001 228 11418
5385 160 8039
6050 9 486
6956 190 9501
7010 369 18476
7001 480 24009
6078 1 51
6319 45 2300
7006 486 24327
7006 604 30249
6090 78 3950
5516 24 1229
5331 133 6681
7012 1054 52744
7010 1038 51908
7003 784 39228
5497 16 827
7013 40 2041
6362 76 3815
7008 103 5182
7010 84 4235
7001 700 35037
7010 1068 53414
6794 17 899
5106 183 9186
5519 149 7494
7014 1640 82029
6687 196 9804
6934 75 3795
5459 177 8878
6334 12 618
6751 27 1389
7004 1278 63943
5151 177 8878
7008 889 44451
6102 38 1949
6664 182 9101
7012 708 35402
7008 1029 51459
7014 10 514
7006 324 16211
6080 91 4599
6201 55 2770
6211 64 3233
7004 184 9225
7011 302 15132
7003 700 35021
6284 60 3042
7014 308 15405
7001 891 44569
6812 3 192
7013 40 2023
5497 101 5090
6650 22 1147
7004 1622 81109
7001 344 17249
7008 1348 67437
7008 889 44462
6420 45 2300
6826 40 2041
6882 153 7671
5487 52 2642
6123 8 426
7003 1050 52510
5511 48 2425
7003 119 5994
6482 153 7696
6827 103 5182
6960 73 3656
7014 1003 50188
7004 575 28781
7001 1134 56703
7003 411 20589
6564 84 4216
7012 1141 57087
5433 159 7952
6078 1 61
6934 75 3799
7003 232 11632
6201 57 2864
7014 308 15407
6426 23 1167
6446 124 6250
7008 1393 69694
7010 1568 78408
7008 466 23308
7004 729 36483
5969 46 2316
7003 1318 65919
6025 98 4923
7008 72 3610
6945 213 10664
6078 3 199
7004 309 15457
7014 1640 82009
4983 46 2320
6650 20 1039
6303 83 4159
5519 148 7450
7001 26 1327
6483 0 12
7004 1622 81126
6467 97 4896
7010 220 11048
7004 729 36455
7014 308 15419
6379 38 1929
4995 8 413
6507 46 2344
7008 885 44292
7003 228 11426
5065 24 1217
6170 38 1923
7003 214 10711
7003 119 5951
6968 1 89
6319 47 2352
5630 42 2129
7013 193 9682
7012 1549 77474
7010 1485 74269
5497 11 571
5512 189 9462
7012 246 12326
7012 1290 64532
7008 417 20853
6756 153 7689
5536 12 618
7014 653 32694
7008 1348 67433
7008 1387 69351
6635 0 2
5996 23 1169
7014 1003 50191
7014 429 21451
6420 40 2016
6577 33 1666
7012 302 15106
7003 1304 65239
7003 1433 71668
7003 1437 71869
7014 1214 60727
5169 34 1746
7014 653 32657
7012 708 35404
7003 1734 86737
6991 69 3473
6560 10 503
7001 1025 51278
6535 91 4563
6664 181 9080
6614 110 5539
6528 11 553
6366 75 3779
7006 486 24315
6366 83 4173
7003 188 9422
5401 33 1684
7001 891 44555
7008 1051 52562
7004 1622 81114
6663 25 1272
7003 1413 70700
6981 128 6448
6315 25 1258
7003 411 20560
7013 154 7733
5519 147 7352
6945 215 10795
7014 1184 59234
7010 710 35547
7013 193 9698
7010 84 4242
6362 83 4192
6960 166 8310
7012 1730 86529
6896 15 788
7001 295 14786
6930 19 989
6653 126 6328
7008 890 44526
7003 643 32163
5042 49 2457
7003 828 41434
6934 76 3820
7008 1470 73518
6616 20 1027
6319 47 2352
7014 5 270
7014 1582 79141
7004 1299 64991
7008 1348 67415
7007 22 1143
6942 94 4701
6908 188 9440
5519 148 7450
7001 210 10501
7012 1447 72376
6090 72 3626
6933 81 4062
6366 19 973
5498 8 406
6765 212 10621
7014 1270 63546
7004 206 10347
7003 1193 59666
7001 379 18972
6765 214 10713
7012 1275 63761
6683 15 792
5106 184 9240
5511 43 2196
6990 19 957
6908 191 9583
5511 40 2017
6689 33 1652
7008 833 41672
7004 1319 65967
7012 302 15131
6827 104 5231
6102 38 1905
6882 210 10509
7003 1387 69375
6666 12 603
7010 1447 72384
6577 37 1899
6548 1 99
5000 46 2328
7008 1348 67415
6542 165 8293
7012 1549 77459
7014 34 1748
5497 102 5112
7013 193 9688
5557 24 1236
6379 38 1947
5169 36 1834
6916 123 6178
6945 219 10959
6375 30 1525
6663 41 2096
7008 885 44276
5190 3 178
7008 1244 62244
6828 160 8005
7010 1485 74286
6036 56 2834
7008 280 14039
6959 125 6256
7003 188 9419
5487 28 1444
6021 187 9399
6090 78 3936
7004 1624 81209
6975 57 2889
7010 8 435
7001 324 16212
7014 1331 66553
7003 924 46239
7012 529 26489
6981 38 1901
7006 558 27943
7004 1164 58209
7003 188 9405
7014 1411 70552
6632 56 2832
6973 43 2186
6446 126 6347
7014 429 21481
6170 38 1918
6123 9 467
7014 653 32653
7010 1562 78108
6896 18 917
6542 166 8303
5586 87 4379
7004 184 9210
5401 36 1807
7008 133 6653
6826 46 2334
7013 201 10094
7010 1485 74253
7001 295 14755
6650 20 1015
7003 1433 71675
5456 18 921
7003 924 46233
7012 1290 64503
7003 228 11406
7004 654 32712
6375 57 2870
6036 34 1739
5042 40 2042
6080 89 4468
7001 891 44596
7004 575 28764
7001 866 43335
6908 188 9427
7014 1411 70564
7014 1640 82010
7008 889 44451
7001 210 10538
6954 3 176
6951 20 1037
7014 1214 60724
7003 643 32174
6656 38 1937
6410 122 6121
5511 49 2495
6888 0 47
6663 18 911
7013 224 11247
6666 187 9381
7012 1479 73977
7008 280 14050
7003 119 5991
7014 326 16322
6548 2 104
6623 61 3051
6954 14 724
6756 154 7737
6288 175 8796
7003 214 10734
7014 205 10272
7003 828 41406
6480 107 5363
6829 123 6189
7004 961 48088
6482 150 7525
7012 1186 59301
6426 22 1125
7001 682 34118
7003 456 22819
7010 138 6934
5000 41 2052
7014 1214 60733
7014 53 2699
7012 302 15105
7014 1270 63545
6173 32 1612
7012 1485 74264
6564 81 4092
7012 1659 82972
7014 1411 70562
7008 103 5173
7004 1275 63770
6482 153 7696
7001 26 1336
5229 2 141
7003 1375 68799
6616 26 1335
5519 142 7117
7001 866 43342
5516 22 1105
6663 21 1076
5452 47 2370
7010 280 14043
7010 1568 78403
6960 166 8320
5921 19 974
7014 1270 63545
6123 9 463
7008 144 7224
7008 1244 62224
6420 45 2300
6535 93 4660
6614 157 7869
7008 1348 67404
6362 101 5077
7003 1527 76396
7004 184 9231
6663 175 8791
7012 1466 73310
6616 28 1419
6751 26 1305
7004 1164 58227
6315 26 1343
7010 1270 63519
6896 13 654
7012 892 44642
6945 215 10799
7008 417 20889
6829 123 6177
5401 36 1807
7003 1044 52201
7008 1244 62204
6933 83 4197
6991 67 3357
6896 17 859
6918 66 3322
7010 138 6936
7012 1466 73310
6763 158 7918
7010 1270 63543
7008 1010 50545
5497 108 5439
6978 99 4973
7014 1346 67310
7012 1447 72362
6568 36 1811
7003 852 42619
7001 324 16221
7006 588 29422
7008 1010 50530
5516 25 1290
7008 145 7276
7003 119 5961
6490 38 1911
5581 35 1791
7004 1340 67012
6050 0 1
7001 823 41178
6620 150 7502
7001 977 48897
7014 1346 67318
7014 990 49547
7001 1134 56707
7012 1466 73341
7004 1268 63428
7013 206 10348
7013 187 9390
7001 823 41166
6503 58 2948
6981 42 2130
7012 19 952
6908 53 2675
7003 119 5966
7001 682 34105
6616 22 1111
6991 66 3350
5331 138 6925
5459 180 9020
6021 185 9293
6362 101 5096
6401 21 1099
7012 1659 82963
7001 682 34130
7014 5 258
6379 34 1738
6542 170 8518
6831 55 2793
7003 1050 52522
5947 158 7901
6956 115 5753
7008 746 37312
5331 130 6501
6319 49 2476
6503 58 2948
7008 675 33755
7013 193 9671
7003 643 32156
6952 97 4875
7014 867 43371
7008 1387 69361
7001 566 28307
7008 195 9767
6882 129 6500
6401 13 684
7008 1393 69661
7003 270 13511
5926 13 661
6765 212 10621
6908 188 9422
6564 83 4189
6945 219 10961
6507 45 2294
6406 116 5804
6230 97 4872
7003 1437 71881
7008 890 44526
7011 308 15418
5108 90 4519
7008 1027 51377
7014 34 1713
7012 1035 51798
6560 18 913
7004 514 25741
7014 950 47503
7003 456 22819
7008 280 14018
7010 89 4498
6951 25 1285
7001 480 24031
6956 112 5612
6211 67 3370
7012 1054 52723
7008 1244 62235
6664 72 3619
5404 37 1875
6763 150 7514
7012 1275 63773
7010 1447 72351
7008 103 5169
7003 848 42443
7001 866 43314
6827 104 5210
7010 416 20841
6663 43 2192
7004 1624 81236
7008 1051 52565
5497 12 637
6577 32 1631
7003 932 46626
7010 89 4494
5966 44 2201
5586 87 4352
7010 1038 51938
7008 144 7243
6650 18 935
7003 1513 75651
6826 46 2350
7003 214 10746
7014 1346 67318
5339 91 4557
7013 193 9688
5891 32 1608
7014 1121 56058
7003 1044 52214
6615 172 8613
7001 344 17241
6404 173 8691
7008 1348 67411
6882 156 7833
7008 786 39330
6548 87 4389
7008 633 31684
7001 295 14769
6930 17 886
7003 1642 82147
6923 35 1788
7012 1290 64540
7008 994 49743
7012 1447 72368
7014 662 33112
5926 13 677
6102 38 1905
7013 238 11913
6423 75 3782
6752 72 3650
6319 46 2314
6480 101 5083
5151 163 8195
7014 1062 53110
5497 100 5004
7003 1387 69379
6387 16 830
7012 1061 53061
7014 763 38164
6623 61 3064
7003 411 20560
7008 145 7259
7006 486 24350
5891 158 7930
7014 205 10266
5630 39 1996
7001 823 41193
6960 166 8320
7010 1447 72360
6942 93 4658
7003 643 32154
6959 127 6384
7001 344 17241
6480 127 6369
6503 57 2865
6765 156 7829
6751 25 1281
7003 1413 70682
6664 123 6160
7014 212 10639
6507 46 2342
6752 72 3616
7012 1730 86543
7003 411 20559
6406 115 5796
7013 187 9382
7004 901 45055
7010 138 6936
5071 19 960
7014 515 25772
7006 308 15408
6441 62 3122
6620 151 7588
5497 19 959
5155 89 4475
7014 867 43371
4983 44 2238
7003 469 23488
6366 13 694
6407 93 4660
7014 990 49547
6960 73 3673
5498 4 223
6106 48 2444
7003 1642 82147
6828 165 8278
5459 178 8943
6590 25 1279
7012 19 981
6564 84 4216
7003 1437 71865
7010 727 36368
7008 72 3614
6080 92 4637
6568 34 1743
6482 147 7356
4983 48 2440
7004 1340 67021
6930 13 682
7003 1050 52511
7013 238 11914
7004 1622 81126
7012 442 22145
6908 184 9246
6663 46 2342
5146 43 2164
5069 34 1740
6945 212 10636
5077 31 1557
7012 1290 64503
7010 1042 52116
7001 700 35036
7001 819 40988
7014 1184 59211
6620 149 7473
7012 1730 86543
6404 108 5431
6401 21 1099
6955 208 10427
5966 50 2549
7003 1050 52545
6615 169 8484
6765 212 10610
6664 123 6154
6620 127 6366
6882 155 7787
7003 775 38756
7006 337 16890
5441 8 414
6992 9 475
7003 749 37479
7013 187 9384
7010 1042 52103
6765 212 10624
7012 1141 57088
7001 324 16213
7010 8 420
7003 228 11417
7003 270 13543
7001 682 34137
4971 110 5502
7014 763 38200
5921 17 855
6777 1 77
6955 208 10427
6827 110 5522
7004 1340 67021
6027 4 226
6663 18 939
6663 18 911
7012 1275 63781
7001 823 41156
7014 1582 79102
7008 833 41685
7010 1042 52103
7014 1214 60705
7012 302 15113
5339 45 2300
5068 34 1713
6933 86 4341
7001 264 13249
7008 145 7285
6205 95 4789
7008 1027 51396
5586 139 6983
7013 201 10074
7003 456 22811
7010 1562 78133
5891 155 7755
7003 469 23500
7004 1208 60441
6666 186 9318
6749 44 2212
7003 1513 75692
7010 138 6940
6379 94 4729
5042 47 2375
5370 56 2819
7013 224 11220
7013 238 11917
7004 654 32704
7014 1582 79147
6908 191 9571
6548 84 4206
7012 442 22146
7014 5 252
7004 1023 51172
6036 32 1634
7014 326 16325
7012 19 999
6934 74 3711
5071 19 960
6837 4 202
6837 8 402
7012 302 15105
7004 1023 51198
6683 13 700
7004 184 9210
7001 26 1314
6100 14 736
7013 193 9696
6837 151 7594
6782 2 129
6467 98 4924
6338 44 2220
7013 40 2027
7004 118 5913
7004 654 32724
5586 142 7135
7003 784 39231
6366 75 3773
6211 207 10382
6960 77 3855
6664 182 9101
7012 1466 73341
6030 13 698
7004 1624 81236
5331 137 6856
7001 144 7227
5108 96 4847
5547 72 3646
7003 1375 68778
7001 1025 51251
7010 1162 58138
7008 1078 53928
7014 1121 56060
7013 206 10312
7003 31 1568
7012 1126 56307
7010 8 441
6628 44 2210
6030 13 693
6080 92 4611
7014 653 32656
5891 141 7095
7010 668 33444
5229 6 309
6991 68 3436
6756 42 2142
5339 96 4846
6888 50 2519
6663 21 1076
7012 708 35424
6577 34 1705
6548 3 171
6334 8 425
5169 37 1859
6230 58 2910
6286 138 6919
7008 1387 69388
7014 1331 66579
7006 308 15402
5541 41 2091
7004 1435 71767
7001 542 27110
7014 1270 63506
7012 892 44606
7008 583 29158
7008 734 36706
6123 8 426
6572 57 2878
5380 0 47
5541 40 2024
4983 6 317
7001 208 10408
6827 110 5527
6036 53 2677
6528 11 553
6620 127 6387
7004 961 48065
6507 45 2294
7012 1186 59346
6467 98 4924
7010 1447 72393
7004 1023 51197
7013 206 10323
5511 46 2349
7004 514 25704
7012 1659 82967
7014 950 47536
5380 0 5
7003 80 4048
7012 794 39711
7003 784 39202
6319 46 2324
6616 26 1335
7008 924 46243
7010 668 33401
6828 169 8486
7003 469 23496
6908 51 2566
7003 1642 82135
7006 308 15422
6616 24 1232
7003 960 48037
6379 31 1557
7001 185 9300
7003 852 42646
7012 529 26456
6956 197 9872
6211 69 3457
5966 48 2403
6442 28 1426
7008 1387 69361
5497 16 827
6338 26 1316
7004 1486 74336
5456 12 614
6321 69 3466
6663 44 2241
5966 8 434
5151 163 8195
7003 270 13513
6359 4 223
6954 10 547
6666 185 9299
7004 575 28761
7012 892 44618
6837 152 7635
