18732 50 2508
17361 257 12856
18001 1 87
17344 30 1521
18741 8 435
17561 60 3038
16172 24 1233
15103 103 5156
14970 68 3425
14764 38 1932
17850 28 1417
17004 126 6327
15876 51 2552
14772 108 5419
17522 90 4503
14213 24 1247
17874 51 2591
14281 88 4432
15446 21 1066
16836 51 2590
16526 7 385
16434 46 2330
14772 48 2422
18779 32 1642
16753 62 3105
15941 23 1174
18732 254 12740
14223 55 2793
16733 17 868
14410 274 13741
15919 12 625
17992 78 3947
14736 213 10657
18763 5 274
18752 564 28212
17462 3 186
14546 27 1379
14623 88 4427
15167 152 7636
14269 41 2085
16410 193 9697
15828 417 20871
18603 204 10224
15801 183 9193
15986 61 3091
18034 65 3299
18760 259 12970
16836 51 2571
17447 32 1648
17658 22 1119
14319 10 549
18907 107 5382
17337 31 1574
18750 205 10254
18753 34 1725
16379 32 1648
15940 214 10702
17489 13 658
18039 46 2330
14154 108 5407
18527 360 18033
14436 180 9016
14436 180 9006
15179 103 5166
14319 13 699
16379 4 241
17116 67 3373
14564 106 5324
15801 183 9193
14363 271 13556
15774 93 4698
16889 81 4082
16835 38 1904
17337 31 1574
17524 68 3401
14543 104 5231
14195 130 6509
18492 143 7180
14546 151 7590
16150 142 7141
14270 34 1720
18860 29 1493
17337 24 1241
15266 9 464
18034 65 3297
14771 121 6074
18923 391 19600
14338 50 2529
17361 298 14910
14524 36 1846
14190 2 128
17847 15 779
14736 188 9449
17206 181 9056
14410 178 8944
18779 454 22716
17447 64 3219
18516 202 10117
16242 265 13280
14575 23 1179
14543 199 9975
17361 185 9266
17875 421 21055
18603 184 9225
14976 46 2301
17371 55 2779
17191 31 1595
15279 30 1548
17522 18 914
15458 12 635
14281 88 4401
14143 61 3061
15252 24 1229
14333 22 1144
17177 37 1891
18712 64 3238
17326 58 2909
18910 139 6963
14425 145 7285
14410 290 14517
15794 17 878
17875 273 13660
14749 301 15070
18010 81 4062
15872 48 2426
14270 254 12720
16826 173 8681
17840 337 16851
17696 176 8837
16836 80 4007
14223 55 2793
18753 27 1388
18031 88 4403
18701 226 11308
18011 39 1968
15970 397 19861
17791 0 12
18748 153 7659
17312 115 5794
15511 202 10105
18249 7 366
17866 20 1012
15484 257 12856
14636 102 5131
14623 249 12485
18001 11 564
18922 157 7867
17152 7 366
14722 161 8058
17415 49 2475
18732 254 12726
14427 264 13229
16809 232 11636
18040 73 3666
17217 48 2428
18953 355 17757
14721 164 8221
15927 37 1895
18603 7 354
15484 290 14537
15591 28 1410
17055 433 21685
17823 99 4989
17055 367 18352
14564 10 526
18763 0 33
16227 46 2312
14632 70 3527
17696 8 425
15236 65 3289
14524 36 1846
16227 161 8056
18044 419 20995
17834 52 2642
15794 17 878
18018 46 2321
14202 121 6078
14218 82 4108
17300 10 537
14795 35 1791
14157 193 9677
15940 118 5917
17046 87 4370
15989 424 21232
18024 338 16914
15800 279 13985
16199 175 8784
16442 57 2863
17361 155 7783
17662 32 1624
14874 46 2311
15457 76 3845
18732 89 4474
18765 333 16684
14975 133 6668
15965 347 17373
18481 113 5656
16867 155 7786
18653 68 3449
17985 167 8378
18527 302 15147
16867 271 13586
18044 419 20992
14942 77 3865
18007 77 3897
17251 200 10030
17681 22 1142
18246 20 1023
17336 3 185
15989 500 25017
14223 55 2774
18514 63 3173
16733 17 862
17875 375 18793
17313 70 3512
17866 60 3022
14269 39 1998
16836 18 906
17046 87 4380
14642 117 5874
17494 24 1230
17973 50 2549
15318 156 7823
15673 53 2687
15273 178 8927
17851 342 17113
14975 51 2563
17679 6 309
18922 38 1924
14545 89 4479
17068 27 1384
15296 92 4630
18763 11 597
14154 81 4063
17055 127 6396
17313 70 3531
18048 408 20446
14707 49 2489
17300 18 901
15867 73 3665
14410 290 14513
17361 200 10002
14403 59 2998
15099 185 9259
17865 99 4990
18697 380 19030
16506 80 4031
17361 342 17111
17696 54 2713
18024 345 17278
17440 165 8286
17364 6 338
17326 59 2951
17874 20 1002
14403 63 3173
16262 10 529
18748 4 214
14942 251 12578
17364 105 5259
18233 40 2043
17985 167 8378
14975 83 4192
15591 179 8975
15254 49 2478
18219 154 7742
17423 9 455
17028 163 8160
15297 108 5403
17603 20 1009
17504 8 401
14772 48 2405
14641 103 5155
18018 15 766
14117 33 1658
14736 213 10695
18631 316 15839
16481 116 5836
17671 218 10945
14722 42 2130
18481 120 6007
17326 18 923
14336 88 4402
14450 228 11403
16117 58 2940
18246 39 1972
17208 139 6983
17459 47 2356
15640 48 2402
18752 310 15530
14857 203 10170
16893 49 2484
15127 33 1672
17269 83 4161
16506 68 3432
18514 555 27800
18010 101 5062
16753 6 303
18644 124 6237
14139 117 5872
15462 25 1263
16676 330 16535
17827 62 3148
18048 378 18905
18632 156 7837
18666 26 1304
18926 21 1085
15254 50 2516
15917 353 17666
17423 11 579
16150 359 17998
17667 97 4860
18760 259 12968
15251 82 4145
14734 148 7443
14970 86 4304
15403 174 8705
14335 225 11277
16042 11 562
18779 301 15084
18246 20 1010
16432 13 676
14427 143 7166
17992 2 137
14363 14 732
17973 22 1144
14270 91 4563
14356 177 8865
18666 61 3065
15909 222 11131
17990 405 20276
17535 49 2481
18644 124 6237
18701 47 2361
15909 214 10702
16150 273 13688
15458 7 397
17603 21 1057
17228 81 4077
14328 23 1178
18933 57 2873
17489 50 2542
17505 52 2643
16867 155 7751
18732 256 12802
18474 217 10856
17028 300 15027
16520 101 5088
15154 118 5942
15252 47 2381
14736 135 6783
14450 77 3856
17344 30 1530
14819 8 423
14736 188 9442
17875 375 18793
15689 273 13674
17636 35 1796
14746 133 6670
17696 166 8310
18024 338 16914
17140 62 3135
14216 17 872
14410 178 8944
14336 55 2765
15965 429 21492
15383 289 14479
15103 134 6720
14623 288 14404
16431 196 9841
18492 542 27135
16026 15 756
17095 97 4868
14664 190 9501
18756 129 6465
14271 139 6987
18481 120 6011
14195 130 6509
14772 240 12016
15987 345 17299
14427 264 13248
14148 127 6374
17972 246 12337
14568 31 1559
14564 104 5204
18794 20 1024
17178 53 2679
18603 7 354
18007 77 3879
15872 69 3476
14377 255 12788
14749 61 3094
18929 31 1573
14764 105 5261
18794 20 1009
16809 232 11605
16493 22 1118
16581 23 1172
14764 101 5080
18253 11 561
16058 22 1143
14149 188 9448
16753 47 2398
14277 3 199
16835 27 1370
17237 521 26056
14369 40 2043
14764 101 5080
18860 116 5822
15279 114 5723
18779 32 1642
18665 130 6515
18644 159 7982
15383 178 8913
18779 512 25647
14286 8 402
17985 150 7527
18779 542 27146
18644 124 6238
18732 359 17958
17260 31 1595
14269 154 7725
15053 48 2447
18497 76 3812
14269 65 3257
17046 62 3115
18258 126 6328
15987 199 9970
17990 254 12738
18933 390 19516
16117 34 1704
14190 72 3604
18644 124 6233
17776 17 867
18874 199 9989
17992 78 3929
15425 177 8851
16889 245 12294
18001 14 742
18928 96 4810
14968 127 6393
18045 14 704
14149 183 9177
18492 223 11169
16867 155 7799
14450 82 4101
18481 38 1924
18929 228 11405
18666 51 2594
14736 188 9450
15130 50 2519
14816 106 5309
17459 105 5266
17851 326 16324
14148 27 1396
17985 167 8378
16835 304 15237
18794 118 5929
18527 576 28847
14436 160 8050
18765 74 3737
15986 61 3056
18024 364 18221
14746 147 7397
18040 86 4320
17504 4 245
17871 34 1743
16836 80 4007
17361 257 12856
14154 81 4088
15383 91 4597
14782 108 5431
18756 128 6401
15442 171 8596
18922 599 29984
18024 345 17278
15290 29 1460
15927 57 2874
16199 309 15473
14611 22 1140
18924 7 374
16378 24 1245
17326 18 923
18249 22 1143
18732 316 15830
16341 269 13471
16874 99 4994
15236 65 3257
18779 525 26264
18018 46 2319
15430 41 2095
18044 55 2796
15457 170 8505
14546 179 8988
15696 76 3828
14543 104 5227
17504 28 1448
15014 152 7648
14445 0 37
18008 82 4110
18044 55 2757
18644 124 6221
17333 55 2767
14902 270 13530
14545 148 7429
18712 182 9124
18907 107 5365
14893 247 12378
15862 143 7178
14117 33 1658
14446 22 1110
16041 54 2733
14736 135 6783
14575 4 209
18034 101 5073
18244 24 1241
14643 217 10857
17361 56 2831
18732 104 5221
15154 69 3480
18481 120 6007
16689 6 312
18928 96 4810
18732 256 12820
18761 81 4064
18631 369 18463
15987 210 10526
14956 310 15523
14300 181 9054
18481 113 5670
16434 46 2330
16301 272 13638
14976 162 8125
14246 122 6118
14632 79 3956
17753 17 876
18039 169 8475
14801 252 12610
17620 122 6109
18931 62 3112
15166 162 8130
17089 1 87
17361 56 2831
17505 52 2644
18035 162 8137
14749 103 5165
16893 53 2660
18748 4 249
18754 34 1730
15862 296 14807
16225 155 7757
17590 1 67
14636 102 5127
17055 233 11656
18007 70 3535
14774 112 5603
17978 133 6698
17522 18 909
17603 17 864
17152 7 366
17177 62 3121
18018 46 2303
15166 43 2182
18907 107 5382
14277 0 12
17875 375 18793
15464 203 10194
14316 8 414
14549 210 10529
14768 87 4391
17326 48 2446
16167 56 2835
15484 116 5803
16095 79 3972
15166 43 2179
16544 152 7612
15946 246 12332
16493 81 4089
15403 2 132
18024 476 23834
14218 82 4108
17267 31 1598
17239 163 8157
17636 35 1796
18929 76 3827
15863 47 2388
14306 172 8620
14379 28 1442
14138 41 2060
16432 101 5088
18732 344 17214
14749 61 3077
14575 55 2775
14190 72 3604
17371 29 1500
18931 126 6312
14774 112 5603
15554 177 8895
14159 63 3193
18009 35 1772
15909 63 3158
14450 291 14568
16119 199 9985
18210 1 54
16410 193 9693
14157 66 3304
18933 390 19512
18947 309 15473
18924 121 6065
14634 66 3338
14795 3 163
18732 57 2890
14575 4 208
18685 484 24246
18049 45 2297
14436 201 10082
16893 49 2487
14774 176 8834
18659 134 6741
14968 127 6393
16301 272 13644
15876 51 2554
16047 26 1321
14543 25 1292
16041 195 9752
18929 228 11421
18049 21 1096
16481 116 5836
16733 18 916
18929 118 5918
16442 4 220
14243 33 1677
17089 83 4194
16979 9 486
18860 29 1493
17419 47 2374
17177 37 1880
18005 214 10716
14956 310 15536
14772 240 12016
15966 305 15265
16432 13 697
15863 21 1095
18756 22 1122
18005 214 10749
17973 3 155
17419 16 801
14319 2 135
18615 566 28310
17326 12 621
18031 88 4410
17503 241 12094
17237 22 1115
18577 270 13547
17958 25 1265
16889 245 12294
17875 421 21055
14231 10 524
15940 123 6175
16836 51 2590
17447 62 3110
14592 10 510
15251 94 4730
14543 25 1292
16355 77 3878
14329 25 1253
16186 309 15500
14161 86 4328
15154 226 11337
16889 256 12809
15286 186 9316
18752 564 28238
18763 11 597
14403 47 2385
17973 22 1144
14733 20 1046
17191 1 75
17561 177 8873
16227 46 2312
14607 220 11005
15909 214 10743
15696 8 447
15713 2 124
17423 9 455
17840 81 4087
16581 178 8923
16947 165 8288
15458 7 371
16520 71 3567
16947 94 4717
14377 83 4172
17313 70 3512
16878 168 8409
15917 503 25186
17874 52 2612
14697 47 2352
15294 9 471
15328 15 792
16073 32 1629
14970 86 4304
14825 59 2994
16581 178 8945
17055 128 6401
16432 19 978
17267 81 4080
14986 140 7045
16867 206 10336
17371 386 19334
16893 53 2660
14165 51 2594
16867 271 13586
17237 515 25799
14746 133 6664
14942 251 12583
18929 220 11019
14746 279 13954
17972 91 4580
15080 36 1832
14149 213 10652
14772 43 2191
18665 11 598
15987 266 13307
14403 47 2360
15383 30 1524
17267 31 1598
14542 146 7309
16073 209 10454
16893 11 587
18007 77 3861
17172 62 3124
17371 465 23287
14263 103 5179
18732 47 2363
14269 65 3257
15529 119 5966
17791 13 697
17208 116 5817
15919 36 1814
18007 39 1964
18779 542 27146
17636 35 1796
14159 109 5485
16434 46 2345
16205 239 11999
18249 11 584
17484 274 13747
14202 47 2379
18923 391 19553
18024 401 20098
18779 473 23688
17029 60 3008
18874 194 9713
18732 104 5240
14335 280 14036
17206 175 8766
17493 245 12256
14772 236 11840
18955 251 12551
14338 186 9312
15154 117 5854
18779 473 23660
14286 11 563
16117 58 2912
15273 44 2228
17459 105 5266
16927 17 887
16526 68 3442
17972 246 12337
17851 324 16208
16319 3 199
14915 206 10325
15970 198 9932
17484 274 13711
15776 5 288
14279 49 2490
14431 17 898
18764 40 2008
16888 142 7126
14746 147 7400
16809 235 11785
17530 7 365
18249 11 584
14436 80 4043
14409 176 8847
14355 10 538
14369 4 238
14190 18 923
17462 12 604
18922 604 30214
14741 201 10073
18007 77 3853
18860 90 4544
18910 160 8009
18514 555 27800
14722 39 1963
14165 51 2594
17415 146 7322
14369 75 3756
17028 212 10647
17757 78 3946
18044 419 20962
18923 623 31169
17972 246 12303
18048 408 20450
15876 52 2618
18054 464 23237
15061 244 12203
14390 72 3630
17144 89 4463
14151 66 3348
17152 21 1066
17753 148 7401
15149 97 4872
15113 43 2161
17985 138 6904
18923 646 32332
14722 39 1961
15061 202 10117
14328 23 1172
15113 62 3111
15383 250 12534
18238 176 8821
18677 222 11137
15115 20 1018
14223 14 746
17336 16 832
16835 38 1930
14149 30 1550
14642 117 5874
14611 110 5517
14940 51 2587
18010 101 5082
14379 28 1410
14377 113 5691
18748 153 7665
17766 33 1698
18249 7 383
14149 127 6373
16442 57 2863
18756 111 5556
16825 74 3708
14162 74 3729
14795 55 2751
16867 271 13553
14556 135 6786
15328 177 8864
16058 22 1143
16341 269 13491
16432 13 698
17603 26 1321
18009 35 1772
15273 178 8927
18874 194 9713
17517 316 15823
18928 96 4849
17383 78 3939
17535 70 3510
18605 38 1922
15469 318 15934
14269 140 7048
14450 278 13928
17590 1 67
14277 125 6300
17237 55 2784
17116 0 19
16526 68 3416
14377 107 5371
14319 24 1235
17494 48 2448
18665 209 10467
18933 370 18524
17055 428 21448
15383 289 14479
16344 54 2723
14546 112 5615
15923 388 19447
14592 45 2273
14746 108 5443
15446 39 1951
17972 164 8214
17394 2 106
16355 47 2394
16319 24 1206
16526 48 2440
17494 155 7756
17371 149 7465
15251 94 4702
18931 62 3112
17834 5 267
18244 109 5466
14542 284 14215
15254 60 3027
14970 13 655
17333 117 5892
17237 235 11770
17791 13 662
16047 13 679
18244 24 1210
14575 83 4169
16526 68 3412
18922 343 17174
17973 22 1144
16319 21 1067
18907 102 5146
16172 396 19816
14369 45 2262
16798 67 3388
14379 210 10527
15927 178 8911
14146 56 2848
14795 55 2751
18947 309 15473
18527 360 18031
15254 49 2494
15987 177 8876
14329 25 1253
18481 124 6205
18924 121 6065
14772 73 3655
15167 79 3998
17535 70 3510
17300 18 916
15457 76 3808
15234 6 338
15296 92 4605
17505 99 4976
15053 188 9432
15458 7 381
15529 119 5987
14902 213 10672
18651 64 3211
18955 136 6807
18923 644 32217
15103 129 6456
15167 141 7075
14277 38 1906
18048 408 20446
18947 313 15699
16119 525 26298
17260 30 1520
18953 328 16446
15234 43 2171
18922 418 20932
17237 235 11798
17561 212 10630
18779 32 1629
16835 27 1393
18044 522 26136
18219 154 7742
15264 162 8134
17339 43 2181
16063 92 4642
17270 81 4078
16845 143 7183
15529 48 2423
18048 365 18258
18031 88 4403
14886 75 3786
14886 55 2751
16101 56 2812
17875 421 21055
15774 449 22475
18603 184 9219
17394 117 5881
17339 43 2172
17791 30 1524
17177 68 3415
18024 345 17275
17177 37 1880
17662 27 1389
15927 178 8901
15115 20 1043
15014 207 10393
15103 218 10917
18619 120 6011
15894 87 4362
15966 150 7522
15970 193 9654
15876 72 3604
17462 11 586
16225 155 7757
18492 238 11938
17335 25 1290
16172 288 14422
16026 139 6969
15103 134 6720
14819 10 533
18001 11 567
16845 271 13582
16047 34 1705
17260 11 580
14409 176 8815
18028 229 11456
17955 243 12154
17053 42 2147
14281 88 4432
14190 72 3625
15673 53 2689
16979 1 77
17592 136 6840
14592 10 515
18924 0 44
16520 101 5088
16355 47 2363
17339 8 437
16555 69 3480
18929 281 14076
17423 8 425
17270 4 219
17671 168 8440
17237 493 24658
15464 234 11720
15254 50 2516
16893 11 582
16344 20 1032
16845 143 7176
16265 16 813
17383 461 23092
14146 56 2848
18011 35 1755
16095 251 12593
14611 162 8118
14390 72 3630
14363 220 11020
15403 95 4784
17333 51 2565
14722 63 3174
14774 160 8036
17312 115 5791
14157 193 9677
16058 26 1340
16298 17 881
16118 225 11300
14774 241 12091
15774 449 22451
17851 259 12963
15966 443 22199
18034 65 3297
18929 220 11019
14319 13 690
15113 0 31
18860 116 5825
17055 93 4693
16431 196 9841
17484 274 13717
16506 161 8066
17505 27 1387
17423 9 453
18499 334 16712
15115 153 7694
17337 45 2257
18492 223 11161
18048 408 20446
18007 70 3546
17383 23 1154
14270 8 409
14886 55 2787
17415 77 3881
18603 184 9229
14335 211 10574
14721 2 150
15910 229 11491
16497 8 427
15794 59 2995
18238 218 10907
17955 275 13780
17505 52 2644
15987 370 18517
17178 40 2049
18665 11 598
15391 44 2213
18712 182 9142
15154 123 6200
18631 316 15839
17270 61 3074
14903 79 3984
14824 305 15263
15965 269 13478
18005 77 3887
16867 271 13553
16497 45 2268
14921 7 360
18701 220 11025
18764 48 2405
18010 101 5073
18011 39 1980
14549 210 10529
15940 214 10717
14575 23 1179
14269 41 2085
15464 160 8009
14702 33 1662
15103 89 4485
17343 26 1344
14886 55 2751
14450 72 3640
14157 93 4678
16798 67 3388
15973 120 6033
18779 551 27562
17481 29 1455
18605 38 1909
16458 37 1881
17494 12 627
14886 129 6488
17239 128 6433
14143 41 2074
16798 19 951
14664 151 7596
17053 42 2119
18011 33 1679
18732 509 25473
15469 324 16247
14269 65 3269
15987 233 11666
18651 75 3759
18765 291 14575
14431 17 879
18463 273 13691
15917 353 17675
15591 28 1414
14436 160 8006
17955 259 12991
16150 103 5161
14154 197 9894
14798 2 125
17462 12 613
14664 151 7596
17313 70 3532
14632 57 2852
16286 548 27438
17481 29 1455
18258 124 6213
17260 11 560
17847 15 777
14157 78 3928
16836 51 2571
14149 0 25
18516 202 10117
14948 279 13957
15296 231 11592
17517 316 15827
18516 202 10117
14956 310 15536
15917 102 5132
16186 124 6210
14623 88 4419
15965 290 14504
14117 24 1247
18040 86 4320
17696 166 8301
15987 233 11666
18527 360 18003
15529 119 5966
17339 199 9967
18219 58 2904
16341 269 13491
14886 105 5289
15251 82 4106
17866 60 3016
17776 5 252
18049 45 2262
15457 70 3527
16783 45 2286
18010 101 5069
17237 235 11770
16520 101 5065
14269 41 2069
14548 168 8442
14269 154 7713
17033 49 2500
16073 171 8573
17573 77 3867
18481 113 5670
14277 125 6300
14805 52 2614
16893 11 582
18662 7 356
16485 30 1509
15989 500 25017
18732 509 25473
15053 23 1159
14409 199 9960
17834 52 2642
18756 12 602
15970 198 9932
18514 80 4009
14970 86 4325
15053 48 2447
17327 101 5060
17462 19 959
15403 95 4784
14768 176 8808
15923 192 9645
18024 364 18205
14764 105 5292
16219 37 1898
15425 122 6104
17990 405 20289
15923 155 7791
16118 96 4849
15430 41 2095
17633 74 3746
18632 156 7808
18007 70 3529
15413 54 2736
17671 168 8437
16410 159 7994
18732 254 12740
16889 253 12670
14223 55 2793
17339 127 6352
17603 26 1307
16058 29 1470
18258 126 6302
17990 428 21415
18514 330 16501
14446 22 1110
16874 99 4980
18039 46 2330
17696 180 9033
15098 66 3342
14139 258 12913
16832 1 98
15828 421 21068
14721 2 150
15511 202 10105
18005 23 1164
18010 81 4067
18955 228 11450
18010 101 5066
15862 318 15925
17267 81 4094
17861 381 19083
14338 163 8171
18466 60 3047
15462 25 1263
15774 111 5554
14450 278 13931
18741 15 774
18481 113 5673
14427 264 13229
14450 229 11473
17661 84 4233
16101 71 3565
17419 47 2378
14921 7 360
14306 137 6851
15923 310 15527
17371 29 1471
14369 141 7099
14610 168 8421
14736 213 10657
14817 82 4103
17504 11 581
16209 215 10778
14623 288 14404
15074 56 2829
15413 50 2533
17322 35 1791
14281 88 4401
16051 206 10349
14527 95 4800
18665 25 1282
14975 93 4682
17875 330 16515
15917 353 17659
15941 66 3336
15322 54 2746
18516 202 10117
16144 77 3860
18924 7 374
17053 110 5517
18045 49 2459
17208 254 12740
17493 30 1544
14774 112 5603
16041 237 11874
14190 18 923
15909 214 10717
17620 95 4769
14410 274 13728
14218 61 3095
16058 29 1496
14356 177 8852
16921 175 8755
15294 66 3306
16867 155 7786
18481 38 1948
17338 86 4309
14673 40 2005
18764 32 1614
14970 68 3428
17504 25 1258
15801 79 3994
17978 278 13943
16458 37 1877
18024 62 3148
14458 46 2320
15297 135 6773
15965 125 6264
18756 125 6292
14202 121 6099
15403 174 8731
15846 116 5833
14623 17 869
14772 236 11840
14286 5 254
17636 5 251
18874 128 6442
15909 63 3158
15251 108 5426
18009 22 1106
18644 219 11000
16965 322 16141
15442 171 8593
15894 87 4384
17636 35 1796
16319 21 1059
17371 55 2779
14641 6 340
14355 9 459
14546 151 7561
14575 83 4169
14664 240 12023
14546 112 5615
16205 493 24698
17696 17 881
16051 206 10345
14771 60 3010
18644 124 6238
15403 81 4064
17834 63 3181
14306 180 9028
15236 65 3285
17578 6 317
16144 77 3880
15154 43 2186
16227 33 1691
17620 199 9977
15640 48 2449
15286 201 10090
14436 80 4043
16526 43 2178
18630 52 2649
14446 17 876
16878 158 7921
15794 102 5114
14425 175 8792
16075 314 15733
14319 2 135
14771 60 3010
14527 76 3845
14707 30 1526
16118 96 4849
14623 88 4419
18874 199 9975
18756 19 996
16497 20 1023
18779 301 15084
15861 38 1917
17874 20 1020
16205 239 11954
16286 548 27438
15328 62 3121
15099 36 1840
14319 22 1136
18779 541 27065
17972 246 12337
14721 67 3390
14218 200 10017
14749 61 3087
14527 10 520
17371 465 23267
17503 163 8169
16581 178 8944
16835 187 9359
17095 97 4861
16697 122 6110
16205 239 11954
17482 139 6969
18028 229 11460
17335 46 2321
14940 121 6098
