12073 54 2713
10704 170 8515
13641 16 838
12565 92 4648
9281 192 9642
8899 291 14571
9277 43 2191
10902 8 438
11723 263 13161
8927 139 6983
9338 128 6421
11915 168 8418
11973 165 8268
9586 249 12464
11290 222 11133
13678 202 10114
11926 68 3441
10561 144 7228
9590 439 21983
10888 251 12576
11091 256 12846
8764 277 13892
9603 13 664
11872 79 3979
13643 81 4075
10529 174 8713
9637 251 12597
12139 105 5288
11618 66 3316
10958 15 772
11895 141 7085
11297 73 3694
8936 276 13809
9679 110 5516
8777 20 1042
11628 188 9415
9467 134 6738
13520 103 5184
11921 183 9178
9525 235 11768
10453 19 995
8750 42 2138
9503 181 9094
10845 189 9473
12116 19 951
10790 34 1727
10655 10 534
11766 51 2600
9080 0 39
13565 74 3709
12431 116 5850
9559 195 9785
9313 12 636
11848 245 12277
11545 254 12731
9022 59 2988
10603 6 326
12041 24 1215
11791 197 9883
11766 295 14791
9500 130 6508
8427 257 12877
11279 54 2735
13662 104 5225
10898 105 5293
11520 31 1592
8537 245 12283
8899 291 14571
10928 132 6640
12543 276 13839
12011 11 564
9583 226 11329
10660 215 10761
13629 206 10348
11802 33 1692
8724 20 1007
9040 99 4956
12431 137 6882
10449 131 6556
13565 74 3709
12041 87 4396
9529 128 6401
9615 39 1959
9049 1 56
12020 85 4274
10656 63 3157
9277 43 2191
9467 133 6658
10704 272 13618
12486 60 3032
12431 137 6885
12517 200 10018
13689 47 2367
11878 184 9211
9637 252 12639
9529 2 135
11630 165 8261
10704 272 13646
12146 29 1454
11851 67 3385
8860 87 4381
12091 147 7362
8860 87 4381
10743 307 15394
11005 56 2801
12083 294 14749
11815 191 9580
9273 24 1209
11726 244 12213
11884 144 7203
9095 357 17899
9307 254 12741
12110 227 11366
8514 102 5135
11998 269 13488
8666 35 1761
10905 77 3876
8905 237 11899
10951 2 150
11842 26 1301
13463 30 1517
8996 307 15359
8445 28 1435
13643 158 7906
9316 30 1510
8616 84 4211
13476 59 2990
9501 104 5213
12431 186 9339
9567 291 14588
11938 39 1987
10687 91 4565
8771 243 12186
12016 233 11675
12111 13 693
9095 357 17899
9494 345 17296
8935 192 9612
10931 222 11128
9403 2 144
11116 114 5749
11793 31 1587
9447 14 723
10798 72 3620
10613 119 5962
11578 34 1703
8682 4 235
11727 2 144
11090 63 3195
12069 110 5536
10762 132 6609
12420 113 5681
11687 120 6047
10931 222 11128
8455 25 1262
8919 136 6850
9590 439 21983
12380 164 8201
9668 34 1712
9277 83 4197
11073 30 1505
12071 288 14440
9435 90 4539
11765 288 14439
8616 84 4211
9095 229 11463
9080 3 173
10798 78 3901
10856 81 4069
10436 302 15129
8919 126 6331
11906 291 14590
8971 4 228
9300 104 5206
12561 23 1182
8750 177 8882
10453 21 1077
11080 72 3605
12561 96 4835
10672 84 4202
11841 10 528
9503 118 5929
12545 28 1414
9300 104 5206
9533 206 10314
11989 39 1967
11720 114 5722
12045 65 3266
8682 4 235
10382 26 1345
9583 360 18047
8406 88 4408
9650 70 3533
10625 104 5208
9321 148 7438
11072 100 5006
12091 181 9060
8935 338 16938
12052 44 2248
11742 105 5258
8927 139 6983
9403 3 184
10580 29 1458
8724 20 1007
8434 0 29
12497 11 575
11071 266 13301
9575 18 922
11618 66 3301
8771 133 6662
13476 59 2990
9209 23 1193
8427 258 12918
10958 16 805
9458 42 2130
12380 124 6209
11605 218 10935
9002 127 6366
11071 36 1842
11582 11 552
9704 345 17266
12020 85 4274
12545 129 6499
10590 16 847
8919 125 6256
11282 6 307
9290 106 5338
10603 6 302
9617 252 12638
9653 19 992
10371 37 1889
11926 24 1219
12431 137 6882
10625 31 1583
10704 272 13618
9239 24 1218
12364 132 6624
13696 12 624
9369 31 1583
9080 2 147
11751 115 5781
9435 90 4540
9028 43 2186
11803 125 6279
11938 39 1963
9035 51 2571
10592 44 2231
10719 168 8435
13580 164 8243
11630 165 8261
10523 173 8660
9308 63 3195
12110 95 4772
9435 90 4540
13696 12 630
12045 13 697
9677 159 7956
9277 81 4072
9603 13 664
10884 293 14699
8735 131 6568
10672 84 4202
9273 25 1292
11851 67 3385
13474 69 3475
8444 9 466
8529 206 10305
8905 237 11899
12020 85 4274
12095 72 3611
10625 104 5208
10951 4 227
13480 30 1521
13480 86 4328
9321 148 7438
9289 155 7753
9512 210 10542
8627 8 401
11793 204 10244
8672 14 717
10660 89 4484
8468 104 5210
9437 184 9203
8433 186 9314
11664 86 4339
12020 0 12
9653 40 2008
9369 31 1583
10448 219 10964
13619 22 1149
9039 25 1268
11071 28 1431
8471 296 14843
9525 230 11534
11762 306 15332
12025 72 3626
11589 126 6342
9612 8 410
12145 46 2350
10625 118 5935
8566 44 2217
10921 114 5750
8876 110 5519
12073 54 2713
11112 242 12143
13678 202 10114
12020 0 12
11756 226 11307
12431 137 6885
11527 17 892
11896 8 424
13629 206 10316
10758 13 662
9617 250 12550
10530 155 7799
11527 127 6359
9434 334 16709
12083 310 15509
10590 16 847
12539 40 2036
10625 32 1626
11094 217 10885
12459 60 3017
8406 86 4307
13616 198 9933
9479 247 12379
9201 168 8412
11127 20 1041
13661 190 9508
10894 89 4481
11727 67 3359
12364 132 6619
12032 35 1797
11915 168 8418
10660 89 4484
10432 173 8689
11071 28 1403
10898 107 5389
11878 129 6467
11912 116 5844
12066 83 4153
8971 4 228
8735 131 6568
9041 155 7796
10656 63 3157
10525 6 321
10761 137 6900
9338 128 6421
8471 296 14843
13460 56 2807
9767 29 1469
9273 189 9500
11296 40 2023
12392 90 4524
13689 47 2367
10613 118 5907
9392 41 2084
10613 118 5907
10471 131 6567
9007 93 4680
9704 103 5170
9494 345 17279
10921 114 5750
8764 277 13892
11878 184 9211
10790 143 7183
12056 339 16968
10803 238 11929
9704 84 4208
9033 84 4209
9002 127 6366
11791 197 9867
13538 9 472
12029 35 1780
12083 294 14749
10711 103 5171
11802 33 1692
10719 168 8435
12061 288 14416
12389 59 2981
11872 54 2713
12545 129 6467
9297 28 1412
10530 285 14288
11039 156 7849
13453 9 452
8427 257 12877
9395 220 11019
11296 40 2023
12071 315 15771
9349 151 7556
10525 9 469
12083 288 14434
12083 288 14434
11720 114 5722
8893 54 2714
9362 75 3752
9308 63 3166
10625 31 1583
9281 195 9790
11833 155 7792
8738 270 13512
9447 14 723
10693 37 1861
9239 48 2444
13661 190 9508
8958 161 8085
10529 174 8739
9033 86 4346
11947 55 2797
12497 11 575
10858 8 410
8751 112 5636
12052 23 1183
8455 25 1262
8996 307 15359
11912 20 1043
10648 125 6277
12111 13 684
8996 307 15359
9575 16 808
9467 133 6658
10448 219 10964
13507 11 589
9494 345 17279
9575 18 922
11582 11 552
9649 146 7302
9744 27 1375
12543 17 867
9273 25 1292
9030 70 3540
10951 4 227
13505 19 955
10561 133 6699
8959 121 6086
11112 242 12143
12000 107 5380
10803 238 11929
12001 9 469
13463 30 1521
9095 229 11463
9467 133 6658
11791 197 9883
10439 189 9488
11844 109 5462
10448 147 7353
11606 1 94
9446 106 5320
12106 3 195
9080 2 147
9395 220 11019
10432 153 7673
12565 267 13385
9512 384 19202
11963 374 18707
9725 36 1816
10445 312 15644
10648 123 6171
10432 198 9909
12071 315 15771
8817 55 2774
10888 33 1670
9269 29 1466
13693 27 1383
12565 92 4630
12145 54 2725
8445 28 1435
9367 105 5288
11628 248 12438
9440 103 5188
11727 67 3359
8919 137 6853
10578 32 1639
9316 27 1361
13463 30 1521
8771 282 14150
8971 79 3969
12116 15 798
12004 27 1358
9369 31 1585
11609 197 9861
9653 19 977
8971 4 228
9285 130 6549
12070 294 14727
12516 24 1239
11624 31 1559
10995 17 883
11756 226 11307
10798 72 3620
11935 251 12553
8936 273 13675
9277 81 4063
11609 197 9861
11906 252 12626
11996 19 953
9068 236 11823
10479 30 1501
12091 147 7362
10995 17 883
8971 79 3989
10493 24 1241
9459 59 2974
12106 3 163
9499 445 22286
9039 25 1268
9407 307 15373
9065 8 442
12145 167 8363
12029 35 1793
8996 66 3345
9297 160 8045
12145 52 2648
12073 54 2716
12454 441 22095
9545 307 15391
9503 181 9094
12041 87 4396
9499 25 1291
12495 241 12052
12004 200 10014
13474 51 2597
11707 72 3628
9065 8 446
11926 68 3441
13507 11 596
8771 133 6662
9500 358 17921
11915 168 8418
11065 174 8722
12545 90 4511
9685 49 2494
11537 315 15765
10842 43 2175
13689 47 2367
9653 38 1935
10502 157 7868
10769 41 2086
9090 47 2375
10529 174 8713
11578 34 1703
11977 175 8771
9362 249 12490
12011 11 565
10647 107 5392
10493 24 1241
9545 243 12165
8958 161 8081
9677 160 8029
11630 54 2715
11947 55 2797
11998 345 17285
12083 288 14434
9617 174 8713
10551 147 7391
13536 114 5750
12406 1 74
10725 182 9107
12145 167 8363
10493 24 1241
9065 5 291
10725 182 9107
11802 33 1692
9479 245 12294
10439 110 5547
10870 63 3176
11848 245 12277
10523 173 8660
11094 217 10885
9226 343 17171
12073 146 7316
8406 134 6733
10648 191 9573
11072 6 335
11290 222 11133
13647 42 2102
11921 183 9168
13480 30 1541
11083 171 8580
12001 68 3443
10870 62 3146
10471 98 4924
11543 70 3544
11543 70 3544
12554 107 5364
10502 156 7811
9281 97 4891
11872 267 13399
12535 11 563
9362 75 3752
8467 124 6243
9467 133 6658
8708 11 585
12459 38 1924
11520 153 7690
10389 29 1460
12431 53 2652
8433 183 9197
12045 13 697
12004 27 1358
12451 52 2630
11998 345 17284
9586 249 12486
9026 26 1335
13693 27 1383
8750 177 8867
10921 172 8618
10656 58 2901
13536 114 5750
12565 92 4648
12020 0 12
10530 155 7799
9435 90 4539
10857 88 4410
10741 45 2275
8433 186 9314
9583 233 11674
12504 57 2881
8935 338 16938
11977 175 8762
9653 19 992
11813 167 8391
12420 97 4867
10773 116 5832
8882 83 4186
8860 87 4381
13618 73 3679
11005 56 2801
8446 246 12305
9374 38 1920
9392 42 2136
12032 35 1797
11872 234 11729
10613 119 5962
12011 11 565
11609 197 9861
