7023 930 46544
7004 1299 64987
5445 8 446
7008 1110 55512
6401 13 695
6620 149 7453
7020 1762 88125
7707 7 385
7023 1781 89073
7049 696 34844
7004 1299 64973
7019 466 23313
7025 435 21763
6826 47 2355
7010 19 985
7025 435 21762
7001 511 25598
7049 399 19979
7023 1934 96748
6573 29 1460
7017 1004 50212
7004 1624 81232
7006 486 24334
6632 55 2780
7048 81 4056
7003 852 42640
7054 1441 72084
7046 102 5122
7012 990 49518
5586 91 4599
6170 30 1507
5459 4 215
5448 10 546
7003 749 37479
7004 1208 60434
7016 41 2067
6423 75 3771
6366 75 3764
7020 1612 80649
7023 1286 64313
7023 1068 53403
7014 144 7211
7049 2025 101261
7012 19 991
6751 32 1633
7017 1591 79592
7020 1903 95175
7003 336 16827
7026 176 8844
7003 643 32186
7054 1159 57992
6826 47 2395
7054 1778 88901
7001 542 27119
7017 1591 79563
7014 990 49509
7145 12 630
7026 176 8821
7023 1671 83572
7049 1161 58068
7357 47 2379
6080 98 4945
5339 90 4546
6795 7 381
7017 1232 61623
6366 17 855
7023 1549 77455
7004 1340 67007
5586 90 4534
7003 852 42638
7020 1725 86253
7018 975 48768
7019 210 10510
6572 175 8800
7004 253 12689
6689 34 1716
6756 44 2225
7020 1725 86271
7004 206 10322
6653 125 6295
7001 228 11435
7017 440 22008
6050 0 42
7021 348 17404
7026 654 32749
6340 169 8468
7054 791 39597
7001 1144 57247
7017 1459 72961
6420 43 2158
7019 91 4560
7017 1536 76846
6934 19 976
6934 15 786
7021 563 28151
7055 354 17732
6050 7 399
7017 1458 72922
7025 385 19267
7004 1660 83008
7026 381 19081
7023 620 31042
7054 1273 63658
5608 2 147
7003 43 2199
7014 1062 53140
7001 700 35008
7008 72 3638
7019 445 22275
5977 200 10007
7017 225 11270
6441 58 2946
6366 76 3832
7017 955 47756
7021 748 37440
6829 128 6438
7008 1110 55512
7006 337 16856
6548 0 10
7008 1051 52580
6632 55 2784
7008 589 29466
6749 44 2230
7001 26 1348
7023 930 46544
7008 1393 69652
7054 875 43756
7021 18 903
7025 445 22259
6090 78 3929
7010 651 32556
7017 331 16565
7011 302 15122
7010 89 4478
6829 129 6485
7025 88 4407
6918 64 3214
7026 634 31723
6340 176 8809
7003 1413 70663
6426 24 1242
7010 710 35545
7023 1068 53436
7021 295 14796
7003 1044 52228
7017 1002 50135
5557 99 4971
6548 0 1
5947 158 7909
7006 337 16866
6696 0 31
6765 211 10557
7010 1562 78108
7021 773 38660
7017 955 47782
6483 9 466
7023 50 2521
7012 1141 57097
7001 866 43326
7010 1421 71056
7008 146 7327
6140 35 1766
7008 1387 69373
5441 90 4542
7565 73 3652
5169 42 2143
7001 998 49932
7049 1222 61104
7003 1050 52532
7012 529 26465
5370 54 2707
7001 823 41172
7017 824 41206
6650 19 959
7003 551 27578
5169 35 1766
7001 379 18974
7054 598 29932
7012 1275 63793
7026 654 32735
7004 253 12681
7017 474 23704
7025 203 10177
7019 213 10656
5557 20 1003
7019 445 22278
6697 94 4711
7021 579 29000
6827 109 5452
6955 208 10433
6751 28 1405
7513 76 3829
6991 69 3458
7013 185 9268
7018 863 43158
5013 5 299
6756 47 2357
6881 105 5280
7017 299 14963
7014 205 10297
5216 52 2603
7054 239 11963
6936 157 7861
7008 102 5104
7407 7 380
7054 1576 78817
6030 9 471
7003 1032 51646
7026 133 6686
7017 1119 55983
4983 6 322
7004 654 32738
5515 62 3139
7019 466 23308
7049 1750 87538
7001 1134 56725
7020 1824 91240
7055 174 8739
6756 42 2138
6951 23 1181
5106 181 9069
7026 448 22418
7017 1458 72915
5564 189 9485
6548 0 39
7012 708 35444
7020 1612 80631
7055 739 36968
6340 170 8528
7010 84 4212
7004 527 26400
7055 690 34520
7021 32 1627
6211 206 10349
7054 1480 74050
7016 152 7624
7017 994 49722
7020 1929 96473
7282 34 1714
7008 746 37322
6923 36 1830
6319 30 1512
7019 91 4560
7004 1525 76251
7006 471 23592
7016 106 5330
5204 158 7901
7012 781 39100
6211 206 10331
7012 1035 51777
7023 1249 62475
7049 1469 73461
7006 486 24310
5169 34 1742
6632 55 2780
7046 41 2053
7020 1580 79030
7017 331 16598
7051 67 3390
7010 610 30513
7023 1675 83769
7001 264 13215
7010 89 4470
6078 1 65
7003 1743 87167
7017 1119 55993
7020 1725 86294
7020 755 37774
5169 37 1869
7018 975 48768
7055 354 17742
7020 312 15618
7004 309 15497
7023 77 3876
6951 29 1479
7019 213 10656
7055 230 11509
6664 118 5923
5497 107 5364
7012 1006 50313
7003 1449 72498
7001 1101 55063
6334 10 545
7008 885 44253
7003 924 46248
5536 13 692
7001 732 36620
7049 399 20000
7020 1797 89868
7022 126 6345
7013 206 10328
7023 1937 96887
7001 682 34109
7010 1421 71088
6324 93 4661
7003 1437 71895
6036 32 1613
5019 108 5434
7055 175 8759
7003 1032 51626
7054 912 45618
7010 220 11028
7019 580 29045
7020 383 19160
7054 1944 97215
7001 264 13240
7008 1029 51465
6288 175 8764
6548 0 37
7003 456 22838
7001 977 48891
7006 211 10576
7019 373 18676
7023 1549 77466
7003 456 22838
7023 1579 78994
7003 784 39228
7020 950 47548
7019 445 22251
6078 9 474
7025 385 19285
7012 302 15129
7018 363 18198
7008 890 44533
7023 1899 94952
7049 679 33954
7010 1270 63516
7010 651 32561
6837 8 418
7020 1669 83478
7021 750 37534
7017 905 45276
6548 61 3079
6779 27 1359
7012 1054 52727
7016 165 8294
7012 288 14410
5458 159 7969
7023 1579 78957
7048 27 1393
6589 110 5525
7017 1459 72979
7049 1750 87501
7023 1675 83782
7013 206 10328
7017 1723 86178
7004 1121 56075
7020 207 10367
7017 474 23726
7008 1110 55530
6968 1 59
6319 47 2372
7054 1250 62543
7003 43 2183
7017 875 43800
7046 35 1793
7013 238 11929
5042 46 2301
7001 542 27135
7003 1413 70663
7055 457 22891
7054 348 17433
6687 196 9824
7012 442 22150
7055 174 8747
7049 1750 87506
7012 1061 53058
7003 700 35008
6211 70 3543
7003 1318 65928
7012 1659 82973
7003 228 11423
7020 1349 67451
6918 37 1859
7010 1562 78148
7001 480 24021
7001 376 18840
7017 828 41401
7012 1061 53100
7023 569 28457
7004 1340 67013
7055 43 2196
6059 49 2498
6923 33 1678
7004 347 17372
7004 1319 66000
7055 457 22885
6751 26 1348
5557 24 1211
6528 11 553
7019 157 7896
5586 84 4247
7021 32 1626
7006 308 15419
7021 750 37517
7020 312 15629
7003 1339 66991
7010 343 17198
7004 1340 67018
7014 1331 66563
5966 49 2500
7049 696 34837
7001 1101 55077
7010 48 2407
7020 1852 92603
7003 1387 69385
6628 42 2104
7010 610 30540
7006 85 4282
7008 633 31683
7504 145 7275
6981 66 3316
7012 1126 56336
7021 378 18912
7017 359 17966
7049 270 13538
7023 1378 68907
7020 1797 89879
5459 175 8770
7047 110 5530
7006 324 16246
6616 25 1287
7023 654 32710
7006 337 16856
7020 1903 95171
7025 385 19274
7017 681 34086
7020 1135 56753
5459 9 488
7017 448 22413
7010 138 6929
7049 679 33995
6614 110 5504
7049 1934 96741
6527 104 5230
6021 180 9003
7021 579 28972
6100 13 673
7020 1725 86264
6359 9 460
6765 212 10610
7011 302 15140
7012 997 49882
6827 108 5440
7003 31 1561
6687 194 9739
7054 1159 57961
6952 96 4821
6696 9 486
7020 1827 91360
7055 406 20304
5229 9 490
7049 46 2340
7014 429 21498
7018 41 2094
7054 400 20021
7020 312 15618
7001 480 24035
6359 0 9
7017 522 26104
7003 480 24030
5547 70 3549
6382 191 9579
5331 136 6830
5441 3 192
7018 41 2089
7004 1121 56069
5608 11 586
6503 58 2913
7003 123 6168
7017 1119 55951
7049 1161 58068
7049 1744 87213
6663 23 1174
7003 1375 68785
7054 1273 63699
7003 932 46629
6507 46 2332
6407 91 4571
7055 490 24526
7004 1340 67018
7020 1669 83495
6683 17 870
7001 566 28311
7018 147 7396
7008 1393 69653
6379 31 1573
7014 1728 86442
6503 62 3140
7049 1366 68311
5340 91 4558
7008 1010 50524
7504 20 1031
7017 448 22447
7055 256 12809
6140 28 1410
7018 570 28522
7049 988 49449
7004 1340 67007
7010 1545 77293
7001 353 17697
7012 1126 56321
7019 213 10680
7017 828 41416
7014 1260 63024
7004 1624 81205
7049 696 34822
7049 1672 83604
7054 791 39574
7049 1927 96372
7003 336 16806
7001 26 1327
7003 1413 70664
7047 110 5532
7048 99 4979
7001 1025 51289
7019 578 28936
7014 1411 70595
7054 1888 94450
7049 732 36611
7020 43 2162
7017 994 49737
7054 320 16019
7010 19 973
7046 18 948
7016 211 10556
7011 302 15120
6503 60 3049
7004 1622 81147
7001 480 24009
7021 750 37515
7026 133 6651
6407 95 4799
7010 1447 72382
6689 36 1811
5921 16 829
7003 932 46615
7003 852 42649
7019 206 10317
7004 184 9226
7049 696 34806
7054 1728 86432
7008 1078 53933
7400 140 7010
7004 1023 51167
6483 7 373
7048 125 6267
7012 781 39062
5013 3 164
7018 481 24093
7048 81 4061
6930 20 1022
7018 863 43187
7023 510 25524
7006 324 16235
7020 1903 95191
7014 1214 60718
7012 1054 52715
7391 360 18003
7001 353 17688
7004 1208 60434
6859 144 7202
7023 1286 64331
7003 214 10730
7010 369 18464
6030 6 342
6362 83 4166
7003 1044 52237
7004 1660 83009
7054 1269 63476
7048 125 6298
7001 1134 56744
6829 126 6340
6426 22 1136
7008 1393 69677
7054 755 37798
7008 885 44284
7003 1317 65873
7012 1290 64524
7013 40 2041
7001 379 18974
6968 0 39
7004 1278 63950
6882 194 9706
5380 2 126
7049 822 41113
6340 168 8415
7010 1447 72371
6650 19 985
7055 690 34507
5487 51 2581
7017 47 2377
7054 1273 63666
7049 614 30718
7049 46 2323
7006 486 24341
7026 381 19052
7012 1659 82973
7736 15 790
7372 75 3770
7020 1156 57833
6090 35 1769
6090 39 1971
6779 28 1413
7025 295 14777
7003 400 20043
7023 1675 83791
7012 892 44619
7017 419 20990
6696 0 31
7003 232 11647
7012 1065 53297
7003 1346 67328
6615 168 8402
7023 1549 77479
6211 66 3347
7003 400 20014
7021 557 27870
6078 9 474
7020 1884 94230
7021 404 20204
7021 782 39108
7023 1579 78985
5154 118 5933
6765 212 10610
7012 529 26463
7026 654 32735
7055 739 36994
7014 1214 60728
7054 1441 72077
7026 108 5425
6959 122 6146
6571 68 3421
7003 80 4033
7017 1002 50135
7054 1290 64523
7006 604 30218
6211 69 3457
7014 150 7527
7003 1375 68754
7008 102 5106
7026 381 19070
7014 1623 81152
7018 147 7379
6837 5 289
7014 53 2671
6666 13 679
7055 174 8723
7010 1421 71094
7017 939 46961
5401 33 1653
7017 1119 55955
6572 59 2971
7014 763 38168
6663 41 2082
7012 442 22119
7008 885 44262
6616 23 1186
7724 144 7245
7023 804 40219
7049 1627 81386
6663 17 861
7048 99 4958
7055 629 31492
7049 1967 98364
7021 748 37436
7023 1068 53436
7012 1275 63775
6036 54 2736
7010 166 8336
7006 558 27915
7054 1710 85542
7012 302 15117
7049 596 29829
6879 208 10424
7004 1138 56913
7003 1044 52228
7055 256 12848
6882 195 9770
6444 38 1916
7003 1032 51639
7023 852 42640
7020 1117 55868
5487 51 2562
7049 270 13513
7010 1556 77848
7012 1065 53282
6031 101 5081
7012 302 15141
7049 177 8859
7055 684 34230
7003 400 20043
7049 822 41122
7020 927 46367
6881 97 4878
7018 178 8920
7010 369 18468
7003 643 32161
7054 1611 80599
7047 110 5530
6288 47 2357
7115 43 2163
7021 563 28161
6615 169 8453
7001 418 20922
7369 20 1039
7010 166 8341
7021 466 23332
6882 153 7689
6359 6 321
7023 1068 53447
6779 28 1413
7008 102 5105
6859 110 5512
7003 1304 65222
7010 19 978
7010 1270 63543
7014 205 10255
7003 400 20019
6756 44 2225
5339 96 4811
7019 91 4556
7054 1944 97220
7003 188 9439
7054 1159 57992
7021 750 37534
7048 99 4979
6078 9 474
5340 98 4935
7021 750 37542
7400 140 7010
7019 578 28912
7013 40 2029
6663 20 1035
7017 955 47771
7018 116 5833
5195 29 1472
7054 643 32172
7003 119 5953
7055 230 11524
6080 95 4754
7020 842 42147
6211 127 6384
7003 700 35047
7049 971 48556
7054 1888 94448
7014 1270 63502
6981 66 3317
7026 381 19065
7006 471 23582
7008 1321 66058
7023 1776 88803
7001 998 49932
7026 108 5401
7026 52 2606
7026 176 8819
7020 43 2168
7049 1744 87218
7023 1378 68941
6829 127 6397
6696 9 461
6548 2 114
6779 28 1413
7049 1744 87240
7020 1117 55859
7012 713 35666
7017 123 6171
6918 67 3397
7055 230 11502
7001 532 26633
6952 101 5061
6423 76 3802
7008 1387 69398
5557 20 1003
7012 529 26477
7001 264 13210
6589 100 5013
7055 205 10294
7046 41 2057
7004 901 45081
7008 280 14046
7302 81 4092
7001 144 7229
7020 1762 88103
7010 727 36398
7026 381 19065
7048 99 4957
7049 1934 96741
7049 154 7732
7046 111 5552
7049 1222 61150
7004 901 45085
6697 96 4810
6812 0 22
7047 109 5491
7017 828 41426
5519 148 7401
7017 474 23730
7003 1339 66976
5339 94 4731
7055 490 24537
7003 784 39228
7012 997 49882
6036 32 1613
6951 24 1219
7001 480 24037
7021 348 17443
7004 1299 65000
6572 57 2861
7010 246 12305
7006 85 4254
7003 1346 67301
6827 101 5100
7010 1562 78148
7026 700 35020
7021 404 20234
7055 684 34205
7054 537 26892
7012 1006 50321
7021 748 37413
7020 1797 89887
7049 807 40393
7054 643 32164
7654 10 530
6483 1 56
7008 146 7324
7023 556 27825
7003 1339 66999
6050 7 399
7016 106 5343
7054 1441 72088
6632 55 2780
7008 1244 62213
6507 47 2370
7014 326 16336
7023 50 2506
7003 700 35001
5036 19 989
6031 101 5081
5195 29 1472
7001 264 13207
7049 1934 96727
7014 308 15414
6199 75 3796
7018 570 28538
7020 383 19184
7017 875 43781
7012 324 16203
7023 654 32749
7135 71 3555
7013 154 7720
7282 27 1365
6503 61 3090
7008 1078 53924
7054 1778 88905
6036 31 1589
7010 1421 71088
5151 177 8859
7023 1068 53409
6916 123 6178
6882 211 10589
6628 42 2104
6696 5 282
7025 445 22274
7017 522 26125
6975 66 3347
7054 1157 57860
7003 852 42601
7003 1032 51620
7017 299 14998
6366 82 4140
7054 87 4392
7023 1068 53436
7010 89 4477
6960 166 8348
7006 486 24319
7021 18 911
5078 7 358
6968 2 120
7001 866 43325
7008 226 11306
7004 184 9226
5515 63 3164
5339 47 2368
7008 777 38889
7054 1944 97249
7019 31 1573
6420 43 2158
7017 1748 87429
6837 7 394
7023 362 18142
7054 1441 72077
6956 193 9677
7014 1623 81152
7017 225 11262
6801 154 7725
7001 1080 54012
7054 1871 93575
7026 448 22440
6021 182 9150
7023 1579 78983
5452 42 2102
7054 166 8340
7049 1161 58069
6102 38 1944
5154 118 5950
6527 109 5488
6975 71 3594
7010 1485 74266
5906 122 6145
7017 440 22035
7008 144 7201
5487 51 2562
7014 10 528
7010 166 8318
7018 631 31578
6912 204 10202
7012 288 14423
7019 437 21884
6027 4 248
7055 543 27179
7049 931 46553
6620 127 6397
7020 504 25207
7001 324 16201
7054 400 20024
7021 761 38090
5185 78 3938
7019 118 5939
6812 8 430
6107 21 1097
7054 2010 100541
7014 1270 63537
7025 250 12529
7049 2025 101296
7046 95 4794
6319 46 2328
5586 84 4207
7026 518 25949
7008 1464 73236
7010 441 22063
7006 337 16894
7017 362 18125
7049 924 46203
7013 187 9374
6173 34 1749
7021 692 34629
7054 537 26892
7026 774 38728
7001 144 7229
7003 228 11408
7026 425 21276
7013 40 2009
6751 23 1161
7025 609 30487
7008 144 7227
6826 47 2395
7010 1549 77492
6031 219 10994
7012 246 12320
7049 988 49449
7049 700 35049
5013 5 299
7014 653 32689
7021 466 23314
7008 833 41661
6444 38 1940
7012 1485 74292
7055 690 34518
7054 1177 58883
7707 7 385
7003 1318 65928
7049 696 34806
6826 44 2247
7004 1278 63901
4983 48 2439
7003 1449 72458
5169 35 1766
7020 927 46400
5155 89 4500
7001 1134 56743
5036 25 1253
6359 3 199
7021 750 37544
6162 215 10756
7008 1110 55530
7001 264 13220
7026 654 32729
7017 1723 86198
7004 118 5913
7049 614 30718
7008 889 44456
7004 1319 65967
7010 1596 79802
6078 9 474
7017 1133 56670
7001 566 28307
7055 174 8713
7054 1646 82315
6826 49 2480
7001 153 7660
7003 123 6164
7026 52 2607
7054 400 20024
7023 805 40257
7021 750 37525
7004 1624 81205
7008 1110 55512
7021 456 22809
7006 324 16235
6749 44 2234
6697 104 5201
7006 558 27942
6795 6 342
7001 379 18970
7001 26 1348
6615 170 8541
7001 511 25561
7023 654 32737
7022 126 6327
6952 92 4613
7054 223 11176
7010 48 2407
6362 102 5109
7012 1275 63794
5157 100 5046
7012 1006 50313
7049 399 19980
5581 38 1924
7023 1795 89793
7055 739 36976
5608 5 293
6375 120 6006
6826 43 2194
7054 400 20003
7010 48 2407
7054 875 43796
7008 734 36743
6059 49 2498
7008 146 7330
7010 1447 72351
6340 174 8723
5013 22 1130
7049 177 8879
7003 775 38795
6319 46 2328
7001 866 43348
7017 299 14991
6324 90 4549
7014 205 10255
7026 634 31730
5229 4 221
7026 108 5429
5401 33 1652
7012 1447 72369
7020 755 37789
7017 875 43791
7019 437 21879
6689 29 1465
7023 1881 94099
7003 1437 71895
7025 295 14755
7018 743 37187
7012 1730 86504
7025 250 12501
7049 732 36644
6031 101 5073
6663 24 1211
7017 827 41355
6059 51 2551
6441 61 3070
7010 1366 68306
7021 348 17434
7049 822 41126
7025 385 19254
7013 238 11947
6663 18 901
7046 95 4760
7049 1161 58069
7023 1221 61068
7001 344 17201
7020 1725 86281
7003 80 4041
6036 30 1529
6918 37 1886
7023 362 18120
7010 651 32580
7046 22 1138
7021 234 11740
7020 1580 79026
7025 295 14800
7008 102 5116
6934 15 786
6689 36 1811
7003 1339 66997
7017 1748 87426
7001 228 11450
5340 92 4634
5077 20 1029
6548 1 63
6090 73 3687
7017 656 32840
7017 474 23716
7021 18 903
7026 448 22415
7001 210 10505
7054 400 20024
7014 515 25779
7001 1144 57240
7049 1744 87249
7001 26 1347
6794 22 1125
7026 33 1691
5019 108 5434
7001 144 7204
7054 1269 63500
6881 126 6309
7013 206 10343
7006 486 24341
7003 1375 68758
7021 466 23314
7003 228 11441
7023 337 16900
6785 21 1064
7049 385 19263
7003 123 6183
7018 570 28549
7023 654 32710
6366 79 3954
7003 1317 65897
5370 52 2622
5000 38 1937
7017 123 6173
7008 510 25515
6827 108 5428
7010 19 978
7004 1605 80291
7048 38 1944
7018 363 18191
7012 997 49881
6334 3 152
7010 84 4243
7020 972 48622
6340 173 8669
7004 347 17386
7011 302 15120
7047 48 2407
7017 1332 66643
7054 320 16011
7048 81 4071
7008 924 46204
7017 1458 72909
7055 43 2200
7017 47 2377
7008 1387 69373
7003 119 5978
7017 853 42693
7017 1002 50135
6162 216 10822
6036 54 2712
5154 124 6247
7018 602 30128
7010 220 11003
7010 1366 68304
6954 6 306
7019 578 28924
6340 175 8780
5497 102 5139
7017 1637 81874
7302 83 4166
7018 863 43158
6912 193 9700
7008 145 7294
7019 210 10502
7008 72 3627
7001 977 48856
7055 739 36968
7004 1275 63779
7020 417 20865
7020 346 17330
7019 479 23972
5996 27 1369
5339 47 2368
7003 1449 72465
7001 480 24022
7014 429 21492
7049 1967 98392
7048 125 6258
7017 681 34083
7017 994 49724
7003 1449 72458
5624 21 1055
5977 192 9644
7025 445 22257
5155 30 1517
7003 960 48031
7001 1134 56716
7054 1728 86436
7048 99 4951
7008 675 33795
6936 159 7964
7012 1006 50337
7020 383 19160
7054 1009 50466
7014 1260 63041
7012 1479 73971
7400 140 7007
6992 12 624
7023 1378 68921
7014 429 21458
6951 24 1219
7003 1437 71854
5169 35 1766
7055 717 35853
7003 1318 65902
7017 469 23453
7018 147 7386
7006 85 4296
7004 654 32701
7003 1050 52535
5029 168 8450
7017 79 3984
7004 118 5919
7020 331 16558
7008 1393 69653
7020 1903 95164
5891 152 7643
7020 1884 94201
7055 175 8776
7055 406 20304
7017 775 38759
7012 324 16203
7025 445 22273
7017 440 22026
7017 419 20955
7023 1795 89793
7012 708 35444
7014 662 33104
7014 1346 67350
7018 481 24088
6882 195 9786
6918 37 1862
7020 1852 92621
7001 1080 54030
6683 11 571
7055 354 17707
5586 147 7358
7003 363 18200
6340 174 8701
7012 1485 74277
7001 542 27111
7020 1669 83469
7020 755 37792
7046 35 1794
6751 29 1481
7026 52 2607
6036 54 2736
7021 378 18919
7019 31 1571
7001 866 43346
5891 141 7095
6043 173 8662
7004 1340 67009
7003 1318 65911
6548 0 41
6211 68 3405
7014 150 7527
7023 654 32749
5382 178 8909
7021 748 37441
6030 10 513
7001 480 24035
7010 1447 72376
7049 1934 96743
7010 1562 78141
7014 1121 56058
7004 1208 60427
6664 119 5989
6444 35 1791
7017 827 41374
5071 19 951
7003 480 24050
7021 471 23570
7025 609 30477
7012 1447 72369
6527 105 5292
7474 144 7221
7049 1934 96734
7003 875 43770
7004 1299 64987
7054 223 11194
7003 1044 52237
7021 748 37436
7003 1346 67316
5547 71 3552
7019 213 10656
5977 199 9957
7006 588 29438
6653 124 6225
7004 514 25730
7504 16 812
7004 527 26380
6340 168 8415
7003 119 5953
7010 52 2626
7020 1258 62945
7006 85 4296
7008 1244 62232
7049 988 49416
6423 74 3704
6322 43 2195
7055 490 24522
7019 219 10959
7018 631 31578
7026 654 32729
7003 784 39238
6837 3 188
6614 157 7876
5077 20 1042
7001 1025 51291
6170 37 1883
7016 196 9841
7003 1449 72474
7014 326 16344
6170 36 1842
6423 75 3771
6689 36 1811
6960 169 8462
7004 654 32738
6322 36 1812
7019 31 1573
7008 1393 69690
6031 216 10813
7012 288 14405
7054 166 8348
7046 35 1792
7048 27 1374
7014 990 49542
7055 256 12841
6795 7 363
7021 234 11716
6959 119 5974
7019 31 1554
7020 755 37776
7003 1050 52520
7049 46 2303
7003 1734 86728
7021 456 22819
5515 63 3164
7054 1728 86423
7020 1884 94201
7016 165 8282
7003 749 37498
7341 18 937
7018 863 43158
6211 206 10349
7049 679 33962
7020 950 47502
7017 225 11294
7669 113 5669
4957 148 7420
7004 1208 60427
7017 1133 56697
7023 1881 94051
6407 97 4891
7008 133 6697
7010 89 4478
7004 206 10312
7001 1080 54012
5216 22 1140
7049 807 40368
5608 11 556
7001 153 7685
6050 2 102
7049 399 19953
7001 511 25561
7019 373 18692
7014 10 533
5013 5 299
7026 728 36435
7020 927 46367
7049 177 8867
7021 579 28985
6656 39 1971
7004 1023 51160
7003 400 20043
7007 22 1136
7017 1119 55974
7016 165 8295
7016 23 1158
7026 700 35049
6078 14 708
5966 0 7
7014 212 10626
6616 24 1203
5155 89 4500
7054 320 16004
7001 144 7229
7049 1627 81388
7008 133 6674
6632 33 1657
7026 700 35044
7012 324 16236
6615 175 8754
7023 700 35050
6765 212 10639
7004 1208 60434
7003 1318 65928
7003 1318 65920
6548 0 6
6955 205 10261
7006 85 4289
7019 91 4597
7003 852 42630
7049 696 34822
7054 643 32162
6663 41 2097
7018 147 7386
7023 804 40225
7049 988 49447
6616 25 1287
7020 574 28716
7023 1378 68943
7019 580 29007
7003 1375 68777
7051 67 3371
6483 9 485
7016 152 7608
7055 490 24525
7014 1640 82005
5077 20 1026
7054 1157 57891
7026 531 26562
6751 24 1215
7049 1967 98375
7003 749 37499
7014 1623 81180
7010 513 25692
7682 16 817
7054 1157 57865
7010 19 973
7055 690 34536
5977 199 9957
7001 480 24019
7049 1222 61150
7004 1435 71784
7020 207 10369
5108 97 4884
7023 1934 96739
5229 6 338
6382 191 9571
7014 326 16314
5458 153 7698
6031 102 5136
7023 620 31003
7014 216 10834
7017 994 49723
7054 320 16006
7020 1762 88133
7021 750 37515
5921 16 829
6378 2 107
7047 48 2447
6632 55 2780
7017 522 26128
7001 210 10516
7004 729 36492
7010 1556 77848
7003 119 5988
7003 480 24015
5154 166 8309
7003 232 11616
7006 486 24334
6527 108 5430
7049 2015 100784
7054 1290 64506
5093 169 8495
7014 1121 56100
7008 144 7224
7010 8 412
5516 25 1279
7049 1469 73482
7014 10 523
7023 1346 67343
6140 35 1766
7010 1549 77479
6650 21 1089
5519 142 7102
7054 400 20002
7023 300 15043
5947 158 7909
7021 557 27864
6837 7 383
7023 1378 68913
7008 786 39309
6420 43 2189
7049 1055 52782
6663 174 8720
7017 359 17999
6334 4 204
6975 66 3317
7003 1339 66992
7008 1470 73545
7023 1346 67318
5036 28 1422
7004 1319 65967
6589 104 5209
7021 234 11740
7049 1216 60850
6664 125 6277
7046 95 4773
7055 174 8738
7012 892 44623
7003 1734 86744
7023 1899 94997
7021 782 39120
7016 152 7624
7016 211 10596
5564 192 9637
5169 36 1834
7017 994 49708
7023 50 2542
7025 250 12546
6689 29 1467
7049 679 33971
7003 1734 86736
7003 924 46209
5783 97 4883
7026 518 25909
6483 3 181
7003 960 48028
7012 1290 64524
7003 1437 71895
7049 1469 73476
7023 654 32732
6426 23 1152
4998 132 6637
7026 700 35044
6420 43 2158
7020 312 15637
7010 1366 68304
7017 665 33277
5216 22 1104
6303 125 6281
7055 354 17741
7006 337 16866
7017 1002 50110
7054 944 47223
7417 27 1391
7008 890 44515
7023 1346 67322
7054 598 29941
7017 877 43853
7014 515 25771
6812 1 64
7013 187 9361
7020 1135 56751
7001 376 18810
7026 700 35030
7026 52 2607
7008 1051 52589
7003 80 4041
7026 381 19081
7016 211 10596
7049 2015 100789
7017 1133 56673
7049 988 49416
7012 708 35418
7017 955 47773
7014 1411 70595
7008 777 38885
7017 14 706
7012 997 49851
7020 383 19162
7012 302 15111
7010 1447 72392
6968 0 17
7026 176 8828
7010 1049 52468
7054 912 45629
7010 441 22056
5547 72 3609
7001 353 17653
7049 1627 81382
7008 1027 51381
7014 367 18379
5136 61 3053
7003 1032 51610
7010 89 4468
5547 72 3609
5042 48 2435
7025 609 30485
7017 1536 76823
7299 24 1220
7055 569 28459
6572 56 2849
6663 171 8578
6340 167 8376
7021 404 20202
7055 490 24523
6426 25 1284
7003 456 22814
7021 773 38700
7013 238 11929
7054 537 26881
6090 35 1769
7001 682 34142
7054 537 26857
7008 1321 66054
7017 955 47787
7049 732 36611
6923 34 1745
6321 73 3673
7014 1640 82026
6078 9 474
7014 212 10618
7051 67 3396
4971 117 5862
7017 1163 58177
7020 1321 66100
6956 194 9730
6954 7 383
7010 651 32570
7006 324 16220
7021 466 23304
7004 514 25730
7014 216 10850
7001 1025 51298
6616 26 1325
6620 149 7470
7046 35 1789
7018 41 2074
6090 34 1743
6616 23 1186
6951 28 1403
6756 41 2065
7017 448 22418
7023 204 10220
5966 49 2482
7012 1290 64540
7008 924 46228
7017 331 16576
6407 92 4631
7018 570 28522
6884 32 1632
7020 1580 79021
7010 1366 68339
7054 1728 86450
6663 21 1074
7003 1433 71667
7026 774 38728
6956 194 9730
7006 337 16881
5557 92 4634
7020 1852 92621
6080 89 4498
7012 1726 86320
