14377 158 7923
15330 20 1045
14222 12 633
16076 7 379
16051 228 11426
17135 15 786
15715 64 3241
15486 292 14650
17478 127 6372
14902 104 5244
17427 11 562
15639 2 103
16199 280 14031
15803 10 524
14368 181 9074
15264 101 5062
17073 8 442
17248 324 16248
14741 33 1680
17356 50 2545
16992 21 1060
16196 187 9398
16923 181 9089
17208 231 11582
15828 264 13209
15386 74 3729
14306 91 4569
15592 27 1352
17073 101 5084
15800 206 10349
16310 315 15777
14526 137 6856
14399 67 3385
14911 166 8337
14369 163 8162
14242 40 2016
14539 212 10602
17497 105 5296
14596 8 411
14940 3 188
15160 107 5362
14878 84 4228
15659 0 45
16073 131 6571
14383 39 1982
17327 124 6207
15318 74 3713
16172 101 5088
17560 82 4140
15463 6 301
14625 43 2184
14642 86 4333
14729 192 9610
15762 294 14730
17076 6 304
17408 64 3211
17413 8 427
16486 2 139
15295 34 1736
16310 138 6946
15639 108 5429
15242 164 8205
15701 92 4605
14874 188 9401
16428 15 765
15676 212 10623
14626 30 1513
15432 29 1461
15933 42 2118
15302 38 1937
14149 239 11989
14453 133 6657
16499 317 15872
14279 49 2457
16114 35 1780
14884 217 10890
17556 65 3269
15086 12 635
14392 136 6810
17132 431 21594
14652 262 13125
17559 109 5497
14968 37 1900
14874 62 3145
15361 218 10901
14997 70 3529
15514 19 978
14586 16 803
14384 6 327
17194 2 123
16358 55 2794
17471 87 4376
17495 152 7649
16119 267 13352
16118 124 6202
15783 169 8484
17106 24 1217
17078 30 1528
17371 148 7416
17447 153 7654
15337 0 20
16525 40 2026
16944 193 9680
16921 36 1812
15589 188 9422
14899 311 15593
14455 8 410
15442 39 1987
15369 296 14819
17239 147 7361
15464 241 12059
14940 158 7913
14467 300 15045
14934 179 8952
14641 138 6906
14220 26 1315
15589 46 2349
14356 282 14124
14316 27 1390
15603 77 3869
14187 96 4811
14250 14 722
17274 15 776
15500 20 1030
15394 50 2549
14297 85 4254
14968 122 6102
14641 78 3932
17240 398 19947
15799 226 11330
15702 19 993
14368 224 11204
14768 146 7327
15901 276 13801
14793 155 7753
16267 108 5402
14136 70 3526
14384 6 327
14948 262 13136
17165 101 5093
17096 10 513
16807 121 6081
17158 42 2140
17090 51 2589
15917 489 24478
15588 200 10034
14270 215 10753
17364 71 3557
16081 103 5191
15634 105 5265
14877 104 5205
15236 159 7952
16472 127 6367
14787 40 2046
17414 137 6869
17248 180 9042
15466 178 8936
17138 6 326
17339 218 10910
17481 8 447
16594 4 220
17451 289 14481
16283 82 4119
15356 37 1862
15259 29 1477
15883 1 57
16592 1 83
14526 52 2643
15482 47 2361
17229 14 718
15689 224 11227
16802 93 4663
14473 8 413
15872 36 1841
16889 24 1250
14736 136 6825
14904 25 1251
15915 430 21509
15554 42 2141
15701 271 13588
15449 17 872
14643 72 3618
14445 38 1943
14876 67 3398
16196 111 5598
15124 1 68
14793 117 5869
17140 63 3191
14453 135 6786
14981 195 9771
14635 7 370
15857 18 904
14611 60 3012
17302 33 1666
17055 313 15686
14558 14 746
15882 171 8583
16148 237 11894
14340 1 58
16209 294 14716
16286 267 13397
15913 19 991
15589 4 248
14459 34 1743
15486 120 6006
15450 239 11976
17440 90 4524
14300 72 3630
14244 29 1494
14446 29 1479
17427 11 562
14770 247 12381
15808 71 3590
14947 4 209
14488 7 369
16171 18 902
16305 34 1740
17493 142 7142
14195 113 5680
14475 11 597
15601 12 614
14949 27 1368
14664 227 11353
17360 6 342
17019 85 4259
14136 45 2291
17141 36 1810
16137 1 64
15940 226 11306
14886 141 7090
16809 126 6343
14127 7 364
17339 254 12737
14634 52 2614
15846 38 1918
17023 208 10447
15828 103 5174
15785 37 1869
15983 146 7311
15289 1 95
15286 276 13842
15477 13 660
14192 10 501
14321 21 1051
14817 62 3117
15882 36 1846
15160 307 15362
16517 110 5546
16807 121 6086
17383 140 7045
16340 239 11983
14436 20 1002
15436 342 17144
16096 58 2917
15397 129 6492
14259 273 13700
14667 81 4053
15129 26 1319
17239 4 221
14771 121 6073
15473 19 977
15783 375 18767
14899 124 6240
15409 85 4290
14580 43 2153
15715 64 3241
15149 118 5942
14300 72 3630
15901 276 13801
14150 63 3171
17095 13 663
15783 260 13010
15302 15 753
14590 13 678
14749 60 3026
17355 34 1717
16205 227 11381
14245 60 3033
15762 187 9358
14306 210 10533
14793 155 7775
16424 267 13381
14667 17 852
14152 135 6755
17156 50 2508
17181 55 2752
17210 40 2035
15155 44 2221
17475 178 8911
15834 113 5679
17313 29 1480
15386 61 3059
16051 81 4063
14976 16 821
15603 143 7179
17068 22 1113
14535 50 2503
15145 221 11072
16172 315 15775
16109 66 3309
14546 71 3590
16161 40 2008
16507 43 2152
17169 194 9736
14807 186 9344
17070 146 7315
17472 12 612
14329 253 12687
17563 69 3473
15471 22 1115
14293 195 9787
17029 203 10155
15222 63 3184
14548 22 1140
14159 94 4747
17218 17 860
14768 178 8948
15153 9 486
15463 8 416
14553 52 2617
14886 105 5270
15799 246 12314
15511 224 11218
14556 157 7867
17132 80 4047
17123 15 781
14432 75 3795
17396 4 208
14356 282 14124
14880 114 5739
15362 52 2650
15499 74 3730
14244 29 1494
15500 261 13063
15801 445 22260
15917 344 17231
15436 194 9708
15916 65 3282
15491 53 2689
17560 149 7479
15262 84 4221
16008 84 4246
15832 84 4236
14590 124 6239
15473 183 9171
17415 71 3560
17333 110 5547
14278 14 717
14157 126 6306
15457 51 2554
16769 114 5725
16473 49 2488
17165 88 4424
17137 216 10821
16148 129 6479
14686 32 1648
14542 171 8564
17132 367 18391
14243 92 4627
16891 139 6967
15182 135 6795
15464 121 6099
15935 143 7159
15529 21 1077
17304 44 2216
15482 129 6485
15504 148 7413
14227 124 6219
15428 111 5568
16685 165 8265
15402 35 1789
17383 122 6136
14428 82 4110
14557 65 3272
14634 53 2661
15783 348 17406
14363 0 31
15242 164 8205
14831 156 7810
16150 129 6489
14779 25 1286
15013 54 2724
16807 121 6086
17158 105 5286
16158 16 814
14626 15 792
15323 69 3475
14654 202 10147
17044 108 5428
16952 132 6632
14811 5 272
14376 92 4634
14298 79 3969
14548 136 6819
15361 60 3028
14979 22 1137
15282 101 5100
14575 48 2447
15403 23 1165
15799 246 12314
17164 56 2842
15469 207 10358
17097 11 551
15473 147 7381
16119 191 9580
17308 7 370
14445 78 3940
15353 116 5808
15354 66 3308
14802 172 8639
15822 18 943
17210 119 5970
15391 44 2222
15669 13 683
14768 5 256
15514 79 3986
14654 88 4439
14793 103 5155
14807 25 1280
15243 82 4114
14209 135 6794
17111 112 5609
17247 14 707
15155 9 485
14712 232 11614
15751 7 390
14585 17 890
15780 111 5579
17196 31 1556
15703 4 201
17457 62 3102
14875 34 1748
17383 478 23926
14195 113 5680
14621 2 137
17250 31 1586
16008 388 19419
15174 1 61
16279 23 1160
15446 74 3737
14926 79 3998
15603 143 7183
14976 0 4
17469 93 4690
17136 19 961
15254 134 6750
15785 37 1869
16325 37 1862
17158 65 3290
15466 87 4388
15882 7 400
17360 17 883
14250 14 722
16818 102 5135
15877 0 38
14991 13 664
14458 8 410
14219 77 3862
16714 90 4550
15904 25 1296
14870 39 1958
15294 35 1792
15153 0 5
16726 170 8519
15920 28 1419
14578 75 3760
17028 4 235
17398 152 7633
15457 156 7807
15073 82 4123
17413 63 3168
16446 169 8455
14458 8 410
15054 85 4296
14194 76 3821
14726 42 2134
16112 17 887
15316 132 6644
17226 62 3114
15500 101 5073
15115 0 45
17556 65 3269
14458 8 410
16676 183 9169
15828 488 24408
14228 31 1600
14551 268 13417
14609 133 6675
17494 142 7139
17280 41 2085
14458 138 6907
15431 57 2862
15149 118 5942
17528 20 1034
17559 78 3950
17383 113 5695
14893 209 10464
15013 221 11053
14637 156 7847
16867 229 11464
14991 82 4145
14873 282 14110
17407 137 6877
14798 72 3610
15927 97 4859
15397 233 11683
16715 283 14151
15656 88 4447
14990 113 5651
17453 41 2071
14152 237 11874
15771 18 923
15463 313 15665
16727 300 15035
17457 124 6226
14139 254 12717
15172 44 2235
17311 4 231
16341 70 3539
17341 47 2387
14418 183 9186
14923 12 626
17302 33 1666
14277 189 9470
15392 104 5225
16150 189 9467
14831 168 8421
16835 5 279
14758 101 5069
15923 437 21857
14516 116 5806
16147 395 19780
15410 128 6410
15243 20 1050
14610 197 9853
17141 36 1810
16840 43 2173
14899 124 6240
17327 156 7815
17043 48 2408
15882 103 5160
15919 22 1111
14271 219 10999
17557 66 3340
14453 25 1295
14634 52 2614
17389 57 2887
17309 152 7638
15486 3 161
16711 147 7351
14228 31 1600
14372 102 5142
15774 90 4525
16424 267 13381
15140 25 1253
16514 7 366
14722 95 4797
15061 120 6011
17030 39 1998
14425 99 4968
14410 32 1606
14550 267 13360
14276 38 1939
15097 157 7875
17561 70 3546
15426 102 5117
16843 208 10407
15383 35 1798
17036 272 13631
15167 150 7507
16464 35 1787
17164 145 7259
14771 225 11269
17361 362 18148
16109 96 4809
17457 157 7852
14758 232 11623
17397 113 5693
14812 208 10437
15293 18 902
15603 71 3598
14934 143 7167
15902 489 24455
14642 72 3621
17228 42 2114
17448 45 2282
14223 177 8871
15316 158 7916
14446 29 1479
17407 155 7789
17109 1 70
15073 9 488
16329 14 727
15771 18 923
15099 27 1394
16172 323 16169
16734 69 3452
14450 242 12143
14358 219 10981
15463 435 21758
14229 14 735
14654 180 9018
17043 48 2408
17187 7 376
14749 215 10754
17349 12 614
14423 6 334
17271 146 7333
17339 318 15922
14749 269 13475
14654 169 8464
17100 114 5711
15862 130 6503
14368 19 983
15466 124 6234
15123 24 1209
15282 101 5100
15676 16 821
14673 40 2021
16738 220 11044
14789 88 4449
17338 87 4399
14597 86 4308
17100 208 10417
17141 14 702
15249 44 2247
15960 124 6206
16562 9 494
17260 71 3598
14270 54 2714
16770 171 8585
16948 54 2707
17414 139 6984
16760 21 1086
15479 247 12386
16125 8 408
17073 82 4116
16352 241 12072
15234 128 6427
14729 51 2587
14736 222 11135
15659 4 230
15859 81 4080
14642 111 5555
14806 141 7067
17316 20 1016
14342 259 12979
14664 210 10545
14991 165 8268
17386 26 1346
14453 112 5639
14548 198 9950
17383 201 10070
14592 9 464
15343 165 8281
15530 25 1266
14377 19 964
16787 59 2994
17451 277 13854
16562 9 494
17237 119 5981
15394 50 2549
14134 15 782
14291 173 8659
14903 62 3123
17232 105 5294
17139 317 15899
16948 54 2707
15242 98 4916
15013 120 6039
14203 28 1434
15118 61 3094
17353 39 1973
15682 54 2701
16109 66 3309
14934 179 8952
15099 2 133
15279 70 3524
15917 489 24456
15927 217 10881
17248 258 12949
15794 219 10959
17119 102 5106
17373 2 148
15432 128 6424
16166 38 1939
15916 371 18551
14270 84 4232
15808 54 2746
15673 24 1248
14916 18 950
14148 132 6613
15376 7 393
14537 9 476
15479 3 179
15377 30 1519
17267 91 4570
15031 28 1411
17245 27 1394
15800 206 10349
17361 255 12751
15701 335 16753
15677 120 6048
15266 20 1016
15462 131 6558
14734 45 2294
15722 160 8033
14831 145 7285
17165 101 5093
16066 42 2120
16060 164 8201
17388 41 2087
14558 170 8505
14768 178 8948
15098 22 1134
15916 420 21039
14121 156 7850
14152 164 8249
17348 9 487
15915 104 5211
17361 126 6302
14609 186 9313
14220 26 1315
15464 133 6652
14611 54 2725
17100 84 4245
17132 387 19359
17560 142 7108
16169 164 8224
14580 28 1421
14223 64 3214
15231 109 5474
17333 20 1045
15902 489 24455
14955 87 4376
16889 24 1250
16525 104 5208
17245 27 1394
14122 185 9293
16137 76 3817
17240 398 19947
15799 61 3081
14356 180 9040
15129 21 1077
15335 233 11697
15161 135 6752
16072 24 1246
15264 97 4858
14903 275 13797
14942 42 2129
15463 435 21758
14396 42 2135
17239 121 6057
17056 184 9207
16305 48 2402
15504 35 1770
17308 3 160
15634 22 1105
14903 62 3123
14643 122 6124
15294 35 1792
17541 29 1484
17229 18 933
15416 99 4980
15789 33 1653
15181 3 165
15862 279 13989
14921 39 1959
16310 223 11154
17525 0 27
15464 125 6269
16141 150 7531
16864 90 4545
15309 38 1908
14798 1 97
15639 106 5336
17204 123 6185
15656 96 4822
15151 96 4819
14537 94 4743
17245 27 1389
15147 66 3329
17566 150 7517
16066 42 2120
16301 179 8986
16552 17 899
17165 88 4424
15641 1 77
17364 71 3557
15479 299 14972
16119 516 25806
16935 263 13163
15153 20 1047
14942 24 1246
14760 184 9238
15386 19 997
14807 98 4901
16281 226 11324
15774 211 10588
15916 301 15099
15486 378 18918
14793 155 7753
15517 135 6792
14243 130 6547
14458 123 6179
14623 144 7230
15641 1 77
15407 194 9706
17519 10 524
17240 122 6147
14526 137 6856
14934 179 8952
17224 53 2673
17100 53 2686
15053 58 2901
14368 186 9330
16286 524 26215
15118 120 6016
17447 52 2649
17307 122 6146
14263 157 7881
16978 75 3779
14760 192 9626
15436 201 10072
16276 12 613
15297 275 13778
17073 147 7356
14551 33 1662
15589 4 248
17415 200 10026
17121 5 279
14828 166 8341
15677 191 9581
14298 44 2217
14901 307 15387
16428 367 18383
14654 16 843
15877 260 13047
17198 34 1742
16226 2 103
15894 13 682
16013 96 4824
14653 71 3556
14909 31 1563
17383 203 10161
16676 256 12823
17137 35 1751
17226 116 5836
14562 78 3936
15301 41 2087
17373 147 7370
17002 38 1938
16008 388 19419
15916 424 21228
14611 60 3012
15467 5 289
14937 9 489
14956 143 7157
14716 42 2129
15867 25 1285
17137 216 10821
17444 34 1718
14727 95 4791
14934 66 3331
17324 92 4626
17563 34 1739
15944 18 920
16148 119 5985
14207 1 89
17447 52 2649
17019 85 4259
15466 250 12550
15457 218 10947
16196 36 1814
15152 81 4095
17388 41 2087
14537 9 476
15397 97 4888
15927 343 17157
14516 116 5806
17194 13 688
17152 91 4574
15890 24 1238
15927 312 15650
15901 267 13351
15042 4 241
15225 35 1792
14607 182 9150
14603 112 5635
17305 12 643
14537 9 476
16076 113 5684
16141 285 14297
17249 147 7392
16978 441 22078
15436 342 17144
14722 124 6201
14806 22 1138
17492 50 2509
15394 50 2549
15824 26 1322
16877 57 2883
14139 29 1486
15243 107 5356
16386 27 1353
15398 324 16211
15369 22 1122
14907 7 394
15167 61 3060
15457 79 3994
15412 193 9663
15807 13 673
14300 72 3630
17308 153 7675
17036 301 15068
15415 177 8875
14381 28 1409
17371 3 168
14452 18 925
16051 228 11426
17415 215 10753
14924 17 895
17257 82 4122
15590 130 6524
15801 54 2708
17100 77 3867
15824 18 919
16006 395 19760
17424 13 700
15432 29 1461
17126 156 7801
15603 77 3869
14293 220 11022
14746 63 3180
15251 167 8370
17361 255 12751
15225 50 2522
16558 54 2744
17361 284 14218
15335 248 12438
17140 19 960
17495 97 4880
16527 95 4780
15978 24 1248
16581 77 3895
16906 18 945
14802 60 3001
15322 44 2212
17449 17 886
14609 299 14978
15154 181 9089
15773 15 774
15595 11 592
15010 8 438
14343 153 7698
14122 168 8427
15182 147 7361
16152 86 4335
16557 111 5595
17198 81 4066
17092 20 1002
14396 66 3304
15103 83 4166
14285 2 110
15154 181 9089
14664 117 5887
14375 140 7005
15417 21 1061
15353 45 2283
16878 108 5446
16603 17 890
15916 16 816
15382 146 7335
15427 202 10115
16839 130 6526
15383 254 12733
17309 142 7111
15639 2 103
15780 180 9020
14277 112 5608
15354 66 3308
15114 31 1557
15528 0 5
17170 36 1811
16835 197 9871
15489 170 8537
17112 139 6954
14368 24 1233
14396 42 2135
14965 155 7760
14912 159 7993
15828 134 6734
16526 55 2763
16527 95 4780
17533 100 5002
15948 84 4224
17274 15 776
15981 148 7439
14153 74 3728
14903 98 4906
14907 139 6986
14245 175 8781
15446 39 1976
15822 0 35
17509 23 1154
15713 157 7867
17205 158 7917
17219 1 51
14763 6 343
14891 130 6501
15456 178 8943
17135 61 3053
14886 22 1133
17165 79 3980
15774 90 4525
15122 194 9705
17308 7 370
16022 268 13420
15464 133 6652
16310 315 15777
14338 266 13309
17171 0 47
17398 192 9608
17265 24 1246
14564 45 2279
15828 195 9757
17407 137 6877
14313 270 13535
15155 4 211
15870 182 9105
15528 318 15908
16283 82 4119
15710 39 1965
17270 74 3717
15844 5 287
17489 155 7795
16319 1 96
14556 210 10521
15170 105 5285
14298 66 3350
14880 54 2740
14870 9 464
17352 164 8210
16110 109 5487
15689 177 8885
14467 11 597
16714 175 8761
15355 57 2888
15491 253 12665
17152 78 3927
16011 134 6701
16858 101 5077
14368 281 14081
17326 16 803
16094 522 26118
14207 22 1106
15410 104 5245
14934 179 8952
17036 301 15068
15479 78 3903
15639 78 3931
17420 3 152
16874 441 22070
15923 104 5215
17426 27 1365
15463 151 7578
17081 8 432
17533 100 5002
17237 0 7
14467 14 731
15469 201 10090
16119 537 26855
15689 121 6074
15115 0 45
15163 52 2650
15301 80 4006
16562 9 494
16230 60 3038
14475 27 1358
14446 13 677
15297 131 6569
15403 175 8773
14336 87 4353
16818 71 3553
14870 296 14823
15910 7 400
16122 126 6326
14559 202 10144
15479 290 14539
16158 325 16275
14376 225 11277
17447 52 2649
17395 23 1157
15665 1 74
14953 13 672
17132 524 26210
14584 16 832
17482 50 2525
14174 78 3937
17144 161 8097
14280 19 962
16906 18 912
14284 1 93
16179 44 2247
17194 22 1128
14548 198 9944
15511 51 2585
14432 8 436
16489 174 8708
14432 15 763
16499 145 7260
14464 106 5334
17302 81 4054
14306 117 5852
15341 54 2724
14124 171 8589
15449 100 5040
14259 80 4042
15907 110 5544
17365 11 574
14260 109 5474
14293 195 9787
16071 91 4585
14418 129 6451
14539 73 3678
17111 236 11838
15494 30 1521
14764 80 4012
15504 203 10185
17317 20 1026
14191 231 11588
16962 31 1593
14467 52 2640
15392 107 5352
17047 38 1901
17383 443 22192
17196 7 393
15474 81 4074
15528 62 3117
14338 12 603
17093 120 6015
15528 43 2151
17251 166 8346
15296 133 6667
15323 9 496
15656 35 1752
17415 200 10043
16711 5 262
14246 107 5384
14873 307 15393
16150 129 6489
15302 28 1405
14555 107 5376
15308 120 6036
14235 42 2142
17264 3 197
17168 28 1409
14134 263 13167
16715 27 1355
16109 45 2277
15640 233 11682
14924 195 9777
15403 23 1165
14793 124 6207
15593 198 9950
15160 31 1565
15949 171 8598
17083 41 2099
15783 257 12893
17112 77 3863
15923 154 7712
17144 161 8097
15882 38 1936
14427 183 9196
17030 144 7246
14368 276 13840
16288 116 5837
14590 9 498
15447 217 10863
17360 16 841
16525 40 2026
16797 107 5385
16272 14 730
14537 9 476
14225 41 2098
15348 292 14630
17036 196 9801
14904 29 1491
15362 52 2650
14807 221 11081
17154 34 1740
15792 44 2243
17305 7 369
14332 15 769
17087 123 6188
15894 96 4847
14316 5 271
17397 53 2695
17461 6 338
16846 329 16467
14904 20 1031
14998 54 2704
15792 225 11261
17213 76 3806
15801 299 14984
17209 31 1598
14745 86 4303
14743 170 8545
15669 23 1176
15589 109 5456
16052 285 14276
15153 63 3169
14642 72 3631
15640 13 651
14438 290 14521
14598 32 1624
17458 161 8076
17396 23 1179
17534 8 429
15330 20 1045
17073 8 442
14384 6 327
17358 22 1124
16715 283 14151
14376 58 2925
16428 470 23544
14152 254 12714
17248 121 6066
17469 14 731
14632 68 3427
15917 296 14845
14664 117 5887
16199 222 11144
15683 6 337
14154 174 8720
14223 236 11803
16112 328 16438
17453 41 2071
14181 5 280
15246 152 7632
16916 25 1289
15103 160 8020
16112 473 23687
15593 198 9950
16220 22 1139
14245 60 3033
14632 68 3427
15902 381 19094
15430 82 4138
15328 88 4407
16169 164 8224
14488 7 369
14877 13 654
15296 133 6653
15457 201 10071
15057 1 74
15589 93 4670
14399 67 3385
16110 5 290
17451 115 5788
14707 17 899
16802 207 10378
15463 214 10714
15486 325 16266
14756 47 2397
15805 13 689
17333 47 2394
14986 48 2415
14910 6 349
17482 120 6003
15901 210 10530
15634 22 1105
15862 245 12282
14372 102 5108
14185 32 1619
14191 120 6049
14329 253 12687
15780 49 2479
16272 199 9994
17131 141 7059
15334 15 799
15266 42 2133
17540 27 1352
15800 50 2510
14545 29 1478
14712 232 11630
17349 24 1231
16121 61 3089
14521 9 468
16715 86 4340
16112 473 23687
16858 31 1567
17156 82 4107
14369 163 8162
14760 170 8531
17440 171 8562
17373 84 4223
15923 154 7712
17308 115 5779
17172 5 291
16171 18 902
17388 43 2164
16492 25 1263
14418 50 2532
16134 352 17646
14764 77 3874
15115 138 6921
15403 80 4021
15916 202 10124
14558 14 746
14789 88 4449
16021 167 8369
17556 77 3869
17308 58 2938
14901 307 15387
17497 227 11390
15713 218 10920
15339 45 2285
17310 2 117
17028 295 14757
17129 35 1774
16262 20 1035
14343 33 1681
14936 35 1759
15922 7 362
17448 166 8311
15986 161 8068
16101 201 10081
14139 213 10657
14552 79 3995
17112 139 6954
17181 81 4062
17552 19 988
16141 122 6117
16428 225 11292
17102 15 758
17116 62 3112
14298 44 2217
16134 80 4035
14662 106 5333
14880 21 1074
17371 562 28119
15118 131 6555
15463 6 301
15785 45 2283
15429 55 2796
15145 312 15642
15590 242 12133
15882 11 579
14172 35 1752
14283 72 3633
16022 113 5693
14779 143 7180
15981 18 904
16011 115 5777
17208 55 2752
15502 87 4372
15323 69 3494
15415 328 16403
17478 18 938
17114 69 3490
17282 49 2458
15428 290 14543
17205 218 10936
15870 270 13517
14453 196 9850
16715 283 14151
15282 129 6457
14356 191 9593
15430 159 7966
14239 16 821
14243 95 4752
16076 7 379
15262 84 4221
14436 148 7408
14550 111 5562
15499 5 283
15900 212 10650
15246 63 3197
17361 146 7303
14553 52 2617
15322 32 1624
17140 19 960
14376 243 12198
17352 55 2781
15410 138 6922
16158 328 16433
14989 43 2199
14148 17 856
15228 126 6350
17334 12 640
14909 152 7627
14584 149 7471
14925 172 8633
14772 283 14158
17360 106 5328
14816 213 10677
14712 82 4110
17114 99 4987
14183 17 888
14173 15 775
14980 106 5316
15153 21 1097
15677 149 7490
14392 136 6810
14316 5 271
16694 148 7439
17341 93 4654
15322 44 2212
17116 0 2
14467 223 11157
17308 153 7675
14557 65 3272
15902 23 1156
14801 194 9721
16831 7 396
15915 31 1573
14279 49 2457
17055 148 7448
14916 159 7974
17194 11 574
14228 19 984
14243 59 2954
14542 181 9084
14368 0 25
14139 29 1486
16676 128 6441
15409 85 4290
14675 4 217
14257 149 7455
16874 369 18458
16339 230 11550
17237 438 21902
16552 102 5137
15160 194 9730
16942 78 3931
14911 127 6378
16374 3 198
15464 208 10438
15462 131 6558
15862 119 5987
15156 11 599
14801 110 5549
17232 108 5422
15111 28 1443
16112 167 8399
14185 32 1619
17158 3 183
15172 23 1161
15302 38 1937
17171 40 2019
15862 241 12092
16199 461 23076
14329 109 5489
16963 285 14283
17218 31 1592
16849 69 3494
14920 7 380
14183 7 384
15491 54 2728
14805 294 14727
15237 29 1477
16978 251 12576
14545 19 952
15361 73 3687
17535 40 2037
14925 5 256
15426 72 3630
14368 181 9074
14445 78 3940
15286 136 6801
15774 175 8752
15335 143 7200
16910 88 4402
17388 17 851
16076 147 7363
15335 94 4731
14245 81 4099
17267 63 3176
16722 162 8121
14453 8 423
15783 377 18869
16006 395 19760
15138 29 1478
15227 159 7960
14223 45 2292
14367 178 8935
16741 412 20634
15783 84 4233
14195 16 812
14874 240 12042
15862 262 13109
17208 249 12455
17471 93 4681
16148 18 903
17254 0 9
17030 70 3512
15731 8 440
14904 25 1251
14768 133 6690
14549 208 10428
15511 51 2585
14802 172 8639
17561 231 11589
14363 243 12151
16096 73 3686
17144 79 3970
17459 214 10723
15639 78 3931
14436 31 1586
15867 25 1285
15433 138 6927
14559 52 2608
14893 102 5109
17196 40 2032
16499 96 4814
15870 109 5474
14453 133 6657
16433 27 1391
16962 125 6281
14824 311 15588
17334 189 9453
15014 96 4833
14870 127 6395
17373 15 755
14790 199 9965
15901 301 15069
15603 37 1898
14652 131 6580
17316 67 3370
15355 26 1307
14654 34 1743
17566 143 7181
16196 111 5598
15797 30 1524
14458 120 6027
15228 148 7407
14725 30 1526
14300 72 3630
14942 42 2129
15145 294 14741
14293 192 9637
15382 50 2545
14458 85 4292
15834 52 2613
17361 358 17934
17524 130 6539
14467 286 14339
15762 225 11259
15927 146 7311
17232 32 1614
16150 180 9014
17219 32 1608
15086 121 6100
14149 140 7033
14368 181 9074
14131 16 837
14392 185 9281
15402 35 1789
14743 22 1149
14427 8 426
15862 72 3616
14658 7 364
14957 45 2257
14789 148 7438
14559 295 14781
16172 77 3883
15933 135 6765
14347 48 2442
15458 112 5628
14458 138 6907
16769 114 5725
14740 14 717
17449 7 386
17132 524 26210
15466 87 4388
14453 39 1972
16864 90 4545
15797 30 1524
15145 312 15642
17208 247 12369
14910 51 2554
14136 45 2291
15783 61 3078
16152 86 4335
17344 102 5108
14785 69 3454
14408 38 1936
14191 79 3988
15520 67 3393
17556 65 3269
14902 104 5244
14758 105 5253
15312 40 2009
17398 98 4923
16188 157 7882
17219 1 51
15161 106 5336
15391 70 3530
14707 34 1728
15458 137 6874
17246 5 272
17143 8 437
15308 4 215
15312 40 2009
14564 24 1224
17398 50 2535
14280 19 962
15433 48 2420
16227 188 9423
14358 93 4659
14771 299 14997
14418 250 12512
14225 65 3261
17118 20 1043
14644 6 342
16122 126 6326
17159 47 2356
17170 36 1811
14771 225 11269
15410 10 527
15479 294 14727
15166 133 6683
14139 92 4618
17095 41 2082
16247 75 3764
17251 176 8819
17177 21 1095
14922 16 826
16848 18 932
14293 195 9787
14750 28 1419
14706 28 1422
15580 30 1548
16172 211 10591
15862 130 6503
15916 284 14239
15102 58 2927
15422 82 4120
14924 149 7494
14870 296 14823
14475 27 1358
15161 159 7953
16411 206 10335
17371 459 22953
17541 4 231
17513 0 28
17561 70 3546
17339 199 9956
16973 24 1244
15801 513 25662
15927 202 10139
15251 138 6921
17106 7 369
14609 88 4450
17312 156 7805
17394 176 8817
15428 141 7067
16112 473 23687
16322 11 585
14471 0 26
17027 40 2042
17339 254 12737
14989 55 2783
15267 145 7265
17383 113 5695
15872 10 518
15101 55 2769
14347 14 727
14652 223 11200
17156 44 2221
16122 229 11491
16006 96 4817
15254 22 1126
15800 274 13749
14270 54 2714
17208 49 2468
14893 165 8279
14609 16 845
15715 189 9481
14539 173 8659
14899 124 6240
14553 223 11169
16973 17 892
15482 47 2361
14270 230 11519
15410 138 6922
14707 17 899
15149 118 5942
17206 144 7216
16888 246 12324
15234 72 3645
14162 60 3033
16738 215 10767
15106 206 10334
14934 179 8952
15271 17 864
17439 22 1130
17274 15 776
15491 36 1813
14907 14 711
16878 196 9810
15893 50 2544
14213 62 3118
14957 45 2257
16948 60 3035
16878 196 9810
17444 9 458
17226 116 5836
17270 71 3596
15103 285 14268
15482 47 2361
14870 82 4127
14824 311 15588
15103 57 2875
14802 267 13372
14991 12 633
16960 157 7899
15154 282 14118
17082 30 1508
14301 86 4314
17334 26 1302
15870 212 10602
15074 48 2405
15153 76 3837
15910 259 12978
15859 167 8391
17248 290 14530
17372 43 2194
14712 244 12238
17414 61 3054
14548 135 6793
16110 9 492
15639 159 7989
17195 153 7679
17139 279 13958
17561 148 7433
17267 35 1764
15145 281 14100
15047 17 877
14907 14 711
15167 66 3320
17159 37 1864
17210 83 4168
17251 68 3426
15464 142 7107
17224 37 1889
14707 17 899
14981 197 9860
17414 135 6774
16869 120 6022
17400 139 6967
15479 78 3903
14623 224 11224
15834 52 2613
14647 6 339
14464 180 9013
15457 93 4668
14621 5 281
17396 23 1179
17139 263 13176
17030 13 658
15715 94 4709
16219 306 15310
14758 169 8453
15101 19 998
14464 106 5334
14410 278 13905
14886 101 5090
15504 66 3312
14741 157 7853
14634 52 2615
14546 179 8958
14758 65 3284
16891 139 6967
15456 134 6726
14916 98 4920
14989 180 9031
17522 88 4426
16148 153 7652
14775 26 1312
14948 219 10986
16839 130 6526
14976 147 7367
17341 93 4654
16921 36 1812
14631 141 7087
14938 107 5362
17132 181 9082
15913 36 1807
15456 119 5970
15500 20 1030
14598 42 2139
15722 68 3406
15061 195 9784
15863 26 1334
17036 79 3982
17030 21 1065
14535 103 5190
14746 61 3083
15238 84 4208
15689 138 6920
15774 299 14960
15639 2 103
17275 2 114
15554 160 8012
14575 77 3865
17560 149 7479
14136 62 3136
14886 141 7090
14970 233 11685
15701 55 2785
16038 161 8092
15160 187 9362
15345 10 544
15177 27 1355
15318 172 8625
14575 50 2535
17533 108 5423
17251 52 2648
14411 12 610
17287 150 7506
17271 167 8394
17132 390 19526
15103 157 7871
16874 441 22070
15451 50 2539
17100 162 8106
17415 257 12899
14884 146 7322
15183 16 841
14734 127 6393
14654 265 13270
15916 227 11372
14190 3 164
15701 276 13812
14253 10 527
17559 109 5497
14134 94 4719
14539 139 6982
15155 9 485
15078 15 785
15103 150 7502
17030 155 7758
17458 36 1821
15182 135 6795
16159 4 228
14712 232 11630
17372 110 5502
15334 13 669
15801 462 23128
17226 62 3114
14409 261 13071
17152 129 6488
15227 159 7981
15377 83 4158
15319 13 672
15111 145 7288
15909 25 1270
15639 128 6449
15528 71 3594
14915 142 7111
14147 26 1303
15730 8 426
16148 119 5985
17186 48 2416
14772 283 14158
15116 91 4554
14281 167 8358
15782 17 863
14139 213 10657
15234 176 8809
16022 268 13420
15677 194 9714
14358 57 2871
14228 40 2003
16159 37 1856
17140 140 7031
14545 33 1697
17488 176 8808
17267 91 4570
15227 159 7981
14220 57 2857
14749 285 14264
15875 428 21442
14475 35 1760
15318 161 8096
16243 125 6262
15491 167 8353
15391 44 2222
15878 0 12
14367 181 9074
14907 14 711
17312 261 13051
17364 111 5558
17131 228 11413
15348 81 4096
17096 10 513
17540 27 1352
14191 94 4702
15264 27 1372
17057 83 4194
17408 64 3211
14408 45 2276
14749 60 3026
15446 87 4365
16138 33 1675
14452 1 87
15890 24 1238
14644 215 10793
15873 145 7253
17154 24 1228
15915 198 9946
17451 151 7595
15713 244 12248
15422 70 3515
15799 268 13442
14537 9 476
14297 19 964
16011 134 6701
15780 170 8511
17028 64 3241
17394 83 4154
15116 281 14099
17400 12 613
16994 127 6369
14772 121 6060
15528 2 127
14452 156 7815
17331 14 707
14338 1 53
14814 63 3173
17250 76 3821
16694 35 1767
14223 204 10203
15774 348 17448
14358 113 5680
15593 236 11836
15902 448 22444
14516 98 4938
14920 32 1606
15360 167 8392
14912 170 8515
15162 111 5595
15153 90 4507
15348 242 12112
14191 40 2007
14377 124 6235
17138 72 3612
17333 186 9337
14611 205 10285
17152 59 2987
17426 27 1365
15368 152 7643
17390 48 2445
15639 108 5417
15254 93 4675
14259 22 1119
15010 6 312
14577 33 1679
15042 4 241
16022 113 5693
14770 297 14879
17169 140 7024
14206 97 4857
16809 86 4307
16948 207 10362
14641 201 10093
17308 58 2938
15065 38 1904
16495 76 3838
17073 159 7952
17265 90 4504
15443 68 3402
14878 153 7671
14779 143 7180
14729 215 10753
16118 58 2937
14902 290 14535
14610 276 13846
15222 63 3184
16036 410 20510
14831 151 7589
15834 6 339
15183 36 1811
17280 1 63
15785 252 12628
16940 12 615
14907 14 711
17361 146 7329
15923 344 17222
14162 10 503
17158 42 2140
14418 184 9244
14191 40 2007
15824 18 919
14998 37 1862
14187 96 4811
16186 142 7113
15479 126 6338
15463 361 18074
14721 122 6119
17271 181 9070
14277 312 15635
15302 34 1705
14559 275 13778
15153 18 908
14583 17 865
17248 212 10638
14917 51 2551
14516 56 2834
16962 79 3969
15183 36 1811
16655 11 551
14970 163 8169
15965 118 5910
15010 8 438
16041 269 13478
14195 16 812
14257 178 8945
14772 121 6060
17106 24 1217
14392 106 5327
15701 463 23160
16387 25 1253
14418 272 13650
15335 3 169
17195 17 874
16227 188 9423
14642 111 5555
17535 31 1564
17043 48 2408
17087 332 16620
17110 33 1670
17471 93 4681
17458 36 1821
14940 147 7363
16096 58 2917
14270 212 10611
16978 409 20475
17457 157 7852
17482 165 8293
14206 22 1127
15386 29 1470
15145 175 8780
14223 49 2456
16925 52 2603
15528 237 11853
14259 21 1069
16089 97 4873
16112 17 887
15302 31 1584
14654 184 9208
17545 51 2579
14541 174 8737
15592 58 2913
14934 179 8952
15497 177 8871
17174 25 1262
16817 239 11973
14553 105 5275
16262 20 1035
15154 282 14118
14369 137 6854
17156 82 4149
14372 270 13546
16489 174 8708
15783 204 10247
15282 105 5265
15228 7 387
14707 14 708
14737 29 1493
14801 92 4641
16336 72 3646
14436 186 9305
14368 186 9330
16119 7 361
15970 472 23615
16894 188 9442
14912 2 121
15182 147 7361
14607 306 15334
17269 163 8191
16150 352 17610
15774 90 4525
14142 15 798
16546 146 7346
15875 333 16673
14634 5 279
16889 89 4469
14257 43 2184
15222 175 8780
17475 3 172
17353 25 1278
14396 19 974
17327 57 2879
17195 182 9118
14219 77 3862
14736 122 6109
14436 88 4424
14410 175 8771
14152 172 8614
17205 107 5378
17199 135 6784
14801 310 15505
16676 128 6441
15799 268 13442
15897 74 3714
17005 73 3652
15154 251 12561
16148 201 10057
14745 119 5983
17199 25 1286
17011 282 14125
17418 7 376
15511 238 11925
15927 281 14069
16845 381 19084
15330 9 464
16038 198 9933
15514 157 7884
16946 231 11567
14452 37 1895
16517 12 644
17352 168 8441
16759 83 4158
15225 3 182
14956 78 3942
14513 0 49
15227 140 7021
14907 14 711
14164 27 1364
17128 101 5099
17196 40 2032
16188 200 10023
15355 6 330
14438 154 7725
14768 146 7327
15174 85 4270
14911 109 5475
14550 111 5562
15140 1 83
15386 55 2768
15425 205 10282
15403 23 1165
17324 107 5388
17415 61 3089
17030 13 658
14218 199 9992
15328 206 10349
14725 12 638
14218 133 6671
14293 86 4313
17070 228 11439
15589 353 17698
15656 58 2906
16679 101 5063
16511 52 2646
14779 139 6952
15266 49 2473
15915 432 21603
17198 26 1302
14934 179 8952
15828 44 2233
15432 29 1461
17114 101 5082
14438 23 1176
14824 253 12683
14362 51 2559
15074 11 578
16923 77 3886
17109 28 1415
14243 130 6547
15223 48 2413
14284 9 463
15425 150 7509
14934 179 8952
14641 201 10093
15172 61 3093
17159 44 2242
14274 100 5032
14874 158 7901
16227 186 9349
16272 199 9994
15146 43 2178
15927 312 15650
15780 68 3450
15182 71 3599
14970 94 4733
16112 292 14623
14893 209 10464
16126 35 1784
16738 220 11044
14550 68 3423
15697 21 1092
14990 160 8045
16769 122 6103
16346 38 1947
17371 163 8177
14830 3 165
15097 59 2991
14907 61 3088
16411 193 9652
15017 13 684
15497 12 647
15603 37 1898
17070 142 7124
17248 258 12949
14824 260 13039
14290 53 2699
14812 314 15710
17139 105 5255
15714 21 1100
17073 12 622
14914 301 15069
14149 273 13686
16769 92 4639
15457 201 10071
17248 290 14531
16188 28 1413
15403 23 1165
15464 11 580
14828 129 6477
16137 50 2549
16916 25 1289
14793 115 5751
14631 165 8258
15528 318 15908
16023 464 23236
14571 34 1744
15479 87 4376
16901 108 5410
15808 34 1739
15391 269 13499
16113 75 3767
14645 50 2532
17146 32 1646
15397 5 266
17390 0 44
15778 37 1862
15161 159 7953
14758 17 889
16438 18 928
14831 168 8421
16948 38 1940
16158 519 25984
15872 36 1841
17212 39 1977
14263 157 7881
14888 4 214
16119 21 1096
17508 71 3551
15166 139 6963
15172 49 2484
17168 33 1659
15167 113 5679
14824 62 3134
17316 20 1016
15916 534 26749
16507 43 2152
17413 343 17191
15481 18 935
14801 260 13027
14801 179 8972
14151 118 5929
15774 439 21964
17352 15 781
15233 14 746
14652 249 12465
16109 66 3309
17248 358 17929
14956 152 7610
14914 301 15069
14149 189 9466
16209 341 17056
15689 295 14779
14921 94 4727
17559 1 69
16890 53 2694
16764 39 1989
16731 17 876
15246 172 8633
17372 110 5502
14611 11 584
17469 43 2187
15361 60 3028
15851 7 352
16058 106 5339
16426 5 268
15109 9 457
17226 62 3114
16802 19 975
16079 24 1215
15924 3 166
14947 7 359
15156 58 2929
17087 389 19485
14357 40 2015
15481 18 939
