10562 216 10810
10952 244 12240
10688 225 11292
11740 294 14746
11508 293 14663
8794 91 4585
11551 11 578
11756 213 10657
10910 27 1387
11991 69 3459
13623 74 3701
9226 98 4949
9481 171 8590
13479 50 2543
11521 155 7787
12056 251 12582
12107 111 5585
10441 85 4264
8711 75 3796
9535 569 28453
12369 6 334
8899 89 4490
11763 211 10569
11591 91 4586
9437 292 14634
11531 189 9483
11531 135 6758
10683 346 17321
11495 26 1333
11550 155 7755
10693 258 12913
11134 16 833
11283 106 5332
12480 116 5850
9297 222 11132
8548 92 4616
9741 8 436
11829 141 7096
9191 302 15132
13671 77 3867
9090 61 3056
10831 102 5142
10833 57 2862
11984 180 9013
10680 199 9998
12543 222 11114
12066 194 9709
9590 70 3531
10857 147 7387
13565 107 5359
12045 83 4156
9602 56 2849
10569 46 2320
9612 31 1563
10591 32 1601
10520 345 17266
10669 106 5320
11494 39 1977
9404 39 1957
10714 68 3444
9290 135 6786
11116 27 1367
10563 104 5223
8751 86 4349
13630 42 2110
8578 16 849
13580 76 3803
9507 33 1655
9668 106 5334
10922 86 4317
9030 108 5426
8518 19 999
11984 176 8803
11182 47 2375
8943 56 2825
12561 171 8597
10725 170 8535
8707 96 4814
8702 217 10873
11141 6 303
11604 30 1506
11926 127 6357
13520 38 1931
11715 178 8925
10592 333 16664
9297 249 12459
11173 14 732
11901 33 1663
10538 179 8972
8455 45 2300
11545 159 7968
11094 42 2150
11904 71 3570
11198 290 14547
12013 0 32
8587 6 320
8975 62 3134
11591 3 182
10920 115 5787
12496 62 3150
10901 18 923
11973 30 1521
9442 104 5218
11813 159 7998
9704 65 3262
11845 57 2888
10788 16 806
9511 518 25934
11998 142 7127
13593 46 2330
8795 36 1833
10847 12 626
12526 0 31
10475 21 1069
10833 158 7950
11601 325 16269
9344 252 12604
9024 113 5689
13580 10 524
12486 194 9741
11186 286 14347
11094 59 2994
11264 82 4133
13642 89 4468
9348 226 11342
11998 142 7131
11570 30 1535
12108 41 2054
11094 42 2150
11879 235 11799
11664 84 4229
12493 69 3464
12480 122 6107
11214 73 3679
13478 58 2908
11740 294 14746
9637 276 13803
12139 30 1532
10570 14 738
11934 242 12133
9709 57 2896
9538 612 30633
13465 6 321
11134 36 1850
12025 149 7497
9494 39 1956
11927 270 13547
11829 106 5325
9289 63 3196
11027 265 13293
11726 295 14772
13692 24 1209
10704 244 12206
10355 57 2879
10592 93 4696
9681 65 3256
9372 125 6287
12073 199 9960
8853 33 1692
10610 70 3546
11786 261 13099
12496 120 6024
10750 67 3373
10910 27 1381
9628 41 2082
9372 125 6287
12561 226 11313
10386 30 1501
9348 20 1039
9345 47 2355
8897 152 7642
9597 10 515
8911 17 895
12543 284 14250
9593 41 2076
9067 8 410
10721 263 13191
12083 84 4218
10355 130 6537
9341 229 11451
9567 97 4871
10538 216 10841
9362 156 7810
12066 121 6096
10966 15 752
11543 103 5177
12016 435 21784
8959 230 11548
9470 234 11712
11064 116 5804
9281 166 8344
10952 252 12624
12368 6 320
11291 4 217
9561 65 3259
8917 288 14410
12069 4 202
13474 5 275
9579 361 18095
8975 199 9979
13517 5 276
11786 260 13015
13674 49 2467
13656 11 579
12039 278 13917
12071 37 1887
9704 356 17813
9597 347 17385
9500 273 13694
13467 177 8889
13629 24 1238
8782 28 1427
12056 401 20079
12034 109 5466
9041 15 764
10592 94 4715
12009 28 1404
11591 91 4564
12497 165 8263
10665 140 7021
9519 235 11779
11095 55 2767
10882 4 234
10848 178 8929
11630 148 7428
13661 116 5848
8770 145 7251
9467 245 12278
12380 186 9346
10744 107 5381
11721 131 6552
10766 93 4683
9473 62 3124
11537 49 2456
11977 71 3552
11940 16 803
11726 41 2072
12071 106 5322
11909 219 10982
9618 268 13443
10449 221 11100
11931 17 866
12041 67 3378
10713 3 152
13476 45 2290
8538 9 452
11753 57 2892
9717 65 3267
10688 280 14011
13475 69 3453
8739 44 2212
10672 97 4862
10390 26 1328
13517 5 273
9562 171 8592
10484 120 6039
12052 51 2594
11875 11 555
9561 68 3410
8538 9 494
12505 94 4742
13454 37 1889
12013 0 32
10972 16 811
9203 36 1815
9511 623 31171
12095 110 5528
11786 98 4932
9479 214 10737
11067 15 781
10545 149 7461
8620 66 3343
12056 160 8037
11921 273 13683
12083 154 7702
11494 99 4962
12004 123 6187
11698 82 4124
11658 1 98
10841 82 4111
9060 73 3682
12111 66 3349
9727 78 3939
8471 30 1515
8936 157 7884
11589 198 9902
11197 27 1385
11646 31 1567
10569 115 5774
12054 148 7420
10517 108 5411
12480 54 2746
10713 7 378
10371 4 210
11848 210 10519
12045 9 474
9379 191 9595
11619 51 2564
12057 97 4897
10624 185 9264
12556 45 2258
13671 19 991
10660 209 10475
11291 97 4856
10784 96 4812
9615 196 9817
11134 134 6704
13453 13 655
8468 24 1207
9321 102 5137
9366 338 16905
12080 150 7546
13536 98 4936
9068 239 11960
10574 117 5899
12139 34 1724
9527 37 1900
10952 244 12243
11840 10 542
11728 131 6600
9395 148 7417
9567 276 13830
11551 31 1595
12137 34 1729
11291 113 5653
9483 214 10741
13537 14 716
11570 63 3181
11909 206 10336
9525 188 9427
11695 7 400
8769 361 18065
9216 113 5689
9470 293 14685
10969 15 771
12503 31 1584
11601 4 201
10961 11 578
9649 1 68
11756 213 10675
9531 331 16587
12068 130 6548
12566 279 13951
11149 131 6580
12034 87 4376
12558 73 3673
13676 3 157
10432 345 17260
8937 26 1339
9245 50 2543
12069 4 223
9240 51 2592
10888 272 13618
12368 118 5925
11844 4 213
8492 35 1799
8915 76 3818
11551 9 472
10733 53 2668
10489 42 2119
11064 206 10340
10968 25 1295
10654 110 5548
10928 143 7170
8977 3 162
10861 123 6168
11186 103 5172
10786 114 5750
11820 122 6140
13668 82 4145
10928 103 5191
9538 53 2674
13477 13 691
11719 21 1085
8666 106 5341
11494 275 13768
12441 143 7183
9245 345 17267
13676 27 1393
9239 118 5936
13638 77 3865
9560 61 3061
11963 106 5313
9741 7 388
12364 28 1401
13674 134 6743
10580 98 4941
9295 24 1231
10761 172 8636
9427 167 8372
12139 21 1051
9194 97 4875
8446 214 10749
9511 623 31184
11630 181 9078
9065 33 1667
8817 10 532
10623 72 3648
8538 126 6303
12514 62 3102
12505 94 4712
11086 268 13436
9640 84 4226
11741 104 5203
8787 12 648
12056 232 11637
9289 191 9600
11786 172 8650
10672 96 4801
11769 96 4844
13478 155 7783
13671 77 3883
13510 8 407
10874 37 1884
10906 179 8978
11219 16 820
10725 321 16089
8971 132 6612
10688 94 4736
9297 188 9437
11745 2 146
11094 86 4322
11866 2 140
9379 142 7137
11094 186 9337
8836 75 3791
11604 202 10125
10520 214 10716
9063 187 9388
12039 8 417
12426 85 4259
10530 14 724
10937 42 2111
13671 77 3867
11973 2 103
11066 22 1127
12061 3 174
11630 181 9069
9239 76 3841
9563 389 19466
9473 75 3798
10743 90 4504
11745 275 13758
11833 256 12802
11685 117 5864
11779 182 9112
13623 50 2536
12514 47 2363
11243 64 3233
10974 139 6989
13549 8 450
11203 16 847
10432 301 15087
11601 97 4880
11729 17 864
13647 13 652
12000 13 682
10473 55 2774
11119 262 13113
9310 19 953
9079 88 4421
10869 32 1649
8720 85 4252
9410 17 871
8894 105 5263
9377 159 7994
10741 0 49
11913 130 6517
9321 51 2564
9394 253 12679
9336 268 13443
8903 37 1877
10520 216 10812
11173 123 6166
9564 377 18899
11094 186 9347
11881 90 4534
11930 123 6180
12552 48 2443
12485 73 3683
10478 23 1194
11134 23 1188
13647 15 787
9329 127 6378
10719 66 3310
13629 17 900
10489 24 1243
12378 57 2870
12057 22 1101
11842 161 8054
13674 134 6743
13536 106 5313
11187 83 4172
12543 206 10337
11608 164 8218
11228 4 235
11927 127 6372
12506 40 2037
12508 6 315
11832 181 9085
9001 5 259
11866 94 4746
12073 28 1413
10760 147 7381
13617 19 952
11674 6 316
11059 50 2541
12420 39 1995
9519 120 6019
11848 215 10758
9410 86 4307
9554 18 942
9348 100 5019
12466 18 928
9677 60 3045
9467 268 13410
10660 211 10571
10591 78 3911
9437 301 15075
13454 6 342
8878 40 2012
11737 97 4884
11270 46 2307
11766 110 5517
11544 60 3017
8465 168 8438
11800 179 8977
10888 12 640
11831 41 2100
9717 225 11286
10490 29 1473
11644 164 8238
10737 259 12992
11026 61 3063
9479 214 10737
11926 127 6368
9563 493 24696
11626 11 594
9410 81 4099
12145 165 8251
12505 94 4742
12020 32 1621
10647 142 7129
12025 215 10775
13647 15 799
13545 18 942
8836 74 3737
13491 11 595
10847 14 712
9338 26 1343
8742 90 4536
9240 54 2734
8538 111 5581
9239 119 5953
10929 45 2288
11494 201 10052
12066 25 1293
11278 322 16146
11531 116 5847
12054 200 10031
11213 80 4027
8446 214 10749
9601 415 20764
10668 308 15407
10371 3 159
8460 263 13186
11507 89 4499
11922 239 11989
11759 50 2528
12075 45 2267
11574 9 484
11680 113 5688
10475 22 1131
10597 60 3030
12545 71 3567
8445 72 3603
10567 85 4272
8959 230 11548
9597 512 25642
10598 8 437
13635 1 53
12514 68 3405
12504 178 8928
8735 118 5906
12506 109 5474
9454 113 5665
10449 215 10781
11738 135 6766
12431 18 924
10994 21 1093
10959 79 3955
9313 21 1088
10442 239 11953
8995 98 4948
13661 111 5594
12077 45 2252
9562 99 4971
12070 82 4135
13561 19 967
10660 209 10475
10490 130 6543
8806 21 1068
11206 48 2430
12107 79 3980
10693 231 11586
10924 79 3964
12057 20 1026
12380 75 3774
11842 51 2590
8467 145 7259
11907 220 11044
9169 1 92
9704 265 13285
9427 169 8471
10725 28 1428
13454 37 1886
9653 184 9208
8708 135 6784
9531 393 19668
11976 86 4326
8914 75 3794
11829 91 4559
10689 63 3184
11707 18 943
11989 96 4830
9113 8 416
12075 267 13376
11726 252 12645
9326 32 1603
10450 8 446
13583 89 4476
11264 35 1753
11836 73 3661
9603 324 16247
9517 53 2679
11848 307 15376
11965 75 3766
10668 307 15371
13650 0 36
12139 130 6545
11168 108 5415
12533 73 3674
8697 138 6926
9068 317 15884
12006 64 3242
9535 568 28402
8687 271 13585
11700 5 256
11644 81 4074
11832 133 6663
11574 95 4768
12068 135 6798
8626 44 2241
9515 70 3531
12533 49 2499
11691 126 6303
11524 151 7551
11065 20 1028
10938 148 7442
11961 35 1787
11025 111 5589
11086 14 747
11865 21 1086
9668 117 5872
9527 256 12830
8708 25 1289
10969 18 934
11755 27 1396
11230 8 411
11990 8 409
13528 47 2359
10580 206 10350
9075 286 14344
8857 152 7631
10905 72 3630
10952 250 12504
9243 77 3900
12143 13 655
10688 16 822
11927 228 11436
9067 78 3949
13565 81 4088
9656 183 9184
11793 221 11078
11494 24 1230
8975 61 3061
8468 23 1161
11665 122 6132
12377 9 494
11815 87 4370
11119 32 1623
8538 286 14317
10355 57 2894
11665 61 3063
9592 135 6773
10744 96 4806
11914 80 4014
10725 123 6197
12039 440 22040
12374 186 9311
9096 109 5453
8454 22 1105
9395 283 14182
10994 212 10632
10533 126 6332
11519 225 11252
10811 78 3939
8650 26 1317
13580 76 3803
8857 152 7631
13635 1 53
9030 60 3033
12379 75 3760
12504 135 6791
9576 412 20638
13691 131 6565
9205 241 12082
13580 38 1916
13453 10 505
9044 27 1372
10713 7 378
9438 3 187
11134 134 6704
8680 226 11316
11524 211 10553
9026 55 2759
10441 322 16107
10952 170 8528
10591 78 3925
11631 66 3325
9494 113 5692
13454 37 1886
9542 204 10235
9208 203 10161
13648 107 5365
9340 64 3211
10687 164 8240
9289 319 15992
11187 320 16008
9470 234 11712
12556 45 2279
11976 332 16609
10601 22 1122
12145 174 8725
13568 26 1323
8412 23 1178
13484 89 4468
12054 100 5032
13484 62 3116
9447 77 3887
8414 89 4460
11786 172 8650
11644 65 3291
9067 77 3866
8742 71 3593
8708 25 1289
8538 286 14317
12145 65 3273
10993 9 473
12139 73 3699
9619 80 4014
11831 38 1913
9620 306 15306
12366 0 22
10724 181 9056
12539 73 3676
11119 297 14864
8693 13 673
11626 1 86
13687 152 7626
9567 98 4914
11173 9 465
11991 184 9238
11112 200 10017
12005 16 807
13630 58 2920
8739 30 1544
11912 76 3828
13688 190 9542
10622 9 459
13661 43 2164
11604 61 3078
11766 113 5669
11714 30 1501
8964 140 7046
9470 99 4956
12111 107 5383
9348 163 8156
8745 48 2415
9470 178 8924
12368 6 328
11813 148 7447
12556 45 2279
9001 101 5074
9617 126 6347
13509 79 3990
8742 223 11169
8893 57 2878
12565 268 13421
13662 8 431
8907 127 6356
8668 48 2441
10952 9 468
11291 247 12397
12137 82 4124
10647 142 7109
13629 64 3209
12380 7 369
9024 135 6753
9226 99 4962
8995 92 4628
13477 155 7775
11728 224 11220
11713 119 5994
9521 27 1394
10800 5 271
13552 18 911
8941 50 2507
9089 38 1923
12026 16 826
9201 200 10021
11921 134 6750
11970 29 1459
11814 29 1478
11971 7 387
10885 23 1169
9092 13 680
8513 10 547
12449 233 11681
11762 253 12688
11648 110 5544
12053 5 270
11512 32 1629
12061 124 6206
9422 13 665
10540 36 1831
11154 30 1544
12000 86 4350
10382 74 3741
9564 517 25895
9410 83 4196
10501 197 9880
8720 48 2448
9620 216 10808
12545 12 646
10623 71 3561
9536 94 4706
11740 1 93
9075 269 13479
11971 25 1272
11229 7 396
13558 13 665
10714 68 3421
13629 32 1619
10623 69 3451
10537 47 2375
13692 4 247
11726 117 5864
9024 69 3459
11974 154 7723
9494 567 28393
10974 104 5214
8975 200 10008
10727 184 9246
10558 24 1206
10623 70 3541
13583 92 4630
11064 164 8250
11848 284 14242
8473 28 1412
10906 227 11357
10580 98 4915
11998 233 11688
9366 191 9577
12451 34 1710
10520 118 5913
13688 193 9668
12100 6 350
11059 22 1149
10578 231 11554
12054 56 2834
11913 291 14586
9620 306 15322
9494 89 4458
13503 172 8626
9694 22 1125
10688 94 4736
11540 84 4206
10631 30 1542
10882 3 178
9026 52 2642
10727 183 9173
9602 35 1800
9524 3 163
9512 556 27828
10538 215 10776
11543 251 12560
11108 13 660
11094 167 8364
9650 319 15958
11833 131 6586
12083 443 22175
11972 60 3014
13630 46 2350
9037 73 3698
9669 307 15380
11854 59 2977
9049 134 6737
11271 18 933
13503 172 8626
8711 79 3985
10846 319 15954
9706 12 616
11094 60 3003
8926 11 591
10952 256 12828
9425 28 1418
9582 7 367
11235 6 328
10501 19 979
11846 107 5354
8427 61 3051
11557 84 4210
9668 154 7741
9534 113 5657
13463 3 167
10848 178 8925
10756 95 4800
11989 87 4389
8964 108 5422
11707 18 933
9001 110 5533
8538 5 261
11893 88 4426
12145 81 4056
10490 228 11443
11914 90 4546
9516 364 18231
9741 8 436
8995 90 4504
11675 116 5839
9470 143 7153
9712 123 6194
11064 164 8214
11927 127 6372
8943 63 3152
12143 36 1807
9561 66 3336
12091 395 19778
11845 175 8800
12002 141 7059
9672 6 346
12075 287 14360
11707 18 901
9348 0 48
10743 134 6721
8856 9 490
9444 184 9212
9644 2 110
8460 260 13031
11872 55 2788
12053 18 906
9653 272 13646
11134 117 5879
11801 33 1658
9067 12 639
9511 414 20720
11728 94 4704
11893 51 2597
11545 168 8447
9080 137 6864
9446 124 6202
8460 135 6799
10843 95 4792
11895 256 12828
9576 412 20638
11095 118 5919
9720 127 6356
11614 30 1547
10608 14 708
11540 86 4340
9379 48 2409
9529 274 13748
9240 45 2296
9481 172 8637
10644 30 1511
11648 167 8382
9386 321 16091
10857 148 7435
12565 180 9027
13475 24 1231
12083 84 4216
13642 116 5819
11820 98 4932
10599 130 6518
11027 265 13293
8908 20 1035
12432 25 1265
11197 104 5225
11972 42 2135
9689 313 15651
8894 69 3454
11065 95 4790
9535 69 3467
11972 135 6796
11971 45 2294
8757 11 592
11766 206 10306
12541 20 1014
9215 258 12929
9470 181 9095
12379 75 3799
10610 68 3421
11973 30 1521
13687 6 330
13624 37 1877
13671 139 6965
10843 77 3869
8538 274 13721
11604 105 5293
10696 199 9965
13510 8 444
8650 3 153
13661 205 10270
11698 82 4124
10692 142 7111
10865 12 633
10484 19 992
10843 77 3893
11068 50 2534
10700 283 14182
9586 511 25581
8934 140 7007
13453 10 505
11854 75 3789
10725 123 6184
8580 36 1849
10803 153 7680
8794 91 4556
11969 107 5395
10634 316 15845
9560 61 3076
9637 281 14060
11609 216 10816
8460 260 13005
11720 6 334
11644 3 166
8490 59 2990
11678 79 3973
9480 69 3482
10501 197 9880
12094 10 549
10725 303 15178
8762 79 3972
9299 220 11019
12446 70 3525
10516 38 1906
10713 4 245
11087 44 2247
10974 139 6983
10660 163 8151
12451 74 3711
10968 25 1295
9249 340 17014
9631 72 3643
11709 4 221
11173 5 261
10729 53 2669
9603 350 17537
11515 28 1448
8680 226 11309
12091 47 2355
8794 184 9249
8758 2 125
13580 10 524
13662 16 819
8776 132 6645
12368 54 2710
12506 132 6604
9470 237 11868
12495 90 4550
13475 24 1231
11896 2 111
8487 0 39
10897 44 2222
12418 59 2956
10771 195 9758
10660 163 8189
11769 112 5605
13660 81 4056
11728 225 11277
9385 205 10289
11769 117 5858
10712 287 14389
10735 108 5414
12533 76 3820
13626 21 1078
8435 69 3486
9526 328 16428
12420 5 295
11283 103 5170
9472 58 2923
10724 168 8404
9632 59 2985
9545 316 15823
8538 9 494
8964 140 7041
11066 191 9555
11787 81 4078
10831 101 5086
11494 220 11006
8431 19 951
9336 8 447
8626 93 4655
11283 63 3152
13661 43 2164
10631 61 3051
8762 256 12831
10923 74 3701
13465 81 4053
8975 232 11622
11197 95 4780
11658 1 98
11296 41 2070
8648 274 13739
11559 28 1437
10831 93 4665
8813 66 3304
10597 59 2967
8666 120 6036
11638 1 93
9341 252 12608
10768 59 2985
10645 64 3236
9618 81 4079
8690 117 5852
9563 496 24831
11707 177 8867
10478 41 2088
12533 73 3674
8915 29 1458
9494 439 21971
13487 88 4401
11494 131 6568
13690 21 1075
11742 161 8070
13638 172 8638
8435 70 3517
12057 42 2129
13453 29 1475
9063 282 14124
12143 36 1807
11508 293 14659
11842 77 3892
11169 9 471
10833 60 3018
11972 42 2107
12529 191 9551
9410 17 871
8886 17 870
11656 41 2054
9437 43 2198
8751 32 1627
13587 48 2422
9065 26 1324
9717 230 11547
11943 133 6679
11172 97 4866
10959 59 2969
11067 4 216
13648 77 3896
11068 56 2846
11108 21 1092
12025 149 7467
11047 6 320
8650 63 3198
8445 266 13315
12083 308 15415
9063 27 1383
8918 51 2575
13583 89 4476
8538 37 1877
8796 142 7127
13461 12 636
8936 78 3946
13460 48 2402
10959 76 3840
12545 120 6039
11915 323 16190
11283 26 1335
11557 85 4294
10595 122 6127
10580 201 10084
8468 23 1161
11605 278 13935
8460 24 1232
12073 28 1413
11119 297 14877
9717 231 11564
10595 43 2175
9024 114 5741
11778 57 2859
12374 5 265
11742 196 9820
9445 198 9915
11614 53 2673
12504 79 3965
10432 302 15116
9505 191 9560
12011 6 304
10382 123 6194
9698 85 4264
12046 61 3061
11282 2 102
10694 100 5044
11832 24 1214
9395 200 10009
11494 201 10052
8971 128 6413
8908 255 12784
9249 172 8613
13621 77 3870
9717 224 11238
9546 66 3316
10382 124 6242
8529 31 1584
11605 32 1621
11064 128 6428
8964 140 7044
10563 103 5175
13674 68 3424
9563 388 19436
11296 8 446
12431 138 6944
8810 65 3296
8742 105 5281
13569 63 3188
11720 6 334
9545 56 2842
10517 34 1734
11614 176 8810
8590 196 9826
11869 135 6773
9546 247 12382
12545 132 6644
9702 244 12231
11613 62 3112
10610 69 3500
11182 47 2374
9704 80 4018
9349 118 5928
11674 66 3314
12073 17 861
8769 83 4154
13635 32 1618
11678 333 16658
8899 89 4459
10989 37 1889
11830 173 8652
10625 176 8814
13637 18 935
9238 2 132
9297 218 10923
9500 587 29365
11537 126 6304
11582 24 1237
11177 35 1767
10486 56 2819
10644 31 1555
10485 26 1334
12052 50 2545
12040 98 4935
12020 88 4431
10741 257 12855
10442 159 7959
12446 33 1653
8590 69 3465
10583 55 2756
12034 87 4362
8796 141 7075
9226 72 3640
10865 16 833
10569 224 11212
11846 135 6759
11675 58 2929
11984 75 3782
10938 188 9422
8446 189 9497
13693 33 1663
9215 256 12806
12145 43 2182
11713 137 6885
11529 140 7009
8996 322 16120
11539 19 969
11108 39 1967
9565 16 817
9563 319 16000
13540 35 1795
9515 22 1140
13637 13 698
9694 48 2444
13660 27 1384
10716 32 1629
9310 26 1317
9444 342 17111
9324 61 3095
10570 15 772
11974 114 5739
11574 55 2772
10713 2 125
12382 231 11594
9669 78 3924
13479 97 4899
9293 11 574
11559 45 2280
10712 14 725
11083 23 1189
9500 179 8992
11700 55 2792
8562 94 4710
10743 136 6841
10680 72 3635
9511 623 31171
10804 76 3847
10795 143 7180
11087 6 301
11913 185 9296
9269 66 3320
12331 2 114
12369 6 334
9669 52 2633
8702 107 5355
11786 98 4936
9651 340 17049
13617 21 1071
11203 32 1640
11187 147 7357
9563 493 24696
11096 30 1535
12495 63 3186
9439 105 5299
10696 253 12686
13617 100 5017
8745 47 2386
10884 28 1435
11639 53 2700
10516 39 1951
11508 144 7243
9512 555 27760
11204 22 1117
12057 60 3039
12557 63 3187
12042 62 3108
8746 202 10118
9310 111 5585
10505 75 3753
11644 25 1273
10606 16 849
10599 129 6483
10747 59 2987
10712 72 3631
11581 85 4267
9717 61 3051
9554 18 942
11294 58 2911
13487 32 1640
12442 252 12626
11726 252 12645
10521 210 10550
9546 171 8598
8529 200 10046
8746 199 9958
11589 33 1694
9640 127 6397
10762 117 5855
11785 11 555
10355 132 6625
12073 17 852
8971 246 12349
9341 24 1230
10563 179 8985
8747 15 793
12545 52 2604
11094 167 8379
10479 17 862
10523 295 14792
10727 92 4648
10796 288 14404
11589 198 9944
9194 97 4862
9603 562 28101
11507 82 4124
12094 10 545
9087 24 1209
11581 85 4267
12561 50 2516
9505 191 9560
11290 233 11692
9191 301 15099
8700 219 10996
10595 122 6127
11738 265 13289
10438 130 6509
9385 204 10214
11546 21 1088
11984 10 523
10578 238 11905
12001 46 2303
8553 137 6861
10884 281 14064
11294 18 950
13678 137 6897
10972 9 484
11854 75 3789
9470 289 14460
9515 70 3531
10657 215 10783
9188 140 7009
9479 192 9626
12541 85 4257
9095 224 11250
11064 168 8425
10592 93 4689
9188 129 6499
9466 42 2143
10786 114 5750
10834 317 15890
11171 29 1453
8894 145 7297
11869 24 1241
9765 82 4144
10727 183 9193
11025 112 5610
11601 4 201
9562 181 9092
10952 256 12828
10675 173 8666
11081 1 78
10974 177 8888
12070 199 9979
10654 108 5432
12091 207 10388
11991 69 3464
12442 142 7145
12441 166 8345
10563 189 9458
9434 315 15760
12508 169 8479
10735 258 12910
9340 136 6835
11111 110 5550
11132 2 104
11166 95 4784
11171 68 3410
13582 45 2264
12052 18 937
9706 13 682
11628 213 10682
8706 81 4057
9356 117 5871
10952 168 8406
10672 96 4810
11537 49 2494
9410 82 4111
10972 17 893
13617 40 2014
9404 39 1957
12039 372 18626
11169 19 971
10830 251 12561
11537 49 2494
9620 279 13967
12446 70 3539
8795 33 1699
8888 114 5710
10389 33 1671
11041 54 2713
10654 214 10735
8888 114 5714
10757 125 6251
12137 19 1000
11025 23 1175
11728 242 12149
10888 249 12484
12057 60 3035
11025 111 5552
9704 200 10041
8711 6 343
11887 59 2993
12020 18 930
11283 45 2264
13643 3 152
13593 51 2572
13478 58 2938
12454 146 7338
9677 164 8220
10583 49 2454
10845 36 1849
12418 36 1814
11709 51 2551
11828 20 1001
8817 10 510
10432 308 15423
10696 201 10096
8758 2 146
8650 3 153
12454 19 954
9675 111 5583
9515 114 5717
9297 243 12151
8688 104 5225
12422 129 6477
8943 53 2697
9567 96 4811
12039 278 13943
8431 17 882
11696 50 2550
12031 0 16
10355 57 2879
12514 47 2363
8897 153 7678
11885 69 3466
9483 215 10754
11134 36 1811
11494 108 5447
8894 145 7284
9338 177 8878
9385 206 10337
10520 117 5892
11976 40 2034
9536 20 1021
11976 361 18051
8538 274 13749
10490 137 6889
10704 296 14850
10634 31 1554
11514 24 1209
11589 123 6183
11128 18 923
11637 158 7903
12040 58 2941
11756 270 13527
11813 159 7998
11786 261 13091
10382 30 1540
12004 275 13773
11168 100 5042
9249 340 17033
9765 83 4176
11776 25 1291
11763 102 5119
12365 36 1813
10918 9 486
9030 165 8294
10711 27 1371
11094 225 11270
11187 83 4190
11070 219 10992
9427 167 8372
11674 48 2405
11630 74 3736
12025 144 7242
11565 246 12337
12382 159 7986
13479 35 1797
11776 78 3940
10508 9 453
10442 239 11953
8547 9 461
11604 105 5268
9757 43 2200
10533 108 5450
10688 225 11298
12000 85 4276
11926 127 6384
12418 9 457
11793 221 11078
9586 326 16341
12541 118 5921
12069 183 9155
10913 25 1293
8445 73 3692
13491 99 4978
12497 41 2060
11614 26 1320
9636 3 160
11614 10 547
11628 121 6080
11913 291 14592
13643 114 5733
8762 222 11146
11965 260 13011
12454 258 12930
8648 153 7674
10704 260 13025
10574 65 3288
11976 178 8929
9500 512 25630
8454 25 1283
8920 36 1840
9297 333 16677
13658 46 2345
11756 107 5354
13690 57 2897
10665 80 4020
11990 6 320
9225 201 10094
11971 2 107
10646 187 9398
12442 65 3290
9232 5 256
8963 30 1502
11116 44 2216
13642 55 2791
9188 130 6505
10680 72 3647
8650 2 105
12145 65 3273
11108 39 1967
11786 227 11372
10663 89 4470
11723 272 13631
10959 62 3136
9445 211 10558
11971 21 1097
9072 74 3703
9207 54 2723
11537 126 6344
9464 129 6491
12011 6 304
12438 138 6950
12497 274 13723
8666 335 16794
10822 24 1215
11934 242 12144
13619 111 5579
13660 98 4940
10432 345 17261
10688 276 13804
10483 110 5512
8709 121 6056
12086 79 3976
13639 62 3141
10696 139 6978
8513 11 574
13660 77 3866
8908 253 12675
10574 65 3296
8666 304 15201
13662 155 7796
10441 263 13163
11508 293 14659
8855 36 1841
8719 265 13288
9340 139 6963
12025 123 6170
10490 176 8805
12514 62 3109
8441 7 395
12068 135 6771
11550 237 11893
9500 583 29154
8702 217 10873
8817 10 549
10906 227 11357
8709 121 6056
9706 15 789
9504 31 1583
13662 122 6128
10725 302 15114
11515 28 1448
13661 10 503
11917 16 818
8991 6 344
10563 60 3002
12541 85 4257
12380 10 550
8490 23 1196
10657 217 10889
12034 19 957
10562 214 10714
9560 141 7073
9704 75 3789
12545 12 618
11945 132 6648
9196 166 8331
10969 148 7417
10625 336 16810
10693 210 10501
12441 227 11380
11091 111 5576
11553 143 7167
9653 344 17201
8855 20 1001
12368 6 327
8894 36 1829
11545 177 8871
9065 33 1685
12025 35 1757
13569 96 4813
8771 7 386
9689 313 15651
11203 52 2632
9348 100 5019
13583 58 2915
9523 643 32166
12374 186 9314
13520 38 1926
11879 162 8116
13687 152 7614
9597 313 15685
11182 47 2375
10735 260 13021
11707 18 938
12075 287 14364
12529 99 4981
11120 34 1745
9603 321 16096
9188 72 3634
13661 1 87
8802 6 332
11557 84 4210
13647 28 1402
10687 161 8098
11091 204 10228
9704 46 2350
8791 3 199
12086 63 3193
11781 9 475
11881 90 4519
12070 350 17528
13583 92 4617
9654 84 4249
9628 21 1099
8716 13 657
11715 53 2692
8590 199 9994
13465 89 4495
11759 39 1985
10833 58 2921
10611 125 6262
12091 207 10388
10484 18 915
8701 158 7903
12139 130 6537
11115 44 2244
9649 110 5545
9511 444 22224
9675 51 2569
13529 10 519
13688 149 7500
10892 76 3843
13479 71 3552
9273 115 5757
11912 213 10681
9603 273 13655
12425 41 2083
8666 107 5364
11512 28 1420
9525 38 1935
11926 66 3346
8784 119 5984
10803 53 2671
12086 9 499
11909 169 8461
11952 27 1383
9372 124 6207
8771 8 440
9519 120 6019
11608 91 4566
12094 15 788
9069 56 2807
10483 112 5604
9113 10 522
9411 34 1701
13662 12 610
11713 212 10636
12495 78 3914
9199 8 425
11524 129 6482
10447 20 1011
12139 253 12678
11844 289 14483
11906 204 10241
13616 100 5004
10910 29 1451
12117 0 31
8460 30 1520
8668 64 3243
10667 39 1994
13467 126 6320
13678 55 2781
11959 67 3370
13549 8 403
10583 53 2685
11842 51 2582
11965 112 5642
10906 110 5537
11215 72 3624
11064 206 10340
11201 20 1004
11769 127 6384
11095 0 12
8435 69 3477
12459 98 4950
9210 73 3661
10583 53 2685
10713 5 283
8649 58 2932
12560 40 2021
10929 45 2258
11728 131 6593
11090 179 8990
9704 202 10104
12541 85 4284
12543 222 11147
12495 90 4550
9225 29 1494
9030 162 8149
11150 146 7315
8690 118 5917
9033 312 15647
9324 66 3317
9587 578 28908
9567 277 13865
8934 125 6259
12139 136 6819
9576 279 13958
10972 18 914
12137 82 4120
11893 51 2560
9679 150 7523
8475 0 39
8433 176 8804
13478 147 7378
9346 4 213
8666 267 13395
8711 6 343
10680 117 5868
9612 31 1563
12539 25 1293
8492 60 3021
11197 98 4916
12482 66 3320
13536 98 4936
10743 134 6721
13583 54 2750
9717 224 11202
11278 322 16146
9144 78 3935
10521 289 14462
10629 105 5290
11535 83 4163
8465 167 8369
8720 47 2389
12368 95 4789
12365 36 1820
9432 32 1630
12566 162 8125
9068 239 11960
11848 48 2406
9203 44 2213
9608 104 5204
13461 11 587
9704 197 9871
12075 45 2269
8455 167 8360
12137 130 6534
10379 158 7921
9370 75 3778
11793 109 5481
11765 249 12488
13618 142 7129
13642 116 5819
8806 93 4665
8617 10 523
9215 98 4905
13480 50 2536
9311 131 6565
9377 139 6956
9467 53 2681
12008 13 688
9002 289 14455
8666 117 5875
11915 239 11959
13617 11 600
12380 75 3772
10665 81 4063
10574 43 2187
9311 134 6745
10540 35 1788
12552 30 1511
10445 225 11279
9709 58 2915
8701 217 10882
9346 35 1760
11500 7 362
10308 63 3152
9512 555 27760
13580 191 9565
9538 616 30845
9636 3 160
11998 405 20254
13467 88 4448
11564 52 2634
8668 64 3243
10972 17 900
10921 36 1826
8702 108 5427
8562 91 4600
10781 37 1899
8920 75 3784
9349 162 8126
9512 457 22893
11976 330 16544
10674 15 798
9470 283 14182
12083 443 22175
9586 409 20469
10833 17 880
10803 153 7680
10668 313 15676
9677 165 8260
9434 45 2294
10760 208 10406
8905 114 5710
9432 32 1645
12441 166 8345
9683 35 1779
11692 22 1129
9639 26 1319
12480 31 1595
10741 4 247
13614 75 3783
8465 273 13660
8465 275 13789
11636 13 654
11963 305 15298
13683 85 4267
9536 9 454
9710 192 9620
12137 99 4957
9534 155 7772
9726 126 6313
10959 59 2961
9608 104 5242
8806 21 1082
8894 146 7328
12364 123 6158
12442 71 3591
9033 125 6300
9437 295 14781
9556 25 1261
13522 10 515
13621 10 531
10447 20 1024
9679 135 6767
11264 82 4133
8971 196 9846
11963 106 5312
13503 159 7974
12495 243 12196
13545 24 1248
8446 95 4792
10972 9 484
11119 280 14027
13469 81 4086
9395 148 7409
8754 37 1854
12083 73 3654
9542 212 10650
9437 330 16533
9597 349 17493
11842 178 8934
11644 79 3977
9030 162 8149
11991 127 6379
10735 260 13021
11707 161 8094
12106 28 1444
11865 17 883
12495 229 11479
11550 173 8659
9675 63 3152
9474 5 286
9410 17 872
12056 251 12598
10857 148 7403
12056 232 11637
11120 154 7728
12451 74 3736
9656 182 9121
9529 584 29209
13680 44 2225
9694 164 8244
10520 305 15251
8471 30 1515
9563 317 15857
9225 202 10126
9597 101 5095
10574 220 11032
10473 46 2332
9079 76 3832
12000 108 5406
11290 248 12448
11680 113 5672
8996 181 9089
8538 111 5581
8469 37 1878
11763 151 7554
10789 0 20
10648 25 1262
9445 69 3480
9561 66 3313
11550 173 8668
10648 145 7289
10721 152 7629
12103 2 145
8459 35 1794
8504 41 2088
11030 59 2964
8697 139 6961
9394 253 12679
8688 101 5056
9617 5 262
11848 127 6357
12554 71 3588
11720 179 8985
13675 5 287
11537 126 6344
9432 3 180
11913 125 6290
11721 79 3999
9232 4 240
8578 198 9903
13616 209 10473
10910 70 3511
10521 208 10448
8917 318 15945
10905 100 5010
11759 47 2351
13471 18 930
11726 170 8534
9470 146 7330
11879 293 14655
10688 224 11218
13693 33 1690
10937 45 2260
10488 34 1720
11644 75 3785
11766 269 13480
9072 7 369
11290 153 7687
12504 171 8579
12039 33 1662
10998 10 517
8709 18 934
12006 12 626
10726 18 911
8650 47 2390
9386 261 13058
12480 74 3731
11247 14 731
13491 58 2950
9009 203 10200
9563 541 27058
9684 62 3150
12039 343 17152
11644 65 3291
8666 335 16794
10884 224 11219
11895 246 12304
9362 73 3686
11721 74 3741
8697 254 12745
12451 57 2896
8693 11 565
11845 175 8797
10905 70 3531
12004 312 15618
9238 53 2663
13480 78 3949
13661 142 7147
12383 44 2228
11206 32 1610
10672 150 7533
8700 35 1762
9653 335 16773
11235 6 328
10580 98 4938
12442 122 6148
11644 212 10648
10994 21 1093
13478 112 5638
9410 18 949
9310 111 5585
10781 8 432
10436 11 569
11619 104 5250
8720 19 987
10629 107 5351
10857 196 9837
12077 9 484
8418 64 3230
10590 68 3431
12451 74 3711
12441 386 19323
9628 22 1139
9535 328 16403
9629 10 540
9639 240 12037
10884 27 1386
11667 18 919
9307 57 2900
8928 45 2278
11182 47 2391
8445 172 8648
11729 17 865
11820 98 4932
10623 71 3564
8658 2 145
9366 298 14939
9245 347 17376
11282 26 1332
11630 74 3736
8739 31 1554
9205 30 1505
11867 108 5413
12454 260 13036
8537 262 13114
11751 46 2313
10439 137 6895
12561 171 8560
11639 53 2697
8589 199 9977
10989 37 1857
8742 70 3527
10508 9 478
8800 54 2741
9511 516 25831
9370 74 3725
12364 19 980
8538 46 2347
8959 230 11531
9649 2 133
11550 219 10968
8817 13 675
11780 106 5313
10379 32 1638
12418 59 2989
12139 330 16550
11029 35 1790
9049 16 834
13588 20 1028
9341 229 11456
11604 202 10125
8794 183 9159
12086 9 470
10441 85 4264
11204 22 1117
10580 76 3801
9656 183 9192
8680 228 11408
8585 24 1234
11769 112 5605
13537 10 513
13621 77 3900
10693 130 6529
11816 56 2823
9562 236 11808
12146 20 1018
10761 0 34
10689 42 2125
11852 55 2760
11866 94 4746
11854 59 2977
12380 69 3489
10705 28 1410
9188 128 6440
11088 41 2094
12137 27 1352
8578 17 852
9542 28 1427
11763 211 10569
12137 82 4124
10952 318 15908
10901 17 887
10444 33 1700
13568 104 5203
9240 60 3046
8994 177 8856
12529 92 4615
9677 16 844
10959 60 3026
10906 245 12272
10761 4 202
8548 32 1634
8996 333 16688
11094 98 4910
10768 59 2985
9572 43 2179
11551 105 5280
13678 173 8690
11930 321 16067
10741 2 145
10711 27 1394
8585 23 1187
9030 132 6613
11815 129 6494
11868 98 4943
12091 205 10285
9620 279 13967
10755 48 2431
11919 26 1316
11557 54 2723
10901 68 3407
10578 147 7369
9546 66 3314
10307 79 3968
11973 166 8311
9724 22 1122
11726 295 14778
10445 223 11161
12004 39 1984
11680 94 4712
9586 327 16387
9338 26 1343
10725 29 1494
9205 198 9925
10441 83 4153
10574 347 17355
12091 172 8629
8537 260 13045
9395 199 9958
13638 224 11232
10882 5 299
11756 270 13528
8648 272 13619
12378 40 2018
13617 40 2014
11505 14 724
12374 5 265
8590 280 14014
13691 104 5233
9474 5 281
11664 117 5867
12508 386 19306
11519 233 11664
8906 96 4816
11094 175 8793
13617 234 11748
11869 301 15070
8769 83 4182
10700 283 14198
9001 5 259
10857 26 1348
12108 66 3348
9668 103 5188
11848 268 13439
9602 643 32175
11508 142 7144
11512 28 1444
12020 32 1618
11974 45 2271
9562 179 8982
10570 5 282
13469 68 3425
12057 71 3588
8690 205 10288
8700 65 3280
9628 22 1139
11936 10 504
12485 76 3822
11963 0 22
11505 8 403
11291 23 1163
13691 142 7124
10747 191 9579
10538 213 10694
8908 81 4095
11187 209 10492
9470 323 16195
10665 25 1299
11791 72 3639
10475 20 1038
8431 16 850
13652 24 1243
11544 36 1819
11171 29 1453
10436 273 13700
11196 205 10300
11998 142 7127
9499 485 24277
10538 216 10830
9564 376 18829
9583 148 7439
9527 157 7867
13480 50 2542
11065 95 4763
11886 56 2837
12418 38 1935
8529 29 1477
11793 109 5481
11906 286 14315
8762 286 14318
12039 411 20565
9299 226 11340
13587 48 2415
10969 147 7380
10521 231 11552
10611 40 2011
9560 142 7105
11169 225 11267
11071 1 58
9226 98 4909
9644 52 2610
10574 219 10960
11934 231 11580
10584 99 4995
11591 102 5123
11283 112 5615
10569 115 5779
11742 245 12266
11821 103 5184
12533 49 2499
10696 117 5852
13461 12 636
11120 35 1760
9437 63 3163
11574 194 9724
9545 109 5497
9519 245 12289
11973 2 129
10647 151 7553
11737 188 9443
11866 94 4718
11544 69 3458
11168 58 2904
12480 122 6107
12056 160 8013
11237 12 609
11707 18 938
10721 264 13219
11931 17 861
11495 17 858
11925 141 7060
10569 32 1631
8799 78 3922
10905 70 3531
8682 14 716
11740 159 7983
13466 167 8397
13690 46 2302
13471 18 930
10784 73 3660
10599 130 6539
9603 286 14331
9324 61 3058
9658 54 2745
11604 105 5268
9567 264 13228
11977 71 3552
9370 76 3835
12025 244 12239
10490 177 8859
10441 322 16107
9491 74 3701
12383 56 2823
13660 27 1384
12040 25 1260
13687 73 3673
12482 171 8588
10520 233 11681
13468 18 913
12045 164 8250
13618 96 4828
11960 32 1622
10714 107 5399
13522 10 515
12454 19 954
11187 189 9453
9679 135 6767
8762 286 14318
8708 25 1283
12083 119 5960
11282 2 102
11047 6 320
10725 105 5263
9195 209 10470
12495 50 2503
11135 7 359
11064 168 8439
8714 22 1107
12066 52 2632
12543 260 13003
8937 26 1339
11842 51 2591
11842 51 2590
12021 52 2646
11646 30 1516
12401 22 1107
13661 10 503
12061 94 4739
11971 21 1080
9069 56 2847
8697 140 7022
11846 53 2698
12004 305 15267
11726 8 449
11990 29 1488
10490 137 6878
9494 113 5692
9494 322 16123
11766 165 8276
13661 227 11396
11553 61 3083
9620 306 15301
8975 126 6306
12433 6 333
11605 300 15032
12506 132 6604
12039 8 409
9538 447 22382
11584 108 5402
9467 55 2773
8799 177 8863
10901 17 862
11086 139 6991
11508 116 5814
8446 95 4763
9439 106 5302
13642 17 874
13647 13 697
12080 182 9144
10558 105 5300
13660 98 4940
9524 6 316
11095 159 7979
11632 71 3590
11973 0 8
9586 325 16276
11723 234 11726
9461 45 2275
13652 4 239
8751 87 4368
9656 158 7942
8680 227 11399
11264 27 1357
12070 199 9979
12025 109 5471
11589 169 8464
10505 112 5620
10864 82 4110
9065 113 5691
9331 17 871
11741 104 5207
11926 14 715
11976 394 19723
12066 204 10233
9500 409 20490
12068 158 7926
9527 256 12830
11506 21 1063
11759 236 11841
13688 92 4637
8813 76 3814
8701 2 147
8754 37 1854
13580 24 1233
11657 42 2139
8708 37 1891
11852 13 661
10680 120 6025
10756 187 9352
12544 32 1608
9232 7 386
11086 258 12909
12139 136 6820
11088 45 2272
13580 23 1198
11769 127 6383
11833 79 3973
12442 212 10646
12145 165 8266
13552 49 2485
10694 100 5044
9348 21 1063
10475 111 5560
13671 88 4420
9063 39 1951
11846 53 2678
11973 152 7627
12021 22 1137
11786 260 13015
10883 121 6094
9090 218 10915
11906 307 15365
10598 8 414
10648 16 824
12145 165 8274
13536 96 4811
10732 36 1823
8549 110 5521
9440 225 11279
11080 181 9056
12497 150 7520
12091 340 17023
12083 206 10320
13693 16 814
11844 112 5619
12040 2 140
13678 137 6867
11780 115 5763
13638 172 8638
11565 217 10892
12495 229 11467
12380 186 9345
8806 19 953
11830 300 15040
13675 81 4064
8975 63 3187
8959 103 5187
10837 247 12369
10593 193 9663
10897 47 2385
12502 44 2229
10355 307 15394
12533 53 2658
11519 155 7792
11800 2 118
10735 204 10209
8922 2 128
10818 40 2040
12418 62 3111
9445 122 6112
11582 24 1237
10437 115 5787
12561 326 16331
11080 139 6959
9511 147 7378
9246 9 464
9024 76 3834
13676 3 194
8996 206 10332
10608 15 787
8787 39 1952
11169 19 985
9619 80 4014
11608 53 2663
8769 268 13416
10563 8 431
13477 172 8615
11291 247 12397
9215 203 10195
10700 285 14283
11780 196 9814
10307 152 7647
9524 5 272
10882 5 299
12517 248 12436
9065 116 5821
13630 42 2101
11738 129 6478
9345 47 2355
10584 99 4969
10762 42 2115
9538 11 585
10796 106 5346
9239 201 10087
9531 392 19630
11742 245 12288
12441 300 15025
13467 89 4455
11765 43 2164
10447 53 2685
9067 7 358
8697 161 8071
11755 15 791
11911 33 1670
11520 115 5758
13651 188 9430
9201 242 12113
9292 23 1179
9297 222 11132
11182 24 1203
12032 19 973
11540 58 2908
9225 27 1380
10843 76 3801
9037 182 9103
10822 5 255
10688 94 4702
10884 225 11283
9002 293 14684
9072 8 410
12495 103 5163
9434 189 9486
10562 214 10715
9444 191 9587
10562 215 10764
11614 54 2712
8963 64 3246
10910 51 2596
10781 88 4421
9536 34 1740
11591 3 171
11868 98 4943
9704 80 4018
11879 162 8131
9720 168 8415
8476 4 218
10846 200 10026
8995 54 2706
10493 111 5561
9535 305 15285
12015 5 285
9377 139 6960
12454 258 12914
10475 20 1031
8666 117 5874
9404 40 2028
10643 2 114
9672 6 331
11881 211 10569
11754 6 343
8791 3 166
13675 159 7981
11119 22 1141
9233 70 3507
10563 185 9279
9727 79 3987
12533 9 458
10837 247 12393
12025 215 10785
8908 362 18108
13680 63 3181
9479 194 9703
9096 329 16461
10563 62 3150
9416 59 2995
12543 284 14230
8905 191 9593
13586 11 579
12001 70 3548
9597 356 17844
9479 92 4649
8680 226 11309
10714 100 5033
9563 508 25450
11294 18 922
10530 15 782
8907 135 6789
11816 176 8829
10590 65 3252
8589 193 9676
10648 32 1642
11726 283 14171
10669 118 5926
13651 181 9098
