12080 150 7546
13568 104 5203
9567 264 13228
11581 85 4267
11724 183 9172
11565 217 10892
11638 1 93
11828 20 1001
8917 288 14410
13510 8 444
10725 123 6184
9684 62 3150
10520 216 10812
9293 11 574
13619 111 5579
9563 451 22576
10563 185 9285
12497 165 8263
13638 224 11232
10857 148 7403
13580 23 1198
9563 541 27058
9628 21 1099
10449 215 10781
10563 103 5175
8908 255 12784
11665 109 5473
9527 256 12830
9444 184 9208
9307 58 2945
11952 27 1383
11604 105 5282
11907 121 6064
10693 238 11904
8538 37 1877
11766 206 10345
9546 247 12354
11715 107 5379
12504 171 8579
10521 22 1148
11879 323 16191
8492 32 1640
8795 36 1833
12529 99 4981
11609 216 10816
12529 191 9551
8802 7 370
8764 144 7221
9297 318 15904
10484 59 2973
12374 207 10356
9326 32 1603
8617 83 4154
12073 17 852
11296 41 2070
9567 276 13830
12561 50 2516
10438 130 6509
10473 46 2332
9590 70 3531
11879 235 11763
13536 96 4811
11116 104 5248
13617 40 2014
13683 232 11627
10719 67 3352
11672 77 3891
13671 159 7959
12485 76 3841
8885 116 5801
9560 55 2768
11644 25 1273
12020 32 1632
10869 32 1649
9208 197 9890
10924 79 3964
9470 147 7360
11064 164 8214
10961 11 555
12441 166 8345
11283 63 3173
9024 114 5741
13638 77 3865
12103 2 114
10897 47 2385
12545 78 3902
10745 295 14758
12418 59 2956
11656 41 2054
8915 73 3651
11728 225 11277
11080 281 14051
9612 35 1794
11766 269 13480
9656 160 8013
12367 30 1520
9628 22 1139
11921 273 13683
11494 50 2544
11290 233 11692
8751 116 5832
8794 91 4585
12068 135 6798
12006 40 2011
13638 93 4655
10952 9 468
12383 49 2500
10693 231 11557
11881 51 2572
8590 280 14014
9726 273 13693
10598 8 414
13517 5 276
9706 12 616
11559 45 2252
10696 199 9965
8680 226 11309
11134 117 5879
11691 146 7326
11614 96 4803
11630 148 7428
9479 214 10737
11724 183 9172
10583 49 2454
9348 98 4935
9669 307 15392
10473 55 2774
9348 201 10071
8459 21 1089
12529 92 4645
9479 214 10737
9395 148 7409
9504 31 1583
11508 293 14659
8445 265 13277
10478 59 2955
12145 174 8725
9067 77 3866
11094 201 10099
9637 276 13803
9366 298 14939
10741 2 117
11296 8 446
12514 50 2534
10432 292 14639
9535 569 28453
12016 435 21788
11887 59 2993
11605 32 1621
13674 154 7735
13652 4 239
12070 10 516
8490 59 2990
13461 12 636
11816 56 2823
9470 283 14182
12541 10 513
12056 232 11637
10622 9 459
10645 66 3346
11755 15 791
10445 15 771
9346 35 1760
13643 173 8678
13629 32 1619
12514 68 3405
9562 99 4971
13583 221 11094
11745 275 13791
10394 2 132
11550 219 10968
13467 28 1441
8783 27 1372
11067 4 216
12108 41 2054
11169 19 971
8476 4 218
9385 206 10337
13691 142 7114
11589 198 9902
9704 197 9871
11769 96 4844
9069 37 1879
9507 33 1655
11626 1 69
11609 271 13581
11979 24 1241
9536 20 1021
8806 93 4665
12497 165 8264
9479 92 4649
11116 44 2216
10569 46 2320
12103 2 145
8680 228 11408
9470 234 11712
9324 66 3330
12449 240 12005
12366 0 22
12495 78 3914
10307 79 3968
9379 166 8341
10475 20 1031
12036 39 1959
11893 51 2560
10578 151 7563
9344 252 12604
11793 109 5481
10479 18 905
11551 105 5277
9067 8 410
13561 53 2664
9434 189 9465
11680 94 4712
9684 63 3177
9445 69 3480
9694 164 8244
10578 231 11563
11900 54 2748
9447 77 3887
8810 65 3281
8690 57 2868
12545 71 3567
12039 176 8808
13477 155 7775
9239 77 3857
10680 72 3635
11504 34 1744
9245 345 17267
12066 204 10233
9239 76 3841
9610 25 1253
9194 97 4875
8518 19 999
8578 16 849
12034 87 4376
11646 31 1567
9637 281 14052
12071 140 7040
8711 75 3796
9679 149 7451
13509 79 3990
9587 573 28651
10865 16 833
9597 314 15737
9370 184 9211
9684 62 3150
10760 147 7381
9232 5 256
9470 143 7153
9069 56 2847
11090 6 321
12368 6 327
10837 247 12369
8918 94 4747
9592 135 6773
8513 12 641
11786 227 11372
13555 1 52
12508 386 19306
10833 159 7954
8445 173 8652
9576 279 13958
12485 2 136
8711 75 3796
10882 4 234
11720 55 2759
11611 9 466
13453 10 505
10861 123 6168
11639 53 2700
10694 100 5044
12379 60 3031
10307 152 7647
9717 225 11286
9538 363 18163
8562 91 4590
9499 485 24277
11728 111 5557
10741 247 12383
12368 6 327
9404 39 1957
13621 10 531
13629 177 8884
9511 443 22197
12001 46 2303
8920 75 3784
11611 9 466
9379 191 9595
12380 10 550
10693 258 12913
12382 159 7986
9239 118 5936
9348 88 4411
12075 162 8136
11707 177 8867
9677 164 8220
13675 159 7981
13660 184 9235
9480 146 7313
11282 2 102
11840 10 542
12070 276 13814
11094 167 8364
10786 113 5671
10848 178 8925
8701 2 147
9464 129 6491
11630 74 3736
9356 117 5871
9470 234 11712
11762 253 12688
12422 78 3923
10382 43 2174
8626 85 4277
11047 6 320
13487 32 1640
11545 177 8871
8492 35 1799
10874 37 1884
9535 561 28058
11520 115 5758
12496 62 3150
13565 107 5359
9030 132 6613
13580 191 9565
11886 56 2837
9239 119 5953
9207 56 2833
10533 126 6332
12127 0 46
11779 189 9497
11726 304 15204
9372 125 6287
11779 189 9475
12497 150 7520
10906 179 8978
8553 137 6861
8758 2 123
8666 335 16794
9470 146 7330
9307 57 2900
9590 116 5815
12045 53 2692
10725 29 1494
11970 92 4614
11087 44 2247
12005 56 2839
12006 64 3242
12459 136 6845
12143 13 655
12083 119 5960
10959 79 3955
10972 17 893
10563 63 3190
12369 6 334
9679 135 6767
13484 62 3116
11532 3 200
8720 47 2389
9617 4 222
11182 47 2375
12016 38 1931
10711 62 3113
11027 265 13293
8649 59 2972
9249 341 17068
10693 231 11586
10583 55 2756
13630 46 2350
12504 178 8925
12442 252 12626
11512 32 1629
10906 181 9065
11947 94 4727
9515 70 3531
12446 70 3539
11879 124 6224
12025 328 16428
12454 258 12914
9065 121 6074
12011 18 919
10884 28 1435
11291 4 217
9536 31 1563
9669 52 2633
12080 147 7362
11628 146 7301
9090 222 11108
11844 289 14483
10735 260 13021
11848 268 13439
10910 27 1387
13629 194 9711
9601 97 4894
13645 10 524
8707 96 4814
11112 132 6642
10569 300 15032
9095 233 11664
11087 6 301
9519 120 6031
12495 103 5194
13471 12 636
11630 74 3736
8460 263 13186
11108 39 1967
12422 188 9416
13477 155 7775
11509 52 2603
11866 2 140
12053 5 279
10920 115 5787
12002 100 5003
9377 139 6960
10906 181 9055
9524 6 316
11973 166 8311
11976 334 16746
13476 56 2812
10833 17 880
9341 24 1230
12137 130 6534
9030 162 8149
10857 26 1348
9277 121 6097
12378 57 2870
13583 73 3673
12565 309 15475
11693 34 1722
8687 275 13798
8436 48 2450
10432 300 15015
9217 114 5742
8650 5 279
10756 187 9352
11173 5 261
10654 340 17048
10744 96 4806
10923 109 5499
12004 123 6187
11990 28 1411
9049 134 6737
9717 288 14443
8903 37 1889
12560 109 5451
11604 75 3787
11830 173 8652
11913 143 7171
8751 87 4368
9597 349 17493
11909 206 10336
11927 189 9496
8666 106 5341
8435 69 3477
9527 36 1827
11644 212 10648
11990 8 409
12145 81 4056
12002 141 7059
10486 55 2762
11041 16 825
10517 37 1871
10741 2 146
8646 33 1659
9194 93 4695
8520 50 2517
11998 368 18408
11881 90 4519
11879 235 11799
10913 25 1293
9653 224 11233
10432 7 365
10969 15 771
9597 513 25655
10747 191 9579
8448 116 5817
10931 320 16017
10857 148 7435
8467 30 1521
13580 96 4836
8538 127 6354
11619 104 5250
9188 91 4591
10692 111 5581
9727 79 3987
13678 137 6897
10570 14 738
10727 92 4648
8739 30 1544
13660 74 3730
11119 297 14864
13520 51 2553
8548 92 4605
9533 226 11343
8935 288 14416
11215 78 3910
9466 42 2143
10599 130 6518
11820 122 6140
11494 108 5447
10688 225 11292
9586 498 24934
10522 50 2543
11738 16 816
8894 105 5263
11187 147 7357
12002 141 7082
11741 104 5207
9602 571 28575
10969 147 7380
9266 3 192
10562 215 10759
9072 74 3703
13687 168 8449
11756 270 13527
11071 1 58
13650 0 36
10580 205 10274
8894 36 1829
9345 47 2355
11494 201 10052
9346 32 1623
8857 152 7631
12365 36 1813
13453 13 655
12462 0 14
9672 6 331
10952 318 15908
11745 99 4956
10831 101 5086
13678 113 5696
10578 151 7563
11742 161 8070
11754 6 343
11990 6 320
10501 195 9783
11171 81 4087
11984 176 8803
13661 227 11396
10479 17 862
11177 35 1767
10371 11 572
11820 273 13697
8742 223 11169
9474 98 4924
8709 18 934
9710 39 1964
12039 440 22040
8784 119 5983
13461 11 587
10857 196 9837
10386 30 1501
12070 36 1809
13671 139 6991
8996 181 9089
9492 227 11351
11494 50 2541
8971 128 6413
9741 7 388
11776 58 2910
12057 60 3035
8915 76 3818
9505 191 9560
12068 9 475
12083 206 10329
8936 78 3946
12011 19 990
10696 78 3931
12110 207 10357
8908 288 14440
11544 60 3017
12482 123 6165
11984 75 3751
13642 55 2791
9444 184 9208
9340 139 6963
13593 51 2572
12139 381 19091
11071 280 14029
10743 134 6721
9602 56 2849
11990 6 320
12061 3 174
11971 7 395
11094 98 4910
10562 79 3968
11953 65 3286
13563 6 309
8971 60 3043
11619 176 8804
9033 312 15647
10729 53 2669
13510 8 444
9560 55 2768
9225 202 10126
13687 152 7626
9679 135 6767
11879 293 14655
12529 92 4615
11531 70 3516
8908 81 4095
11531 139 6980
9336 8 447
8714 23 1189
11187 83 4172
8702 107 5355
10843 95 4792
9505 191 9560
13569 63 3188
11831 41 2100
11168 101 5056
9527 157 7867
11237 12 609
9305 44 2227
10693 257 12879
11081 59 2973
10489 42 2147
8446 95 4792
9432 32 1630
10905 100 5010
11644 69 3486
12545 12 618
11030 61 3054
10974 138 6902
8899 89 4459
12052 51 2594
11740 294 14746
9427 167 8372
11759 236 11841
11081 20 1038
10646 14 725
13662 8 431
11172 97 4866
9529 208 10447
10520 144 7250
12382 231 11594
11832 181 9085
11614 176 8810
11201 20 1004
9582 7 367
9529 584 29209
9644 39 1992
12004 293 14661
10940 96 4837
11296 41 2070
9295 24 1231
10668 307 15371
9538 447 22382
11173 14 732
12034 109 5466
8975 62 3134
10803 153 7680
13461 12 636
12497 274 13723
9617 126 6347
8746 29 1483
9345 114 5714
13480 50 2542
11820 11 562
10771 40 2050
8908 81 4095
11815 175 8783
10441 322 16107
13668 82 4145
8975 232 11622
8751 87 4368
8549 151 7562
9499 53 2668
12042 62 3108
12368 54 2743
9507 118 5904
12486 186 9332
9538 53 2674
12495 90 4550
10374 15 793
8538 9 452
9536 8 429
11896 2 111
10540 36 1831
13537 10 513
10520 345 17266
8784 119 5985
10668 313 15676
10640 25 1282
11765 43 2164
10665 140 7021
9336 266 13350
13652 4 250
11925 18 927
10584 99 4969
13662 16 819
9188 68 3406
10675 173 8666
9065 113 5691
10516 39 1951
10994 212 10632
10921 52 2641
9538 361 18063
9030 38 1906
10905 70 3531
11713 160 8016
11603 16 831
13479 50 2543
11172 58 2935
8513 12 648
11169 215 10753
9024 76 3834
10994 21 1093
10598 7 374
9191 301 15099
8975 63 3194
9470 183 9157
10483 112 5604
11927 270 13547
10660 211 10571
10847 14 712
12541 20 1014
10520 117 5865
11685 161 8094
12021 14 737
9529 229 11499
11972 60 3045
10713 7 378
13691 142 7124
8446 95 4792
9324 66 3317
11644 25 1273
11742 289 14467
9538 361 18097
10631 30 1542
12446 70 3525
11559 63 3169
8964 140 7041
10436 273 13700
13484 80 4030
11898 22 1113
9717 225 11286
10972 16 811
10569 224 11212
11971 21 1080
11166 95 4784
10450 7 360
11763 203 10196
10733 53 2668
8529 218 10949
9511 518 25934
12441 300 15025
9090 218 10915
10610 69 3500
12066 25 1293
12495 50 2503
12025 144 7242
13617 111 5564
9554 27 1353
13465 6 321
8548 92 4616
13587 48 2431
8836 75 3791
8680 225 11280
10307 155 7776
11508 144 7243
12000 13 682
10665 81 4063
11709 128 6446
9653 344 17201
11494 220 11006
12045 164 8250
10578 238 11930
11494 110 5543
9410 86 4307
8529 217 10895
8894 71 3577
10595 42 2109
12145 43 2182
11173 123 6166
12080 182 9144
10771 194 9737
9030 15 772
9292 23 1179
9095 224 11250
9567 277 13865
9668 117 5855
11885 60 3018
12561 50 2503
9712 122 6120
10689 63 3184
10966 39 1985
8987 4 205
8943 53 2697
11759 229 11496
9601 415 20764
11906 286 14315
9386 41 2051
12039 8 409
9001 89 4458
8917 317 15860
11088 45 2272
11786 260 13015
11751 46 2313
9470 289 14460
8455 6 302
10905 70 3531
10745 293 14666
8460 135 6799
9531 331 16587
12025 244 12239
10688 94 4736
11618 124 6223
10937 45 2260
11025 111 5598
9559 80 4044
12486 145 7294
12054 56 2829
8465 275 13789
9310 22 1120
10735 258 12910
12139 136 6819
10700 283 14182
9068 317 15884
8748 110 5549
11829 141 7096
9653 335 16773
10692 50 2504
10712 287 14389
11027 186 9305
10716 32 1629
11786 319 15960
12505 183 9163
11753 57 2892
11934 231 11580
9479 192 9626
13544 27 1371
9321 102 5137
9672 6 346
11844 112 5619
12565 137 6874
9619 80 4014
8931 132 6613
11605 278 13935
9644 52 2610
10561 71 3554
10486 56 2810
10800 221 11065
10735 253 12666
9068 239 11960
9519 120 6019
9464 123 6186
8735 118 5906
10959 59 2969
13510 8 407
11294 64 3210
12539 207 10382
13680 35 1789
11591 3 182
11565 281 14074
11149 131 6580
11695 7 400
9445 211 10558
13479 97 4899
11971 45 2251
9579 361 18095
9434 45 2294
8688 101 5056
12077 9 484
10952 169 8482
8771 8 440
8708 25 1289
12504 178 8915
10693 130 6529
10449 25 1296
9511 623 31184
9525 188 9427
9601 461 23053
10864 8 417
12514 139 6997
10888 12 640
11974 154 7723
12137 82 4124
12025 35 1757
9324 61 3095
11991 127 6379
11726 170 8534
11726 8 449
10563 62 3150
11619 177 8887
11984 180 9013
10479 17 862
8620 104 5215
11094 42 2150
8746 27 1400
8908 253 12675
11845 177 8867
10611 40 2011
9232 5 296
11169 225 11267
11807 13 670
11912 213 10681
9563 493 24696
12369 6 334
10667 50 2545
11800 179 8977
13630 46 2317
11976 330 16544
12442 71 3591
11237 28 1415
13676 3 157
11972 60 3014
9410 82 4111
9030 60 3013
9546 249 12466
13624 37 1877
9677 16 844
8971 243 12151
11169 126 6346
11619 195 9754
10885 2 104
11604 105 5293
11068 50 2534
9500 583 29154
9511 443 22197
10687 134 6706
11543 103 5177
8475 0 39
10689 42 2125
9483 215 10754
8787 39 1952
11974 103 5152
11998 183 9170
11846 107 5354
10685 22 1112
11087 58 2910
10597 60 3030
11991 69 3464
10595 122 6127
10567 263 13195
9704 356 17813
12514 62 3116
10442 239 11953
11769 117 5887
11678 0 21
9474 5 281
9653 240 12003
10665 54 2735
11769 117 5858
9658 54 2712
11291 247 12397
11553 143 7167
8431 16 850
13503 159 7974
11680 113 5672
12556 133 6669
13693 33 1690
10841 82 4111
11553 61 3083
8455 45 2300
10913 31 1595
8878 40 2012
9030 133 6655
9533 38 1946
8807 172 8630
10756 95 4755
9527 37 1900
9432 32 1645
11998 142 7127
10756 95 4800
10796 288 14404
9379 46 2338
11728 242 12149
9706 15 789
11740 1 93
9639 26 1319
9525 177 8882
9437 330 16533
9603 167 8378
9561 66 3313
9146 27 1383
10592 333 16681
9586 325 16276
10931 200 10017
11820 98 4932
12365 36 1820
13552 49 2485
13569 96 4813
11879 235 11799
8996 333 16688
9434 315 15760
9486 169 8460
11814 29 1478
11720 6 334
11842 178 8934
10668 150 7516
8964 108 5422
10714 98 4949
12086 9 499
8492 60 3021
11786 98 4936
11282 44 2233
13647 28 1402
13671 77 3883
11972 135 6771
11726 268 13436
12145 65 3273
9226 81 4070
10574 65 3296
13465 89 4495
9535 69 3467
10645 235 11762
8897 153 7678
11720 179 8985
10444 33 1700
10921 50 2540
11724 307 15375
9395 283 14182
10574 117 5899
9640 127 6397
10574 42 2104
10696 253 12686
13472 18 937
11090 179 8980
11973 29 1459
10762 42 2115
12137 130 6534
12039 8 417
10719 149 7480
10747 191 9579
11741 104 5203
10725 170 8535
8460 260 13005
11619 104 5250
8746 202 10118
9653 271 13599
11639 18 946
12025 144 7227
11783 8 420
11728 131 6593
12052 50 2545
12034 19 957
10629 107 5351
12561 171 8560
8704 0 6
11869 201 10084
9704 46 2350
9470 207 10396
11494 131 6568
9562 171 8592
8708 25 1289
9336 268 13443
10687 161 8098
13680 44 2225
9370 236 11846
9494 39 1956
12041 135 6751
11984 10 523
9603 275 13756
11776 14 747
8708 25 1283
12485 51 2586
12062 83 4195
13637 13 698
8587 6 320
8650 26 1317
9354 9 468
9656 183 9184
10447 55 2780
11074 39 1988
8789 85 4271
12077 45 2252
10520 117 5892
13674 226 11313
11515 28 1448
13658 46 2345
8476 28 1429
10743 90 4504
9560 142 7105
9675 63 3152
9249 340 17033
10434 47 2377
8666 48 2444
12368 6 320
11134 39 1959
9536 94 4706
11187 320 16008
9464 129 6491
9356 192 9634
13630 58 2920
9313 21 1088
11094 42 2150
8487 0 39
8855 36 1841
11786 98 4932
10623 72 3648
12374 186 9314
11066 22 1127
9338 177 8878
8687 271 13585
11904 71 3570
11134 23 1188
9458 58 2917
9679 133 6651
12552 30 1511
12438 138 6950
12091 340 17023
11540 7 358
11821 103 5161
12459 98 4950
11278 121 6099
10438 130 6549
8538 274 13721
11660 32 1623
13536 111 5573
11565 16 834
9249 254 12717
11278 322 16146
9292 22 1106
9379 44 2216
11759 236 11841
9297 218 10923
8762 256 12831
13668 82 4127
10906 181 9070
13660 27 1384
10833 158 7950
9422 13 665
10772 338 16940
9277 121 6097
10634 316 15833
8934 140 7007
11766 269 13480
11780 115 5763
9033 52 2630
13552 18 911
11737 188 9443
10884 209 10491
11778 57 2877
9207 68 3420
11786 261 13091
11506 97 4872
10610 70 3546
11963 0 22
11515 28 1448
12052 18 937
10834 317 15890
9730 50 2518
11492 2 147
9201 242 12113
9461 45 2262
9519 120 6031
9679 185 9273
11973 2 129
12454 260 13033
9245 347 17376
9037 73 3654
8650 48 2424
8697 218 10948
11721 79 3999
12374 5 265
9427 166 8346
13687 102 5144
10857 147 7387
11965 294 14736
10674 27 1375
9621 54 2724
12054 148 7404
11614 10 547
11120 154 7728
10803 153 7680
12094 10 545
12025 51 2568
8918 375 18777
8701 158 7949
9698 18 926
9567 97 4872
8975 61 3061
10892 74 3705
8719 264 13250
8928 45 2278
11929 89 4497
9644 52 2649
9597 512 25642
8796 142 7137
10379 32 1638
12070 350 17528
12026 18 920
12137 71 3598
12566 162 8125
8668 43 2180
13568 26 1323
11589 198 9944
12442 142 7145
9564 516 25808
13478 58 2938
13662 12 610
8894 145 7284
9710 192 9620
9362 158 7922
9437 292 14634
9479 191 9576
12497 41 2060
9470 237 11868
11737 188 9426
9273 115 5757
12545 52 2604
10721 263 13191
9727 78 3939
9410 81 4099
8548 92 4616
10489 24 1243
11728 131 6600
10538 179 8972
8690 204 10239
11081 11 566
11901 33 1663
10580 76 3801
10741 4 247
10523 182 9148
13652 24 1243
10520 189 9496
8687 271 13585
9345 46 2349
11644 65 3291
11608 91 4566
9341 252 12608
8855 20 1001
9437 301 15056
12454 19 954
11116 122 6138
9618 268 13443
8994 177 8856
10959 59 2961
11961 35 1787
9331 17 871
12545 27 1353
10761 0 34
9215 256 12806
9570 86 4326
12495 243 12196
10663 89 4470
11998 233 11688
11791 80 4001
10489 25 1256
10953 15 783
13537 14 716
12139 381 19056
9632 59 2985
10493 111 5553
10952 252 12624
11728 224 11220
11715 178 8925
12557 63 3187
11494 108 5401
10480 273 13690
12066 260 13012
13630 42 2110
10508 74 3711
11726 252 12645
8934 125 6259
11930 123 6180
11664 64 3237
10843 94 4749
11713 119 5994
9362 156 7810
8697 162 8111
9092 13 680
10606 16 849
11294 18 922
11264 27 1357
12139 30 1532
9338 181 9055
9564 517 25895
10972 6 313
11926 58 2925
11742 17 885
8538 111 5586
11959 67 3370
10968 25 1295
9639 238 11916
10478 23 1178
10688 225 11298
11235 6 328
12451 74 3711
10791 56 2828
11519 225 11252
8888 114 5714
11820 304 15203
12422 78 3913
11691 126 6303
8739 31 1554
10969 14 724
8754 37 1854
10611 40 2019
9482 229 11453
11531 189 9483
10523 20 1032
9370 76 3835
9527 255 12763
9377 159 7965
8562 52 2623
13671 139 6965
9617 5 262
9470 99 4956
8791 0 4
9668 103 5188
11529 216 10833
10882 5 299
9030 60 3033
11064 128 6428
8996 206 10332
10508 9 453
9608 104 5204
9249 254 12714
11235 9 475
8739 30 1544
13674 226 11342
13690 57 2897
9348 0 48
11933 32 1619
12551 5 277
8720 48 2448
8810 65 3296
11119 280 14027
11187 83 4190
8695 60 3026
8856 9 490
9724 21 1077
10382 124 6248
9542 204 10235
10669 118 5926
11278 54 2734
13676 27 1393
11568 29 1457
9009 202 10149
9444 184 9212
8711 77 3857
10848 178 8929
11515 28 1406
9669 307 15380
11866 94 4746
13630 42 2101
12556 101 5053
12015 5 285
8751 86 4349
11756 107 5354
10475 111 5560
8680 226 11316
11841 31 1566
11494 201 10052
10584 99 4995
10593 193 9690
10786 114 5750
9656 160 8042
12480 116 5850
11197 104 5225
9741 8 436
8894 146 7328
8418 64 3230
9586 327 16387
10665 137 6896
9510 22 1130
10847 13 692
12057 20 1026
9542 149 7470
11845 175 8797
8977 3 162
10719 48 2405
9001 101 5074
13671 19 991
9529 220 11017
11554 34 1729
11867 134 6705
11574 9 484
10830 251 12561
11759 39 1985
11858 35 1790
9567 276 13830
8927 78 3942
12404 65 3290
9041 15 764
10591 78 3911
11614 176 8847
9560 141 7073
12071 106 5322
9065 2 137
12091 47 2394
13583 219 10972
9297 243 12151
11869 24 1241
10598 7 360
8688 104 5225
10578 238 11915
9249 171 8568
11059 50 2532
11524 129 6482
11187 131 6599
11111 110 5550
10743 167 8363
9225 201 10094
9524 3 163
8894 145 7284
8538 286 14317
9425 28 1418
11909 169 8461
9618 155 7774
10772 325 16293
10719 153 7662
9704 75 3789
13633 40 2026
10641 11 573
11041 16 825
13623 50 2536
9226 301 15062
9065 33 1685
9188 128 6440
9504 31 1583
12382 40 2027
10688 14 706
11540 58 2908
11091 18 912
12503 31 1588
9572 43 2179
9468 3 182
10781 8 432
13661 227 11396
12533 73 3674
11786 261 13099
11989 87 4389
13651 188 9430
11198 164 8239
11779 182 9112
9345 115 5800
11763 156 7815
12420 39 1995
13676 101 5099
11815 87 4370
11601 4 201
12506 40 2037
10390 68 3449
8926 14 702
11512 28 1444
9494 439 21971
10824 140 7045
8650 2 122
10757 135 6769
13688 150 7515
10833 58 2921
9432 32 1645
9067 7 358
13639 62 3141
12057 54 2721
10714 100 5033
13540 35 1795
11283 112 5615
12139 136 6820
12009 28 1416
10654 108 5432
12066 204 10233
11095 159 7979
11973 29 1459
12039 343 17152
11644 75 3785
11931 33 1653
11836 73 3661
11591 91 4586
10597 59 2967
9567 98 4914
9694 18 916
11537 126 6304
12533 73 3662
11213 80 4027
11551 105 5280
11729 17 864
9481 171 8590
9563 539 26963
9668 84 4223
10841 87 4392
12025 215 10775
10938 188 9422
11833 256 12802
10484 120 6039
9579 283 14193
12426 85 4259
9470 323 16195
10432 335 16782
13617 111 5588
12526 0 31
10952 256 12828
10747 191 9600
9725 60 3021
11589 33 1694
10846 319 15954
11646 31 1551
11096 30 1535
8693 13 673
8435 70 3517
10386 32 1620
11965 294 14738
10784 96 4812
12061 38 1944
12540 111 5595
12143 13 663
10952 168 8406
9603 525 26276
10558 105 5300
11742 245 12288
9602 643 32175
10910 70 3511
13540 111 5551
8893 57 2878
10362 41 2088
12000 108 5406
9587 578 28908
9477 21 1070
9499 53 2654
13587 48 2422
12056 187 9387
9472 131 6592
13660 77 3866
11780 106 5313
12438 88 4419
13616 209 10473
8926 11 591
9216 113 5689
12516 6 313
11550 219 10968
10674 15 798
10831 93 4665
13662 16 819
12480 122 6107
11264 35 1753
10901 17 887
9653 341 17065
10724 181 9056
10623 71 3561
8537 338 16924
11264 82 4133
8817 10 510
11282 26 1332
11551 9 472
10569 115 5779
9434 45 2294
11726 262 13114
9439 108 5406
11846 53 2698
11029 38 1936
9238 53 2663
12013 21 1096
9681 64 3227
11636 13 654
12418 62 3111
9408 44 2237
13545 18 942
11494 99 4962
8799 177 8863
10897 120 6011
8666 337 16863
11965 75 3773
9096 207 10399
11495 39 1955
8806 94 4716
13460 48 2402
11786 255 12794
11081 1 78
10591 32 1601
8666 48 2445
10580 98 4938
9617 125 6290
13629 146 7329
10307 152 7626
11921 134 6750
9710 193 9651
11512 119 5980
11723 234 11726
13692 4 247
8646 32 1624
13530 2 125
11589 123 6183
10952 170 8528
12502 33 1662
9348 85 4280
11763 102 5119
10765 30 1518
9538 363 18181
9068 317 15869
11290 153 7687
8682 14 716
10599 130 6507
9656 183 9192
12436 38 1940
11926 127 6357
11494 154 7723
12075 45 2269
10355 57 2879
11120 141 7061
9366 338 16905
9542 201 10073
8943 56 2825
10688 13 682
9637 282 14129
12380 7 377
8700 176 8813
11844 169 8457
12442 12 615
12451 74 3736
11684 46 2347
10580 98 4941
13527 15 783
10569 119 5973
12482 66 3350
13674 68 3424
13661 10 503
11976 40 2034
11278 337 16879
9440 224 11218
10574 219 10960
9720 168 8415
11726 170 8534
8538 3 155
9096 117 5870
13676 3 194
9425 31 1576
10841 30 1519
11879 162 8116
11025 111 5552
8590 196 9826
8697 139 6961
11779 189 9475
11064 176 8805
11108 5 288
8806 21 1068
10355 130 6537
12514 62 3109
11095 0 12
10574 43 2187
11926 14 715
8626 85 4259
13549 8 403
8795 33 1699
11727 105 5252
11283 63 3152
12422 129 6477
12106 28 1444
11203 16 847
11858 35 1751
11934 120 6015
9403 17 860
11926 127 6368
11728 94 4704
11197 27 1385
10727 183 9193
10562 214 10715
13616 2 126
9653 147 7376
11658 1 98
9608 104 5242
11913 185 9296
10705 28 1410
8862 195 9753
10687 164 8240
13617 11 600
8418 63 3161
10696 80 4005
11921 302 15141
9461 45 2275
13689 117 5884
12480 31 1576
11778 57 2859
11820 98 4948
9345 47 2355
11692 22 1129
9483 212 10628
9529 212 10616
9479 194 9703
13477 60 3043
9669 274 13716
8680 226 11309
10781 86 4323
12036 72 3604
10647 151 7553
9563 389 19466
13478 58 2908
9717 231 11564
9437 147 7396
13568 67 3387
8465 168 8438
10921 36 1826
9454 113 5665
11494 275 13768
8742 70 3527
13674 49 2467
10355 132 6619
13692 24 1209
11972 42 2107
10672 96 4801
10595 43 2175
9348 20 1039
13565 81 4088
8529 200 10046
11726 295 14772
10756 96 4810
8666 122 6108
10545 150 7550
8513 10 547
11776 14 745
10660 51 2590
9338 26 1343
11290 248 12448
10537 47 2380
11095 159 7979
8529 197 9899
11931 17 866
12013 0 32
12495 229 11467
9113 8 416
12431 138 6944
9608 104 5204
12070 350 17504
12054 200 10031
11934 242 12144
11112 200 10017
9538 616 30845
10989 37 1857
10567 79 3974
9494 83 4180
9486 164 8240
11644 79 3977
11264 82 4133
12556 59 2991
11893 88 4426
11742 196 9820
8700 17 875
9089 38 1923
8680 226 11316
10570 15 772
12056 401 20079
11141 5 260
9002 289 14455
12556 45 2279
12454 146 7338
8445 172 8648
13453 29 1475
11868 98 4943
9440 225 11279
12021 52 2646
9538 453 22685
10713 0 3
13661 205 10270
10922 86 4317
10669 16 835
10882 3 178
9215 99 4982
10622 9 459
9442 104 5218
9053 9 495
9603 286 14331
12454 260 13036
9706 13 682
11505 14 724
12365 36 1820
13688 92 4637
8471 30 1515
9079 76 3832
9669 78 3924
8817 13 675
10741 4 240
11665 61 3063
11976 145 7272
11678 333 16658
10593 193 9663
9377 159 7994
9069 56 2807
11565 246 12337
13517 5 273
9226 72 3640
11537 126 6304
9467 55 2773
11726 295 14778
12137 27 1377
11848 144 7231
13467 94 4740
11574 194 9716
10743 134 6729
10523 11 594
11088 41 2081
9440 226 11321
8455 167 8360
9494 89 4458
8666 117 5874
9444 194 9740
9226 98 4949
8784 119 5984
11041 54 2713
12380 69 3489
12031 0 16
9075 269 13479
10432 301 15095
8813 76 3814
11116 27 1367
11605 32 1621
10713 3 152
10574 65 3288
10355 132 6614
12533 73 3674
11742 161 8070
9538 11 585
12068 158 7926
10355 132 6625
9706 15 789
8911 17 895
8514 89 4488
10931 89 4471
10737 259 12992
11667 18 919
8528 32 1604
10598 8 437
9499 421 21095
10821 111 5594
10665 80 4020
11090 179 8990
8917 319 15977
8856 9 457
11186 153 7656
9612 31 1563
10959 79 3955
11945 132 6648
8709 68 3422
9481 172 8637
8903 38 1915
9467 268 13410
11270 46 2307
9434 100 5043
11134 134 6704
10828 4 226
12061 94 4739
8715 42 2137
8908 362 18108
13491 7 399
10570 5 282
10523 165 8293
9068 239 11995
9603 274 13701
11094 175 8770
11912 76 3828
12137 34 1729
12446 33 1653
12083 443 22175
13660 27 1384
11926 66 3346
12069 183 9155
12495 63 3186
13690 46 2302
9194 97 4862
9545 109 5497
10705 219 10956
11973 69 3467
12368 6 328
10567 85 4272
9049 134 6737
12565 180 9027
8690 118 5917
11149 131 6580
8700 174 8729
9467 268 13410
9608 105 5255
9636 3 160
13671 186 9321
8769 361 18065
11168 58 2904
11083 191 9563
11134 36 1811
8791 3 166
9517 63 3200
9500 512 25630
10761 4 202
9628 22 1139
10959 76 3840
13671 88 4420
11591 3 171
10803 53 2671
12566 152 7609
13623 74 3701
11507 82 4124
13580 1 59
10781 39 1973
12107 111 5585
12075 129 6452
11991 127 6357
11582 24 1237
10921 229 11477
10841 105 5253
12508 169 8479
11631 280 14016
8806 21 1082
9602 648 32427
9069 37 1871
10442 159 7959
11842 77 3892
12364 19 980
11960 30 1544
11927 160 8017
11182 24 1203
9292 16 835
10845 36 1849
11108 54 2706
10432 308 15423
8711 77 3861
10989 34 1733
11613 59 2968
10563 185 9279
10831 102 5142
10445 225 11279
13629 194 9711
13472 4 242
8907 190 9531
11545 106 5349
10940 32 1610
9338 26 1343
10725 321 16089
10952 236 11808
13477 172 8615
10716 32 1618
11198 78 3930
8789 87 4387
10937 42 2111
12379 60 3031
9529 274 13748
10704 296 14850
8537 262 13132
11909 219 10982
9560 54 2711
9563 317 15857
10795 168 8432
10680 120 6030
11545 159 7968
11628 146 7344
10989 37 1889
8668 48 2441
10599 140 7023
9470 99 4956
11783 50 2510
10928 143 7170
9561 66 3316
9668 154 7741
12054 74 3721
9278 67 3386
9297 187 9359
11842 51 2590
11769 127 6383
11064 116 5804
10803 231 11560
8719 268 13426
9507 32 1636
10929 45 2258
9535 568 28402
11885 106 5316
9395 319 15995
9717 230 11547
9499 421 21096
10735 108 5414
10530 14 724
8996 332 16607
9523 643 32166
10800 225 11271
11095 272 13626
9201 240 12047
11873 23 1155
10897 67 3366
9500 409 20490
10570 14 733
8455 65 3251
9068 283 14189
10432 300 15023
12046 61 3061
9191 302 15132
8616 166 8306
13580 53 2667
9079 88 4421
8538 5 261
10490 191 9581
8697 161 8071
8537 261 13059
8934 140 7007
10680 117 5894
13454 37 1889
9618 268 13414
8638 25 1300
10910 29 1451
9404 12 614
11108 13 679
11294 58 2937
11846 100 5005
9494 318 15940
9515 22 1140
8791 1 56
11182 47 2374
9597 344 17250
11283 26 1314
8964 140 7044
9063 284 14234
11963 106 5313
9546 171 8598
12383 44 2228
12430 33 1667
11494 39 1977
13680 63 3181
10544 3 152
9521 14 722
11545 33 1688
9535 328 16403
10362 41 2088
11674 48 2405
11094 175 8793
11756 213 10675
9026 52 2642
11614 26 1320
12091 395 19778
11065 20 1028
12025 244 12239
11973 152 7627
9713 56 2833
9710 195 9798
13478 79 3958
8446 214 10749
12550 61 3099
10721 264 13219
11786 260 13015
9085 51 2574
8931 131 6584
8789 86 4320
12495 231 11570
13660 255 12789
11658 1 98
9474 5 286
8936 63 3168
10704 244 12206
13586 11 579
11756 187 9379
11842 122 6115
13629 17 900
11664 84 4212
8626 44 2210
10864 82 4110
11091 99 4994
9727 80 4008
12364 28 1401
9481 171 8590
11064 164 8250
10530 15 782
11196 154 7724
9470 181 9095
13558 13 665
10563 104 5223
8708 37 1891
11965 75 3768
9527 256 12830
10647 142 7109
8897 153 7678
11842 51 2582
11539 11 586
12482 31 1560
9538 53 2674
11698 82 4124
11544 36 1819
9479 191 9559
8701 4 204
9519 299 14980
10569 32 1631
10441 83 4153
8894 69 3454
10732 36 1823
11291 28 1439
10781 88 4421
13453 30 1502
9507 33 1655
8906 96 4816
8964 140 7046
12541 10 513
11504 77 3887
12565 268 13421
13652 24 1242
11026 61 3063
13471 0 12
9562 179 8982
8926 14 725
9362 73 3686
11809 24 1243
9445 92 4609
12054 148 7420
8650 60 3049
10791 58 2930
8751 32 1627
9640 84 4226
11540 86 4306
13478 155 7783
13616 2 126
11971 45 2294
10741 257 12855
12565 10 536
13660 112 5606
9472 256 12838
9377 159 7994
10727 184 9246
12068 52 2619
9240 51 2592
11723 259 13000
10952 170 8528
9499 485 24277
12091 207 10388
13517 5 276
9586 409 20469
8762 286 14318
9473 75 3798
12137 19 980
8446 189 9497
13629 64 3209
11984 180 9013
10781 86 4348
9470 237 11868
11557 84 4210
8538 111 5581
13510 8 407
11197 98 4916
12070 276 13841
9386 322 16150
11829 106 5314
12137 132 6611
12004 312 15618
12543 297 14870
9349 118 5928
8917 318 15945
12103 2 145
11168 40 2007
9683 35 1779
11529 213 10699
9269 66 3320
11906 204 10241
11644 140 7023
8668 64 3243
11667 18 919
13658 42 2148
8954 73 3678
10905 107 5356
9563 508 25450
11820 239 11987
11674 6 316
9538 612 30633
8927 71 3562
10654 108 5441
9410 17 871
11740 159 7983
9656 183 9192
11976 332 16609
13617 21 1071
8878 41 2084
11976 178 8929
13565 107 5359
9694 48 2444
11848 292 14604
9515 114 5717
12137 19 975
11745 2 139
11531 135 6758
13529 10 519
12438 88 4434
12441 44 2237
10927 120 6034
8693 11 565
10501 197 9880
11550 155 7755
12446 20 1039
8937 26 1339
12057 37 1863
11763 151 7554
10668 313 15676
11204 22 1117
11832 24 1214
9297 188 9437
9410 18 949
11197 27 1385
8915 29 1458
11867 108 5435
9602 31 1558
13642 17 874
13618 142 7129
8796 122 6104
12073 131 6582
12000 78 3931
9341 229 11451
8857 152 7631
11059 22 1149
11781 9 475
9002 36 1804
9512 556 27828
10680 117 5868
11756 270 13528
10959 60 3026
11848 307 15376
12368 95 4768
11609 216 10816
11971 2 107
8465 273 13660
8796 142 7127
8708 134 6707
9545 316 15823
11685 329 16451
11973 30 1521
10597 59 2993
12107 79 3980
12442 98 4938
11715 53 2692
10766 4 220
10669 99 4981
9586 325 16295
11965 294 14729
11929 108 5437
12496 120 6024
10694 100 5044
11854 75 3789
10580 185 9286
13587 48 2415
8715 42 2137
11112 200 10017
11628 146 7344
11833 79 3973
13691 74 3750
9704 80 4018
10855 17 889
11029 38 1942
12380 75 3774
8783 29 1473
8888 130 6501
10771 195 9758
11866 62 3148
12558 73 3673
9037 182 9103
10484 91 4599
9704 200 10041
10905 72 3630
10966 15 776
12139 130 6545
9576 412 20638
11869 167 8375
9338 26 1343
9677 60 3045
10563 60 3002
9726 354 17716
10803 284 14230
11979 24 1241
9201 200 10021
11243 64 3233
12071 37 1887
10822 24 1215
10725 303 15178
12009 14 737
8708 135 6784
8700 36 1816
12545 132 6644
13580 165 8269
11591 91 4564
10569 115 5779
10648 32 1642
12556 45 2279
9717 61 3051
11858 35 1755
11631 66 3325
13638 172 8638
9207 68 3420
9653 184 9208
13583 92 4617
12508 6 315
13467 177 8889
9340 138 6914
9090 219 10955
12529 92 4645
12057 60 3039
8794 184 9249
11557 84 4210
9297 334 16716
10855 17 889
10822 7 393
10625 336 16810
11128 18 923
9479 194 9703
8994 180 9043
12382 231 11594
11631 280 14016
10959 76 3825
9702 244 12231
11973 30 1521
11559 28 1437
11934 242 12133
11845 57 2888
11524 211 10553
8668 48 2441
9704 80 4018
11212 25 1259
8590 69 3465
12504 178 8915
12071 33 1665
10857 195 9773
9297 187 9359
11224 3 193
10567 79 3982
11815 203 10189
11169 223 11156
13661 148 7430
11086 268 13436
11815 221 11095
9349 162 8126
13675 5 287
11630 119 5952
11537 49 2494
11591 48 2446
10994 22 1119
11833 256 12828
13467 94 4740
9290 135 6786
10538 216 10830
9529 234 11740
8746 199 9958
11065 113 5673
9603 286 14346
9668 108 5406
9629 10 540
8937 26 1339
10381 6 314
9144 78 3935
9232 4 240
13549 8 450
10597 60 3030
11866 94 4746
12561 326 16331
10750 67 3373
13674 49 2467
13660 192 9605
11111 26 1307
9479 192 9626
11787 161 8082
11646 80 4002
10634 244 12218
8706 81 4057
11756 259 12990
10760 144 7214
12451 74 3711
10529 17 853
12045 83 4156
8751 35 1788
8996 185 9256
13583 54 2750
12066 121 6096
13629 32 1648
9386 333 16693
9480 72 3622
12545 132 6634
11632 71 3590
13638 152 7637
10508 9 478
11508 116 5814
13454 6 342
10741 0 49
12480 122 6107
9205 198 9925
10563 185 9279
8745 47 2386
10520 345 17266
11546 29 1457
12378 40 2018
13668 55 2796
8701 217 10882
8648 153 7674
9516 510 25548
8460 135 6799
9724 24 1207
9618 266 13307
8796 92 4623
8897 152 7642
10583 53 2685
12485 76 3822
11154 30 1544
12369 9 465
12418 9 457
13520 124 6236
10741 4 247
8920 37 1871
13651 181 9098
11991 184 9238
12083 154 7702
10595 43 2175
10521 229 11491
9556 24 1237
11068 56 2846
11913 291 14586
8648 151 7567
11738 129 6478
10969 21 1057
9492 233 11656
12008 12 623
10921 67 3397
11680 113 5688
13688 44 2250
11927 228 11436
8813 66 3304
9617 4 222
11911 33 1670
8905 190 9521
9067 78 3949
12485 37 1880
11521 155 7771
11842 51 2591
8908 90 4547
12032 19 973
12008 13 688
11095 0 12
12418 54 2741
12480 74 3731
12514 47 2363
12145 165 8266
11815 87 4370
9461 241 12066
10714 106 5348
12466 33 1675
8433 111 5555
8720 85 4252
9344 252 12604
9001 101 5086
8782 28 1427
9311 129 6465
9536 9 454
12137 19 1000
11626 11 594
9295 24 1231
8971 246 12349
10928 141 7086
9704 65 3262
10520 118 5913
12016 414 20716
11286 91 4563
12041 67 3378
10857 196 9811
9720 169 8488
13642 116 5819
11853 0 17
10583 49 2454
9425 28 1423
11965 112 5642
9720 131 6554
12061 124 6206
9372 124 6207
11780 196 9814
9372 125 6287
9310 111 5585
9470 181 9052
10719 153 7662
10623 71 3564
12052 50 2545
10966 15 752
10665 80 4020
13527 3 169
8876 96 4841
8794 53 2678
11557 85 4294
8905 191 9577
11872 57 2868
11108 70 3504
9669 303 15180
12066 52 2648
8720 19 987
12462 1 52
12083 84 4218
11723 272 13601
9311 131 6565
9689 313 15665
10578 151 7585
10688 276 13804
12032 19 986
9203 44 2213
8782 28 1427
12566 0 3
12442 36 1814
12504 79 3965
11091 111 5576
11108 13 660
10693 210 10501
9675 51 2569
13467 104 5248
10473 48 2413
8742 105 5281
11291 23 1163
9653 272 13646
11150 51 2575
10929 262 13107
11119 297 14877
10929 44 2222
11929 108 5437
11094 59 2994
9239 201 10087
8995 92 4628
9521 17 879
10538 215 10776
11069 66 3312
13651 85 4253
10595 122 6127
11868 98 4943
11917 16 818
9454 112 5601
11674 66 3314
12139 253 12678
8836 74 3737
13691 104 5233
9438 3 187
12454 260 13036
9486 169 8498
9505 192 9623
12011 6 304
9297 218 10923
9238 2 132
9403 17 881
12454 258 12930
12034 87 4362
9519 157 7860
8708 103 5177
8810 65 3281
8751 36 1814
13487 85 4271
9500 587 29365
12454 29 1461
10805 118 5926
12514 47 2363
9562 99 4971
11524 151 7551
11963 143 7184
10520 118 5913
9668 106 5334
8537 261 13059
11774 65 3261
11071 280 14037
13683 85 4267
11075 1 96
11508 142 7144
13580 165 8271
11769 127 6384
8927 71 3562
13616 326 16342
9517 53 2679
9470 293 14685
8806 19 953
12380 108 5434
13690 21 1075
9188 140 7009
11094 225 11270
10523 10 541
13475 24 1231
13580 76 3803
12075 267 13376
9494 39 1956
10713 7 378
9001 110 5533
12441 384 19206
9446 124 6202
9668 117 5855
8668 47 2391
12418 36 1814
13671 186 9307
11030 61 3054
13561 53 2664
10490 29 1473
12441 227 11358
10931 168 8447
12529 92 4606
8879 104 5220
10540 98 4948
9321 51 2554
12139 34 1724
8711 6 343
11546 21 1088
13645 0 8
13688 44 2250
12005 99 4960
8841 5 257
9002 293 14669
11724 245 12297
11203 52 2632
11990 29 1488
8971 245 12283
8714 22 1107
12056 251 12598
10729 53 2696
13635 32 1618
10848 93 4676
11064 128 6422
9030 165 8294
11230 8 411
10449 221 11100
9060 46 2313
8996 322 16137
8650 50 2548
9249 172 8613
12139 210 10518
11614 96 4833
11726 117 5864
9072 8 410
11729 17 865
11842 51 2590
11685 117 5864
13505 25 1268
12054 100 5032
9281 163 8182
13583 89 4476
12045 9 474
12070 82 4135
9533 38 1925
12495 229 11479
11559 45 2280
13520 108 5407
12364 19 955
11519 233 11664
10442 302 15127
9374 42 2146
13642 89 4468
11065 95 4790
10540 98 4908
8975 63 3187
9519 167 8353
9310 111 5585
13542 84 4237
12459 72 3621
9602 69 3467
12516 43 2190
13683 202 10129
10583 50 2529
12062 134 6707
10831 102 5142
13593 46 2330
8431 17 887
10874 37 1884
8894 146 7328
11545 177 8871
9063 27 1383
10603 47 2381
11913 291 14592
10592 94 4715
10888 269 13452
12083 443 22175
13546 0 34
12039 278 13943
12137 71 3576
10789 0 20
10371 3 159
11064 168 8425
11664 108 5412
10725 303 15178
9684 341 17069
9535 306 15319
13454 6 342
9310 67 3383
11740 294 14746
11514 9 492
10781 88 4421
9603 562 28101
12001 163 8180
12451 57 2896
