18005 199 9972
18021 77 3852
13725 126 6349
16089 372 18610
16877 32 1634
18741 17 863
14582 1 65
17990 100 5020
14555 141 7051
18463 177 8875
18733 41 2079
16877 24 1215
16348 98 4935
14715 57 2871
14802 286 14340
17698 6 336
17349 46 2327
18245 199 9975
18272 29 1477
18665 240 12014
15588 297 14851
17220 23 1199
14067 161 8094
17693 153 7667
13725 126 6349
15106 240 12006
17849 118 5901
14438 179 8974
15111 71 3568
15322 63 3189
14874 178 8906
14603 15 792
17663 21 1074
17663 21 1095
15916 207 10366
17451 326 16331
13763 131 6589
15339 28 1433
18659 109 5483
18910 77 3874
14438 254 12714
15103 106 5341
16853 63 3171
18923 183 9180
14123 114 5705
17683 89 4483
16281 74 3718
15257 127 6389
14749 191 9597
16529 91 4598
17325 5 260
16172 380 19021
17514 86 4341
16507 31 1557
14431 41 2094
14631 27 1362
15588 297 14857
14038 39 1977
18928 157 7852
18929 173 8690
14739 5 292
15862 287 14383
14582 60 3031
14899 87 4351
14626 143 7166
15339 180 9006
15464 156 7804
17662 57 2889
17620 241 12077
16676 68 3406
14342 288 14421
17696 9 472
15952 74 3719
14423 19 967
13861 127 6385
13993 79 3970
17132 205 10267
15396 145 7295
14067 48 2416
15433 170 8506
16735 59 2991
17302 43 2151
18764 42 2137
16094 244 12224
14789 112 5619
17328 29 1484
17239 187 9387
18218 160 8003
14550 300 15004
14760 149 7451
14458 69 3464
14874 178 8945
15701 3 193
17955 206 10319
16216 88 4421
15762 91 4551
14690 21 1096
16776 8 440
17724 53 2661
18676 493 24675
17840 369 18480
15457 184 9205
16499 224 11221
15987 252 12619
13701 74 3734
15931 0 45
14530 8 422
14021 4 219
17684 44 2228
14421 11 571
17594 72 3624
14455 147 7355
17137 3 151
17307 17 896
14899 285 14259
16322 1 93
18062 241 12096
15291 38 1904
18915 331 16583
18678 317 15895
16847 0 34
16357 50 2508
17089 49 2462
15846 112 5635
17648 13 693
17851 173 8651
15118 186 9339
18673 47 2373
17458 55 2787
16228 230 11521
14603 15 792
15965 497 24868
16826 362 18103
16499 225 11258
18495 102 5141
15397 197 9880
16339 159 7962
16011 154 7712
17662 129 6495
18021 77 3851
18933 66 3309
16112 207 10388
15282 56 2804
16158 53 2676
15473 57 2856
16741 347 17355
14220 39 1962
18863 86 4315
18782 72 3647
14912 73 3694
15427 8 426
14639 39 1988
16894 20 1046
17693 153 7667
14766 7 358
17383 412 20607
17195 209 10459
13982 34 1704
14212 184 9234
17029 99 4970
15322 149 7475
14743 187 9364
18218 147 7391
17986 227 11391
18286 111 5562
17504 31 1590
16845 140 7006
17314 66 3315
18463 177 8888
15392 114 5713
18713 4 215
16172 471 23589
18954 328 16431
17521 34 1707
13719 1 73
14040 28 1427
13970 5 255
17960 207 10385
13864 89 4460
14220 43 2185
15656 48 2406
15592 8 443
18244 279 13973
14631 257 12883
14543 103 5179
15417 24 1244
16271 82 4150
15167 20 1034
14063 92 4613
18031 274 13737
18933 95 4788
13803 171 8579
16119 501 25055
17955 68 3419
18764 42 2110
15882 198 9914
18021 386 19324
15397 226 11350
17683 7 369
16216 88 4421
17691 19 953
14392 238 11947
16051 85 4262
14030 116 5812
18286 58 2914
18469 185 9287
17766 43 2197
14771 34 1711
15339 262 13107
17055 18 924
15909 36 1838
13714 113 5655
14153 18 924
13708 55 2796
17661 78 3908
18646 2 145
18225 79 3957
17560 138 6941
18701 8 425
14580 5 277
15491 86 4320
18242 170 8528
17662 64 3227
18794 85 4256
17686 274 13750
16726 85 4270
18935 391 19583
18927 65 3272
16411 11 566
16169 301 15075
13982 34 1710
17055 295 14781
13907 16 837
17196 55 2782
18010 225 11255
15639 189 9475
18603 256 12823
15345 148 7434
17683 89 4483
17307 4 208
18741 27 1397
17987 18 941
18218 185 9255
16520 27 1362
15350 239 11960
15828 429 21477
14392 24 1201
16292 76 3845
18005 112 5637
18646 48 2444
17367 90 4540
18044 230 11543
17164 78 3923
16051 85 4258
15931 521 26076
13913 66 3342
16038 192 9601
16513 15 778
16148 220 11044
18650 46 2328
16826 193 9684
16743 21 1061
16849 95 4769
14067 60 3029
18713 4 215
14165 54 2749
15774 343 17154
14535 109 5472
18923 416 20828
16216 88 4421
17387 40 2046
17678 6 340
17851 173 8685
13862 79 3987
14530 8 446
15160 258 12922
14007 126 6340
14024 24 1241
14634 123 6178
14763 17 884
16821 208 10433
13732 99 4961
13865 76 3804
15986 42 2114
16818 96 4845
16544 117 5856
18918 142 7135
14438 178 8904
18021 429 21489
13991 46 2305
14975 102 5141
16168 42 2114
15125 174 8736
17451 311 15578
16028 226 11345
18631 54 2741
17985 321 16097
14205 27 1364
17851 58 2924
14985 30 1536
17630 1 66
16356 17 862
17166 0 29
14632 102 5108
14093 182 9137
17666 50 2527
15430 57 2895
18795 111 5588
17596 47 2355
16776 222 11124
18032 175 8798
14729 89 4451
17371 269 13495
18497 206 10345
16315 59 2962
15098 79 3954
17482 77 3894
14068 68 3407
18794 162 8104
17686 274 13727
15961 188 9429
16875 22 1102
15252 14 731
16134 370 18516
18044 452 22615
18034 86 4311
13712 127 6380
17693 163 8198
17955 72 3644
15154 74 3719
14067 48 2426
18218 111 5565
17472 17 862
17648 13 693
15395 95 4751
15098 57 2880
15828 319 15960
14539 50 2511
14726 60 3050
17164 112 5639
15125 67 3362
16576 37 1896
18773 28 1407
14080 205 10277
15923 48 2405
17125 35 1757
18527 466 23302
18752 161 8067
14413 0 35
16023 21 1094
18527 674 33741
14067 15 789
18741 27 1400
15492 32 1634
18923 446 22316
17177 26 1306
17367 61 3070
14068 224 11247
14335 232 11609
16986 14 708
17955 206 10319
17671 320 16011
16726 143 7176
14062 5 271
14007 121 6098
14220 18 938
14562 71 3565
15179 22 1102
17169 322 16141
17521 18 907
13923 25 1264
14007 29 1494
14209 125 6276
17684 150 7516
14555 273 13691
16008 133 6679
15517 24 1212
16852 197 9887
15771 58 2919
16845 113 5675
14117 12 644
14080 205 10287
14458 25 1295
14438 74 3721
17987 76 3828
17858 64 3234
18701 270 13544
18665 250 12549
13714 72 3631
13864 15 763
15873 256 12818
16221 23 1183
18021 422 21124
14550 288 14424
16109 29 1474
17206 388 19450
17239 266 13322
15086 168 8436
15527 18 941
18760 149 7476
14912 38 1911
18927 45 2276
18685 501 25096
15783 252 12623
13707 144 7241
16250 17 898
16935 364 18243
15395 95 4783
15161 186 9317
18021 373 18675
18021 655 32791
18793 56 2829
16339 171 8554
17325 5 263
16158 260 13023
17630 23 1180
18651 14 707
16228 113 5670
13767 91 4583
15783 362 18108
18733 41 2070
14789 122 6107
14375 133 6683
14882 143 7157
14171 51 2560
17560 56 2819
16061 7 387
17226 34 1715
18228 117 5852
16348 98 4935
15482 116 5831
17087 316 15811
15894 0 16
16875 22 1102
17986 186 9339
14592 49 2462
13937 60 3014
16232 86 4327
18021 260 13001
14009 63 3197
13712 127 6380
17727 38 1950
17316 41 2060
14771 34 1711
15099 35 1787
17186 32 1631
14080 140 7049
16112 474 23723
17100 67 3399
13945 285 14264
17793 41 2088
15785 155 7776
15469 273 13666
15507 4 226
15423 38 1941
17251 180 9036
14183 25 1299
16847 4 203
16949 437 21870
16172 121 6095
18631 62 3102
17474 46 2335
15231 157 7865
15507 2 123
14108 112 5625
16852 316 15830
14458 102 5139
17990 46 2332
17983 27 1363
14736 268 13422
15466 256 12808
18021 438 21935
17972 127 6396
16584 94 4709
18795 1 93
14455 38 1907
17144 22 1115
15382 229 11464
14877 232 11626
14553 190 9521
14306 228 11406
18242 162 8140
14401 91 4554
18226 215 10793
17726 74 3726
17451 311 15592
13940 16 803
17522 59 2962
18713 14 747
14977 20 1045
14112 122 6144
15061 181 9069
14310 1 57
14062 56 2820
14959 16 826
14543 103 5154
14306 145 7296
14789 41 2081
16524 112 5615
16776 222 11124
17196 55 2782
18733 7 355
17137 149 7468
15492 28 1429
16387 45 2275
13805 273 13656
13970 5 255
15353 170 8541
17210 229 11463
17349 104 5207
15061 71 3565
14157 60 3021
16341 347 17359
14068 68 3407
18026 166 8335
14998 67 3385
15116 302 15131
17701 55 2752
17206 486 24319
18026 166 8335
17383 115 5787
18733 43 2161
17479 7 361
15715 197 9857
18263 126 6323
17596 47 2379
13861 127 6385
13862 164 8228
17144 14 725
18235 247 12367
16162 72 3609
16340 422 21147
17208 83 4178
18024 366 18343
17667 246 12336
18794 52 2649
18235 182 9108
18733 47 2386
16275 108 5436
15114 28 1425
18645 40 2041
15099 118 5948
17545 10 501
17849 103 5195
15682 99 4993
14603 15 792
13805 282 14127
18235 230 11525
15682 106 5305
13896 70 3550
16317 67 3352
17661 29 1478
14802 286 14340
18057 38 1926
15915 129 6490
17985 149 7488
15915 129 6466
18242 101 5083
16150 209 10472
17514 54 2739
18244 35 1774
15792 222 11148
14093 196 9841
17662 57 2865
16965 69 3464
17467 80 4029
16188 32 1615
14673 57 2879
15099 35 1754
17314 66 3341
14165 122 6135
15350 197 9881
13913 55 2790
15415 226 11342
14891 10 515
18955 54 2748
14597 101 5088
17004 286 14311
15415 225 11269
14281 158 7902
15257 3 191
17217 68 3433
18267 40 2019
15588 354 17744
14007 0 9
15593 167 8389
18062 241 12092
14220 45 2288
15301 117 5862
18794 112 5603
15486 227 11386
17144 22 1115
13929 10 508
17522 59 2962
13895 41 2068
18699 180 9037
15900 138 6912
13721 60 3028
14802 301 15051
17726 83 4171
13791 244 12245
15933 290 14511
18603 256 12803
16172 126 6312
17196 55 2782
14063 92 4613
17990 444 22220
16052 208 10431
16731 418 20917
16172 465 23283
16743 21 1094
14550 280 14006
14543 95 4754
16889 250 12543
17569 7 397
15350 138 6903
17087 4 229
14136 26 1317
13803 195 9797
14985 64 3211
15395 87 4369
17500 60 3021
14550 188 9426
17131 2 143
16749 79 3986
18286 97 4868
18712 403 20166
17095 130 6515
17696 53 2695
17497 160 8006
16506 316 15849
13757 50 2544
17077 8 438
16891 131 6594
17108 32 1649
15246 126 6341
14569 77 3886
17144 22 1133
15923 451 22592
18244 163 8164
13929 10 508
14749 63 3197
13861 28 1416
15931 0 10
15136 92 4635
14458 84 4213
17763 42 2118
18678 309 15489
14024 24 1235
18044 230 11511
13707 126 6305
17108 32 1644
17030 93 4674
16852 94 4729
18527 466 23329
14107 89 4458
15267 163 8196
15900 127 6399
16852 178 8930
18954 328 16431
17383 416 20806
15923 344 17214
16778 77 3852
14375 78 3943
17030 44 2224
14935 290 14531
15267 77 3862
17367 18 911
15592 222 11106
17243 78 3907
17592 76 3804
18922 196 9843
14436 215 10788
14129 3 164
13799 30 1520
17206 332 16630
16411 87 4384
17853 7 400
14597 33 1653
17763 1 53
17213 83 4173
17675 48 2410
14186 207 10352
16021 478 23943
18488 314 15706
18482 21 1051
14107 89 4458
15774 490 24537
16109 49 2471
16158 211 10594
17990 129 6490
14981 173 8697
15446 66 3302
13895 41 2068
17029 179 8999
14205 12 642
17098 64 3206
16741 354 17726
17500 67 3381
15106 240 12037
15766 24 1240
18782 72 3647
17965 15 751
18024 291 14574
16679 12 624
17727 36 1849
14569 159 7995
17830 25 1286
17186 2 119
15177 20 1020
17631 7 376
16731 459 22979
15722 89 4460
14079 166 8333
15466 256 12837
18794 68 3433
18233 245 12295
16021 219 10980
14431 47 2391
16433 39 1951
18733 41 2056
18026 166 8335
14784 9 488
15492 28 1429
14818 97 4874
18931 50 2528
15222 54 2720
18923 291 14562
16852 197 9872
14549 141 7053
14766 7 374
18010 232 11648
18748 151 7573
14464 66 3342
14335 160 8008
14293 63 3169
17132 91 4584
14729 178 8910
16759 7 385
17648 50 2549
16169 301 15075
15478 358 17930
17972 39 1951
16762 37 1900
15634 158 7931
15254 143 7182
17514 3 169
13929 12 650
18574 340 17024
18958 10 516
17698 6 336
15397 219 10977
17169 6 309
17783 141 7053
17578 11 579
16169 362 18106
15697 29 1471
16906 46 2328
15986 234 11713
18228 187 9380
13799 40 2034
13729 80 4020
18794 56 2827
15274 35 1762
14977 15 751
17853 186 9316
17048 85 4271
16356 17 862
16340 416 20827
13803 16 838
13913 91 4562
16119 186 9314
17243 84 4214
15917 285 14255
14096 91 4580
17985 229 11488
17655 271 13587
16112 20 1042
16013 212 10623
18953 260 13003
17739 23 1192
15593 44 2243
13736 51 2587
18021 370 18520
17701 49 2462
17874 57 2874
17563 79 3964
13702 141 7083
16867 276 13827
14281 52 2645
17383 398 19943
15111 289 14466
15386 23 1156
17087 45 2280
15652 20 1019
15167 126 6331
15415 52 2615
18612 93 4670
15417 2 114
14631 27 1362
14687 11 569
18245 186 9349
18514 105 5276
14956 240 12049
16158 345 17294
17053 91 4556
18771 50 2506
17684 75 3780
16169 333 16688
17724 34 1747
18021 507 25355
15103 225 11286
18795 50 2541
17169 383 19157
17641 31 1561
13897 32 1617
17043 98 4902
15486 227 11386
15634 126 6312
18202 89 4459
17695 1 91
14690 17 883
14771 214 10721
14592 81 4062
17435 16 805
17369 24 1245
18054 264 13242
14203 18 950
16761 380 19004
16529 33 1660
17144 118 5918
15397 53 2678
14801 150 7527
15254 65 3300
18697 238 11904
18910 157 7877
13937 40 2015
13862 35 1800
18021 77 3899
17987 18 931
16679 64 3240
17655 393 19654
17326 81 4067
18779 69 3484
16821 243 12193
18244 30 1517
13945 61 3070
17034 64 3203
16112 0 36
14603 15 792
17055 295 14781
13767 91 4583
13780 143 7156
13702 164 8233
16205 122 6103
18761 40 2037
14977 15 789
17087 361 18080
17998 3 185
17631 20 1022
14455 38 1907
16200 75 3771
17195 209 10497
17561 3 183
16446 282 14121
18760 150 7515
17986 72 3604
14788 49 2476
17978 221 11070
14981 135 6796
14112 59 2995
17053 113 5684
18765 183 9192
16060 173 8676
14583 28 1415
16109 148 7431
14375 224 11234
18225 449 22454
14874 160 8016
18637 138 6924
17387 5 267
14771 204 10221
14729 57 2877
17137 61 3058
15151 283 14189
17213 81 4063
18753 138 6906
16389 64 3250
17592 125 6298
18492 323 16177
17521 20 1027
15902 214 10748
18005 112 5637
14981 9 471
15382 20 1044
17560 87 4378
15061 71 3565
13792 118 5915
18039 55 2800
18882 106 5340
17325 26 1337
14530 8 446
16023 454 22703
13709 30 1548
14209 79 3955
17091 64 3242
18218 253 12698
14362 33 1667
15397 57 2897
13770 10 529
15785 155 7780
18955 222 11105
16221 31 1591
15391 201 10077
15915 180 9018
16906 84 4211
14729 89 4493
16952 0 35
16387 45 2275
17666 212 10633
13942 75 3761
18021 370 18542
14220 39 1961
15976 101 5084
18862 391 19582
14686 79 3998
15409 17 857
18024 291 14557
18244 144 7244
14750 25 1261
15722 89 4458
15916 233 11658
14458 83 4184
15792 222 11148
15901 183 9154
17128 148 7419
15900 143 7200
17596 47 2371
17701 55 2800
18497 328 16403
14550 10 532
16094 46 2330
17521 25 1277
14313 270 13515
14418 139 6967
16158 32 1619
15099 15 783
18488 536 26833
16826 362 18103
15961 188 9436
14281 158 7902
14784 9 488
14446 11 552
14007 4 226
18765 183 9193
14912 134 6731
17630 122 6148
16422 20 1029
17344 118 5913
15928 53 2696
16051 85 4262
17727 38 1909
14468 26 1336
17030 44 2213
14229 82 4115
18765 60 3006
15442 51 2567
17667 257 12871
15312 67 3352
18032 250 12517
15862 5 288
18615 150 7517
15478 132 6617
17686 274 13750
15315 6 336
18927 61 3094
18926 106 5338
14184 34 1720
14899 285 14280
18010 225 11255
16867 40 2018
15961 370 18533
17652 55 2799
16529 33 1662
16168 44 2237
17545 59 2993
15183 12 601
17648 13 673
17661 50 2530
15128 209 10496
14000 57 2857
13935 227 11399
17851 34 1706
18753 124 6224
18753 57 2852
17754 75 3777
15867 10 511
15174 91 4569
17323 27 1378
14639 39 1988
14746 88 4414
17077 61 3086
14805 29 1498
13766 118 5929
14801 240 12035
18685 501 25066
18793 60 3003
14372 13 663
14067 147 7389
17560 41 2081
17987 80 4013
13773 249 12458
18244 263 13189
14464 124 6202
15125 174 8722
17243 100 5006
15677 229 11489
13935 227 11399
17367 18 911
18024 366 18343
16315 59 2969
15959 78 3947
14956 60 3001
14597 70 3547
16075 341 17073
17726 51 2558
18927 53 2668
17578 2 140
16471 80 4044
14877 232 11614
17987 38 1904
17763 12 637
14924 135 6787
16172 32 1632
14044 32 1646
18733 43 2170
15350 197 9881
15125 66 3307
16506 124 6243
16852 70 3523
14413 2 111
17169 298 14924
14530 8 422
15762 100 5005
15397 152 7627
17053 26 1347
18489 219 10983
16741 116 5850
16060 102 5133
14093 182 9122
17701 55 2773
14259 9 474
17128 108 5401
18469 185 9290
18765 320 16042
18685 238 11921
16867 276 13827
16107 33 1695
15794 119 5971
14801 39 1976
18489 219 10983
17840 200 10035
16172 419 20974
16506 5 257
18933 66 3309
17004 229 11478
15592 8 407
18954 3 160
14924 39 1954
17853 15 760
14729 57 2877
14985 64 3211
18031 274 13726
17390 21 1100
15382 78 3942
18612 87 4386
16075 283 14195
18954 271 13591
13715 53 2674
15872 38 1940
18229 41 2068
15846 167 8366
17309 43 2168
16544 117 5896
16112 20 1042
16172 105 5290
18514 68 3425
15174 105 5271
14801 40 2021
17401 8 431
15527 12 625
18466 48 2436
15436 0 40
16821 409 20463
17985 181 9096
18054 447 22384
14140 33 1691
17451 300 15024
18615 438 21945
18282 94 4704
13862 153 7652
15395 95 4783
15160 61 3077
14257 237 11854
18034 136 6825
16894 20 1046
15774 313 15651
15877 26 1313
16994 37 1869
18218 300 15001
18516 364 18240
15507 2 123
15252 14 731
16752 10 501
15900 196 9837
18903 356 17811
16759 7 397
17125 21 1090
17255 14 741
15411 119 6000
17164 112 5639
17560 49 2462
17226 34 1715
16750 1 76
17414 40 2032
17327 75 3755
17387 40 2002
16920 9 467
17089 121 6057
14467 293 14677
17653 30 1530
14749 4 215
16849 118 5932
17349 19 990
16159 158 7945
16158 66 3307
15397 152 7627
18035 230 11531
17985 229 11488
14736 256 12802
18488 560 28039
15103 12 620
15291 125 6267
15931 14 743
16821 195 9751
17323 27 1381
14956 60 3001
18225 140 7049
14644 281 14072
16199 27 1370
15828 302 15114
16158 66 3343
17655 410 20528
18054 339 16998
15014 146 7306
17853 2 119
18779 86 4345
14677 0 9
13929 12 650
15339 180 9021
17365 29 1462
18615 117 5867
13791 195 9751
13799 30 1520
18795 1 73
15593 178 8926
14708 34 1715
15267 77 3862
18760 191 9578
18773 12 601
17255 28 1413
14044 30 1541
18714 179 8996
13773 69 3476
15231 157 7869
18495 82 4148
15412 132 6629
15917 285 14255
15965 497 24868
13763 14 750
14152 47 2354
14212 184 9213
13708 71 3555
17695 1 91
14062 54 2718
14555 157 7857
18645 68 3450
18954 250 12519
17985 338 16945
18057 137 6877
17029 179 8999
17630 96 4848
13729 80 4045
17137 146 7304
16965 210 10503
15762 63 3160
18032 261 13065
18794 162 8142
16162 72 3624
15161 79 3966
13945 246 12329
15004 1 77
15894 185 9260
15806 121 6080
15004 12 624
16121 75 3781
18733 50 2530
13791 54 2723
17098 64 3227
16028 460 23019
16172 377 18856
15179 22 1102
17667 85 4288
15877 245 12294
18048 260 13033
16894 135 6782
14597 144 7226
16845 86 4320
14026 109 5473
17955 206 10319
17095 16 830
17307 126 6321
18039 110 5531
18794 52 2643
17503 128 6414
15222 99 4976
18244 98 4934
14580 143 7158
17422 0 16
17475 164 8213
17724 14 734
17503 233 11673
18468 53 2680
14580 9 493
17098 64 3225
14907 181 9080
18218 219 10989
15851 92 4621
18502 11 569
15464 162 8111
15517 46 2309
15960 128 6442
14122 45 2281
17745 16 844
18724 33 1677
15762 98 4924
17312 203 10159
14539 234 11712
17243 84 4241
14464 240 12009
14108 110 5515
18031 291 14597
15466 256 12808
17312 186 9324
14985 10 538
14392 88 4443
18701 27 1369
14009 90 4539
17166 8 434
17975 52 2634
15894 0 45
14956 309 15457
17851 113 5684
15867 64 3235
18040 43 2165
14901 310 15514
17620 13 652
15828 292 14603
14977 8 436
18673 13 668
14901 7 396
17530 69 3469
14080 240 12024
14882 169 8468
17089 104 5238
15291 204 10204
17871 25 1252
18265 208 10432
14080 140 7049
15592 8 407
15222 99 4975
15238 5 266
17243 13 651
14438 254 12733
14899 73 3669
14446 11 573
18865 72 3629
14673 70 3506
18286 58 2924
17204 43 2176
17467 80 4032
14814 114 5702
14030 50 2509
13965 18 926
15785 74 3712
14390 122 6124
15715 221 11079
14993 66 3308
15923 367 18396
17840 284 14208
18631 83 4165
18244 362 18112
17126 7 370
18021 514 25705
18021 386 19342
13861 141 7088
15792 76 3822
14807 239 11997
17004 9 475
13792 42 2104
17724 50 2537
17990 365 18298
16021 302 15119
16222 12 625
15238 5 266
18933 95 4766
16228 203 10167
18238 255 12798
14030 74 3713
15751 52 2629
17087 359 17961
13929 10 508
17521 1 66
13861 46 2336
16173 191 9571
14673 16 841
17956 251 12584
15592 96 4815
16962 10 547
18034 62 3116
15882 198 9914
18228 125 6292
18765 60 3016
16529 73 3678
14067 58 2904
15308 5 278
17722 121 6089
18463 177 8887
17349 6 347
18782 72 3647
17383 412 20602
16867 100 5017
18692 170 8533
16119 273 13699
14124 108 5424
18034 62 3102
16216 105 5251
15923 497 24871
16802 250 12548
17973 46 2320
15409 6 337
15103 106 5341
17769 26 1341
15436 119 5984
14122 45 2296
18782 39 1965
18026 166 8335
17169 322 16141
17048 72 3640
18244 334 16748
14914 101 5090
17724 34 1747
15409 17 900
16106 53 2682
15111 282 14143
14725 122 6134
14067 30 1518
18039 55 2800
16222 54 2733
15482 116 5848
15527 19 996
18257 109 5491
16735 59 2957
16975 191 9576
15970 330 16544
13712 74 3711
14107 72 3619
16158 108 5417
15792 222 11105
18678 317 15895
14401 226 11303
17057 80 4042
15774 343 17154
18005 180 9048
14464 66 3325
14372 84 4213
15859 109 5467
18935 167 8376
17727 22 1148
17783 141 7053
13865 113 5661
14306 198 9916
16726 85 4270
18044 329 16477
18927 20 1018
18872 1 92
15492 4 232
17869 92 4638
17596 6 314
15927 84 4248
14784 69 3474
17364 93 4684
17478 87 4382
15098 47 2361
14165 116 5829
15457 194 9707
14914 250 12532
17166 5 273
17255 4 203
14549 217 10888
15836 35 1794
17493 214 10704
17727 38 1942
15252 20 1011
16038 246 12308
17186 32 1631
17684 75 3755
13897 39 1987
13937 58 2929
14021 75 3786
14891 46 2326
18765 104 5213
17858 71 3557
14959 269 13468
14127 182 9137
17865 55 2751
15900 138 6912
17985 229 11488
15174 58 2926
18935 31 1583
18615 438 21945
16222 54 2722
16750 33 1656
17169 246 12344
18927 65 3269
18923 629 31460
14828 198 9910
16874 403 20189
13779 8 439
15254 143 7166
14014 162 8140
15136 92 4635
15339 0 34
15111 71 3597
18692 299 14987
17493 95 4794
18678 317 15861
18574 401 20078
18931 90 4510
15590 71 3584
14784 39 1954
18244 307 15367
17210 198 9942
14768 115 5762
17521 50 2510
15166 335 16760
13807 98 4916
14375 138 6931
17620 69 3474
18032 270 13504
15715 34 1746
16947 129 6469
17033 70 3545
16726 16 821
15417 2 138
16422 20 1045
14186 194 9726
14725 118 5901
14335 232 11643
14186 15 779
17108 25 1288
18795 167 8376
17965 268 13432
15882 198 9914
16286 473 23688
16411 208 10432
15783 362 18115
17793 41 2064
17667 71 3598
14784 57 2860
15931 521 26051
14058 65 3273
14959 16 838
16946 130 6508
14535 109 5472
18021 507 25380
17367 133 6665
14088 48 2436
15101 76 3822
18026 166 8335
16446 192 9604
14597 100 5011
18005 229 11484
18057 4 234
17955 158 7913
15174 58 2926
17387 38 1910
14725 64 3233
17641 18 929
16169 357 17899
15425 40 2044
16172 224 11235
15166 350 17542
18910 132 6624
13732 128 6414
14902 135 6765
18506 90 4504
13767 11 596
17196 56 2841
14998 188 9430
14313 270 13515
14939 67 3379
14824 231 11557
13721 25 1296
17524 126 6312
18795 82 4101
18733 25 1262
14363 34 1707
17692 190 9532
14549 217 10872
14725 161 8098
15986 191 9558
14059 84 4215
18882 143 7154
15701 255 12789
14531 35 1783
14592 57 2880
18488 559 27979
17661 50 2530
15339 126 6347
15593 178 8934
17210 66 3336
15409 6 317
15701 218 10927
16960 47 2400
15507 5 300
18794 7 365
14985 64 3222
13739 19 991
14551 50 2549
17955 49 2461
15762 147 7376
14030 58 2948
14335 160 8008
17726 74 3739
15386 23 1184
16544 102 5118
14598 43 2191
14171 47 2374
18631 54 2736
18218 62 3144
18010 225 11255
14136 26 1317
18782 24 1236
17663 21 1095
14580 143 7187
15242 182 9106
17521 37 1865
14455 95 4791
17722 121 6094
14306 145 7267
16975 191 9576
13991 33 1655
15762 233 11691
17090 64 3246
14729 115 5752
17206 254 12733
17367 42 2150
15794 56 2820
17306 68 3432
15115 118 5941
15722 36 1803
16101 0 50
17754 75 3777
18615 438 21945
17793 41 2088
17053 113 5678
15128 177 8852
18753 124 6250
13787 23 1177
18910 157 7877
17208 69 3468
15382 239 11974
17630 96 4847
13745 197 9864
17998 145 7287
18615 231 11567
14736 271 13569
14592 69 3484
17978 126 6319
15639 194 9702
14122 45 2296
18603 170 8521
13762 27 1386
17353 12 626
18673 92 4650
18794 68 3450
14319 18 901
15360 122 6137
16551 373 18691
16433 85 4299
16852 311 15591
13907 16 837
13773 224 11238
14026 39 1966
14873 41 2059
15851 53 2660
14558 147 7396
17955 206 10319
18731 109 5469
18527 279 13978
16094 534 26705
17849 86 4324
15466 256 12837
14186 15 767
16891 154 7712
17686 28 1413
18615 319 15957
17126 45 2280
16867 163 8172
13913 199 9962
17701 2 108
18717 43 2171
15479 354 17728
15410 77 3872
18225 561 28079
15395 89 4461
15785 256 12827
18218 174 8740
14802 70 3539
15873 123 6189
17545 10 501
16731 90 4533
18510 339 16976
15766 15 775
17146 13 654
14597 65 3263
14619 151 7597
15960 241 12059
16172 462 23122
18714 175 8795
14080 181 9051
14555 23 1194
14882 92 4634
17521 20 1027
18044 230 11539
17251 43 2157
18469 44 2226
14729 31 1560
17686 274 13750
17869 44 2244
17087 317 15874
17563 79 3964
14729 188 9403
17615 4 218
18764 42 2115
14873 41 2059
17091 45 2266
17667 9 482
17410 2 141
14729 133 6687
18054 436 21827
18225 79 3994
17978 135 6782
16752 10 501
15909 36 1838
14924 228 11414
14246 116 5830
18527 716 35803
14067 100 5034
17246 7 399
16910 171 8600
17678 37 1897
17578 11 558
17592 125 6298
17987 76 3843
17196 55 2782
14259 82 4103
18685 501 25094
17978 135 6792
18933 332 16630
18062 241 12060
18760 150 7503
13862 79 3975
17761 63 3199
15872 38 1935
17965 255 12794
14530 1 73
18021 514 25719
18913 38 1928
16845 117 5854
17414 99 4977
15931 42 2138
18021 454 22746
14044 32 1646
16094 242 12107
18048 352 17611
17111 105 5275
16051 200 10019
15106 208 10420
14453 139 6969
16433 85 4296
14409 155 7777
17541 18 945
15722 89 4460
18765 320 16019
16852 197 9872
14030 58 2921
14007 121 6098
13702 47 2367
18235 236 11827
17087 45 2280
17246 2 122
16199 126 6338
14553 294 14748
16584 94 4709
17030 44 2213
15398 372 18628
14912 75 3773
14582 60 3030
18935 95 4799
16978 298 14902
15961 391 19556
14007 121 6068
18021 77 3852
15252 34 1728
18955 117 5851
15154 74 3724
17648 10 521
15463 246 12350
15257 127 6389
14271 253 12693
17144 14 725
17213 83 4173
16894 224 11211
18793 56 2839
17684 75 3780
17055 18 936
18615 438 21945
14043 39 1958
15420 7 359
16281 85 4270
18923 243 12185
18924 4 201
17312 186 9324
16228 230 11521
18951 306 15345
16809 240 12038
18685 29 1456
14917 3 191
18741 27 1400
17974 264 13213
15397 219 10977
14372 248 12448
14824 231 11557
17055 146 7334
17352 44 2249
15416 85 4270
14009 97 4883
13913 66 3342
14428 194 9713
14607 67 3358
16172 85 4294
15398 228 11425
13739 21 1055
14080 140 7049
14186 15 779
16524 25 1276
16778 113 5673
13714 72 3631
14582 1 65
14220 39 1962
17684 127 6379
13729 87 4361
15125 134 6725
16028 226 11345
15382 78 3942
14043 57 2858
15762 80 4004
18637 138 6907
16101 44 2227
15360 137 6898
17865 96 4808
15762 40 2050
15353 164 8243
17671 410 20513
15478 226 11307
15766 37 1885
18929 173 8680
15504 85 4288
14191 209 10464
14080 169 8466
13945 178 8901
17240 517 25857
15588 297 14851
16894 224 11211
15966 18 906
16232 156 7825
17344 83 4184
13907 16 837
16906 32 1644
15498 152 7644
18793 40 2015
16524 383 19166
16199 27 1370
17398 246 12330
17401 98 4920
13773 113 5675
17503 247 12383
17497 127 6380
16422 23 1178
13937 58 2929
13965 7 377
14553 292 14616
18910 114 5744
15794 119 5971
13739 19 952
14112 90 4543
18935 257 12871
16250 36 1828
17755 14 737
14891 179 8984
18032 242 12136
14218 10 528
17390 21 1095
14555 273 13691
18677 142 7149
18021 637 31896
13935 227 11367
13896 99 4958
17791 48 2445
16499 233 11665
14582 1 70
16935 101 5055
18032 186 9323
14306 198 9910
14985 10 504
17497 197 9868
18218 62 3126
18701 21 1068
15894 118 5904
14873 249 12468
17306 68 3432
16551 373 18691
13791 108 5423
17840 132 6645
16852 178 8905
17090 64 3246
18761 9 487
17631 7 355
17426 2 142
14882 57 2859
18959 39 1985
18516 372 18637
14468 119 5964
17963 53 2699
14375 73 3684
13767 46 2305
17128 25 1273
17373 136 6818
14362 75 3786
18794 162 8149
15397 152 7627
14112 190 9510
13895 42 2124
16228 232 11650
14453 169 8467
16529 33 1660
17987 138 6944
15486 320 16002
15492 32 1612
16875 22 1102
17869 42 2139
18938 4 205
14555 141 7051
15593 178 8926
17566 42 2125
17449 46 2333
14882 92 4634
15894 67 3386
14335 160 8008
17323 27 1378
17847 120 6032
18923 304 15244
15017 122 6128
14891 46 2326
15391 285 14298
16529 33 1660
14965 203 10178
18701 21 1082
18959 39 1985
17011 16 820
17220 23 1199
14372 83 4196
16101 69 3484
18760 149 7496
17166 5 278
16162 71 3586
13719 50 2505
14569 77 3897
13791 8 435
15634 126 6312
17874 57 2863
18039 12 639
17132 205 10258
18245 210 10502
18646 65 3289
15391 201 10077
18482 25 1296
14590 60 3012
18773 30 1506
17322 53 2655
17761 63 3196
14186 194 9745
14543 103 5171
14220 18 938
18903 356 17811
18935 167 8376
17849 168 8425
14590 92 4617
18910 88 4402
17637 73 3688
14446 18 912
14080 205 10275
18793 31 1600
14766 22 1148
16875 14 705
15099 26 1331
17467 60 3023
16506 5 295
15588 297 14857
18678 317 15895
15909 36 1838
18244 353 17657
17344 118 5927
18923 284 14204
18646 78 3944
17186 32 1631
15927 38 1902
17726 83 4171
14812 89 4455
13709 18 912
14024 10 522
18782 52 2618
16243 174 8741
17030 44 2224
15166 149 7461
18795 235 11792
18637 138 6907
15411 151 7597
17853 7 400
17840 242 12110
18719 179 8966
17592 93 4698
14062 241 12052
13864 143 7152
14067 58 2904
17727 25 1278
17655 57 2885
17524 54 2715
15669 29 1455
16843 299 14996
18024 291 14557
13803 171 8564
17506 69 3498
17111 182 9147
14021 4 219
18687 351 17556
15873 256 12818
14580 23 1180
15592 175 8767
15423 41 2096
15952 132 6646
17973 46 2336
18488 314 15706
18474 260 13021
17090 64 3246
18242 178 8931
18733 25 1262
17869 44 2244
15111 289 14466
13767 50 2528
18021 260 13001
15828 446 22333
15970 93 4665
14590 92 4641
17998 125 6271
14431 47 2366
16726 16 821
17458 55 2787
14259 120 6015
