5702 11 597
5164 36 1845
6446 169 8490
6572 57 2898
6369 4 201
5207 137 6880
5497 47 2390
6619 47 2352
5455 53 2656
6199 165 8271
5573 24 1210
6571 40 2005
6298 169 8500
6797 71 3591
6829 166 8344
6854 103 5183
5996 31 1571
6185 18 934
6756 70 3507
5226 40 2027
5614 11 566
6952 141 7061
6622 30 1549
6092 27 1356
6527 10 522
6936 48 2411
6551 145 7280
6058 104 5214
6888 78 3947
6336 140 7032
6420 35 1782
6628 4 245
5854 126 6329
6529 46 2301
6827 237 11882
6463 68 3402
5084 42 2147
4961 11 585
6192 64 3226
6773 142 7139
6697 62 3128
6793 19 993
6960 75 3763
6769 135 6797
6866 148 7417
6765 167 8356
6572 224 11228
5709 5 286
6830 178 8946
6888 50 2538
6058 202 10115
6502 74 3712
5762 39 1995
6811 54 2705
5937 1 58
5458 199 9969
6467 60 3021
5021 66 3317
5519 142 7134
6092 92 4634
5540 32 1632
4967 43 2163
6634 80 4010
6301 203 10176
5850 122 6131
6280 2 127
6303 140 7001
6596 20 1043
6358 25 1252
5637 49 2489
6888 88 4438
5337 122 6129
4982 38 1918
6241 11 556
6901 79 3971
6410 90 4518
6311 8 447
6861 31 1570
6526 3 196
6301 51 2562
6298 29 1497
6974 84 4202
6890 59 2998
6542 154 7707
6572 142 7135
6336 140 7032
6107 20 1034
5397 52 2638
6763 154 7740
6420 71 3557
6980 38 1934
6426 120 6049
5524 8 448
5361 50 2532
5588 107 5365
6131 88 4441
6217 76 3823
5194 14 742
6561 12 642
6936 215 10798
6800 113 5655
5397 123 6197
6680 99 4994
6340 40 2044
6756 78 3939
6901 21 1060
6614 141 7082
6922 162 8145
6854 70 3528
6407 5 267
6144 36 1839
6882 5 278
6671 50 2525
6761 53 2684
6752 69 3497
6932 128 6446
6652 6 343
5706 27 1372
6908 204 10227
5101 2 148
6675 0 37
5337 49 2491
5729 63 3154
6340 20 1027
6959 231 11598
6591 65 3271
5217 14 724
6653 92 4626
6463 133 6654
5103 24 1203
6340 48 2444
6168 127 6379
5996 5 300
6813 101 5068
5564 35 1789
6829 75 3783
6022 178 8921
6749 20 1016
5187 1 79
6095 6 339
6094 21 1067
6406 44 2234
5705 5 259
6417 81 4051
5178 10 508
6658 13 681
5470 26 1329
6800 84 4234
5513 25 1286
6780 74 3748
6957 211 10591
6827 151 7599
6801 113 5664
6318 144 7219
4979 34 1729
6379 116 5822
5709 108 5413
6213 9 489
6798 56 2848
6773 209 10453
6198 113 5672
5839 38 1910
6218 2 143
6546 27 1379
5783 48 2430
6805 189 9455
6121 35 1755
6406 106 5328
5437 105 5260
6907 27 1380
5349 25 1263
6323 38 1935
6879 8 437
6859 122 6143
6000 2 103
5824 25 1255
6670 38 1914
5593 65 3261
5181 25 1292
5384 191 9556
6950 46 2317
5361 67 3385
5840 28 1408
6893 59 2971
6140 74 3734
4962 141 7099
6784 22 1115
6572 30 1510
6814 29 1500
6668 30 1527
6579 42 2132
6634 157 7883
5892 4 210
6308 34 1741
5745 6 301
6594 50 2506
6881 20 1010
6647 69 3480
5272 73 3695
6489 144 7226
6487 104 5233
6941 15 763
5499 5 276
6376 42 2132
6590 11 574
6179 5 271
6052 77 3866
6888 185 9265
6766 151 7595
5211 101 5071
6030 0 39
6282 12 649
5380 2 111
6078 22 1135
6998 167 8393
6311 0 14
6697 136 6832
5399 47 2386
6663 205 10260
6074 72 3641
6697 118 5925
6224 1 71
5564 131 6582
6952 166 8340
6932 128 6446
6985 58 2947
5745 1 68
6192 46 2336
5508 5 254
6773 189 9498
6837 146 7327
6493 116 5817
6855 86 4345
6752 169 8495
5505 13 688
6752 154 7711
6566 7 397
6505 1 89
6642 106 5321
5553 13 695
6321 79 3955
5616 70 3544
6919 73 3673
6596 74 3736
5979 29 1467
6468 85 4285
6831 79 3969
4957 18 945
6801 178 8930
6037 5 255
6441 78 3936
6955 122 6147
6591 65 3284
6340 20 1027
5892 46 2323
6801 92 4647
6211 117 5877
6507 131 6578
6562 40 2027
5002 22 1128
5996 32 1648
6908 160 8013
5108 125 6253
6549 43 2196
5399 47 2371
6564 43 2176
6748 12 637
6506 45 2255
6487 0 15
6457 46 2318
5985 75 3762
5462 111 5585
5650 7 356
6697 118 5925
6508 52 2623
5654 21 1094
6813 34 1721
6634 25 1270
6561 12 642
6058 23 1172
6064 6 342
6439 23 1156
5519 120 6019
6827 35 1764
5977 178 8943
6508 18 943
5966 82 4138
6467 108 5407
6083 36 1848
5090 89 4463
6853 130 6501
5127 8 437
6332 14 748
5725 92 4644
5512 105 5296
6558 91 4590
6663 246 12307
5853 404 20225
6203 96 4834
6956 99 4993
6304 90 4544
5521 63 3176
5947 129 6498
5745 6 301
6505 11 576
5338 9 459
5164 32 1622
6591 175 8788
6591 1 82
6139 96 4817
6429 154 7739
6880 2 103
5622 13 652
5567 13 662
6669 29 1464
6224 107 5371
6861 160 8039
6810 66 3327
6180 39 2000
6969 189 9473
6855 147 7355
6989 226 11328
5432 2 134
6508 52 2623
5337 41 2097
5092 125 6294
5078 58 2927
6981 70 3534
6782 23 1155
6190 10 505
5435 4 223
6371 27 1399
6144 36 1839
6566 76 3841
6605 126 6317
6991 193 9686
5558 19 979
5561 118 5901
6921 33 1696
6591 131 6572
6828 166 8329
6552 43 2184
5071 33 1653
5092 5 299
6205 5 261
6622 16 836
5269 23 1151
6811 73 3683
5277 19 994
6031 17 868
5960 27 1361
5280 140 7006
6780 17 893
6811 181 9091
5155 46 2337
5573 57 2855
5041 12 614
6828 58 2937
6975 184 9245
5262 65 3293
6828 88 4438
5847 23 1189
6358 19 986
6687 169 8479
6792 27 1398
6748 93 4663
6692 26 1317
5752 92 4628
5512 107 5385
6506 99 4962
5086 87 4396
6983 0 12
5836 97 4881
5948 59 2978
6981 67 3399
6775 10 526
6047 7 364
6854 70 3528
6487 79 3960
5691 4 215
5616 185 9252
6173 10 522
6046 143 7152
5728 7 360
6634 149 7495
6901 47 2388
6837 151 7596
6028 37 1875
5157 18 915
5731 32 1617
6829 179 8954
6956 72 3618
6540 61 3084
6976 5 300
5512 105 5296
5364 31 1551
5207 45 2276
6052 19 981
5223 18 932
6968 59 2973
6881 36 1817
6749 148 7425
6342 86 4322
6579 48 2409
6756 129 6486
5341 28 1438
6663 24 1214
6091 12 605
6888 168 8433
6159 5 287
5340 45 2280
6317 27 1398
5725 17 864
6806 8 419
5277 25 1299
6968 59 2973
5822 31 1583
6639 55 2774
6639 23 1171
6533 113 5687
5858 0 41
5512 12 642
6098 46 2336
4992 134 6707
5436 18 935
5777 11 594
6576 17 863
6663 46 2350
4967 43 2163
6800 190 9523
6571 58 2936
6669 84 4240
6574 1 78
6480 132 6605
6320 50 2516
6502 81 4081
6785 191 9555
5102 67 3359
6527 143 7167
6569 15 752
5547 114 5725
5767 64 3204
5767 76 3848
6874 46 2314
6952 93 4675
6304 77 3852
5946 37 1885
6362 106 5305
6765 94 4718
6339 10 502
6977 25 1284
5099 65 3257
6835 3 166
5996 5 300
6921 85 4273
5361 67 3385
6813 204 10243
6625 37 1898
6855 53 2681
5337 122 6129
5386 69 3464
6780 149 7481
5831 91 4599
6749 43 2193
5092 6 322
6527 111 5582
5720 15 756
5842 26 1339
6663 73 3658
6861 75 3756
6680 39 1977
6829 107 5395
6773 229 11469
6300 136 6802
6552 56 2815
6912 31 1561
5782 1 91
6854 112 5628
5935 15 751
6304 36 1809
6768 37 1862
6336 166 8328
5404 15 790
5489 57 2871
6205 95 4795
6866 148 7417
5526 6 342
6981 70 3534
5593 60 3001
5395 6 332
6058 189 9458
4967 14 725
6517 4 220
6311 66 3331
6989 109 5479
6989 109 5479
5686 11 594
6937 62 3118
5154 79 3967
6957 93 4671
5585 30 1521
5947 176 8813
6800 213 10655
6551 13 681
6453 20 1028
6479 58 2944
5720 15 756
5727 4 216
6501 45 2292
6176 57 2884
6551 3 196
6871 63 3162
6783 229 11493
5455 72 3644
5985 201 10073
6939 31 1561
5341 57 2865
6439 8 419
5822 20 1012
6663 69 3485
6867 16 815
5705 16 813
5605 101 5093
6888 182 9109
6552 44 2202
6073 106 5307
5418 40 2014
6861 167 8364
5411 68 3447
5929 109 5485
6679 160 8033
6934 12 612
6426 33 1672
5508 5 254
6410 141 7064
5191 104 5202
6300 190 9516
6865 66 3315
5705 1 98
5162 6 328
5840 1 53
6659 30 1533
5853 404 20225
6562 0 18
5778 27 1378
5990 35 1764
6989 123 6170
6687 132 6622
6426 78 3933
5729 41 2083
6223 18 927
6569 15 752
6978 176 8805
6558 49 2453
6854 50 2534
6689 139 6956
6894 39 1999
5959 36 1825
4974 9 496
6314 130 6522
5561 41 2092
6000 2 103
6576 64 3206
5021 53 2668
5359 0 21
5986 8 448
6396 1 92
6497 74 3731
6749 148 7425
6840 78 3910
5977 205 10296
6881 35 1774
6488 24 1207
6902 50 2544
5061 95 4800
6219 140 7008
6377 53 2669
6168 178 8924
6480 50 2539
6663 88 4446
6224 94 4736
6829 124 6236
5189 24 1250
6098 161 8078
6575 53 2697
5386 172 8630
5046 91 4567
6811 164 8238
5959 31 1568
6752 105 5258
6655 20 1030
6565 162 8101
6955 186 9308
5921 141 7094
5164 62 3140
6320 74 3717
6663 11 573
6078 81 4070
6879 200 10033
5752 42 2149
6773 229 11469
4971 37 1871
6952 95 4795
6812 71 3600
6497 74 3731
6777 180 9017
6932 137 6853
5858 0 36
6756 70 3507
5264 5 270
6748 86 4339
5854 97 4887
6763 173 8652
6663 249 12452
5605 101 5093
6562 78 3929
6855 104 5216
6608 49 2499
5767 63 3161
6981 127 6356
5264 5 270
6680 135 6780
6652 6 343
6921 154 7731
6951 19 988
5002 22 1128
6634 107 5395
6811 189 9474
