6946 60 3044
7017 1329 66453
7055 326 16326
7008 1334 66714
7012 597 29889
7675 111 5598
7020 1137 56863
7021 148 7407
6653 122 6112
6824 67 3389
7021 54 2703
5411 156 7817
7025 274 13717
6874 88 4441
7023 1646 82312
7004 1507 75357
7004 370 18526
7014 739 36969
6160 65 3288
7023 936 46829
7004 619 30955
7054 1595 79763
7026 158 7907
6978 13 669
7010 1662 83126
6826 35 1767
7001 976 48820
7014 1603 80187
7003 267 13353
7558 20 1002
7017 1681 84065
6507 31 1581
7054 1823 91153
7004 1585 79259
7017 817 40871
7017 1371 68564
7326 26 1305
7004 466 23347
7023 1854 92701
7008 934 46708
7018 536 26843
7010 200 10007
5227 35 1771
7026 594 29744
7021 645 32270
7011 154 7708
7022 47 2361
7001 37 1863
7049 157 7894
6974 20 1021
6923 26 1316
4982 121 6075
7017 817 40873
7017 1512 75634
7018 676 33808
7003 231 11580
7013 57 2871
6535 51 2573
7012 163 8197
7018 869 43456
7021 377 18889
7017 1519 75997
6653 119 5956
7004 870 43544
7003 389 19466
7054 1776 88839
6363 7 360
7001 997 49868
6517 34 1715
7021 153 7670
7054 105 5282
6493 38 1948
7001 71 3592
7054 1650 82505
7020 149 7469
7001 997 49857
5455 10 533
7003 1022 51132
6591 76 3825
7010 1550 77525
7008 715 35792
7010 57 2897
6100 81 4083
6697 21 1092
7001 564 28215
6806 23 1187
6533 8 419
6535 228 11432
6928 47 2361
7021 271 13589
6445 3 181
7017 1753 87655
7012 1015 50800
7023 1646 82335
6218 4 230
6423 81 4052
7049 1416 70835
7054 488 24444
7021 443 22193
7020 476 23816
7020 633 31679
7055 780 39001
7021 297 14853
7023 1729 86486
7023 274 13713
7012 1435 71793
7003 617 30893
6534 44 2205
6332 63 3194
7049 692 34632
7004 1661 83072
5337 79 3965
7055 760 38032
7022 3 153
5511 54 2723
6482 110 5512
7018 332 16611
7025 232 11648
5497 24 1217
7049 425 21296
7012 1114 55745
7023 1164 58247
6493 4 245
7001 939 46985
5436 51 2594
7006 296 14835
7014 1282 64130
7008 460 23028
7048 77 3880
7026 470 23527
7047 73 3672
7012 1590 79504
7012 274 13709
7020 19 976
5896 34 1711
7008 337 16872
6407 165 8292
7054 515 25783
7001 74 3702
6928 41 2052
7054 255 12754
7020 1231 61600
5566 26 1305
7023 239 11989
7014 686 34328
6160 74 3730
7023 937 46852
7054 1490 74509
5437 135 6760
7014 979 48960
6620 52 2645
6506 74 3742
7018 871 43584
7004 807 40354
6115 15 778
5433 74 3715
7048 142 7134
7023 1262 63137
6783 104 5250
7023 345 17297
7014 874 43711
7012 610 30517
7049 463 23189
5982 28 1426
7055 780 39001
5625 205 10281
7010 1499 74975
5777 30 1542
7025 451 22562
7023 607 30391
7014 215 10765
5338 15 757
6551 152 7627
7008 154 7728
7012 1162 58123
7018 869 43496
7008 567 28377
7001 738 36911
6572 178 8908
7023 1607 80371
6973 146 7343
6990 11 595
7010 1698 84918
7018 586 29324
5966 68 3446
6789 29 1466
7011 226 11302
7010 739 36963
6824 22 1131
7004 950 47512
7001 71 3571
7020 1067 53389
5031 78 3920
7054 1153 57698
7055 438 21904
6223 4 242
7740 30 1523
6160 74 3730
7008 1303 65199
7012 1162 58134
7017 1753 87655
4983 1 59
7021 242 12101
5982 28 1424
6046 38 1923
7014 898 44911
7020 427 21366
7023 1639 81982
7563 21 1059
7023 1005 50265
6502 44 2207
7014 874 43705
7014 883 44193
6575 64 3248
5982 28 1426
6901 16 839
7049 1925 96282
6444 141 7083
7023 824 41204
7004 554 27739
7048 167 8379
7023 531 26551
7049 259 12958
7014 1282 64104
7012 339 16995
5237 57 2893
7021 377 18855
5093 148 7420
7054 1709 85456
7574 110 5547
5207 84 4210
7457 158 7949
7020 49 2498
7014 106 5346
6881 69 3473
7049 1326 66349
5925 3 171
4982 86 4312
7017 1732 86641
7003 1197 59882
7020 1455 72792
7012 912 45601
5953 9 461
7011 74 3727
7055 460 23012
7012 689 34466
6768 46 2345
7054 1053 52692
5925 126 6330
7001 1116 55804
6642 57 2855
7012 82 4122
7054 1211 60583
7018 790 39514
7022 13 677
7020 937 46859
7017 796 39808
7026 702 35126
6963 56 2828
7003 1297 64859
7017 167 8354
7025 158 7937
7004 1135 56782
7010 397 19862
6353 67 3396
6942 21 1051
7054 1190 59528
7001 650 32533
7020 1282 64104
7020 221 11072
7019 102 5118
7017 67 3396
7017 1617 80860
7004 329 16455
7054 1746 87314
7018 670 33525
7003 1475 73764
6999 9 462
7023 1658 82937
7006 610 30526
7019 328 16450
7001 74 3709
7004 950 47545
5326 133 6680
7004 258 12916
7020 495 24784
7012 34 1738
6153 38 1908
7004 416 20823
7023 531 26600
7001 74 3702
7018 875 43798
7012 595 29772
7004 1142 57128
5925 127 6371
7012 63 3178
7017 1506 75320
7023 1445 72260
7023 1148 57449
6102 9 477
7048 70 3503
5971 118 5902
6915 176 8849
7004 1073 53676
7006 210 10503
7021 333 16677
7012 597 29889
7014 1603 80179
7055 830 41512
7021 573 28680
7023 1646 82338
6798 162 8139
5433 26 1329
7023 1770 88516
7018 265 13277
7018 332 16647
6637 47 2398
7020 1383 69198
7010 1036 51849
7054 390 19515
7023 1585 79256
6959 184 9234
7047 115 5774
7012 1254 62711
5183 24 1206
7020 698 34911
7014 50 2545
6122 45 2283
7018 817 40895
7004 1695 84778
6148 53 2685
7010 720 36044
7014 922 46149
7019 220 11034
6468 39 1979
7017 931 46594
7018 682 34116
7054 398 19944
7012 1435 71791
7049 956 47839
7021 817 40899
7014 679 33952
7055 261 13079
7012 1254 62702
7020 1949 97478
7010 773 38654
7054 815 40772
7012 842 42142
5093 150 7515
6483 102 5126
6100 78 3919
7008 521 26082
7054 1490 74548
7004 1598 79907
7023 676 33803
7014 1176 58823
7012 487 24381
7047 73 3665
7055 326 16324
6161 19 991
5953 3 164
5337 79 3965
7023 1122 56136
7012 34 1727
7004 890 44540
7059 80 4021
7054 2013 100664
5585 53 2699
7020 1570 78522
6798 162 8139
7690 48 2450
7012 1254 62702
6462 66 3326
6296 3 160
7008 995 49778
7019 251 12554
6952 4 231
7054 1800 90043
7001 71 3592
7054 778 38943
7017 1124 56207
7003 52 2645
7003 358 17923
7048 194 9748
7014 115 5756
7014 679 33952
7017 970 48504
7054 1707 85368
7023 1907 95369
6160 74 3730
6803 114 5747
7003 389 19492
7054 1344 67229
5005 47 2367
5090 83 4199
7020 1089 54457
7055 438 21930
7023 936 46829
7008 962 48107
7020 560 28014
7049 1392 69634
7004 619 30969
7049 1498 74915
7004 569 28462
7023 6 340
7055 154 7725
7014 52 2615
5953 3 157
7055 391 19564
7008 1125 56293
7010 57 2872
7017 1068 53443
7049 463 23189
7014 426 21340
7012 731 36585
6102 9 477
5184 43 2169
6211 181 9056
7023 1262 63140
7006 210 10503
6374 28 1402
7010 1375 68792
5769 38 1919
7055 751 37567
6803 17 889
7020 374 18744
7017 1682 84145
7055 460 23011
7020 1943 97151
7010 621 31058
6110 30 1506
7006 287 14381
7054 427 21372
7013 150 7519
6829 182 9134
7055 59 2961
7001 71 3571
7004 934 46749
7026 470 23528
6955 64 3218
5511 54 2723
7010 1072 53618
7025 584 29243
5177 40 2023
7016 185 9271
7049 1721 86063
6402 41 2063
7023 1766 88346
6347 6 315
6806 29 1480
7008 540 27021
7012 1590 79544
7010 671 33576
7644 222 11129
7020 641 32085
5090 88 4411
6989 187 9352
6998 14 721
5511 56 2848
7001 74 3718
6332 66 3302
7023 1734 86719
5418 139 6963
7004 378 18946
6534 48 2420
7049 1432 71601
7059 71 3581
7054 1501 75083
7019 142 7129
6827 191 9595
7003 706 35330
7049 204 10246
7004 1595 79784
6281 98 4923
7014 1038 51930
7010 25 1300
5774 3 182
7003 1475 73789
6697 21 1092
7020 1933 96699
7004 1063 53176
7004 1073 53660
7012 102 5123
7054 1283 64195
7014 1282 64104
7004 988 49413
6824 65 3284
7012 809 40462
7003 1197 59864
7020 360 18021
7004 988 49413
6533 9 473
7020 1464 73207
5435 6 342
7023 1734 86723
4991 26 1310
5127 33 1668
5474 47 2359
7049 1302 65121
6779 67 3396
7047 115 5788
7023 1012 50620
7017 1312 65641
5134 36 1837
7017 1682 84117
7011 81 4099
7010 1443 72151
7012 339 16980
6206 19 973
7001 738 36913
7004 1499 74978
7008 94 4749
7008 540 27021
7010 671 33556
7020 495 24792
7004 1142 57112
7017 1371 68586
5897 36 1825
7012 1620 81033
6990 7 384
7018 292 14636
6942 26 1327
6874 88 4441
5164 74 3709
6814 1 89
7020 1025 51281
6298 53 2681
7014 1190 59538
6871 64 3221
7004 370 18550
7008 651 32557
5896 29 1471
7054 1306 65316
6798 162 8139
7054 1001 50093
6747 5 282
6986 58 2930
7019 253 12691
5586 6 320
7010 946 47326
7049 174 8746
6423 89 4469
7012 1376 68818
7001 650 32540
7055 764 38242
7054 1904 95201
7016 330 16549
7012 312 15610
7004 248 12433
6667 74 3729
7017 1752 87638
5387 31 1580
7012 610 30504
6218 101 5079
7020 1455 72792
7004 447 22360
7010 57 2870
7020 1317 65863
7014 1282 64130
7008 1245 62266
7049 1721 86061
6118 135 6761
7012 1244 62213
6100 69 3461
7023 1328 66446
7055 438 21904
5099 18 912
7020 1933 96699
7023 937 46893
6969 235 11792
7001 848 42423
7019 160 8036
7049 901 45073
6687 173 8654
7690 48 2450
7014 1603 80187
6535 228 11446
7019 37 1854
6969 198 9925
5268 5 289
5625 108 5433
7023 1148 57449
7003 436 21803
5511 55 2787
7054 1410 70508
7016 283 14174
7018 698 34948
7054 390 19513
7010 198 9929
7001 999 49978
7054 105 5282
7003 1427 71380
7010 1145 57299
6529 54 2731
6366 87 4370
5404 54 2727
7010 720 36030
7012 1300 65038
4952 46 2339
7012 813 40695
6231 45 2251
7001 507 25379
7003 1624 81209
7018 566 28306
7012 594 29740
7008 955 47778
7055 756 37827
7023 689 34472
7017 830 41539
7054 515 25761
7003 231 11575
7021 171 8576
7004 554 27711
7003 1443 72195
7020 961 48067
7054 105 5290
6826 35 1767
7049 692 34617
7049 93 4670
5985 100 5022
7408 89 4461
7055 826 41332
7020 476 23816
7049 1966 98313
7022 99 4992
6874 83 4156
7014 469 23496
7012 1361 68065
7019 313 15665
7026 238 11928
6332 66 3302
7008 337 16872
7023 1658 82937
6154 11 584
7054 1306 65337
7049 818 40916
6959 181 9057
7049 692 34622
7700 24 1235
7017 55 2798
7020 1949 97461
7025 201 10058
7019 345 17271
5177 42 2114
6347 47 2363
7049 1126 56317
7006 368 18436
5516 48 2450
7054 488 24431
7004 934 46709
6160 65 3288
6956 85 4290
7020 766 38318
7004 1598 79926
5600 149 7452
7019 220 11008
5511 55 2790
6478 63 3173
7010 509 25462
7012 82 4103
6619 3 156
7004 349 17489
7047 3 169
7003 706 35311
6975 168 8426
7014 52 2647
7014 1176 58812
6906 32 1643
6814 3 178
7017 1171 58562
6881 110 5508
7014 1603 80166
7053 2 124
6835 112 5635
7010 773 38699
6533 10 503
6408 21 1051
6070 108 5425
5782 121 6096
7023 1328 66424
7008 1334 66728
6642 61 3092
7001 507 25373
7021 191 9566
7001 37 1863
7055 326 16343
7003 171 8580
7048 77 3882
7049 1416 70835
7021 817 40899
7004 303 15181
6936 14 741
6752 161 8077
5177 42 2114
7010 773 38654
5588 157 7898
7026 785 39264
6517 32 1612
7014 253 12683
7017 1752 87650
7049 174 8712
6376 66 3349
6915 173 8683
5437 135 6760
7001 447 22393
7022 3 175
7049 1104 55228
6798 50 2541
7021 333 16677
7014 52 2647
7018 719 35978
6928 50 2517
6115 19 974
7012 1143 57170
5090 82 4144
6761 41 2052
7001 37 1863
7048 142 7121
6444 145 7267
7054 578 28927
7017 862 43146
7026 32 1640
7012 1361 68061
7004 1020 51045
7010 1148 57425
6806 32 1637
7025 539 26951
7013 225 11291
5179 98 4928
7008 934 46743
7010 1403 70191
7023 1607 80369
7017 273 13664
5527 70 3532
6440 37 1894
6572 187 9378
7054 390 19541
7025 274 13704
7010 1443 72191
7054 815 40772
7022 253 12661
7023 824 41204
7014 1282 64144
7012 949 47495
7026 561 28070
7287 0 11
6410 48 2429
7004 1479 73984
7059 72 3622
7014 1176 58823
7023 689 34472
7017 1519 75960
6687 175 8764
7008 779 38999
7020 957 47859
7008 298 14935
7012 893 44693
7012 489 24451
7020 917 45888
7011 288 14434
7012 1246 62349
6007 0 46
7054 2018 100929
7017 1171 58562
6978 17 882
7023 1262 63149
7021 271 13565
5511 55 2787
7023 213 10664
7003 1022 51123
6148 50 2520
7001 688 34449
7017 394 19705
7020 74 3728
6946 6 328
5136 18 945
7017 1463 73180
7022 99 4992
7017 862 43143
7003 1443 72171
6835 118 5936
6956 0 33
7001 895 44798
5584 19 982
7049 1432 71621
6835 117 5864
6145 15 782
7020 766 38318
7021 219 10998
6118 134 6711
7023 14 736
7014 996 49820
5771 29 1486
5090 158 7935
7026 648 32404
7008 962 48119
7022 47 2361
7017 1371 68567
6930 30 1548
7021 261 13065
7020 1455 72792
7003 1543 77157
7012 1458 72939
7004 1326 66330
7001 946 47317
6226 52 2607
6139 16 827
7023 1607 80361
7013 110 5503
7049 1201 60079
7054 1411 70573
6874 1 66
6100 78 3919
7017 692 34615
7012 1620 81040
7008 651 32597
5516 49 2497
6535 63 3164
7008 1245 62266
6761 40 2035
5268 3 168
7049 259 12970
7017 1329 66465
7004 394 19739
7023 318 15930
5897 39 1974
5625 108 5440
5600 56 2805
6058 168 8428
7023 1120 56016
7026 87 4389
7026 158 7907
7408 20 1015
6332 51 2576
5338 12 646
7003 762 38137
7017 1512 75616
7012 809 40472
6767 5 285
7004 258 12923
7018 199 9972
7019 251 12583
7018 698 34940
7049 1326 66349
7014 1473 73678
7001 303 15176
6923 26 1312
7010 923 46179
7003 267 13394
7020 1282 64111
7049 1508 75438
7020 650 32508
6591 77 3861
6149 153 7675
7018 357 17864
7025 201 10058
7020 374 18705
7001 848 42423
6959 181 9097
7049 1006 50350
7492 20 1026
7020 1888 94401
6978 13 669
7049 1297 64885
5068 65 3252
7003 1417 70882
7020 427 21378
7023 1483 74185
7001 74 3749
7001 1186 59341
7023 1646 82312
5925 120 6025
6347 58 2907
7008 779 38990
6298 53 2681
7055 756 37807
6756 83 4183
5222 4 220
7054 1292 64633
7003 267 13391
7014 544 27248
6535 3 155
7020 1949 97461
7017 692 34615
5396 8 417
7017 1584 79215
7011 226 11344
7012 731 36557
7020 1137 56876
7017 1693 84655
5929 92 4618
6594 110 5537
5774 83 4157
6320 80 4004
6551 155 7781
7001 688 34450
7017 271 13577
7003 617 30863
6102 9 477
7007 17 871
6611 48 2440
6778 32 1647
7017 55 2798
7003 1590 79542
6893 198 9907
7011 264 13229
7049 1925 96263
7020 257 12874
7021 645 32270
6462 69 3458
5177 42 2114
7054 278 13913
7026 558 27902
7474 83 4181
7054 1503 75186
7012 597 29868
7018 586 29334
7059 41 2096
7008 543 27154
7012 1623 81170
7001 674 33707
7020 1913 95699
7012 841 42092
7014 1176 58823
6430 5 278
7017 1073 53700
6183 103 5156
7012 27 1370
7018 875 43773
5370 108 5417
7019 7 392
7004 1326 66336
6572 178 8908
6969 195 9793
7026 201 10060
6893 199 9990
7022 253 12684
7023 1734 86719
7014 426 21340
7004 79 3979
7017 164 8240
7012 557 27893
6980 191 9587
7003 1302 65112
6535 63 3164
7004 303 15167
7023 1716 85824
7014 157 7859
7017 1160 58032
6823 8 447
7001 674 33739
5084 54 2724
7012 82 4106
7049 856 42832
6564 125 6274
5576 54 2725
5511 54 2723
7008 708 35413
6375 11 551
6551 12 639
7434 83 4195
7020 1338 66919
5216 37 1884
6683 119 5987
7008 779 38981
7055 764 38219
7049 1200 60027
6151 13 679
5586 6 320
7001 411 20560
7049 818 40929
7012 1254 62739
7049 1104 55235
7012 339 16991
6366 87 4370
7003 920 46025
6367 34 1712
7055 59 2993
6969 198 9917
6780 152 7608
7003 472 23604
7007 17 872
7012 594 29740
7008 1245 62280
7003 1590 79532
7004 1661 83089
7003 1022 51132
7020 1383 69166
7018 851 42584
7010 773 38654
6959 183 9193
7046 103 5159
5452 18 919
7010 773 38699
7625 111 5588
6879 55 2791
7020 1933 96697
7498 202 10102
7004 447 22391
7017 424 21241
7023 1893 94665
7017 1753 87663
6529 57 2892
7008 1319 65962
7023 1262 63140
5511 51 2564
7020 1933 96699
7023 325 16274
7008 779 38999
7023 1054 52718
7017 1073 53679
7019 368 18442
7023 1734 86701
7049 476 23808
7026 558 27912
7008 1353 67677
6854 31 1588
7049 174 8712
5090 84 4248
7012 731 36585
7017 1752 87635
7017 830 41532
7010 722 36113
7014 215 10767
6572 177 8891
6382 77 3898
5215 45 2259
7020 1782 89101
7012 240 12032
6989 187 9352
7026 331 16551
7001 37 1855
7020 961 48091
6692 152 7644
5896 36 1843
6350 81 4070
6942 22 1149
7012 536 26831
6823 7 382
6102 9 477
7055 660 33037
6880 20 1045
7020 1490 74516
7012 943 47157
7008 835 41775
6881 67 3382
6761 41 2052
7020 724 36225
7020 1091 54594
7019 41 2068
6332 55 2800
6594 107 5392
7049 1197 59900
7014 215 10765
7014 1282 64130
6407 49 2482
7017 772 38601
7003 60 3050
7018 357 17893
7012 731 36581
7010 722 36116
6664 208 10436
7026 470 23528
7048 28 1441
7054 1776 88821
6829 180 9004
7014 469 23481
6493 107 5361
7049 1980 99006
7023 274 13732
7020 1006 50330
6795 50 2504
7004 890 44535
7017 1371 68567
7020 674 33702
7023 1907 95354
7014 686 34303
7054 550 27517
5516 44 2218
7008 667 33355
6091 202 10145
7019 381 19100
7021 573 28680
5511 56 2848
7020 673 33657
7049 1753 87670
7003 152 7650
7012 1143 57170
7023 607 30397
7054 539 26974
7049 174 8720
7017 1680 84013
7003 267 13380
7020 1137 56863
7004 416 20847
7049 542 27122
7046 4 201
5777 33 1656
6234 22 1115
7014 185 9290
7025 261 13088
7023 1012 50625
5207 74 3721
7004 1507 75357
7049 628 31432
6973 146 7343
7012 487 24387
6975 179 8965
7010 1571 78570
6332 63 3179
6115 12 609
7012 813 40653
7010 1662 83144
5971 84 4220
7017 1134 56713
6347 51 2560
7054 783 39189
6356 127 6389
6969 234 11723
7012 1634 81723
7006 296 14813
5214 55 2786
7011 81 4099
7059 71 3581
5511 54 2723
6823 7 373
6572 177 8852
7054 298 14938
6205 25 1262
7022 3 153
7020 1300 65048
7017 271 13565
7014 1236 61834
7003 896 44839
6606 43 2166
7012 1162 58108
7020 1464 73210
6369 54 2746
7025 311 15551
6683 118 5946
6946 2 126
7023 1262 63140
7021 96 4807
6765 27 1393
6379 61 3066
6642 55 2790
7004 1142 57128
6350 81 4070
7012 1264 63209
7023 6 310
7010 946 47326
5924 10 538
6564 127 6367
6407 18 912
6334 62 3124
7021 377 18855
7054 1912 95614
6304 192 9609
7021 261 13065
6544 345 17254
7055 826 41336
7017 1693 84686
7055 154 7741
7019 102 5144
7017 1732 86637
7003 1269 63470
6423 8 415
7001 461 23053
7055 154 7746
7023 1012 50625
7012 1300 65038
7008 779 38999
7014 267 13365
7014 1603 80166
7055 391 19564
6206 16 848
6783 72 3645
5387 37 1883
7023 1262 63123
7020 633 31669
5586 9 474
5603 11 580
7012 278 13945
7001 211 10588
7010 671 33576
6837 101 5062
7010 754 37741
7014 679 33962
7007 90 4537
6803 131 6572
7012 515 25782
6304 101 5059
7006 610 30526
7049 1789 89484
7008 829 41460
7054 1823 91199
7019 220 11044
7054 1327 66357
7004 248 12415
6874 85 4285
7012 1324 66232
7023 75 3799
6998 15 776
7018 135 6789
7001 832 41617
7018 676 33802
7054 488 24422
7014 291 14564
6823 7 373
7018 887 44382
5005 208 10420
7004 1298 64909
7004 1598 79942
7018 292 14636
7055 660 33037
6752 147 7383
7049 860 43013
7004 1598 79907
7014 886 44308
7008 1245 62280
7017 1373 68697
5516 71 3568
7017 271 13577
7021 594 29710
7019 541 27091
7055 660 33016
6023 28 1424
7049 236 11801
7020 847 42380
7020 1781 89088
7023 1503 75159
7012 1518 75901
7023 1012 50620
7018 586 29347
6440 37 1894
7023 1445 72288
6946 40 2042
7014 52 2614
7047 55 2765
7017 1036 51827
7001 997 49857
7023 824 41247
5031 78 3920
7003 1012 50613
7008 493 24681
5588 169 8477
7020 956 47805
7020 571 28552
7054 1053 52700
7020 357 17861
7054 1327 66396
5947 100 5049
7017 112 5613
7049 1796 89846
7020 427 21360
7004 1509 75463
7021 93 4658
5176 5 271
7023 1543 77151
7020 1614 80709
7020 1282 64136
5896 1 96
7012 1324 66206
7054 508 25416
7526 25 1251
6530 3 183
7023 1149 57477
7014 267 13366
7006 33 1654
6092 63 3159
6824 69 3475
7023 325 16253
5268 10 549
7023 1012 50620
7004 447 22360
7049 157 7894
7017 970 48504
7014 979 48960
7055 436 21826
7048 77 3880
5924 12 649
7139 51 2575
7010 204 10235
6100 132 6628
7020 59 2951
7003 152 7606
7003 920 46022
6530 1 65
7054 112 5626
6423 89 4469
4978 44 2209
7026 668 33417
6347 0 29
7020 49 2465
7026 355 17753
7026 158 7931
7010 136 6843
7001 205 10253
7012 1246 62350
7584 23 1181
7018 357 17893
7017 1036 51836
6749 76 3831
6489 112 5611
7020 1231 61556
7055 264 13226
7055 504 25230
7054 515 25792
7004 1585 79288
7021 261 13065
7003 171 8567
7020 961 48091
6376 64 3239
7025 451 22587
6786 66 3302
7014 52 2614
7012 63 3175
6956 85 4251
7023 824 41244
5459 59 2954
7010 812 40619
7023 382 19136
6800 152 7650
7017 230 11541
7004 329 16478
7054 1306 65337
5337 79 3965
7004 1720 86048
7019 251 12554
7023 1054 52718
7001 650 32542
6953 5 275
7014 972 48607
7054 1588 79411
6382 101 5095
6769 163 8192
6953 143 7183
7012 34 1738
7017 95 4763
7023 1262 63140
7018 920 46016
7006 56 2819
7049 173 8697
7054 578 28927
7012 1324 66236
6590 64 3214
7020 495 24788
7014 632 31610
7008 324 16218
7023 613 30658
7021 674 33704
7047 88 4448
5090 22 1106
7016 3 187
7026 32 1640
5897 38 1920
6579 18 927
7020 1782 89143
7055 167 8353
5226 31 1565
7054 900 45035
7017 57 2880
7023 14 731
7018 920 46016
7008 835 41768
7017 1036 51836
7021 377 18889
6123 154 7701
7023 1895 94788
6936 14 741
7012 274 13720
6141 17 891
7014 292 14645
7054 1776 88839
7014 361 18097
7017 1134 56713
6334 50 2524
5603 11 580
7054 508 25427
6778 30 1509
6832 15 776
6332 66 3302
7023 531 26600
7001 759 37963
6803 129 6484
7010 754 37741
5386 58 2908
7014 291 14589
7049 1925 96284
7003 1197 59859
4998 44 2230
7054 397 19872
7003 1110 55516
6835 117 5864
7025 93 4663
7049 1721 86086
6483 103 5194
7004 1020 51020
7017 1124 56207
7017 271 13565
7017 1693 84684
7055 756 37827
6205 30 1504
7020 698 34921
7001 37 1887
7049 1877 93852
7003 1022 51126
7017 125 6289
6076 30 1516
7013 103 5162
7008 389 19468
7004 447 22355
7003 171 8567
7017 125 6289
7003 639 31954
7017 1144 57241
7020 1949 97482
7021 604 30204
7055 261 13079
7017 1269 63469
7003 762 38135
6653 122 6112
6642 55 2790
7022 69 3459
6837 205 10298
7001 411 20600
7644 263 13161
7004 1142 57128
5268 10 549
6653 122 6112
7017 1512 75634
7054 539 26990
7014 1334 66710
7011 154 7720
7020 560 28014
7011 226 11303
7014 259 12966
7001 552 27625
5516 47 2371
7012 1499 74956
7004 554 27739
7025 365 18276
7001 976 48822
7020 546 27304
7020 1782 89143
7023 1262 63123
7054 397 19879
7012 274 13709
7010 140 7031
7054 1659 82964
7003 1417 70896
7003 762 38119
7020 937 46855
7017 1530 76525
5108 23 1187
7017 1371 68600
7010 946 47326
6752 218 10904
7054 105 5282
5031 72 3617
7021 826 41348
6281 98 4923
7049 1004 50229
7020 386 19326
6934 146 7310
7014 996 49815
7001 997 49874
7055 337 16855
7016 283 14171
7018 875 43773
7004 882 44103
7021 271 13589
7008 120 6001
7023 1058 52946
6873 11 564
7020 1300 65032
7012 1653 82699
7054 539 26973
7010 720 36041
7049 956 47839
7020 1614 80707
7008 955 47753
7014 1565 78283
7020 221 11051
7054 1770 88516
6989 187 9352
6888 34 1743
6768 42 2107
7016 88 4409
6936 12 633
7017 1753 87655
7023 1058 52946
6826 32 1610
7008 91 4591
7054 1746 87323
7017 329 16482
6493 107 5351
7003 472 23648
6534 48 2420
7004 934 46726
7026 855 42752
7023 213 10692
7020 1338 66932
7020 1620 81007
7054 778 38917
7055 830 41529
7018 890 44528
7016 185 9271
7023 325 16253
7012 559 27996
5982 27 1397
6151 32 1645
7012 1246 62328
7008 261 13061
7012 274 13736
7049 1197 59897
7014 656 32833
7003 1417 70882
5412 31 1558
7003 1236 61802
6812 99 4994
7023 1280 64028
7047 35 1795
6026 47 2354
7022 47 2391
7017 1584 79203
7003 1224 61237
7014 659 32969
7021 242 12106
7020 159 7989
6149 147 7366
7012 597 29858
7014 1603 80200
7004 882 44141
6483 105 5278
7020 1620 81024
7054 278 13949
7023 1012 50620
7048 142 7132
7010 1571 78567
7018 473 23684
6353 69 3463
7023 1716 85824
7022 152 7605
7012 521 26075
7019 251 12593
7010 1373 68667
6149 153 7675
6004 158 7902
5586 9 474
7004 1479 73975
7049 1302 65141
7003 436 21842
7010 1745 87286
7020 258 12924
7014 686 34303
7017 273 13665
7003 436 21842
7023 823 41195
7017 424 21207
6835 112 5635
7049 1297 64885
7017 1134 56713
7020 1933 96676
7008 1245 62286
5511 55 2787
7003 887 44371
7018 265 13271
7006 475 23786
7048 167 8379
7013 225 11282
6747 5 282
7010 1478 73917
5588 162 8119
6493 1 67
7018 15 757
7020 1614 80709
7017 1753 87655
7007 81 4070
7012 1300 65044
7017 57 2872
7014 1190 59502
7023 333 16657
7008 531 26584
7004 554 27711
5459 23 1155
7017 1208 60419
6811 15 776
7025 158 7932
7025 233 11653
7014 1282 64144
7011 118 5921
6606 40 2004
5338 12 646
7014 115 5795
7008 884 44225
7003 1 54
7055 391 19582
6823 8 447
7004 950 47545
6803 17 889
7049 143 7162
7025 305 15283
6154 10 535
7008 708 35415
7049 1104 55228
7010 671 33582
7008 1391 69588
6978 12 629
7014 296 14818
7025 148 7432
7014 788 39430
5412 31 1558
7017 67 3396
7010 773 38699
7012 1254 62702
7008 1245 62286
7020 360 18036
7054 397 19863
7007 31 1561
7014 292 14645
7019 253 12668
7017 55 2798
5013 209 10470
7026 702 35126
7001 895 44760
7012 274 13717
7012 1435 71763
6893 194 9737
7001 71 3571
6350 81 4054
7049 1344 67227
6506 70 3532
7017 1269 63469
7020 1231 61576
7001 688 34450
7013 58 2923
6160 65 3256
7018 332 16611
6325 45 2292
7014 697 34863
7055 760 38032
7004 870 43540
7004 1598 79926
6611 47 2374
7126 0 48
7018 135 6798
7010 1662 83144
7054 1327 66396
7008 531 26584
7008 884 44225
7054 1301 65075
7012 1266 63347
7020 280 14042
7431 6 312
7018 869 43496
6551 11 592
7014 996 49828
6855 66 3306
5177 2 119
6325 13 678
7001 411 20597
5538 13 683
6285 133 6662
5385 113 5660
7017 1269 63477
7020 1231 61576
7014 50 2544
7020 49 2454
7023 1907 95400
7522 19 953
7021 604 30202
7012 1102 55111
6978 12 629
7023 1893 94684
5425 5 280
7020 641 32070
7001 848 42440
6956 85 4290
7008 779 38990
7012 842 42108
7010 219 10958
6507 83 4200
7018 890 44502
7055 59 2961
7008 337 16871
7004 79 3970
7049 204 10231
7010 397 19889
6946 8 404
7054 427 21381
6098 137 6876
5538 13 683
6956 85 4251
5914 99 4967
7018 980 49011
7023 1164 58210
6756 89 4494
7054 1344 67229
7055 264 13226
7004 1598 79907
7012 1590 79525
7004 844 42223
6594 114 5742
6826 35 1781
7025 161 8058
7023 1607 80373
5947 100 5049
6799 58 2916
7012 34 1727
7003 1475 73762
6928 47 2361
7017 983 49187
7004 550 27519
5474 47 2367
5588 165 8299
6990 7 384
7018 875 43784
7020 1678 83918
7023 1262 63149
7466 192 9617
6347 19 977
7055 760 38026
7054 1776 88821
7025 584 29225
6021 194 9732
6767 8 427
7014 1038 51944
5454 225 11289
7017 1040 52016
7012 893 44691
7047 55 2784
7025 34 1749
6928 50 2517
7049 429 21475
7025 148 7446
7008 829 41458
6534 44 2222
5071 61 3088
7021 245 12257
7020 674 33706
7012 509 25482
7017 509 25455
6824 66 3346
7054 1490 74550
7012 87 4383
6058 177 8853
7054 523 26185
7026 109 5480
6468 35 1767
7021 219 10972
6981 88 4424
6425 24 1233
7054 235 11759
7020 1024 51224
6829 192 9646
7014 292 14624
7007 81 4095
7023 1164 58206
7020 1225 61256
6837 52 2644
7010 923 46179
7054 25 1281
7017 57 2862
7006 138 6921
5387 37 1883
7004 104 5241
7008 815 40776
7004 1585 79285
7001 759 37999
5909 24 1220
7008 472 23627
6803 131 6586
6092 118 5950
6423 81 4081
7054 1982 99142
7059 72 3622
7004 1073 53676
7017 1329 66489
6553 138 6905
7012 330 16536
7049 1432 71608
7020 1298 64901
6589 77 3887
7014 1467 73376
7023 518 25933
5177 42 2146
7054 539 26974
6564 125 6274
7010 1635 81783
7023 1585 79298
7014 979 48960
5387 35 1784
7006 296 14835
7054 1904 95237
7001 939 47000
7001 115 5761
7001 447 22358
7021 55 2795
7004 1365 68289
7006 475 23766
7004 349 17481
5499 179 8968
7018 790 39501
6812 97 4860
7017 509 25484
5774 83 4157
7020 495 24788
7020 766 38302
7014 1176 58829
6376 33 1681
7012 274 13709
7018 265 13277
7012 1314 65727
7006 7 392
7022 47 2363
7014 291 14589
5953 6 327
7004 258 12936
7008 1334 66722
7004 1242 62143
7001 456 22828
5600 54 2722
6619 3 156
6304 100 5039
7008 472 23627
6407 164 8247
6507 199 9952
7014 972 48614
7001 564 28210
7047 30 1501
7014 1517 75893
7054 218 10948
5564 1 98
7023 1054 52747
7021 297 14862
7022 47 2361
7054 783 39189
7019 23 1196
6888 32 1627
6023 45 2298
6946 2 126
7023 1646 82335
7055 34 1726
7638 12 650
6423 81 4052
7004 554 27720
6544 344 17217
7021 695 34782
7018 357 17900
7054 1776 88839
7020 1399 70000
7018 350 17526
6803 19 988
5412 31 1558
7014 898 44910
6664 57 2884
7012 63 3177
7019 563 28158
6379 61 3054
7012 912 45605
7020 1620 81007
7016 184 9214
6350 81 4070
7010 1195 59763
7026 331 16581
7021 785 39281
4978 37 1864
7020 836 41838
4955 43 2194
7003 1269 63492
5576 56 2815
7023 1607 80380
7054 255 12769
6445 3 181
6963 57 2865
7020 546 27304
7014 1603 80187
7019 541 27091
7023 824 41247
7020 1091 54594
5924 18 910
7004 1661 83089
6990 7 384
7001 410 20523
7017 1171 58565
7049 856 42832
6506 73 3686
7017 1680 84047
7023 333 16663
5929 93 4658
7049 1980 99026
6893 192 9608
7047 30 1506
7026 331 16588
4999 86 4326
7014 739 36998
7049 1104 55225
7026 558 27918
7023 1657 82859
7020 649 32473
7023 479 23956
7049 1632 81636
7054 1776 88839
7001 759 37972
7011 274 13750
7020 257 12866
5268 5 289
5268 7 396
7008 715 35759
6794 15 753
6752 163 8187
6975 172 8640
7018 746 37342
7021 191 9566
6981 87 4400
7017 1287 64353
7012 1191 59574
7020 59 2987
7004 950 47512
5625 109 5464
6747 7 393
5566 26 1305
7462 21 1090
5237 63 3173
7010 200 10032
7055 154 7725
6506 74 3742
7017 160 8038
6823 7 371
7003 414 20721
7004 248 12433
7003 171 8584
7012 1047 52376
6369 50 2530
7053 18 928
7023 1122 56136
7017 1693 84679
7008 676 33820
7012 669 33496
7004 1598 79942
7021 93 4676
7004 870 43544
5511 55 2790
5338 14 722
6850 47 2374
7004 1595 79781
7010 1571 78571
7026 470 23528
7008 779 38990
7023 1122 56140
7026 745 37267
7013 133 6699
6835 116 5839
7014 979 48960
6483 105 5276
7010 397 19889
7049 956 47821
7003 1417 70881
6544 343 17191
6873 11 564
6752 226 11301
7003 322 16123
7017 1171 58567
7007 31 1555
6149 147 7366
7055 318 15943
6304 100 5002
7003 52 2619
7012 1202 60123
6756 83 4183
7004 258 12923
6780 151 7560
7054 1344 67207
7017 1752 87619
7003 1443 72195
7054 1503 75174
7018 411 20585
7004 890 44515
7014 1603 80176
6382 103 5152
6985 13 690
6795 0 35
6369 54 2746
7020 1614 80709
7047 111 5588
6379 68 3432
5396 8 417
7014 1473 73693
7018 875 43784
7054 900 45003
6176 154 7741
7018 357 17864
7020 1298 64924
7003 1691 84584
7006 56 2826
6932 231 11563
7017 1287 64366
7020 384 19224
6829 182 9134
7012 1015 50800
7016 22 1150
5437 135 6760
7012 597 29858
7003 52 2601
7021 785 39295
7012 559 27985
7001 205 10264
7012 1324 66214
7004 147 7355
7021 172 8635
7004 349 17456
6600 9 486
6749 76 3831
7026 158 7924
7054 111 5577
5455 13 653
5915 90 4509
7026 558 27912
7004 1326 66330
7008 337 16887
6761 40 2035
7023 1854 92710
7014 544 27227
7010 509 25452
6946 63 3156
7014 1038 51903
7012 1324 66203
7049 1925 96265
7049 476 23823
7023 6 322
7018 454 22746
7020 1275 63774
6572 183 9177
6787 47 2381
7054 1020 51027
7388 33 1670
6092 106 5345
6795 50 2504
7054 849 42455
6952 4 231
7003 1302 65112
7023 1734 86719
7012 1399 69952
7020 1040 52012
7010 212 10643
7054 508 25423
7021 850 42532
7054 1932 96623
6309 26 1316
7017 817 40864
7003 1103 55163
7020 1172 58635
7021 604 30204
6946 40 2042
6502 44 2207
7010 566 28307
7014 544 27248
7020 961 48077
7054 427 21397
5511 23 1153
6100 137 6874
7022 47 2387
6551 12 639
5433 76 3842
7014 697 34899
6850 47 2374
7023 1893 94684
7023 590 29517
7001 895 44797
6873 11 564
6653 119 5956
7001 507 25362
7003 920 46025
5938 40 2007
7014 898 44947
7025 47 2373
6098 52 2620
7020 149 7484
7017 1519 76000
7012 274 13736
7055 337 16869
7047 88 4404
7017 1068 53449
7003 1543 77166
6829 197 9881
7018 851 42600
6942 28 1437
7008 1353 67677
5433 26 1329
7021 377 18889
7012 1314 65710
7006 359 17970
7054 583 29176
7026 855 42752
7014 679 33957
7017 273 13685
7049 1755 87771
5002 41 2060
7026 525 26252
7018 966 48336
7001 37 1863
5516 70 3513
7018 869 43456
7010 773 38699
7017 1373 68667
6850 48 2444
7026 745 37267
7010 1499 74989
7006 11 554
6803 25 1291
6824 66 3346
5961 36 1849
7054 550 27517
7017 376 18834
5511 55 2787
7021 221 11056
7014 1139 56974
7049 689 34460
7014 632 31618
7004 349 17473
7023 1607 80369
7054 1659 82996
7049 1632 81611
7017 1403 70194
6778 32 1647
6806 37 1886
7014 1603 80187
7003 1543 77151
6367 6 319
7026 331 16581
7055 154 7741
7054 778 38927
5412 31 1558
7020 1298 64905
7054 433 21654
7014 679 33962
7020 476 23802
7003 1110 55504
5478 51 2555
7054 1588 79435
7055 438 21904
7014 64 3233
6803 25 1256
6122 39 1982
7006 56 2803
7049 1325 66295
7010 720 36044
7049 1456 72808
7010 812 40608
7010 57 2856
7004 1326 66319
7017 1625 81262
7055 438 21904
7054 666 33344
6579 39 1963
7008 337 16872
7022 173 8699
7017 820 41029
7008 531 26579
7004 619 30984
7004 1661 83089
7003 1427 71361
7012 243 12167
7020 1282 64124
7020 386 19345
6637 47 2367
7017 1512 75624
7003 1030 51517
7013 150 7527
6823 0 17
6981 88 4424
7010 1662 83144
7049 973 48651
7004 950 47541
7023 824 41204
7019 261 13071
7017 1073 53679
7012 893 44656
7020 1275 63776
7021 212 10635
4969 23 1199
5508 21 1054
6600 9 486
7004 258 12913
7049 463 23189
7006 475 23766
7010 1128 56414
7003 1224 61233
7021 737 36898
6382 160 8009
6928 41 2052
7014 1603 80179
7001 827 41382
6376 33 1681
6366 85 4269
7016 85 4274
5090 21 1095
7008 651 32597
7014 632 31618
6985 12 613
7023 1445 72293
6506 72 3640
6023 28 1424
7010 198 9918
7004 1585 79292
6946 34 1723
6953 0 43
7023 213 10692
5511 51 2564
7020 1091 54594
7054 783 39198
7049 1612 80629
7004 1073 53673
7023 1646 82338
7012 87 4352
7026 470 23528
6080 147 7379
7054 25 1299
7026 668 33421
7017 125 6278
6980 191 9587
7001 997 49857
7001 205 10264
7049 973 48651
7011 274 13723
7014 656 32833
7054 1657 82895
5215 41 2066
7010 820 41012
7012 1705 85289
6425 25 1292
7012 87 4383
6946 60 3044
7014 361 18097
5385 117 5885
6989 189 9495
7020 650 32525
6789 28 1414
7020 1888 94401
7020 59 2997
7051 20 1010
7047 15 764
7017 1036 51827
7047 111 5600
7001 957 47892
6637 44 2250
6024 86 4340
7012 233 11665
6139 11 552
7014 1236 61835
7010 773 38699
6932 231 11598
7003 493 24672
6544 341 17098
7020 837 41861
7017 1373 68697
7014 1653 82689
7001 461 23089
7020 1570 78538
7017 1068 53414
7054 1053 52699
7021 604 30202
7003 920 46018
7014 874 43705
6080 155 7795
7020 1172 58629
7055 391 19556
7007 90 4537
7003 706 35311
4992 90 4525
7008 120 6001
7026 470 23527
7003 1197 59859
7055 780 39007
7025 93 4665
5071 64 3248
7001 461 23089
7334 1 96
7001 895 44760
5527 70 3532
6906 28 1443
7017 983 49192
5511 51 2564
7014 1190 59529
6922 224 11239
7049 1302 65141
7020 961 48067
7054 900 45024
7054 1659 82954
7003 1302 65119
6070 82 4134
7020 961 48091
6953 143 7183
7013 225 11251
6826 35 1781
7001 895 44756
6304 99 4993
7017 1753 87655
7010 1257 62881
7012 1324 66214
7054 111 5577
5134 36 1837
7018 265 13268
7054 1912 95633
6922 224 11239
7001 303 15171
6149 17 896
7020 49 2454
7049 542 27124
7018 374 18725
7008 337 16883
6229 26 1350
7012 27 1354
7020 917 45888
7012 1254 62739
7001 848 42440
7008 1356 67817
6653 119 5956
7018 875 43763
6145 17 864
7008 995 49778
6296 3 160
7021 352 17603
7054 978 48901
7003 896 44839
7023 607 30391
7625 111 5588
7023 1262 63115
7054 1943 97193
7012 63 3186
6647 113 5689
6761 41 2080
7049 722 36105
6928 50 2541
7020 360 18021
7048 37 1870
6339 179 8980
7014 898 44911
6906 32 1643
7014 1467 73382
7001 303 15190
7049 425 21264
6313 15 799
7004 554 27711
7049 1344 67208
7003 1197 59865
7012 1162 58134
6340 67 3383
7134 18 946
5586 6 306
6835 115 5794
7021 674 33704
7004 349 17473
7134 15 758
6906 28 1443
7016 0 24
6339 180 9025
6534 49 2464
7008 667 33361
6347 19 955
6369 50 2508
5337 138 6929
7020 836 41827
5226 26 1311
6334 62 3124
7004 57 2853
6080 155 7795
7018 920 46016
6993 20 1044
6534 47 2366
6080 155 7795
7047 15 796
6347 51 2559
5474 47 2368
7054 246 12326
7457 206 10342
6572 184 9225
7017 1208 60403
7004 258 12903
7010 812 40619
6695 42 2118
7023 1728 86415
7003 152 7602
7004 394 19739
5478 52 2632
7095 16 805
7020 1949 97479
6325 1 79
7625 90 4529
7017 1693 84686
7025 305 15273
7010 219 10977
6350 78 3930
