17305 12 643
15353 45 2283
17415 71 3560
14779 143 7180
14436 148 7408
15355 26 1307
14899 124 6240
17237 0 7
14190 3 164
16874 441 22070
17144 161 8097
14712 244 12238
16058 106 5339
14924 17 895
14877 104 5205
16267 108 5402
15520 67 3393
15486 3 161
15915 198 9946
15916 65 3282
14706 28 1422
15410 104 5245
17140 63 3191
14824 253 12683
14418 272 13650
14185 32 1619
14903 275 13797
14223 49 2456
15916 371 18551
14343 153 7698
17481 8 447
16889 24 1250
15799 246 12314
16011 115 5777
14245 81 4099
14736 122 6109
17131 141 7059
16817 239 11973
16286 267 13397
16906 18 945
17482 50 2525
14293 195 9787
17509 23 1154
16310 315 15777
17112 139 6954
15981 18 904
14372 102 5108
15909 25 1270
16878 196 9810
15456 134 6726
17302 81 4054
15504 66 3312
15449 17 872
15502 87 4372
17208 249 12455
17137 35 1751
14453 25 1295
15640 13 651
14368 19 983
16008 388 19419
17270 74 3717
14152 164 8249
15803 10 524
15183 36 1811
14274 100 5032
15554 160 8012
14779 143 7180
17471 87 4376
15457 79 3994
14880 54 2740
16121 61 3089
14298 44 2217
16433 27 1391
14998 54 2704
15722 68 3406
14877 13 654
17349 24 1231
17427 11 562
14673 40 2021
17106 24 1217
14741 157 7853
17002 38 1938
15463 435 21758
16809 86 4307
14934 179 8952
15862 130 6503
17383 443 22192
16339 230 11550
17383 140 7045
14926 79 3998
15917 489 24456
15511 224 11218
17248 290 14530
17240 398 19947
14745 86 4303
15097 59 2991
16301 179 8986
16726 170 8519
15153 21 1097
15689 295 14779
16076 113 5684
14283 72 3633
17383 478 23926
16101 201 10081
15774 90 4525
14244 29 1494
14768 5 256
14768 178 8948
15425 150 7509
14445 78 3940
14363 0 31
16230 60 3038
15160 31 1565
14947 7 359
15246 172 8633
17488 176 8808
16112 167 8399
14548 22 1140
17194 11 574
14667 17 852
15397 233 11683
14142 15 798
15774 211 10588
14181 5 280
14921 39 1959
15464 133 6652
14609 133 6675
17424 13 700
17497 227 11390
14475 35 1760
17394 83 4154
17205 107 5378
17394 176 8817
15181 3 165
15785 45 2283
16126 35 1784
17036 272 13631
14801 260 13027
14329 253 12687
15394 50 2549
14874 188 9401
14790 199 9965
16110 109 5487
14297 85 4254
16220 22 1139
14902 104 5244
14306 117 5852
14729 192 9610
14242 40 2016
14300 72 3630
17141 14 702
14418 129 6451
15834 52 2613
14555 107 5376
16889 89 4469
16507 43 2152
14300 72 3630
16878 108 5446
17407 137 6877
15778 37 1862
17447 52 2649
16978 441 22078
15466 124 6234
15369 296 14819
14467 286 14339
17212 39 1977
17525 0 27
14559 295 14781
15482 129 6485
17121 5 279
15589 4 248
15603 143 7179
14607 182 9150
17159 37 1864
15392 107 5352
15449 100 5040
14801 110 5549
14870 127 6395
16438 18 928
14223 204 10203
15774 175 8752
16283 82 4119
17169 140 7024
14475 27 1358
16562 9 494
14368 224 11204
15922 7 362
17165 101 5093
15463 151 7578
14209 135 6794
17563 34 1739
15433 138 6927
17019 85 4259
15715 94 4709
16172 101 5088
17011 282 14125
14743 170 8545
16552 17 899
15923 154 7712
15859 167 8391
16906 18 912
14911 109 5475
15656 88 4447
14936 35 1759
15797 30 1524
17170 36 1811
14991 165 8268
17448 45 2282
15233 14 746
17208 49 2468
15870 109 5474
15457 93 4668
15403 80 4021
14513 0 49
14375 140 7005
16137 50 2549
14134 94 4719
14758 17 889
17102 15 758
14545 33 1697
15920 28 1419
14450 242 12143
14768 133 6690
15927 281 14069
15086 121 6100
16807 121 6086
14516 116 5806
15882 38 1936
15800 274 13749
14904 29 1491
17129 35 1774
14418 183 9186
14607 306 15334
16076 147 7363
16079 24 1215
15511 238 11925
16310 223 11154
16731 17 876
17355 34 1717
14425 99 4968
14584 149 7471
17519 10 524
17076 6 304
15894 96 4847
16041 269 13478
14464 106 5334
16081 103 5191
15875 428 21442
14771 299 14997
15227 140 7021
14270 230 11519
16446 169 8455
14183 7 384
14831 151 7589
15145 312 15642
16428 225 11292
16676 256 12823
15154 282 14118
16877 57 2883
17229 14 718
14558 14 746
17055 313 15686
16112 473 23687
14712 232 11614
14707 14 708
14550 68 3423
14542 171 8564
17194 13 688
17338 87 4399
14763 6 343
16134 80 4035
16209 341 17056
14399 67 3385
14368 0 25
14152 172 8614
14770 247 12381
14914 301 15069
16489 174 8708
17199 135 6784
15316 132 6644
16205 227 11381
15422 70 3515
14191 120 6049
16008 388 19419
15394 50 2549
17210 119 5970
14817 62 3117
16424 267 13381
15780 170 8511
15161 159 7953
16727 300 15035
17131 228 11413
16514 7 366
16867 229 11464
17396 23 1179
14675 4 217
14548 198 9950
14259 22 1119
16243 125 6262
15872 36 1841
17447 52 2649
15916 420 21039
14358 219 10981
14553 105 5275
17135 61 3053
17132 181 9082
14989 180 9031
15473 183 9171
14970 233 11685
17478 18 938
14134 263 13167
17365 11 574
16878 196 9810
15376 7 393
17219 32 1608
15824 18 919
15227 159 7981
15919 22 1111
15862 130 6503
17237 119 5981
16741 412 20634
14634 52 2614
17469 43 2187
14559 275 13778
17361 255 12751
15086 12 635
15713 157 7867
16137 76 3817
14901 307 15387
14537 9 476
15473 147 7381
15783 377 18869
14458 8 410
15916 424 21228
15432 29 1461
17413 63 3168
14207 1 89
15236 159 7952
15800 50 2510
16492 25 1263
14368 24 1233
16066 42 2120
14779 25 1286
17469 93 4690
14432 75 3795
16760 21 1086
15780 111 5579
14488 7 369
16226 2 103
15771 18 923
15262 84 4221
14970 94 4733
15145 294 14741
16679 101 5063
15641 1 77
14557 65 3272
16507 43 2152
17154 34 1740
14632 68 3427
15471 22 1115
15927 146 7311
15391 44 2222
17224 53 2673
15167 150 7507
16150 352 17610
14922 16 826
14270 212 10611
14707 17 899
17439 22 1130
17352 55 2781
15590 242 12133
16199 461 23076
16199 280 14031
14787 40 2046
14749 60 3026
15960 124 6206
15103 57 2875
16022 113 5693
14807 186 9344
14369 163 8162
15897 74 3714
14218 199 9992
14243 92 4627
17271 146 7333
15603 37 1898
16196 111 5598
15301 41 2087
14396 42 2135
15528 43 2151
14940 158 7913
15701 276 13812
14664 117 5887
15386 74 3729
17087 123 6188
14157 126 6306
14876 67 3398
14625 43 2184
17030 13 658
14986 48 2415
14195 113 5680
14257 149 7455
14772 283 14158
15335 3 169
14453 8 423
16428 470 23544
15862 72 3616
15479 78 3903
15145 281 14100
14772 121 6060
14652 131 6580
14271 219 10999
14243 95 4752
14658 7 364
16888 246 12324
16322 11 585
17352 15 781
15183 36 1811
14368 276 13840
14270 54 2714
14874 240 12042
17248 258 12949
15676 212 10623
16948 54 2707
17152 91 4574
14260 109 5474
14384 6 327
15715 64 3241
15479 78 3903
17545 51 2579
15603 77 3869
14968 122 6102
16921 36 1812
17143 8 437
14621 5 281
15851 7 352
17106 7 369
17415 61 3089
15415 177 8875
14904 25 1251
17398 50 2535
15902 23 1156
15462 131 6558
16150 129 6489
17326 16 803
16592 1 83
15893 50 2544
16186 142 7113
17274 15 776
17029 203 10155
14907 14 711
14207 22 1106
17482 165 8293
15511 51 2585
15160 187 9362
16499 317 15872
14991 13 664
17280 41 2085
17210 83 4168
15293 18 902
14377 124 6235
16262 20 1035
16060 164 8201
15659 4 230
14372 102 5142
17164 56 2842
14471 0 26
15862 241 12092
15103 157 7871
17397 53 2695
14654 265 13270
15410 10 527
16715 86 4340
17070 142 7124
15398 324 16211
15177 27 1355
14338 1 53
14934 179 8952
14811 5 272
17095 13 663
14981 195 9771
14642 72 3631
14300 72 3630
15639 108 5417
16158 325 16275
15266 42 2133
14903 62 3123
15917 344 17231
15714 21 1100
15457 201 10071
17205 218 10936
15464 125 6269
16738 220 11044
16517 110 5546
14749 60 3026
15129 21 1077
15124 1 68
15801 462 23128
17251 52 2648
15715 189 9481
17349 12 614
17132 80 4047
15446 39 1976
17453 41 2071
14139 29 1486
14368 181 9074
14300 72 3630
14467 223 11157
17559 109 5497
14521 9 468
15362 52 2650
15846 38 1918
17194 2 123
17248 212 10638
14432 15 763
17044 108 5428
14225 41 2098
15486 120 6006
17308 3 160
15783 204 10247
14903 62 3123
17139 263 13176
14537 9 476
17132 524 26210
14195 16 812
17395 23 1157
17356 50 2545
15243 82 4114
15785 37 1869
15894 13 682
15656 96 4822
15593 236 11836
17226 62 3114
17073 159 7952
14610 197 9853
14423 6 334
14338 266 13309
14911 166 8337
14270 54 2714
16272 199 9994
14901 307 15387
17415 215 10753
17090 51 2589
14899 124 6240
15271 17 864
16172 211 10591
15872 36 1841
15857 18 904
15425 205 10282
15913 36 1807
14798 72 3610
14384 6 327
16188 157 7882
17250 31 1586
15446 87 4365
17316 20 1016
17327 156 7815
16486 2 139
15222 175 8780
15702 19 993
14923 12 626
14880 114 5739
14558 14 746
16894 188 9442
14408 45 2276
17383 122 6136
17181 81 4062
14991 82 4145
15780 180 9020
16738 220 11044
16066 42 2120
17128 101 5099
16963 285 14283
14195 113 5680
15339 45 2285
14321 21 1051
17458 161 8076
17260 71 3598
14643 72 3618
17304 44 2216
15302 38 1937
14924 149 7494
15415 328 16403
14228 31 1600
17239 147 7361
17168 33 1659
15282 101 5100
16374 3 198
15500 20 1030
16262 20 1035
17508 71 3551
15361 60 3028
15862 279 13989
15915 31 1573
14580 28 1421
14136 70 3526
17415 257 12899
17146 32 1646
16562 9 494
17371 459 22953
15362 52 2650
17140 140 7031
17358 22 1124
14611 60 3012
17396 23 1179
15160 194 9730
15482 47 2361
14626 30 1513
15129 26 1319
17327 124 6207
15783 169 8484
16694 35 1767
14789 148 7438
16952 132 6632
15901 276 13801
15464 121 6099
14277 312 15635
15436 342 17144
17310 2 117
17152 78 3927
15403 23 1165
15279 70 3524
15659 0 45
17248 324 16248
14537 9 476
15316 158 7916
14902 104 5244
15528 237 11853
14194 76 3821
15916 227 11372
14526 137 6856
17361 362 18148
14584 16 832
17453 41 2071
14396 42 2135
14250 14 722
17535 31 1564
15149 118 5942
15426 72 3630
17005 73 3652
14556 210 10521
15701 271 13588
16022 113 5693
17497 105 5296
14734 127 6393
14909 152 7627
15254 134 6750
17388 41 2087
17327 57 2879
16159 37 1856
16119 21 1096
14940 147 7363
15430 159 7966
14279 49 2457
16148 119 5985
17116 0 2
14556 157 7867
15901 267 13351
14291 173 8659
14806 141 7067
15701 55 2785
14458 138 6907
14641 201 10093
14893 209 10464
15174 1 61
14277 189 9470
14644 215 10793
15282 129 6457
15302 34 1705
15457 51 2554
15639 2 103
14436 20 1002
14758 169 8453
14609 299 14978
14884 217 10890
16141 150 7531
15348 292 14630
17030 70 3512
17309 142 7111
15949 171 8598
17408 64 3211
15862 119 5987
15330 20 1045
15264 101 5062
14455 8 410
14131 16 837
14772 121 6060
15797 30 1524
16011 134 6701
14428 82 4110
17172 5 291
14150 63 3171
16119 516 25806
14578 75 3760
14203 28 1434
17560 149 7479
16802 93 4663
15391 44 2222
17522 88 4426
14775 26 1312
14934 66 3331
15479 3 179
16797 107 5385
15360 167 8392
16992 21 1060
15111 28 1443
17440 171 8562
15676 16 821
14644 6 342
16096 73 3686
16011 134 6701
15170 105 5285
16807 121 6086
15101 19 998
16122 126 6326
14893 209 10464
14746 63 3180
15683 6 337
16114 35 1780
15873 145 7253
15877 260 13047
15517 135 6792
15783 61 3078
15592 27 1352
15528 62 3117
15161 135 6752
14801 179 8972
14228 31 1600
15458 137 6874
16112 473 23687
14758 101 5069
15013 221 11053
15867 25 1285
17389 57 2887
15464 142 7107
16769 122 6103
16655 11 551
15289 1 95
17459 214 10723
15361 73 3687
17081 8 432
17213 76 3806
14297 19 964
17144 79 3970
14546 179 8958
14947 4 209
15463 313 15665
17339 199 9956
16948 38 1940
17344 102 5108
14712 232 11630
16948 207 10362
17390 0 44
15590 130 6524
15153 20 1047
15155 4 211
15923 104 5215
14793 155 7753
16158 328 16433
14559 52 2608
14362 51 2559
15047 17 877
16916 25 1289
14293 86 4313
15463 435 21758
16122 229 11491
16141 122 6117
17073 82 4116
14550 267 13360
15155 44 2221
14535 103 5190
15451 50 2539
14148 132 6613
14652 249 12465
17333 186 9337
14902 290 14535
17408 64 3211
14575 48 2447
14411 12 610
15872 10 518
17534 8 429
17414 135 6774
16006 96 4817
15986 161 8068
14768 146 7327
14880 21 1074
14764 80 4012
15330 9 464
17360 106 5328
15822 0 35
15514 79 3986
14438 154 7725
15160 307 15362
15915 432 21603
14870 9 464
14553 52 2617
16336 72 3646
14654 202 10147
17109 1 70
14873 307 15393
16118 58 2937
15800 206 10349
15970 472 23615
17334 189 9453
17100 53 2686
17559 109 5497
17561 231 11589
17249 147 7392
14139 29 1486
16517 12 644
14191 94 4702
17254 0 9
14981 197 9860
15432 29 1461
16944 193 9680
16923 77 3886
14545 19 952
15482 47 2361
14432 8 436
14893 102 5109
16247 75 3764
15463 6 301
17475 178 8911
15762 225 11259
14874 62 3145
16694 148 7439
17229 18 933
14998 37 1862
16831 7 396
17232 32 1614
17226 116 5836
17030 144 7246
17208 55 2752
14824 311 15588
14467 300 15045
14458 85 4292
15163 52 2650
14219 77 3862
16288 116 5837
15369 22 1122
16110 5 290
17248 121 6066
15238 84 4208
17219 1 51
14152 254 12714
14284 9 463
15138 29 1478
17139 279 13958
17070 146 7315
17372 43 2194
14229 14 735
16818 102 5135
15345 10 544
15882 11 579
17371 148 7416
14907 14 711
17141 36 1810
15154 181 9089
14886 141 7090
16948 54 2707
14185 32 1619
17073 8 442
15935 143 7159
17457 157 7852
17198 26 1302
15182 135 6795
14223 177 8871
17388 17 851
14356 180 9040
17274 15 776
17245 27 1389
15225 3 182
15286 136 6801
16112 17 887
14801 194 9721
16227 186 9349
17361 146 7329
17043 48 2408
15403 175 8773
15589 4 248
15901 301 15069
14725 12 638
15145 221 11072
15464 11 580
14290 53 2699
15010 8 438
14301 86 4314
14316 27 1390
14798 1 97
15302 31 1584
17100 208 10417
17111 236 11838
16940 12 615
14888 4 214
14662 106 5333
14789 88 4449
15098 22 1134
14802 60 3001
14990 113 5651
15330 20 1045
15436 194 9708
15785 37 1869
14139 92 4618
15457 156 7807
15118 61 3094
16148 153 7652
17132 524 26210
14904 25 1251
14418 250 12512
14336 87 4353
15116 91 4554
17271 181 9070
15392 104 5225
15589 93 4670
14154 174 8720
15710 39 1965
17492 50 2509
17154 24 1228
15153 76 3837
14870 82 4127
15391 269 13499
14279 49 2457
17563 69 3473
15682 54 2701
17092 20 1002
15528 0 5
15228 126 6350
14187 96 4811
15140 1 83
15782 17 863
16169 164 8224
16137 1 64
15780 68 3450
14758 65 3284
17373 15 755
17383 201 10070
17561 70 3546
17414 61 3054
16901 108 5410
15172 61 3093
16305 34 1740
15486 325 16266
17036 79 3982
17540 27 1352
17237 438 21902
14870 296 14823
15227 159 7960
14239 16 821
17373 147 7370
15762 187 9358
15243 20 1050
17226 116 5836
14191 231 11588
15182 135 6795
17440 90 4524
17269 163 8191
17030 21 1065
14824 260 13039
15242 98 4916
14802 172 8639
14907 61 3088
14245 175 8781
15981 148 7439
14338 12 603
15042 4 241
17187 7 376
15669 13 683
16152 86 4335
16022 268 13420
16685 165 8265
14243 130 6547
15222 63 3184
17353 39 1973
15436 342 17144
17114 69 3490
17209 31 1598
14912 2 121
15479 87 4376
14598 42 2139
16038 161 8092
17287 150 7506
17199 25 1286
17471 93 4681
16839 130 6526
14136 62 3136
14225 65 3261
16891 139 6967
16387 25 1253
17159 44 2242
17087 389 19485
17324 107 5388
15479 299 14972
15669 23 1176
15799 268 13442
17111 112 5609
16552 102 5137
17123 15 781
15689 177 8885
15296 133 6667
15335 94 4731
14253 10 527
14162 60 3033
15933 135 6765
16525 40 2026
15031 28 1411
15259 29 1477
14392 136 6810
15118 131 6555
17078 30 1528
16948 60 3035
14553 223 11169
14539 212 10602
15297 131 6569
14989 43 2199
16714 90 4550
15264 27 1372
17140 19 960
14227 124 6219
15731 8 440
14609 186 9313
14136 45 2291
15883 1 57
17339 254 12737
14712 82 4110
17275 2 114
16148 237 11894
14376 243 12198
15774 90 4525
14654 180 9018
14191 40 2007
15348 81 4096
15154 181 9089
15353 116 5808
14824 311 15588
16346 38 1947
17132 387 19359
14277 112 5608
15639 2 103
15172 23 1161
15368 152 7643
15356 37 1862
15228 148 7407
17415 200 10026
14904 20 1031
17267 91 4570
14990 160 8045
15410 138 6922
14191 40 2007
15504 35 1770
15828 44 2233
14270 84 4232
15665 1 74
17556 77 3869
15656 58 2906
16109 66 3309
15225 35 1792
14298 79 3969
16179 44 2247
16581 77 3895
15771 18 923
16960 157 7899
14899 124 6240
17414 137 6869
16148 119 5985
15308 4 215
15323 9 496
17400 12 613
16802 207 10378
16150 180 9014
17333 110 5547
15103 150 7502
15457 201 10071
14729 215 10753
16094 522 26118
17248 180 9042
15491 54 2728
17364 71 3557
15267 145 7265
17245 27 1394
17383 113 5695
15828 134 6734
14526 137 6856
15155 9 485
14580 43 2153
14647 6 339
14537 9 476
15875 333 16673
14634 52 2615
15479 294 14727
15801 299 14984
14464 106 5334
17371 3 168
14464 180 9013
15431 57 2862
17444 9 458
14716 42 2129
15593 198 9950
17218 17 860
14878 84 4228
15234 128 6427
17267 35 1764
17118 20 1043
14934 179 8952
17448 166 8311
17528 20 1034
14707 17 899
14453 135 6786
14516 116 5806
14293 220 11022
16352 241 12072
14886 105 5270
14220 26 1315
14408 38 1936
17427 11 562
15403 23 1165
16196 36 1814
15409 85 4290
14957 45 2257
15225 50 2522
15318 161 8096
14626 15 792
14893 165 8279
15783 375 18767
14736 222 11135
15156 58 2929
14148 17 856
15469 201 10090
15101 55 2769
16769 92 4639
14329 253 12687
15774 90 4525
15656 35 1752
17458 36 1821
14546 71 3590
14968 37 1900
14280 19 962
15227 159 7981
17308 153 7675
17461 6 338
15109 9 457
14641 138 6906
15228 7 387
15867 25 1285
17371 163 8177
15877 0 38
14802 172 8639
17396 4 208
14187 96 4811
15603 71 3598
15430 82 4138
15065 38 1904
