6829 179 8954
5959 31 1568
5207 45 2276
6940 39 1962
6502 81 4081
5593 60 3001
6463 68 3402
5521 63 3176
5497 47 2390
5194 14 742
6894 14 742
6666 92 4624
5561 118 5901
6882 5 278
6978 176 8805
6533 126 6316
6507 7 391
6827 67 3357
5495 22 1132
5103 24 1203
5187 1 79
6579 42 2132
5926 4 229
6366 63 3177
5178 10 508
6859 122 6143
6780 14 705
6527 10 522
6861 75 3756
6768 37 1862
5588 107 5365
6867 16 815
5604 44 2238
5459 160 8004
6542 107 5388
6440 80 4024
6800 113 5655
6880 21 1090
5164 62 3140
5834 130 6539
5207 114 5727
6320 50 2516
5853 404 20225
6185 18 934
6680 135 6780
6756 78 3939
6482 5 298
5720 15 756
5948 59 2978
5846 24 1215
6572 142 7135
6527 129 6474
6517 4 220
5536 84 4211
6332 66 3328
6855 53 2681
6969 189 9473
5233 1 63
5896 11 592
6453 20 1028
6836 36 1827
6763 123 6191
5497 28 1446
6154 33 1660
5767 63 3161
4953 50 2539
5480 11 565
5720 15 756
6756 70 3507
6223 18 927
6907 27 1380
6780 149 7481
6176 174 8702
6407 5 267
6478 6 325
5377 13 666
6954 55 2772
6561 12 642
6756 70 3507
5013 114 5728
6773 236 11828
6446 169 8490
6542 177 8897
5946 37 1885
5034 14 719
6157 78 3945
6776 124 6211
6058 202 10115
5705 5 259
6827 237 11882
5512 107 5385
6100 147 7386
5822 20 1012
5512 14 720
5155 46 2337
6861 167 8364
6553 92 4637
6506 79 3957
5858 12 621
6213 9 489
6300 136 6802
6921 154 7731
6960 75 3763
6680 99 4994
5840 28 1408
6056 14 724
6642 106 5321
6867 40 2048
5084 42 2147
6652 6 343
6572 136 6834
6505 1 89
5384 191 9556
5016 35 1751
6412 15 790
4998 82 4102
6991 237 11892
5455 60 3022
6950 46 2317
6576 17 863
6549 43 2196
6497 145 7299
5611 71 3594
6313 65 3257
6506 45 2255
6030 0 39
6620 68 3427
5361 67 3385
6980 11 600
6211 117 5877
6574 10 523
5142 27 1364
6918 116 5825
6510 49 2461
6989 123 6170
6356 123 6188
6574 7 358
5455 53 2656
6865 66 3315
6793 19 993
6426 33 1672
6362 106 5305
6022 178 8921
6901 47 2388
6655 20 1030
6688 10 526
5926 4 229
6457 149 7492
5925 164 8241
6902 44 2223
6828 58 2937
5752 92 4628
6467 60 3021
6811 181 9091
5854 97 4887
5654 21 1094
5527 63 3177
5046 91 4567
6479 58 2944
6377 53 2669
6690 97 4858
5025 64 3235
5767 213 10700
6956 99 4993
6298 183 9175
6784 23 1176
5513 25 1286
6837 154 7719
6773 189 9498
6921 84 4202
6634 157 7883
6829 166 8344
6952 203 10194
6977 25 1284
6149 60 3024
4971 163 8178
6622 16 836
6977 70 3522
6874 46 2314
6829 124 6236
6769 135 6797
6551 13 681
5349 11 574
6565 97 4856
5217 14 724
6348 43 2153
5519 120 6019
5470 26 1329
6205 9 480
6074 72 3641
6417 81 4051
6850 35 1795
5547 114 5725
5511 10 516
6304 36 1809
6766 151 7595
6379 91 4587
6630 79 3972
5745 6 301
6407 18 937
5593 65 3261
6192 64 3226
5703 26 1330
6963 10 507
5996 5 300
6213 9 489
5211 101 5071
5333 102 5134
6480 50 2539
5341 28 1438
6921 33 1696
5341 57 2865
6563 16 834
5929 109 5485
5710 16 823
6144 36 1839
6572 136 6834
5858 0 41
6487 79 3960
4974 9 496
6979 53 2679
6829 75 3783
6340 20 1027
5337 5 287
6653 92 4626
5938 53 2663
6947 59 2982
6861 21 1079
5920 22 1130
6576 57 2880
6800 213 10655
6932 230 11505
6631 86 4329
6653 92 4626
6680 39 1977
6663 73 3658
5830 150 7531
6318 99 4971
5093 88 4439
6527 111 5582
6571 29 1455
6950 42 2104
5280 140 7006
5824 25 1255
5953 5 269
5061 29 1454
5977 205 10296
6046 63 3193
6058 189 9458
4962 141 7099
6219 140 7008
6564 43 2176
6679 160 8033
5585 52 2628
6311 66 3331
6894 39 1999
6861 21 1079
6313 44 2211
6981 70 3534
5086 26 1305
5361 50 2532
6078 81 4070
6930 36 1847
4957 18 945
6811 189 9474
5606 69 3459
6670 38 1914
6131 7 395
6199 165 8271
5411 68 3447
5364 31 1551
5029 136 6846
5441 73 3695
6692 26 1317
6800 123 6197
6960 167 8353
6282 12 649
5041 12 614
5564 35 1789
5515 180 9003
4981 12 617
5536 51 2576
5418 40 2014
6936 215 10798
5189 24 1250
5921 141 7094
6211 153 7655
6680 51 2580
6502 99 4966
6363 1 78
6303 3 184
6552 43 2184
6179 5 271
5470 80 4016
5589 41 2074
6544 131 6587
6813 223 11165
6596 74 3736
4979 34 1729
6091 120 6041
6801 92 4647
5573 57 2855
6853 130 6501
5397 52 2638
6932 144 7214
6426 78 3933
6410 141 7064
6371 27 1399
5153 6 323
6599 58 2928
6311 0 30
6812 71 3600
5752 47 2396
6551 3 196
6571 40 2005
5846 27 1366
6500 24 1217
6797 43 2176
6981 70 3534
6553 33 1655
6871 63 3162
6813 204 10243
6574 1 78
4986 58 2914
6981 70 3534
6752 154 7711
6542 21 1086
5093 31 1563
6562 40 2027
6663 104 5204
6789 128 6428
6777 131 6555
6376 42 2132
6552 56 2815
6098 46 2336
6856 30 1507
6100 161 8064
6377 52 2608
6916 86 4347
5966 82 4138
5966 187 9354
5508 5 254
6551 13 681
6497 74 3731
5512 105 5296
6347 169 8459
5505 13 688
6749 43 2193
6562 0 18
6792 27 1398
6749 227 11394
5605 101 5093
6549 34 1717
6798 116 5814
6558 49 2453
6241 11 556
5338 9 459
6480 132 6605
6663 24 1214
5616 185 9252
5341 57 2865
6634 25 1270
5767 32 1621
5462 111 5585
6546 27 1379
6320 74 3717
6301 203 10176
6494 32 1613
6748 93 4663
6608 49 2499
6369 4 201
6552 44 2202
6162 14 738
6205 5 261
5975 4 239
6955 179 8990
6439 23 1156
6561 12 642
6526 3 196
6565 162 8101
6488 24 1207
6813 101 5068
6888 88 4438
5090 89 4463
6879 136 6838
6783 177 8900
6502 74 3712
6192 64 3226
6219 140 7008
6493 44 2208
5706 33 1674
6780 78 3947
5264 5 270
6092 92 4634
6952 95 4795
6426 120 6049
6658 13 657
6575 102 5140
5892 46 2323
5154 91 4581
5111 29 1460
6407 72 3625
6314 130 6522
5397 52 2638
6569 15 752
5093 132 6645
6510 49 2461
6614 141 7082
6591 1 82
6579 42 2132
6752 69 3497
6599 103 5194
6489 25 1257
6596 28 1440
5915 101 5069
6091 163 8177
6760 1 59
6798 217 10875
6487 104 5233
5265 26 1305
6666 152 7620
6540 61 3084
6865 66 3315
6427 124 6204
6535 209 10481
6861 160 8032
6779 107 5387
6313 44 2211
6697 118 5925
6854 70 3528
6712 15 770
6497 74 3731
6311 0 14
6765 140 7026
5850 122 6131
5558 19 979
5512 105 5296
6855 147 7355
4982 38 1918
5564 131 6582
6952 93 4675
6468 106 5328
6647 45 2254
4971 37 1871
6080 108 5427
6626 32 1606
6907 82 4136
5340 45 2280
5146 49 2493
5333 87 4371
5729 63 3154
6552 81 4098
5959 36 1825
6773 209 10453
6337 4 228
6828 88 4438
5593 65 3261
6811 73 3683
6835 3 166
6505 4 220
6569 15 752
4962 93 4659
5728 7 360
5915 101 5069
5277 25 1299
5614 11 566
6031 17 868
6854 112 5628
6218 2 143
6915 154 7738
5359 0 21
5618 33 1700
5959 30 1527
6533 146 7310
6308 34 1741
6149 60 3024
5157 48 2449
6348 43 2153
6304 155 7799
5985 75 3762
5108 125 6253
5002 22 1128
5262 4 232
6028 37 1875
6634 80 4010
5720 15 756
5409 12 639
6205 95 4795
6330 27 1383
6571 58 2936
6780 74 3748
6934 183 9166
6687 169 8479
5092 125 6294
6801 113 5664
6508 52 2623
6044 6 304
5985 201 10073
5752 42 2149
6989 109 5479
5745 6 301
6457 46 2318
6837 151 7596
6959 231 11598
6659 30 1533
6773 229 11469
6798 169 8460
6058 23 1172
6647 101 5078
6780 17 893
5947 129 6498
6192 46 2336
6594 50 2506
5164 36 1845
6549 50 2507
5840 1 53
6805 152 7626
6881 35 1774
5337 122 6129
5025 64 3235
5616 218 10912
6811 54 2705
6608 49 2499
5002 22 1128
6879 200 10033
6493 79 3982
5223 18 932
6439 8 419
5726 84 4225
5938 25 1295
6854 70 3528
6879 8 437
6622 30 1549
5463 8 408
6478 40 2029
5171 57 2887
6912 31 1561
6977 0 28
6425 24 1212
5519 142 7134
6162 14 738
5892 4 210
5515 105 5261
6461 85 4281
5630 35 1777
6956 72 3618
5605 101 5093
6591 175 8788
5847 23 1189
6949 45 2256
6980 38 1934
5359 0 21
6866 148 7417
5705 1 98
5489 57 2871
6647 69 3480
6957 93 4671
6095 6 339
5616 70 3544
6955 186 9308
5891 144 7228
6668 30 1527
6919 73 3673
5374 36 1835
5525 0 41
5745 6 301
6047 7 364
5349 25 1263
5834 113 5697
6123 123 6197
6078 22 1135
5337 122 6129
5725 17 864
6663 11 573
6332 14 748
6462 39 1983
6775 10 526
5921 108 5447
6980 34 1739
6765 96 4801
5778 27 1378
4961 11 585
6784 22 1115
5376 4 243
6959 9 491
5752 40 2002
5935 15 751
5124 22 1128
6558 137 6866
5272 73 3695
6620 48 2441
5840 28 1408
6776 56 2840
6688 36 1850
6748 187 9367
6855 86 4345
5099 65 3257
6827 151 7599
5029 165 8252
6355 9 495
5412 71 3558
6978 90 4548
5858 0 36
5337 49 2491
5361 68 3445
6617 13 695
5943 4 243
6901 230 11528
6663 69 3485
6830 178 8946
6533 113 5687
6467 108 5407
6591 131 6572
4955 114 5738
6406 106 5328
6371 13 667
6761 53 2684
6575 53 2697
5455 72 3644
5994 46 2334
6417 32 1641
6773 229 11469
5557 93 4664
6420 71 3557
5553 0 28
6800 134 6728
6282 7 386
6000 2 103
