6037 5 255
5264 5 270
5570 0 33
6780 74 3748
6765 140 7026
5935 15 751
5521 63 3176
5921 141 7094
5349 11 574
5892 46 2323
4981 12 617
6663 205 10260
5986 8 448
5616 70 3544
5106 78 3933
6100 161 8064
6149 60 3024
6092 27 1356
6162 14 738
6854 103 5183
6321 79 3955
5002 22 1128
6579 42 2132
6894 14 742
5269 23 1151
6956 72 3618
5720 15 756
6488 24 1207
6881 19 961
6968 59 2973
6192 64 3226
5966 82 4138
5046 91 4567
6144 36 1839
5935 63 3181
5840 28 1408
6382 55 2776
6865 66 3315
6973 191 9578
5720 15 756
6592 166 8302
5948 59 2978
5512 105 5296
6766 151 7595
6752 154 7711
6800 84 4234
6173 11 587
5557 93 4664
6981 67 3399
6115 4 202
5994 46 2334
5525 0 41
6199 223 11161
5090 89 4463
6083 36 1848
6154 33 1660
6960 167 8353
6837 154 7719
6881 176 8809
6652 6 343
6421 8 418
5858 0 41
6692 26 1317
5397 52 2638
6572 57 2898
6698 29 1476
6282 7 386
5536 51 2576
5029 165 8252
6653 92 4626
5959 30 1527
5564 131 6582
6217 76 3823
6572 142 7135
6571 27 1364
6552 43 2184
5349 25 1263
6572 136 6834
5093 68 3444
5489 57 2871
6854 70 3528
6318 144 7219
6655 20 1030
6901 45 2270
6213 9 489
6402 50 2549
6954 55 2772
6358 25 1252
6861 160 8032
6195 53 2657
6159 5 287
6311 8 447
5604 63 3191
6588 17 872
5217 14 724
6908 193 9669
6680 135 6780
6508 61 3100
6091 12 605
6564 43 2176
5171 57 2887
5386 69 3464
6853 76 3824
5361 67 3385
5553 13 695
6800 123 6197
6562 78 3929
6775 10 526
6148 13 683
6805 152 7626
5527 63 3177
6786 24 1235
6763 154 7740
5926 4 229
6773 229 11469
5419 39 1954
6313 44 2211
6301 51 2562
6752 150 7509
5824 25 1255
6828 88 4438
6591 1 82
5593 2 140
6608 49 2499
6396 1 92
5959 31 1568
6798 116 5814
6639 23 1171
5021 66 3317
5891 144 7228
6811 164 8238
6805 189 9455
6205 95 4795
6304 155 7799
6426 33 1672
6571 13 690
6094 21 1067
6439 74 3741
6760 1 59
6574 7 358
6572 224 11228
6028 37 1875
6591 175 8788
6981 70 3534
6140 74 3734
5896 19 954
6355 9 495
6642 4 211
6323 38 1935
6388 0 43
6854 112 5628
4979 34 1729
6218 2 143
6626 32 1606
5272 73 3695
4986 32 1645
6981 70 3534
6558 137 6866
6213 2 133
6318 99 4971
6599 58 2928
6991 193 9686
6812 14 750
6552 43 2184
6663 73 3658
6957 211 10591
5709 5 286
6544 6 342
6467 60 3021
6922 162 8145
6934 190 9507
6975 136 6829
6406 106 5328
6752 86 4313
6482 67 3396
6562 0 18
6980 11 600
5892 4 210
5782 1 91
6680 39 1977
6566 76 3841
6679 137 6859
6221 17 875
5364 82 4146
6853 141 7085
5265 26 1305
6605 126 6317
6544 156 7848
6282 12 649
6865 66 3315
6955 179 8990
6784 22 1115
6347 96 4810
5459 106 5343
6861 75 3756
5686 11 594
4982 38 1918
5337 122 6129
5935 15 751
6940 39 1962
6572 136 6834
6446 169 8490
6336 140 7032
5691 4 215
6506 4 237
6680 99 4994
6308 34 1741
5953 5 269
6030 0 39
6801 92 4647
6213 9 489
6658 13 681
6780 74 3748
6320 50 2516
6917 44 2217
5333 102 5134
6176 174 8702
6668 30 1527
5393 4 223
6793 19 993
5959 36 1825
5937 1 58
5154 79 3967
5380 2 111
6975 184 9245
6881 35 1774
5436 18 935
5458 199 9969
6952 93 4675
6502 74 3712
6939 31 1561
6463 68 3402
5164 42 2119
5979 140 7034
6882 89 4491
6168 127 6379
5935 15 751
5808 101 5056
6679 18 930
6462 71 3572
6517 4 220
6837 143 7154
5745 6 301
6797 71 3591
5480 11 565
6571 40 2005
5470 26 1329
6600 69 3489
4981 23 1170
5157 18 915
6576 57 2880
5583 29 1456
5341 28 1438
6937 62 3118
6777 131 6555
6901 190 9518
6507 92 4640
5767 76 3848
5709 113 5683
5921 48 2442
6608 65 3282
6551 145 7280
5853 404 20225
6510 49 2461
6800 113 5655
5532 85 4281
4998 82 4102
6453 20 1028
5643 51 2582
5207 114 5727
6478 40 2029
5925 164 8241
5093 31 1563
5526 6 342
6502 99 4966
6855 104 5216
5515 105 5261
5977 123 6180
5546 9 489
6888 168 8433
5432 2 134
5404 15 790
6867 16 815
6782 23 1155
6332 66 3328
5824 206 10318
5536 84 4211
6591 65 3284
6811 73 3683
6058 189 9458
5593 65 3261
5639 139 6965
4957 18 945
5822 20 1012
6773 209 10453
5191 104 5202
6866 148 7417
6625 37 1898
6205 5 261
5836 97 4881
5830 81 4089
6551 13 681
6579 48 2409
5703 26 1330
6867 40 2048
5280 140 7006
5618 33 1700
5364 31 1551
5725 92 4644
6978 176 8805
6784 23 1176
6506 187 9373
6861 160 8039
5761 2 144
6317 27 1398
5850 122 6131
6058 104 5214
5726 84 4225
6773 229 11469
6867 32 1621
6976 5 300
5374 36 1835
6653 92 4626
5728 7 360
5154 91 4581
6144 36 1839
6489 25 1257
6486 16 828
6123 11 582
5361 68 3445
6813 204 10243
5731 12 646
5512 105 5296
5090 117 5877
6180 39 2000
6975 136 6829
5103 24 1203
6952 95 4795
6811 181 9091
6647 69 3480
6425 24 1212
5441 73 3695
5359 0 21
6311 66 3331
5512 105 5296
6749 227 11394
6980 191 9587
6608 49 2499
6827 67 3357
6052 19 981
5524 8 448
6527 40 2019
6379 91 4587
6890 59 2998
6439 8 419
6800 190 9523
4991 5 290
5558 10 540
6776 29 1486
6606 4 230
6836 36 1827
5926 4 229
5727 4 216
5207 137 6880
6000 2 103
6902 44 2223
6766 78 3903
5512 14 720
5099 65 3257
5705 1 98
6917 32 1606
6073 106 5307
6829 179 8954
5508 5 254
6822 96 4850
6806 8 419
6959 63 3173
6327 50 2546
5157 48 2449
6369 4 201
5376 4 243
6639 55 2774
6634 149 7495
6663 69 3485
6789 128 6428
6562 103 5162
5720 15 756
5622 13 652
6336 166 8328
4992 134 6707
5720 15 756
6505 1 89
6795 26 1339
6507 7 391
6688 10 526
6854 50 2534
6198 113 5672
5262 4 232
6149 60 3024
6441 78 3936
6973 216 10848
5051 154 7726
6831 79 3969
6957 93 4671
6779 107 5387
6697 118 5925
5359 0 21
6311 0 14
6366 63 3177
6058 23 1172
5337 122 6129
6023 38 1931
5025 102 5106
6502 81 4081
6596 74 3736
6687 169 8479
6647 97 4860
6480 50 2539
6689 139 6956
6339 10 502
6687 76 3809
5966 187 9354
6107 20 1034
6763 173 8652
6955 188 9424
6374 22 1119
6640 168 8413
6579 42 2132
6478 15 772
6533 113 5687
6956 99 4993
6748 12 637
6599 103 5194
6376 42 2132
6634 149 7495
6853 130 6501
6780 41 2066
5977 205 10296
5846 24 1215
5985 201 10073
5208 3 195
5729 126 6347
6963 10 507
6313 44 2211
5337 5 287
6552 44 2202
6936 48 2411
5029 136 6846
6591 65 3271
6934 12 612
5361 67 3385
6828 128 6415
6131 92 4607
6980 38 1934
5262 4 232
5915 101 5069
6752 169 8495
6663 11 573
5858 12 621
5399 47 2371
6916 189 9455
5839 38 1910
6620 68 3427
6407 5 267
6901 230 11528
5723 6 342
5726 3 174
5960 27 1361
5564 35 1789
6777 47 2393
6619 12 642
6230 71 3596
6828 166 8329
6918 116 5825
6634 97 4853
6748 86 4339
6571 29 1455
6162 14 738
6594 50 2506
6855 86 4345
6769 135 6797
6951 19 988
6387 54 2744
6590 11 574
6763 123 6191
5513 18 921
5731 32 1617
5061 95 4800
5585 52 2628
6776 124 6211
6320 74 3717
6546 27 1379
5093 132 6645
4967 43 2163
6971 8 402
6991 237 11892
5333 87 4371
6377 53 2669
6773 189 9498
6856 30 1507
6407 18 937
5938 25 1295
5558 19 979
5403 7 392
5842 26 1339
5153 6 323
6497 74 3731
5512 105 5296
6780 14 705
5849 15 757
6410 90 4518
6932 144 7214
5025 64 3235
6888 88 4438
5836 97 4881
6211 153 7655
6879 200 10033
6630 79 3972
6981 70 3534
5102 67 3359
6798 217 10875
6664 68 3436
5499 5 276
6224 1 71
6412 15 790
6298 169 8500
6342 86 4322
6462 39 1983
5458 91 4592
6379 116 5822
6622 30 1549
5705 16 813
6363 1 78
6304 36 1809
6955 112 5637
6575 53 2697
5630 35 1777
6100 161 8064
6046 63 3193
6959 231 11598
5495 22 1132
6098 161 8078
6800 113 5655
6932 177 8875
6861 21 1079
5204 149 7486
5752 40 2002
4982 38 1918
6921 84 4202
6148 37 1881
5341 57 2865
5164 36 1845
6959 93 4656
6811 54 2705
6439 23 1156
6861 160 8039
5016 35 1751
6908 160 8013
5207 45 2276
6371 13 667
6526 3 196
5975 4 239
6983 0 12
5512 105 5296
6765 167 8356
4974 9 496
5226 40 2027
6223 18 927
6810 40 2046
6785 191 9555
6921 154 7731
6980 88 4415
6888 50 2538
6095 6 339
6551 13 681
5959 31 1568
5778 27 1378
5013 114 5728
6551 3 196
6628 4 245
5846 27 1366
6813 223 11165
6017 9 492
6952 141 7061
6756 70 3507
6369 100 5015
6749 148 7425
6991 64 3223
6559 74 3734
5752 42 2149
6489 144 7226
5106 81 4054
6874 46 2314
6765 154 7702
6798 56 2848
6569 15 752
5986 8 448
6078 81 4070
5361 50 2532
5831 91 4599
5437 190 9506
6325 61 3077
5830 150 7531
5937 1 58
6866 148 7417
6989 109 5479
5002 22 1128
6932 128 6446
5216 2 121
6890 71 3568
6647 101 5078
6497 74 3731
5397 52 2638
6083 36 1848
6157 78 3945
5938 53 2663
6553 33 1655
6417 32 1641
5194 14 742
6340 20 1027
6968 59 2973
6763 15 751
6494 32 1613
6552 81 4098
6358 19 986
6915 154 7738
6798 41 2097
6426 183 9174
