7012 324 16204
5154 124 6247
6650 17 867
7049 270 13538
7026 654 32735
7017 474 23704
6528 17 874
7006 471 23581
7017 419 20990
6589 100 5013
7023 300 15001
7010 19 985
7003 1437 71854
5339 94 4731
6420 42 2117
7001 977 48897
7008 146 7332
7016 152 7606
7049 1744 87240
7055 175 8769
7003 411 20595
6951 22 1103
7054 537 26857
7055 256 12809
7017 448 22413
7003 875 43797
7012 442 22150
7017 79 3984
7026 89 4466
7021 32 1625
7012 246 12320
7054 1878 93943
7004 1622 81147
7049 1469 73476
7003 1317 65867
7023 804 40225
7012 1485 74256
6031 219 10994
6751 30 1525
7049 1222 61104
7049 1469 73476
7001 264 13215
7021 466 23314
7049 1967 98364
7707 7 385
7049 732 36611
7049 1417 70885
7004 347 17372
6663 41 2082
7003 411 20556
7003 228 11441
6918 64 3214
7013 40 2026
7054 643 32164
6503 61 3090
7054 1888 94406
6441 58 2946
6812 8 408
7014 1411 70595
4971 117 5874
7003 643 32186
7003 551 27578
7001 379 18974
7012 892 44619
7008 1321 66058
7018 526 26307
7046 35 1794
7022 97 4877
7299 24 1220
7010 651 32570
7018 147 7396
7054 912 45618
7054 1455 72799
7023 1579 78983
7017 1637 81874
7003 43 2172
7008 146 7349
7003 400 20043
7008 1051 52580
7026 133 6651
5036 28 1422
7023 654 32718
7012 1126 56336
7049 1366 68311
6321 71 3574
5077 20 1042
7054 1778 88905
7003 775 38795
7003 1346 67316
7008 1078 53933
7001 480 24022
7003 1437 71900
6918 37 1862
7055 354 17742
7003 119 5951
7020 1852 92603
7010 1549 77492
7004 1340 67007
7012 1126 56307
6420 43 2189
7003 1339 66993
6426 22 1136
6918 64 3214
7012 794 39706
7026 634 31712
6882 154 7725
7020 903 45158
6503 60 3044
7054 1710 85542
6664 182 9109
7055 406 20304
7019 373 18692
7048 38 1947
7010 48 2418
6382 191 9579
7012 708 35411
7021 466 23304
7017 1119 55955
7026 634 31723
7012 246 12324
7008 195 9793
6420 46 2302
5783 97 4883
7010 441 22056
5339 47 2368
7001 228 11450
6955 205 10261
6879 208 10424
6663 20 1035
7006 471 23582
7021 466 23301
7008 1078 53924
7018 631 31563
6616 20 1034
5155 89 4500
7004 1340 67013
7049 596 29817
7504 20 1031
5380 6 308
6696 0 31
7046 22 1119
7017 824 41224
7021 773 38700
7736 15 790
7049 614 30718
7003 775 38774
7014 1214 60728
6030 6 342
7018 178 8948
6162 215 10756
7054 1317 65895
7023 1579 78970
7023 804 40243
6036 54 2712
7010 1568 78414
5013 20 1003
7054 1646 82319
6614 110 5504
7054 400 20021
7513 73 3666
7001 353 17653
5339 40 2047
7018 602 30128
6765 211 10557
7001 264 13210
7654 9 493
7026 728 36435
7014 1214 60715
7003 1437 71891
7026 381 19081
6955 208 10433
7019 466 23313
7003 784 39238
7023 362 18142
5516 25 1279
6211 69 3457
6548 1 63
6663 167 8382
7012 1479 73967
5459 8 405
6401 13 695
7018 863 43158
6340 176 8809
7020 1349 67451
6968 9 481
5154 118 5933
7021 563 28161
6912 193 9661
5497 107 5364
7046 18 948
7055 569 28459
6749 44 2234
6407 97 4891
7026 654 32735
7013 40 2009
7010 513 25687
7023 1454 72704
7054 1944 97220
7025 385 19283
7023 1579 78994
6756 41 2065
5154 122 6133
7001 208 10405
7010 579 28999
7049 1672 83604
7010 220 11024
5169 37 1869
6572 171 8581
7014 1623 81180
6689 36 1811
6635 1 91
6956 194 9730
7010 1366 68343
5013 22 1130
7004 1208 60434
6664 179 8953
5608 11 586
7008 102 5114
6960 169 8462
6881 105 5280
7014 34 1745
7016 106 5330
7761 34 1710
7003 932 46605
7055 457 22859
7054 1878 93933
7003 480 24015
5216 22 1134
7003 480 24050
7020 199 9963
7023 1675 83782
5154 178 8949
7017 1458 72915
6140 28 1410
7003 214 10745
7020 1135 56751
7025 435 21762
7018 363 18191
7054 1177 58861
7023 1671 83578
7014 53 2671
7020 346 17330
6955 206 10333
7054 348 17433
7003 875 43770
7003 1449 72474
7003 1346 67316
7054 643 32181
7016 106 5343
7003 119 5978
6420 43 2158
7768 1 73
7025 445 22262
7001 682 34109
7049 399 19980
6338 110 5508
7004 1435 71784
7003 80 4041
7001 819 40981
7014 216 10850
7003 1050 52535
7021 348 17420
6527 109 5488
6206 43 2165
7019 213 10680
7017 827 41384
7008 1027 51381
6751 28 1405
7008 633 31683
7282 30 1513
7018 519 25975
7010 651 32580
7055 543 27154
6663 174 8720
7017 877 43853
5497 101 5057
5339 96 4811
6319 44 2212
7014 1270 63545
5586 147 7358
7048 81 4056
7022 126 6306
6918 33 1698
6812 0 22
7025 88 4441
7021 557 27870
7010 1366 68328
7003 1743 87167
7046 95 4778
6614 109 5479
7055 684 34205
7021 748 37441
5029 168 8450
7004 729 36492
7020 1725 86271
7008 510 25515
7003 932 46629
7004 654 32738
7010 1562 78141
7004 206 10322
7003 31 1568
7004 309 15497
7012 1447 72369
7018 570 28522
6366 17 855
7020 1051 52563
6829 127 6397
7049 732 36622
7001 153 7685
6123 1 76
7003 1449 72465
7008 1387 69398
5077 20 1026
6827 106 5344
6663 176 8823
7049 1967 98392
7049 822 41113
7012 288 14410
6321 64 3219
7017 681 34081
7025 609 30493
7025 507 25400
6548 0 6
7008 102 5105
6951 23 1181
6616 25 1287
7017 1459 72979
6956 197 9861
7004 1622 81107
5151 177 8855
7018 481 24088
7003 1339 66992
7047 110 5532
7021 748 37419
7010 1366 68306
6036 32 1613
7020 1762 88133
7026 176 8821
7021 750 37517
7003 119 5953
6812 8 444
7008 144 7203
7003 1318 65920
7010 1562 78127
7054 223 11194
7008 885 44284
7026 448 22415
6696 0 31
7001 210 10516
7020 927 46367
6378 2 128
7049 1469 73455
7003 784 39228
5401 33 1653
7003 400 20043
7021 422 21145
7022 97 4862
7014 150 7527
7012 324 16236
7021 348 17443
7004 1660 83009
7014 1260 63012
7026 108 5401
7003 119 6000
7023 1934 96739
6030 10 513
7047 110 5519
6653 125 6295
6483 8 415
7020 574 28739
7014 429 21455
6954 7 383
5921 14 743
7049 385 19263
5564 191 9572
7001 1144 57212
7049 270 13524
6572 56 2845
7054 1944 97245
6812 1 94
7025 203 10154
7021 750 37534
7014 990 49540
5581 38 1924
6616 26 1325
7049 988 49449
6528 13 655
7049 1161 58068
5564 189 9485
6021 93 4672
6853 104 5233
7025 88 4424
7014 10 533
7003 1339 66991
7008 144 7229
7049 46 2303
7010 1447 72392
5229 9 498
7017 994 49708
7020 312 15629
7004 1319 65967
7049 1366 68336
7017 675 33766
7008 280 14027
5947 158 7909
6696 0 31
7010 651 32556
7054 1159 57992
7012 529 26477
7014 1623 81152
7010 246 12305
6631 32 1609
7019 206 10317
7054 875 43796
7017 905 45299
5459 175 8770
7054 1455 72799
7010 579 28954
7014 1728 86434
7004 253 12654
7018 116 5835
7012 324 16203
6170 33 1665
6090 35 1769
7010 343 17198
6583 15 774
5155 89 4500
7004 118 5919
5557 20 1003
5013 5 299
6440 56 2824
7054 1728 86432
7013 224 11221
6362 102 5109
7020 331 16573
7004 1138 56913
7020 43 2168
7026 654 32729
7025 435 21762
7008 1110 55512
7014 1346 67346
7017 827 41355
5608 2 101
5608 5 293
7010 1556 77825
7014 990 49542
7001 144 7229
7001 732 36621
7054 944 47206
7018 776 38814
6615 169 8453
7048 35 1792
6934 19 976
6952 158 7940
7026 176 8828
7026 700 35044
7010 1562 78140
7021 466 23304
7006 558 27915
7055 256 12848
6881 126 6309
7001 542 27135
7003 188 9413
7012 1290 64540
7054 400 20003
6663 175 8791
7054 1177 58883
7054 320 16019
5519 148 7401
7011 302 15119
6050 2 102
7014 308 15414
6354 138 6938
7023 50 2542
7003 123 6164
5459 9 488
7012 990 49518
7014 515 25779
7019 445 22275
7020 504 25207
7021 593 29652
5557 92 4634
7018 776 38814
7049 2025 101296
7001 542 27119
7017 905 45298
7012 288 14423
7004 1622 81110
7021 773 38673
7010 1270 63543
6423 75 3771
6078 14 708
7047 109 5491
7417 27 1391
7017 827 41372
6666 13 679
7021 782 39121
7017 448 22416
7055 690 34536
6030 6 342
7018 975 48768
7054 1157 57860
7003 480 24030
6956 198 9921
7004 1278 63950
7049 1161 58067
7018 363 18198
7049 1222 61150
6090 43 2186
5459 5 288
6756 44 2225
7026 448 22449
7025 72 3628
7010 1447 72351
7008 890 44515
7046 95 4760
6960 166 8348
7025 88 4424
7018 570 28510
7004 1340 67007
7048 38 1941
6779 28 1413
7049 1161 58055
7055 205 10255
7012 997 49851
7049 807 40368
7012 1061 53058
7049 1750 87506
7014 429 21492
7025 445 22281
5516 28 1401
7014 1054 52738
7003 1304 65245
7023 1346 67318
7003 1044 52228
7013 187 9386
7017 522 26128
6211 206 10331
7012 1479 73967
7020 312 15633
7049 700 35044
7020 383 19184
7020 755 37786
7010 1162 58120
7014 1270 63537
5547 72 3649
5458 153 7698
7018 863 43173
6785 21 1064
7014 1214 60724
7017 1119 55955
7016 23 1158
7012 529 26473
6918 37 1886
7013 187 9391
5586 146 7305
7020 1669 83476
6035 7 364
7003 188 9439
7013 154 7720
7008 103 5191
7008 1244 62214
6483 9 459
7008 144 7229
7003 1044 52226
7017 1133 56665
7010 166 8341
7001 418 20922
7022 126 6306
7020 755 37792
7012 19 982
5396 60 3035
6779 28 1413
7011 302 15120
7003 119 5988
7013 238 11929
7017 665 33292
7012 1730 86524
7001 511 25593
7014 1346 67344
7008 994 49706
7010 610 30540
7023 1378 68943
7013 154 7723
7021 471 23570
7017 1458 72909
7017 474 23716
7055 490 24526
7004 1023 51167
6366 79 3954
5013 5 299
6441 61 3070
7017 875 43781
7017 1536 76823
7049 696 34822
7010 48 2420
7008 72 3638
7001 819 40978
7019 578 28912
6923 34 1745
6689 34 1716
7013 238 11947
7012 1035 51787
7003 1413 70663
6527 108 5430
7003 80 4041
7055 230 11538
6483 9 478
7001 144 7204
5065 2 110
5401 33 1652
5977 200 10007
6319 45 2291
6696 5 282
6930 20 1022
6882 195 9788
7023 1068 53436
7054 1009 50479
7006 85 4256
6951 29 1479
5921 16 829
6170 36 1842
7021 234 11740
7026 52 2606
6527 105 5292
7017 1119 55951
6881 105 5280
7017 1748 87412
7004 206 10322
7049 1927 96370
7003 456 22841
7021 378 18912
5093 170 8516
7010 1485 74266
6036 32 1613
6583 15 774
7017 469 23453
7003 1318 65910
7020 1117 55882
7012 529 26477
7003 43 2171
6078 9 474
7023 300 15001
7054 1273 63666
7054 1944 97205
7025 445 22273
7012 1290 64524
5036 25 1253
7049 1469 73482
7012 1549 77464
6650 21 1089
6021 182 9141
7008 72 3609
7054 320 16019
6975 58 2926
7012 1006 50337
7023 1454 72704
7018 602 30113
7400 140 7010
7054 1441 72097
6366 76 3832
7017 440 22035
6211 72 3611
5331 137 6856
7021 692 34618
7006 337 16856
7004 253 12689
7017 955 47771
5947 158 7909
7010 1556 77805
7010 727 36398
7017 827 41374
7017 1536 76820
6573 22 1146
7020 1669 83469
7008 786 39309
7017 419 20955
7021 348 17434
7021 748 37436
7006 324 16244
7012 1061 53100
7018 519 25974
7049 1469 73482
7023 1675 83791
7003 643 32166
7003 1413 70663
7017 448 22418
7026 381 19081
5077 15 776
6426 20 1015
7014 1062 53140
6812 6 303
7003 1375 68777
7017 1591 79565
7003 1375 68755
7003 749 37498
7001 977 48856
7054 320 16011
7023 1221 61085
7017 656 32810
4998 132 6637
7051 67 3365
6340 173 8669
7055 490 24523
5541 49 2487
7010 8 413
7004 184 9226
7020 1349 67451
7023 1068 53447
7018 481 24093
6826 49 2480
7023 654 32710
5169 35 1766
7017 905 45276
7513 73 3666
7013 185 9274
7003 924 46209
7025 385 19267
7011 302 15140
7004 184 9226
7003 456 22814
7003 31 1577
7054 1710 85542
7048 81 4071
7017 994 49723
7001 26 1347
6483 6 316
7049 154 7743
7003 784 39236
7026 448 22440
7023 300 15009
7054 320 16048
7013 187 9357
6956 198 9912
6954 6 338
7010 1343 67158
7003 456 22838
5000 38 1937
6090 39 1971
7020 1725 86253
6106 49 2491
7020 1797 89879
5977 201 10095
7006 486 24310
7054 1441 72084
7020 504 25223
7010 89 4478
6749 44 2234
7001 823 41172
5624 21 1055
7018 776 38827
7012 1659 82973
6080 95 4754
6991 68 3416
7004 1208 60409
7054 166 8348
5229 9 490
7054 1177 58897
6975 66 3347
6035 3 175
7019 445 22259
7023 1579 78999
7022 126 6327
7103 13 662
7013 205 10271
7049 1627 81382
7054 598 29937
7004 347 17378
7004 527 26390
6959 122 6146
7012 1447 72367
6362 83 4166
7003 262 13144
7047 48 2418
7012 1035 51784
7019 286 14334
7054 1290 64532
7012 708 35444
6826 43 2194
7017 440 22016
7021 748 37413
7026 634 31730
6628 42 2104
7049 822 41122
7055 739 36976
7051 67 3396
7442 0 15
7014 429 21458
7001 532 26633
7003 1449 72465
7054 1441 72077
6379 33 1665
6664 118 5923
7018 602 30113
7021 18 903
7026 140 7035
5169 35 1766
7021 750 37515
6687 196 9824
7055 490 24522
7046 95 4773
7049 696 34822
7017 1591 79592
5108 97 4884
6960 169 8462
7001 153 7659
7013 206 10343
7023 1346 67318
7003 1050 52543
7014 1400 70009
6548 2 114
7003 1339 66991
7003 1387 69385
7026 518 25939
7017 955 47783
7020 383 19160
7013 238 11940
6572 59 2971
6620 127 6397
7018 147 7386
7023 1934 96739
6334 3 166
7001 1134 56744
6952 96 4821
5013 9 478
6751 26 1348
6936 157 7861
7001 144 7237
7012 324 16207
7026 700 35044
7010 1562 78148
7003 1375 68785
7014 990 49509
7055 614 30726
7016 165 8253
6782 0 30
6078 9 474
7724 144 7245
7026 518 25949
7010 1343 67155
7014 1411 70595
7023 556 27847
7025 609 30477
6426 24 1242
6572 59 2971
7019 578 28936
7004 1299 64987
5380 5 269
5229 4 221
6420 48 2402
6080 98 4945
7026 52 2607
7003 775 38777
6080 89 4498
7019 91 4560
7014 150 7527
6923 33 1678
7010 1545 77293
7008 746 37322
7012 708 35448
6288 175 8764
6664 118 5923
7055 256 12832
6527 113 5679
7013 40 2029
6589 104 5209
7049 931 46559
6036 56 2839
6979 24 1234
7023 1549 77479
7003 1339 66963
7016 152 7608
6859 110 5512
7054 1177 58863
7003 232 11635
7046 35 1793
7051 67 3371
7054 1157 57891
7020 1612 80611
7008 102 5104
5452 44 2216
7025 445 22273
7055 717 35853
7055 490 24536
6918 66 3340
7006 486 24319
6614 157 7876
7003 643 32173
7020 207 10369
6211 206 10331
7010 84 4228
7049 1744 87249
7001 264 13207
7023 337 16900
6340 174 8701
7003 775 38795
7049 1303 65196
7055 739 36997
7054 1944 97220
7004 1525 76297
7003 852 42630
7054 166 8340
7008 994 49737
7020 1135 56753
7019 466 23317
6960 169 8467
7008 144 7224
7008 146 7324
7021 295 14757
6829 129 6465
7026 176 8844
6951 28 1403
7017 955 47782
7003 1304 65202
7049 1750 87532
7017 656 32801
7001 26 1347
7025 295 14777
7018 147 7386
7049 1417 70893
7020 1117 55878
5169 34 1742
7006 337 16866
7020 1135 56755
6420 43 2158
5448 13 687
7017 994 49722
7016 211 10596
7020 1903 95164
6632 55 2780
5154 68 3402
7010 441 22063
7020 950 47502
7019 578 28908
7010 1421 71088
7054 791 39595
7025 295 14777
7048 125 6280
7018 863 43187
6955 212 10646
7021 234 11716
7020 1852 92645
7004 1624 81205
7004 1340 67013
6951 23 1190
7021 32 1626
7019 479 23972
7017 1163 58177
7001 353 17697
7003 1032 51639
7014 1728 86419
7016 152 7640
7004 206 10312
5445 8 446
7669 113 5669
7008 1321 66054
5608 11 556
7017 1119 55983
5564 191 9572
7023 1068 53403
7004 184 9250
7008 146 7313
6683 11 579
7008 675 33795
7003 1734 86734
7014 1346 67346
7008 1027 51381
7003 1449 72458
7012 1186 59332
7010 166 8336
7022 126 6312
7023 654 32710
7046 35 1789
7014 763 38168
7014 212 10618
6446 127 6400
6031 101 5054
7003 1642 82110
7017 775 38785
7054 1871 93575
7023 556 27807
6288 174 8703
7010 1485 74251
7026 33 1691
7026 654 32735
7054 400 20045
7012 1290 64524
6992 11 588
7006 588 29444
6548 0 42
7023 204 10220
7010 89 4468
7049 1750 87538
7006 558 27927
7004 1624 81232
6827 109 5452
7017 225 11294
7004 1605 80263
6483 9 466
7017 1133 56673
7001 480 24009
7001 1101 55061
5013 3 164
7026 654 32749
7055 543 27179
7001 511 25553
6081 4 225
7049 931 46559
7054 1710 85537
7020 755 37789
6837 8 418
6663 174 8720
7008 746 37322
7054 643 32162
6756 44 2225
5498 1 62
6375 120 6006
7049 924 46203
7003 1437 71895
7023 1671 83572
6882 194 9706
7001 732 36611
7001 210 10549
7021 404 20202
7014 662 33104
7014 10 523
6826 40 2017
7021 557 27870
7006 85 4296
7054 875 43781
7026 133 6671
6923 34 1745
7017 225 11262
7012 442 22119
7020 1884 94221
5036 27 1364
7017 440 22033
6031 216 10813
7010 610 30535
7010 1447 72376
7020 1827 91360
7051 67 3390
6826 47 2355
6779 28 1413
7017 1119 55955
7001 1101 55072
6334 3 166
7023 1378 68913
7003 1437 71895
5204 158 7901
7017 656 32840
7020 312 15618
7054 944 47223
7001 376 18810
6503 58 2913
7003 1318 65911
7020 1903 95175
7003 1449 72458
5204 158 7901
7019 219 10959
7001 344 17201
7010 1447 72382
7008 924 46227
4983 6 322
7012 1726 86320
7026 143 7175
7054 1576 78817
5452 42 2102
7003 119 5988
7012 324 16205
7004 514 25730
7017 1163 58165
7020 331 16567
7021 15 791
7372 75 3770
5515 62 3139
7010 513 25692
7023 620 31003
6503 60 3049
7023 1795 89793
5452 40 2014
6572 175 8800
7014 326 16336
7047 110 5530
7014 367 18379
6334 4 204
6078 9 474
7022 126 6315
7023 343 17166
6628 42 2104
7008 633 31692
6826 44 2247
7046 35 1757
5586 146 7305
7003 1318 65928
7049 696 34806
7023 510 25524
7021 593 29663
7008 1244 62232
6968 0 39
5966 0 47
7023 1346 67343
7001 1080 54012
6975 71 3594
7001 542 27119
7017 675 33796
7046 35 1792
7054 1290 64505
7026 518 25909
7504 145 7275
7012 1447 72369
7017 994 49724
6859 144 7202
7054 1646 82315
6589 109 5462
7017 665 33289
7049 807 40396
7001 480 24035
7020 383 19162
7012 1726 86320
7003 43 2199
7014 662 33111
6359 0 9
7047 110 5549
7017 1748 87433
7055 175 8760
7021 750 37515
7020 1797 89887
7001 700 35029
6837 7 383
7023 1881 94051
7012 19 982
7008 1110 55512
7003 228 11423
7017 1119 55993
7012 997 49881
7054 1710 85542
7010 1270 63520
7046 102 5122
7001 1025 51289
6664 125 6277
7006 486 24341
7004 1622 81107
7001 210 10539
7010 220 11003
7017 875 43791
7018 178 8911
7054 1710 85508
6697 104 5201
6968 0 17
7055 457 22885
6689 29 1465
7008 226 11342
7012 1549 77472
7023 569 28457
6981 38 1949
7054 1269 63500
5965 31 1593
6829 128 6438
6954 6 346
7004 118 5919
6050 7 399
7001 324 16201
5036 25 1287
7008 102 5114
7046 41 2053
7023 1781 89073
7054 1157 57860
7006 324 16235
7021 15 787
6589 110 5525
7026 774 38728
7019 466 23321
7016 41 2067
7018 41 2060
7010 8 412
7018 147 7386
7012 1479 73971
6829 126 6340
7008 885 44253
7008 1470 73545
7003 1375 68793
6827 108 5440
5042 46 2301
7004 1121 56069
7016 41 2068
7023 467 23385
7282 34 1714
7019 373 18692
7054 1157 57865
7020 207 10389
7055 490 24525
6106 49 2456
7010 1421 71088
7020 903 45156
7018 41 2074
7003 80 4022
7049 807 40393
7012 708 35411
5042 48 2435
7049 1627 81382
7001 480 24035
6382 191 9571
7054 320 16048
6827 101 5100
5370 53 2682
7020 43 2161
7017 362 18125
7003 924 46215
7011 302 15103
7017 824 41207
7014 515 25771
7001 977 48891
7003 1734 86736
7020 1051 52595
7010 52 2626
6923 33 1678
7020 207 10369
7013 205 10251
6036 54 2730
7010 84 4238
7001 1025 51298
7054 1273 63673
6829 128 6438
7003 1387 69377
5519 142 7102
7025 609 30471
6635 0 10
5019 108 5434
7020 1580 79026
7049 46 2323
7013 40 2041
7020 755 37752
7018 975 48768
7003 232 11647
6614 157 7876
6090 35 1769
7003 413 20689
7008 833 41671
6503 58 2913
7049 399 19979
5340 93 4688
7017 522 26104
7025 385 19285
6628 42 2104
6991 69 3458
6656 42 2102
7049 1303 65169
6955 208 10433
7008 889 44471
7008 889 44456
7003 1433 71667
7054 223 11168
6319 46 2328
6589 106 5323
5515 63 3164
7004 347 17386
7046 22 1138
7020 950 47514
7006 337 16881
6829 127 6397
6362 84 4204
7054 1888 94440
5077 20 1029
7003 1413 70653
7020 1884 94230
7017 448 22440
7003 1339 66999
7020 950 47548
7055 175 8776
7003 1044 52242
7023 1899 94952
7055 490 24536
7055 739 36994
6683 17 883
6059 51 2551
7014 1346 67350
7010 1270 63516
7014 212 10626
7017 1458 72909
7006 440 22042
7017 1332 66643
4983 48 2439
7054 1455 72799
7010 138 6929
7003 1734 86728
7012 713 35666
7017 474 23716
7003 400 20043
5216 52 2603
6663 17 861
6050 7 399
7004 901 45065
7016 196 9841
7628 133 6665
7023 805 40257
6359 9 460
7010 19 978
7021 782 39108
7025 435 21762
7004 1340 67018
7001 866 43326
6959 125 6257
7021 773 38660
7025 445 22259
5380 2 126
7003 31 1568
6749 44 2236
7003 228 11408
7017 955 47756
7023 1781 89083
7001 998 49918
7049 1161 58099
7049 1934 96707
7001 1134 56743
7010 84 4211
7017 225 11285
7020 1929 96473
7014 1214 60718
6837 7 383
7026 33 1664
7006 471 23592
7021 557 27864
5093 165 8259
7026 381 19065
5441 90 4542
7003 1318 65902
7017 1232 61623
6635 1 96
6140 31 1594
7003 232 11635
7016 165 8295
5487 51 2599
7049 1627 81386
6170 30 1507
7021 466 23332
6801 154 7725
7021 466 23314
7008 146 7327
6031 102 5136
5340 92 4634
7003 1339 66952
7049 1927 96370
7054 875 43772
7026 700 35043
7017 675 33759
7003 336 16827
6954 6 306
7026 774 38728
7055 457 22890
7025 295 14755
7008 195 9756
6340 167 8376
7023 1899 94997
7026 700 35049
7020 927 46400
6303 125 6281
7019 31 1573
7004 1275 63779
6751 23 1161
6211 70 3543
7017 1002 50135
7010 1366 68306
6614 157 7892
7006 588 29446
7049 399 19953
7051 67 3352
7054 1441 72088
5229 10 517
7012 997 49896
7016 165 8294
6968 1 59
6696 8 428
7302 81 4092
6199 75 3799
7017 225 11289
7004 1624 81208
7023 654 32737
7020 1884 94201
6507 47 2370
6027 4 248
6795 7 363
6751 29 1481
6043 173 8662
7014 1400 70034
7054 1728 86436
7023 510 25504
7003 749 37499
6882 195 9786
7017 875 43781
6687 194 9739
7023 1795 89777
6696 9 486
7020 312 15618
7010 84 4212
7019 373 18662
7004 1605 80291
7023 1249 62479
6968 2 120
7014 1062 53138
6912 201 10063
7001 379 18974
7012 19 991
5229 4 221
5339 96 4811
6423 74 3704
7049 988 49447
6059 49 2498
7048 125 6280
6340 169 8468
7004 184 9211
7054 1871 93551
7049 700 35049
7013 205 10297
7014 205 10282
7012 302 15117
6548 0 1
5487 51 2562
7003 80 4033
7021 761 38062
6571 68 3421
7001 1144 57240
5433 158 7944
7014 429 21498
7047 109 5486
7006 324 16238
5458 159 7969
7014 367 18398
5608 11 556
7020 1725 86294
6090 77 3880
7023 487 24390
7017 1133 56697
7026 634 31741
5169 35 1766
7008 195 9799
7014 1623 81164
7008 1110 55530
5541 49 2464
5216 22 1140
7054 537 26872
7001 210 10505
5013 5 299
7012 1659 82973
6572 57 2861
6616 23 1186
7023 1549 77457
7019 445 22251
7006 324 16235
7010 1549 77470
5093 161 8091
7012 302 15117
7049 1303 65196
7023 745 37294
7013 206 10328
6765 212 10624
7010 1562 78141
7021 563 28151
7008 1110 55530
7026 108 5425
7019 210 10535
7054 537 26892
7008 133 6676
5448 10 546
6183 47 2400
7004 527 26400
7054 1646 82334
6837 7 394
7003 214 10722
7003 1413 70687
6689 36 1811
7003 852 42649
7026 52 2607
7012 529 26463
7014 990 49542
6923 30 1523
7001 1134 56716
6697 94 4711
6090 78 3929
7010 1366 68339
7023 50 2506
7020 346 17326
7023 1068 53436
7020 417 20896
5547 71 3552
7012 1126 56321
7054 1273 63689
6359 6 321
7054 1710 85507
6324 93 4680
7006 440 22031
7012 302 15111
7023 1068 53448
7010 1049 52468
7023 1776 88803
7026 425 21276
7003 1339 66992
6664 121 6064
7008 1110 55547
7018 602 30128
5229 9 490
7004 527 26380
7018 481 24088
7046 35 1789
5340 98 4935
7021 32 1616
7046 111 5578
7019 31 1571
7010 1270 63516
5019 113 5651
7014 1640 82026
6078 1 65
7025 435 21763
7008 145 7294
6951 23 1181
7026 774 38741
7003 411 20592
7021 32 1627
7007 22 1136
7003 749 37498
7019 213 10656
6650 19 985
7025 385 19274
6426 24 1242
7019 578 28936
7004 654 32706
7006 324 16246
6444 35 1791
7021 563 28180
6912 193 9700
7020 1725 86294
7008 146 7324
6666 13 679
6765 212 10639
6683 11 571
7006 337 16866
5036 28 1422
7019 213 10656
7010 1042 52103
6756 42 2139
7014 1623 81180
7023 1221 61098
7001 511 25598
7025 445 22288
6782 0 30
7391 360 18003
7001 376 18840
7003 1318 65928
7008 786 39309
7020 1797 89868
6696 9 461
6211 207 10390
6303 125 6281
7026 108 5401
7016 152 7624
7025 445 22257
7021 422 21142
7049 46 2303
6503 61 3090
7003 1346 67301
7054 1480 74041
7025 385 19264
7054 1441 72077
7019 31 1554
5229 4 221
6751 24 1215
7048 125 6285
7012 1659 82973
7023 1549 77455
7019 91 4560
7003 960 48031
7006 85 4282
7014 1121 56058
7017 522 26118
6426 25 1284
7055 230 11538
7012 529 26490
7049 1216 60850
6951 24 1219
7012 781 39100
7017 299 14963
7003 456 22836
7018 631 31578
7021 579 28972
7008 72 3637
6036 54 2736
7017 359 17966
7054 1944 97215
7020 1612 80649
7010 1549 77462
7018 570 28505
7008 777 38889
7010 651 32556
5013 5 299
7003 1317 65873
6319 44 2212
7013 187 9361
5452 45 2276
7003 1734 86744
7008 144 7227
7017 331 16565
5441 3 192
7021 750 37544
7014 867 43377
7026 381 19070
6829 129 6485
7021 18 903
7054 239 11963
6837 5 276
7282 27 1365
7004 1121 56075
7010 48 2407
7047 110 5530
7049 46 2340
7006 558 27936
7012 529 26465
7020 1852 92621
7025 295 14757
7023 620 31029
7012 1065 53282
5452 41 2093
7026 700 35020
7008 583 29159
5487 51 2562
5155 30 1517
5065 28 1405
6140 35 1766
7001 542 27138
6991 65 3298
7010 1549 77492
7010 610 30526
7014 429 21458
7012 1275 63793
7023 1286 64313
5385 162 8117
7021 773 38698
7049 2025 101261
6991 71 3555
7021 750 37525
7014 1270 63506
7014 1331 66563
7020 1051 52563
7017 1332 66643
6036 28 1443
7020 842 42147
6426 22 1136
7010 19 978
7017 681 34061
7054 537 26897
7019 479 23957
7014 10 528
6918 67 3397
7004 1624 81205
5013 5 299
7008 633 31683
7017 1591 79555
7001 379 18982
