8690 116 5849
11213 80 4027
12095 110 5513
8920 36 1840
9564 376 18829
11071 1 58
9297 222 11132
11029 38 1936
10634 316 15845
8770 104 5210
9546 247 12354
10593 193 9663
11848 268 13439
9444 194 9740
9065 116 5821
11707 18 943
11603 16 831
12071 33 1665
8906 96 4816
11601 325 16269
9386 261 13058
11786 319 15960
13692 24 1209
10645 142 7136
9331 17 871
8810 65 3281
11963 305 15298
12000 13 682
12145 165 8251
12441 166 8345
12103 2 114
9702 246 12326
10484 90 4501
11984 180 9013
11991 127 6379
12053 18 906
9602 648 32427
13675 5 287
10688 225 11298
9492 227 11351
12127 0 46
11626 1 86
11721 131 6552
9483 214 10741
10689 42 2125
10803 53 2671
11557 84 4210
8700 36 1816
9507 118 5904
9511 443 22197
11984 180 9013
10574 347 17355
11737 188 9426
11247 8 426
12368 6 320
11614 176 8847
11665 135 6776
11537 126 6304
8977 4 220
11546 21 1088
9653 271 13599
11872 55 2788
8971 198 9946
13453 10 505
12485 37 1863
12480 74 3731
10713 2 125
12000 108 5406
13688 44 2250
10800 225 11271
10747 60 3044
9536 94 4706
9310 27 1391
10545 61 3069
11173 123 6166
11539 11 586
9679 135 6767
8680 256 12842
13661 205 10270
10533 107 5374
8971 246 12349
9597 344 17250
9582 10 529
8789 86 4320
11881 90 4534
13638 93 4666
11543 251 12560
8748 110 5549
12516 6 313
12495 63 3186
12137 71 3598
11709 128 6446
11691 126 6303
12504 178 8915
8709 121 6056
11786 261 13091
13671 159 7959
10712 287 14389
8746 199 9958
9432 2 108
8799 78 3922
11169 9 471
9215 258 12929
10713 0 3
11603 16 831
11919 26 1316
8791 3 199
11926 127 6368
8529 218 10949
11912 213 10681
9386 302 15131
12441 227 11380
10516 38 1906
10660 211 10571
9208 203 10161
8959 230 11525
9531 393 19668
8680 225 11280
10645 65 3269
10913 31 1595
10486 56 2819
11800 2 118
9669 52 2633
11926 14 715
13676 27 1393
10646 187 9398
12054 74 3721
8975 199 9979
8806 94 4716
10491 126 6307
8739 30 1544
10928 141 7086
9516 510 25548
8769 268 13416
13618 37 1863
8448 116 5817
9561 66 3336
12497 165 8263
13691 142 7124
11494 201 10052
9546 66 3316
13647 15 787
11832 133 6663
10952 244 12243
10660 111 5561
9273 115 5757
9470 181 9052
11186 217 10875
11765 249 12488
11644 140 7023
10696 138 6914
8687 271 13585
10562 216 10810
8928 45 2278
9586 324 16214
9377 159 7965
12508 6 315
9628 43 2190
9437 295 14781
10757 134 6714
11557 93 4654
8638 25 1300
12533 53 2658
9470 178 8924
11715 107 5379
12514 62 3109
8562 91 4596
10355 132 6625
12040 98 4935
9196 162 8109
10910 29 1451
10660 51 2590
11646 31 1567
11187 83 4190
12036 72 3604
9030 60 3033
9410 17 871
8445 73 3692
11665 122 6132
9717 61 3051
8548 92 4616
13465 6 321
9432 32 1645
9741 7 388
9524 3 163
9650 64 3242
10618 42 2136
9297 334 16716
11091 99 4994
8771 8 440
13583 89 4476
12451 57 2896
13671 77 3867
12561 171 8560
10693 130 6529
12506 86 4305
10692 50 2504
11714 30 1501
10610 71 3598
13616 337 16885
10501 19 979
9675 63 3152
13537 14 716
12086 9 499
10700 283 14182
9063 283 14185
13478 147 7353
12139 21 1051
13618 96 4828
10484 120 6039
11494 220 11006
10696 117 5852
9554 18 942
9651 340 17049
11815 87 4370
9001 101 5086
8996 322 16137
8537 338 16924
9640 127 6397
12543 222 11114
11977 71 3552
9717 224 11238
10735 260 13021
8771 7 386
8427 61 3051
10558 105 5300
9542 149 7470
10841 87 4392
9191 302 15132
12042 62 3108
11780 115 5763
10660 163 8189
10747 140 7001
12441 386 19323
12056 251 12598
11521 155 7771
12066 194 9709
8795 33 1699
8537 261 13059
9515 307 15370
11601 4 201
10937 45 2260
8454 25 1283
8758 2 123
9345 46 2349
11204 22 1117
11540 84 4206
11064 164 8214
11283 63 3173
8476 28 1444
10688 276 13804
9608 62 3110
9064 291 14555
9698 18 926
9704 65 3262
11083 23 1189
10688 14 701
11095 0 12
10580 75 3792
12560 40 2021
13660 184 9235
11832 24 1214
11998 368 18408
12485 76 3822
10884 30 1502
8917 319 15951
10966 15 776
13520 38 1931
8745 48 2415
9311 129 6465
9331 15 770
10599 130 6518
10796 102 5121
10480 165 8259
13630 46 2317
11574 55 2772
9470 234 11712
13674 134 6743
11926 276 13840
11198 78 3930
11646 30 1516
9289 63 3196
8650 3 153
11081 59 2973
11867 108 5435
10713 7 393
9095 224 11250
12009 28 1416
10501 197 9880
11971 45 2251
9542 142 7106
11984 82 4142
10700 285 14283
11927 160 8017
11071 242 12144
10382 74 3741
10522 50 2543
9002 293 14684
9494 439 21971
9002 302 15136
8794 183 9159
13674 49 2467
12556 133 6669
10386 32 1620
8918 94 4747
13642 55 2791
11769 117 5858
9340 136 6835
10592 333 16681
10381 6 314
9704 80 4018
11791 72 3639
9370 76 3835
11186 26 1336
10595 43 2175
9281 166 8344
10382 30 1540
9612 35 1794
9075 286 14344
12002 141 7059
10784 96 4812
12111 66 3349
10970 8 408
12380 7 377
10765 46 2304
8856 9 490
8914 75 3794
8860 48 2406
11030 59 2964
10969 14 733
13538 7 374
10610 70 3546
8650 2 105
13472 4 242
9386 321 16091
11969 107 5395
10821 211 10588
11638 1 93
11756 213 10657
13568 104 5203
9464 75 3773
13660 255 12789
11973 69 3467
12020 32 1632
9724 21 1064
11278 322 16146
9446 124 6202
10669 99 4981
11678 0 21
10952 318 15908
10687 134 6706
12545 27 1353
12503 31 1588
11845 175 8797
8915 74 3727
10923 74 3701
9321 51 2564
13691 74 3750
13475 69 3453
10561 71 3554
11614 176 8810
8794 91 4585
11094 167 8379
10884 281 14064
11039 130 6550
8762 79 3972
10574 65 3296
11149 131 6580
9511 541 27087
10848 93 4676
8626 44 2241
11970 92 4614
8445 263 13168
11787 161 8082
8742 106 5346
8926 14 725
12075 45 2269
10473 346 17345
9499 53 2668
11965 260 13004
12517 248 12436
12057 60 3035
10961 11 578
12137 130 6511
13563 6 309
11766 110 5517
12056 208 10415
9656 158 7942
12544 32 1608
11965 112 5642
11134 36 1850
11858 35 1755
9113 10 522
13476 56 2830
10623 72 3648
9644 52 2610
11628 213 10682
11546 21 1088
8700 231 11585
8906 89 4482
13616 100 5004
9668 84 4223
11505 28 1412
10634 31 1554
9508 0 47
11953 13 665
10928 103 5191
11515 28 1448
9757 43 2200
11550 155 7755
10578 238 11930
12100 6 350
11786 255 12794
11553 61 3083
9617 282 14147
11833 79 3973
12374 5 265
8860 70 3502
8964 140 7046
12025 35 1757
13658 46 2345
11990 29 1488
10680 72 3635
10972 18 914
9529 583 29180
13675 81 4064
11632 71 3590
9597 349 17493
12389 13 692
12506 132 6604
9232 4 240
10688 280 14011
9049 17 851
10857 148 7403
10800 221 11065
9494 318 15940
9473 62 3124
10645 235 11762
9461 45 2275
9726 273 13693
13580 38 1916
13580 53 2667
11141 5 260
9063 284 14234
9065 33 1667
13633 40 2026
11893 51 2597
12425 41 2083
10760 208 10406
11759 236 11841
9037 183 9158
10483 113 5690
10580 206 10350
12075 287 14364
9563 539 26994
12451 34 1710
8996 333 16688
9567 96 4818
8680 226 11309
8905 190 9521
9472 58 2923
9542 201 10073
13565 81 4088
11728 242 12149
8899 89 4490
8471 30 1515
8908 2 120
12482 66 3320
9432 14 727
8937 26 1339
11071 280 14029
13642 116 5819
12374 186 9314
12441 227 11358
10901 17 887
11605 300 15032
9372 124 6207
11973 166 8312
11998 142 7127
10386 30 1501
10766 93 4683
10953 12 648
12422 232 11616
10884 225 11283
10432 308 15423
12485 37 1880
10569 119 5973
10517 34 1737
11203 32 1637
10725 29 1494
8894 71 3577
11574 30 1527
11203 16 847
11644 212 10648
13479 71 3552
8460 24 1232
11913 65 3292
8460 110 5509
11921 302 15141
12442 71 3591
10781 86 4348
11832 181 9085
10654 214 10735
9499 421 21096
10599 137 6868
8853 33 1692
10580 201 10084
8894 147 7374
9060 46 2313
13491 7 399
9500 512 25630
11972 135 6796
12496 120 6024
9684 62 3150
8995 98 4948
10786 114 5750
10745 295 14758
12025 149 7468
9704 265 13285
11728 225 11277
9289 319 15992
8751 87 4368
8796 122 6104
9297 187 9359
10952 256 12828
9348 201 10071
11059 50 2532
10591 78 3911
9511 444 22224
12000 108 5421
12139 368 18402
10595 42 2109
10772 1 84
11836 63 3187
8751 33 1658
11786 98 4932
9226 253 12700
9704 200 10041
9269 66 3320
13468 16 820
12005 99 4960
13580 10 524
9370 184 9211
10756 87 4360
8796 122 6104
13583 159 7955
13484 89 4468
10537 47 2380
13661 1 87
9619 80 4014
8513 11 578
9345 114 5714
11836 73 3661
12146 15 798
12565 309 15475
8711 6 343
10623 69 3451
10680 120 6030
11991 127 6357
8748 112 5617
9249 254 12714
9727 80 4008
10580 98 4941
9464 129 6491
11065 95 4763
10533 108 5450
10864 82 4103
9523 643 32166
8650 50 2548
11865 21 1086
10906 110 5537
9390 12 625
9637 281 14060
8693 11 565
10516 39 1951
8714 158 7931
10665 140 7021
12083 308 15415
9765 82 4144
13529 10 519
11745 81 4089
10505 75 3753
9434 315 15760
12086 9 499
9507 32 1636
11971 2 107
10675 207 10354
10680 117 5868
9205 199 9958
12040 25 1260
11787 81 4078
9203 44 2213
12554 71 3588
9720 127 6356
11726 283 14171
9639 240 12037
11844 112 5619
10714 106 5348
9563 493 24696
9617 4 222
8841 5 257
12145 81 4056
11898 22 1113
11971 45 2294
12056 160 8037
11644 81 4074
12429 2 114
8682 14 716
8783 27 1372
12054 200 10031
10631 30 1542
8650 26 1317
9439 108 5406
11545 159 7968
13547 41 2086
8936 157 7884
8649 57 2881
11166 95 4784
12091 307 15385
11551 11 578
8445 72 3603
10725 303 15157
10484 91 4599
10735 258 12910
10660 209 10475
12066 121 6100
12449 233 11681
13540 111 5551
11611 9 476
9564 375 18755
9668 103 5188
9597 314 15737
9669 307 15392
13469 68 3425
11507 82 4124
10610 115 5783
13660 77 3866
13616 2 126
12565 24 1209
13528 82 4118
11896 2 111
12366 0 22
11149 131 6580
11094 175 8793
9515 70 3531
13621 75 3780
12422 129 6477
11119 297 14864
9563 541 27058
11664 84 4229
10972 9 484
11531 139 6980
10841 30 1519
12556 45 2258
8680 161 8066
8648 151 7567
10803 49 2498
11953 7 392
10622 9 459
11990 8 409
8658 2 145
11196 154 7724
13661 111 5562
9603 167 8378
10712 17 866
8590 199 9994
10892 76 3843
12533 73 3674
11177 6 344
9668 117 5883
9030 15 772
9095 10 531
11270 46 2307
10473 46 2332
13661 19 990
9239 76 3841
8578 16 849
13471 18 930
11119 22 1141
11029 38 1942
9562 236 11808
11723 234 11726
11270 47 2379
12514 69 3463
10791 56 2828
12057 54 2721
11584 108 5402
12533 49 2499
11095 272 13626
13614 91 4598
12009 28 1404
12052 50 2545
12497 193 9699
13642 42 2125
12039 372 18635
10669 118 5926
11553 56 2807
11685 117 5864
9030 60 3033
11815 221 11095
8492 35 1799
8668 13 660
10687 152 7613
9542 204 10235
13467 94 4740
12000 85 4276
9533 38 1946
9432 32 1645
8885 151 7575
12497 165 8264
11802 50 2526
8937 26 1339
8418 63 3161
9297 333 16677
13555 1 52
11848 307 15376
11080 281 14051
10884 224 11219
12493 69 3464
11656 41 2054
10537 47 2375
12021 22 1127
13549 8 403
10445 15 771
9379 142 7137
10791 57 2886
8590 196 9826
10563 104 5223
9233 70 3507
13569 63 3188
8471 30 1515
12139 30 1541
10784 97 4854
8715 42 2137
12095 110 5528
11025 111 5552
11030 61 3054
12111 100 5037
11831 41 2100
9567 276 13830
12070 199 9979
11726 304 15204
8806 19 953
8841 5 259
12382 159 7986
9559 81 4068
11953 13 660
12565 37 1856
9500 179 8992
11091 204 10228
11282 26 1332
9619 80 4014
9470 323 16195
11851 2 114
9069 56 2807
11900 54 2748
9586 409 20469
12331 2 114
9067 12 639
9395 199 9958
11065 95 4790
11604 105 5282
12504 178 8925
13617 11 600
11781 9 469
10692 111 5581
9297 188 9437
9517 180 9030
8538 46 2347
11029 36 1807
11187 320 16006
11150 51 2575
9618 155 7774
9205 200 10009
12418 3 159
11848 307 15376
9437 292 14634
11537 126 6344
10644 31 1555
11909 206 10336
12406 2 120
10956 20 1004
10688 94 4736
8860 14 707
11742 17 885
12482 123 6165
10897 120 6011
9741 8 436
12139 136 6819
8990 41 2099
10485 7 362
8677 48 2416
8876 96 4841
13650 0 36
13661 111 5594
13522 10 515
12036 39 1970
11904 71 3597
13621 77 3870
10959 59 2969
10590 105 5280
8964 140 7044
9277 121 6097
13638 154 7740
9307 57 2900
10704 296 14850
10929 262 13107
11119 22 1141
12137 27 1352
11134 117 5879
11830 300 15040
8905 114 5710
12046 30 1519
8666 117 5875
9684 93 4670
11721 74 3703
11963 457 22855
12137 132 6611
11574 95 4768
11619 51 2564
11829 91 4559
12383 49 2500
10744 96 4806
10308 63 3152
11134 134 6704
11291 247 12397
11290 233 11692
9561 66 3313
11873 3 188
11177 35 1767
9297 318 15904
13477 155 7775
8762 256 12831
8431 17 887
9483 212 10628
9704 197 9871
13484 80 4030
11881 110 5504
8548 32 1634
10704 244 12206
11721 118 5947
11619 195 9754
12075 287 14360
13558 13 665
11991 69 3464
10762 117 5855
8742 90 4536
11673 49 2466
12514 139 6997
11285 28 1413
9615 195 9758
9546 249 12474
9640 84 4226
9620 279 13967
11738 129 6478
12379 75 3760
10355 57 2879
10530 14 724
10922 86 4317
11786 227 11372
9521 17 879
9326 32 1603
9511 147 7378
8971 246 12349
9525 188 9427
13561 53 2664
11820 122 6140
12021 22 1137
9499 485 24277
10824 140 7045
12442 98 4944
8538 286 14317
10643 2 114
9527 154 7706
9437 147 7396
12006 64 3242
10538 213 10694
10885 2 104
9425 28 1423
11524 211 10553
10713 7 378
12000 108 5406
8964 140 7041
10597 60 3030
10714 100 5033
11494 131 6568
9597 360 18019
9602 31 1558
10822 5 255
11971 21 1080
8750 149 7496
11841 31 1566
10998 12 610
8666 107 5364
12072 9 493
8448 113 5693
8414 89 4460
11564 52 2634
10906 227 11357
11278 38 1921
13688 190 9542
9479 92 4649
8465 273 13660
9169 1 92
13477 172 8615
12442 65 3272
12485 2 136
9470 183 9157
11557 54 2723
12533 76 3820
10969 15 771
11911 33 1699
11214 3 152
10544 3 152
9331 14 723
12004 123 6187
9467 268 13410
10480 273 13690
11875 11 555
9068 283 14189
9037 73 3698
11071 280 14029
10716 13 679
11691 126 6303
12482 31 1560
11802 50 2523
11912 76 3828
10892 76 3843
9603 166 8348
10884 27 1386
8666 120 6036
11786 260 13015
12137 19 1000
11759 50 2528
9289 35 1754
12466 18 928
13647 28 1402
12369 6 334
10644 30 1511
10952 250 12504
11754 6 343
10818 40 2019
8776 130 6549
9512 555 27760
12004 275 13773
11149 57 2875
11893 51 2560
8433 176 8804
12040 2 140
10538 179 8972
10570 15 772
11907 223 11172
10771 194 9737
9290 135 6786
11991 69 3459
8666 48 2447
13472 4 221
12454 260 13036
11081 1 78
8963 30 1502
10747 144 7245
12543 260 13003
11081 11 566
8455 6 302
11235 6 328
10901 17 862
11844 289 14483
11529 213 10699
9437 301 15056
11976 361 18051
8687 275 13798
11529 195 9799
11969 126 6338
12025 109 5471
10781 8 432
11976 334 16746
9592 135 6773
9030 60 3013
9188 128 6440
8899 89 4459
12077 9 484
10921 50 2540
11943 133 6679
10665 80 4020
9341 229 11451
9694 164 8244
12054 56 2834
11119 297 14877
8817 13 675
8476 28 1429
12529 92 4615
12066 204 10233
12066 123 6176
9395 199 9958
8903 38 1915
12004 268 13447
12366 86 4305
12137 82 4124
11171 68 3410
9024 75 3800
10649 137 6859
11984 75 3782
10520 144 7250
9679 133 6651
9582 10 540
13668 32 1611
9297 243 12151
12379 60 3031
8794 53 2678
10473 55 2774
11740 294 14746
8917 319 15977
10584 99 4995
10741 4 247
10897 122 6108
11565 246 12307
9572 43 2179
12057 54 2735
13454 37 1886
8668 43 2180
11108 13 679
8446 91 4569
8878 41 2084
10989 37 1889
9724 24 1207
11915 114 5717
10580 98 4915
10756 95 4755
10910 27 1387
11149 310 15548
12561 226 11313
11604 75 3787
9461 241 12066
10610 69 3500
12053 5 270
10905 70 3531
10432 7 365
8675 51 2563
9717 61 3051
9067 8 410
13635 1 53
11531 135 6758
9563 539 26963
13479 97 4899
13583 255 12760
13510 8 444
11762 163 8167
11565 16 834
10993 9 473
8620 66 3343
11766 110 5541
10931 320 16017
12454 146 7338
9545 56 2842
8537 338 16910
12020 32 1621
13671 19 991
12420 39 1995
8578 211 10570
13583 58 2915
10897 67 3366
8897 153 7678
10968 25 1295
11685 329 16451
9538 448 22433
11111 110 5550
10374 15 793
12052 51 2594
10665 25 1299
10724 181 9056
9336 266 13350
9658 224 11246
10444 33 1700
9321 102 5137
11494 154 7723
11820 98 4932
9597 313 15685
13617 40 2014
9191 131 6597
13635 32 1618
10521 229 11491
12380 75 3774
9677 61 3062
11644 69 3486
11723 272 13601
13674 226 11342
9603 324 16247
9603 350 17537
9726 354 17716
9240 60 3046
8996 322 16137
9065 116 5821
9668 108 5406
13660 27 1384
9480 69 3482
11947 41 2092
9529 212 10616
9356 14 741
10756 96 4810
10355 130 6537
12025 144 7227
11529 216 10833
11793 221 11078
10501 197 9880
8791 3 166
12020 18 930
10540 98 4948
11866 94 4746
10869 32 1649
13665 19 988
8469 37 1878
8927 71 3562
10841 82 4111
10743 89 4468
10969 21 1057
8751 86 4349
10905 70 3531
10952 236 11808
9583 148 7439
13520 38 1926
12025 149 7497
9597 356 17844
11559 65 3267
9610 25 1253
8454 22 1105
12368 6 327
8941 50 2507
13676 3 157
11765 43 2164
13629 24 1238
12364 19 955
12016 435 21784
10929 45 2288
8646 4 201
10913 31 1595
12529 90 4540
10432 292 14639
9564 377 18899
9001 5 259
8888 137 6885
10796 106 5346
9374 45 2287
11644 75 3785
8886 17 870
8538 37 1877
13683 85 4267
9556 25 1261
9562 171 8592
10833 58 2921
11927 127 6372
13671 77 3883
8529 200 10046
9474 5 286
10520 117 5892
11786 261 13099
11519 155 7792
11080 139 6959
10833 159 7954
11531 116 5847
11237 12 609
9321 51 2564
10592 93 4689
11068 50 2534
12541 85 4257
9610 16 822
12068 135 6780
12365 36 1820
12401 22 1107
11675 124 6242
12418 59 2956
11780 115 5763
10843 95 4792
9444 191 9587
11086 258 12909
12083 84 4218
8915 73 3651
10725 123 6197
12066 225 11279
9281 163 8182
13652 24 1242
13463 3 167
8894 145 7297
8626 85 4259
9562 171 8592
12404 65 3290
9560 54 2711
12075 287 14360
13583 92 4617
11095 272 13626
12485 73 3683
10929 45 2258
11134 72 3614
8836 74 3737
10432 306 15317
11820 98 4932
13642 52 2623
8547 9 461
8758 2 146
10484 58 2946
11866 94 4742
13546 0 34
9720 169 8488
12083 308 15415
8720 47 2389
8782 25 1257
11119 32 1623
11609 216 10816
13476 45 2290
9712 123 6194
10683 62 3141
8784 119 5985
10750 67 3373
10803 153 7680
11965 294 14729
13580 10 524
11187 131 6599
12529 99 4981
13616 242 12136
13565 107 5359
11707 18 933
11809 24 1243
13487 88 4401
10649 137 6859
11111 110 5550
9080 136 6834
11086 268 13402
11094 98 4910
10974 138 6902
8769 83 4182
13583 73 3678
13661 43 2164
9349 118 5928
8697 234 11721
10562 215 10764
9249 171 8599
9434 47 2397
11604 202 10125
13520 124 6205
9445 92 4609
10803 52 2636
12495 78 3914
9386 41 2051
10857 195 9773
11724 245 12283
9245 347 17376
9559 80 4044
9037 62 3124
9639 26 1319
9461 45 2292
11865 21 1086
10595 122 6127
11707 18 938
9348 21 1063
10921 229 11477
11780 106 5328
13529 10 519
11619 104 5250
10972 6 313
11742 196 9820
13484 62 3116
9561 66 3316
10735 257 12868
11830 300 15040
13510 8 407
9215 99 4963
11848 284 14242
8711 6 343
11879 44 2220
11846 135 6759
11636 13 654
12139 130 6537
11861 7 383
11971 21 1097
10743 167 8363
10928 143 7170
10379 32 1638
9602 56 2849
11879 162 8116
11561 59 2986
11514 24 1232
10355 132 6619
10874 37 1884
8927 71 3562
11913 125 6290
9511 518 25934
10490 137 6889
11872 57 2868
11134 23 1188
11112 200 10017
13467 104 5248
11756 259 12990
9096 330 16502
10843 77 3869
12086 9 470
11609 216 10816
9668 117 5872
9618 81 4079
9425 31 1576
11971 25 1272
11235 9 475
10569 115 5774
10489 25 1256
8817 13 675
11680 94 4712
10959 59 2969
10905 107 5356
9239 77 3857
12382 231 11594
12073 199 9960
8960 12 606
8446 189 9497
12073 28 1413
10436 11 569
12454 19 954
9704 355 17771
11557 84 4210
11492 28 1429
9445 68 3430
10688 14 706
11247 14 731
12466 33 1675
8537 261 13059
12066 121 6100
12486 145 7294
11698 82 4124
9576 413 20668
8650 2 122
10795 143 7180
10538 147 7370
12054 56 2829
11848 144 7231
12379 75 3799
11187 320 16008
10741 4 247
8918 51 2597
12377 9 494
10591 32 1601
11134 16 833
8435 69 3486
11108 21 1092
11963 106 5313
11998 142 7131
11887 59 2994
11540 86 4340
9348 100 5019
13661 43 2170
8742 223 11169
9538 11 585
10725 303 15178
10563 185 9279
10761 172 8636
10645 66 3346
11665 61 3063
11755 27 1396
10668 308 15407
9404 40 2028
11721 20 1002
9293 11 574
10578 151 7563
11120 141 7061
10843 95 4751
9602 571 28575
10439 176 8809
9079 39 1989
8856 9 457
10647 151 7553
11112 132 6642
12139 136 6820
10906 228 11431
10938 149 7497
9366 338 16905
8666 304 15201
8562 91 4600
11766 269 13480
11737 97 4884
11844 156 7820
12066 121 6096
9512 456 22810
12541 10 513
12504 79 3965
12404 65 3265
9065 2 137
9710 193 9651
9440 226 11321
12013 0 32
11931 33 1653
10744 96 4818
9562 99 4971
13678 137 6897
8810 65 3281
11815 267 13390
10822 7 393
10713 7 378
11761 91 4565
13461 11 587
11535 83 4171
10700 283 14198
12139 34 1724
9567 97 4872
11068 56 2846
12056 320 16029
9379 166 8341
11535 83 4163
8995 91 4591
11934 242 12144
13642 89 4468
11553 16 847
11047 6 320
13558 13 662
10831 93 4665
9491 74 3701
11984 75 3751
12462 0 14
11110 21 1071
11512 28 1420
11779 182 9112
11821 103 5161
13689 9 458
10719 153 7662
11900 54 2748
12073 17 852
9556 24 1232
8908 20 1035
9741 8 436
9292 22 1106
9586 327 16387
9586 325 16295
8680 226 11316
10386 32 1620
10574 65 3296
9717 230 11547
11215 78 3910
9033 22 1143
13478 58 2908
9461 45 2262
8742 71 3593
13467 94 4740
11922 239 11989
11685 117 5864
11793 221 11078
11604 61 3090
10760 208 10436
11820 239 11987
9709 57 2896
8787 12 648
8934 140 7007
8806 19 953
8807 172 8630
10788 16 806
13690 57 2897
10847 12 613
10757 135 6769
9305 44 2227
11025 112 5610
10781 39 1973
13616 2 126
12533 49 2499
12451 74 3736
11494 24 1230
9434 48 2415
8971 245 12283
9694 22 1125
8911 17 895
13661 227 11396
8468 23 1161
10490 130 6543
9195 209 10470
10521 208 10448
11519 225 11252
9669 307 15380
8538 274 13749
11765 249 12488
9080 137 6864
11591 91 4586
10521 21 1091
8991 6 344
12145 174 8725
11846 53 2678
8490 26 1319
8908 16 801
12480 122 6107
11646 31 1551
11591 3 171
9205 30 1505
12554 71 3588
13588 20 1028
9601 415 20764
11184 74 3735
10475 20 1031
9727 78 3939
11785 11 555
8646 33 1659
8856 9 490
11494 50 2541
11094 201 10099
11713 119 5994
9468 3 182
11842 51 2590
10646 14 725
10441 263 13163
10911 27 1379
9344 252 12604
10741 247 12383
9535 306 15319
8742 70 3527
11589 169 8464
9586 325 16276
9608 62 3110
13582 55 2780
12008 13 688
11108 70 3512
9372 78 3905
9560 61 3076
10668 313 15676
9669 304 15212
10562 215 10759
9232 5 296
10563 179 8985
11934 231 11580
10906 181 9055
12438 138 6950
12039 176 8808
9065 26 1325
12004 305 15267
10501 195 9783
8893 57 2878
9617 125 6294
8885 116 5801
11094 120 6014
9526 328 16428
11196 205 10300
10920 115 5787
10669 14 713
9608 104 5242
13569 96 4813
8971 132 6612
11080 139 6971
12557 63 3187
11842 77 3892
10714 68 3444
12442 98 4938
10441 85 4264
11970 29 1459
11713 133 6699
9395 200 10009
11926 58 2925
11086 14 747
13465 6 321
10520 186 9350
12495 50 2503
8771 7 386
10882 5 299
13687 152 7626
11751 46 2313
11559 63 3151
8701 4 204
10567 265 13255
11494 275 13768
13536 17 879
12139 73 3699
13671 139 6991
12110 207 10357
11895 306 15325
9631 72 3643
9207 54 2723
11829 106 5325
10669 16 835
13545 18 942
10741 2 146
13580 165 8269
10570 14 733
11495 17 858
10830 251 12561
13484 62 3116
8460 24 1247
10578 231 11554
11505 14 724
13639 101 5066
9377 159 7994
9482 229 11474
8520 50 2517
10505 112 5620
11854 59 2977
8714 158 7933
9479 192 9626
10719 66 3310
11709 128 6446
11831 38 1913
10959 59 2961
13479 97 4899
10665 80 4020
9281 162 8110
10795 168 8432
11830 173 8652
13614 132 6637
10874 37 1884
10743 134 6721
9226 301 15062
12083 73 3654
9542 212 10650
10737 259 12992
11961 35 1787
11171 29 1453
11766 175 8773
11271 18 933
12025 328 16428
8446 214 10749
13617 111 5588
9205 198 9925
10355 57 2879
9612 31 1563
11626 11 594
8549 151 7562
12495 231 11570
8455 45 2300
9587 573 28651
12365 36 1820
10688 13 682
11291 4 217
11565 281 14074
11613 62 3112
9366 298 14939
9348 1 53
11096 61 3064
12042 62 3113
10623 71 3561
11296 8 446
11582 24 1237
12062 134 6729
9529 584 29209
9519 245 12289
10483 113 5690
9473 61 3058
9653 336 16803
8894 86 4310
11845 169 8464
9653 272 13646
12137 82 4124
11858 35 1751
11965 75 3773
10974 139 6989
12368 54 2743
13674 154 7735
10804 76 3847
11829 106 5314
11169 19 971
11974 154 7723
10538 216 10841
9582 7 367
10583 53 2685
12002 141 7059
11554 34 1729
10432 345 17297
10905 3 169
12368 54 2710
9684 62 3150
11283 45 2264
12137 82 4120
11094 60 3003
9717 224 11202
9564 516 25808
9481 303 15167
12556 45 2279
11756 270 13527
10714 107 5399
10693 258 12913
9065 113 5691
11095 118 5919
8690 57 2868
13680 35 1789
9494 83 4180
11088 45 2272
9560 55 2768
10721 264 13219
13629 153 7668
11759 39 1985
13468 18 927
10803 231 11560
9505 18 903
9079 42 2124
12441 300 15025
8935 288 14416
12382 19 960
13662 155 7796
11726 295 14778
12529 191 9551
11696 50 2550
13453 30 1502
10486 55 2762
11936 16 812
11553 143 7167
10475 111 5560
8747 75 3779
12508 386 19306
10521 210 10550
8996 332 16607
12430 33 1667
10923 109 5499
11630 74 3736
8787 39 1952
13660 27 1384
10538 216 10830
11913 143 7171
9689 313 15651
11644 25 1273
11728 224 11220
12420 5 295
12380 75 3772
11630 74 3736
10931 108 5419
11976 178 8929
13651 188 9430
9240 45 2296
12529 92 4606
10938 188 9422
13616 209 10473
9238 31 1566
8701 2 147
12454 29 1461
13687 168 8449
9511 623 31171
8996 181 9089
9620 306 15322
8795 33 1699
11990 28 1411
11512 32 1629
9586 327 16387
11637 158 7903
9658 54 2712
11630 148 7428
9546 247 12382
10897 47 2385
10606 16 849
8697 162 8111
11766 165 8276
8412 23 1178
11800 179 8977
8789 87 4387
12137 16 804
13583 54 2750
8704 0 6
9677 164 8220
9392 52 2616
10864 8 417
9563 388 19436
8959 230 11531
12110 188 9411
10478 117 5889
9292 23 1179
11531 189 9483
13644 30 1516
11644 79 3977
13536 111 5573
11692 22 1129
10796 288 14404
12042 62 3110
10447 20 1011
12117 0 31
9563 539 26963
9694 18 916
9461 45 2262
9570 86 4326
11769 127 6383
12516 43 2190
12431 138 6944
9470 283 14182
8562 94 4710
10910 27 1381
13642 116 5819
11721 74 3741
9425 28 1418
10521 289 14462
9479 194 9703
9618 268 13414
12137 82 4124
10583 50 2529
12032 19 973
9494 39 1956
12016 38 1931
12083 119 5960
8709 18 934
11778 57 2859
9072 74 3703
11644 25 1273
9346 35 1760
13661 142 7147
13479 35 1797
10578 147 7369
11713 137 6885
10741 4 240
9053 5 273
12083 443 22175
13518 8 415
11196 62 3127
12560 40 2049
12025 35 1757
11197 95 4780
8813 76 3814
9499 53 2654
11879 139 6954
13593 46 2330
9049 134 6737
13621 10 505
10574 220 11032
10712 247 12393
9354 9 468
13510 8 407
9477 21 1070
11531 116 5847
13491 58 2941
9523 223 11188
10593 193 9663
13617 100 5017
8648 153 7674
13661 43 2164
9570 83 4179
11528 23 1166
9656 183 9192
10544 1 68
11726 8 449
11693 34 1722
8445 173 8652
8943 63 3152
13517 5 276
12057 60 3030
12075 162 8136
9410 82 4111
11282 2 102
11041 54 2713
11769 96 4844
12075 45 2269
13660 192 9605
8436 48 2450
13660 98 4940
10668 313 15676
9349 162 8134
12438 88 4434
9717 224 11202
10508 9 478
13527 3 169
10568 22 1109
9704 75 3789
11631 66 3325
12004 275 13773
10672 152 7618
11707 161 8094
10445 225 11279
10483 112 5604
11111 26 1307
11172 97 4866
11925 18 927
11713 160 8016
8908 288 14440
11229 7 396
10696 253 12686
9511 623 31184
12070 350 17528
13652 24 1243
12083 154 7702
12070 82 4135
12418 38 1935
8758 2 125
13536 106 5313
12143 36 1807
9297 222 11132
10371 4 214
9717 65 3267
10641 8 434
9385 205 10289
12034 87 4362
8926 14 702
10713 4 245
8739 31 1554
12431 112 5616
11909 169 8461
11197 27 1385
12066 52 2648
9065 121 6074
10523 11 594
10822 5 255
9217 114 5742
8441 7 395
11759 47 2351
8747 156 7835
9481 171 8590
10857 26 1348
9620 216 10808
11707 18 901
12365 36 1813
11551 31 1595
13580 76 3803
12496 62 3150
12016 435 21784
13552 49 2485
9467 245 12278
10906 181 9070
12505 94 4712
9500 587 29365
11494 261 13092
11901 33 1663
11726 295 14772
13484 91 4556
11197 98 4916
8751 32 1627
11619 142 7127
8650 3 153
11614 54 2712
13520 124 6236
13691 142 7114
9215 98 4905
12145 165 8266
11846 100 5005
10721 152 7629
11494 50 2544
9297 221 11052
12540 105 5275
11559 45 2280
11589 198 9902
9324 66 3330
11868 98 4943
8650 5 279
11786 260 13015
10479 17 862
11095 118 5919
12143 36 1807
10735 253 12666
9494 89 4458
13693 33 1663
9560 61 3061
11601 4 221
11631 280 14016
9092 13 680
11617 50 2519
9030 162 8149
9712 122 6120
9556 24 1232
9677 60 3045
12442 12 615
12056 232 11637
13528 25 1278
9717 230 11547
9470 234 11712
13638 224 11232
12137 130 6534
10884 209 10491
12075 129 6452
10732 36 1823
11945 132 6648
10611 125 6262
11520 115 5758
9095 224 11250
13643 173 8678
11741 104 5203
8700 17 875
10733 53 2668
11866 62 3148
11846 90 4511
8751 36 1814
11674 66 3314
11090 179 8990
9649 1 68
8975 126 6306
11807 32 1620
8562 50 2522
10747 191 9600
9053 9 495
12054 148 7420
11108 13 660
12139 130 6545
13687 152 7614
9344 115 5794
8764 64 3205
11776 78 3940
11169 223 11156
8490 59 2990
12111 5 254
9033 125 6300
11492 2 147
11494 201 10052
11557 85 4294
9437 301 15075
12543 284 14250
12383 56 2823
12061 94 4739
12497 274 13723
12073 131 6582
11557 54 2723
11630 119 5952
10771 196 9821
9679 150 7523
9603 562 28101
11604 75 3758
10569 115 5779
13690 21 1075
9344 252 12604
11537 126 6304
10567 85 4272
13454 37 1889
11281 11 559
9511 261 13095
8589 199 9977
12080 147 7362
10574 65 3288
13474 5 275
12529 90 4540
12446 70 3539
9538 363 18181
12086 79 3976
8680 227 11399
8690 117 5852
10952 252 12624
13629 194 9711
9470 143 7153
10974 139 6971
11150 146 7315
10693 257 12879
11294 58 2937
9567 260 13018
8782 28 1436
9603 286 14331
13662 8 431
9245 50 2543
12545 12 618
10837 247 12393
10910 70 3511
12374 207 10356
12034 19 957
13487 32 1640
11972 42 2135
10382 30 1505
13680 63 3181
8460 260 13005
12077 0 50
10574 219 10960
11766 206 10306
8538 3 155
10569 46 2320
10493 111 5553
10447 55 2780
11574 194 9724
11168 108 5415
12378 40 2018
9519 299 14980
11965 75 3768
8917 319 15977
12006 12 626
9238 53 2665
10694 100 5044
11830 264 13221
12436 38 1940
10890 76 3844
11914 90 4546
10761 0 34
10931 323 16151
11774 65 3261
9348 164 8213
10929 44 2222
12565 268 13421
11965 294 14736
9499 53 2668
11976 394 19723
9617 5 262
10523 295 14792
11081 20 1038
9470 323 16189
10705 28 1410
8879 104 5220
10611 40 2011
9207 68 3420
13475 24 1231
13678 207 10380
13527 15 783
12566 279 13951
10680 199 9998
9535 69 3467
10974 104 5214
10382 124 6242
10473 48 2413
10648 16 824
10882 3 178
8754 37 1854
8751 35 1788
8922 2 136
11674 48 2405
12418 54 2741
10640 26 1328
8538 9 494
9096 117 5870
10969 18 934
13568 67 3387
10490 228 11443
12480 31 1576
8646 32 1624
10584 99 4969
9241 63 3167
13479 50 2543
10654 110 5548
9534 155 7772
9403 17 860
9348 100 5019
11524 151 7551
8537 261 13088
11540 7 358
11769 44 2222
9621 54 2724
9225 201 10094
12505 135 6771
8719 265 13288
13623 74 3701
11881 90 4519
8529 29 1477
9538 53 2674
9576 412 20638
9481 303 15171
10689 42 2125
10584 296 14805
12364 123 6159
12068 135 6771
11090 179 8968
8680 226 11309
11881 211 10569
9210 73 3661
10855 17 889
12504 178 8928
11283 26 1314
13478 147 7378
11025 23 1175
12091 205 10285
12000 86 4350
8806 93 4665
8708 134 6707
9601 415 20764
10897 121 6089
11512 32 1629
9208 197 9890
11763 156 7815
12039 278 13917
11500 7 362
11278 98 4948
11644 65 3291
10603 39 1977
10888 12 640
13503 172 8626
10760 144 7214
8666 115 5767
9348 88 4411
9560 141 7073
11869 167 8375
11115 44 2238
11094 42 2150
9215 99 4982
8460 260 13031
12374 186 9311
10567 263 13195
9215 99 4963
13617 111 5564
11742 289 14467
8747 15 793
9567 98 4914
11742 161 8070
9679 149 7451
10647 254 12736
11906 307 15365
11965 260 13011
9704 202 10104
11747 18 912
11025 110 5506
10660 209 10475
9427 167 8372
11698 82 4124
10745 294 14725
10768 59 2985
9563 317 15857
11169 126 6346
8455 65 3291
12514 47 2363
9377 159 7994
9407 268 13439
11700 5 256
12545 78 3902
11879 323 16191
12016 414 20716
12380 7 369
8435 70 3517
10924 120 6002
13536 119 5960
13671 139 6965
9527 37 1900
12565 62 3131
9009 202 10149
11644 140 7019
9191 301 15099
9362 156 7810
9583 148 7439
8857 152 7631
11090 132 6641
8697 218 10948
12026 18 920
9579 283 14193
11976 86 4326
9437 292 14634
10563 185 9263
12418 59 2989
12075 267 13376
8538 286 14317
13561 19 967
12025 321 16054
10450 8 446
10884 28 1435
9240 54 2734
10641 11 573
11285 50 2546
8908 253 12675
9410 86 4307
8700 171 8571
10390 32 1609
12108 66 3348
11931 17 861
11867 134 6705
10959 76 3840
9362 158 7922
8908 81 4095
11740 338 16910
11976 145 7272
10921 67 3397
10629 105 5290
12108 41 2082
10800 5 286
9519 157 7860
11495 39 1955
11715 53 2692
9386 43 2159
10545 150 7550
11929 89 4497
10990 8 425
9538 53 2674
9698 85 4264
11972 42 2107
9519 167 8353
9564 517 25895
10834 317 15890
8513 11 574
11829 141 7096
13587 48 2431
8894 69 3454
11766 113 5669
13545 24 1248
11893 88 4426
13472 5 296
11745 275 13791
8680 226 11316
11601 97 4880
11881 51 2572
11921 273 13683
12139 30 1532
10442 159 7959
9620 306 15306
12432 25 1265
9348 226 11342
13580 23 1198
10563 185 9285
12139 381 19056
12080 150 7546
11134 134 6704
12137 132 6611
9512 461 23069
9602 633 31654
10747 141 7061
11228 4 235
8562 50 2522
12529 128 6444
13671 77 3867
10647 142 7129
11879 323 16191
11675 116 5839
13491 7 363
8971 128 6413
9295 24 1231
8690 118 5917
13691 74 3735
11182 24 1203
10592 93 4696
8547 239 11975
11027 186 9305
9297 187 9359
12039 411 20565
11726 79 3954
11628 146 7301
11854 75 3789
13520 51 2552
9410 83 4197
9188 129 6499
9612 31 1563
10744 107 5381
9067 78 3949
12025 123 6170
13477 60 3043
9144 78 3935
11565 195 9796
11094 59 2994
13454 6 342
11094 186 9347
8668 64 3243
10665 81 4063
9216 113 5689
10484 18 915
8700 174 8729
10389 33 1671
8529 197 9899
11540 86 4306
12418 6 329
8446 93 4687
8448 116 5817
9474 98 4924
11998 167 8361
9637 203 10168
11120 34 1745
11064 128 6428
11926 127 6384
13643 114 5733
11088 41 2094
12486 194 9741
11885 106 5316
10489 24 1243
11833 256 12828
11895 211 10590
8468 24 1207
13536 98 4936
12368 6 320
11064 128 6422
10521 22 1148
10578 238 11905
10634 316 15833
11604 105 5293
11550 237 11893
11290 153 7687
11197 27 1385
11066 191 9555
11927 228 11436
11646 15 756
8590 280 14014
11833 256 12802
11169 68 3431
12091 395 19782
10382 124 6248
9348 20 1039
11742 245 12288
13619 111 5579
10725 170 8535
10434 47 2377
9090 218 10915
9649 2 133
9030 133 6655
12002 141 7082
10688 225 11292
11512 28 1444
9403 17 881
13583 92 4630
10597 60 3030
12056 160 8013
9458 58 2917
9249 170 8509
12062 83 4195
10791 58 2930
10641 9 492
9446 127 6396
8905 191 9577
12021 22 1137
9277 121 6097
10648 25 1262
11800 56 2815
10952 168 8406
10831 101 5086
11135 7 359
11173 5 261
9586 498 24930
8492 32 1640
9637 281 14063
10657 215 10783
11119 262 13113
10445 15 769
11515 28 1406
10569 32 1631
8459 18 941
9269 64 3205
9650 319 15958
8700 65 3280
11971 7 387
9249 340 17033
10712 287 14389
12533 73 3662
13544 27 1371
12046 61 3061
10689 64 3217
10727 92 4648
10760 147 7381
10665 137 6896
9392 55 2797
10972 9 484
10897 44 2222
9434 100 5043
8817 10 549
9556 24 1237
9560 142 7105
10563 8 431
10390 26 1328
13638 268 13427
13453 10 505
10721 263 13191
9561 65 3259
10704 260 13025
11128 18 923
12364 19 980
9511 623 31171
12442 142 7145
11769 117 5887
11820 304 15203
10719 149 7480
9494 113 5692
12137 34 1729
10918 9 486
10578 238 11930
11684 3 200
9338 26 1343
8905 305 15272
9480 146 7313
8492 60 3021
13471 13 676
11976 332 16609
12442 122 6148
11068 22 1109
13580 165 8271
13480 50 2542
11879 162 8131
10771 43 2167
12495 229 11479
9065 26 1324
11648 167 8382
8538 9 452
9511 443 22197
10646 14 725
12441 166 8345
9310 19 953
10563 103 5175
9586 511 25581
11182 47 2374
11972 135 6771
13568 26 1323
13630 58 2920
9297 249 12459
10833 60 3018
8742 223 11169
11854 59 2977
8954 73 3678
13626 21 1078
10687 164 8240
11693 69 3466
10644 31 1555
11041 16 825
11925 141 7060
12442 65 3290
8715 42 2137
8977 3 162
13645 28 1413
9636 3 160
12053 5 279
8650 60 3049
13505 25 1268
8460 260 13031
11494 220 11006
12091 47 2394
8589 193 9676
11618 198 9941
12108 41 2054
11132 2 131
11756 187 9379
9636 3 160
11879 235 11763
11561 59 2977
11519 44 2243
8757 11 592
12380 69 3489
9440 204 10250
11971 51 2569
10450 7 360
10974 139 6983
9090 222 11108
11927 270 13547
11203 52 2632
12094 10 545
11984 176 8845
12497 41 2060
8899 89 4490
12539 25 1293
12039 8 417
13683 232 11627
8857 152 7631
12068 9 475
10583 49 2454
11820 60 3025
11675 58 2929
10716 32 1629
10924 119 5987
11745 2 146
11169 223 11156
11116 44 2216
13661 142 7147
9560 59 2965
12139 210 10518
9410 18 949
10517 108 5411
11893 51 2560
13638 182 9121
11977 71 3552
13479 35 1797
10493 111 5561
8719 268 13426
9576 412 20638
13469 81 4086
13491 58 2950
12482 171 8588
13467 177 8889
9065 113 5691
13580 96 4836
9677 165 8260
10847 14 712
10727 92 4648
10800 5 286
11678 79 3973
8467 145 7259
9704 356 17813
10931 200 10017
9586 326 16341
11282 2 102
10445 223 11161
11591 3 182
11709 51 2551
9597 347 17385
10843 94 4749
9720 168 8415
13645 10 524
12056 401 20079
11520 85 4287
10580 205 10274
9563 508 25450
10693 143 7164
11540 58 2908
9278 106 5340
10442 159 7959
11842 51 2590
13617 21 1071
11646 30 1516
9592 134 6715
10781 37 1899
9278 67 3386
10436 273 13700
12442 121 6065
9470 181 9095
9074 6 330
12137 19 975
9524 5 272
9239 201 10087
9658 54 2711
11879 235 11799
9563 388 19436
12561 168 8449
9499 421 21095
9346 32 1623
11829 106 5325
10595 43 2175
13691 104 5233
11675 124 6242
11801 33 1658
13638 172 8638
10743 136 6841
8445 265 13277
10669 16 841
8802 6 332
9628 22 1139
11867 108 5435
10608 15 787
8917 318 15945
9507 33 1655
10485 26 1334
10849 205 10287
11684 46 2347
11203 52 2632
9590 70 3531
8468 23 1161
13503 172 8626
9085 51 2574
11095 159 7979
9041 15 764
9289 191 9600
13471 18 930
11828 20 1001
8648 153 7674
11976 40 2034
11545 33 1688
10696 201 10096
10712 124 6219
11904 71 3559
10520 118 5913
12083 206 10320
9249 341 17068
10994 21 1093
12454 258 12914
9427 169 8471
8460 135 6799
11953 65 3286
13453 13 655
12543 206 10337
10521 231 11552
11086 139 6991
11619 104 5250
11815 175 8783
9535 561 28058
12442 252 12626
9546 171 8598
9529 234 11740
9203 44 2213
9024 135 6753
9481 171 8590
11512 119 5980
11589 198 9902
11763 102 5119
11720 6 334
11973 0 8
10940 96 4837
10432 301 15095
9001 89 4458
11115 44 2244
11521 155 7787
9717 231 11564
9310 111 5585
8580 36 1849
9341 252 12608
10993 11 585
12561 50 2503
10888 269 13452
10714 98 4949
11545 177 8871
10595 42 2109
11506 21 1063
11678 313 15666
9654 84 4249
8964 111 5553
11769 112 5605
10645 107 5381
8746 202 10118
11984 100 5021
13674 134 6744
11568 29 1457
9536 34 1740
11657 42 2139
10711 62 3113
13680 44 2225
9001 5 259
8897 153 7678
9454 112 5601
10517 37 1871
