15160 187 9362
14921 39 1959
14758 169 8453
16517 12 644
14152 254 12714
15098 22 1134
14450 242 12143
17165 101 5093
14516 56 2834
14981 195 9771
17172 5 291
14768 133 6690
15800 206 10349
16008 388 19419
17174 25 1262
17251 68 3426
15115 0 45
14458 8 410
15251 167 8370
15457 93 4668
14329 253 12687
16714 175 8761
16848 18 932
15309 38 1908
17270 74 3717
17055 313 15686
16869 120 6022
15339 45 2285
16022 113 5693
14418 129 6451
15426 102 5117
17497 105 5296
16301 179 8986
14453 39 1972
14347 14 727
17481 8 447
17129 35 1774
17398 152 7633
15580 30 1548
16305 48 2402
17250 76 3821
17280 41 2085
14631 165 8258
16052 285 14276
15940 226 11306
15386 19 997
15592 27 1352
14336 87 4353
15319 13 672
15436 194 9708
14584 16 832
14297 19 964
17137 35 1751
17156 44 2221
15153 20 1047
16008 84 4246
15097 59 2991
14542 171 8564
14910 51 2554
14870 296 14823
15511 51 2585
17398 192 9608
17528 20 1034
14368 0 25
17275 2 114
15397 5 266
14223 177 8871
14539 173 8659
15161 159 7953
14154 174 8720
17132 367 18391
15528 43 2151
14806 22 1138
14575 48 2447
14559 52 2608
15073 9 488
17132 387 19359
15174 85 4270
16877 57 2883
15262 84 4221
16226 2 103
17400 139 6967
14409 261 13071
15153 21 1097
14340 1 58
14152 237 11874
14991 82 4145
14749 60 3026
14376 58 2925
17029 203 10155
14124 171 8589
16428 367 18383
16227 188 9423
14940 158 7913
15386 61 3059
14558 14 746
16219 306 15310
15878 0 12
17116 62 3112
17559 109 5497
14585 17 890
16858 101 5077
15242 164 8205
15486 292 14650
17250 31 1586
15237 29 1477
15466 178 8936
14368 186 9330
17204 123 6185
16159 37 1856
15603 143 7179
15466 87 4388
16489 174 8708
16878 108 5446
16655 11 551
15402 35 1789
14206 97 4857
17139 279 13958
15458 112 5628
14903 98 4906
17169 140 7024
15410 104 5245
14162 10 503
15701 271 13588
15659 4 230
17156 82 4149
15859 167 8391
15409 85 4290
15166 139 6963
14991 165 8268
16910 88 4402
17254 0 9
16148 119 5985
17198 26 1302
16188 157 7882
17308 153 7675
14870 9 464
17311 4 231
14953 13 672
15792 44 2243
15859 81 4080
14149 239 11989
16110 9 492
16592 1 83
15689 295 14779
14610 276 13846
15479 3 179
15683 6 337
15910 7 400
15111 28 1443
17274 15 776
15731 8 440
16840 43 2173
17407 155 7789
17159 47 2356
15801 513 25662
17196 31 1556
14222 12 633
14584 149 7471
14707 17 899
14358 219 10981
15702 19 993
15834 6 339
15511 51 2585
14558 14 746
14970 94 4733
15296 133 6653
17137 216 10821
14343 153 7698
17030 39 1998
15391 44 2222
17540 27 1352
16714 90 4550
16973 17 892
16013 96 4824
15466 124 6234
14590 9 498
16172 101 5088
17308 3 160
17361 358 17934
14151 118 5929
14802 267 13372
15799 246 12314
15145 175 8780
14734 45 2294
14300 72 3630
15783 61 3078
14526 52 2643
15183 36 1811
15432 128 6424
16262 20 1035
15479 290 14539
15391 269 13499
15923 154 7712
14368 186 9330
15902 23 1156
15778 37 1862
14785 69 3454
14459 34 1743
17302 33 1666
14979 22 1137
17247 14 707
14329 109 5489
14410 175 8771
15783 204 10247
17226 62 3114
14712 232 11614
15167 113 5679
17143 8 437
15682 54 2701
15857 18 904
16227 186 9349
15491 53 2689
17415 200 10026
14377 158 7923
14641 201 10093
14635 7 370
14904 29 1491
15403 23 1165
15410 138 6922
15163 52 2650
14716 42 2129
17305 12 643
14293 195 9787
14903 275 13797
16158 325 16275
15154 181 9089
16734 69 3452
15673 24 1248
17541 29 1484
15701 55 2785
14641 201 10093
15479 78 3903
14725 12 638
17331 14 707
14122 168 8427
15603 143 7183
14921 94 4727
17226 116 5836
17128 101 5099
15246 172 8633
15450 239 11976
17372 110 5502
15482 129 6485
16495 76 3838
17559 78 3950
16094 522 26118
17371 148 7416
15463 8 416
17210 40 2035
17482 165 8293
14220 57 2857
15118 120 6016
14634 53 2661
14187 96 4811
15249 44 2247
15167 66 3320
15422 70 3515
16169 164 8224
15103 150 7502
17426 27 1365
17341 47 2387
15099 2 133
14686 32 1648
14934 66 3331
14562 78 3936
15701 276 13812
16526 55 2763
17171 0 47
17114 101 5082
14801 92 4641
16283 82 4119
17100 208 10417
15047 17 877
15222 63 3184
15242 98 4916
16679 101 5063
14876 67 3398
14817 62 3117
17451 151 7595
15377 30 1519
17131 141 7059
17482 50 2525
15828 195 9757
14455 8 410
14721 122 6119
16008 388 19419
16118 124 6202
15234 176 8809
17327 156 7815
15862 279 13989
14824 253 12683
15669 13 683
15356 37 1862
15808 71 3590
15473 147 7381
15348 292 14630
15824 18 919
14377 124 6235
15590 242 12133
17388 17 851
15430 159 7966
16150 352 17610
14257 178 8945
16158 16 814
15601 12 614
17457 157 7852
17140 140 7031
14471 0 26
15182 135 6795
14279 49 2457
15780 68 3450
17245 27 1394
17334 189 9453
15715 64 3241
14246 107 5384
14225 41 2098
15500 20 1030
14970 163 8169
15916 65 3282
15103 285 14268
14654 184 9208
14187 96 4811
17407 137 6877
15792 225 11261
16374 3 198
15808 54 2746
15774 439 21964
15919 22 1111
15500 261 13063
15463 435 21758
16112 17 887
14949 27 1368
15783 257 12893
14607 182 9150
16310 315 15777
15479 78 3903
15800 50 2510
15391 70 3530
15109 9 457
14368 181 9074
17360 6 342
15715 94 4709
15145 221 11072
16134 80 4035
15010 8 438
14831 168 8421
15923 437 21857
14513 0 49
15528 318 15908
15430 82 4138
14989 55 2783
15783 348 17406
17509 23 1154
16831 7 396
14936 35 1759
14526 137 6856
15894 13 682
14909 152 7627
14223 236 11803
14902 104 5244
17469 93 4690
14634 52 2615
17561 148 7433
15330 20 1045
17111 236 11838
16992 21 1060
15431 57 2862
15118 131 6555
15916 301 15099
15916 534 26749
17317 20 1026
17458 36 1821
17232 105 5294
17556 65 3269
14654 265 13270
14934 179 8952
15529 21 1077
17398 50 2535
15801 462 23128
17444 9 458
16172 77 3883
15639 108 5429
14438 290 14521
15154 181 9089
14831 168 8421
17440 90 4524
15222 63 3184
17356 50 2545
15138 29 1478
14948 219 10986
17210 83 4168
17126 156 7801
15140 1 83
15403 23 1165
14557 65 3272
14707 14 708
16428 470 23544
15901 276 13801
17394 83 4154
16759 83 4158
15397 97 4888
17030 21 1065
14807 221 11081
16921 36 1812
14553 52 2617
17533 108 5423
15867 25 1285
15466 87 4388
15360 167 8392
17414 135 6774
16199 461 23076
14475 11 597
17400 12 613
17141 14 702
14626 30 1513
14194 76 3821
15689 121 6074
15225 35 1792
14643 122 6124
17316 20 1016
14149 140 7033
15433 48 2420
15456 119 5970
17087 389 19485
14367 181 9074
15335 94 4731
14277 312 15635
14213 62 3118
14541 174 8737
14736 136 6825
15589 4 248
17136 19 961
14947 7 359
15464 208 10438
15225 3 182
15302 38 1937
14243 59 2954
17495 152 7649
14664 117 5887
16807 121 6086
14771 225 11269
15161 159 7953
14243 130 6547
14706 28 1422
14300 72 3630
15800 274 13749
17248 258 12949
14245 81 4099
15457 156 7807
15641 1 77
15479 126 6338
14458 138 6907
14293 86 4313
14904 25 1251
15824 18 919
14621 5 281
17030 144 7246
17372 110 5502
17472 12 612
16262 20 1035
17208 249 12455
14907 7 394
15656 58 2906
14559 275 13778
14229 14 735
14607 306 15334
17093 120 6015
14957 45 2257
16807 121 6086
17371 3 168
15086 12 635
17398 98 4923
16283 82 4119
17232 108 5422
14740 14 717
14432 8 436
16424 267 13381
14645 50 2532
14539 73 3678
17219 32 1608
17156 82 4107
14880 54 2740
15446 39 1976
15927 281 14069
15915 31 1573
14458 85 4292
15797 30 1524
17563 34 1739
15464 121 6099
15286 136 6801
17533 100 5002
15234 128 6427
15603 77 3869
17152 59 2987
17372 43 2194
15933 135 6765
14207 1 89
14306 117 5852
17118 20 1043
14907 14 711
17156 50 2508
15771 18 923
14911 127 6378
16310 223 11154
17171 40 2019
14957 45 2257
15639 2 103
16286 524 26215
17373 2 148
15425 205 10282
14410 278 13905
14369 163 8162
16891 139 6967
17556 77 3869
15603 77 3869
15780 49 2479
14453 25 1295
17229 18 933
17540 27 1352
16741 412 20634
14916 18 950
14235 42 2142
15236 159 7952
14244 29 1494
14546 179 8958
14356 282 14124
17030 13 658
15182 147 7361
14626 15 792
17396 23 1179
14942 42 2129
15677 120 6048
14329 253 12687
15917 489 24456
15890 24 1238
16818 102 5135
17224 53 2673
17036 301 15068
15446 74 3737
17111 112 5609
17309 152 7638
15369 22 1122
17482 120 6003
17326 16 803
15463 214 10714
16676 128 6441
16960 157 7899
14831 145 7285
15875 333 16673
15010 6 312
17251 176 8819
16161 40 2008
17447 52 2649
14270 54 2714
14712 232 11630
16715 283 14151
15234 72 3645
17388 43 2164
15266 20 1016
17152 129 6488
16499 317 15872
15590 130 6524
15713 244 12248
16209 294 14716
14243 95 4752
14643 72 3618
15669 23 1176
15397 233 11683
14812 314 15710
15436 201 10072
17073 12 622
16802 207 10378
15870 270 13517
15774 90 4525
15882 11 579
15456 178 8943
14392 106 5327
17141 36 1810
14768 146 7327
16196 187 9398
15530 25 1266
14956 152 7610
14438 23 1176
16148 153 7652
14768 178 8948
15593 198 9950
16770 171 8585
17170 36 1811
14610 197 9853
16279 23 1160
16797 107 5385
15504 148 7413
15243 20 1050
14764 80 4012
14195 113 5680
15482 47 2361
17447 52 2649
15429 55 2796
17360 16 841
17560 142 7108
15916 424 21228
15129 21 1077
14243 130 6547
15722 68 3406
16835 5 279
17395 23 1157
15149 118 5942
17333 20 1045
14675 4 217
14654 180 9018
15415 328 16403
16358 55 2794
14139 213 10657
14654 34 1743
17154 34 1740
15933 42 2118
14550 111 5562
16281 226 11324
15155 9 485
16817 239 11973
14652 249 12465
14384 6 327
16846 329 16467
16818 71 3553
14787 40 2046
14271 219 10999
15486 120 6006
17478 127 6372
17158 3 183
17358 22 1124
16948 54 2707
14874 188 9401
17195 17 874
14375 140 7005
14298 44 2217
15031 28 1411
17194 13 688
14831 151 7589
15013 54 2724
14149 273 13686
14989 180 9031
14445 78 3940
15264 101 5062
16199 222 11144
16891 139 6967
14611 60 3012
14912 170 8515
15078 15 785
15639 128 6449
15099 27 1394
17267 63 3176
14934 179 8952
17563 69 3473
15322 44 2212
14760 184 9238
15528 0 5
17324 107 5388
15915 104 5211
14801 310 15505
16196 111 5598
17198 34 1742
16109 66 3309
14912 2 121
14136 62 3136
15589 93 4670
17092 20 1002
17383 201 10070
17364 111 5558
17073 159 7952
16769 92 4639
15463 6 301
17205 158 7917
15927 312 15650
14772 121 6060
17139 317 15899
14396 42 2135
17461 6 338
15477 13 660
14368 224 11204
16179 44 2247
16150 129 6489
17348 9 487
15773 15 774
14436 88 4424
15875 428 21442
16387 25 1253
15639 2 103
14418 50 2532
15762 294 14730
17011 282 14125
17361 362 18148
14658 7 364
14904 20 1031
17181 81 4062
14418 183 9186
17310 2 117
15297 131 6569
14453 133 6657
15554 42 2141
15013 221 11053
15927 343 17157
14828 129 6477
17170 36 1811
14142 15 798
15410 10 527
14427 183 9196
15335 3 169
14805 294 14727
16676 128 6441
14293 195 9787
14220 26 1315
15145 294 14741
15312 40 2009
15641 1 77
15316 158 7916
15426 72 3630
14770 247 12381
17056 184 9207
14342 259 12979
16152 86 4335
14870 82 4127
14764 77 3874
15409 85 4290
17248 290 14530
16051 228 11426
14647 6 339
17427 11 562
14816 213 10677
16058 106 5339
17371 459 22953
14467 14 731
14644 6 342
14926 79 3998
17248 324 16248
17389 57 2887
17144 161 8097
14537 94 4743
15656 96 4822
17545 51 2579
15807 13 673
16676 256 12823
17073 8 442
17478 18 938
17383 122 6136
15228 7 387
14445 38 1943
14758 105 5253
17186 48 2416
16603 17 890
15473 19 977
16923 181 9089
15799 268 13442
17360 17 883
14452 18 925
17121 5 279
16110 109 5487
17308 7 370
14418 184 9244
14746 61 3083
16916 25 1289
15398 324 16211
16890 53 2694
14609 299 14978
16727 300 15035
16962 79 3969
14537 9 476
15491 54 2728
16386 27 1353
14634 5 279
14707 17 899
14577 33 1679
15302 34 1705
17219 1 51
17158 65 3290
17036 79 3982
17158 105 5286
14537 9 476
17199 135 6784
14134 94 4719
15915 430 21509
14557 65 3272
14377 19 964
17081 8 432
15473 183 9171
16122 126 6326
15335 143 7200
14789 88 4449
15464 133 6652
16511 52 2646
17002 38 1938
16141 122 6117
14564 24 1224
17355 34 1717
16112 328 16438
17524 130 6539
14793 117 5869
16119 537 26855
16807 121 6081
17073 82 4116
17383 113 5695
17208 231 11582
16096 58 2917
14259 21 1069
15102 58 2927
14632 68 3427
15689 138 6920
17469 14 731
16319 1 96
15238 84 4208
16874 369 18458
15902 489 24455
14399 67 3385
15665 1 74
14139 254 12717
15065 38 1904
16464 35 1787
14592 9 464
16878 196 9810
14548 198 9950
14763 6 343
16715 283 14151
16336 72 3646
14893 102 5109
14623 144 7230
14276 38 1939
14722 124 6201
16276 12 613
15147 66 3329
15514 157 7884
15479 87 4376
14955 87 4376
17159 44 2242
14368 281 14081
14446 13 677
16150 129 6489
14191 231 11588
16428 15 765
15425 150 7509
14368 181 9074
14642 86 4333
15676 16 821
15223 48 2413
15174 1 61
14223 64 3214
14737 29 1493
15965 118 5910
16489 174 8708
14878 84 4228
15428 290 14543
14298 66 3350
15397 129 6492
15443 68 3402
15589 4 248
14298 79 3969
17245 27 1394
14793 155 7775
14793 103 5155
17265 90 4504
14436 186 9305
15593 236 11836
14218 199 9992
16901 108 5410
14537 9 476
17240 122 6147
14306 91 4569
15634 22 1105
14775 26 1312
14148 17 856
14712 82 4110
15877 260 13047
17043 48 2408
14136 45 2291
14243 92 4627
14363 243 12151
16112 473 23687
17043 48 2408
15751 7 390
15870 212 10602
16787 59 2994
17360 106 5328
15328 88 4407
17271 167 8394
14358 113 5680
14991 12 633
15828 264 13209
17459 214 10723
15433 138 6927
15111 145 7288
14316 5 271
15862 130 6503
15479 294 14727
15166 133 6683
15442 39 1987
14590 13 678
16079 24 1215
14475 27 1358
14807 186 9344
14903 62 3123
17100 84 4245
15403 80 4021
15432 29 1461
14139 29 1486
15805 13 689
14219 77 3862
15901 267 13351
14280 19 962
14830 3 165
17246 5 272
15323 69 3475
16594 4 220
16726 170 8519
14281 167 8358
16011 134 6701
15182 71 3599
14321 21 1051
14779 143 7180
16141 150 7531
15183 36 1811
16272 14 730
17371 562 28119
15456 134 6726
15172 49 2484
14758 101 5069
17205 218 10936
17198 81 4066
16076 7 379
15785 37 1869
16694 35 1767
15153 0 5
17095 41 2082
15500 101 5073
14548 136 6819
14768 146 7327
15323 9 496
15170 105 5285
15182 147 7361
14641 138 6906
14550 267 13360
14940 147 7363
15322 32 1624
15511 224 11218
14368 24 1233
14242 40 2016
16562 9 494
17312 156 7805
16962 31 1593
15783 377 18869
14729 192 9610
16199 280 14031
16172 323 16169
16978 441 22078
16188 200 10023
15074 48 2405
17471 87 4376
15923 104 5215
14891 130 6501
14191 120 6049
15361 60 3028
17449 17 886
14991 13 664
14750 28 1419
17413 8 427
14597 86 4308
14874 240 12042
14956 78 3942
17248 290 14531
14316 27 1390
17458 161 8076
16137 50 2549
15432 29 1461
15846 38 1918
17497 227 11390
16305 34 1740
16076 147 7363
14925 5 256
17248 180 9042
16230 60 3038
15462 131 6558
16906 18 912
16352 241 12072
14383 39 1982
14376 92 4634
17112 139 6954
16802 19 975
17248 358 17929
16006 395 19760
14884 217 10890
17333 47 2394
15983 146 7311
14924 149 7494
14873 282 14110
14878 153 7671
14981 197 9860
17206 144 7216
14916 98 4920
14976 0 4
14467 52 2640
15337 0 20
14253 10 527
15382 50 2545
15870 109 5474
14807 98 4901
15986 161 8068
17165 79 3980
16546 146 7346
14779 139 6952
17251 166 8346
17338 87 4399
15640 13 651
16096 73 3686
14358 93 4659
15160 307 15362
17106 7 369
15595 11 592
17469 43 2187
17187 7 376
15944 18 920
14559 202 10144
15402 35 1789
17070 228 11439
15330 20 1045
15259 29 1477
14411 12 610
15167 150 7507
17196 7 393
17424 13 700
14427 8 426
17451 289 14481
14707 17 899
15301 80 4006
15463 151 7578
14432 75 3795
15872 10 518
14172 35 1752
17388 41 2087
17158 42 2140
15106 206 10334
14516 116 5806
15502 87 4372
15689 177 8885
14228 19 984
14976 147 7367
15243 82 4114
15511 238 11925
14965 155 7760
17327 57 2879
15970 472 23615
17102 15 758
16119 516 25806
14938 107 5362
14244 29 1494
14886 141 7090
15446 87 4365
17324 92 4626
17413 63 3168
16272 199 9994
14181 5 280
15913 36 1807
17383 140 7045
15771 18 923
14934 179 8952
14578 75 3760
15341 54 2724
14139 29 1486
16036 410 20510
15920 28 1419
16906 18 945
16089 97 4873
14473 8 413
15457 79 3994
14549 208 10428
14632 68 3427
17269 163 8191
15457 51 2554
14203 28 1434
17218 17 860
15368 152 7643
15463 313 15665
16339 230 11550
15464 133 6652
15097 157 7875
14372 270 13546
14609 186 9313
16581 77 3895
14642 72 3621
15589 46 2349
16424 267 13381
17415 200 10043
14934 143 7167
14634 52 2614
14729 51 2587
16557 111 5595
17249 147 7392
17451 277 13854
15222 175 8780
14278 14 717
16011 115 5777
15282 101 5100
15282 101 5100
14727 95 4791
15862 241 12092
16119 191 9580
14270 84 4232
15902 381 19094
16952 132 6632
15403 175 8773
15316 132 6644
14263 157 7881
17352 168 8441
14367 178 8935
14245 60 3033
15116 281 14099
16527 95 4780
14436 20 1002
17068 22 1113
15486 378 18918
14293 192 9637
16121 61 3089
17453 41 2071
14644 215 10793
14458 8 410
15981 18 904
17028 295 14757
16109 66 3309
15916 16 816
14801 260 13027
15154 282 14118
15151 96 4819
14260 109 5474
15907 110 5544
17195 182 9118
15589 188 9422
15294 35 1792
14545 29 1478
17415 257 12899
15354 66 3308
16006 395 19760
15828 488 24408
17560 149 7479
15639 108 5417
14150 63 3171
15634 22 1105
16888 246 12324
17489 155 7795
14907 139 6986
15659 0 45
16110 5 290
14914 301 15069
15436 342 17144
