6321 79 3955
5399 47 2371
6989 109 5479
6626 32 1606
6417 81 4051
6320 50 2516
5840 28 1408
6805 189 9455
6546 27 1379
5409 12 639
6487 79 3960
5207 137 6880
6963 10 507
5767 213 10700
6572 30 1510
6304 77 3852
5553 0 28
5233 1 63
6867 40 2048
6888 88 4438
6091 120 6041
6615 127 6362
5154 79 3967
6614 141 7082
5761 2 144
4953 50 2539
6318 144 7219
5637 49 2489
6050 42 2138
5071 33 1653
6058 202 10115
6768 37 1862
5762 39 1995
6313 44 2211
6784 23 1176
6998 193 9665
6301 203 10176
6811 73 3683
5093 68 3444
5830 150 7531
6915 154 7738
6975 136 6829
6669 29 1464
6463 133 6654
6831 79 3969
5146 49 2493
6901 79 3971
6766 78 3903
6908 193 9669
6939 31 1561
6768 96 4812
5364 82 4146
6748 86 4339
5616 70 3544
6659 27 1356
6964 1 64
5616 218 10912
5709 108 5413
6046 63 3193
5489 57 2871
5154 91 4581
6663 11 573
6551 3 196
6752 105 5258
5497 28 1446
5593 2 140
6542 154 7707
6981 127 6356
6023 38 1931
6052 77 3866
6561 12 642
6805 152 7626
6544 11 589
6502 81 4081
6856 30 1507
5508 5 254
6840 71 3576
5361 68 3445
6493 79 3982
5164 36 1845
6308 34 1741
6387 54 2744
6139 96 4817
6855 86 4345
6663 205 10260
6837 154 7719
6697 136 6832
6542 177 8897
6340 20 1027
6954 40 2034
6798 56 2848
6219 140 7008
6439 74 3741
6478 40 2029
6314 130 6522
5525 0 41
6749 227 11394
5204 149 7486
6426 120 6049
5513 25 1286
6506 99 4962
6078 81 4070
6659 30 1533
5892 46 2323
6748 13 654
5593 60 3001
6798 41 2097
6882 5 278
6078 22 1135
6634 149 7495
5824 206 10318
6564 43 2176
5767 63 3161
6030 0 39
5361 67 3385
6989 107 5372
5705 5 259
5376 4 243
6881 36 1817
5767 63 3161
6043 138 6922
6812 71 3600
6121 35 1755
6798 116 5814
6527 26 1306
6980 38 1934
4967 43 2163
5385 93 4694
6037 5 255
6936 215 10798
6417 32 1641
5996 5 300
6103 74 3715
6918 116 5825
6348 43 2153
5925 164 8241
5854 126 6329
6241 11 556
6123 11 582
6902 44 2223
5564 35 1789
6304 36 1809
6829 107 5395
5272 73 3695
5605 101 5093
6908 204 10227
6861 160 8032
6596 74 3736
6810 40 2046
6576 57 2880
6952 141 7061
5337 41 2097
6583 97 4874
6463 68 3402
5585 52 2628
6406 7 383
6436 3 163
5573 24 1210
6829 124 6236
6866 148 7417
6829 179 8954
5777 11 594
5706 33 1674
6552 81 4098
6634 157 7883
5068 96 4846
6572 57 2898
5455 60 3022
6311 8 447
6669 84 4240
6634 149 7495
6407 18 937
5720 15 756
6304 155 7799
5021 66 3317
5937 1 58
6777 131 6555
6768 37 1862
6812 14 750
6213 2 133
5840 28 1408
6930 36 1847
5512 107 5385
6855 53 2681
6100 161 8064
6410 90 4518
5124 22 1128
6655 20 1030
5515 180 9003
5106 78 3933
6205 5 261
5207 9 492
6144 36 1839
6488 24 1207
6282 7 386
5164 36 1845
5858 0 36
6663 88 4446
6339 10 502
5854 97 4887
5745 6 301
6829 166 8344
6854 70 3528
6888 185 9265
6666 152 7620
6917 73 3696
6977 25 1284
6980 11 600
6371 27 1399
6980 88 4415
6591 1 82
6679 137 6859
5720 15 756
6969 189 9473
5921 141 7094
6773 229 11469
5604 63 3191
6157 78 3945
6425 24 1212
6991 117 5869
5858 0 41
6934 102 5101
6358 25 1252
6811 189 9474
6901 229 11491
6912 31 1561
5269 23 1151
6436 3 163
5340 45 2280
6173 10 522
5217 14 724
5960 27 1361
6572 224 11228
6330 27 1383
6782 23 1155
6510 49 2461
6572 57 2898
6562 103 5162
6440 80 4024
6468 85 4285
6776 56 2840
6299 2 138
6551 3 196
6780 203 10183
6123 123 6197
6932 128 6446
6211 153 7655
5061 29 1454
6752 150 7509
6058 104 5214
6508 61 3100
6185 18 934
6533 113 5687
6377 53 2669
4967 43 2163
4957 18 945
5725 17 864
6625 37 1898
6609 67 3372
6340 48 2444
6091 163 8177
6620 68 3427
5437 105 5260
5519 142 7134
6101 7 365
5858 12 621
6981 67 3399
6339 121 6070
6300 136 6802
6761 53 2684
5616 185 9252
6813 204 10243
6197 9 473
6760 1 59
6908 160 8013
6786 24 1235
6046 63 3193
6800 113 5655
5262 4 232
5527 63 3177
6776 124 6211
5474 81 4097
5926 4 229
4986 32 1645
5822 31 1583
6502 99 4966
6219 140 7008
6687 132 6622
6811 189 9474
6985 58 2947
6748 12 637
5929 109 5485
5211 101 5071
5181 25 1292
6563 16 834
6529 46 2301
4982 38 1918
5508 5 254
6230 71 3596
4986 43 2185
6552 44 2202
6955 112 5637
5834 113 5697
5397 123 6197
5395 6 332
6366 63 3177
6989 123 6170
6749 20 1016
6131 7 395
5374 36 1835
6830 178 8946
6785 44 2242
5896 19 954
5710 16 823
6854 112 5628
6680 135 6780
6479 58 2944
5495 22 1132
5333 102 5134
5979 140 7034
6861 21 1079
6337 4 228
6493 116 5817
6749 148 7425
6888 50 2538
6176 174 8702
6323 38 1935
6376 42 2132
6549 50 2507
5979 29 1467
5512 14 720
6131 92 4607
6634 97 4853
5822 20 1012
6098 46 2336
5458 91 4592
6765 140 7026
6157 89 4459
6957 211 10591
6766 151 7595
5207 45 2276
6205 95 4795
6998 167 8393
5524 8 448
6800 45 2255
6882 89 4491
6502 74 3712
6950 42 2104
5831 91 4599
6144 36 1839
5966 187 9354
6811 164 8238
5630 35 1777
5835 186 9334
6765 154 7702
6159 5 287
6959 93 4656
5470 26 1329
4974 9 496
6952 93 4675
5971 8 445
6839 9 485
6861 160 8039
5470 80 4016
6642 4 211
6382 55 2776
6859 119 5980
6628 4 245
6388 0 43
5386 69 3464
6837 151 7596
6311 0 30
5650 7 356
6599 58 2928
6462 39 1983
6052 19 981
6083 36 1848
6888 168 8433
6123 23 1200
5511 10 516
6934 183 9166
5333 35 1775
5959 31 1568
6991 193 9686
6552 56 2815
5966 82 4138
6679 18 930
6487 55 2791
6468 106 5328
6782 23 1155
6647 45 2254
5109 13 663
5593 65 3261
5553 13 695
4955 114 5738
6979 110 5523
6811 54 2705
6698 29 1476
6198 113 5672
5959 31 1568
5561 118 5901
5540 32 1632
6558 137 6866
6180 39 2000
6429 154 7739
6921 33 1696
6756 78 3939
5783 48 2430
5432 2 134
6487 104 5233
6358 19 986
5090 117 5877
6617 13 695
5093 132 6645
6371 13 667
6670 38 1914
5853 404 20225
6933 45 2293
6095 6 339
6179 5 271
5512 105 5296
5536 84 4211
5025 64 3235
6571 29 1455
5142 27 1364
6224 107 5371
6046 143 7152
6478 6 325
5915 101 5069
5778 27 1378
6342 86 4322
6905 97 4859
5086 26 1305
6517 4 220
5349 25 1263
5512 105 5296
6340 20 1027
6217 76 3823
6783 177 8900
6497 74 3731
5943 4 243
6497 74 3731
6489 25 1257
4998 82 4102
5921 108 5447
6879 8 437
6822 96 4850
5338 9 459
5264 5 270
6224 1 71
6689 139 6956
5455 53 2656
5092 125 6294
6893 59 2971
5946 37 1885
5605 101 5093
6457 46 2318
5280 140 7006
6814 29 1500
6880 2 103
6981 70 3534
6506 45 2255
6773 236 11828
5459 106 5343
6680 51 2580
6763 15 751
6362 73 3660
5386 188 9440
6881 19 961
6510 49 2461
6917 32 1606
6590 11 574
6981 70 3534
6866 148 7417
5361 50 2532
6765 94 4718
6785 191 9555
4962 93 4659
6591 65 3271
6213 9 489
6989 226 11328
5016 35 1751
6406 106 5328
5573 57 2855
6752 154 7711
5614 11 566
5377 13 666
6489 25 1257
5891 144 7228
6482 5 298
6800 113 5655
5411 68 3447
5996 5 300
5836 97 4881
6575 53 2697
6599 103 5194
6301 51 2562
6756 129 6486
5585 30 1521
6489 144 7226
6813 99 5000
6888 182 9109
6487 0 15
5725 92 4644
6752 83 4181
6544 131 6587
6480 132 6605
6688 10 526
6959 9 491
5153 6 323
5639 139 6965
6058 189 9458
6058 23 1172
6591 65 3284
6211 117 5877
5157 18 915
5418 40 2014
5618 33 1700
6861 234 11729
4982 38 1918
6749 148 7425
6865 66 3315
5551 3 172
6551 145 7280
5836 97 4881
6827 151 7599
5051 154 7726
5084 42 2147
5723 6 342
6763 123 6191
5990 35 1764
5947 129 6498
6765 175 8774
6867 16 815
5654 21 1094
6780 74 3748
6960 75 3763
5853 404 20225
6937 62 3118
5021 53 2668
6680 99 4994
6606 4 230
5229 33 1695
5985 75 3762
5505 13 688
6954 55 2772
6044 6 304
6828 128 6415
6298 183 9175
5752 47 2396
5029 165 8252
6192 46 2336
6658 13 657
6605 126 6317
6634 107 5395
6837 146 7327
6637 29 1477
6619 47 2352
6467 60 3021
5808 101 5056
5808 101 5056
6634 80 4010
6572 136 6834
6941 15 763
5959 36 1825
6140 74 3734
6505 11 576
6951 19 988
6976 5 300
6773 52 2602
6588 17 872
5046 91 4567
5985 201 10073
6501 45 2292
5208 3 195
6762 15 753
6901 45 2270
6980 38 1934
5948 59 2978
6407 55 2766
5013 114 5728
5839 38 1910
6663 249 12452
6917 44 2217
6867 32 1621
6559 74 3734
6199 223 11161
6853 49 2484
5846 24 1215
5157 48 2449
6916 189 9455
5728 7 360
6890 71 3568
5277 19 994
6487 82 4137
6311 0 14
6658 13 681
5558 10 540
5512 12 642
5561 41 2092
6426 78 3933
6749 43 2193
6402 50 2549
6800 84 4234
5025 102 5106
6149 60 3024
5191 51 2556
6752 169 8495
6907 27 1380
5729 63 3154
6780 78 3947
6829 179 8954
5435 4 223
5226 40 2027
5419 39 1954
6218 2 143
6203 96 4834
5462 111 5585
6773 142 7139
6952 95 4795
6797 43 2176
6780 41 2066
6959 63 3173
6814 29 1500
6955 122 6147
6327 50 2546
6979 53 2679
6577 68 3411
