15145 312 15642
14990 160 8045
15394 50 2549
17139 317 15899
17102 15 758
15227 140 7021
15428 141 7067
17055 148 7448
15731 8 440
17070 146 7315
15808 34 1739
16179 44 2247
15409 85 4290
15061 195 9784
14940 147 7363
15828 103 5174
15846 38 1918
14418 50 2532
14611 11 584
14772 121 6060
14768 178 8948
15410 10 527
15983 146 7311
14368 181 9074
14243 130 6547
15074 11 578
15517 135 6792
16994 127 6369
15482 47 2361
14432 75 3795
15170 105 5285
15890 24 1238
17361 358 17934
14917 51 2551
14372 270 13546
14758 17 889
16076 7 379
17073 159 7952
15639 128 6449
17096 10 513
14729 215 10753
14642 72 3621
14957 45 2257
14610 276 13846
15447 217 10863
14907 14 711
15862 130 6503
15656 35 1752
15167 150 7507
15334 13 669
14153 74 3728
17265 90 4504
15145 294 14741
14377 19 964
14756 47 2397
14623 224 11224
15870 212 10602
14914 301 15069
15466 87 4388
14806 141 7067
16109 45 2277
14340 1 58
15491 53 2689
14590 124 6239
14758 232 11623
17005 73 3652
14276 38 1939
16150 129 6489
16286 267 13397
14921 94 4727
15870 270 13517
14157 126 6306
16286 524 26215
14300 72 3630
14736 222 11135
16158 325 16275
17317 20 1026
17540 27 1352
15403 23 1165
16715 283 14151
15264 101 5062
15916 202 10124
14609 186 9313
14223 204 10203
17414 139 6984
14539 173 8659
17152 91 4574
17407 137 6877
15867 25 1285
14467 223 11157
17361 255 12751
17361 126 6302
16089 97 4873
17308 3 160
14644 215 10793
14195 113 5680
15780 68 3450
17076 6 304
15462 131 6558
15473 147 7381
14546 179 8958
14368 224 11204
14467 52 2640
17270 74 3717
14652 262 13125
15415 328 16403
15782 17 863
14654 16 843
16711 5 262
14956 143 7157
17371 148 7416
14516 116 5806
15783 377 18869
14907 7 394
16411 206 10335
15234 72 3645
14631 141 7087
17112 139 6954
15916 420 21039
14191 94 4702
15859 167 8391
17112 77 3863
17248 180 9042
14916 159 7974
14609 16 845
16022 113 5693
14793 124 6207
14418 250 12512
14459 34 1743
16011 134 6701
17400 139 6967
15479 294 14727
15486 325 16266
15913 36 1807
14250 14 722
17158 105 5286
14127 7 364
15981 148 7439
15689 224 11227
15715 189 9481
14641 201 10093
14870 9 464
15801 513 25662
16008 84 4246
16940 12 615
15900 212 10650
14706 28 1422
16272 199 9994
15160 194 9730
14338 266 13309
17280 1 63
16109 66 3309
14293 195 9787
14578 75 3760
17248 290 14530
15243 20 1050
15730 8 426
15412 193 9663
16676 128 6441
15783 375 18767
15345 10 544
14912 2 121
15426 102 5117
15970 472 23615
14658 7 364
14223 236 11803
15154 181 9089
17413 8 427
14609 88 4450
15702 19 993
17302 81 4054
14654 202 10147
16807 121 6081
16864 90 4545
14611 60 3012
17144 161 8097
16310 223 11154
17388 41 2087
15464 121 6099
17533 108 5423
17471 93 4681
14870 127 6395
17415 200 10043
17372 43 2194
15915 430 21509
17106 7 369
14828 129 6477
16227 188 9423
14376 58 2925
14745 86 4303
17383 443 22192
15330 20 1045
16428 225 11292
17228 42 2114
17128 101 5099
17132 80 4047
16112 473 23687
14749 269 13475
16148 129 6479
17275 2 114
14763 6 343
17349 12 614
14998 54 2704
15464 125 6269
14553 105 5275
14831 168 8421
16874 441 22070
15308 120 6036
14912 170 8515
15528 237 11853
17494 142 7139
14634 52 2615
14770 247 12381
15500 261 13063
17028 4 235
17232 105 5294
16962 31 1593
17093 120 6015
17525 0 27
14306 117 5852
17535 40 2037
15402 35 1789
14556 157 7867
17457 157 7852
15867 25 1285
15774 175 8752
14369 137 6854
14139 254 12717
15464 241 12059
16878 196 9810
14537 9 476
16552 17 899
14245 81 4099
16038 161 8092
15101 55 2769
17309 142 7111
14634 52 2614
17388 41 2087
15153 21 1097
17481 8 447
16858 31 1567
14654 265 13270
14878 84 4228
15689 177 8885
15382 146 7335
15603 71 3598
14664 117 5887
14621 2 137
14956 78 3942
17044 108 5428
16021 167 8369
17129 35 1774
15427 202 10115
14453 133 6657
15859 81 4080
16134 352 17646
15432 29 1461
15803 10 524
14539 212 10602
17339 254 12737
17158 42 2140
14329 253 12687
16948 54 2707
15377 83 4158
15479 299 14972
17210 119 5970
15323 9 496
15182 71 3599
14396 42 2135
17331 14 707
15295 34 1736
14937 9 489
16081 103 5191
15160 31 1565
14874 62 3145
14356 191 9593
17352 168 8441
14162 10 503
15486 292 14650
14368 281 14081
14556 210 10521
14722 124 6201
15800 206 10349
15922 7 362
14185 32 1619
15862 130 6503
14453 196 9850
14446 29 1479
17251 68 3426
15482 129 6485
15799 268 13442
14432 8 436
14358 219 10981
16679 101 5063
14557 65 3272
15147 66 3329
15322 44 2212
14293 195 9787
14886 141 7090
14921 39 1959
17195 153 7679
15348 242 12112
15409 85 4290
16973 17 892
15456 178 8943
14816 213 10677
17457 62 3102
17559 109 5497
15689 138 6920
14270 54 2714
16141 150 7531
16341 70 3539
17302 33 1666
15407 194 9706
15877 260 13047
14727 95 4791
15086 121 6100
14453 25 1295
14793 103 5155
16722 162 8121
15715 64 3241
17561 70 3546
17353 25 1278
14642 111 5555
17444 9 458
15910 7 400
15463 6 301
16802 93 4663
14793 155 7753
14260 109 5474
15301 80 4006
15486 120 6006
17132 387 19359
14953 13 672
16978 251 12576
17111 112 5609
15341 54 2724
15554 160 8012
15778 37 1862
15330 9 464
15397 129 6492
14760 170 8531
14539 73 3678
15514 79 3986
15799 246 12314
14955 87 4376
14368 19 983
15703 4 201
14667 17 852
16112 328 16438
15467 5 289
16137 50 2549
15109 9 457
16159 4 228
14562 78 3936
17237 438 21902
17265 24 1246
15222 175 8780
14458 120 6027
14802 267 13372
14152 172 8614
17274 15 776
15057 1 74
17270 71 3596
14377 124 6235
15103 160 8020
14814 63 3173
17209 31 1598
16150 352 17610
14136 45 2291
14356 180 9040
14772 121 6060
16199 280 14031
16196 111 5598
15464 142 7107
16770 171 8585
15266 49 2473
17287 150 7506
17219 32 1608
15428 111 5568
14725 30 1526
16411 193 9652
14329 109 5489
15102 58 2927
15797 30 1524
16527 95 4780
14831 151 7589
15014 96 4833
14343 33 1681
14550 68 3423
14873 307 15393
15457 218 10947
17338 87 4399
14368 186 9330
15834 113 5679
17165 88 4424
15486 378 18918
16906 18 912
15801 54 2708
16839 130 6526
15901 276 13801
15479 126 6338
15794 219 10959
14907 14 711
14902 290 14535
16122 229 11491
17333 47 2394
15101 19 998
17260 71 3598
17451 115 5788
16094 522 26118
17418 7 376
17111 236 11838
17140 63 3191
15479 87 4376
17373 15 755
17109 28 1415
15917 489 24456
15589 109 5456
16603 17 890
15302 38 1937
15463 214 10714
17152 59 2987
14548 22 1140
15354 66 3308
14634 5 279
16891 139 6967
15580 30 1548
17356 50 2545
15392 104 5225
14907 61 3088
14643 72 3618
17073 12 622
16546 146 7346
14550 111 5562
17246 5 272
17427 11 562
16558 54 2744
15451 50 2539
15916 284 14239
14409 261 13071
14257 149 7455
15479 290 14539
14880 21 1074
17339 218 10910
14934 179 8952
15924 3 166
14338 1 53
16878 196 9810
14920 32 1606
14195 16 812
16196 111 5598
14259 21 1069
15223 48 2413
15398 324 16211
15262 84 4221
17449 17 886
16339 230 11550
15140 25 1253
15236 159 7952
14632 68 3427
14124 171 8589
14516 98 4938
14828 166 8341
14458 138 6907
15528 2 127
16329 14 727
14513 0 49
16835 197 9871
17488 176 8808
15155 4 211
17552 19 988
17019 85 4259
14336 87 4353
16711 147 7351
15271 17 864
15916 424 21228
14907 14 711
16310 138 6946
16562 9 494
15386 74 3729
14798 1 97
14545 33 1697
14654 180 9018
17339 254 12737
16843 208 10407
14257 43 2184
16769 122 6103
16310 315 15777
15397 233 11683
16161 40 2008
15302 28 1405
16006 96 4817
14243 95 4752
16358 55 2794
15689 295 14779
17556 77 3869
14270 215 10753
15118 120 6016
15316 132 6644
14653 71 3556
14280 19 962
16878 108 5446
14259 22 1119
14899 311 15593
15783 260 13010
15391 269 13499
16562 9 494
17043 48 2408
16041 269 13478
14925 172 8633
15348 81 4096
15246 172 8633
14368 0 25
14384 6 327
17469 93 4690
17247 14 707
17313 29 1480
17030 70 3512
14611 54 2725
14521 9 468
17132 524 26210
15491 253 12665
15361 60 3028
17414 137 6869
14425 99 4968
14716 42 2129
14664 210 10545
15172 23 1161
17224 53 2673
17251 52 2648
15243 107 5356
17439 22 1130
15870 182 9105
17390 48 2445
16517 12 644
14968 122 6102
15497 177 8871
15917 489 24478
17326 16 803
17141 14 702
14934 179 8952
17373 147 7370
16727 300 15035
14707 17 899
17563 69 3473
14911 127 6378
17267 63 3176
15264 27 1372
17344 102 5108
14899 124 6240
16060 164 8201
17353 39 1973
15528 0 5
17029 203 10155
15783 204 10247
15805 13 689
16076 147 7363
16685 165 8265
15915 198 9946
15834 52 2613
17324 92 4626
15432 29 1461
15890 24 1238
14375 140 7005
15875 333 16673
14553 52 2617
17333 110 5547
17095 41 2082
17218 17 860
14356 282 14124
14136 62 3136
17308 7 370
15403 23 1165
15353 116 5808
14758 169 8453
14383 39 1982
14384 6 327
17407 155 7789
14902 104 5244
14225 65 3261
15511 51 2585
15433 48 2420
15927 202 10139
15286 276 13842
14557 65 3272
15116 91 4554
15383 35 1798
16759 83 4158
16247 75 3764
15792 225 11261
15013 54 2724
14338 12 603
15697 21 1092
14453 133 6657
17308 7 370
16374 3 198
16901 108 5410
15774 90 4525
15916 65 3282
16073 131 6571
14807 98 4901
15231 109 5474
17087 389 19485
14641 138 6906
14284 9 463
17348 9 487
15397 97 4888
16714 175 8761
16125 8 408
14279 49 2457
15780 180 9020
17390 0 44
16817 239 11973
14427 8 426
14321 21 1051
16121 61 3089
17237 119 5981
15504 35 1770
17087 332 16620
17349 24 1231
15634 105 5265
14824 62 3134
17251 176 8819
15466 250 12550
16096 58 2917
16877 57 2883
15800 274 13749
15111 145 7288
15115 138 6921
15834 52 2613
17397 113 5693
14577 33 1679
14207 1 89
14625 43 2184
14886 141 7090
17208 231 11582
17140 19 960
17195 17 874
15282 101 5100
14775 26 1312
17426 27 1365
14734 127 6393
14793 115 5751
15446 39 1976
17100 84 4245
15634 22 1105
15403 175 8773
15677 194 9714
14884 217 10890
15181 3 165
16734 69 3452
15462 131 6558
17482 50 2525
16051 228 11426
16148 201 10057
14779 139 6952
15481 18 939
17508 71 3551
15464 208 10438
14228 19 984
16499 145 7260
14218 133 6671
15783 84 4233
15335 3 169
14938 107 5362
17478 127 6372
16209 294 14716
14924 17 895
14453 112 5639
17198 26 1302
17447 52 2649
15882 11 579
14187 96 4811
14712 244 12238
17534 8 429
17126 156 7801
14152 237 11874
17116 62 3112
17073 8 442
15463 361 18074
14136 70 3526
17459 214 10723
17461 6 338
15497 12 647
14642 86 4333
15330 20 1045
15318 74 3713
15862 279 13989
16889 89 4469
16818 71 3553
14473 8 413
16921 36 1812
16150 189 9467
14548 135 6793
17440 171 8562
15878 0 12
14643 122 6124
14940 3 188
15901 267 13351
14228 31 1600
15469 201 10090
15927 146 7311
14904 20 1031
14227 124 6219
14911 166 8337
15115 0 45
17073 82 4116
14903 275 13797
17469 43 2187
14902 104 5244
14368 181 9074
16867 229 11464
15458 137 6874
17132 390 19526
15491 36 1813
14245 60 3033
14641 201 10093
14611 205 10285
15822 18 943
14453 135 6786
15894 96 4847
15308 4 215
14942 42 2129
14392 106 5327
17316 20 1016
16760 21 1086
16858 101 5077
15902 489 24455
15701 276 13812
16921 36 1812
15353 45 2283
15514 157 7884
17398 192 9608
16096 73 3686
14436 31 1586
14418 129 6451
16283 82 4119
14884 146 7322
16148 119 5985
15713 244 12248
15589 188 9422
15122 194 9705
15882 7 400
15246 152 7632
14239 16 821
16119 516 25806
15677 191 9581
16112 473 23687
14191 120 6049
14316 27 1390
14195 16 812
14263 157 7881
17114 99 4987
17475 178 8911
14637 156 7847
16489 174 8708
15267 145 7265
15242 98 4916
15927 312 15650
14542 181 9084
17414 61 3054
17540 27 1352
14644 6 342
17334 12 640
14464 180 9013
16715 283 14151
16262 20 1035
17208 55 2752
14904 25 1251
14537 94 4743
15857 18 904
15944 18 920
15410 138 6922
15901 276 13801
17106 24 1217
14290 53 2699
14467 14 731
14475 27 1358
17458 36 1821
17415 71 3560
17136 19 961
14586 16 803
14418 183 9186
16279 23 1160
17116 0 2
14609 133 6675
16058 106 5339
15182 135 6795
14458 8 410
14870 82 4127
14445 38 1943
15266 42 2133
14384 6 327
17132 431 21594
14712 232 11614
15466 124 6234
15463 435 21758
15242 164 8205
14300 72 3630
14936 35 1759
14418 272 13650
17206 144 7216
15960 124 6206
17396 23 1179
17205 107 5378
15355 6 330
14934 143 7167
17248 324 16248
17360 16 841
17360 106 5328
16352 241 12072
15097 157 7875
17109 1 70
14446 13 677
14207 22 1106
14575 77 3865
15282 101 5100
17205 218 10936
16126 35 1784
14418 184 9244
14641 78 3932
15339 45 2285
14875 34 1748
16169 164 8224
17386 26 1346
14942 42 2129
14152 254 12714
14590 9 498
17355 34 1717
16845 381 19084
17152 129 6488
17152 78 3927
15328 88 4407
14942 24 1246
15156 58 2929
14707 17 899
17172 5 291
14372 102 5142
15463 313 15665
16051 81 4063
17194 22 1128
17451 277 13854
15486 3 161
15669 23 1176
14281 167 8358
17208 247 12369
15639 2 103
14598 42 2139
15713 218 10920
14316 5 271
14245 175 8781
14277 189 9470
15682 54 2701
16072 24 1246
14729 192 9610
17110 33 1670
17364 71 3557
17226 116 5836
16159 37 1856
17165 79 3980
14915 142 7111
17361 284 14218
14830 3 165
15639 159 7989
15801 445 22260
17560 149 7479
16769 92 4639
15294 35 1792
15479 78 3903
14989 43 2199
16119 537 26855
15183 36 1811
14136 45 2291
15774 90 4525
15436 201 10072
17383 478 23926
17194 13 688
14623 144 7230
14736 122 6109
14831 168 8421
17106 24 1217
15965 118 5910
15927 281 14069
14392 136 6810
16158 16 814
17114 69 3490
14475 11 597
14947 7 359
14812 208 10437
15463 6 301
14293 195 9787
15138 29 1478
16066 42 2120
14910 6 349
16118 124 6202
17131 228 11413
14801 110 5549
17447 52 2649
17533 100 5002
17250 76 3821
16038 198 9933
17097 11 551
15335 248 12438
15634 22 1105
15054 85 4296
16340 239 11983
15882 171 8583
15360 167 8392
14298 44 2217
16036 410 20510
14934 179 8952
17440 90 4524
15482 47 2361
15808 54 2746
14911 109 5475
17181 81 4062
15149 118 5942
14220 26 1315
15103 285 14268
15554 42 2141
14901 307 15387
14183 7 384
15013 120 6039
15641 1 77
15862 262 13109
14789 88 4449
14585 17 890
15978 24 1248
15172 49 2484
14458 8 410
16262 20 1035
17264 3 197
14131 16 837
17280 41 2085
16910 88 4402
16134 80 4035
14907 14 711
17427 11 562
16230 60 3038
15160 107 5362
16715 86 4340
15785 45 2283
15227 159 7981
15225 50 2522
17305 7 369
17388 17 851
17424 13 700
14467 300 15045
14798 72 3610
15780 170 8511
16011 115 5777
15335 143 7200
14134 15 782
15266 20 1016
17361 255 12751
17131 141 7059
17334 26 1302
15161 106 5336
15047 17 877
15417 21 1061
15410 128 6410
15425 205 10282
14438 154 7725
17137 35 1751
15504 203 10185
14446 29 1479
15151 96 4819
15422 82 4120
15322 32 1624
17196 7 393
14218 199 9992
15078 15 785
17358 22 1124
15904 25 1296
17308 115 5779
17073 147 7356
17254 0 9
17333 20 1045
17383 113 5695
14772 283 14158
15124 1 68
17458 161 8076
16310 315 15777
14910 51 2554
16676 256 12823
17100 53 2686
17248 258 12949
15355 26 1307
16158 519 25984
14223 49 2456
17389 57 2887
15603 77 3869
17497 105 5296
14363 243 12151
16764 39 1989
14369 163 8162
14280 19 962
15436 342 17144
14824 311 15588
15086 12 635
15114 31 1557
14607 182 9150
15010 8 438
16499 96 4814
15416 99 4980
14729 51 2587
14976 147 7367
14947 4 209
17497 227 11390
14329 253 12687
14172 35 1752
14876 67 3398
14746 63 3180
16906 18 945
17269 163 8191
17100 77 3867
15659 0 45
16787 59 2994
14316 5 271
17056 184 9207
15799 268 13442
16802 19 975
14553 52 2617
16096 58 2917
14664 117 5887
15656 96 4822
16148 119 5985
15431 57 2862
15771 18 923
15425 150 7509
16267 108 5402
17165 101 5093
17458 36 1821
15590 242 12133
15902 381 19094
14467 286 14339
17271 181 9070
17232 32 1614
16188 200 10023
17472 12 612
17198 81 4066
14537 9 476
14807 221 11081
14274 100 5032
15851 7 352
17082 30 1508
17341 93 4654
14609 299 14978
14408 38 1936
15160 187 9362
14452 1 87
15981 18 904
15309 38 1908
16325 37 1862
17174 25 1262
15473 19 977
17019 85 4259
16172 315 15775
16152 86 4335
15182 135 6795
17560 82 4140
14537 9 476
17156 82 4107
17396 23 1179
14152 164 8249
14948 262 13136
14436 186 9305
15302 31 1584
14991 12 633
15639 78 3931
14590 13 678
14771 225 11269
17100 114 5711
14250 14 722
17078 30 1528
15710 39 1965
17311 4 231
14293 192 9637
14191 40 2007
15491 54 2728
14934 179 8952
17165 101 5093
17545 51 2579
15676 16 821
14245 60 3033
14541 174 8737
15383 254 12733
17229 18 933
15882 103 5160
15162 111 5595
14789 148 7438
17081 8 432
17090 51 2589
15457 93 4668
15106 206 10334
14768 133 6690
15161 135 6752
16835 5 279
17170 36 1811
15361 73 3687
14488 7 369
15807 13 673
14343 153 7698
17361 146 7329
14662 106 5333
15010 8 438
15677 149 7490
16923 77 3886
16527 95 4780
17226 62 3114
15828 488 24408
15528 318 15908
17257 82 4122
15432 128 6424
17394 176 8817
15312 40 2009
14559 295 14781
15436 342 17144
16818 102 5135
17312 156 7805
15715 64 3241
15463 435 21758
17121 5 279
15410 104 5245
17398 50 2535
15264 97 4858
17156 50 2508
16022 113 5693
15234 128 6427
17100 208 10417
17137 216 10821
14356 282 14124
14551 268 13417
16495 76 3838
15463 151 7578
17282 49 2458
15129 21 1077
14306 210 10533
17043 48 2408
15430 82 4138
15528 318 15908
14367 181 9074
14870 296 14823
16112 17 887
16978 441 22078
17559 78 3950
15466 87 4388
15502 87 4372
14376 92 4634
