6957 211 10591
5729 126 6347
6932 137 6853
6028 37 1875
6829 166 8344
6157 78 3945
5102 67 3359
6558 91 4590
6828 88 4438
6502 81 4081
6697 118 5925
5034 14 719
6494 32 1613
6827 151 7599
6304 90 4544
6462 71 3572
6561 12 642
6779 107 5387
6998 193 9665
4967 14 725
6030 0 39
6219 140 7008
6840 71 3576
6981 70 3534
6571 13 690
6192 64 3226
6300 155 7762
6853 141 7085
6810 66 3327
6789 128 6428
6301 51 2562
5171 57 2887
6198 127 6375
5892 4 210
6527 40 2019
6374 22 1119
5207 9 492
5211 101 5071
6829 107 5395
6480 50 2539
5921 108 5447
6506 4 237
6058 104 5214
6340 40 2044
6697 62 3128
5977 123 6180
5710 16 823
6979 110 5523
5990 35 1764
6861 160 8032
5834 130 6539
6058 202 10115
6763 15 751
6975 184 9245
6517 4 220
5124 22 1128
5567 13 662
6756 70 3507
6760 1 59
6017 9 492
5858 0 36
4971 0 11
6217 76 3823
6787 93 4659
6190 10 505
5154 79 3967
6773 189 9498
6360 67 3362
6083 36 1848
5849 15 757
6092 27 1356
5337 41 2097
6332 14 748
5111 29 1460
6785 44 2242
6930 36 1847
6425 24 1212
5191 10 550
6369 100 5015
5709 108 5413
6969 189 9473
6811 164 8238
5512 107 5385
5540 32 1632
5154 91 4581
6854 112 5628
6775 10 526
6314 1 56
5604 44 2238
6933 45 2293
5155 46 2337
5512 12 642
6663 205 10260
6482 5 298
6947 59 2982
6213 9 489
6658 13 657
5191 51 2556
5090 89 4463
5643 51 2582
6609 67 3372
6571 58 2936
6482 67 3396
6559 74 3734
5002 22 1128
6080 108 5427
5361 67 3385
6888 168 8433
6916 189 9455
6630 79 3972
6494 32 1613
5858 12 621
5437 105 5260
5835 186 9334
5093 68 3444
6599 58 2928
4961 11 585
5948 59 2978
6879 136 6838
6957 93 4671
6506 79 3957
6861 160 8039
6855 104 5216
6837 151 7596
6801 178 8930
6800 84 4234
6461 85 4281
6608 49 2499
6023 38 1931
6377 52 2608
5364 31 1551
6901 79 3971
5836 97 4881
6417 32 1641
6478 6 325
6205 5 261
6697 118 5925
6908 160 8013
6420 35 1782
6752 105 5258
6634 157 7883
6379 91 4587
6205 95 4795
6074 72 3641
6429 154 7739
5588 107 5365
5099 65 3257
6989 109 5479
5541 127 6361
6571 27 1364
6907 27 1380
5397 52 2638
5106 81 4054
5233 1 63
6566 76 3841
6963 102 5103
5092 5 299
6782 23 1155
6663 11 573
6658 61 3084
6907 82 4136
6044 6 304
6544 156 7848
5975 4 239
6336 140 7032
6487 82 4137
5269 23 1151
6773 236 11828
5605 101 5093
6959 9 491
5157 18 915
5929 109 5485
6888 78 3947
6615 127 6362
5341 57 2865
5842 26 1339
5947 129 6498
6814 29 1500
6614 141 7082
5752 47 2396
5403 7 392
5822 20 1012
5938 25 1295
6600 69 3489
6457 46 2318
6783 177 8900
6501 45 2292
5029 136 6846
6487 104 5233
6091 163 8177
6689 139 6956
5720 15 756
6980 38 1934
6749 148 7425
6396 1 92
6786 24 1235
6748 93 4663
5181 25 1292
6327 50 2546
5915 101 5069
5836 97 4881
6308 34 1741
6761 53 2684
6497 74 3731
6859 119 5980
5521 63 3176
5359 0 21
6959 93 4656
5808 101 5056
6489 25 1257
6881 35 1774
5512 105 5296
5432 2 134
6981 70 3534
6854 70 3528
6960 167 8353
5616 185 9252
6981 127 6356
6765 154 7702
6853 130 6501
6508 61 3100
6213 9 489
6115 4 202
6780 74 3748
6192 64 3226
5512 105 5296
6318 99 4971
5943 4 243
6828 128 6415
6527 111 5582
6336 140 7032
6298 29 1497
6801 113 5664
5025 102 5106
5384 191 9556
6780 203 10183
4971 163 8178
6195 53 2657
5337 49 2491
6553 33 1655
6835 3 166
6692 144 7209
6839 9 485
4971 37 1871
6348 43 2153
5604 63 3191
5935 15 751
6934 183 9166
6303 3 184
5061 29 1454
6837 143 7154
6507 92 4640
6562 103 5162
4986 32 1645
6561 12 642
6934 80 4025
6932 128 6446
6046 63 3193
6777 180 9017
5777 11 594
6836 36 1827
5340 48 2427
5850 122 6131
5959 36 1825
5767 63 3161
5840 28 1408
6527 143 7167
6659 27 1356
6980 38 1934
6806 8 419
6417 81 4051
6780 78 3947
5706 33 1674
6379 112 5640
6050 42 2138
5025 64 3235
6314 130 6522
6977 25 1284
5386 188 9440
6043 138 6922
5723 6 342
5397 123 6197
6592 166 8302
6773 52 2602
5858 0 41
6853 76 3824
6647 69 3480
6583 97 4874
6377 52 2608
5731 12 646
6552 44 2202
6323 38 1935
6813 34 1721
5593 60 3001
6340 48 2444
5585 52 2628
6507 7 391
6874 46 2314
6501 8 417
5505 13 688
5840 28 1408
5709 113 5683
5013 114 5728
6861 21 1079
5767 64 3204
5515 160 8010
5194 14 742
6777 47 2393
6031 17 868
5341 28 1438
5564 131 6582
6336 166 8328
5459 160 8004
6083 36 1848
6058 23 1172
6588 17 872
6949 45 2256
6937 62 3118
5752 42 2149
5532 85 4281
6282 7 386
6123 123 6197
5411 68 3447
5333 87 4371
5435 4 223
6402 50 2549
6782 23 1155
6916 86 4347
6811 189 9474
6859 122 6143
6752 83 4181
6688 36 1850
6004 54 2740
5187 103 5181
6971 8 402
6574 7 358
6800 123 6197
5622 13 652
6680 39 1977
5497 28 1446
6546 18 910
4981 23 1170
5822 31 1583
6828 58 2937
6591 175 8788
6893 59 2971
6861 234 11729
5891 144 7228
6058 189 9458
6406 106 5328
5848 59 2993
6427 124 6204
6313 65 3257
6981 70 3534
6493 79 3982
5361 68 3445
6798 197 9873
6628 4 245
6785 191 9555
6690 97 4858
5497 47 2390
6505 1 89
5229 33 1695
6952 95 4795
6505 4 220
6332 66 3328
6159 5 287
6551 13 681
4969 122 6106
6497 145 7299
5720 15 756
5191 104 5202
5546 9 489
6148 13 683
6508 52 2623
5915 101 5069
6653 92 4626
5201 77 3862
6901 190 9518
6827 67 3357
5103 24 1203
6908 204 10227
6631 86 4329
5495 22 1132
5570 0 33
5561 118 5901
6599 103 5194
6192 46 2336
6932 128 6446
6946 15 793
5208 3 195
6407 18 937
6608 49 2499
5947 176 8813
6144 36 1839
5767 76 3848
6046 143 7152
6828 166 8329
6073 106 5307
5061 95 4800
6540 61 3084
6572 136 6834
5164 36 1845
5618 33 1700
5404 15 790
5519 142 7134
6298 183 9175
5977 178 8943
5840 1 53
6199 165 8271
6776 56 2840
6439 74 3741
6795 26 1339
6934 102 5101
6493 116 5817
5729 41 2083
6552 81 4098
5455 53 2656
6980 11 600
6213 2 133
6468 85 4285
6590 11 574
5280 140 7006
5207 114 5727
5935 15 751
4957 18 945
6663 46 2350
4962 93 4659
6544 131 6587
6780 14 705
6105 25 1258
5386 172 8630
6542 21 1086
6506 187 9373
6594 50 2506
5921 108 5447
6304 77 3852
6224 1 71
6798 56 2848
6955 179 8990
6829 162 8114
6467 60 3021
5086 26 1305
6527 26 1306
6653 92 4626
6902 50 2544
6637 29 1477
6619 47 2352
6954 55 2772
6123 11 582
5630 35 1777
5745 6 301
6955 188 9424
5455 72 3644
6197 9 473
5154 91 4581
6894 39 1999
6901 45 2270
6441 78 3936
5532 85 4281
6797 71 3591
6861 31 1570
6991 193 9686
6856 30 1507
5093 31 1563
6639 55 2774
6813 223 11165
6100 161 8064
6092 92 4634
6763 173 8652
6311 8 447
5822 20 1012
6318 144 7219
5513 18 921
6362 106 5305
5339 64 3240
5654 21 1094
5093 132 6645
6569 15 752
6901 47 2388
6340 20 1027
6902 44 2223
5021 66 3317
6154 33 1660
6663 249 12452
5959 31 1568
6162 20 1036
5702 11 597
6888 185 9265
5359 0 21
5211 101 5071
6839 10 519
6882 89 4491
6421 8 418
6565 162 8101
5441 73 3695
6855 147 7355
6591 1 82
6907 27 1380
6569 15 752
4967 43 2163
6879 8 437
6148 37 1881
6881 36 1817
6639 23 1171
6642 106 5321
6687 132 6622
6100 147 7386
5839 38 1910
5337 122 6129
6837 146 7327
6339 121 6070
6608 65 3282
6978 90 4548
5557 30 1507
6342 86 4322
6022 178 8921
5896 19 954
5519 120 6019
5340 45 2280
5959 30 1527
5512 14 720
6180 39 2000
6552 43 2184
6975 136 6829
6784 22 1115
6881 19 961
5455 60 3022
6507 131 6578
6917 73 3696
5979 140 7034
5515 105 5261
6140 74 3734
5216 2 121
6669 84 4240
6829 179 8954
6095 6 339
6829 75 3783
6880 21 1090
5277 25 1299
6571 40 2005
6219 140 7008
6330 27 1383
6625 37 1898
6951 19 988
6205 9 480
5223 18 932
6300 190 9516
5767 213 10700
6577 68 3411
6980 88 4415
6854 70 3528
6502 74 3712
6224 107 5371
5725 17 864
6800 213 10655
6956 72 3618
6626 32 1606
6320 74 3717
6634 149 7495
6064 6 342
6811 73 3683
6749 20 1016
6572 142 7135
5337 5 287
6749 227 11394
5761 2 144
5092 125 6294
5705 16 813
6888 88 4438
6800 190 9523
6572 30 1510
5071 33 1653
5337 122 6129
6544 11 589
5847 23 1189
6591 65 3284
6298 169 8500
5409 12 639
6488 24 1207
6426 183 9174
6506 99 4962
6299 2 138
5767 63 3161
6675 0 37
6854 50 2534
6769 135 6797
6634 97 4853
6915 154 7738
6959 63 3173
6894 39 1999
6977 70 3522
5996 32 1648
5399 47 2371
6952 93 4675
5605 101 5093
6812 14 750
6549 34 1717
5853 404 20225
6798 41 2097
6168 178 8924
6756 70 3507
6800 113 5655
5470 26 1329
6551 3 196
6647 97 4860
6339 10 502
6932 230 11505
6533 113 5687
5157 48 2449
4967 43 2163
6936 215 10798
6426 120 6049
6670 38 1914
5101 2 148
6921 84 4202
6655 20 1030
5854 97 4887
6508 52 2623
6369 4 201
6797 43 2176
6157 89 4459
6358 25 1252
5762 39 1995
6952 203 10194
6407 55 2766
6619 12 642
6103 74 3715
