18784 26 1324
16809 230 11506
16884 34 1713
14369 20 1030
14172 43 2157
16021 79 3975
18228 85 4286
17407 174 8702
16006 234 11741
18005 34 1748
15901 352 17649
15061 219 10988
15339 188 9443
16095 96 4816
15402 120 6035
15151 312 15626
15166 338 16950
15309 18 922
14367 145 7273
17871 244 12242
14592 15 765
14877 53 2672
16828 44 2213
17132 493 24663
14147 30 1549
15392 61 3053
17407 0 17
16258 8 448
14021 251 12553
14101 54 2715
18929 167 8380
18779 18 908
17655 95 4779
13982 127 6370
15713 80 4018
18215 16 806
15778 53 2682
15416 32 1629
14047 134 6718
17633 69 3497
15492 43 2193
18235 40 2019
16090 59 2999
14626 64 3212
18953 405 20281
15900 165 8260
14990 170 8517
17780 17 857
14716 30 1507
16913 33 1685
15106 88 4435
15419 5 287
18951 309 15459
14626 47 2377
13709 84 4239
14186 154 7706
16340 14 708
18922 191 9588
14148 9 453
14431 116 5838
17686 338 16927
14559 51 2598
16196 163 8188
14980 44 2220
15147 88 4429
14148 16 802
16067 97 4887
15466 272 13607
18059 69 3486
14768 24 1227
18685 250 12537
18226 168 8419
17847 249 12457
15392 23 1156
18526 72 3602
17057 104 5245
17866 33 1680
14470 4 216
17700 36 1811
14569 50 2526
17400 9 474
14277 205 10260
16118 77 3887
14324 32 1624
14955 161 8075
17459 213 10683
16894 199 9952
18781 94 4705
16845 247 12363
14942 279 13994
17140 5 261
15588 32 1640
14537 111 5589
16426 28 1429
18032 445 22254
14572 25 1292
14107 55 2798
14375 90 4504
14801 291 14580
15877 266 13345
15502 142 7131
14377 252 12607
15863 57 2885
14677 62 3142
15464 200 10006
14715 55 2776
15969 373 18690
15417 8 401
17847 317 15890
17349 96 4844
13790 42 2114
14272 78 3931
17560 166 8320
16466 100 5016
17961 1 82
17620 34 1740
14453 88 4410
14774 304 15227
18574 292 14620
15805 22 1143
14290 49 2477
14068 217 10865
17744 75 3771
16499 355 17764
15153 138 6905
16782 31 1576
16906 26 1319
13928 113 5653
17468 11 578
13807 69 3470
14785 27 1393
18574 377 18869
16741 162 8107
17693 357 17882
16117 81 4074
18492 153 7663
15391 272 13602
14363 120 6041
14456 63 3176
17245 19 956
16298 82 4135
15677 78 3925
16588 39 1992
14367 157 7858
18781 116 5829
16272 105 5271
14455 108 5403
14888 186 9347
16006 268 13418
17692 14 711
14245 145 7267
15128 193 9681
17851 294 14729
16875 67 3393
14556 8 424
17213 15 761
17237 249 12487
17849 251 12559
17309 14 730
17033 84 4249
17560 110 5516
15923 302 15133
18794 105 5286
17488 33 1678
18257 32 1602
15287 26 1347
14290 65 3288
14524 6 321
14058 104 5220
15676 126 6307
17633 28 1434
15017 179 8997
17100 7 370
18233 332 16609
14445 96 4824
13940 47 2363
14468 27 1378
15330 81 4065
14163 36 1848
15511 62 3129
17337 18 927
17132 493 24663
16243 167 8394
13714 71 3556
14363 47 2372
15116 194 9701
14053 84 4236
14367 187 9356
15140 8 433
16312 307 15363
14569 173 8691
16036 112 5621
18261 24 1217
17596 26 1347
17250 118 5949
16571 46 2331
18922 617 30896
14290 9 484
18044 535 26780
15416 32 1629
15279 57 2898
13954 7 388
15692 42 2148
15965 463 23161
16006 460 23042
17314 43 2157
14621 81 4091
13764 250 12509
14068 236 11824
17172 68 3405
14634 168 8447
14746 181 9088
14548 120 6036
17240 455 22795
17067 51 2563
17065 170 8525
15528 99 4971
15913 11 555
17343 55 2781
16169 188 9448
14921 54 2731
16841 93 4675
17572 17 883
18220 15 768
17391 49 2477
16121 9 463
17429 15 769
14020 98 4944
14431 16 818
14336 13 694
18676 431 21571
17644 36 1837
14007 77 3895
14959 47 2361
13736 64 3233
17669 32 1648
15720 9 456
17678 61 3066
16583 304 15242
18665 159 7986
14408 5 292
14938 207 10380
15946 42 2135
14300 26 1349
18740 4 222
14392 52 2606
14368 135 6756
17366 34 1719
15801 252 12622
15383 138 6915
17210 54 2723
16741 506 25320
17210 246 12302
16584 48 2449
15328 139 6996
16207 51 2600
15491 116 5819
15115 25 1294
14891 134 6742
17582 18 930
16807 76 3840
14427 207 10377
15411 133 6661
17349 95 4799
14177 55 2770
14105 21 1091
18911 109 5485
16326 94 4746
18244 149 7478
14741 134 6710
15803 87 4386
18272 42 2128
17120 25 1295
18754 220 11022
17727 0 24
16228 277 13856
14774 102 5103
17132 432 21635
17002 65 3294
14147 30 1518
17088 15 780
15301 4 211
17662 110 5531
16894 158 7902
16095 415 20776
14332 8 409
17631 9 485
16499 112 5624
18918 5 274
15124 60 3041
14617 76 3821
17471 57 2854
17009 17 890
18233 279 13961
14455 96 4813
16006 268 13418
16188 0 36
15915 213 10686
17985 383 19162
15499 66 3344
14626 223 11179
18044 275 13757
18245 67 3396
14452 7 364
18005 34 1732
18615 118 5938
16807 108 5445
18492 331 16562
15861 79 3985
14185 13 691
16935 297 14893
13950 207 10371
17389 100 5010
15279 57 2874
17182 16 825
17630 29 1468
14129 31 1555
14569 173 8695
18676 431 21583
18645 87 4394
14377 283 14164
14617 76 3821
15491 0 36
16158 406 20318
15236 87 4376
17157 2 138
15449 110 5547
15147 1 63
15915 465 23293
14899 279 13954
15392 23 1191
15785 99 4971
18704 42 2142
13764 250 12539
16741 168 8408
15834 195 9754
15715 127 6373
15002 30 1534
14172 43 2157
17695 82 4106
14259 232 11649
15147 88 4431
16468 169 8466
17871 163 8165
13791 101 5074
16532 20 1037
15715 165 8299
14185 27 1375
13701 215 10785
17990 411 20553
14394 45 2300
15640 11 593
17162 174 8747
14806 61 3074
18701 236 11837
15019 0 33
14878 72 3640
15923 95 4788
18228 116 5810
15397 93 4688
17652 58 2903
18603 274 13726
14300 60 3021
16243 161 8085
17410 18 930
14129 10 536
16067 146 7326
14559 270 13510
15383 175 8756
17144 183 9185
14274 187 9354
16878 76 3802
14269 160 8033
17313 2 129
15590 322 16111
14377 271 13555
14818 22 1108
15966 343 17200
14901 234 11731
14542 89 4470
14626 235 11787
17572 35 1761
14157 51 2583
17380 46 2301
17849 184 9248
18482 27 1393
15318 183 9160
14694 7 367
15713 80 4018
13791 101 5074
14428 125 6299
15859 253 12652
17302 110 5530
14557 163 8165
15497 36 1832
16147 385 19289
15634 93 4674
15676 215 10771
13732 15 773
14644 149 7459
17009 17 892
18770 11 588
17517 313 15700
15987 453 22677
18747 1 64
14987 22 1107
15954 36 1839
18752 565 28290
14760 40 2018
15115 25 1289
16227 135 6773
15335 222 11134
13709 175 8753
14302 7 375
14831 33 1658
15115 147 7381
14878 28 1402
13985 0 33
16894 22 1134
16889 255 12790
17383 386 19314
14785 27 1393
13861 25 1283
13977 70 3546
18644 44 2230
17566 221 11053
13793 295 14790
17213 15 761
15449 110 5547
15554 241 12065
18054 185 9282
16299 18 936
14053 23 1181
13792 140 7043
18699 267 13380
17100 232 11615
15002 55 2800
18470 16 847
14664 206 10317
15677 78 3949
17132 152 7639
13945 111 5593
14725 7 358
14101 54 2715
17665 7 375
17239 232 11616
15634 33 1667
15491 95 4775
14749 104 5207
16141 248 12443
14881 96 4833
14782 143 7180
14621 73 3673
13774 107 5362
16453 380 19040
17158 70 3537
15915 465 23293
13954 55 2775
16331 33 1686
16555 110 5503
14058 151 7575
17524 170 8533
17070 266 13318
16680 22 1130
16052 97 4888
15445 6 321
16818 49 2488
14626 223 11165
16310 278 13916
17009 17 872
17663 60 3008
14020 196 9818
17847 167 8369
14607 175 8764
14066 55 2772
15901 356 17806
17383 472 23638
18044 214 10713
14774 127 6381
16432 87 4381
17079 1 71
18911 130 6508
17963 67 3400
17566 195 9752
14009 87 4373
14243 140 7016
14697 37 1868
18957 122 6131
16036 168 8445
14890 130 6513
17238 14 738
18215 16 805
14148 9 453
14790 6 340
14306 194 9709
18665 16 805
15677 24 1208
14369 160 8018
15785 175 8774
15416 6 346
16090 202 10144
17100 129 6483
16949 488 24436
15918 6 343
17056 158 7913
18272 55 2766
15464 167 8368
13940 106 5335
17128 85 4297
14111 38 1907
14870 245 12252
17471 57 2880
18701 280 14018
17022 2 148
17871 303 15174
13861 36 1825
17128 31 1600
18644 142 7131
15722 88 4447
15792 175 8790
15946 9 473
18676 155 7800
17197 12 609
14592 44 2212
16158 506 25328
16096 56 2808
15587 27 1393
14418 34 1729
15900 174 8739
15445 1 99
14592 44 2218
14915 89 4460
18245 171 8557
14610 27 1372
14553 78 3948
15301 108 5413
17122 155 7773
18492 552 27623
17401 41 2094
18257 31 1568
16299 27 1356
14891 54 2714
14716 102 5124
17566 118 5936
15328 193 9679
15965 463 23176
15236 87 4373
15328 116 5811
15590 403 20187
15715 165 8293
15882 166 8302
15987 248 12438
18032 298 14922
15392 69 3487
15966 343 17162
16038 430 21518
14764 73 3661
18948 53 2655
18526 89 4469
13923 178 8948
16389 37 1864
17429 25 1251
16588 199 9962
17592 167 8370
14074 17 873
17667 120 6031
18226 203 10156
14047 115 5769
14079 78 3918
18644 239 11995
18258 117 5874
15930 519 25979
14770 138 6945
16105 30 1530
15935 148 7415
16161 84 4206
17675 78 3904
16090 202 10118
15590 1 77
18492 320 16011
17119 13 665
17088 5 268
17303 87 4356
15251 5 255
17620 10 531
17401 19 972
15762 243 12151
15882 136 6813
14721 116 5805
18497 291 14594
13945 295 14753
13940 28 1439
14641 59 2964
17992 48 2402
17655 95 4770
15236 87 4398
17095 127 6392
15491 116 5819
14020 4 216
16051 100 5017
17157 59 2985
16403 1 58
14379 86 4333
17005 257 12864
14537 118 5927
15785 167 8391
14453 40 2021
17389 23 1168
15017 96 4841
18773 20 1043
13950 235 11799
18031 73 3696
15955 56 2841
17400 121 6072
17861 173 8697
14537 120 6022
16875 4 216
14453 88 4410
18644 94 4712
15348 129 6488
15261 5 294
15969 83 4175
18643 57 2886
14805 53 2661
15383 175 8756
16186 329 16453
15499 76 3848
18921 2 125
14367 187 9365
16281 0 15
17557 168 8410
15482 169 8477
14527 129 6474
18489 100 5008
18059 69 3486
14058 151 7575
15122 217 10854
18235 262 13121
15834 195 9754
18665 159 7986
17131 175 8762
18032 258 12916
15383 283 14158
14707 55 2761
14623 240 12029
17240 273 13662
14056 18 938
17865 318 15919
15291 307 15353
13802 14 746
14058 104 5236
17237 79 3962
18574 91 4590
14263 291 14594
15923 343 17189
18923 72 3603
14790 197 9865
14452 44 2230
17700 75 3769
13950 165 8265
14641 59 2964
13742 22 1102
14556 8 424
17700 32 1638
14342 68 3448
18233 128 6412
14774 44 2242
18954 138 6927
18619 41 2054
18574 91 4600
13776 26 1308
18701 34 1741
16858 80 4002
14047 33 1695
14218 147 7399
17349 101 5086
14569 175 8763
14157 175 8758
15469 75 3770
14107 48 2428
17692 108 5441
18752 474 23712
14129 30 1515
14313 158 7945
13736 115 5784
15160 82 4147
15715 105 5273
14527 129 6453
18794 105 5286
14644 149 7459
14177 50 2505
17644 36 1837
17524 82 4130
16267 49 2471
16520 117 5890
15002 30 1506
15484 306 15313
17413 359 17962
14771 244 12247
17070 286 14325
16090 89 4453
17865 375 18777
16526 51 2571
17631 87 4398
14245 63 3191
16188 214 10712
16845 438 21934
17139 228 11420
16942 220 11039
14774 279 13976
18603 93 4672
17985 237 11875
15291 178 8909
14263 111 5558
14774 127 6381
17974 285 14269
16013 49 2477
15946 42 2135
17783 162 8116
14556 156 7838
13791 151 7565
14782 16 812
16147 164 8217
16063 152 7607
15913 58 2903
13809 179 8957
15969 373 18661
15933 229 11494
17065 94 4735
13789 153 7656
14216 31 1568
18643 49 2470
17985 396 19808
16489 164 8241
14300 26 1309
15160 73 3682
14785 56 2827
16458 85 4269
14664 215 10788
15222 162 8102
16542 29 1462
17744 73 3695
17655 95 4794
18953 140 7041
16092 66 3337
15249 136 6833
15392 73 3662
14782 20 1001
18235 83 4151
16466 11 557
17070 208 10425
15901 287 14351
17387 20 1049
18574 191 9552
17100 135 6753
15701 258 12944
14741 2 129
18717 96 4823
14900 12 604
17771 26 1329
17197 3 185
16466 11 592
14053 132 6618
15966 20 1029
17132 383 19165
16272 105 5271
16818 30 1550
16250 95 4795
16209 179 8960
17075 117 5867
17172 68 3438
18665 16 828
17132 383 19168
17100 129 6469
17331 11 584
15294 105 5287
14020 196 9803
16289 12 632
16446 68 3410
15447 50 2505
14697 71 3596
15004 23 1194
15422 105 5266
13982 17 888
14290 2 118
14185 12 610
15689 291 14574
15590 324 16240
14900 44 2247
15463 250 12539
14955 26 1335
18709 77 3898
14066 55 2785
17361 321 16082
17557 13 655
18244 200 10019
16458 199 9983
17169 231 11585
15504 80 4017
14060 32 1628
16357 8 410
16378 195 9757
17582 18 930
14938 177 8883
16022 443 22177
17197 18 948
15130 1 90
18005 34 1732
14891 112 5621
16060 6 314
16219 316 15812
17398 8 420
14361 30 1518
18574 191 9566
15391 272 13606
14772 260 13002
18748 86 4325
16506 191 9592
13728 137 6861
13911 1 97
16921 196 9810
17488 73 3682
18272 55 2796
18035 171 8564
18059 141 7093
15930 498 24908
15633 27 1386
17670 47 2377
16785 31 1551
14107 48 2428
15328 85 4273
17371 110 5508
16092 109 5494
18492 240 12025
15491 0 40
17312 191 9566
14379 204 10249
15834 25 1298
15477 20 1042
17830 41 2095
14464 85 4296
14870 76 3833
15909 168 8438
14186 154 7706
14790 118 5947
17457 165 8290
18024 525 26258
14300 26 1309
15291 137 6879
15396 20 1035
13774 45 2295
18948 39 1972
18701 280 14006
14049 116 5824
14453 132 6617
18253 177 8893
13789 182 9104
17692 14 711
13776 26 1308
15464 255 12767
17874 88 4440
15391 292 14631
17620 194 9713
14569 163 8157
16446 259 12967
15324 3 186
18489 100 5008
16331 33 1686
13923 28 1416
15392 125 6290
18235 214 10742
17661 4 247
14763 38 1950
18685 250 12537
17667 180 9041
17022 10 536
15411 133 6661
17380 53 2682
17700 53 2677
14224 64 3233
14088 29 1492
17457 11 552
15946 42 2120
14302 19 997
15152 21 1057
14741 57 2860
14891 221 11085
14293 157 7862
16584 67 3355
14431 83 4163
14121 221 11063
17678 22 1104
15151 10 502
14053 47 2360
14121 221 11063
17535 103 5180
15946 9 473
18907 4 214
17302 105 5274
15713 80 4018
17312 258 12934
16809 160 8004
17871 312 15612
15236 40 2031
18795 236 11823
17309 14 730
17128 3 152
18740 78 3931
14369 51 2575
17974 60 3037
18748 86 4325
17067 54 2741
17986 194 9709
14074 23 1169
15309 18 922
14093 106 5331
14782 20 1001
14942 215 10782
17849 14 720
18039 51 2574
13762 59 2979
16036 410 20527
14831 33 1699
13940 123 6173
15774 465 23252
14259 114 5724
15402 41 2069
18623 81 4092
15469 240 12049
17095 2 126
15633 4 201
17119 41 2059
16588 199 9962
16021 95 4786
15295 68 3406
17484 262 13110
17655 50 2527
15909 195 9761
14556 156 7802
17383 152 7638
17057 104 5245
18226 57 2851
15116 194 9719
15222 155 7775
18233 279 13962
14302 11 556
17349 101 5072
16426 7 381
15251 7 374
14058 104 5240
16040 28 1427
14379 86 4333
14686 16 801
17499 9 464
13809 153 7684
15913 52 2623
14014 5 291
17566 25 1280
17048 9 474
14940 282 14101
16286 31 1590
15948 17 856
18704 42 2142
18685 330 16518
17723 11 587
15913 53 2679
15930 498 24908
16828 31 1590
17532 10 542
13728 137 6861
14030 52 2632
14891 134 6733
14785 56 2810
16426 44 2207
15777 65 3282
17100 152 7626
14664 207 10367
18492 217 10897
17220 42 2134
16158 367 18371
17048 99 4981
15160 267 13370
15785 272 13638
15116 12 603
15236 87 4399
17448 92 4608
15392 73 3653
15701 258 12944
15909 195 9789
17861 300 15021
13701 76 3849
14475 27 1369
17488 253 12661
17963 54 2708
16063 32 1607
14697 71 3564
17352 152 7650
14020 183 9195
15151 130 6541
14617 76 3842
17324 100 5003
14748 177 8895
14224 49 2489
18603 259 12980
14185 2 137
14409 124 6211
14559 51 2592
18218 76 3818
14924 41 2096
14890 75 3752
18921 2 125
15966 83 4192
17865 402 20147
18743 112 5636
17524 164 8247
17383 386 19347
14074 23 1169
16036 168 8445
14524 9 458
15318 183 9184
15061 51 2574
17872 62 3132
15987 460 23047
18690 73 3698
14626 172 8620
14293 6 312
15251 167 8383
17139 132 6610
13714 158 7929
14572 25 1296
14020 98 4920
14551 24 1206
16845 247 12363
18492 505 25295
14068 233 11675
17333 178 8936
14592 19 975
17327 5 289
15935 145 7256
18666 9 499
14105 128 6429
14274 96 4837
15348 129 6488
13780 150 7501
15407 338 16935
14572 20 1034
17974 261 13091
15061 62 3139
17282 77 3899
14095 52 2631
14060 70 3515
14729 86 4321
14172 24 1246
15930 367 18355
16102 11 552
15222 19 966
17125 126 6312
17349 96 4844
14912 202 10133
15715 105 5273
14551 8 407
17111 19 981
18577 161 8096
17846 59 2961
14592 15 761
16186 329 16481
14067 97 4852
14782 119 5968
16227 251 12568
18615 118 5912
14450 262 13111
14721 174 8730
16588 39 1998
15494 21 1068
18283 78 3917
14592 60 3035
15801 120 6022
18526 87 4367
13977 70 3537
15965 267 13384
18257 28 1425
15774 465 23293
15115 3 177
14597 162 8137
18516 76 3817
17488 298 14923
16828 35 1786
18516 76 3821
14993 94 4726
16532 13 682
15961 204 10204
14740 48 2413
14774 304 15227
15383 283 14158
17009 10 529
17303 85 4295
18497 316 15840
18215 16 806
17366 11 600
17678 61 3055
17847 314 15723
18685 221 11065
17847 317 15883
16676 10 514
16446 265 13256
16161 9 460
18228 58 2938
18603 166 8342
16744 27 1390
15590 421 21054
16947 1 66
15783 308 15444
18779 261 13074
14105 128 6429
18619 133 6692
14938 39 1964
15676 215 10771
17065 170 8525
15960 522 26123
17206 197 9896
14186 154 7735
15801 395 19794
13940 49 2483
18929 354 17725
16172 41 2088
15464 273 13676
15715 74 3706
17245 62 3119
14553 295 14783
14694 7 367
14101 15 757
14470 34 1723
16858 80 4029
14408 5 255
13799 24 1227
15554 225 11293
17694 31 1587
14721 174 8730
17561 194 9717
18790 312 15627
15603 202 10125
15254 130 6509
18226 240 12004
18482 27 1393
14349 36 1819
17582 54 2735
15116 100 5045
17371 513 25653
17413 359 17989
18920 5 253
18508 219 10998
14470 31 1573
14409 278 13950
14007 77 3895
17686 157 7882
14535 122 6113
15901 146 7345
14101 9 488
17065 132 6637
17119 51 2557
14431 115 5761
14524 6 347
15279 26 1334
14300 118 5907
18732 541 27062
18923 396 19821
14124 212 10639
14095 189 9500
18665 466 23335
14524 22 1116
16267 14 708
13935 202 10132
14643 278 13901
15785 222 11113
14978 51 2554
14293 157 7862
14112 27 1366
16289 35 1783
14098 69 3486
16275 161 8051
16095 309 15485
14901 319 15980
14224 73 3656
15504 51 2562
18644 94 4740
13707 55 2770
13721 26 1309
16583 280 14031
18220 15 753
13725 79 3997
17206 329 16484
14127 220 11014
17005 257 12864
14782 99 4991
18948 122 6115
15383 283 14158
16352 435 21794
14707 55 2770
15677 78 3949
15683 70 3534
17028 275 13762
17566 118 5941
18261 24 1219
18615 118 5938
17482 63 3173
14686 16 833
14409 278 13907
14644 265 13276
15106 190 9547
15486 357 17853
15251 153 7667
15115 147 7359
17119 41 2059
17079 1 71
17138 57 2889
16063 155 7771
16772 69 3490
18665 139 6972
16147 164 8238
14377 27 1399
17157 31 1570
17237 79 3978
17560 166 8339
17478 169 8499
16439 47 2391
15225 49 2461
15669 62 3149
13712 31 1576
18032 403 20167
15987 392 19615
14754 0 41
18907 201 10069
15383 283 14164
17079 11 566
16432 87 4381
17847 317 15862
14634 104 5233
18782 59 2998
15931 447 22398
14148 18 939
15946 156 7810
15713 162 8116
15915 482 24108
15053 33 1665
13902 56 2844
17410 13 691
15335 82 4107
13861 192 9616
15057 130 6529
16118 113 5671
14942 317 15882
14790 197 9865
15116 114 5722
13982 17 888
16006 64 3246
17719 79 3990
17100 152 7643
16196 163 8158
17239 292 14624
15923 44 2208
17987 93 4678
18779 261 13074
14063 142 7130
17407 174 8734
14764 2 131
14453 88 4407
17250 118 5949
17065 183 9160
15484 323 16180
15416 57 2859
15140 193 9652
17541 36 1825
14147 4 216
17584 53 2659
17128 45 2264
14108 207 10386
14367 153 7693
14885 4 207
15966 20 1011
17559 82 4122
16095 96 4846
17459 213 10683
17108 10 540
16095 221 11084
16289 35 1783
17974 285 14269
14788 29 1488
18903 303 15167
17407 174 8734
17846 91 4594
15783 308 15406
17371 233 11693
14053 90 4513
14990 100 5032
17067 51 2552
15491 100 5012
16951 141 7083
14542 113 5680
17055 445 22256
15391 272 13602
16102 40 2018
14903 1 99
15343 6 329
15965 202 10120
14152 139 6951
15484 355 17762
16199 372 18601
17128 132 6622
14367 153 7693
17413 357 17861
15166 324 16233
18283 78 3913
15987 497 24869
15491 95 4775
14154 96 4806
14623 137 6888
13807 213 10690
17669 32 1604
18574 275 13781
17349 101 5072
16227 286 14344
18701 236 11837
17847 314 15723
14715 55 2775
14377 85 4292
17210 130 6540
13950 184 9202
17975 226 11333
15057 58 2936
14408 31 1551
15916 239 11972
16389 126 6346
17065 183 9160
16389 84 4214
14093 232 11644
15057 130 6529
17157 4 238
15172 74 3704
17009 17 890
13709 207 10375
