17956 224 11227
15222 162 8141
16331 33 1686
15445 6 321
16446 265 13256
16051 100 5017
15777 65 3282
13950 207 10371
14549 142 7121
18953 140 7041
14148 40 2018
14367 201 10052
18779 261 13074
13950 165 8265
17009 17 892
14185 13 691
16884 34 1713
14095 52 2631
15140 8 433
17389 26 1323
17694 31 1587
16906 26 1319
14942 215 10782
16052 424 21216
15930 498 24908
16340 14 708
14111 38 1907
18678 125 6258
15677 78 3949
13777 14 728
15466 272 13607
16036 32 1619
14409 278 13907
17206 65 3252
13709 84 4239
16095 96 4816
13791 101 5074
14300 118 5907
15328 116 5811
16090 59 2999
17471 16 835
17633 69 3497
14740 44 2241
15128 117 5883
17022 2 148
17620 10 531
14450 262 13111
17572 17 881
15588 32 1640
16858 80 4002
18923 642 32149
17197 8 421
13712 15 785
14790 118 5947
17239 297 14897
14632 100 5038
18794 105 5286
15948 92 4606
13911 85 4293
15222 25 1279
13794 64 3240
17132 383 19168
17620 15 757
16858 136 6844
17488 116 5833
13979 69 3455
17129 28 1426
18032 403 20167
15882 166 8302
15774 65 3262
14107 48 2428
15449 110 5547
15946 9 473
18603 85 4257
13940 123 6173
17620 10 531
14831 33 1699
14343 321 16066
17302 105 5274
14007 77 3895
15236 87 4373
17358 63 3199
14551 155 7797
16158 367 18371
14818 22 1108
18685 516 25802
17744 75 3771
18031 181 9098
17352 152 7650
14644 265 13276
17990 411 20553
15057 113 5664
18226 203 10156
14725 80 4023
14410 40 2036
15477 20 1042
17361 321 16082
16186 329 16481
14243 124 6205
14032 52 2621
14300 15 784
17131 175 8762
14020 196 9818
17566 195 9752
17100 7 385
15140 193 9652
17240 273 13662
15116 114 5722
18790 312 15627
17459 213 10683
16950 61 3089
17197 12 609
16850 47 2395
15491 95 4775
14425 230 11509
15554 241 12065
15466 104 5203
15504 80 4017
15160 81 4054
16744 27 1390
13721 26 1309
15677 78 3925
13774 9 480
18701 34 1741
17700 36 1811
14900 44 2247
15053 33 1665
17314 43 2157
18233 279 13962
15491 100 5012
16247 121 6063
14643 278 13901
14912 132 6646
14074 23 1169
18248 81 4099
14300 26 1309
14729 197 9858
14105 128 6429
15392 69 3487
15057 130 6529
14408 34 1702
16782 31 1576
18665 466 23306
18233 332 16609
14459 92 4641
17457 11 552
14107 48 2428
18733 32 1624
17488 298 14923
17985 383 19162
18644 264 13222
15364 64 3249
14721 174 8730
14774 44 2242
14548 120 6036
16499 5 261
18044 275 13762
16258 8 405
14938 177 8883
16875 4 224
15966 343 17200
18701 243 12178
17692 14 711
14537 111 5589
16949 488 24436
15122 217 10854
17678 22 1107
18005 257 12894
18283 78 3913
17670 47 2354
13963 6 313
16225 41 2060
16894 32 1601
17686 338 16927
18244 149 7478
14290 180 9009
17669 32 1604
16458 85 4269
18574 91 4590
13707 55 2770
17327 20 1050
15106 190 9547
17847 314 15723
17128 85 4297
15778 10 516
14369 51 2575
17753 117 5853
18665 16 828
14626 172 8620
15291 178 8909
14147 4 216
15249 136 6833
14224 73 3656
15965 463 23161
14060 32 1628
17992 69 3489
14409 278 13950
18699 267 13380
14418 34 1729
18644 94 4740
18495 185 9294
17131 72 3625
13954 55 2775
17108 19 980
15279 57 2898
14617 76 3837
17132 152 7639
15785 231 11571
14377 283 14164
14569 173 8691
18929 14 729
16267 49 2471
18024 583 29154
17661 4 247
14721 174 8716
17065 83 4183
17985 396 19808
15965 463 23176
15348 170 8514
15989 172 8632
16389 37 1864
14772 276 13825
15017 179 8997
18225 90 4542
14790 197 9865
17079 19 996
15469 133 6698
14707 55 2761
14980 119 5975
15955 56 2841
15683 70 3534
17400 121 6072
15913 11 572
16741 506 25320
14172 43 2157
15279 26 1305
15308 98 4902
17140 5 258
15859 253 12652
14686 16 801
14806 61 3074
14989 203 10167
18922 617 30896
17972 196 9848
17556 139 6977
17621 186 9309
14431 116 5838
17753 160 8028
14431 115 5761
15335 82 4107
18257 32 1626
15057 130 6529
14899 102 5140
18005 34 1732
14079 113 5674
17849 251 12588
15335 82 4107
15057 81 4055
14068 236 11824
14452 44 2230
13712 31 1558
15701 258 12944
14377 283 14164
17524 164 8247
16063 32 1607
16092 7 368
15464 200 10006
18024 507 25357
17865 125 6265
15017 96 4841
18953 405 20281
14542 113 5680
15989 88 4406
17240 455 22795
17695 10 549
17407 174 8702
17488 253 12661
14644 149 7459
15499 64 3239
13774 107 5362
14274 96 4837
14431 93 4698
14740 44 2241
17240 438 21915
18470 16 847
17157 4 238
14259 114 5702
15861 79 3985
16006 64 3246
18636 453 22699
14056 18 938
17535 11 597
15479 263 13180
15933 113 5658
14020 4 223
17630 29 1468
16331 33 1686
17663 60 3008
16964 263 13182
16006 64 3246
13979 69 3455
17112 137 6894
18781 94 4705
14020 183 9195
14274 187 9354
17065 132 6637
14559 270 13510
18492 552 27613
18470 16 847
15491 95 4775
16188 214 10712
17572 35 1761
16889 255 12790
17250 118 5949
17009 10 529
14888 186 9347
18644 94 4740
16022 95 4789
14900 12 604
14129 10 536
17162 174 8747
14890 130 6513
15291 89 4477
14095 189 9500
14721 174 8730
15489 146 7302
15966 83 4192
15491 116 5819
18918 119 5980
18526 89 4469
13791 101 5054
14617 76 3842
18024 525 26258
17410 13 691
18685 247 12371
17661 4 247
14002 57 2862
18754 220 11022
17849 14 720
16403 1 58
14959 47 2361
14644 285 14257
14445 96 4824
18035 171 8564
18921 2 125
18644 94 4712
14272 51 2586
17070 255 12778
15383 283 14158
15324 3 186
18747 52 2647
15153 138 6905
16583 280 14031
18665 16 805
13945 235 11763
16741 162 8107
14741 79 3973
15987 460 23047
17847 317 15890
14617 76 3834
15923 44 2208
15554 225 11293
15291 111 5592
15785 167 8391
18516 76 3821
16092 66 3337
17144 183 9196
15339 188 9443
14763 26 1347
15954 36 1839
14729 10 510
16964 263 13182
15901 287 14351
15801 120 6022
15965 202 10120
14760 152 7646
14367 145 7273
15116 194 9719
17471 57 2880
16169 188 9430
17387 20 1049
17686 157 7882
15913 58 2903
14245 63 3191
13774 107 5362
18574 191 9566
16186 142 7127
14408 5 255
13714 52 2631
15966 343 17162
17366 11 600
15491 100 5012
15960 522 26120
15324 19 953
17287 160 8040
17309 14 730
17459 213 10656
14694 7 389
13979 126 6344
17119 59 2986
17383 386 19314
16310 278 13916
14427 207 10377
15946 42 2120
13780 150 7501
13737 40 2013
14524 6 321
15130 0 46
15261 5 294
18951 309 15459
15392 73 3653
14306 194 9709
15002 44 2246
14302 7 375
17138 57 2889
17101 48 2417
17847 314 15723
15969 83 4175
14409 124 6211
16158 250 12522
15147 69 3484
17670 47 2377
14559 51 2598
18743 112 5636
15309 18 922
14124 229 11471
15002 30 1534
18235 262 13121
15425 142 7105
13728 46 2321
18957 122 6131
17620 194 9736
14548 187 9356
17744 73 3695
16051 100 5017
14020 196 9803
18933 171 8565
18603 259 12980
14121 221 11070
14885 24 1218
17661 4 205
13789 153 7659
14363 47 2372
15236 40 2031
14771 244 12247
15073 164 8240
17383 472 23638
17312 190 9546
14147 30 1549
18678 125 6258
17391 49 2477
17494 78 3930
14993 153 7683
18024 362 18144
17079 1 71
17418 7 355
14148 133 6686
16121 9 463
15456 33 1663
15987 453 22677
15402 112 5633
15715 165 8293
14062 256 12802
18685 330 16518
14626 26 1321
16272 105 5271
14764 59 2977
15411 133 6661
17095 127 6392
16021 79 3975
18782 59 2998
16013 136 6817
17055 445 22256
14535 122 6112
15900 165 8260
16006 268 13418
16571 46 2331
17637 27 1359
14410 40 2017
17239 292 14624
17865 38 1909
15960 188 9423
15251 5 255
15151 251 12593
13736 64 3233
15961 204 10204
18054 452 22633
15751 36 1830
13861 75 3780
15966 20 1017
15965 267 13384
14831 33 1658
17678 22 1104
14211 31 1596
13940 47 2363
16828 44 2213
16439 47 2391
17088 5 268
15477 20 1042
15130 1 90
18692 19 985
14409 278 13950
14269 160 8033
14148 40 2021
14270 283 14174
16196 163 8188
16468 169 8466
14098 69 3486
16312 307 15363
16875 67 3393
15482 169 8477
14912 309 15468
14124 57 2888
18666 24 1249
18717 96 4823
14068 233 11675
14790 197 9865
16243 134 6721
13861 36 1825
13725 79 3988
15987 392 19615
18245 67 3396
13803 200 10041
17339 30 1521
14470 22 1115
13977 70 3530
16095 278 13930
16285 58 2939
13742 81 4090
15931 447 22398
14185 27 1375
17865 292 14644
15318 183 9160
15834 25 1298
13791 112 5619
17678 61 3055
16921 196 9810
15859 253 12652
16875 4 216
16499 355 17764
15939 95 4755
16196 163 8158
15640 11 593
16096 16 847
15402 120 6035
14177 55 2770
14870 76 3833
17314 38 1905
17220 53 2691
17119 41 2059
17413 359 17962
16013 31 1568
13709 122 6134
18920 2 133
15447 209 10496
18615 118 5912
16378 195 9757
14938 277 13873
14367 3 187
17373 153 7658
17494 78 3930
15970 444 22201
18492 331 16562
15383 283 14158
14626 223 11179
15720 9 456
15590 322 16111
15590 421 21054
14020 98 4920
14425 119 5959
17100 129 6483
16403 1 58
15396 20 1035
15318 36 1829
18219 18 943
16158 506 25328
17560 110 5516
15392 125 6290
15402 41 2069
16499 266 13336
13709 207 10375
15722 88 4447
15383 175 8756
15785 272 13638
15416 32 1640
17067 51 2563
14127 220 11014
16826 19 957
18228 85 4286
15291 307 15353
17138 57 2889
14392 52 2606
17119 13 665
15497 197 9887
14074 23 1177
15473 150 7540
13742 22 1102
16813 31 1594
18610 97 4884
15785 70 3550
14555 230 11507
14012 4 224
15275 1 57
17727 0 24
16951 141 7083
17987 93 4678
14748 177 8895
17303 50 2543
15251 63 3174
15692 22 1104
14245 89 4467
17644 36 1837
17665 7 375
17858 114 5736
14625 26 1339
15309 18 922
15486 357 17853
17566 118 5941
16289 35 1783
15948 92 4606
18957 538 26949
15392 61 3053
16102 40 2018
14445 96 4824
17365 82 4111
16090 202 10144
18272 55 2796
15161 201 10060
17373 185 9251
14617 76 3821
18929 200 10039
14107 55 2798
17410 4 243
16741 168 8408
14336 13 694
17637 27 1359
14617 38 1947
16458 199 9983
13911 1 97
15140 45 2261
16446 259 12970
17398 155 7755
14609 10 537
15497 36 1820
17541 36 1825
16118 113 5671
18733 52 2615
17028 256 12809
14047 115 5769
14990 229 11487
14453 51 2563
14431 115 5761
14394 45 2300
14634 168 8447
17644 36 1814
15291 190 9549
18574 377 18869
13807 213 10690
15106 88 4435
15057 106 5322
14782 99 4991
14302 7 375
17686 338 16927
15464 269 13458
17331 29 1462
18920 13 674
15106 14 717
16095 415 20778
17046 82 4124
13712 31 1576
17975 226 11333
14367 157 7858
16466 11 592
13764 250 12539
15851 129 6496
14047 30 1542
14148 213 10675
13935 202 10122
15464 247 12369
14955 26 1335
15593 265 13253
18492 217 10897
17448 208 10420
14551 160 8034
17358 63 3199
14093 232 11602
15287 52 2638
18911 130 6515
15497 36 1832
14592 15 761
14557 163 8165
18692 21 1071
15225 54 2731
15946 156 7810
17057 82 4131
15923 343 17189
14147 30 1549
15328 159 7984
14441 11 553
17631 9 485
14553 78 3918
13902 56 2844
14185 28 1440
14427 207 10356
18035 39 1975
14058 104 5240
16802 194 9743
14948 92 4643
15301 4 211
15383 38 1929
18717 150 7534
15918 28 1430
14367 187 9365
16499 112 5624
14548 120 6018
18048 382 19107
15715 127 6373
18492 331 16562
14047 33 1695
17057 104 5245
15397 128 6409
14774 304 15227
15491 116 5819
14623 240 12029
16006 234 11741
16258 8 448
16141 248 12443
14912 155 7783
16555 81 4057
17274 11 586
15392 69 3487
17693 357 17882
16499 112 5624
15801 395 19794
15362 84 4239
14367 153 7693
13809 153 7684
17005 257 12864
14551 8 407
14558 30 1545
16090 89 4453
18044 414 20702
17373 192 9640
14890 30 1504
13776 26 1308
18779 59 2951
13861 192 9616
15913 52 2623
15160 82 4127
17780 17 857
14527 129 6474
14148 18 939
17557 155 7774
15291 137 6879
17095 51 2586
14313 158 7945
14206 133 6667
18699 203 10187
14924 41 2096
18954 138 6927
14301 264 13211
14453 88 4410
14134 241 12067
17524 170 8533
18244 200 10019
14938 277 13873
14431 83 4174
17065 112 5638
15590 298 14948
15486 373 18690
14592 15 765
17961 39 1993
13709 56 2810
17644 36 1814
18953 306 15320
14524 9 458
15462 150 7514
17560 166 8320
16858 80 4029
17313 251 12587
17157 59 2985
15511 62 3129
14782 119 5969
14610 27 1372
18920 5 274
17644 36 1837
14907 53 2652
18699 203 10187
14721 88 4429
18218 48 2402
17373 192 9602
14549 200 10001
15166 324 16233
15464 167 8368
15669 62 3149
16947 1 66
15469 133 6681
17861 173 8656
15419 5 287
17361 338 16937
15961 341 17055
15416 102 5135
17337 18 927
16826 359 17973
16809 230 11506
18619 55 2756
14901 319 15973
15383 138 6915
18740 78 3931
16942 220 11033
13791 101 5074
16426 44 2205
18286 136 6835
16584 48 2449
18676 431 21583
17771 26 1329
14537 120 6022
17206 410 20502
17871 163 8165
14870 245 12252
17409 4 236
15397 93 4688
15676 215 10771
18574 275 13781
18261 24 1219
14377 252 12607
18907 201 10069
14741 57 2860
14074 15 782
14313 307 15399
14101 54 2715
17312 190 9546
16850 253 12669
15915 465 23293
16680 22 1130
15930 367 18355
17383 373 18690
16310 303 15187
15383 175 8756
15422 50 2505
16227 135 6773
17100 135 6753
15328 166 8316
18619 133 6692
17398 155 7755
15590 63 3156
13799 12 623
17239 232 11616
14555 183 9177
14609 176 8819
18220 15 768
17371 233 11693
17128 125 6254
17070 266 13318
14553 295 14783
17125 102 5110
14053 47 2360
15061 62 3139
17048 14 733
16219 316 15812
17413 359 17989
15834 195 9754
14993 94 4726
16006 460 23050
14436 287 14376
14621 96 4819
15960 533 26694
15676 126 6307
16013 136 6817
17700 75 3769
14467 252 12605
17407 0 37
14470 31 1573
15966 20 1029
13732 15 793
14300 103 5183
17974 285 14269
15930 519 25979
17429 16 804
18704 42 2142
16676 10 514
18740 4 212
14756 99 4954
18035 145 7280
14694 7 367
15172 74 3704
14736 128 6424
17698 92 4642
14924 14 744
18059 169 8455
16850 250 12522
14926 46 2344
16442 175 8795
15916 172 8647
15295 68 3406
15222 162 8102
14377 44 2225
16891 226 11347
13940 49 2483
14572 25 1292
15160 73 3682
15279 26 1305
17100 152 7626
15590 1 77
17303 50 2543
18218 76 3818
14697 45 2285
17557 13 655
16818 63 3158
14760 40 2018
18054 185 9282
17847 249 12466
14878 28 1402
15316 249 12463
15330 54 2732
15222 19 966
14302 19 963
14224 73 3696
17686 24 1248
16828 35 1786
15335 222 11146
14152 139 6951
16227 286 14344
16092 109 5494
16499 503 25157
17557 168 8410
17667 120 6031
15348 132 6613
14470 34 1723
14938 287 14367
16063 155 7771
17535 103 5180
17871 244 12230
13774 45 2295
14259 114 5724
14039 84 4227
15987 248 12438
17561 194 9717
17120 25 1295
17312 191 9566
14379 86 4333
15989 119 5996
16075 444 22249
17079 31 1568
17144 183 9185
18229 19 986
16506 191 9592
14098 134 6703
14782 116 5806
17974 261 13091
18031 73 3696
14549 205 10254
14572 25 1285
13732 15 773
13709 175 8753
14456 63 3176
18062 61 3085
15316 237 11856
16186 329 16453
16894 44 2249
18685 250 12537
17669 32 1648
15502 142 7131
13928 99 4972
13714 158 7929
14410 78 3925
15065 42 2135
15930 498 24908
17695 82 4106
17655 50 2527
17662 88 4409
17303 85 4269
14891 112 5621
17068 6 323
17407 0 17
15391 272 13602
17065 94 4735
16432 87 4381
15676 215 10771
17495 18 904
14799 89 4463
16147 48 2402
14453 40 2021
13777 148 7408
15689 327 16384
15777 65 3282
14263 85 4272
18923 396 19821
17009 0 47
14537 118 5927
18953 356 17822
15318 183 9184
17719 79 3990
16906 26 1319
14878 72 3640
14020 14 724
14569 173 8695
14542 89 4470
14259 114 5702
16583 304 15242
14053 132 6618
16067 146 7326
15969 373 18661
15923 95 4788
18754 27 1389
15425 12 604
18574 191 9592
15923 302 15133
14093 106 5331
14343 93 4700
15930 302 15120
18740 260 13029
14785 56 2810
15391 272 13606
17575 51 2576
17723 11 587
15987 497 24869
15965 124 6207
14068 236 11824
17655 95 4794
17655 219 10955
15965 235 11781
15948 17 856
15301 108 5413
14464 169 8454
17985 241 12097
18701 280 14018
17963 67 3400
17861 300 15003
16172 159 7960
14367 187 9356
14009 87 4373
18701 135 6761
17111 62 3133
15774 296 14810
14741 2 129
17111 34 1746
17448 208 10420
14363 120 6041
14293 6 312
17088 15 786
17692 108 5441
15264 71 3563
18574 191 9553
17653 32 1638
16141 248 12443
17874 88 4440
14114 197 9865
16494 20 1018
14592 19 975
15147 78 3935
15939 95 4759
15946 42 2135
15449 110 5547
14527 129 6453
14592 37 1869
17871 326 16308
15935 145 7256
15115 25 1294
17783 55 2799
14556 178 8914
13977 57 2882
14468 27 1378
14066 55 2772
17865 318 15919
14634 165 8279
14870 76 3819
17495 50 2504
14030 52 2632
15236 87 4376
15762 243 12151
17559 82 4122
14377 27 1399
16694 59 2966
17478 169 8499
15587 27 1393
17002 65 3294
16845 438 21934
14772 260 13002
16275 161 8051
17488 73 3682
14641 59 2964
14556 78 3923
14891 221 11085
17407 174 8734
14980 52 2646
14367 280 14029
15916 239 11972
14216 31 1568
17371 110 5508
16021 95 4786
18732 567 28383
16095 417 20852
17070 208 10425
16453 380 19040
14617 78 3945
15689 264 13221
18631 229 11474
16095 417 20852
16676 10 545
17532 10 542
18677 400 20014
17237 249 12487
18040 82 4127
14157 175 8758
17108 23 1178
14112 27 1366
13982 127 6370
15484 306 15313
18253 177 8893
16357 8 410
14154 187 9384
14219 88 4403
18497 316 15840
16036 168 8445
17048 12 620
17985 241 12098
14553 78 3948
17670 47 2354
15676 201 10059
17847 314 15742
14218 147 7399
17856 67 3385
15425 142 7106
18953 405 20286
14553 182 9106
15783 308 15444
14721 116 5842
15494 21 1068
15116 12 603
18261 24 1217
17139 132 6610
16544 36 1817
15634 93 4674
14468 116 5831
17239 292 14624
17095 127 6392
16532 13 682
17157 2 138
16040 28 1427
14361 5 285
18948 53 2655
17383 386 19314
18526 72 3602
16286 31 1590
13940 106 5335
14020 196 9803
14877 36 1825
14087 90 4544
17206 329 16484
15348 129 6488
15392 23 1156
14163 36 1805
16466 11 557
16105 30 1530
15115 170 8520
15900 174 8739
15882 136 6813
17990 390 19527
17303 87 4356
15428 275 13782
18948 122 6115
16489 164 8239
16312 272 13630
15291 17 893
17865 375 18777
14316 28 1409
13791 151 7565
13714 71 3556
14938 27 1392
18574 91 4590
15640 11 577
14938 207 10380
14542 81 4098
17132 432 21635
17067 51 2563
17846 59 2961
14093 231 11570
14053 23 1181
16243 161 8085
17410 19 968
14556 8 424
17401 41 2094
15147 1 63
17352 173 8671
13789 155 7762
17146 48 2450
18215 16 806
17065 170 8525
16207 51 2600
18059 69 3486
14782 143 7180
14712 251 12553
15115 147 7381
14782 119 5985
17028 15 781
14721 174 8707
15140 231 11552
14782 20 1001
17579 42 2133
14556 8 424
15308 14 745
14293 157 7862
15422 105 5266
18233 279 13961
13789 182 9104
14101 15 757
15590 403 20187
15402 41 2058
17693 354 17713
14621 81 4091
15348 129 6488
14615 62 3146
16219 316 15812
13945 111 5593
15801 120 6005
15251 7 374
17132 493 24664
14007 77 3895
17022 2 114
18032 298 14922
17009 17 890
14148 40 2018
14058 151 7575
17407 37 1870
16063 152 7607
13865 115 5759
18516 76 3821
15863 57 2885
16038 430 21518
13725 79 3988
15463 250 12539
14524 6 347
13736 115 5784
14881 96 4833
16036 112 5621
14372 147 7395
18005 34 1732
15151 130 6541
16947 1 66
17313 2 129
18918 5 274
14470 7 388
17111 19 981
14108 207 10386
17974 285 14269
17079 1 79
14993 94 4726
13731 18 906
16432 87 4381
18489 100 5008
15166 338 16950
17482 63 3173
16199 372 18601
15491 0 40
14807 18 912
14572 25 1296
17204 147 7397
17972 140 7027
17633 28 1434
18283 52 2628
18929 167 8380
14774 279 13976
14626 235 11787
15225 49 2480
16172 41 2088
15715 165 8299
18752 565 28290
14375 90 4504
16091 57 2892
13789 155 7767
18603 166 8342
13776 26 1308
18747 1 64
17830 41 2055
18645 87 4394
15117 154 7728
18226 57 2878
14741 2 119
16801 85 4277
15397 240 12022
14283 4 205
16095 202 10113
17349 96 4844
16094 281 14094
14290 2 118
15834 195 9754
13982 17 888
15116 12 603
14093 106 5331
16493 21 1088
15099 114 5717
16746 130 6514
18272 55 2766
14790 197 9879
15966 28 1418
14641 127 6359
16152 43 2161
18226 57 2851
17100 12 610
14129 30 1515
13950 184 9202
16250 95 4795
15935 148 7415
18482 27 1393
14743 97 4864
17484 161 8096
15249 136 6841
15715 74 3706
14379 86 4333
17371 188 9429
14068 217 10865
15484 355 17762
14467 283 14155
17125 126 6312
14774 102 5103
17489 103 5155
14938 287 14377
14468 76 3848
18923 72 3603
15147 88 4431
18781 116 5837
15499 66 3344
14782 20 1001
17371 110 5518
16818 115 5786
14229 72 3625
16494 20 1028
17566 110 5508
15183 32 1613
17132 493 24663
15391 292 14631
15715 105 5273
17146 67 3371
14707 48 2413
17871 312 15612
14021 195 9769
15124 5 251
17846 91 4594
17070 266 13318
