6312 123 6182
7014 679 33962
7001 71 3571
6115 19 974
7008 1125 56293
6687 178 8934
7054 1912 95614
7012 240 12032
7008 1125 56251
6151 17 855
7022 3 153
6154 10 535
7020 1455 72792
6930 30 1548
7021 191 9568
7019 328 16450
7287 0 11
6376 66 3349
5387 34 1734
7018 536 26843
7054 1686 84342
6780 155 7776
7012 669 33496
7023 1054 52718
7022 253 12661
7012 487 24381
7004 1595 79781
7012 594 29734
7021 695 34782
6206 19 973
7055 326 16326
7020 360 18034
7017 1355 67759
6928 41 2052
7020 1933 96699
7047 111 5588
7008 1353 67677
7008 779 38990
7049 1104 55238
7018 536 26811
7049 1278 63922
7022 47 2361
7023 1907 95400
7012 1266 63347
7023 1646 82312
7049 1325 66295
7049 1325 66274
7017 160 8020
7013 225 11251
7003 231 11556
6100 78 3919
7004 258 12916
7020 845 42281
6946 35 1790
7026 238 11940
6223 0 42
7012 34 1706
7003 1269 63492
5497 26 1343
7055 751 37551
6149 153 7675
7054 515 25778
7011 81 4099
7004 258 12916
7054 1490 74550
7012 87 4383
6953 143 7183
7023 1895 94788
6059 119 5991
5938 40 2007
7020 221 11093
6879 55 2791
7048 142 7134
7054 1595 79779
7004 1135 56758
7054 2013 100664
7054 815 40772
7054 1943 97197
6230 60 3014
7023 1445 72288
7017 55 2800
6874 4 211
7023 936 46829
7023 1122 56128
5576 57 2856
6483 107 5355
6798 162 8139
7020 1338 66932
7054 278 13913
7020 1067 53389
7008 324 16218
5060 64 3224
7010 1219 60984
7023 1280 64028
7020 1300 65032
7006 296 14846
7054 778 38917
7055 167 8353
7049 1104 55235
7010 1550 77527
7014 679 33957
7019 41 2068
7023 1893 94664
5516 44 2218
7003 267 13380
7019 7 374
7010 705 35252
7010 671 33582
7021 219 10998
6953 143 7183
5588 157 7898
7023 1907 95400
7012 597 29858
7054 1292 64633
6798 36 1823
6098 52 2620
7018 411 20585
7025 201 10058
6080 147 7379
6444 51 2599
7021 261 13065
7014 1603 80176
5385 113 5660
7012 521 26090
7004 79 3970
6026 52 2603
7023 1122 56111
6874 4 241
7018 135 6789
7021 271 13589
7023 213 10692
7008 663 33192
5454 78 3904
7012 731 36585
7012 487 24399
7049 1980 99006
6296 3 181
7010 57 2870
7012 102 5145
6969 235 11792
7012 610 30504
7012 489 24477
7016 3 175
6798 162 8139
7003 1475 73789
7017 67 3396
6955 64 3218
7055 261 13079
6974 21 1094
7008 337 16883
7054 508 25427
7049 1796 89803
7003 436 21811
7008 493 24681
7026 331 16581
7054 583 29176
6483 102 5126
6778 30 1509
7023 1262 63137
7023 318 15930
6835 117 5864
5616 106 5327
7017 1693 84655
6799 58 2916
5136 18 945
7026 817 40853
6101 45 2263
7012 1254 62711
7010 1148 57423
6953 142 7119
7526 25 1251
7023 1730 86520
7025 148 7446
7022 3 167
6118 135 6761
7010 812 40642
6936 14 741
7018 875 43784
7001 759 37963
7001 303 15171
7001 600 30010
6534 42 2113
7054 345 17252
7023 1148 57450
7003 414 20706
7001 957 47892
7055 318 15943
6687 178 8918
7014 874 43705
7010 923 46179
7014 883 44193
6407 18 912
7023 1148 57449
6361 32 1643
7023 1503 75159
7026 198 9950
6981 88 4424
6564 127 6358
7025 451 22562
7001 37 1863
7020 462 23102
6462 66 3326
7017 1036 51836
6444 145 7267
6506 74 3742
7023 824 41204
7017 1371 68600
6803 131 6586
7014 1176 58812
7010 1195 59795
6835 116 5839
5925 9 459
6347 47 2396
7023 1716 85824
5412 31 1558
5909 24 1220
7018 332 16611
7010 1257 62881
6855 110 5519
7010 720 36044
7020 1781 89068
7014 1409 70491
7054 2013 100664
7017 1515 75773
7055 264 13231
6298 52 2637
6183 103 5156
7020 1782 89101
7054 1306 65316
7008 1192 59646
6298 53 2681
7018 871 43592
7055 780 39007
6697 21 1092
7017 820 41029
7014 52 2614
7017 1635 81754
7001 507 25373
6647 113 5689
7048 194 9748
7023 1122 56136
6756 83 4183
7003 1543 77185
7017 55 2798
6946 8 404
7020 1282 64136
7010 773 38699
7019 253 12668
7010 720 36041
7049 157 7894
7004 1598 79907
7014 1190 59502
7021 850 42532
7020 221 11051
6934 176 8817
6115 39 1979
7003 887 44362
7012 233 11665
6827 191 9595
7008 1245 62266
7012 594 29740
7018 676 33808
7004 882 44103
7010 46 2316
6506 73 3686
7023 1012 50620
6978 10 544
6619 3 156
7017 1329 66453
7054 1707 85366
7001 759 37972
6981 87 4400
7010 200 10007
7017 1371 68600
6956 85 4251
7625 111 5588
7026 525 26277
7004 1598 79907
6803 9 485
7013 225 11291
6780 149 7474
6311 13 688
7023 1893 94665
6502 43 2188
7006 210 10503
7054 1659 82996
7017 1682 84145
7023 824 41204
7021 352 17603
7003 762 38150
7017 164 8215
7055 780 39001
5959 32 1632
7012 809 40492
6814 3 178
7012 154 7735
7014 697 34863
5216 37 1853
7644 222 11129
6551 152 7637
7012 893 44691
7001 205 10264
6506 74 3745
6893 192 9608
7017 1512 75616
7001 738 36928
7018 790 39528
7014 686 34303
7008 1245 62280
7014 632 31618
7023 676 33816
7026 578 28923
7010 773 38699
7003 1197 59864
7020 49 2454
7003 1543 77157
7012 1458 72939
6369 54 2746
6956 239 11962
7026 561 28070
7054 1588 79409
7004 1585 79259
7010 773 38699
7012 610 30542
7018 566 28306
6376 64 3239
6021 194 9732
7014 1603 80176
7498 202 10102
7020 1464 73207
6888 30 1550
7054 1327 66396
7020 1399 70000
7012 63 3175
6023 45 2298
7055 261 13079
6776 1 54
7014 1236 61838
7020 1949 97478
6990 7 384
6423 81 4052
6829 182 9134
6149 69 3487
7054 1490 74548
7054 321 16060
7049 1104 55239
6824 28 1433
7055 59 2961
5338 14 722
7023 1012 50620
5268 0 19
6823 8 447
7054 278 13935
7020 571 28552
7020 1620 81007
5585 53 2688
7047 119 5970
6462 66 3326
5433 26 1329
7008 955 47777
7055 760 38026
5013 208 10416
7014 632 31610
7054 1001 50093
7001 999 49957
7014 469 23496
7017 1752 87637
7017 1073 53679
6004 161 8074
7004 1073 53673
6553 142 7113
4998 44 2230
6589 72 3609
7001 411 20600
7012 1300 65035
6824 67 3389
7054 255 12795
7014 886 44308
5177 2 119
7021 454 22719
6489 112 5611
7055 751 37581
6932 232 11619
5897 38 1920
7010 773 38699
7021 191 9566
7054 783 39198
7021 826 41348
7006 610 30526
5585 54 2702
7020 1225 61269
7004 1142 57128
5924 19 998
5387 31 1580
7054 390 19513
4983 1 59
7021 172 8635
6687 175 8764
6493 4 215
7049 818 40916
5436 51 2594
6530 1 65
7004 1647 82379
7023 1658 82937
7026 201 10060
6671 24 1245
7004 394 19739
7023 1617 80855
7004 1719 85997
6444 166 8321
7011 81 4099
7054 1982 99136
7049 818 40929
7049 259 12970
7012 1244 62234
7014 679 33952
6507 31 1581
7055 34 1726
6946 40 2042
7017 772 38616
7054 1776 88839
7018 510 25549
7019 251 12554
7020 1137 56863
5177 42 2114
7049 157 7894
7004 1326 66330
7003 1022 51123
7001 410 20534
6803 131 6586
6901 16 839
7017 1156 57822
7054 523 26180
6850 48 2444
5516 47 2371
7008 543 27169
6787 47 2381
7003 56 2825
7003 414 20721
7003 152 7602
5774 83 4157
7014 296 14818
7012 1361 68061
5769 38 1919
7014 1565 78283
7014 659 32969
7013 58 2925
7012 809 40472
7017 509 25455
5600 57 2883
7023 676 33803
7008 540 27027
7049 1925 96289
5387 34 1734
7020 957 47889
7017 1506 75327
7049 1326 66346
6356 127 6389
7016 22 1150
7054 397 19872
7054 235 11795
6382 160 8009
6407 18 912
5985 100 5022
5585 52 2612
7012 1324 66236
7026 520 26041
7054 1053 52682
7026 331 16581
7003 1236 61802
7012 893 44656
7026 668 33417
7054 105 5282
7020 1089 54470
7010 397 19862
6936 23 1170
7017 954 47711
7055 391 19582
7012 912 45605
7049 1697 84857
7004 890 44540
5387 35 1784
5588 159 7987
7014 52 2614
7411 105 5270
6752 167 8374
7018 871 43590
6102 9 477
6647 114 5737
7018 920 46016
5437 135 6760
6154 7 390
6955 129 6481
7018 698 34948
7047 111 5600
7018 357 17864
7054 783 39189
7054 815 40772
7026 32 1640
7054 1823 91153
7010 136 6843
6149 147 7366
7054 105 5290
7014 64 3233
7055 698 34931
6529 54 2731
7012 274 13717
7055 154 7725
7014 1190 59538
6007 0 46
7012 388 19410
7020 1614 80709
5061 77 3895
7004 1598 79926
7008 955 47778
5387 37 1883
7020 360 18021
7011 118 5942
7054 1776 88821
7014 1473 73678
7023 123 6164
7026 386 19305
5961 36 1818
6806 23 1187
7001 1035 51773
7018 350 17526
6493 107 5361
7001 965 48264
7023 1607 80373
5474 47 2368
7049 1486 74327
7054 105 5282
7004 1326 66330
6149 156 7816
6591 80 4050
7020 1620 81024
7023 1262 63123
4978 37 1864
7023 1734 86723
7026 87 4393
6572 184 9225
7022 3 175
7004 569 28494
5222 4 220
7017 1693 84686
7008 779 38981
6832 15 776
4952 46 2339
7012 274 13717
7004 1507 75357
5600 54 2722
6332 63 3194
7022 253 12661
7017 57 2872
7012 34 1738
7055 391 19556
7021 785 39284
7690 54 2706
7055 337 16869
7055 154 7725
6783 68 3446
6619 3 156
7023 936 46829
7016 185 9269
7017 1036 51836
7026 745 37253
7023 333 16657
7049 1200 60025
7018 920 46002
6780 151 7560
5946 5 274
7004 1279 63998
5777 30 1542
7020 1284 64246
7025 232 11648
7023 274 13732
7026 355 17753
7017 1124 56238
7008 1334 66714
7017 322 16128
6946 2 126
7026 558 27912
7054 523 26185
6959 181 9097
7023 518 25933
6462 72 3639
7020 698 34921
6544 343 17191
7023 1607 80361
7003 1269 63496
7020 836 41838
5982 27 1397
7023 1012 50620
6148 21 1089
7023 1012 50620
7054 1190 59504
7021 341 17076
7022 223 11178
7019 142 7129
7049 174 8712
7001 37 1887
6483 103 5194
7054 1904 95237
7004 1381 69054
5774 87 4397
6575 64 3248
6637 44 2250
6544 341 17098
7008 1319 65962
7010 1698 84924
7003 267 13394
7020 1231 61576
6489 108 5442
7022 222 11107
5625 109 5464
7012 527 26362
6594 110 5518
7003 1224 61233
7004 619 30955
7008 543 27169
5518 23 1169
6826 32 1610
6026 47 2354
7023 1164 58247
6783 72 3645
5609 20 1002
6990 7 384
7012 689 34466
7023 1734 86723
7020 1888 94401
7054 1588 79435
6379 61 3054
7023 1646 82338
6637 47 2398
6535 63 3164
7017 1373 68667
7017 1506 75340
7020 957 47882
7003 1302 65119
7004 1142 57112
7004 870 43540
7004 1326 66336
7134 18 902
7001 997 49868
7017 230 11541
5031 72 3617
7010 509 25464
6599 108 5450
7020 1091 54592
7017 1208 60401
7003 1297 64859
7008 815 40786
7025 201 10058
7010 773 38699
7017 830 41539
7019 251 12583
6928 47 2361
7023 1058 52946
7025 305 15276
7023 824 41247
6102 9 477
7012 731 36557
7026 745 37267
7017 1171 58567
7023 937 46880
6376 10 514
6004 158 7902
7012 102 5123
7128 15 787
7054 900 45035
7021 443 22193
7054 1659 82964
6814 1 89
6533 10 503
7004 147 7393
6118 133 6688
5179 95 4786
6978 12 629
7014 185 9290
7054 581 29060
7014 632 31618
7019 371 18572
7014 1236 61812
7006 475 23766
7023 75 3768
6953 5 275
6803 131 6572
7017 57 2886
7008 715 35792
7012 82 4122
7049 1877 93852
6347 0 29
7054 1776 88839
5600 54 2722
7026 668 33417
7018 875 43773
7006 359 17970
7003 639 31955
7008 955 47791
5915 87 4360
7019 541 27091
7008 436 21805
7049 1456 72808
7054 1211 60568
7049 1392 69615
6533 8 448
7055 660 33016
7020 836 41838
7021 54 2745
7020 1949 97482
7017 1144 57241
7017 1732 86641
7010 1662 83144
7012 731 36581
5222 4 220
7019 328 16450
7016 330 16549
7049 425 21296
7023 1646 82338
7004 934 46749
7018 875 43763
6382 102 5121
7001 674 33707
7003 1197 59865
7010 136 6843
5771 29 1486
6102 9 477
6824 22 1131
7012 1300 65021
7054 25 1299
6423 8 415
7004 837 41891
5947 100 5049
6683 118 5946
6880 20 1046
7004 466 23347
7049 476 23808
7004 550 27527
6376 24 1213
6218 5 268
7020 1298 64905
7017 509 25484
5136 3 189
7012 731 36581
6803 136 6848
5090 22 1106
5925 8 431
7001 997 49874
5625 108 5433
7006 408 20408
7004 934 46709
7007 84 4221
5478 52 2632
7008 779 38999
7055 391 19582
4982 121 6075
7574 110 5547
7007 90 4537
7020 476 23802
7012 1015 50800
6803 25 1256
6824 63 3154
6246 15 766
7012 1143 57170
7012 339 16977
7006 33 1693
5454 225 11289
6829 180 9004
7017 1753 87663
7055 764 38242
5385 117 5885
7001 461 23089
7021 377 18889
7055 391 19564
7001 688 34450
6123 154 7701
7025 274 13717
7017 271 13577
6313 15 799
7010 219 10958
6534 49 2464
7004 79 3970
7006 475 23766
5452 18 919
6564 125 6274
7023 1262 63137
6778 27 1377
7003 286 14347
7048 142 7121
6999 9 462
5516 46 2335
7049 117 5882
7017 1753 87655
5777 33 1656
7285 55 2793
6829 192 9646
7020 1137 56863
7020 1249 62456
7059 72 3622
6410 48 2429
7012 1705 85295
7126 1 86
7014 215 10767
7011 226 11303
7004 988 49413
6980 191 9587
5953 3 193
5941 2 149
6553 144 7232
5924 18 904
7008 884 44225
7054 515 25792
7001 447 22389
7023 382 19136
7563 21 1059
5268 0 32
7055 780 39005
6529 57 2892
7004 950 47541
7018 869 43456
6161 19 991
7026 433 21678
6115 39 1979
6425 28 1446
7023 834 41730
7334 1 96
7014 157 7859
7004 871 43576
7020 637 31853
7023 1907 95354
7020 649 32473
7008 884 44225
7055 830 41512
7049 1482 74133
7001 650 32540
7012 308 15402
7049 1697 84884
7003 1297 64891
7003 1302 65112
5433 26 1329
7021 594 29717
6611 47 2387
7004 1326 66330
7012 1143 57170
6989 187 9352
7010 1745 87286
7018 719 35978
7012 1499 74952
7049 203 10172
7023 382 19133
5031 78 3920
7054 639 31990
7003 762 38131
5411 156 7817
7054 539 26990
7054 433 21654
7025 451 22587
6928 50 2517
7001 552 27649
7004 1598 79942
7004 79 3955
7026 158 7931
7018 586 29334
7054 1292 64613
7054 900 45035
7001 155 7797
7004 329 16478
6457 28 1430
6874 1 66
6145 17 864
6956 85 4251
7010 1662 83144
7010 1443 72191
7047 88 4404
6978 10 544
6874 88 4441
7023 1012 50633
7017 862 43143
7004 890 44515
6642 55 2790
6160 74 3730
7017 1068 53414
5896 8 419
7023 936 46829
7025 158 7937
7003 1624 81215
5177 42 2114
7012 1300 65038
7023 1607 80361
6100 18 950
7020 462 23113
7012 388 19404
7004 416 20823
7054 397 19863
7003 60 3050
7011 274 13723
7012 949 47495
7014 469 23481
6800 47 2370
5511 55 2787
7022 69 3459
7012 339 16995
7020 1275 63776
7017 1208 60419
7008 955 47777
6425 28 1446
7023 75 3779
7012 521 26075
7055 751 37551
7055 154 7741
6874 2 129
7018 536 26811
6115 15 778
5326 133 6680
7012 1047 52376
7004 258 12903
6828 224 11241
7008 540 27021
5177 42 2109
7004 844 42223
6955 64 3218
7017 1329 66465
6483 105 5276
7014 185 9257
5774 83 4157
7012 1254 62702
6893 194 9706
7014 291 14551
7049 1197 59873
7020 1091 54594
6353 65 3276
6502 44 2207
7004 1365 68289
7014 686 34303
6803 4 226
7021 700 35010
7017 662 33122
7014 267 13370
7054 1709 85452
5089 42 2104
6160 65 3256
7003 1197 59859
5953 3 157
7012 1653 82699
6806 29 1480
7012 527 26367
7025 261 13088
7054 638 31903
7020 766 38302
7017 1681 84057
7020 1949 97479
7013 186 9329
5385 190 9529
7004 1479 73961
7012 841 42092
7020 495 24788
7055 779 38977
5516 70 3513
5452 11 570
6535 3 155
7001 997 49868
7053 18 928
5511 55 2787
7018 920 46002
4992 89 4458
6778 32 1647
6382 52 2629
5940 40 2012
7004 1686 84309
7014 1473 73678
7023 1122 56140
6444 141 7083
7054 515 25761
6881 67 3382
6350 78 3930
6837 58 2948
7023 689 34497
7004 1142 57128
7020 1040 52012
7022 173 8699
7049 1789 89484
5518 23 1169
7021 817 40899
4982 119 5965
7020 257 12851
7021 171 8586
6953 142 7123
7014 426 21340
6881 65 3275
7018 682 34116
6211 180 9020
7012 597 29889
5953 3 164
7007 81 4095
7019 541 27067
7054 1503 75174
5412 31 1558
7054 900 45009
7004 950 47545
6369 54 2746
7023 1730 86545
7049 259 12958
7012 731 36585
6906 32 1643
7020 1620 81019
7112 72 3603
7049 689 34460
6752 131 6574
5625 205 10281
6535 3 155
7025 453 22653
7054 1823 91192
7054 1301 65075
7049 1632 81611
6407 180 9041
7004 1298 64909
7054 849 42455
6246 18 926
6990 7 384
7008 324 16241
6637 47 2367
7055 826 41332
7020 674 33706
6487 160 8005
7023 1071 53578
6969 198 9917
7023 676 33803
7017 1682 84117
5337 133 6652
7001 688 34449
7055 764 38217
6325 2 101
7017 424 21207
7023 1280 64028
7018 920 46002
7021 377 18889
7018 473 23684
7023 1730 86517
7019 581 29080
6653 119 5956
7017 273 13685
5600 149 7452
7011 81 4099
7020 1252 62636
7023 518 25906
7014 1038 51930
6591 73 3696
6230 98 4931
7014 996 49815
7023 325 16274
7490 4 249
6548 39 1973
6493 107 5351
7008 1334 66735
7020 1455 72792
7012 1324 66206
7012 610 30540
7020 1325 66299
7010 1443 72151
5337 117 5870
7054 550 27517
6160 74 3730
5986 29 1476
7022 73 3669
7011 274 13750
7008 955 47763
6780 149 7474
7003 970 48513
7017 1403 70196
7023 1730 86517
7049 616 30842
6642 56 2836
5338 15 757
7011 226 11302
7010 720 36041
7017 817 40871
7017 1693 84684
7021 221 11056
7023 1445 72289
6309 26 1316
6296 0 45
5207 84 4210
7004 988 49401
7021 604 30204
7012 63 3177
5986 31 1557
7048 28 1441
7054 1943 97156
7007 33 1672
7014 292 14624
7004 349 17473
7025 451 22562
7026 702 35126
7001 552 27649
7055 760 38003
7003 639 31954
7014 426 21345
5576 54 2725
7020 49 2454
7021 261 13065
7017 271 13565
7003 1197 59864
7014 1603 80187
6340 63 3182
7049 1966 98313
7016 3 152
7018 292 14636
6572 178 8908
7004 349 17456
5474 47 2359
7022 253 12684
7017 862 43146
4982 86 4312
7019 251 12593
5603 11 580
7054 647 32393
6334 50 2524
7001 564 28210
6320 81 4099
7026 238 11940
5093 178 8908
7054 433 21654
6963 56 2828
7008 1455 72786
6800 152 7650
7023 823 41195
6098 137 6876
7054 1904 95237
6827 192 9621
7003 171 8584
7020 1696 84803
7026 109 5470
7003 1711 85558
7012 1590 79504
7014 886 44308
7017 55 2798
7004 870 43544
7010 773 38654
7014 1038 51903
7004 1720 86048
6180 12 622
5013 208 10416
7001 74 3749
7020 837 41891
7049 1344 67208
6990 11 595
7012 658 32917
6964 44 2226
6824 66 3346
6823 7 382
6118 137 6891
5516 48 2450
7014 426 21340
7004 1509 75486
5435 6 342
7019 541 27069
5207 74 3721
6606 43 2166
7020 257 12866
7020 49 2452
7004 1073 53676
7020 438 21933
7012 610 30517
6101 43 2190
7059 71 3581
6946 2 126
6934 146 7344
6332 63 3179
6687 178 8934
7004 1509 75463
5511 54 2723
6783 104 5204
6180 1 85
7006 296 14835
7003 1197 59864
7014 1603 80179
6382 77 3898
7018 869 43456
7010 812 40608
7026 32 1640
6837 50 2516
7054 1053 52699
7004 447 22355
7017 1373 68697
7004 554 27711
7017 1134 56713
5071 61 3088
6880 20 1045
7001 181 9094
7017 817 40864
7026 855 42797
7004 258 12936
7006 287 14381
7008 779 38981
7014 739 36998
7023 1607 80371
7014 1730 86516
7004 934 46726
7001 71 3571
5013 208 10437
7004 550 27519
7018 871 43584
7054 1001 50093
7014 656 32833
7017 1156 57809
5338 15 757
6206 16 848
7010 812 40619
7022 99 4992
7014 64 3238
7023 676 33816
7638 12 650
7022 3 175
7014 267 13395
7049 425 21296
6507 202 10144
7049 174 8732
6795 0 35
6080 155 7795
6806 22 1137
6110 30 1506
7054 1001 50086
7001 37 1855
7004 1595 79781
7008 829 41458
7008 298 14935
6873 11 564
7001 74 3718
7054 1746 87332
6695 42 2118
5433 74 3715
7023 318 15945
7010 812 40648
7001 71 3571
7022 222 11129
7054 1659 82954
7012 813 40695
7054 397 19879
6553 139 6968
5013 202 10140
7012 610 30534
7690 48 2450
6285 133 6662
7020 257 12866
7025 305 15273
5061 77 3895
7004 1661 83089
7003 1427 71381
7023 691 34587
5436 51 2594
7049 1687 84374
6149 153 7675
7026 158 7924
7011 19 959
7021 221 11051
6664 208 10436
7023 691 34583
7018 875 43784
7010 1698 84918
7004 1279 63976
7008 120 6001
7012 1376 68818
6946 8 404
7001 832 41617
7004 1661 83072
7026 558 27902
7008 995 49778
7004 349 17481
7004 882 44103
7025 539 26951
7012 1191 59589
7049 1721 86070
6098 52 2620
5268 10 549
7026 335 16765
7017 991 49557
7017 862 43135
7054 1490 74509
5953 6 327
6206 111 5578
7017 1753 87655
6990 7 384
5603 11 580
7017 164 8240
7020 1760 88012
6826 32 1610
7023 14 736
6320 80 4004
7022 13 678
7004 370 18550
7020 1089 54457
7054 1190 59528
7054 523 26185
7006 18 910
6752 132 6650
7059 80 4021
7020 965 48276
6779 67 3396
6953 0 43
7054 1301 65051
7010 1571 78570
7018 357 17864
7055 460 23011
7018 292 14636
7018 945 47273
5538 13 683
7014 558 27936
7054 2018 100929
7054 105 5282
7008 708 35415
7023 1770 88516
4952 48 2425
7004 601 30088
7019 573 28687
7026 158 7907
7003 896 44839
7003 1030 51517
6956 85 4290
7011 288 14405
7018 980 49011
5005 208 10420
7049 1104 55235
6975 168 8426
7018 920 46016
7010 1662 83126
7008 651 32597
6139 16 827
7001 104 5237
5538 13 683
7003 1624 81209
7018 871 43583
6530 6 340
6974 21 1056
7018 851 42554
7048 167 8379
7047 55 2784
7008 695 34761
7020 1361 68097
6795 0 35
7010 720 36044
7012 1244 62213
7010 773 38654
7017 1287 64353
7047 101 5089
7020 1620 81007
7014 157 7898
7004 1598 79942
7021 431 21596
7011 74 3727
7026 470 23548
7014 922 46149
7004 466 23333
7047 3 169
6922 161 8097
7004 930 46502
7014 788 39430
5215 45 2259
4998 142 7136
5568 20 1038
7004 57 2853
7019 261 13071
7019 313 15665
5013 208 10416
7014 483 24181
5418 5 267
7003 1110 55511
7010 773 38654
6506 72 3640
5177 42 2146
7054 1344 67229
7008 567 28377
7049 1392 69615
7017 244 12243
7017 1753 87655
7010 1195 59795
7001 759 37972
7007 84 4201
7462 17 854
7023 1005 50294
7023 1607 80371
7021 148 7407
7049 628 31437
5924 10 538
6956 85 4251
7016 88 4409
6507 83 4200
7054 390 19541
7010 509 25452
6749 76 3831
6115 12 609
7012 308 15435
7003 920 46025
7004 416 20847
7054 25 1291
7049 1326 66349
7004 349 17481
7020 1429 71457
7003 441 22062
7026 238 11903
7014 1038 51944
6953 3 200
6985 13 690
6350 81 4070
7003 896 44839
5387 37 1883
6906 28 1443
6761 40 2035
6149 147 7366
7017 772 38601
5437 135 6760
7054 1823 91199
6893 193 9676
7008 995 49778
7019 160 8036
7012 308 15435
7012 343 17184
7049 1980 99015
7126 0 48
7010 1219 60984
7003 1427 71399
7020 1282 64124
6408 21 1051
6812 97 4860
7054 1283 64178
6942 22 1149
7012 339 16991
6076 63 3183
7022 47 2363
6768 46 2345
7021 645 32279
7010 1255 62785
7012 339 16980
7023 1585 79284
7020 1012 50602
7017 772 38642
6440 37 1894
6837 205 10298
7001 650 32542
7012 1583 79198
7021 604 30204
7004 1280 64012
7014 292 14645
7049 1104 55244
7023 1646 82312
6637 44 2250
7055 59 2961
6767 5 284
6493 4 215
7006 56 2826
7085 65 3252
6423 81 4052
7018 920 46002
7025 258 12925
7004 1598 79926
7008 543 27154
6544 345 17254
6980 191 9587
7018 920 46016
7014 739 36969
7023 1766 88344
7055 391 19556
7021 153 7670
6180 12 622
7012 82 4103
7020 845 42283
7004 1499 74978
6092 47 2394
6835 117 5864
6871 64 3221
7001 997 49874
7010 200 10032
6768 46 2345
5183 24 1206
7055 34 1728
7003 1443 72195
7018 411 20582
7014 1467 73382
6761 44 2220
6296 3 160
5925 127 6371
7012 1399 69952
6334 50 2524
6407 49 2482
7054 390 19515
6098 137 6900
7012 1254 62711
7008 962 48119
6118 135 6761
7010 1195 59773
7020 1383 69166
7006 11 554
5084 54 2724
6959 36 1832
6752 161 8077
6572 185 9269
5345 21 1061
6548 42 2118
6311 18 913
5600 52 2624
7012 610 30517
7008 995 49787
7020 74 3728
7023 1585 79256
7012 1590 79525
7010 1443 72151
6978 17 882
7014 1517 75881
7020 1933 96676
7001 507 25362
7012 243 12167
7049 2005 100281
7010 722 36116
7017 55 2800
7020 1137 56876
7012 63 3186
6752 147 7396
7004 416 20841
6998 202 10110
7003 52 2619
7010 946 47326
5584 19 982
7018 875 43784
7006 296 14835
6070 108 5425
7010 1373 68667
7023 1585 79298
5177 42 2109
6981 93 4677
6375 17 890
5896 34 1711
7001 1186 59317
4969 23 1199
6993 20 1044
5337 138 6929
5600 149 7452
7017 1675 83764
5093 141 7075
6402 41 2063
7014 291 14589
7026 855 42764
7012 857 42883
7014 1334 66710
7018 502 25118
7017 1512 75634
7049 1126 56317
6767 5 285
7021 352 17603
6600 9 486
7020 1490 74513
7023 1729 86486
6339 180 9025
7055 779 38981
5774 87 4397
7049 722 36125
7020 724 36225
7021 785 39281
7020 1933 96697
7003 171 8580
7020 495 24788
7023 1646 82335
6506 74 3742
6285 130 6533
7001 674 33748
7008 934 46708
7020 1464 73210
7003 171 8567
6974 18 914
6881 110 5508
6154 10 535
6141 17 891
7010 722 36109
7010 509 25458
6336 142 7116
7003 493 24672
7017 67 3384
6989 117 5892
7020 1933 96699
6564 125 6274
7017 273 13664
7012 1300 65035
7018 966 48336
7055 167 8351
6832 15 776
7025 311 15551
7054 1650 82505
7049 1326 66349
7017 954 47739
7049 425 21264
5914 96 4827
6979 57 2898
6533 8 425
7017 271 13565
7025 148 7432
7004 554 27720
7020 1091 54594
7004 1073 53660
7021 352 17603
7020 374 18705
6664 66 3337
7054 1501 75083
7004 349 17489
7017 55 2800
7026 109 5470
7010 204 10218
7017 1519 75997
7049 1721 86061
7010 923 46179
7003 1543 77151
5925 126 6330
7012 1314 65727
7025 148 7446
6826 38 1911
6778 30 1509
5215 41 2086
7008 884 44225
7055 337 16869
6873 10 504
7006 56 2819
7017 683 34153
7026 238 11928
7001 447 22358
7012 1722 86110
7018 15 757
7020 59 2951
7003 1443 72171
7023 382 19136
6445 3 181
6139 16 827
7047 30 1501
7026 331 16551
7055 826 41343
7003 617 30863
6148 53 2685
7010 1443 72192
6304 104 5215
7016 185 9271
7020 1172 58629
6347 51 2560
7017 1753 87655
7017 273 13665
7054 390 19514
5511 55 2790
7012 1590 79504
7014 1176 58829
7020 427 21360
7022 47 2361
7003 414 20731
5002 13 692
5268 10 549
7019 7 392
7054 298 14938
7003 706 35311
7003 887 44362
5090 21 1095
6752 121 6074
6803 114 5747
6482 110 5512
7020 1570 78538
7010 812 40619
7017 1160 58032
7001 71 3556
6535 63 3164
7014 656 32847
7049 1297 64885
6420 65 3299
6923 40 2022
7006 296 14846
7055 504 25230
6969 234 11723
7134 18 946
7020 1782 89143
6837 205 10298
7020 476 23816
5134 36 1837
7020 1158 57938
7008 460 23037
7025 305 15276
7014 1139 56974
7003 774 38740
5268 7 396
7025 47 2373
7018 265 13271
7023 937 46893
7026 158 7907
6176 154 7741
5226 26 1311
7004 258 12913
7026 668 33421
7021 377 18855
7004 619 30969
7010 822 41146
7004 378 18946
7049 1325 66287
6407 16 847
7048 77 3880
7010 946 47326
6139 11 552
6350 81 4070
6829 192 9613
7020 1091 54592
6154 12 629
7020 1338 66932
7021 293 14673
7017 125 6278
7049 542 27124
6100 78 3919
7020 961 48091
7004 1647 82362
7004 934 46709
7008 337 16871
7019 409 20462
7006 296 14846
5268 7 396
7026 520 26041
5915 90 4509
6829 192 9646
7004 394 19739
7026 158 7907
7017 1371 68567
6637 47 2398
7026 158 7924
7003 152 7606
7054 488 24422
7021 93 4676
7018 875 43773
6440 25 1276
7054 515 25783
7014 544 27248
7049 1432 71621
7012 1314 65710
5177 42 2146
7026 470 23527
7003 1 55
7023 1607 80380
7001 361 18061
5511 55 2790
7014 267 13366
6611 48 2440
5497 24 1217
7018 966 48334
7004 550 27527
6535 63 3178
7017 1073 53679
6100 69 3461
7021 242 12145
7012 557 27893
7054 1344 67229
7019 371 18572
7023 1149 57477
7054 1709 85469
7017 1124 56207
7017 23 1183
6281 98 4923
7020 325 16267
7017 55 2798
6653 120 6006
6530 3 183
7018 887 44382
5011 29 1488
7008 1303 65199
6835 112 5635
7004 1479 73975
7001 155 7783
6102 9 477
7020 495 24792
6893 198 9907
6823 7 371
7020 1024 51224
6780 152 7608
7059 71 3581
7004 147 7355
6092 63 3159
7023 917 45899
7020 961 48067
7023 1770 88516
7020 476 23830
5896 9 494
5385 193 9679
7004 1686 84321
7012 809 40462
5511 51 2564
7025 584 29243
7018 871 43590
7010 1244 62227
5214 55 2786
7011 274 13708
6946 8 404
5049 61 3078
6098 137 6876
7055 438 21904
6483 105 5278
7054 1503 75186
7006 241 12072
7013 103 5162
7023 318 15945
7023 1262 63115
7053 11 551
7018 746 37342
6893 199 9990
6930 30 1548
5455 10 533
7012 1246 62328
5508 21 1054
7023 14 731
7001 564 28215
7025 451 22587
7017 1506 75327
7020 1943 97151
7049 1344 67227
7018 332 16611
5090 86 4309
7003 1197 59882
6347 19 977
7008 934 46743
7004 248 12433
6761 41 2080
7003 1443 72171
7010 57 2856
6534 44 2222
7049 1612 80629
5155 62 3115
7017 1373 68697
6769 61 3088
6798 162 8139
7055 830 41529
7054 1083 54159
6478 63 3173
7004 1585 79292
6487 160 8005
6489 112 5611
7023 1483 74185
5013 209 10470
7023 345 17297
6231 46 2331
7003 706 35330
7016 185 9271
7017 1269 63469
6932 231 11563
7020 357 17861
7055 751 37567
7003 1197 59864
6507 199 9952
6114 135 6797
7014 52 2647
7003 1691 84584
7054 1776 88821
7004 1242 62142
7049 1432 71601
7001 461 23089
7012 274 13709
7023 1058 52946
6564 127 6367
7020 1541 77080
7020 957 47859
7008 1245 62266
6506 76 3831
6533 8 419
6468 41 2077
7049 1004 50221
5777 33 1656
7047 55 2778
7014 267 13365
7054 1932 96623
7020 226 11301
7054 1306 65337
6683 118 5946
7584 23 1181
7049 938 46908
5016 72 3638
7006 475 23786
7017 1371 68586
7020 495 24784
6953 143 7183
6296 3 160
7001 71 3592
7012 1202 60123
7054 25 1299
7055 326 16320
7017 1519 76000
6952 4 231
6231 45 2251
7018 416 20813
7023 479 23952
6340 67 3383
5982 28 1426
7049 692 34632
6928 50 2541
7014 259 12966
7010 822 41109
7004 349 17489
7049 1104 55228
7010 1746 87322
6880 20 1045
7012 1518 75901
7012 893 44693
7054 25 1281
7017 1752 87635
7021 96 4807
7049 1980 99015
7003 762 38131
6115 19 974
6980 191 9587
7049 628 31433
6493 37 1887
7020 641 32070
7054 515 25783
7023 1607 80361
7049 1104 55225
6332 66 3302
6778 32 1647
7023 518 25941
7017 1036 51827
7054 25 1299
7012 1458 72939
7008 337 16872
7004 416 20826
7018 357 17893
7023 1716 85830
7008 835 41775
7049 692 34617
7434 83 4195
7020 1091 54592
7017 1693 84686
5093 178 8908
6642 55 2790
7003 428 21448
7003 231 11575
7021 674 33704
6946 60 3044
7023 1012 50620
7049 1416 70835
7026 558 27918
6978 17 882
5914 99 4967
7003 920 46025
7054 1190 59528
7020 836 41827
7054 539 26974
5433 83 4172
6100 81 4083
5914 96 4827
7055 268 13401
7001 205 10253
6425 24 1233
5777 26 1329
7001 848 42423
5897 36 1825
7023 1262 63123
7007 17 871
6535 228 11432
7010 57 2872
7022 47 2352
7003 639 31954
7021 219 10972
6478 63 3173
7014 686 34328
7018 536 26843
7049 1753 87667
6369 54 2746
7020 257 12866
7054 550 27517
7054 1776 88839
7049 157 7894
7003 1590 79532
7020 1949 97478
6795 2 114
7010 200 10043
6579 39 1963
6823 8 447
7020 633 31695
7008 1411 70569
7012 489 24451
6874 85 4285
7017 1512 75624
7020 549 27475
7010 1036 51819
6769 163 8192
7010 25 1267
7016 283 14174
7049 692 34632
6564 127 6367
6334 62 3124
7010 1193 59700
7049 236 11801
7017 1073 53695
7023 479 23966
7019 381 19059
6376 33 1681
7018 875 43784
6070 82 4134
7017 1269 63469
7017 1269 63469
7001 37 1887
7017 273 13664
7021 604 30202
7014 1038 51930
6026 49 2497
5971 118 5902
7003 706 35311
5031 72 3617
7003 267 13353
6946 63 3156
7014 1603 80200
7017 1601 80089
6611 51 2588
7017 1036 51827
7023 1734 86735
7008 1356 67817
7054 1746 87314
7026 470 23528
7014 933 46684
7010 212 10643
6347 51 2559
7021 271 13581
5436 56 2850
7014 697 34899
7054 508 25423
7019 345 17271
5528 17 889
6642 59 2953
7055 760 38008
6697 21 1092
7010 720 36030
5459 23 1155
7020 1091 54592
6180 12 622
7008 779 38981
7047 119 5970
7054 978 48901
7004 79 3970
6483 107 5355
7001 71 3556
7049 476 23823
6803 129 6484
5896 7 385
7021 297 14853
7004 447 22360
7017 1681 84057
5134 32 1641
7003 1269 63470
4952 47 2392
7020 386 19345
6915 176 8849
7023 1262 63149
7023 479 23966
6445 3 181
7008 779 38999
7001 895 44760
7008 389 19468
7054 1904 95201
7054 1327 66357
7003 1103 55163
7023 1164 58206
7012 330 16529
6653 123 6194
6141 17 891
7014 656 32833
6952 4 231
7021 171 8576
7012 559 27996
7047 55 2765
6080 147 7379
6161 19 991
7003 389 19466
7021 219 10998
7462 21 1090
7013 150 7519
7001 999 49978
7014 106 5337
7014 996 49828
5207 84 4210
7001 447 22393
6752 167 8374
7026 470 23528
7049 1721 86063
7022 47 2363
6160 65 3288
7018 945 47283
7049 1830 91514
7023 531 26600
7018 817 40885
7021 645 32270
6361 31 1555
7001 37 1863
7018 135 6798
7049 973 48651
6687 173 8654
6533 8 425
7006 475 23786
6752 147 7383
7012 731 36557
6122 45 2283
7004 248 12433
7004 303 15167
7010 212 10627
6893 194 9737
7055 268 13401
6407 49 2482
7047 88 4448
6046 52 2604
7020 1091 54594
5215 43 2178
6835 115 5794
7012 1300 65021
5179 98 4928
7017 271 13577
7008 298 14901
7010 1257 62881
6874 88 4441
7055 436 21826
7010 720 36044
7049 956 47821
7020 1782 89143
7008 1245 62286
6367 34 1712
7023 1895 94788
6854 31 1588
7012 1620 81033
7023 1854 92701
7054 515 25761
5396 8 417
7018 135 6794
7001 827 41382
5516 75 3778
6761 40 2035
7020 360 18036
7408 89 4461
7003 655 32773
6382 48 2422
5617 62 3113
7020 956 47805
7048 77 3880
6959 184 9234
7018 817 40895
7013 103 5162
6058 168 8428
6773 31 1582
7023 1734 86719
7054 539 26974
7020 257 12866
7014 898 44910
7017 983 49192
5600 149 7452
7021 172 8635
7014 52 2615
7021 242 12101
7004 1595 79784
7021 261 13065
7013 8 440
7049 1302 65140
5164 72 3646
6837 101 5062
5108 23 1187
7023 1646 82335
6803 9 454
7012 1324 66214
7003 617 30871
6296 1 81
6826 35 1781
7049 1200 60027
7023 1734 86701
7023 6 310
7010 198 9929
6922 223 11179
7012 842 42134
7026 355 17753
6347 3 175
7049 1721 86070
7017 1068 53443
7010 1746 87326
5090 158 7935
7010 1072 53618
7018 851 42600
7014 1236 61812
7011 177 8851
6091 202 10145
7023 823 41173
7282 24 1222
5625 203 10193
7004 1242 62143
7020 1913 95675
7004 890 44535
7054 1053 52692
7025 365 18276
7047 15 796
5566 26 1305
7012 82 4122
7055 154 7746
5909 24 1220
7010 1745 87284
7008 1334 66735
7001 848 42440
7023 6 322
7012 595 29772
7010 509 25498
6922 161 8097
7006 138 6904
7008 120 6001
7047 73 3665
7003 920 46022
6046 38 1923
7054 397 19879
5947 100 5049
6687 178 8918
6023 28 1424
6928 50 2517
7016 283 14174
7008 1245 62280
6928 49 2463
6969 198 9917
7004 1298 64906
7001 895 44756
6893 192 9608
7020 325 16253
4955 43 2194
7018 790 39514
6564 125 6274
7049 542 27127
7019 37 1851
6375 11 551
7003 472 23637
7023 590 29517
5226 31 1565
5005 47 2367
7054 1588 79449
7008 472 23627
6826 35 1798
7023 1657 82859
7017 1515 75773
7011 118 5921
7026 470 23548
7014 1517 75875
7026 648 32404
5127 33 1668
7020 360 18021
7054 778 38943
7004 1365 68282
7013 103 5161
7049 1004 50216
7023 75 3799
6564 125 6274
7020 837 41861
7054 1344 67207
7054 427 21372
6798 162 8139
7020 1025 51281
6653 122 6112
7012 1162 58118
7010 1375 68775
7014 1603 80166
6114 135 6797
5516 48 2450
7012 1143 57170
6806 37 1886
7014 291 14589
7014 1397 69899
6999 9 466
7001 946 47317
6642 61 3092
7047 115 5774
7001 997 49857
7004 1142 57128
6664 57 2884
7008 962 48107
7025 93 4663
7026 668 33421
7020 1464 73207
6579 18 927
6379 68 3432
7019 98 4909
6756 83 4183
5179 98 4928
6376 11 555
5625 108 5433
6366 87 4370
6989 189 9495
7019 251 12593
7049 93 4670
7059 41 2096
7014 253 12683
6149 147 7366
7026 745 37267
5924 12 649
7054 1943 97193
7014 215 10767
7022 47 2387
7020 1949 97482
7004 1513 75666
7055 760 38026
7049 174 8720
7010 1499 74989
6761 41 2052
7003 1427 71361
7054 25 1299
5215 41 2066
7012 1162 58134
7008 815 40776
7018 670 33517
7054 397 19872
7016 85 4274
6798 162 8135
7014 979 48960
6697 21 1092
7020 1282 64104
7054 398 19929
7408 20 1015
7012 1143 57180
6502 44 2207
7023 1262 63140
6544 345 17280
7017 394 19705
7023 1734 86719
7004 349 17473
7049 1687 84374
7020 360 18036
6990 7 384
4978 44 2209
6535 52 2649
6115 19 974
7012 339 16980
5971 83 4196
7017 67 3396
7014 898 44943
7134 15 758
7003 1417 70882
7049 1966 98301
7017 57 2880
7478 24 1210
7017 796 39808
7001 552 27649
7008 934 46729
7013 57 2871
7010 57 2878
7049 463 23189
6564 125 6274
7008 531 26584
7012 1653 82699
6021 123 6159
6855 66 3306
6218 4 244
6141 17 891
7014 185 9257
6823 7 382
7025 261 13062
7522 19 953
6332 55 2800
7001 827 41362
7022 13 677
5071 64 3248
7018 890 44502
7049 1508 75438
7049 1302 65146
7010 1403 70191
6340 67 3383
7020 1338 66919
6234 22 1115
7012 63 3175
7020 1172 58635
7048 70 3503
7001 976 48849
7049 157 7894
7049 956 47839
7017 1753 87663
6922 161 8087
7049 1302 65121
7010 822 41103
7004 1595 79784
7025 93 4665
6637 47 2367
6637 44 2250
7003 152 7615
7010 720 36044
7012 1114 55736
6332 55 2800
6445 3 181
7010 1698 84924
7049 1983 99199
7020 937 46859
7054 550 27517
7017 1732 86637
5268 3 168
6100 69 3461
5433 26 1329
7021 817 40899
7004 1585 79285
6908 39 1981
7006 33 1654
7018 357 17864
7054 255 12754
4999 86 4326
6154 11 559
7020 257 12857
7049 1482 74122
7008 540 27001
