7016 392 19650
7021 576 28835
7010 634 31717
7055 204 10232
7003 319 15967
7023 1919 95995
7006 92 4640
7054 485 24270
7008 844 42245
6840 71 3588
7023 1626 81316
7020 731 36566
7019 276 13842
7023 1048 52403
6540 37 1872
7021 193 9657
7017 1436 71832
7049 847 42361
7003 729 36453
7023 56 2829
7020 818 40927
6562 41 2055
7054 477 23896
6907 207 10393
7054 1426 71316
7020 1732 86635
7017 724 36249
5604 16 838
7049 1272 63645
7011 317 15899
7018 888 44428
7017 357 17884
6840 85 4268
7054 1221 61074
7010 1217 60869
6797 10 515
7010 176 8832
6529 10 538
7054 1651 82571
7010 634 31740
6406 132 6612
7054 576 28845
7017 1210 60535
7008 197 9858
7017 130 6536
7023 120 6007
7014 1096 54840
7006 512 25616
6689 128 6441
6173 200 10020
7021 141 7093
7055 338 16909
6562 41 2065
6305 47 2356
6835 17 875
7017 1210 60537
7054 1137 56894
7023 174 8710
7012 1363 68198
7008 942 47148
7049 1588 79437
7012 366 18333
7054 946 47330
7008 1358 67921
6980 112 5622
7001 135 6790
6611 131 6562
7049 919 45993
7018 323 16193
7022 110 5540
7049 171 8564
7054 1241 62060
6052 21 1080
7001 497 24880
5412 41 2058
7017 4 219
7004 491 24588
7020 1775 88796
6022 173 8666
6506 165 8256
7055 539 27000
6663 90 4534
7023 596 29833
7008 313 15674
7018 868 43417
6980 78 3913
6769 135 6789
7008 844 42245
5364 136 6812
7016 176 8812
6501 1 58
7020 212 10617
7020 344 17231
7008 292 14636
7010 1681 84075
7023 858 42911
7008 1013 50651
7054 1737 86880
7022 155 7756
6981 18 937
6608 61 3071
6195 101 5093
6151 31 1552
7023 120 6006
6800 218 10931
7054 485 24283
7054 1893 94692
7012 746 37344
7021 141 7071
6429 139 6984
7014 1760 88011
6153 10 535
7018 288 14415
6074 74 3746
7010 901 45100
7018 143 7158
7003 1418 70946
7016 383 19194
7023 782 39143
7020 1896 94842
7049 903 45155
7054 1561 78098
7018 37 1895
7565 121 6070
6007 139 6972
7017 1045 52293
7004 266 13347
5211 63 3162
6906 2 120
7026 869 43457
5000 84 4213
7020 1679 83965
6563 128 6447
7010 901 45067
7023 237 11866
7001 163 8192
6783 16 809
6907 64 3239
7573 24 1216
7055 241 12062
7049 719 35959
7014 880 44001
7023 572 28606
7008 35 1766
6052 36 1823
7020 865 43271
7023 681 34097
7010 69 3463
7020 1443 72168
7018 253 12686
7001 731 36585
5436 16 821
6960 159 7990
7046 0 38
7014 988 49416
7001 479 23993
6907 48 2446
7004 1311 65592
7018 224 11231
5344 51 2568
6991 140 7048
7008 1201 60066
7001 491 24597
5084 7 352
4998 174 8719
5437 181 9080
7054 851 42600
5382 205 10278
7049 2020 101028
6304 123 6160
7020 1355 67791
7012 449 22482
7010 6 308
6748 174 8725
6797 17 860
7017 92 4638
7008 1193 59677
7014 984 49235
7008 309 15466
7049 847 42393
7004 656 32832
7007 58 2934
7026 844 42229
7054 673 33680
5397 1 100
6629 14 713
7046 98 4907
7008 716 35818
6303 190 9522
7003 1231 61581
7016 40 2028
7049 1970 98518
7014 803 40166
7016 150 7518
7013 72 3625
6562 110 5530
6031 150 7519
6874 54 2738
6664 166 8337
7054 408 20410
5068 87 4397
6211 34 1719
7389 10 533
6562 47 2394
6303 190 9522
6076 124 6213
7049 788 39411
7008 904 45211
7017 650 32550
7049 809 40479
7014 1319 65984
6428 12 609
6840 73 3669
7048 76 3837
7014 803 40190
7049 1023 51171
7026 541 27075
6312 43 2176
7026 233 11696
5441 16 849
6917 46 2328
7018 169 8454
7014 484 24233
7010 1476 73812
7010 1118 55914
7023 1323 66167
7004 1434 71711
7001 994 49723
7001 1185 59293
7049 563 28198
7021 190 9536
6427 15 763
7049 1352 67642
7019 386 19306
7017 829 41481
7006 335 16770
7011 117 5870
6564 165 8254
7020 1209 60456
7006 424 21205
7054 58 2939
7010 33 1666
6871 144 7204
7048 105 5279
7055 48 2422
7001 1008 50437
7010 589 29495
5187 134 6747
5891 9 461
7012 1172 58620
7006 153 7677
7006 190 9502
7017 1236 61833
7010 974 48724
6884 19 958
7049 1666 83349
5611 45 2300
7026 213 10660
7020 1543 77171
7014 128 6421
7049 1758 87913
7012 1172 58638
6478 45 2265
6145 49 2459
7055 491 24554
7020 1802 90131
7016 256 12839
6934 212 10614
7023 422 21133
6884 18 929
6812 15 759
7017 1376 68835
7001 387 19355
7020 1276 63816
7007 7 375
7012 855 42787
7054 383 19173
7004 365 18266
7020 1712 85645
6906 9 461
7012 1165 58279
7004 590 29544
7020 1896 94837
7026 877 43864
7014 1601 80097
6324 94 4740
7008 445 22268
7054 671 33593
7020 1149 57480
7010 1683 84167
7023 1102 55134
6076 160 8017
7023 681 34097
7012 1629 81451
7049 1993 99671
6529 14 744
7049 1399 69960
7292 11 576
7019 36 1818
7007 119 5973
6563 126 6316
6906 15 797
7008 993 49699
6423 202 10143
6380 79 3953
7054 373 18672
7049 1798 89939
7055 411 20555
6529 16 819
7739 66 3301
7017 553 27688
7025 216 10836
7010 620 31023
7012 877 43874
7049 1987 99369
7017 68 3418
7010 1358 67947
7004 990 49536
6305 22 1101
7054 648 32441
7004 681 34091
7012 579 28986
7049 1748 87425
7012 291 14595
6942 8 447
6895 17 856
6565 141 7051
7022 71 3571
7004 656 32843
7008 1375 68771
6367 54 2714
7012 1249 62472
7026 596 29812
5430 20 1008
5092 23 1183
7012 1476 73819
6874 26 1332
7023 375 18796
7018 728 36433
5104 14 720
6299 3 191
6195 33 1674
6663 62 3123
7023 422 21142
7372 26 1324
7023 1102 55134
6792 12 603
7012 201 10074
7010 1076 53838
7014 168 8443
7020 70 3547
7010 1217 60881
7020 1727 86374
7017 1440 72032
5437 99 4968
7054 1044 52245
7018 603 30189
6687 13 673
7008 825 41256
7020 1712 85635
7008 1342 67111
7055 761 38079
7131 74 3744
7049 759 37952
7010 901 45066
7054 1146 57313
7023 1283 64186
7022 155 7796
7017 1317 65880
6322 4 206
7054 673 33657
6591 149 7462
7010 447 22386
6947 34 1712
7016 129 6476
7001 1062 53137
5328 51 2588
7025 340 17003
7131 54 2718
6490 123 6178
7012 1046 52302
7007 39 1979
6402 49 2488
7003 1607 80380
7020 904 45212
7004 1698 84906
7001 33 1665
6907 174 8719
5906 85 4276
7012 737 36893
7049 2020 101025
7014 1171 58551
7017 717 35879
7001 1074 53748
6786 76 3823
5547 23 1161
7023 846 42330
7010 614 30701
6936 40 2002
7018 785 39278
7004 23 1172
7001 483 24153
7013 51 2591
7014 808 40447
7004 157 7852
7003 1629 81480
6917 236 11848
6942 3 152
7049 1175 58778
7003 1392 69623
7055 372 18649
7023 572 28626
7008 1058 52944
6140 37 1854
7004 986 49314
6377 11 551
7021 554 27738
7022 55 2765
7012 1707 85354
7026 641 32052
7025 508 25402
7049 724 36218
5179 183 9169
7020 1849 92465
7012 263 13199
7018 118 5926
7535 18 935
7012 835 41790
6787 234 11712
7055 332 16627
7018 607 30396
6235 5 261
7023 1787 89393
7004 1155 57796
7004 1098 54935
7004 1492 74612
7049 273 13654
7018 736 36819
7054 1587 79361
7003 1009 50458
7001 865 43260
7048 86 4338
7014 1304 65210
6773 60 3013
6123 129 6476
7054 1793 89687
7019 208 10420
7020 1721 86100
7054 525 26258
7020 1709 85471
7008 941 47090
7010 1677 83862
7026 466 23341
7086 17 881
7010 227 11398
7004 1305 65251
7004 1569 78476
7004 218 10938
7023 120 6026
6748 176 8801
7023 668 33432
7012 1100 55003
6667 18 922
6140 43 2159
7022 71 3575
7010 901 45054
7018 295 14753
7049 1272 63608
7053 49 2469
7017 40 2019
7020 1850 92526
7017 1735 86799
7520 28 1442
7001 713 35657
7008 1012 50623
5457 22 1150
7014 1459 72971
6426 56 2822
7019 528 26433
7049 966 48340
6147 21 1080
6083 8 449
7017 1301 65070
7003 1357 67852
6773 224 11219
7012 1000 50033
6840 74 3710
7010 1352 67631
7098 6 309
7004 412 20633
7004 46 2310
7018 627 31377
7010 1031 51585
7020 8 430
7017 357 17860
7010 307 15395
7054 653 32671
5397 1 100
7023 1705 85251
6226 81 4093
7006 445 22277
5891 9 461
7004 843 42169
6327 2 103
7023 119 5954
6147 28 1410
7016 218 10947
7014 135 6755
6779 70 3545
7012 856 42830
7025 95 4800
6589 137 6857
5606 47 2400
7019 343 17187
7006 206 10309
6023 47 2361
7019 254 12740
7054 1952 97601
6261 27 1379
7004 1152 57640
7014 841 42057
7011 44 2245
6605 165 8288
6748 171 8556
5925 11 593
7010 607 30351
7026 535 26758
7001 651 32595
6478 47 2356
7093 6 349
7021 158 7918
6162 77 3879
6874 26 1302
7018 956 47821
5216 74 3721
7049 1315 65782
7003 922 46147
7004 1373 68698
7011 152 7649
7018 152 7611
7049 1117 55890
7003 226 11311
7006 424 21212
6917 240 12029
7025 119 5953
7008 1012 50629
7017 41 2055
7054 985 49281
4979 14 728
7023 561 28073
7054 374 18737
7010 619 30955
7003 54 2703
7012 771 38578
7014 1265 63275
7012 771 38558
5424 11 572
7020 1565 78264
6093 5 253
6462 13 666
5979 43 2178
7054 1980 99044
7022 25 1274
6955 19 979
7003 1009 50470
5527 30 1502
6230 28 1432
7008 716 35826
7025 508 25402
5364 131 6572
7004 1547 77361
7019 527 26384
6606 81 4069
6942 83 4194
7006 98 4909
7054 1519 75962
7003 38 1919
5998 3 193
6787 227 11356
7011 152 7634
6224 24 1234
7017 285 14264
7003 792 39629
7012 1567 78389
6768 83 4174
7021 290 14506
7020 907 45397
7010 563 28165
7020 470 23535
7048 184 9201
7019 276 13843
7012 369 18489
5598 48 2445
7001 651 32584
6683 116 5839
7018 303 15185
7023 1195 59789
5363 10 503
7012 663 33169
7055 302 15137
7012 980 49009
7017 1557 77856
7023 1570 78542
6146 7 356
7054 233 11674
7026 694 34740
5624 75 3758
7010 1502 75113
7012 1476 73821
7565 226 11330
7020 153 7692
7021 262 13111
7008 445 22268
6406 121 6053
5915 11 559
7020 1848 92401
7023 1695 84772
7023 409 20460
7012 1363 68164
7054 526 26312
7049 319 15965
7022 262 13143
7012 598 29904
6600 131 6564
6835 98 4948
7017 703 35171
7011 148 7417
5106 122 6129
7049 418 20948
7017 1632 81625
7054 1580 79020
7049 246 12350
5386 73 3651
7022 166 8334
7054 1645 82289
7001 929 46468
7026 227 11382
7012 1084 54214
7023 547 27381
6684 13 676
7008 1211 60589
6324 94 4740
7003 226 11343
6676 23 1178
7012 1630 81526
7048 5 267
7019 526 26316
7018 160 8045
7054 1972 98601
7012 566 28334
6871 144 7204
7025 524 26210
7007 130 6522
7026 752 37625
7055 89 4453
7017 1103 55174
7003 59 2967
7049 1272 63608
7018 787 39384
7048 86 4338
7004 8 435
7026 47 2365
7017 84 4235
7008 1072 53648
7017 1447 72391
7126 15 761
7001 483 24162
7016 150 7545
7026 715 35773
6688 15 762
7006 479 23962
6980 112 5643
7004 95 4761
7054 761 38082
7051 57 2873
7023 301 15077
7023 1184 59231
7020 799 39957
7049 1580 79016
7020 669 33465
7012 561 28080
7017 1360 68039
7054 18 925
7023 1490 74539
7054 96 4803
7049 919 45987
7020 93 4661
7003 557 27873
5155 100 5029
7026 227 11367
7008 269 13454
7003 454 22712
6562 42 2130
5092 168 8441
6955 149 7493
7003 324 16210
7021 435 21776
7011 152 7617
7006 476 23836
7055 445 22269
7023 965 48255
7014 1304 65236
7003 844 42249
4979 13 676
7004 46 2310
7049 1051 52571
7742 236 11813
7004 681 34091
7006 489 24483
7014 519 25960
7047 72 3607
7004 434 21730
7014 1276 63802
7022 56 2842
7010 460 23016
7010 121 6078
7021 499 24981
5124 50 2549
5912 13 665
7010 1438 71933
7017 1375 68774
7019 431 21598
7014 1601 80088
5624 13 670
5501 8 430
7051 95 4794
5155 100 5029
7001 731 36557
6216 112 5610
7004 656 32843
7014 1265 63275
7018 664 33231
7020 1778 88936
7023 1377 68894
7021 282 14144
6905 5 264
7025 580 29028
7017 402 20145
7023 909 45492
7055 720 36034
5364 49 2486
7004 1643 82195
7010 296 14807
7054 617 30890
6591 104 5211
7054 1628 81408
6647 140 7010
7004 98 4924
7004 848 42448
7049 406 20331
7372 30 1541
7014 1597 79879
7020 1245 62271
7016 150 7505
7020 1501 75077
7025 115 5791
7014 811 40560
6980 185 9255
6341 55 2767
7016 176 8844
7017 1401 70090
7025 95 4800
7007 58 2908
7003 1418 70911
5515 116 5846
7001 61 3066
7001 929 46482
7014 638 31939
6906 11 572
7014 74 3705
5361 26 1325
5106 78 3942
7004 673 33697
7001 681 34094
7054 1044 52228
7141 47 2379
7018 555 27752
6917 237 11897
7026 822 41109
7017 292 14634
6761 36 1845
7010 1247 62388
6406 126 6301
5512 137 6870
7021 310 15511
7049 879 43981
6022 72 3628
7049 1130 56534
7054 1980 99012
7014 793 39658
7004 1114 55722
7006 98 4907
7018 956 47832
7026 755 37757
7012 765 38270
7025 303 15151
7049 1272 63645
6921 2 104
6616 50 2522
5436 16 821
7010 1701 85069
7017 1641 82087
7010 1579 78995
6589 131 6555
7048 184 9238
7026 536 26843
7013 129 6488
5457 23 1154
7018 509 25471
6785 162 8102
6894 11 590
7004 1287 64356
7017 903 45199
6064 52 2604
6426 189 9461
7026 444 22231
7560 22 1104
7049 1580 79019
7008 1275 63792
6919 39 1959
7014 1474 73725
7023 586 29350
7026 252 12603
7017 1012 50618
7051 12 641
7017 1401 70090
6107 3 158
5933 128 6449
7019 380 19018
7012 1363 68200
7004 563 28160
7001 1151 57599
7054 914 45713
7055 394 19702
7049 1352 67641
6148 11 563
7023 217 10883
6664 99 4974
6955 21 1061
7001 660 33024
7021 237 11896
6631 100 5032
7054 1618 80936
6007 145 7293
7054 1517 75899
7026 715 35788
7004 1287 64356
7008 844 42222
7014 1116 55826
7049 575 28799
7011 261 13053
7012 566 28348
7018 37 1858
7021 368 18404
6092 191 9559
6591 95 4753
6647 142 7112
5235 27 1368
7049 1356 67808
7008 492 24613
5169 55 2761
7017 1012 50628
7014 1211 60570
6563 124 6226
7004 510 25547
7010 1352 67629
7016 8 421
7019 64 3214
7004 1103 55169
7054 1016 50833
6382 150 7532
7012 406 20336
7020 186 9347
7054 408 20411
7003 1254 62746
7017 703 35159
7023 984 49221
7017 425 21280
7010 33 1689
7023 909 45494
5390 56 2845
7004 176 8808
7018 37 1853
7014 1099 54954
7049 1748 87417
7054 98 4911
5513 10 538
7018 868 43425
7012 1523 76151
7023 605 30257
7054 1618 80936
7012 1570 78517
7001 903 45188
7048 98 4925
7017 1145 57290
7020 1823 91197
7055 10 501
6853 92 4614
7017 610 30548
7026 500 25045
7049 875 43772
7048 75 3759
6915 209 10484
6312 101 5092
7001 690 34519
7018 651 32574
7025 520 26036
7001 491 24581
7049 662 33115
7004 412 20614
7018 888 44448
7017 1639 81979
7014 290 14502
7004 140 7048
7014 1116 55837
7012 263 13199
7008 681 34094
7010 1289 64489
7020 582 29104
7001 1062 53129
7014 187 9383
5979 35 1766
7054 18 925
6503 7 371
6919 5 277
6883 20 1039
6348 38 1901
6712 21 1094
7019 36 1818
7007 38 1904
7020 687 34393
5519 16 846
7004 936 46841
6406 130 6528
6140 39 1998
7020 720 36033
5960 17 871
7013 10 544
7026 233 11680
7054 152 7629
7010 888 44450
7003 442 22128
7020 1593 79663
7014 1043 52181
7054 914 45703
7010 1467 73380
7049 214 10748
6788 33 1669
7018 49 2497
7012 1476 73804
7016 390 19535
7054 411 20578
7003 910 45536
7026 450 22512
7003 1585 79288
7010 6 308
4982 137 6861
7001 147 7388
7020 1775 88773
6589 137 6893
5001 21 1086
7049 246 12341
7054 1498 74919
5501 8 430
7021 53 2687
7023 903 45186
7049 2020 101003
7021 776 38819
7008 35 1795
6912 98 4933
6776 28 1416
6953 71 3553
7006 43 2190
7004 856 42810
7018 264 13232
7003 104 5223
7018 246 12338
7019 221 11060
7004 1037 51881
6824 97 4891
6939 59 2990
7014 1280 64048
7014 137 6899
6311 52 2615
7001 491 24552
5099 44 2219
5774 66 3309
7025 457 22892
7016 129 6498
5419 25 1293
7017 1641 82076
6957 50 2532
7001 884 44246
7017 321 16053
7008 1273 63671
6793 5 275
6650 28 1405
7049 919 45989
7013 49 2468
7017 1037 51870
7049 186 9325
7018 888 44404
5363 12 646
6769 135 6789
7023 384 19205
7004 1037 51855
7003 77 3879
7018 888 44448
7054 185 9266
7023 711 35586
7054 762 38104
6599 99 4982
7017 1292 64608
6974 66 3339
7302 65 3295
6045 14 740
7003 317 15900
7016 143 7186
7012 369 18476
6908 204 10215
6594 20 1007
5393 24 1207
7010 34 1708
5979 35 1766
5894 76 3834
7019 477 23868
7020 1576 78850
7051 95 4794
6609 80 4010
7049 662 33103
7049 25 1256
7014 1755 87764
5466 3 185
5179 38 1917
6947 34 1712
7018 97 4889
7001 1008 50427
7012 635 31785
7021 485 24300
7048 53 2669
7018 72 3640
7054 1444 72229
7026 175 8757
7008 688 34408
7054 1517 75898
7012 1684 84246
7004 1294 64733
7012 761 38070
7017 1491 74581
7019 144 7225
7023 605 30270
7017 168 8438
6406 162 8137
7146 47 2353
7013 194 9725
6980 232 11649
7026 694 34737
7003 185 9265
7011 290 14529
7018 118 5940
6768 87 4374
7008 993 49675
6593 5 300
7001 252 12640
7131 53 2667
7055 491 24595
7017 1389 69456
6905 9 479
7004 1155 57796
6667 18 925
7014 947 47351
6969 159 7961
7010 1118 55950
7023 495 24795
6110 119 5973
7021 180 9021
6343 144 7244
6285 104 5206
7019 76 3810
7023 444 22225
6835 16 818
7055 728 36424
7017 1639 81977
7049 884 44245
7049 598 29938
6489 3 181
7001 491 24589
7020 1495 74754
6301 4 246
7001 455 22762
7014 973 48700
7012 3 191
7010 943 47151
7020 186 9334
6183 29 1466
7008 309 15458
6917 234 11723
7008 322 16135
7049 1821 91098
7004 681 34076
7055 245 12265
7017 1641 82055
7003 385 19287
7022 283 14163
6319 52 2608
7004 1740 87029
7012 1576 78834
7049 1859 92961
7003 725 36259
7020 1443 72160
7008 176 8830
5933 172 8620
7010 1185 59273
6076 123 6194
5364 65 3278
5106 122 6129
7020 1841 92084
7010 410 20541
6888 58 2912
7394 8 446
7003 1556 77836
7021 268 13412
7021 303 15169
5540 16 850
7018 323 16169
7055 720 36036
6789 140 7010
6676 21 1074
7020 413 20666
7054 395 19783
7003 1287 64358
7021 81 4077
7054 1147 57396
7016 101 5087
7020 1928 96407
6778 36 1841
7003 1027 51394
6230 30 1542
7049 1651 82557
7019 138 6907
6323 102 5148
7019 482 24142
6478 27 1380
7003 890 44546
7054 761 38082
6748 175 8791
7008 1351 67576
7021 776 38824
7018 669 33470
7020 790 39545
7012 1567 78398
7013 129 6459
5074 22 1144
7054 94 4721
7054 168 8408
7004 1103 55187
7026 54 2703
7006 424 21205
7025 210 10531
7017 919 45974
7017 298 14916
6620 83 4161
7006 399 19984
7010 149 7475
6288 117 5870
5920 9 454
7055 55 2768
6879 193 9672
7020 996 49812
7049 1340 67046
7054 1793 89654
7522 112 5628
6952 53 2700
7017 756 37848
7014 524 26212
7025 29 1452
7010 121 6093
6520 16 815
7025 403 20168
7021 123 6180
7010 1118 55940
6299 3 184
7055 665 33279
7025 554 27707
7020 1778 88933
7049 1892 94618
6921 3 170
7004 469 23461
7017 1389 69473
7054 383 19166
7016 224 11231
7020 503 25157
7018 405 20265
6908 208 10409
7054 1466 73321
5090 56 2841
7025 303 15161
7006 108 5416
7004 1006 50350
7054 1737 86875
6787 228 11422
7025 408 20437
6286 1 95
6305 65 3277
7023 473 23661
7132 55 2765
6840 86 4308
7023 978 48903
7020 802 40139
7013 124 6204
6776 38 1938
7319 12 635
7013 49 2487
7023 1561 78099
7012 143 7152
7010 455 22761
7049 416 20820
5038 36 1834
6965 0 9
7048 96 4812
6879 25 1281
7014 138 6922
7004 1578 78940
7004 1708 85418
6600 27 1355
5353 13 662
7012 840 42026
6664 158 7925
7001 903 45153
7049 1996 99818
7019 387 19354
7023 38 1917
7003 804 40232
7021 310 15511
4957 106 5348
7054 1515 75793
7011 126 6302
7021 776 38826
7010 630 31543
7023 1561 78077
7014 384 19226
7055 394 19746
7049 1874 93725
7008 1012 50626
7010 832 41604
7018 288 14424
6620 89 4495
7055 181 9064
5201 97 4875
7491 12 631
6030 85 4256
7017 41 2061
7017 1295 64787
7012 874 43717
6528 116 5812
6969 89 4489
7012 994 49705
6768 121 6054
6043 141 7059
7008 247 12378
6752 77 3876
7006 582 29111
5940 19 990
7012 1165 58265
6761 31 1557
6593 6 301
7018 4 211
7055 600 30028
7017 528 26449
7026 213 10662
7008 188 9418
7010 1677 83862
7016 102 5126
7023 1048 52443
7021 69 3479
5419 118 5932
5600 153 7690
6788 34 1728
7006 40 2007
7054 763 38190
7026 647 32382
7008 611 30584
7004 1470 73536
6453 53 2669
6176 141 7072
7055 324 16229
6916 161 8080
7001 1140 57013
7018 331 16585
7001 556 27826
7017 508 25406
7049 447 22385
7049 1963 98192
6965 0 43
7003 898 44913
7023 301 15095
7012 746 37322
7055 357 17868
7054 785 39282
7010 443 22156
6074 74 3746
7055 196 9816
6768 121 6054
7012 765 38292
7018 560 28037
7012 1561 78055
7003 244 12236
7049 344 17204
7004 656 32848
7022 67 3358
7021 814 40715
6146 7 356
7023 1601 80063
6663 90 4534
6483 15 775
7004 266 13347
6462 11 592
7054 1444 72229
7017 829 41493
7026 523 26197
7018 264 13248
7017 274 13714
7008 34 1705
7014 1613 80683
7054 1226 61312
7019 562 28105
7048 33 1651
7012 433 21658
7018 134 6706
7018 5 290
7022 55 2761
7054 674 33741
7049 563 28157
5353 13 662
7049 1631 81585
6341 78 3940
7004 1098 54923
7023 1787 89386
7023 1601 80053
7001 787 39377
7021 26 1346
6916 203 10185
7026 500 25039
6577 92 4635
7055 248 12409
7003 1167 58381
7017 1210 60529
7016 372 18609
7054 1901 95088
7012 1044 52239
7020 991 49595
6905 90 4518
7049 563 28157
6671 57 2886
7054 991 49583
6342 34 1714
7021 53 2669
7049 1352 67622
7003 131 6566
7014 1510 75538
6956 80 4009
6905 18 949
7003 844 42211
7049 1836 91841
7054 94 4725
7010 1240 62050
7003 194 9746
7049 809 40492
7011 167 8360
6999 33 1660
7021 241 12080
5774 52 2622
6529 18 917
7003 1609 80480
6919 46 2332
7023 1601 80063
7054 801 40089
7049 1352 67625
6007 15 784
7055 783 39183
7023 588 29424
7010 111 5568
6303 57 2892
7022 25 1295
7739 7 354
5774 72 3605
7017 1557 77855
7054 1515 75799
7049 2020 101003
7014 818 40911
6007 23 1171
7049 1340 67037
7020 235 11778
6936 145 7271
7021 646 32330
6765 102 5107
6769 92 4618
6405 14 737
7013 88 4422
6405 14 722
7049 1695 84752
7054 1744 87245
4979 13 696
7142 40 2012
7003 557 27874
7003 234 11745
7014 1116 55810
7047 84 4248
7004 1611 80568
7025 580 29028
7023 1463 73181
7008 1462 73101
7004 1265 63275
5089 37 1866
7054 929 46461
7020 644 32220
7003 1250 62530
6642 88 4403
7018 530 26532
7012 902 45132
7055 535 26780
5998 8 445
7003 1254 62744
6912 66 3306
7497 77 3863
7026 877 43855
7004 1155 57762
7012 1364 68221
7001 54 2714
7008 1462 73109
7049 360 18024
6934 46 2315
6327 1 76
7004 1328 66407
7020 655 32759
6475 19 974
7021 262 13111
7049 842 42114
6594 70 3540
7017 703 35171
5966 61 3077
7001 994 49713
7047 76 3840
7010 69 3495
6216 14 743
7026 755 37780
7004 1353 67677
7014 74 3722
7003 131 6587
7016 35 1793
6344 26 1313
6446 86 4329
7017 193 9674
7006 203 10160
7010 417 20888
7049 168 8443
6908 201 10098
7012 1181 59064
7008 753 37659
6888 59 2967
7010 1579 78980
7013 147 7361
7054 373 18676
7055 145 7269
7352 25 1279
7008 112 5640
7004 140 7009
7004 1731 86560
7012 224 11218
6905 8 403
5437 91 4573
6427 18 939
7055 196 9816
7006 108 5416
7006 52 2622
6620 60 3008
7023 605 30267
7048 76 3827
7003 721 36090
5419 79 3960
7008 559 27960
7004 145 7272
7054 571 28583
5363 16 843
7006 0 47
7633 249 12488
7020 1717 85862
7026 783 39155
6905 90 4518
7020 996 49828
7025 210 10501
7001 713 35696
7008 716 35801
7055 204 10202
7010 619 30955
7006 83 4199
5386 132 6637
7012 860 43032
7023 1032 51624
6342 33 1657
7003 744 37218
7054 360 18007
7054 1065 53299
7023 782 39123
5074 23 1191
7017 1639 81957
7004 1373 68689
6565 140 7043
7054 1566 78326
7008 533 26652
7049 919 45984
7008 1413 70670
7014 499 24976
7008 282 14137
6936 204 10237
5029 159 7975
7014 1167 58381
7018 862 43120
6921 9 475
7026 232 11650
7019 481 24086
6916 125 6280
7001 148 7429
7011 317 15857
7049 1175 58766
6766 121 6057
7008 1 82
5604 93 4677
5602 32 1608
7004 1059 52985
7014 1136 56821
7012 201 10054
7014 1669 83465
5412 45 2258
7016 198 9913
7006 512 25613
7023 1048 52441
6663 74 3749
6111 3 178
7012 470 23511
6138 60 3020
7020 1285 64277
7004 167 8398
6827 61 3055
7012 992 49605
7021 141 7054
7020 192 9635
7020 554 27715
7004 556 27817
7020 790 39540
7012 651 32598
7013 88 4436
7016 7 365
7010 974 48739
7054 97 4880
7049 509 25489
6688 82 4133
6608 60 3001
7012 651 32574
7023 1457 72852
6406 192 9632
7004 814 40711
7010 1090 54544
7014 499 24993
7010 1476 73816
7012 1183 59167
7010 1217 60868
7014 524 26214
7001 705 35273
7012 1684 84225
7054 1998 99923
5227 23 1189
5436 10 502
7003 8 434
7003 38 1935
7055 332 16614
7054 306 15316
5179 31 1600
6934 154 7723
6980 88 4426
7023 1525 76295
7020 582 29115
7023 858 42941
7016 208 10410
7018 319 15989
6686 30 1514
6230 33 1678
7130 19 991
7004 673 33677
7012 740 37032
4977 55 2781
6792 12 603
7054 1220 61043
7588 48 2446
7011 126 6314
7560 79 3995
7014 1760 88019
7372 80 4047
7021 186 9342
7010 296 14839
7644 178 8934
7054 312 15625
7010 286 14324
7018 604 30240
7004 266 13316
7750 11 558
6934 215 10763
5946 41 2082
7048 74 3725
7054 94 4718
6853 144 7223
6803 36 1825
7010 15 797
7013 105 5290
6630 103 5157
7023 1032 51626
5515 87 4360
5925 143 7187
5364 104 5248
7049 187 9378
6998 64 3206
7293 31 1574
7026 869 43452
7008 702 35136
7025 115 5781
7055 445 22274
7021 282 14150
7022 155 7770
6787 68 3405
6959 204 10225
7008 428 21430
6343 143 7153
5929 65 3272
7020 865 43267
7018 49 2472
7026 488 24425
7004 556 27817
6598 58 2912
7026 83 4182
7054 97 4875
7003 1500 75048
7019 495 24775
7004 64 3239
7025 303 15175
7021 227 11365
7010 1117 55864
7020 1543 77196
7014 240 12011
7017 425 21262
7008 1415 70783
6339 64 3247
6529 19 951
7020 666 33307
6783 16 822
7018 509 25474
7053 41 2076
6936 210 10526
6917 239 11955
7411 118 5903
7020 996 49840
7006 387 19396
7018 710 35530
7018 515 25779
7049 1175 58767
7003 254 12715
7014 1167 58394
7055 245 12275
7023 1597 79884
7004 510 25523
7017 1419 70951
7047 76 3846
7003 443 22178
7008 399 19975
7017 676 33834
6572 164 8221
7078 17 890
7018 72 3615
7004 1037 51883
6327 2 148
7046 0 20
7054 576 28803
7012 328 16416
7020 1937 96857
7001 416 20808
7020 663 33198
7019 477 23856
7625 105 5272
7049 809 40499
7054 1566 78334
7054 1876 93817
6830 218 10950
5985 189 9476
7017 339 16966
6503 4 233
6341 81 4052
7054 1221 61061
7019 51 2556
6205 105 5275
7004 1342 67132
5411 104 5233
7054 98 4923
7003 185 9259
7049 974 48701
5779 6 307
7003 818 40915
7146 48 2411
6343 149 7464
7001 491 24597
7011 261 13072
7025 598 29905
7020 212 10621
7011 191 9584
7023 1797 89884
7003 1355 67800
7026 314 15730
7010 1476 73831
7013 134 6733
6426 189 9461
7010 1638 81949
6478 125 6257
6285 104 5201
7004 1526 76307
7023 1681 84063
7008 352 17612
5961 11 559
7049 482 24129
7003 54 2717
7487 26 1334
7010 443 22169
7023 1015 50790
7010 1733 86690
7049 1723 86159
7025 340 17006
7023 120 6006
7008 247 12384
6786 75 3761
7017 640 32024
7048 5 262
7012 1100 55037
7014 134 6710
6211 134 6728
7003 721 36077
7020 947 47380
7010 1431 71587
7007 20 1002
6529 15 756
5441 18 909
7012 1189 59463
6840 85 4273
5515 211 10571
7054 485 24253
6520 12 634
7054 458 22941
7023 98 4914
7010 34 1720
7006 0 44
5541 71 3552
6917 240 12029
6787 228 11428
6785 98 4912
6969 165 8261
7054 411 20578
7012 839 41955
7055 600 30013
7008 281 14080
7054 576 28831
7017 1292 64622
7021 123 6183
7018 165 8283
7023 1570 78546
7014 1614 80749
6640 171 8591
5226 59 2992
6893 110 5521
7004 567 28372
7023 1048 52441
5029 159 7975
7004 427 21377
6907 63 3200
7019 245 12264
7018 784 39206
7012 369 18454
7026 233 11693
7001 147 7389
7326 47 2396
7049 1821 91055
6377 8 430
6835 56 2848
7018 303 15159
7020 557 27858
7010 589 29497
7054 1566 78309
7008 415 20773
7010 1117 55898
7017 1639 81984
7019 526 26340
7049 1377 68899
7054 556 27806
7014 962 48107
7018 604 30223
7020 12 605
7010 1538 76914
5894 30 1549
5017 51 2551
6917 239 11973
7008 750 37536
7003 1231 61551
7010 292 14639
7023 868 43411
7018 174 8727
7018 664 33231
7095 65 3265
7017 1210 60535
7023 1048 52437
7021 500 25023
7010 1188 59445
6405 12 609
7049 1315 65793
5154 117 5887
7003 319 15956
7004 360 18016
7008 1462 73101
5526 24 1214
7049 1195 59777
7006 153 7698
7334 56 2818
6631 43 2164
7054 463 23157
7022 150 7542
7003 532 26608
7010 322 16111
7004 491 24568
7003 620 31006
7014 1319 65961
6751 33 1663
7055 461 23091
7017 899 44963
7054 1517 75882
7003 185 9289
7014 1116 55814
7016 400 20041
7054 1628 81434
7003 992 49640
7010 451 22562
7020 997 49896
7018 49 2497
7023 909 45492
7054 1233 61683
5911 46 2340
5929 65 3294
7008 161 8055
7004 1287 64390
7013 63 3178
7008 43 2180
7025 21 1058
6489 37 1861
7048 96 4832
6979 133 6677
6620 84 4218
6934 26 1312
7049 847 42356
5565 27 1389
7023 1626 81316
7047 94 4704
7004 521 26066
7010 1722 86114
7004 1373 68681
7012 1523 76167
7026 397 19871
7048 89 4473
7049 406 20322
7008 1351 67600
7014 1284 64221
6336 33 1686
7023 1678 83903
7008 322 16104
7001 865 43258
5038 56 2825
7001 705 35273
6873 3 161
7053 45 2299
7051 33 1697
7017 1735 86761
7001 669 33498
6684 5 254
7023 1871 93581
7130 19 991
7006 190 9505
7001 993 49683
7013 129 6490
7018 888 44439
7020 687 34374
7010 498 24935
7004 8 413
7001 681 34057
7017 154 7745
7013 16 833
7020 671 33574
7021 509 25496
5783 22 1133
7008 309 15466
7021 421 21051
7021 141 7054
7021 170 8526
6078 66 3348
7054 1591 79578
5523 2 102
7054 1731 86585
6299 69 3467
5933 109 5496
7001 669 33473
7001 148 7444
7012 1044 52239
7001 776 38815
7055 489 24490
7003 744 37205
7023 1222 61103
5462 7 369
7007 39 1960
7025 172 8644
7054 97 4861
7016 317 15874
7003 1580 79026
7017 617 30853
7004 427 21361
7018 592 29650
7020 344 17218
7046 0 20
7014 1724 86238
7003 1075 53773
7026 563 28167
6589 1 76
5515 110 5503
7007 58 2905
7054 94 4749
7054 233 11657
7014 1116 55810
5059 56 2846
7012 1363 68180
6861 244 12221
7004 1470 73526
6303 72 3626
7023 795 39769
7010 943 47164
5441 16 849
7023 806 40311
7049 227 11400
7054 411 20554
7012 1445 72264
7049 168 8420
7046 0 7
7020 12 605
7054 96 4820
7004 346 17305
7023 1705 85252
7054 1449 72457
6589 141 7076
7049 319 15990
7012 1278 63923
7008 974 48718
7006 52 2610
6978 176 8830
7004 1611 80598
7016 218 10936
7010 443 22171
7014 139 6996
7023 818 40943
7017 676 33834
7008 586 29337
6659 63 3180
6853 147 7395
5104 12 621
7017 130 6506
7010 1510 75550
5227 30 1516
7293 31 1574
7017 426 21312
7010 759 37994
7023 785 39271
7026 450 22533
7054 176 8811
7004 402 20138
7008 1072 53631
6633 17 892
7013 10 508
7021 367 18398
7014 1724 86238
6664 162 8119
7004 521 26066
7006 597 29860
7003 210 10526
7001 990 49545
7048 96 4808
6304 125 6270
5611 46 2332
7018 165 8268
7016 263 13165
7012 545 27252
7017 325 16251
6362 5 294
7003 298 14940
7010 1476 73825
6980 30 1518
7004 929 46498
7049 773 38696
7003 1556 77820
7020 906 45344
7018 903 45191
7107 12 635
7003 1629 81497
7001 972 48608
6625 5 288
7010 1237 61891
5005 64 3220
7528 226 11336
7020 731 36566
6286 4 203
7004 1031 51561
5151 71 3589
5581 27 1352
7004 1059 52989
7008 592 29602
6563 127 6364
7003 1613 80662
7008 1100 55006
7055 132 6618
6905 87 4362
6304 125 6270
7023 920 46002
6380 57 2878
7017 1664 83245
7003 65 3266
7010 233 11662
6908 206 10327
7019 481 24099
7010 486 24311
7020 51 2577
7055 445 22264
7026 867 43367
7023 120 6013
7021 36 1829
6478 25 1276
7012 291 14589
7013 147 7392
7003 1120 56032
7054 1873 93681
7012 1586 79342
7023 1919 95976
5894 11 571
7026 450 22509
6942 88 4429
7004 176 8810
6916 98 4926
7014 988 49419
7003 134 6718
5089 30 1533
5386 8 427
6936 146 7326
7049 1073 53694
7017 1282 64146
7054 899 44988
7016 143 7154
7004 1114 55732
7014 894 44748
7017 84 4238
7004 176 8812
7023 547 27352
7054 1737 86875
7016 176 8844
7004 427 21361
7095 70 3523
7001 884 44246
5354 15 765
7018 787 39389
6589 170 8546
7017 709 35485
7017 1042 52131
6562 109 5458
6957 27 1367
7020 503 25197
6211 36 1805
7054 914 45712
7026 147 7373
7017 887 44387
5528 7 383
7023 876 43850
7013 123 6155
7001 929 46477
7004 987 49379
6980 120 6049
6380 80 4045
6461 46 2334
7049 1352 67616
7026 174 8705
5106 48 2402
5894 35 1788
7001 772 38610
7008 1102 55141
6917 227 11385
7054 207 10356
7026 806 40349
7006 174 8722
6341 81 4052
7020 582 29136
7021 763 38164
7487 26 1334
7010 888 44438
6420 51 2556
7055 197 9867
7026 830 41538
7014 808 40421
5437 92 4638
7023 521 26058
7054 893 44690
7018 844 42221
5388 16 841
5419 71 3584
7014 519 25996
7019 214 10745
7574 15 784
6623 9 475
7023 795 39784
7010 286 14302
7023 1283 64179
7018 394 19733
7008 1072 53631
7006 512 25605
7003 1167 58358
7003 365 18292
7054 971 48558
6667 18 901
6863 21 1072
5106 78 3942
7014 384 19213
7011 125 6260
7055 48 2405
6312 43 2181
7014 1536 76821
7026 7 390
6343 144 7227
6007 39 1965
6409 0 34
7016 317 15863
7012 1567 78382
7012 33 1664
7017 321 16063
7020 720 36029
7014 1280 64018
7026 869 43466
7017 650 32513
7565 4 234
6235 0 2
7026 352 17633
6027 116 5849
7025 481 24076
5971 23 1174
7012 24 1236
7008 1250 62523
7054 967 48368
6800 213 10656
7055 332 16642
7001 56 2837
7054 415 20751
6173 200 10025
7021 22 1147
6369 121 6071
5212 4 211
7054 785 39273
7012 98 4903
7023 1678 83945
6663 96 4846
4999 131 6554
7014 226 11341
7003 64 3218
7010 1351 67579
7014 138 6903
7008 559 28000
7008 1148 57447
6600 27 1381
7020 1850 92505
7008 188 9440
6162 122 6119
7012 761 38062
6785 148 7437
5440 31 1560
7049 417 20861
7012 431 21567
7023 699 34995
7008 465 23256
7001 1109 55471
5179 133 6672
7049 426 21325
7006 476 23837
7018 603 30194
7019 144 7243
7013 16 850
7020 593 29686
6145 51 2556
6012 9 455
6462 18 922
7054 1977 98895
7012 1567 78398
7012 369 18476
7001 442 22146
7017 480 24026
7501 57 2854
6786 70 3503
5051 169 8451
7003 804 40222
7049 919 45984
7010 1222 61119
6874 54 2738
7003 1657 82862
7023 605 30296
7003 48 2437
7018 118 5929
7001 990 49548
7023 754 37740
5925 161 8099
7012 1630 81532
7529 109 5472
7020 566 28319
7054 1907 95387
7011 236 11837
7008 1211 60556
7006 108 5427
6303 142 7105
5144 13 690
7004 65 3300
7004 1241 62074
7004 1434 71720
7001 1083 54152
7055 324 16229
7014 1178 58926
7049 1489 74492
7020 797 39883
7054 1147 57357
7004 1737 86854
7012 968 48445
7006 52 2611
7349 99 4962
7026 563 28167
7020 1543 77196
6980 119 5991
6370 3 158
7019 254 12713
7054 1150 57549
7049 1073 53681
7025 508 25438
7003 1329 66471
7021 368 18401
6664 104 5230
7012 1432 71621
6906 34 1741
5452 2 147
6406 130 6528
7003 1486 74319
7019 85 4292
7012 56 2831
7012 1668 83449
7012 561 28080
7025 457 22852
7018 337 16881
7020 1543 77176
6798 29 1475
6023 50 2519
7001 62 3111
7020 554 27740
6993 11 551
7007 75 3752
7008 1273 63682
7020 1937 96858
7018 888 44426
7007 57 2882
7017 686 34326
7049 279 13999
5182 19 993
7022 155 7796
5940 23 1159
7001 993 49676
7054 1147 57357
7436 176 8804
7004 1342 67133
7004 23 1199
7012 737 36854
7007 129 6472
7014 524 26245
5541 53 2695
6370 66 3325
7020 1778 88948
7020 1521 76069
7017 1454 72729
6589 147 7391
7004 1103 55169
7004 310 15512
7049 482 24129
6769 105 5276
7003 844 42243
7020 906 45345
7019 276 13837
5182 13 655
7003 1272 63613
7049 724 36214
7014 1614 80749
7054 1397 69873
7054 1591 79588
7010 1028 51435
5921 146 7341
7023 1435 71760
6748 171 8556
7023 596 29833
7017 529 26482
7394 1 83
7022 25 1261
7004 521 26089
7020 592 29649
6683 158 7905
6404 178 8949
7012 1432 71633
7053 49 2458
5977 164 8239
7001 865 43260
6768 138 6924
7054 408 20437
7019 434 21715
7017 1447 72391
7146 47 2369
7010 486 24344
7018 669 33469
5602 49 2467
6021 168 8421
7054 673 33661
7010 1721 86082
7003 254 12715
7001 993 49676
7021 268 13412
7049 1195 59777
7049 344 17245
6342 88 4435
7016 79 3967
7017 330 16518
6303 145 7252
6360 93 4655
6026 29 1454
7004 681 34062
7019 81 4090
6573 64 3214
7049 491 24586
7018 69 3472
6978 173 8660
6955 153 7686
7010 1688 84401
7017 1719 85989
5418 40 2039
7055 514 25707
7006 49 2495
6533 125 6287
6280 131 6561
7008 1401 70099
7006 548 27405
7004 1373 68678
7010 417 20888
7004 1353 67664
7010 236 11813
7006 52 2627
6506 167 8355
7008 112 5640
7013 16 850
7400 27 1372
7020 554 27727
6494 81 4079
7001 556 27812
7019 138 6942
5437 90 4542
7008 1251 62577
6871 146 7325
7010 1031 51578
7012 194 9750
7004 167 8353
7006 502 25138
7025 594 29732
6121 24 1208
7016 133 6654
7020 1850 92517
6562 110 5530
7055 360 18017
7055 48 2416
7011 236 11832
7011 303 15163
6974 26 1347
7021 7 383
7054 526 26317
5527 36 1823
7049 1993 99698
7012 433 21682
7004 1287 64381
7012 874 43740
7020 153 7662
7021 227 11389
7020 160 8050
6751 34 1704
5201 22 1137
7003 721 36083
7011 290 14529
6284 21 1063
7054 653 32680
7004 310 15523
6769 93 4659
7054 673 33682
7025 481 24068
7054 1628 81438
6689 80 4008
7049 168 8424
7496 16 821
7019 76 3839
7507 151 7553
6342 32 1604
6319 116 5815
5565 29 1459
7006 98 4907
7023 1446 72343
6520 11 591
7010 1272 63631
5982 52 2641
5136 52 2610
7017 43 2190
5393 28 1434
7051 76 3823
6773 60 3013
6783 2 106
7018 664 33241
7020 1149 57488
7001 1113 55670
5182 13 655
7049 922 46141
7049 845 42293
7025 524 26232
6999 54 2713
6830 214 10719
7008 1342 67135
6792 21 1052
7010 1158 57918
7017 339 16966
7049 359 17985
7023 1451 72551
7054 1341 67082
7020 1593 79667
7017 760 38004
7054 1838 91907
7018 26 1326
7010 626 31348
6205 72 3612
7018 935 46790
7004 556 27821
6921 8 414
5911 53 2671
7008 1012 50627
7004 190 9516
7049 883 44166
7010 417 20875
7055 590 29506
7020 809 40492
7003 205 10270
6380 101 5070
6907 49 2478
7054 971 48586
5949 19 999
7054 819 40986
7003 254 12735
7049 1117 55882
6615 178 8937
6633 17 892
7012 204 10248
7006 502 25106
6121 45 2284
7049 1518 75941
6591 92 4639
7017 92 4649
7055 372 18609
5056 17 858
7095 27 1375
7051 4 236
6359 73 3678
7020 1896 94842
6830 212 10648
7004 1342 67132
7003 1669 83454
7001 394 19701
7004 46 2309
7018 956 47814
6147 24 1218
7010 296 14806
7001 786 39311
7008 34 1704
7011 303 15158
7014 499 24958
7023 1797 89852
7048 53 2696
7012 1753 87677
6645 5 285
6503 0 6
7012 663 33182
5344 22 1103
7001 479 23993
7008 1080 54004
7001 1017 50880
6423 202 10143
5093 10 530
5382 20 1029
5512 221 11052
7014 1737 86851
7003 1076 53824
7049 1895 94797
7014 786 39334
6725 0 6
7018 647 32355
6751 33 1663
7020 1849 92470
7020 1476 73819
7016 7 394
7003 1508 75401
5911 49 2484
7003 1452 72642
7054 762 38142
7020 808 40419
7054 526 26336
7014 484 24248
7008 309 15461
7004 159 7981
6690 124 6203
7003 1620 81035
6192 171 8600
6917 1 94
6205 2 125
7025 219 10992
7023 605 30256
7014 1602 80103
6871 147 7366
7020 947 47352
7049 1651 82589
7017 936 46818
7018 118 5926
7017 1432 71628
7014 1159 57999
6942 80 4017
6387 72 3622
7012 204 10220
6563 115 5760
7018 394 19701
6748 168 8406
7019 208 10408
7014 524 26201
6783 11 586
7012 143 7197
7049 719 35994
7003 1509 75470
7010 1683 84153
7012 1537 76877
7021 418 20906
7004 1287 64396
7010 1551 77587
6564 165 8254
7025 369 18470
7049 743 37163
5452 2 147
7017 15 784
7017 899 45000
6564 174 8739
7004 1611 80568
7054 312 15611
6664 158 7925
7008 1148 57425
7049 1105 55264
7055 324 16234
6786 70 3503
7013 0 36
6111 1 72
7054 1334 66727
7006 422 21103
7003 13 664
7055 338 16901
7001 979 48976
7013 129 6470
7013 63 3178
7004 1287 64391
7054 571 28568
7017 734 36749
7054 628 31414
7055 210 10533
7055 600 30005
7012 415 20784
6639 28 1422
6319 55 2790
5979 34 1702
7013 51 2584
7023 120 6022
6687 136 6819
7023 1652 82620
7023 777 38887
7017 731 36597
5133 3 187
7012 384 19237
4992 70 3534
7003 234 11706
5779 13 672
7048 204 10211
5151 24 1201
7016 282 14133
4992 79 3990
7017 92 4647
7012 1642 82126
7008 287 14371
5187 65 3272
7093 18 908
6934 50 2522
7023 1626 81324
5904 36 1848
7014 394 19719
7054 1139 56988
7023 875 43759
7023 1379 68978
7020 1382 69101
7054 893 44688
7006 380 19002
7049 1580 79048
7010 1432 71650
6812 11 563
7018 227 11359
6199 4 222
7016 282 14133
7021 560 28048
6162 198 9921
6314 116 5824
6606 87 4364
5912 13 665
7023 264 13230
6853 95 4780
6064 6 322
7049 1232 61601
7010 515 25777
7003 935 46791
7001 776 38832
7004 286 14313
7054 1580 79008
6382 173 8678
7019 208 10414
7049 1859 92981
7049 187 9357
7010 539 26951
7023 1919 95954
7021 646 32350
7054 671 33571
7003 820 41021
6871 132 6610
7001 663 33180
7093 18 908
7010 1240 62050
7008 741 37058
5328 81 4077
7001 929 46468
5491 15 777
6921 3 165
7025 95 4782
7010 341 17097
7018 619 30972
7010 1535 76776
6594 26 1327
7054 1150 57547
6615 178 8937
7006 429 21476
7049 2020 101005
7012 737 36854
5144 13 690
6958 47 2394
7017 528 26416
7049 1447 72372
7023 699 35000
7023 1626 81328
7016 58 2906
7003 1287 64387
7003 1272 63610
7019 85 4289
5326 37 1884
7019 85 4289
6503 8 441
6105 89 4478
7010 1264 63225
6428 11 594
7394 8 446
7014 1057 52869
7054 1793 89659
7008 206 10343
6140 39 1998
7025 217 10860
7049 575 28795
7023 1891 94597
7023 388 19427
7017 357 17884
7014 19 977
5616 163 8181
7026 535 26782
7054 1515 75758
6620 83 4161
7010 236 11820
7001 713 35698
6800 218 10931
4999 72 3613
6765 102 5127
7020 158 7925
7026 715 35788
7004 1589 79472
7026 65 3292
7003 1254 62717
5326 37 1884
7055 600 30028
7018 303 15188
5386 108 5428
7004 843 42190
5979 12 633
7018 424 21246
4957 102 5135
5979 33 1653
7054 1341 67091
7018 956 47832
7010 233 11659
6748 168 8448
5586 154 7723
7019 59 2995
7442 22 1150
7012 835 41764
7054 257 12877
5361 21 1096
7010 1188 59401
5611 54 2733
7053 49 2462
6382 36 1842
6344 21 1072
7021 262 13131
7001 381 19078
7012 1563 78192
7008 189 9484
7001 787 39357
7049 1478 73944
5384 45 2278
7513 266 13318
7023 681 34082
7049 1720 86021
7001 373 18696
5213 13 683
7006 334 16744
7023 571 28570
7004 640 32025
7019 76 3812
7010 1053 52688
7003 1452 72613
7054 1016 50841
6091 171 8565
6176 10 547
7739 5 299
6803 40 2008
5966 59 2967
6835 92 4617
6028 22 1142
5038 40 2015
7023 54 2721
7049 875 43800
7021 26 1311
7004 1075 53778
6761 35 1782
7023 167 8397
7023 444 22230
7008 292 14606
5021 75 3772
6423 205 10287
7001 62 3111
6683 110 5523
7048 185 9284
7054 227 11400
6811 47 2357
6367 58 2911
5536 49 2500
7012 1515 75781
7014 324 16234
6195 33 1674
5979 37 1870
7018 69 3484
7001 387 19375
7026 783 39190
6999 41 2097
7008 741 37075
7012 579 28997
7004 405 20259
7049 884 44245
7012 177 8860
6348 94 4746
7014 1434 71701
7049 915 45776
5354 12 626
7574 15 784
5454 4 225
7025 598 29912
7001 776 38804
7008 985 49294
7026 500 25042
7054 1360 68030
7055 197 9879
6850 88 4418
5527 10 502
6884 19 958
5227 27 1356
6907 59 2989
6905 3 166
7048 184 9201
7023 1844 92232
7049 563 28192
7022 155 7797
6528 65 3283
6812 10 522
7008 245 12277
7007 13 691
7020 904 45222
7010 1431 71578
7049 1798 89909
7023 251 12557
7012 150 7513
5201 100 5030
7020 1331 66568
7001 725 36274
7023 909 45475
6563 127 6364
7003 1629 81458
7010 1094 54735
7026 596 29813
7018 37 1899
7049 363 18160
7016 395 19759
7003 1329 66470
7017 1259 62962
6874 21 1086
7053 25 1277
6993 21 1079
6596 29 1451
7012 201 10081
7017 655 32756
7020 809 40497
7020 470 23502
7020 1802 90133
7001 776 38832
7008 1213 60680
7003 426 21341
7026 830 41503
5894 11 571
7004 266 13316
7016 18 950
7001 928 46402
6284 74 3727
7001 864 43241
7023 920 46034
6921 3 165
6482 28 1408
7049 1798 89932
7054 411 20556
7004 456 22820
7049 1518 75941
7014 1536 76819
7020 860 43020
7016 208 10410
7017 717 35863
7020 12 620
7019 221 11054
7014 1364 68225
7054 1226 61321
7020 1667 83381
7010 287 14398
7008 1440 72042
6076 71 3595
7023 409 20491
7001 919 45986
7023 96 4846
7048 33 1692
7054 485 24299
6118 11 583
6835 18 912
7012 755 37794
7003 64 3241
7049 1963 98186
7049 504 25242
6689 43 2189
6030 21 1059
7048 5 278
5957 22 1101
7054 1847 92383
5384 97 4862
7026 466 23340
7004 856 42803
7049 888 44405
7054 15 794
7049 433 21660
7008 1297 64891
7054 1945 97278
5106 157 7900
7049 433 21673
7023 1787 89353
7014 1597 79873
7004 681 34065
7001 979 48992
7012 1651 82557
7021 367 18360
7023 174 8731
5457 22 1133
7010 1654 82707
6540 35 1754
7006 49 2495
7008 245 12289
7019 526 26322
7014 138 6922
7008 117 5881
7049 644 32236
6689 81 4098
6787 60 3050
6885 68 3414
7017 1556 77828
7560 79 3995
7023 1184 59231
6631 35 1791
6564 171 8594
5605 95 4776
7008 397 19895
7010 33 1669
7049 1723 86159
7020 687 34393
7026 844 42228
7014 135 6784
7010 670 33522
7020 1717 85897
7023 264 13224
7014 1116 55802
6642 87 4353
7055 89 4453
7020 1028 51445
7001 1054 52741
6993 19 986
7049 482 24139
6489 32 1607
7010 1317 65879
7010 936 46825
7017 1069 53457
7008 1050 52537
7014 793 39678
7007 38 1925
7054 1166 58341
7014 740 37050
7008 1255 62791
7049 921 46075
7008 1012 50612
7023 965 48299
6993 18 908
5124 35 1778
7017 899 44963
7021 367 18360
7022 280 14030
7007 39 1969
6647 147 7356
7054 411 20565
5233 96 4835
7014 74 3746
7014 217 10896
7023 473 23675
6805 96 4801
6205 72 3612
5066 17 852
7341 34 1706
5386 128 6448
7049 360 18011
7003 1056 52850
7004 1098 54917
7023 795 39757
7049 1153 57693
7049 1447 72399
7012 158 7931
7054 1563 78166
7014 475 23766
7021 628 31401
7010 498 24935
7013 123 6155
7020 1842 92110
7007 93 4656
6429 117 5886
7004 1740 87029
7054 673 33692
6453 50 2535
7021 715 35790
7004 365 18261
7003 844 42243
7021 186 9349
7012 1408 70415
7047 72 3642
7054 458 22922
6908 218 10906
7014 61 3070
7018 254 12735
6352 24 1232
7020 1245 62274
6824 96 4803
7001 556 27843
7023 892 44606
7010 410 20541
6090 103 5182
5151 135 6785
5364 144 7248
6769 103 5177
7023 589 29491
7049 1758 87939
7016 310 15506
7054 1146 57329
7026 147 7397
6380 80 4045
7010 1220 61035
7742 236 11813
7025 242 12125
6752 63 3155
7020 1775 88764
7049 433 21694
7022 130 6539
7004 360 18014
7049 879 43997
7008 1148 57425
5929 62 3120
7054 1977 98895
7020 1355 67800
7017 165 8295
6687 14 718
7017 287 14395
7007 0 4
5419 74 3738
6803 38 1907
6916 202 10137
7004 448 22420
7025 549 27463
7012 535 26788
7051 76 3813
7007 142 7137
6664 99 4966
7054 1873 93666
7010 1064 53220
7008 1468 73407
7054 1466 73315
7010 1028 51435
7051 85 4262
7004 346 17344
7010 1188 59405
6942 88 4429
7047 72 3646
6305 23 1181
7010 1521 76060
7054 579 28953
6605 13 651
7021 368 18446
6811 47 2394
7021 123 6197
7014 499 24958
7049 1340 67030
7008 1421 71061
7001 713 35698
6562 108 5422
7001 540 27020
7012 566 28316
7018 736 36831
7012 158 7907
5226 52 2617
7049 966 48326
7023 1844 92245
5979 139 6980
7014 541 27052
6946 68 3424
7049 915 45776
7016 309 15461
7014 751 37578
7012 192 9637
7020 852 42642
7006 249 12499
7012 1291 64563
7017 145 7274
7013 88 4442
7014 1249 62467
6769 106 5337
7023 1323 66182
7018 701 35056
7021 65 3264
7054 1591 79588
7010 410 20546
7001 1042 52107
5933 172 8641
6888 62 3147
7010 1476 73812
7014 1724 86207
6917 1 89
7019 526 26314
6748 174 8725
7017 1401 70099
7012 1249 62472
6698 44 2238
7049 159 7988
7017 1735 86796
7017 330 16524
7054 1515 75793
7054 780 39050
7025 303 15193
7012 384 19225
6921 9 475
7001 1140 57001
7055 204 10224
7017 1558 77925
6589 115 5781
7021 102 5132
7014 459 22985
7023 573 28700
5586 155 7755
5136 52 2610
7012 902 45148
7046 98 4950
7023 892 44638
7017 130 6548
7020 839 41998
7014 477 23865
7014 793 39689
7003 13 664
7017 480 24039
7006 231 11592
6969 88 4450
7018 560 28007
6811 149 7479
7054 1227 61370
7004 905 45293
7008 313 15700
7012 140 7047
7020 1543 77184
5386 63 3199
7055 27 1360
7026 475 23768
7008 1342 67110
7011 167 8382
6412 28 1450
7051 4 219
7026 162 8136
7054 264 13220
7021 382 19105
7007 58 2934
6406 132 6612
6031 150 7519
5104 13 661
7021 57 2877
6952 49 2458
7012 222 11133
7049 864 43208
5418 40 2039
6560 35 1753
7012 682 34126
7017 1612 80637
7046 51 2571
6952 57 2891
7018 26 1329
7012 765 38287
7020 865 43267
7023 388 19427
7049 611 30583
7017 829 41473
6780 107 5361
5598 89 4451
7018 18 913
6369 142 7124
7059 21 1079
6993 22 1112
7018 26 1326
7001 972 48637
7008 471 23583
7049 1013 50688
7010 1701 85082
7054 1160 58005
7017 130 6509
7013 153 7688
7008 1462 73134
7023 503 25172
7049 417 20879
5586 96 4820
6631 98 4923
7023 411 20594
7008 497 24864
7019 36 1814
7017 782 39127
6457 52 2620
6426 125 6295
7022 105 5282
7003 542 27104
6916 71 3594
5474 101 5057
7023 1589 79481
7018 515 25793
6959 204 10214
6980 88 4424
7003 571 28560
6942 74 3712
7012 837 41865
7020 500 25039
7026 755 37760
7014 1601 80068
7017 1003 50171
7020 1285 64279
7047 72 3607
7049 598 29949
7010 630 31525
6528 74 3750
6206 127 6378
7023 273 13674
6359 19 998
7054 1893 94692
6640 171 8581
7019 36 1831
7055 48 2402
7010 1240 62006
7025 21 1069
6336 46 2329
7004 498 24906
5933 109 5496
7023 680 34039
7017 802 40111
7003 898 44924
7018 303 15197
7049 2004 100222
7049 1859 92961
7003 1010 50520
7018 255 12752
7020 1823 91197
7004 1728 86420
7004 346 17344
7008 897 44856
7054 332 16648
5092 21 1071
6830 218 10950
7001 1185 59293
6779 68 3407
7001 131 6567
7003 1486 74319
7017 528 26412
6907 199 9962
6942 0 18
5095 2 109
7049 875 43767
7017 203 10175
7008 309 15458
7008 447 22365
7014 841 42093
7026 499 25000
7020 470 23514
5581 27 1352
6091 148 7429
5151 99 4955
7020 864 43242
7046 84 4205
7055 210 10533
7008 1351 67558
7019 343 17187
7018 555 27761
7008 282 14109
7010 3 191
6725 1 78
7019 498 24929
7001 1140 57047
7055 472 23620
7022 6 326
7003 854 42711
7051 12 650
7047 20 1041
7495 13 683
7004 856 42836
7012 225 11296
7023 94 4744
7014 791 39593
7025 137 6868
7017 650 32501
7014 394 19711
7049 1470 73548
7020 1911 95582
7017 1492 74637
7019 513 25694
7004 1243 62173
6220 10 549
7018 555 27787
7020 1775 88763
7054 1498 74902
7001 16 850
7017 731 36566
7004 1429 71474
6370 4 203
7026 268 13430
7003 922 46135
7019 285 14260
7021 123 6180
7014 902 45118
7026 397 19857
6769 109 5464
7010 1683 84151
6915 147 7363
7003 1231 61581
7021 141 7083
7565 104 5229
7017 455 22766
6788 8 405
7054 1046 52313
7008 275 13797
7026 317 15898
7016 198 9902
7010 515 25777
7020 366 18314
7014 264 13249
7010 1638 81949
7014 138 6928
7003 254 12712
7020 1595 79767
7023 1678 83945
7020 301 15063
7016 175 8751
7006 489 24483
7055 678 33943
6799 70 3519
7020 904 45246
7008 881 44088
6879 25 1281
7021 310 15511
7010 3 168
6059 81 4086
7054 141 7096
7004 567 28398
6792 20 1047
7008 117 5853
7004 340 17045
6205 76 3820
7004 1085 54257
7012 1718 85909
7054 700 35028
7003 48 2435
6885 49 2479
7436 113 5655
7006 184 9239
7003 226 11320
7026 369 18462
7026 442 22150
7004 1037 51865
7019 221 11072
7020 51 2560
7011 236 11832
7055 356 17821
5337 209 10454
5154 74 3744
6110 119 5973
7011 317 15881
6663 96 4846
7049 1422 71111
5340 9 481
7054 1311 65569
5512 175 8769
6696 45 2296
6530 45 2288
6865 90 4543
7012 1567 78369
7008 586 29337
7010 69 3495
7004 590 29510
6404 153 7698
7522 2 114
7054 929 46461
7003 792 39642
7054 1873 93681
7008 397 19866
6362 5 294
7012 1576 78811
7001 442 22143
6382 10 506
7007 58 2911
7008 465 23299
7046 0 34
7017 172 8621
7003 194 9710
7003 721 36066
7012 192 9607
7535 20 1036
5588 197 9886
5774 61 3069
7020 1341 67075
7003 20 1013
7023 586 29308
7054 1580 79046
7093 4 223
7017 92 4647
7049 433 21689
7010 296 14830
5155 100 5023
7026 147 7381
6362 5 264
7023 66 3326
7049 53 2664
7021 571 28581
7023 1195 59786
7020 582 29107
7049 360 18007
7012 150 7529
7013 212 10615
6634 31 1600
7010 943 47164
7018 160 8007
5449 71 3595
7004 842 42140
7006 502 25122
7017 1351 67595
7003 1629 81480
7014 1136 56803
7012 1363 68180
6235 5 272
7012 169 8500
7017 1210 60534
6630 43 2153
7055 360 18017
7014 88 4427
6698 42 2138
7026 207 10378
7001 62 3111
7049 1720 86032
5418 35 1784
6162 198 9932
7574 87 4386
6102 17 854
5452 52 2638
7001 990 49545
7004 509 25465
5353 12 612
7003 1159 57953
7026 492 24605
7054 1607 80376
7049 1315 65774
6684 19 958
6959 204 10225
7049 1352 67616
7010 1027 51381
7049 563 28184
7003 1010 50520
7004 1317 65861
7020 158 7927
6906 10 540
7010 447 22379
7012 271 13573
7023 1377 68851
7003 1629 81458
