17766 33 1698
18907 107 5382
15391 187 9392
14611 157 7892
16676 330 16535
18249 11 584
14956 310 15523
17524 68 3401
17361 342 17138
17990 284 14225
18499 201 10066
15469 324 16247
18516 202 10117
16676 330 16535
18632 156 7837
16410 193 9678
14410 178 8911
17462 12 620
15236 85 4255
18527 360 18031
17237 235 11798
17978 278 13943
16199 118 5925
16733 17 868
15254 49 2478
17371 55 2756
14771 60 3010
17415 146 7322
14446 17 859
17367 91 4586
14795 3 163
17972 246 12337
17865 99 4990
16481 116 5836
16117 58 2940
18631 316 15839
17861 351 17595
18040 26 1346
17028 212 10647
15403 174 8705
15794 59 2995
14279 248 12439
18005 23 1164
16058 29 1496
14768 35 1784
15862 143 7178
14768 31 1571
14333 33 1678
16506 161 8066
18922 604 30214
14338 232 11640
15457 76 3845
16026 15 756
14277 125 6300
15894 87 4362
14263 103 5179
18756 125 6292
17269 83 4161
15917 353 17675
17383 78 3939
18665 11 598
17753 148 7401
18516 202 10117
17339 199 9967
18001 14 742
15154 8 418
17978 133 6698
17504 11 581
17144 165 8298
17123 2 140
14940 155 7756
16101 56 2812
14157 49 2464
15458 7 371
16319 21 1059
16186 309 15500
14976 54 2734
14427 264 13248
16150 142 7141
14774 187 9400
15383 178 8913
17851 342 17129
15909 81 4094
14707 36 1831
17791 13 662
17978 133 6671
16432 13 676
18034 65 3299
15801 183 9193
18665 209 10465
14664 151 7596
14740 57 2853
14356 177 8865
17958 25 1294
18605 38 1922
15252 47 2381
16832 1 80
14335 225 11277
18011 33 1655
15053 48 2447
17206 326 16331
17447 62 3110
17535 70 3510
14886 55 2751
16798 67 3388
18018 15 779
17840 156 7815
14336 55 2765
14329 227 11390
17592 136 6821
18712 182 9138
14431 39 1981
16227 46 2312
16867 155 7751
18732 316 15830
17671 168 8440
18732 89 4498
16172 288 14422
17457 68 3403
17251 215 10777
17874 20 1020
16867 271 13553
15430 41 2092
16442 80 4013
17326 59 2951
14970 68 3428
14190 72 3625
17300 18 916
18233 40 2043
14195 198 9918
17481 29 1455
14546 112 5615
16042 34 1710
17419 47 2374
15442 109 5475
14356 120 6035
16733 17 862
17753 148 7401
14545 89 4479
15425 122 6104
15917 102 5132
17440 165 8286
14721 67 3390
14970 236 11815
14643 217 10857
18756 111 5558
14270 34 1720
14702 33 1663
14721 164 8240
14891 224 11229
14190 72 3604
16058 190 9544
18860 29 1493
14425 175 8766
14643 182 9113
17482 139 6989
17228 81 4077
15458 7 381
18748 153 7659
16798 48 2430
18732 89 4474
18752 199 9983
14243 33 1677
17177 62 3121
15457 76 3808
17339 8 437
15383 30 1524
14338 54 2716
15863 21 1095
16341 269 13491
18481 124 6202
14546 136 6847
14702 33 1662
14117 33 1691
15863 50 2539
14333 33 1677
15846 116 5833
17494 48 2448
15909 214 10743
14556 135 6786
16434 46 2345
15234 7 361
14746 108 5443
18619 120 6011
18244 24 1210
16458 37 1877
18031 21 1053
15800 279 13985
17578 6 317
16227 33 1691
15640 48 2449
15446 22 1109
14450 291 14568
15328 177 8864
18922 343 17174
14942 77 3865
14819 8 423
15425 13 676
16878 158 7941
17029 60 3008
15254 60 3027
18018 46 2329
15965 360 18012
17834 5 267
18632 156 7808
16458 37 1881
17326 58 2909
18750 213 10694
17383 116 5811
14403 59 2998
17055 428 21448
14558 279 13965
18574 75 3773
14564 10 535
17326 12 621
16432 19 978
14379 28 1442
18732 50 2504
18923 543 27169
15383 289 14479
14379 28 1410
15987 177 8876
18929 31 1557
15391 44 2213
18779 301 15061
17178 53 2679
16186 160 8008
14336 88 4402
14736 135 6783
16964 12 616
15014 152 7648
15179 103 5166
14161 86 4328
14795 55 2751
18249 7 383
15458 57 2880
14143 61 3092
18481 91 4557
18756 19 996
14195 130 6509
18040 86 4320
18662 7 373
14610 168 8421
15917 353 17666
14403 47 2360
17099 99 4979
18929 220 11019
15987 326 16331
15296 231 11592
18685 484 24235
18481 38 1948
17522 18 909
18922 38 1924
17270 64 3209
14825 59 2994
15446 21 1066
17313 180 9031
18018 46 2321
18024 401 20056
15154 98 4947
14218 61 3095
16118 225 11300
14748 34 1705
18258 123 6185
14139 117 5872
16242 265 13280
17875 330 16511
14319 2 135
14545 89 4479
15328 177 8864
18779 542 27146
18031 88 4403
17875 421 21055
14269 41 2085
16319 24 1206
18028 229 11460
17851 324 16208
16927 17 887
15776 2 129
14546 151 7561
15973 120 6033
17237 22 1115
14446 17 885
15919 36 1814
14546 151 7561
16497 45 2268
14277 125 6300
16878 168 8409
17590 1 67
17681 46 2330
14290 178 8910
16442 57 2863
18922 398 19940
14231 25 1264
17603 21 1057
18712 182 9124
14874 46 2311
17504 8 401
17535 70 3510
18481 38 1940
17667 61 3074
14741 201 10073
15251 82 4106
15780 104 5203
18492 238 11934
14795 3 190
16442 57 2863
14269 65 3257
14970 86 4325
14143 48 2431
18035 78 3925
18931 126 6312
14223 55 2774
16227 46 2312
18779 512 25647
17237 235 11783
18039 169 8465
17191 1 75
17992 2 137
14736 213 10657
18516 202 10117
17459 105 5266
14338 54 2723
17005 100 5029
15689 273 13674
18947 313 15699
15469 194 9707
14795 55 2751
18741 8 435
14410 290 14513
16172 288 14422
14772 48 2405
18953 355 17797
15446 39 1951
14190 18 923
15876 51 2552
14575 4 208
18644 219 11000
15251 108 5426
16205 239 11954
18955 228 11450
14151 66 3348
18481 91 4575
18018 15 766
18860 29 1493
15965 429 21492
15163 31 1579
17667 127 6383
15989 156 7815
18249 22 1143
14216 83 4169
17590 10 543
18644 219 10951
14545 148 7408
17829 182 9130
14545 89 4479
14643 179 8952
17423 11 579
14228 84 4213
18481 124 6205
15391 44 2213
17517 316 15823
16051 146 7347
14956 310 15523
14642 8 414
14363 220 11020
14279 49 2490
14543 25 1292
14410 178 8944
18753 27 1388
17561 212 10630
17260 30 1520
17459 47 2356
16319 3 199
15909 222 11131
18035 94 4708
14281 88 4432
16867 271 13553
15442 171 8593
17361 200 10002
14319 22 1136
18527 302 15147
14736 188 9442
15167 141 7075
16835 304 15237
18750 205 10254
16434 46 2345
14450 1 81
17620 44 2203
17504 25 1258
15828 87 4375
17834 52 2642
14425 205 10275
18527 576 28847
15910 229 11500
14138 95 4762
18732 104 5240
17535 49 2481
14721 2 150
15442 171 8596
18049 45 2297
14782 139 6976
18489 195 9776
18605 38 1930
14336 88 4402
17658 22 1119
17992 15 781
17270 4 219
17972 246 12303
14721 164 8221
16058 190 9544
15923 180 9015
18929 118 5918
16031 12 636
17365 97 4875
14940 51 2587
18752 564 28238
14774 176 8835
17990 284 14229
18001 1 72
17324 53 2668
14450 82 4101
17371 465 23287
14527 76 3839
16344 54 2723
15383 91 4597
18779 301 15084
18007 77 3891
17955 243 12154
17364 6 338
17667 97 4868
18514 330 16501
14438 125 6262
17383 116 5843
18752 363 18151
14940 121 6098
18929 76 3827
18860 90 4544
14436 160 8050
18740 45 2295
14446 17 900
18644 124 6237
14149 127 6373
18024 62 3148
18005 214 10749
14143 61 3061
15234 43 2176
17990 428 21415
15469 194 9707
14774 160 8036
14942 251 12583
14281 88 4401
17339 274 13726
15876 52 2609
15484 280 14032
16581 178 8923
18001 1 87
18933 390 19516
17522 18 909
18249 7 366
18931 62 3112
14223 55 2793
18678 329 16494
14524 49 2469
16798 67 3388
18712 64 3238
14281 88 4432
17481 36 1810
14379 210 10527
14328 23 1178
14764 101 5080
14143 143 7151
18258 123 6169
15154 43 2186
15783 230 11503
14281 88 4401
17361 56 2831
14722 54 2743
16733 17 862
18662 7 373
17361 56 2831
14782 73 3654
16835 304 15225
15923 180 9015
14970 68 3425
17776 5 252
18258 126 6328
17177 37 1889
14409 176 8815
18779 473 23660
14436 201 10082
15179 55 2754
15846 89 4482
17423 9 453
17505 52 2644
18922 26 1311
15946 246 12332
17383 23 1154
18007 77 3853
15053 23 1173
14707 30 1526
15774 449 22475
14271 139 6987
18219 58 2904
14746 147 7378
14746 279 13954
14143 41 2074
16442 18 917
18244 24 1241
14764 38 1932
14355 2 117
18697 380 19030
17851 259 12963
17344 30 1530
14277 3 199
14970 13 655
16301 272 13644
15919 46 2304
14902 213 10672
14377 202 10132
17447 32 1648
15252 24 1229
18045 14 704
14768 87 4391
15640 48 2402
15061 202 10117
15733 13 668
16431 196 9836
17603 17 864
16676 307 15390
17757 46 2333
17973 22 1144
14543 199 9975
17267 31 1598
18028 229 11456
15917 515 25800
17972 129 6480
18481 113 5656
18631 316 15850
17874 19 995
16410 193 9693
15318 147 7374
16809 232 11605
17871 34 1743
14281 83 4164
17243 43 2156
15923 155 7791
17535 27 1353
15251 108 5426
18024 364 18215
17394 117 5881
14218 82 4110
15828 145 7277
16410 193 9697
18011 82 4101
17620 95 4769
14746 108 5417
16058 29 1470
14379 28 1442
14446 17 876
18514 80 4009
18922 599 29984
18024 364 18221
14611 110 5517
18922 418 20947
15103 89 4485
14319 13 690
17191 31 1562
17985 167 8378
16893 11 587
18044 419 20995
17530 7 365
17337 31 1574
18044 55 2757
17494 155 7756
18732 359 17991
16888 413 20670
14642 126 6341
17489 13 658
16058 26 1340
16242 351 17574
15917 386 19313
16298 200 10030
18753 27 1387
18860 116 5825
18685 565 28262
18763 11 597
14746 147 7397
15080 36 1832
14403 68 3402
17055 433 21685
14431 39 1981
17415 77 3856
16075 314 15733
15462 25 1263
14816 106 5309
17224 38 1932
15266 9 464
15591 28 1406
14336 55 2765
15286 186 9316
14227 42 2141
14664 190 9501
18924 7 374
18754 34 1739
15987 370 18535
16432 19 978
15970 136 6821
18031 88 4410
15130 61 3073
17757 82 4130
18024 338 16914
14568 31 1559
16432 101 5088
17137 91 4592
16526 43 2178
15115 139 6999
17337 11 555
18010 81 4062
15383 250 12534
15458 7 373
16265 16 844
15923 192 9645
17662 48 2402
17620 199 9977
14623 17 869
18481 124 6205
16832 23 1186
15430 31 1592
18678 329 16456
15154 123 6200
18631 316 15839
18922 343 17184
14795 55 2767
15130 50 2519
16783 45 2286
17484 274 13711
17137 91 4592
18027 37 1876
18928 96 4802
16144 77 3898
15099 185 9259
16878 158 7921
14768 176 8808
16798 19 951
18031 88 4403
18665 11 598
18018 46 2321
17985 180 9023
14438 171 8591
17300 11 595
16979 1 77
16119 525 26298
18644 124 6221
17681 18 933
14774 176 8835
18677 222 11137
15430 154 7703
18926 21 1054
14901 61 3098
14740 57 2858
18644 159 7982
17973 50 2523
17766 1 67
16344 54 2723
15909 214 10717
14403 63 3178
18009 22 1106
18024 62 3148
15965 194 9744
16150 273 13688
18244 109 5466
14195 198 9925
17661 84 4233
14458 46 2320
18253 11 561
17866 20 1012
16031 2 123
15940 118 5917
14269 41 2085
16172 80 4008
14956 310 15523
14190 18 923
16798 108 5444
15154 166 8340
17972 164 8214
15080 34 1737
17990 209 10477
18685 484 24235
17339 43 2181
15783 85 4270
15794 102 5114
14425 175 8792
17636 35 1773
14546 27 1365
18527 302 15131
16809 232 11636
14543 104 5227
16286 548 27438
15511 81 4092
14270 8 409
18011 82 4143
16341 269 13491
15251 94 4730
14338 232 11626
17484 274 13747
15166 43 2179
14707 49 2489
14117 33 1658
18007 91 4557
18024 345 17275
17766 33 1659
16101 71 3565
17973 13 658
17834 5 267
18040 5 297
18481 113 5670
16172 396 19816
16893 11 582
15447 160 8006
15862 296 14807
18922 26 1311
15127 33 1699
16485 30 1509
18040 73 3661
14369 45 2262
15318 156 7830
18764 40 2001
14527 95 4800
16845 302 15110
17462 11 586
17636 35 1796
14722 63 3174
17661 84 4233
17696 176 8837
14824 187 9374
14363 271 13556
14377 255 12788
18603 184 9219
18933 57 2873
17504 8 401
18665 209 10467
15940 214 10717
17636 35 1796
15965 429 21458
17371 55 2779
17366 23 1168
14546 112 5615
18732 57 2890
15074 56 2829
18756 129 6465
16242 351 17574
18929 31 1573
15403 174 8705
15382 204 10244
18922 157 7867
17116 67 3372
18748 153 7659
15383 250 12508
16095 251 12593
14721 33 1659
17482 160 8012
18516 224 11213
15294 66 3306
14231 19 963
16073 209 10454
17217 109 5452
15462 25 1263
14722 161 8062
17493 245 12256
17633 74 3712
17990 405 20276
17505 11 560
16761 55 2795
18929 228 11421
17875 421 21055
15965 478 23918
15163 42 2136
17251 215 10763
18603 189 9486
14425 205 10296
17152 7 366
14642 117 5874
14902 20 1050
17312 115 5794
18040 73 3666
14722 39 1961
17671 218 10933
15335 54 2747
14159 59 2979
18045 49 2459
17662 149 7489
16888 540 27040
17874 19 968
16867 271 13586
16442 4 220
14575 55 2790
14956 310 15536
17955 275 13780
18630 50 2509
17312 115 5791
14772 43 2191
18764 32 1614
18874 240 12008
15154 8 403
14642 3 163
15130 61 3079
18008 91 4579
18010 101 5066
17823 99 4989
14355 10 538
14564 106 5324
14642 3 163
15236 65 3257
18955 251 12551
15941 23 1174
16051 206 10349
16319 21 1062
16697 122 6110
17504 11 581
18024 338 16913
17267 81 4080
14450 72 3640
18748 153 7659
15846 116 5833
17866 20 1025
15930 455 22786
16526 68 3412
17636 35 1796
18794 20 1023
14623 249 12485
14749 103 5165
18040 86 4320
18249 7 383
14202 85 4298
18732 47 2363
14764 105 5261
17875 273 13660
18018 46 2303
16893 53 2660
16826 173 8681
17177 68 3415
17590 15 763
18481 113 5670
15511 202 10105
14664 190 9523
15328 177 8877
15442 176 8807
16526 48 2415
14549 210 10529
16927 17 887
15867 140 7013
17522 90 4503
16432 13 676
18765 333 16684
15179 55 2754
14664 151 7596
17505 99 4976
15987 370 18517
17208 116 5817
17875 330 16515
16481 116 5836
15941 12 638
15776 2 133
17580 15 792
16172 31 1588
15673 53 2687
17333 55 2767
15941 66 3336
17254 58 2907
17095 97 4868
18220 103 5164
18009 35 1772
16836 18 906
18947 309 15473
18492 238 11938
17875 375 18793
17851 28 1417
14338 163 8195
16783 48 2431
17270 61 3074
18752 363 18164
15987 210 10526
18756 125 6262
14607 113 5689
16783 45 2286
14642 70 3516
14782 73 3654
16432 13 697
17336 16 832
14377 113 5691
17494 12 627
16379 32 1648
14146 56 2848
14543 148 7445
18010 101 5082
14623 17 859
16733 5 254
17447 64 3219
17493 193 9676
17633 74 3746
17313 70 3512
17990 254 12738
17840 337 16851
14216 17 872
17366 51 2577
16497 8 427
15927 57 2874
16167 259 12985
18035 94 4715
18712 182 9124
15689 273 13676
17312 206 10315
14722 39 1961
18018 46 2319
18732 104 5240
17840 81 4087
17874 19 968
16205 248 12447
15696 76 3843
16836 80 4007
18779 301 15084
16835 38 1930
14151 66 3304
17053 11 578
14369 45 2262
14921 68 3404
18779 551 27562
16051 206 10345
17875 405 20274
17851 342 17106
14213 24 1247
18760 259 12960
18752 564 28247
17371 29 1471
14772 43 2175
16172 64 3224
18005 214 10716
17123 21 1070
18049 45 2262
17753 175 8763
14425 145 7280
14369 141 7099
16888 142 7126
18748 4 249
16298 200 10030
16481 116 5836
14336 88 4402
15318 43 2187
15154 117 5854
15894 39 1997
15154 8 433
17336 1 97
17336 1 91
17338 10 519
17875 346 17345
15909 214 10743
16041 192 9621
15254 64 3215
14377 83 4171
18249 11 590
18044 419 20992
14148 127 6374
18034 65 3255
14291 58 2933
18048 408 20413
18210 7 393
17973 50 2549
14736 213 10695
15973 116 5830
18763 11 597
18752 363 18168
17178 36 1809
16481 116 5836
14154 108 5407
17850 28 1417
14722 42 2130
18712 138 6943
16205 493 24698
17990 254 12738
18754 34 1715
16205 239 11954
17503 241 12094
14921 59 2990
18024 589 29462
15774 111 5582
14218 82 4108
14427 264 13229
15640 71 3585
18923 346 17315
18732 509 25473
18481 113 5656
18752 564 28212
14319 13 699
14564 11 591
14403 59 2982
15403 174 8705
14446 17 851
17055 128 6401
18492 542 27127
16809 232 11605
14976 162 8125
14746 133 6670
16520 101 5065
15894 39 1997
15484 97 4867
18463 273 13691
15987 233 11666
14146 56 2848
18701 226 11307
15923 310 15527
18666 61 3065
15917 190 9533
18874 199 9975
14149 256 12814
15163 71 3590
16836 51 2571
18246 20 1023
18466 60 3047
18007 70 3546
18922 604 30242
15297 198 9938
14458 32 1633
17462 11 599
17206 216 10830
16979 57 2900
18756 12 602
18756 129 6465
16676 153 7652
17343 29 1490
17875 346 17317
18953 355 17757
17228 55 2789
15966 443 22199
15279 114 5723
15413 54 2736
18010 81 4067
18748 153 7685
14154 81 4088
16150 103 5161
15965 269 13478
15876 51 2552
14410 178 8911
15966 305 15265
16836 51 2590
17028 300 15027
15783 317 15855
17327 39 1970
14338 232 11626
16073 32 1647
17371 149 7465
18514 28 1433
17992 82 4127
14458 46 2323
14632 70 3527
14223 55 2793
15355 14 737
18577 270 13547
14819 10 517
16063 51 2588
18492 143 7180
14436 180 9006
15113 0 14
16118 225 11280
14798 38 1935
17482 139 6969
18007 77 3853
15458 7 397
15713 2 124
15074 74 3706
17055 261 13097
17204 33 1676
18732 254 12740
18604 145 7289
15965 347 17388
15154 8 433
14223 55 2793
16073 209 10459
17324 53 2668
14771 60 3010
18764 48 2405
16825 29 1473
17137 29 1488
14986 140 7045
15322 54 2746
17366 23 1168
18764 32 1614
17208 139 6983
18947 309 15473
17462 3 186
14749 61 3094
15689 273 13685
14546 151 7590
17462 19 959
17494 151 7556
16434 46 2330
17177 68 3415
14611 157 7862
17489 196 9807
18752 564 28229
15989 500 25017
15930 516 25831
14277 125 6300
14611 22 1140
15355 14 741
17336 44 2220
18666 51 2594
16172 24 1233
17339 43 2172
17589 8 450
16209 215 10778
17033 49 2500
18010 81 4064
17046 87 4380
15640 64 3224
18712 249 12469
14291 136 6808
17973 13 675
17561 60 3038
14902 270 13530
17383 461 23092
18474 217 10859
17696 176 8837
18024 364 18205
16265 16 813
17371 386 19334
17679 10 548
16301 272 13638
15297 135 6773
16144 77 3880
16186 124 6210
15053 48 2447
16867 155 7786
18009 35 1772
17875 375 18793
15328 62 3121
16298 17 881
16733 17 868
17028 163 8160
15290 29 1460
14623 288 14404
14436 80 4043
15328 15 792
17029 152 7622
14575 55 2775
17343 26 1344
17990 405 20276
18764 40 2008
14774 241 12091
16047 13 679
18034 141 7075
14664 190 9541
16355 47 2385
18615 566 28310
14921 7 360
14632 79 3956
14319 24 1235
14575 83 4169
17419 47 2378
14546 179 8988
17312 115 5751
17990 405 20276
15254 97 4884
18874 292 14650
17973 13 685
17371 465 23287
15529 119 5966
15442 171 8593
15591 179 8975
18008 82 4110
14771 82 4136
17336 38 1921
17237 235 11770
15322 54 2746
17361 163 8191
14543 25 1292
14721 2 150
14715 41 2058
17217 109 5452
15014 152 7648
16893 53 2660
17191 3 160
17028 13 692
18024 476 23834
16733 5 254
17522 18 914
15876 72 3604
15391 44 2213
18031 88 4403
14592 45 2273
17484 274 13717
15154 123 6199
17985 78 3907
18712 306 15313
18794 54 2707
17423 8 425
17753 175 8763
17140 126 6337
16199 118 5914
15061 244 12203
14148 27 1396
17573 77 3867
18779 32 1642
14722 161 8058
15774 449 22451
18499 220 11020
14746 147 7400
16041 54 2733
15127 33 1672
14623 288 14404
16753 62 3105
14542 146 7309
17696 180 9028
14564 1 100
15970 198 9915
18024 69 3485
17344 30 1530
17335 25 1290
14772 236 11840
16526 48 2440
16432 19 978
17505 52 2644
17326 48 2446
15591 179 8991
17053 110 5517
15251 82 4126
18750 209 10462
18258 126 6328
16047 24 1249
15279 114 5723
17992 78 3906
16172 472 23603
17168 70 3537
14592 10 510
14749 300 15043
18763 0 42
14643 179 8980
15965 347 17373
14902 313 15683
18687 536 26805
14901 108 5439
17874 20 1002
18907 107 5382
14363 14 732
18754 34 1730
18044 55 2796
18018 46 2303
16947 176 8805
14805 52 2614
16847 58 2935
14549 210 10529
15940 123 6156
17435 49 2456
14764 105 5292
15251 94 4702
18514 63 3173
16446 173 8700
18741 8 406
14427 264 13248
17590 4 212
15554 177 8857
18760 259 12970
18039 46 2330
15154 226 11337
15430 41 2095
15965 290 14504
16798 48 2447
18924 0 44
16047 26 1321
16199 309 15473
18732 89 4474
15413 50 2533
17361 257 12856
14634 66 3338
18860 29 1493
18499 201 10066
16075 308 15410
18874 209 10466
18497 76 3812
14427 143 7166
16840 38 1941
14338 186 9307
14543 104 5231
15457 70 3527
17447 120 6022
16753 47 2398
17517 316 15827
17636 35 1796
18024 364 18205
17681 22 1142
14286 8 402
16845 271 13582
15166 43 2182
18779 453 22666
16410 159 7994
18008 82 4141
17505 52 2643
14286 5 254
14970 86 4304
17327 101 5060
18922 398 19940
17217 48 2428
17239 128 6433
18763 0 33
16832 1 98
16118 96 4849
14431 17 898
14956 310 15536
17662 32 1624
17335 25 1299
15987 177 8875
18039 46 2330
18644 124 6237
15464 234 11731
18662 7 356
18752 564 28212
16058 22 1124
17394 2 106
15430 46 2301
17985 167 8378
18756 128 6403
17766 33 1695
14154 197 9894
14736 213 10695
15917 353 17659
15296 92 4605
14450 228 11404
17972 164 8250
17251 200 10030
17116 0 19
16874 99 4994
14746 279 13972
14436 80 4043
15554 177 8895
14390 84 4210
17671 218 10912
18577 264 13216
16965 322 16138
17874 51 2591
17985 78 3925
17344 30 1521
15403 81 4064
14798 2 125
17004 126 6327
16209 287 14369
15115 20 1018
18466 87 4365
15464 160 8009
16497 20 1023
15863 21 1095
18049 21 1096
17522 18 909
14409 199 9981
14970 86 4325
18928 96 4810
14764 101 5080
15696 27 1374
14886 75 3786
17177 37 1880
18603 184 9225
14436 160 8006
15154 166 8302
16836 80 4007
18630 52 2649
16878 158 7921
17592 151 7584
14403 68 3402
14564 10 535
15130 50 2503
16227 161 8056
14306 180 9028
18653 68 3449
17985 138 6919
14975 83 4192
16520 71 3567
16410 159 7994
18249 11 584
18732 344 17214
14450 229 11473
17324 48 2413
15923 155 7791
16041 195 9752
17603 17 859
18024 364 18219
