17407 174 8734
17865 318 15919
17663 60 3008
14990 173 8696
17661 58 2922
16196 163 8158
15422 105 5266
18495 185 9294
14020 14 724
17407 0 37
14694 7 367
14377 283 14187
14087 90 4544
17373 185 9251
15785 167 8391
14805 53 2661
15291 89 4477
18634 115 5752
18948 39 1972
13776 26 1308
14408 5 255
17370 50 2505
16583 280 14031
14721 174 8716
15335 222 11146
14023 128 6407
13774 107 5362
15676 215 10771
14148 16 802
16006 64 3246
17686 338 16927
16051 100 5017
15504 92 4646
17057 82 4131
17413 262 13131
14060 32 1628
18645 87 4394
17371 233 11693
17125 126 6312
14464 169 8454
15834 25 1298
16067 146 7326
16858 80 4002
15413 12 610
16807 76 3807
17849 151 7590
14020 145 7298
15147 36 1805
16091 57 2892
17206 65 3252
17070 255 12778
15151 312 15626
16403 1 58
18258 117 5874
17723 11 587
14470 22 1115
17210 130 6540
18005 34 1732
15383 283 14164
17065 170 8525
18933 171 8565
14224 73 3656
16227 251 12568
13736 115 5784
18228 58 2938
14324 32 1624
14227 134 6734
17100 135 6753
15147 69 3484
16021 46 2307
16680 22 1121
17108 19 980
13789 155 7767
13861 192 9616
15330 54 2732
15447 50 2505
15391 292 14631
13799 24 1227
18577 161 8096
14367 187 9365
18244 149 7478
14548 120 6036
13709 84 4239
14053 90 4513
17429 15 769
15017 179 8997
14108 207 10386
16090 59 2999
18283 52 2628
14938 228 11435
18032 298 14909
14553 182 9106
14569 173 8695
13950 184 9202
15987 497 24869
16095 417 20852
17239 101 5058
14721 88 4429
18497 316 15840
15316 147 7376
18024 583 29154
17197 8 421
17992 69 3489
16021 95 4786
17961 26 1327
17132 544 27209
15969 373 18690
14524 9 458
16052 113 5659
17830 33 1670
14030 52 2632
14801 291 14580
14007 102 5120
15913 11 572
16188 0 36
13865 115 5759
14955 161 8075
16878 141 7062
14464 88 4402
16588 34 1725
15053 3 194
17961 39 1993
14626 47 2377
15774 103 5187
15328 139 6996
14148 40 2018
14377 283 14164
14148 40 2018
15913 53 2679
14332 8 409
15500 164 8250
13862 135 6761
18574 191 9592
13940 123 6173
16013 31 1568
15987 497 24851
14749 104 5207
15901 352 17649
17070 266 13318
14101 54 2715
13982 127 6370
18233 279 13962
14697 71 3596
17620 10 531
16289 35 1783
18921 2 125
18261 24 1219
16818 63 3158
15939 95 4759
14770 138 6945
17373 192 9602
13736 196 9820
17849 184 9227
15528 99 4971
17065 83 4183
14367 3 187
15689 327 16384
17974 60 3037
14990 170 8517
15785 175 8774
17410 18 930
15987 248 12438
14224 73 3696
17139 228 11420
17361 85 4276
14741 79 3973
17992 48 2402
14549 205 10254
18743 112 5636
17135 47 2385
14367 157 7858
17557 13 655
15419 5 257
14206 133 6667
14408 5 292
14643 224 11243
15482 169 8477
18644 44 2230
16092 109 5494
17389 26 1323
15923 95 4788
14336 13 694
18922 191 9588
17158 70 3537
14716 102 5124
17220 53 2691
16036 32 1619
14818 22 1130
18059 69 3486
17575 51 2576
15801 252 12622
15160 73 3682
17861 173 8697
18574 191 9553
15785 99 4971
16894 168 8449
17282 77 3899
15308 98 4926
15966 343 17162
18244 200 10019
15335 222 11134
14955 26 1335
15301 108 5413
13799 12 623
14782 119 5985
14068 236 11824
15462 150 7514
17079 1 79
14172 43 2157
18636 453 22699
14216 90 4546
16446 188 9407
14375 90 4504
16499 348 17403
14788 29 1488
14436 287 14376
15160 82 4127
17963 67 3400
18024 525 26258
15901 356 17806
17961 39 1972
16141 248 12443
14592 44 2218
14020 4 216
14445 96 4824
17620 194 9713
18920 13 674
14634 165 8279
16588 199 9962
14456 63 3176
14986 193 9695
14721 174 8707
14938 287 14367
16426 44 2207
18574 91 4590
15428 275 13782
15965 463 23161
17005 257 12864
17985 215 10775
14729 197 9858
14878 28 1402
17669 32 1604
17210 246 12302
16267 49 2471
18643 49 2470
17468 11 578
13985 0 33
14644 285 14257
14101 41 2088
15989 172 8632
16225 41 2055
18245 171 8557
14469 130 6526
18492 217 10897
17503 124 6220
13764 250 12539
16299 44 2224
16947 1 66
17753 160 8028
14431 83 4163
15473 150 7540
17871 244 12230
15251 153 7667
14902 298 14928
18619 133 6692
15946 42 2135
17471 57 2880
17333 178 8936
14785 56 2827
16105 30 1530
18492 552 27623
18773 20 1043
16432 87 4381
14558 30 1545
15147 69 3484
14623 240 12029
13928 35 1799
15445 6 321
16458 199 9983
16095 278 13930
14290 65 3288
15362 84 4239
14785 27 1393
17009 0 47
17087 185 9277
16785 31 1551
18497 291 14594
17088 5 268
14224 49 2489
14154 96 4806
14259 22 1131
18665 159 7986
15147 88 4431
15301 4 211
17871 163 8165
18054 452 22633
15308 14 745
14293 157 7862
16095 415 20776
14897 7 398
16038 430 21518
14450 262 13111
14107 48 2428
15147 78 3935
18957 538 26949
16214 116 5829
15127 45 2298
16894 158 7902
15416 102 5145
18497 316 15840
16571 46 2331
16432 87 4381
15497 36 1832
18044 275 13757
15275 1 57
18731 40 2029
18911 55 2756
18701 236 11837
18229 19 986
18923 642 32149
14881 96 4833
13982 88 4440
14890 130 6513
17700 32 1638
15397 63 3200
17719 79 3990
16584 67 3398
14377 252 12607
14361 30 1518
16207 51 2600
13742 81 4090
13982 17 888
16584 67 3355
17846 24 1231
17095 51 2586
17366 34 1719
15464 167 8368
14293 157 7862
15960 522 26120
14300 103 5183
17783 79 3996
14129 31 1555
17119 59 2986
16494 20 1018
17489 103 5155
14112 27 1366
15720 9 456
14764 73 3661
14047 30 1542
15222 19 966
16092 17 887
18678 125 6258
17009 17 892
17046 70 3509
17245 62 3119
17560 110 5516
14053 58 2948
14556 156 7802
17213 15 761
17389 86 4339
18283 111 5565
15966 20 1029
18717 96 4823
15279 57 2874
16267 14 708
15987 392 19615
18920 5 253
15166 189 9484
14020 98 4944
15002 44 2246
14806 61 3074
14885 11 579
14782 20 1001
14617 76 3842
18245 67 3396
18248 81 4099
17678 22 1104
17132 493 24664
17429 16 804
17380 53 2682
14408 31 1551
14907 53 2652
14774 127 6381
18699 203 10178
17119 41 2059
14343 229 11496
15463 141 7087
18781 94 4705
15590 142 7120
14556 78 3923
17389 100 5005
14066 55 2785
14093 232 11644
17847 314 15723
15160 82 4147
17383 131 6571
16555 81 4057
16489 164 8241
15348 28 1442
17048 14 733
14926 46 2344
18283 78 3917
15465 60 3004
16036 112 5621
18574 191 9552
15236 87 4398
16676 10 514
16913 33 1685
14109 4 235
13776 26 1309
17245 19 956
16172 41 2088
17459 213 10671
15946 9 473
18492 563 28152
15634 175 8756
18953 405 20281
16741 506 25320
15491 0 36
15160 81 4054
17987 106 5311
15392 23 1191
15106 190 9547
14441 11 553
14101 15 757
18704 42 2142
17566 195 9752
15713 162 8116
15713 80 4018
18782 59 2998
17596 26 1347
15961 204 10204
13807 120 6036
14468 76 3848
16588 199 9986
15391 272 13602
15965 235 11781
17237 79 3978
15946 42 2120
16095 96 4816
14625 26 1339
16949 66 3343
15316 93 4681
15785 18 902
13774 9 480
17488 116 5833
13714 52 2631
18619 41 2054
16006 460 23050
13728 137 6861
17871 312 15612
17961 1 82
17391 49 2477
18701 236 11837
16845 247 12363
17349 96 4844
17849 184 9227
15634 35 1769
18781 94 4705
18229 19 951
18634 148 7424
15152 21 1057
18039 51 2600
17383 386 19314
14697 71 3596
15715 105 5273
17213 65 3283
13944 14 737
16021 124 6204
18701 280 14006
18653 134 6702
15065 42 2135
18690 73 3698
17572 17 883
13701 76 3806
18257 32 1626
13991 162 8128
17847 314 15742
14467 252 12605
16096 56 2808
17866 33 1680
17009 17 884
16442 175 8795
15916 172 8647
17655 95 4779
14453 51 2563
13705 214 10726
13794 186 9328
17847 317 15862
18286 136 6835
18272 42 2128
14543 10 522
14609 176 8819
15777 65 3282
18921 2 125
15249 136 6841
18644 94 4740
15318 183 9184
18794 58 2949
17312 190 9504
14537 120 6022
17398 155 7755
16172 347 17393
17566 118 5936
16949 488 24436
14157 175 8758
14551 24 1206
17846 59 2961
17070 208 10425
15019 0 33
14559 51 2592
18235 83 4151
14899 102 5140
14369 20 1030
16337 56 2804
14098 134 6703
17220 42 2134
17871 312 15612
17488 33 1678
16942 220 11033
16875 4 224
13799 12 623
14020 196 9803
18953 356 17822
17033 84 4249
15166 338 16950
17138 57 2889
18704 42 2142
17700 36 1811
15328 116 5811
18923 66 3325
16243 167 8394
17678 61 3066
15882 136 6813
14014 5 291
17128 132 6622
15980 12 640
17559 82 4122
14229 72 3625
16172 347 17352
15785 272 13638
17849 184 9239
13945 295 14753
16466 100 5016
14088 15 778
16403 1 58
14300 26 1349
18643 49 2451
17138 57 2889
17582 18 930
15222 162 8102
18740 78 3931
17637 27 1359
15151 251 12593
15676 207 10382
14316 28 1409
15634 33 1667
14980 52 2646
16285 58 2939
14367 310 15530
16275 161 8051
18922 617 30896
13935 202 10132
17140 5 258
17530 2 104
16147 48 2402
17985 396 19808
17484 132 6606
17132 152 7639
14782 20 1001
17075 117 5867
16446 259 12967
15987 453 22677
16121 9 492
15383 138 6915
15328 159 7984
14707 55 2770
17352 152 7608
14257 220 11004
15633 27 1386
16092 7 368
16826 19 984
14361 5 285
13977 70 3546
13977 70 3537
13807 69 3470
15402 41 2058
14367 187 9365
13701 21 1051
18005 34 1732
14644 265 13276
14763 38 1950
14394 45 2300
14921 54 2731
14891 134 6733
14686 16 833
15504 80 4017
17309 14 730
17132 432 21635
17312 258 12934
16096 16 847
14163 36 1805
13940 49 2483
18643 57 2886
18685 330 16518
15316 116 5842
14592 44 2212
18754 220 11022
13789 182 9104
16289 12 632
17169 231 11594
14989 203 10167
14263 291 14594
16471 38 1913
16095 221 11084
15715 165 8293
14129 10 536
18228 116 5810
14431 83 4174
14368 161 8057
14014 18 918
14107 55 2798
15416 47 2355
18024 362 18144
15316 237 11856
17100 129 6483
17413 357 17861
15861 79 3985
15334 49 2479
14147 30 1549
17489 103 5155
18954 138 6927
15053 81 4068
17274 11 586
14555 230 11507
15354 23 1171
16458 85 4269
18631 229 11474
17100 92 4637
17655 81 4098
16694 59 2966
17237 26 1321
15774 465 23293
14771 244 12247
14336 46 2323
17128 17 890
14218 194 9750
14912 132 6646
14729 86 4321
13791 112 5619
16095 96 4846
14890 75 3752
17653 32 1638
15419 5 287
18226 57 2878
18054 185 9282
14409 278 13907
18032 445 22254
16741 168 8408
14644 149 7459
15715 127 6373
17561 194 9717
17009 17 890
17621 186 9309
15057 113 5664
17620 194 9736
17067 54 2741
17407 174 8734
17100 152 7626
14062 256 12802
15140 45 2261
16942 220 11039
17387 20 1049
14924 191 9592
14129 10 536
16289 2 140
14039 84 4227
14556 156 7838
14379 86 4333
18226 203 10156
15966 20 1017
14610 27 1372
14899 279 13954
14764 2 131
17413 359 17962
15785 216 10824
14725 80 4023
17339 30 1521
18701 279 13964
15264 71 3563
15590 322 16111
14367 201 10052
15447 209 10496
17343 55 2755
14068 233 11675
17499 9 464
18226 57 2851
14626 64 3212
17182 16 825
18005 257 12894
18215 16 806
14915 89 4460
18228 85 4286
16169 188 9430
18907 34 1745
15116 12 603
17407 174 8702
18489 100 5008
17356 91 4590
15449 110 5547
14615 62 3146
17667 180 9041
14901 171 8595
15497 36 1820
15867 120 6004
17100 135 6753
16006 268 13418
18516 76 3821
14408 5 255
15489 146 7302
15882 166 8302
15554 241 12065
17974 285 14269
18220 15 768
13911 1 97
17557 155 7774
15592 245 12286
17846 91 4594
14716 30 1507
17401 19 972
15834 195 9754
14993 94 4726
18044 214 10713
17835 28 1410
15677 24 1208
14047 115 5769
16090 202 10118
14557 163 8156
17055 445 22256
18779 261 13074
14877 53 2672
18699 245 12263
17088 15 780
15397 93 4688
14626 223 11165
17856 64 3245
14878 72 3640
16158 506 25328
14007 77 3895
14756 99 4954
14980 44 2220
14148 133 6686
14453 132 6617
16158 406 20318
16845 247 12363
16021 50 2516
14551 8 407
15965 124 6207
16228 277 13856
14302 7 375
18235 262 13121
14343 93 4700
13810 10 522
14021 195 9769
15593 265 13253
15915 482 24108
14074 23 1177
13725 79 3997
16006 268 13418
17303 87 4356
14068 228 11432
16095 202 10113
14452 83 4200
14782 116 5806
18644 94 4750
13793 295 14790
14300 26 1349
16826 72 3625
16584 48 2449
18492 331 16583
18032 436 21811
14455 96 4813
15160 81 4099
14243 140 7016
17169 231 11585
14475 27 1380
15805 22 1143
16828 36 1845
14431 115 5761
17457 118 5946
13701 76 3849
18957 122 6131
17210 54 2723
17865 375 18777
15335 82 4107
14098 69 3486
17871 292 14609
14553 295 14783
15900 165 8260
14556 8 424
14020 196 9818
17088 15 786
18779 261 13074
14746 181 9088
16052 97 4888
14729 10 503
15318 183 9160
14785 27 1393
14569 50 2526
14899 215 10800
17415 107 5378
17861 300 15021
14556 178 8914
18665 139 6972
15867 99 4993
14124 252 12630
18685 330 16518
18666 58 2942
15590 421 21054
18733 52 2615
18779 59 2975
16006 475 23795
14107 48 2428
17469 116 5803
16884 34 1713
17698 92 4642
16499 112 5624
17210 39 1983
16875 4 216
16258 8 405
15491 100 5012
17985 241 12097
16950 61 3089
15689 264 13221
17972 140 7027
14342 68 3448
14219 88 4403
14626 26 1321
15923 343 17189
16281 0 15
14572 25 1292
18779 18 939
13732 15 773
13862 135 6761
18685 250 12537
15863 57 2885
17847 167 8369
17197 12 609
15590 298 14948
14272 78 3931
14634 168 8447
17631 9 485
14592 15 765
13982 88 4440
17331 29 1462
14524 22 1116
15900 174 8739
15115 25 1289
14592 19 975
14789 138 6913
15416 57 2859
17865 38 1909
17566 33 1683
17484 92 4618
14020 196 9803
17132 493 24663
17865 292 14633
18929 200 10039
14172 24 1246
14617 82 4127
15491 116 5819
18272 55 2766
17239 232 11616
14467 283 14155
16095 309 15485
15913 3 184
15677 78 3949
17484 161 8096
15383 283 14158
15124 5 251
16807 108 5445
17637 27 1359
15140 213 10661
17661 4 205
13950 165 8265
17022 10 536
14790 197 9865
18784 26 1324
15115 3 183
13812 40 2024
18676 431 21583
17700 32 1641
16935 297 14893
14012 4 224
15464 269 13458
16818 30 1550
14697 45 2285
17079 19 996
16060 6 314
17840 225 11273
16147 164 8238
17517 313 15700
17695 10 549
15930 367 18355
17112 137 6894
18676 155 7800
16850 250 12522
14729 203 10191
17157 59 2985
16118 77 3887
16532 13 682
17371 188 9429
18574 191 9566
14543 10 546
14177 55 2770
16526 51 2571
15913 11 555
13725 79 3988
14259 114 5702
15402 112 5633
17655 95 4794
14877 53 2672
14053 132 6618
14020 183 9159
16331 33 1682
18699 267 13380
15153 138 6905
14470 4 216
15701 258 12944
15449 110 5547
17358 63 3199
13742 81 4090
14453 88 4410
17239 297 14897
15946 9 473
17132 383 19168
18701 280 14018
14101 15 757
17489 288 14446
16091 57 2892
13982 127 6370
15383 175 8756
16850 47 2395
15151 251 12593
14301 264 13211
17028 275 13762
15222 25 1279
17101 48 2417
15774 296 14810
17119 41 2059
16095 417 20852
17686 157 7882
14626 235 11787
15777 65 3282
18044 414 20702
18044 275 13762
14066 55 2772
15053 33 1665
14263 85 4272
15004 23 1194
15989 88 4406
14427 207 10377
18678 125 6258
16096 16 832
17144 183 9185
17349 101 5072
18920 2 133
14900 12 604
15172 74 3704
17352 173 8671
15590 324 16240
14542 81 4098
14020 196 9818
15751 36 1830
16331 33 1686
14056 18 938
18032 343 17153
15116 194 9701
15383 283 14158
17349 101 5072
15511 62 3129
18685 221 11065
17484 262 13110
14559 51 2592
17861 173 8656
16389 37 1864
15291 307 15353
14074 15 782
16782 31 1576
15124 60 3041
15948 92 4606
14418 34 1729
14743 97 4864
15930 519 25979
14899 102 5140
18733 32 1624
15279 26 1305
14754 0 41
17861 300 15003
17692 14 711
15916 239 11960
14555 230 11507
15930 519 25979
18699 203 10187
14707 55 2761
16744 27 1390
16102 40 2018
17566 195 9752
14206 157 7878
14107 41 2068
14475 27 1369
17495 18 904
14877 177 8867
17327 20 1050
18929 14 729
14409 278 13950
15294 105 5287
15479 263 13180
14924 290 14549
15918 6 343
14885 4 207
17978 23 1179
17331 11 584
17240 438 21915
18005 24 1223
13940 106 5335
17358 63 3199
17206 48 2447
16426 44 2205
17655 219 10955
18005 34 1748
14058 151 7575
16147 385 19289
17327 5 289
16889 255 12790
18665 159 7986
15328 85 4273
16935 80 4016
18039 51 2574
14990 41 2082
15702 50 2547
18907 201 10069
17985 383 19162
15166 324 16244
16158 250 12522
17240 81 4093
13762 203 10183
14172 43 2157
15486 357 17853
18253 177 8893
16006 234 11741
17128 45 2264
14553 78 3948
15328 166 8316
15279 26 1305
17849 51 2551
16439 30 1528
14623 137 6888
13977 70 3530
14782 99 4991
15416 6 346
17028 15 781
15225 49 2461
16964 263 13182
15590 142 7116
14760 40 2018
14782 16 812
16906 26 1319
16121 9 463
15061 219 10988
14468 27 1378
14148 9 453
16063 21 1082
18717 150 7534
18283 78 3913
17753 184 9238
15785 216 10833
18233 332 16609
16022 15 752
14870 245 12252
17172 68 3405
14890 30 1504
15713 80 4018
14410 40 2017
18574 377 18869
15603 202 10125
14524 6 347
13809 153 7684
18665 466 23335
15477 20 1042
14127 223 11159
13728 157 7880
17692 108 5441
16571 46 2331
14782 119 5969
17229 8 434
15057 58 2936
13731 18 906
16214 96 4823
16489 164 8239
17847 317 15890
15491 116 5819
16326 94 4746
16439 30 1528
14270 283 14174
17400 9 474
15933 229 11494
14721 174 8730
17239 292 14624
16188 214 10712
18770 11 588
17974 261 13091
18685 106 5309
17365 130 6507
18685 247 12371
14079 78 3918
15183 32 1613
15792 175 8790
14607 175 8764
14245 89 4467
17985 241 12098
14047 33 1695
15392 61 3053
17771 26 1329
16219 316 15812
18468 267 13374
17524 170 8533
15677 78 3925
16095 415 20778
17783 55 2799
14343 321 16066
17398 197 9898
17070 286 14325
15128 117 5883
18035 171 8564
16499 112 5624
17620 15 757
17240 81 4093
17197 3 185
16036 410 20527
17620 119 5992
15166 338 16904
14453 88 4410
16141 248 12443
17847 317 15883
15249 136 6833
15383 38 1929
16446 265 13256
17349 101 5086
18492 331 16562
14124 212 10639
13794 64 3240
17663 60 3008
17349 96 4844
16845 438 21934
14938 27 1392
17569 38 1924
16013 136 6817
18574 275 13781
14088 29 1492
17744 75 3771
17524 164 8247
15689 305 15300
15492 43 2193
15960 188 9423
15499 64 3239
14818 22 1108
14053 23 1181
15002 55 2800
14274 184 9214
17858 198 9944
18226 240 12004
16453 380 19008
16243 161 8085
16951 141 7083
18911 109 5485
16964 263 13182
15291 111 5592
18929 354 17725
14186 179 8993
17131 175 8762
14377 242 12130
16499 355 17764
15115 147 7359
15309 18 922
16199 372 18601
18907 4 214
13963 6 313
17471 16 835
14899 176 8831
15486 373 18690
14715 55 2775
16588 39 1998
17122 155 7773
15422 147 7351
17028 256 12809
14274 187 9354
14807 249 12487
14559 270 13510
15965 202 10120
14548 187 9356
14459 92 4641
16818 20 1035
14300 15 784
18623 81 4092
13709 207 10356
14774 279 13976
14790 118 5947
17197 18 948
16809 230 11506
13982 17 888
14245 145 7267
18677 400 20014
17620 10 531
17100 12 610
18790 312 15627
14263 85 4260
17132 493 24663
15002 30 1534
16036 112 5621
15801 395 19794
17128 85 4297
17692 14 711
15116 12 603
18233 279 13961
14390 15 788
14548 120 6036
18032 298 14922
18665 16 828
15251 7 374
17871 303 15174
16013 49 2477
15383 38 1929
17068 6 323
15160 159 7975
13803 200 10041
15391 272 13602
18257 28 1425
16426 44 2207
15106 14 712
16227 135 6773
17985 237 11875
18244 200 10019
15106 14 717
17111 19 981
17128 125 6254
17131 204 10237
13979 69 3455
17522 13 657
17972 148 7429
13763 105 5263
18922 242 12116
15416 32 1629
14664 207 10367
15482 149 7485
17146 48 2450
13745 128 6411
16467 282 14108
17990 411 20553
14785 56 2810
17120 25 1295
17662 88 4409
14885 4 207
17088 15 786
17128 3 152
16286 31 1590
14464 85 4296
17418 7 355
14111 38 1907
18031 73 3696
13732 47 2356
17693 357 17882
13977 57 2882
18768 2 114
17874 88 4440
15751 36 1830
14259 114 5702
17987 93 4678
14938 39 1964
14634 163 8189
14721 174 8730
14079 113 5674
15115 147 7351
17849 184 9248
18748 86 4325
18907 4 214
15499 76 3848
16894 199 9952
18603 93 4672
18035 39 1975
17383 472 23638
16250 95 4795
16584 88 4421
17488 113 5669
15960 522 26123
16298 82 4135
18754 27 1393
15166 324 16233
14431 16 818
14093 106 5331
14543 284 14246
14924 14 744
14300 26 1309
18031 73 3696
14959 47 2361
16052 97 4888
14790 118 5916
16247 121 6063
15222 155 7788
16225 41 2060
15676 213 10687
14549 142 7121
13712 31 1576
15222 155 7775
15785 222 11132
14572 25 1296
14224 64 3233
17871 326 16308
17955 305 15290
14392 52 2606
14408 5 292
16161 114 5746
15236 87 4373
15348 129 6488
16741 162 8107
15116 114 5722
15416 102 5135
15287 26 1347
18257 32 1602
17652 32 1626
15416 6 346
14243 124 6205
17009 17 872
15425 142 7106
18644 264 13222
18024 507 25357
15935 145 7256
14453 88 4407
15391 272 13606
14445 96 4824
