6978 16 846
6564 125 6274
6151 32 1645
7054 1943 97155
7001 37 1855
7014 898 44911
7020 633 31669
6296 1 81
5925 120 6025
6908 39 1981
5090 86 4309
6564 127 6358
7012 1590 79525
7022 47 2352
7022 47 2391
7004 1326 66330
5953 3 164
7016 330 16549
7017 1171 58567
7563 21 1059
7054 111 5577
5588 157 7898
7011 81 4099
7004 258 12923
7023 1607 80380
7049 1687 84374
5769 46 2301
7020 1760 88012
7022 47 2363
6823 7 373
6803 17 889
6149 147 7366
5774 3 182
7012 87 4383
7023 325 16253
7026 668 33421
6835 117 5864
7008 663 33192
7023 848 42409
7014 267 13370
7012 34 1748
5337 138 6929
7054 1770 88513
7008 715 35766
7007 17 871
7023 936 46829
7020 649 32454
7001 564 28210
5478 51 2555
6141 17 891
7003 1427 71399
7026 238 11940
7018 135 6789
5029 25 1290
7055 154 7725
5609 20 1002
6313 15 799
7026 433 21682
7049 1104 55238
5625 109 5464
6123 154 7701
7004 1585 79277
6619 3 156
7008 715 35759
5586 9 474
7388 33 1670
7023 1262 63115
7026 355 17787
5777 30 1542
7049 1104 55235
6873 10 504
6347 47 2363
6974 21 1094
7014 1603 80187
7012 1634 81723
6747 5 282
5455 13 653
7020 1614 80709
5909 24 1220
6332 63 3194
7014 883 44193
7054 488 24431
7023 824 41247
6023 45 2298
7008 1334 66714
5584 19 982
7026 238 11928
6829 180 9004
6969 198 9917
7019 381 19100
7012 330 16529
5337 79 3965
6356 127 6389
7008 1245 62286
7020 495 24784
7717 7 356
7049 476 23823
7026 32 1640
7023 1646 82312
7020 1570 78538
7054 488 24441
6773 31 1582
7017 376 18814
7004 1585 79285
6122 44 2202
7059 71 3581
7023 1328 66424
7049 1721 86061
7010 1036 51809
7001 965 48264
5474 47 2368
7017 1753 87655
7014 1603 80179
7003 267 13391
7018 707 35354
5013 208 10416
6956 85 4290
7003 52 2645
7010 397 19889
7003 1103 55163
7003 1590 79548
7021 352 17603
7055 760 38003
7021 674 33704
6798 162 8139
6161 19 991
7434 83 4195
7054 539 26974
7020 386 19345
7001 1035 51773
7012 536 26831
7023 834 41723
7020 1300 65033
7018 869 43456
7026 355 17753
7001 650 32540
6594 105 5264
7020 1933 96699
7014 1038 51935
7007 84 4201
7023 325 16274
6506 74 3742
7023 1012 50620
7020 74 3728
7004 1513 75686
6421 21 1083
7021 674 33704
7558 20 1002
7020 641 32085
7006 296 14846
6058 168 8428
7014 886 44308
6932 231 11563
7003 1443 72195
7003 1022 51132
7012 1435 71793
7014 911 45587
7023 1058 52946
7017 1371 68586
6874 88 4441
6687 178 8934
7012 1202 60123
6026 47 2354
6874 83 4156
7049 203 10172
7008 436 21850
6325 45 2292
7012 1300 65035
7010 1635 81783
7001 976 48822
7004 619 30969
5915 90 4509
5177 42 2114
7019 7 374
4952 48 2425
6149 147 7366
6795 50 2504
6311 13 688
7014 739 36980
7004 930 46527
7049 616 30842
7006 296 14846
5215 41 2086
7017 683 34175
6423 81 4081
7047 30 1501
7004 378 18946
6281 98 4923
7020 650 32524
7012 509 25482
7020 1231 61556
7047 55 2765
6619 3 156
7049 1197 59873
7026 433 21678
7020 257 12866
7012 1300 65044
6506 74 3742
7023 1262 63140
7006 7 392
7014 1517 75875
7013 225 11268
7020 650 32525
7008 835 41764
7055 751 37551
7049 1983 99199
7334 1 96
6285 130 6533
7049 1753 87670
7012 388 19404
7006 210 10503
6319 149 7456
7055 826 41336
6932 231 11598
7026 335 16765
7014 1176 58823
7004 258 12913
6564 127 6358
7011 118 5942
6591 80 4050
7049 689 34496
7004 890 44520
7020 1620 81007
7054 1904 95237
6824 22 1131
7054 235 11795
7006 296 14835
5914 99 4967
7049 1004 50229
7049 173 8697
5368 71 3581
6507 31 1581
7026 158 7907
5013 208 10437
7017 23 1183
5586 6 306
7010 200 10032
7012 1162 58134
7020 495 24788
7018 682 34116
7004 619 30989
7004 416 20841
5436 56 2850
7018 890 44528
7012 1102 55111
7023 1122 56136
6986 58 2930
7003 1110 55504
7021 504 25205
7023 1012 50625
6683 119 5987
6936 23 1188
7017 1530 76526
5338 12 646
7010 1145 57299
6410 48 2429
6180 12 622
7025 584 29231
5511 55 2790
6768 41 2082
7047 115 5788
7001 999 49978
6148 50 2520
6375 11 551
7020 1943 97151
7023 1445 72260
7054 647 32393
7012 597 29868
5588 169 8477
6375 14 708
7023 6 310
7008 337 16872
7047 30 1506
5387 34 1734
7055 326 16326
6347 3 175
7049 143 7162
7008 779 38981
7004 1595 79754
6989 189 9495
7055 34 1726
7010 1443 72180
7020 386 19335
7010 1478 73917
7020 1620 81007
7023 213 10692
7003 706 35311
6332 66 3302
5497 24 1217
6835 116 5839
7019 368 18442
7020 1298 64924
6989 187 9352
7017 1753 87655
6376 33 1681
7003 441 22088
6145 17 864
7007 90 4537
6934 176 8817
5508 21 1054
7006 241 12072
6812 97 4860
6803 9 454
6551 152 7627
6139 11 552
7025 261 13071
6823 9 463
7012 274 13709
7020 374 18705
7014 426 21340
7017 67 3396
7025 305 15276
7021 785 39284
6218 101 5079
5425 6 318
6956 233 11691
6952 3 172
7001 205 10264
6989 187 9352
6114 135 6797
6874 1 66
7003 1269 63486
7055 826 41343
6837 101 5088
7004 79 3955
7054 433 21654
6462 66 3326
7054 1344 67208
7054 427 21372
6356 127 6389
6507 83 4200
7017 1512 75616
5136 3 157
7012 1300 65021
6376 33 1681
7014 933 46662
6218 0 43
7017 1512 75624
7011 19 959
7017 160 8038
7018 265 13277
7023 1716 85824
7001 303 15171
7023 1012 50620
7020 1091 54592
7020 257 12857
7003 1475 73764
7054 1746 87323
6101 41 2076
7014 1176 58829
7018 887 44382
5508 114 5749
7054 1015 50776
5588 169 8477
7006 296 14813
5338 14 722
6874 1 66
7014 291 14586
7020 1158 57938
7004 1595 79781
7008 934 46708
7054 508 25427
6642 55 2790
6572 178 8908
5207 84 4210
7008 708 35413
7001 997 49874
7013 110 5503
5268 0 19
7054 397 19879
7025 261 13062
7020 1137 56863
6594 110 5518
6906 28 1443
7049 1789 89484
6778 32 1647
5511 55 2787
7021 153 7670
6752 226 11301
7012 912 45601
6154 10 535
7049 93 4670
7001 759 37993
7003 762 38137
7054 1776 88839
7026 785 39256
7049 1432 71608
5122 21 1082
7012 527 26360
7018 832 41645
7008 1334 66722
7004 1479 73961
7004 1661 83089
7018 871 43584
7017 1693 84655
6361 32 1643
5031 72 3617
5588 162 8119
6879 55 2791
7012 597 29858
7021 377 18889
7012 1015 50800
5774 87 4397
7003 1 55
7055 59 2970
7054 978 48901
7003 152 7602
6835 117 5864
7023 1058 52946
6756 83 4183
7134 18 902
5268 0 32
6176 154 7741
7020 847 42380
6572 177 8852
7049 1796 89835
7012 842 42108
7012 1620 81040
7006 408 20408
7014 1176 58812
7049 1326 66349
7023 1054 52718
7023 1328 66446
6829 188 9442
6100 18 950
7282 24 1222
7051 20 1010
6923 26 1316
4982 86 4312
5896 34 1711
7010 773 38699
5911 63 3186
7004 558 27921
6340 59 2975
7013 150 7527
7008 1391 69577
7017 1208 60403
6180 1 85
7019 541 27091
6483 105 5276
7003 639 31954
5508 16 820
7012 669 33496
7055 780 39005
7623 11 551
7019 251 12583
7054 390 19513
7625 111 5588
6978 17 882
7020 937 46855
7017 1693 84673
6973 146 7343
7012 63 3175
7003 887 44362
7026 355 17753
6647 113 5689
7014 259 12966
7004 1190 59535
5516 71 3568
7054 916 45849
5049 61 3078
7012 559 27996
7010 1375 68792
7019 253 12691
6548 46 2314
7023 1164 58247
7023 333 16663
7014 291 14589
7007 31 1555
7006 56 2819
6332 66 3302
7010 739 36963
7025 453 22653
7008 815 40776
7023 848 42405
6946 6 328
7004 1661 83089
6161 19 991
6874 1 64
6226 52 2607
7008 779 38999
7010 1662 83144
6880 20 1046
6564 125 6274
7023 479 23956
7014 1236 61835
5185 1 80
7014 1282 64130
7003 1022 51123
7012 1705 85289
7020 438 21933
7054 1211 60587
6956 239 11962
5183 24 1206
5207 84 4210
7008 531 26584
5511 51 2564
6149 153 7675
7017 1124 56207
7021 785 39284
7020 961 48091
7008 884 44225
7287 0 11
7012 82 4103
7012 658 32922
7007 84 4221
6579 77 3876
7023 1054 52718
7054 508 25416
7049 818 40916
6873 11 564
7049 1980 99026
7008 531 26579
6361 31 1555
7001 759 37972
6653 122 6112
7049 1925 96289
7003 174 8703
7055 830 41524
7025 261 13088
7026 201 10060
6829 193 9683
7054 539 26990
7018 920 46002
7026 855 42752
5337 133 6652
7001 1186 59341
6974 18 914
7012 240 12032
7007 17 872
7017 1625 81262
7008 829 41460
7017 230 11541
7012 731 36581
7055 154 7725
7023 607 30385
7049 844 42208
7054 1776 88821
7001 37 1863
7017 1312 65641
7014 267 13395
7004 349 17489
7019 220 11034
7049 1104 55228
7004 807 40354
7011 264 13229
7326 26 1305
6814 1 89
7047 88 4404
5412 31 1558
7010 671 33576
6653 119 5956
7017 376 18826
7008 955 47763
6780 152 7608
7004 619 30984
6946 6 328
7018 966 48334
6160 74 3730
6115 15 778
6223 4 242
7049 1392 69634
6493 38 1948
7023 75 3779
7020 1541 77080
7020 817 40877
7023 1503 75159
5924 12 649
7010 566 28307
7022 3 167
7049 425 21296
7026 262 13144
6366 85 4269
7010 720 36044
7010 1698 84924
6829 192 9646
6605 95 4783
7010 140 7031
6115 39 1979
7026 331 16588
7049 628 31432
6922 161 8087
7017 1512 75616
7025 305 15276
7014 511 25599
6824 69 3475
6806 32 1637
4991 26 1310
7047 3 169
6871 64 3221
7047 15 764
7017 1512 75634
7022 223 11178
7003 762 38131
6493 4 215
7003 231 11556
7049 1966 98313
7049 143 7169
7021 293 14682
7014 106 5337
7018 897 44900
7055 780 39007
6664 66 3337
7026 158 7907
7012 1254 62711
7011 226 11344
7023 75 3781
7018 875 43763
7049 1966 98301
6457 128 6421
6591 76 3825
7014 64 3233
5511 22 1144
6154 10 535
7023 1122 56128
7016 3 175
6827 192 9621
7001 205 10253
7001 456 22828
7018 920 46016
5179 98 4928
7014 1176 58823
7020 476 23830
5437 135 6760
7012 1015 50800
7004 79 3979
5566 24 1229
7001 827 41382
7012 274 13709
5412 31 1558
7055 167 8351
7023 1854 92710
7012 610 30534
7017 273 13664
6893 194 9706
7055 660 33036
5387 37 1883
7003 1269 63492
7020 961 48091
6110 30 1506
7014 426 21340
7054 397 19872
7021 645 32270
7012 343 17184
7026 520 26041
5625 109 5464
7051 86 4303
6059 121 6078
7054 2018 100929
5924 10 538
7049 1326 66317
7021 352 17603
6339 180 9025
6234 22 1115
5896 1 96
7004 447 22360
7018 135 6789
7001 37 1863
7008 835 41768
6183 103 5156
6551 12 639
7012 1623 81170
6535 63 3178
7018 332 16611
7018 698 34948
6347 51 2560
6783 104 5250
6218 5 268
6551 152 7637
5338 12 646
7001 205 10253
6533 8 448
6549 120 6026
7055 268 13401
7017 1269 63477
6893 198 9907
7025 158 7932
7017 1530 76525
6408 21 1051
7017 1395 69752
7017 1134 56713
7011 177 8851
6989 189 9495
7012 1300 65035
7003 60 3050
7020 957 47882
6980 191 9587
6978 10 544
6482 110 5512
6765 27 1393
7017 1675 83764
7008 667 33361
7026 594 29744
6981 87 4400
6369 54 2746
6826 35 1781
7021 604 30202
7049 1721 86070
6952 44 2229
5929 93 4658
6339 174 8749
5436 51 2594
7021 261 13065
7014 979 48960
7020 149 7484
6946 34 1723
7049 1104 55239
7008 779 38999
5134 36 1837
6304 100 5039
7010 1698 84918
7021 604 30204
7014 1725 86253
7003 152 7602
7049 1456 72808
7025 451 22587
6489 112 5611
7008 779 38990
7017 1068 53449
7010 1698 84924
7012 388 19404
5089 42 2104
7012 87 4361
6102 9 477
7008 298 14920
7055 780 39027
7014 1282 64144
7010 1219 60984
6407 180 9041
7017 1171 58562
7012 943 47157
5982 27 1397
7016 88 4409
6893 192 9608
6795 0 35
7004 1020 51045
7012 842 42142
7055 436 21833
5518 23 1168
6676 171 8574
7008 94 4706
6548 39 1973
6956 85 4251
7016 283 14171
7017 1609 80466
7055 756 37827
7112 29 1500
6761 40 2035
7018 357 17864
6998 202 10110
7019 328 16450
6752 161 8077
7055 337 16855
7014 996 49820
7014 1139 56974
7017 55 2798
7020 1933 96699
7006 296 14846
7023 1280 64028
7003 1197 59882
7055 34 1726
7004 248 12415
7016 185 9271
7001 71 3556
5089 42 2104
7003 1197 59865
7048 70 3503
7047 119 5970
7020 956 47805
7054 578 28927
7016 184 9249
6436 20 1019
7017 1519 75997
7014 679 33962
6350 78 3930
6160 65 3288
7049 1278 63922
7010 1255 62785
5474 47 2359
7055 460 23011
6149 147 7381
5338 15 757
7023 239 11989
6115 39 1979
6642 55 2790
4998 44 2230
6423 80 4009
6832 13 657
7018 265 13277
7018 871 43584
7054 433 21654
7021 261 13065
7023 824 41204
7563 21 1059
6953 142 7119
7025 584 29243
7020 1325 66299
6483 102 5126
6420 65 3299
7017 1134 56713
7010 1148 57425
7020 649 32454
5090 22 1106
6535 63 3164
6837 53 2655
7049 860 43013
7012 274 13717
5093 178 8908
7054 321 16060
7004 1142 57112
6535 228 11446
7049 1749 87456
6928 47 2361
7023 1262 63140
7004 1073 53660
7014 291 14589
6101 40 2009
7003 1427 71380
7014 911 45591
6100 81 4066
7004 871 43578
7020 1490 74516
7011 226 11302
6874 85 4285
6928 49 2463
7054 25 1281
7049 956 47821
6990 7 384
6347 0 29
7055 167 8387
7020 1282 64136
7012 669 33496
6369 54 2746
7021 93 4658
6761 40 2035
7012 1499 74956
7020 724 36225
7014 739 36970
7014 979 48960
7014 1603 80166
7008 1303 65199
7025 232 11648
6347 47 2363
6502 44 2207
7008 962 48119
5002 20 1050
7017 329 16482
7004 1280 64012
7014 544 27248
7014 996 49820
7003 286 14334
7054 390 19513
7010 57 2870
7017 273 13664
7020 1172 58635
7054 1904 95237
6407 16 847
7010 773 38699
7049 204 10231
6979 57 2898
7020 1620 81024
7055 391 19556
7001 211 10588
7014 1282 64104
6827 191 9578
6118 133 6688
6619 3 156
7054 1053 52700
7016 3 198
7020 649 32473
6959 181 9057
5268 7 396
7049 1432 71621
5177 42 2109
7012 597 29858
7020 961 48067
6946 40 2042
6023 28 1424
6969 235 11792
7014 1565 78288
7004 950 47541
7049 956 47839
6298 53 2681
7054 1770 88516
7026 578 28923
7017 394 19705
6363 7 360
7014 1236 61812
6423 8 415
7007 33 1672
7026 198 9950
7021 271 13589
7023 937 46893
7008 1245 62280
6893 192 9608
7012 1246 62349
7020 258 12924
7017 23 1183
6881 67 3382
7020 325 16267
5326 133 6680
7023 1716 85830
7011 154 7708
7021 191 9566
6320 80 4004
5216 31 1589
7049 956 47839
7008 543 27169
5516 47 2371
6922 161 8097
5914 96 4827
6600 9 486
7023 691 34583
7001 688 34450
7054 397 19863
7001 410 20523
6798 162 8139
7017 1515 75773
7017 1681 84057
7003 1 54
7014 50 2545
5433 88 4435
6664 66 3337
7017 1073 53679
7021 695 34782
7023 1148 57449
7001 71 3571
7008 829 41458
7021 785 39281
6985 13 690
7020 1158 57916
6998 15 776
7017 1584 79215
7023 834 41730
7010 720 36044
7021 269 13480
7018 980 49011
5437 135 6760
7001 827 41362
7055 391 19582
7020 546 27304
6589 72 3609
7017 1287 64385
5177 2 119
7017 817 40873
7014 1603 80166
5090 158 7935
7004 844 42223
7007 90 4537
7008 298 14901
7004 554 27739
5603 11 580
5518 23 1169
7003 887 44371
6423 81 4052
7010 204 10235
7020 546 27344
7023 1639 81967
6928 50 2541
7020 1282 64104
7012 1361 68061
6375 17 890
6901 16 839
6402 41 2063
7474 83 4181
6874 4 211
7004 394 19739
7023 1148 57450
7012 527 26367
7054 900 45013
7020 961 48067
6141 17 891
7023 531 26600
7018 719 35982
7001 650 32540
7010 946 47326
6143 0 45
7049 1393 69688
7017 1124 56207
7010 1499 74966
6098 52 2620
7049 692 34632
7003 762 38119
7017 55 2800
7004 1073 53676
7025 258 12925
6829 192 9646
7021 645 32270
6347 58 2907
7012 339 16980
7010 773 38654
5769 38 1919
7008 324 16241
7017 271 13565
5268 5 289
7003 493 24672
6507 202 10144
7049 628 31433
7010 200 10007
6637 44 2250
7026 855 42752
7004 349 17456
6637 47 2367
7049 1721 86070
7010 1745 87284
6231 46 2331
6823 0 17
7020 495 24792
7010 812 40608
6747 5 282
5435 5 256
6956 85 4290
7012 1143 57170
7001 946 47317
7054 1306 65322
7055 438 21904
7001 674 33748
6828 223 11199
7006 138 6904
7012 274 13720
7004 934 46709
5177 42 2146
6620 52 2645
7016 283 14174
7049 1632 81636
7019 541 27069
7001 997 49874
7025 148 7446
5452 11 570
7004 554 27711
6353 71 3552
7026 561 28070
7020 1455 72792
7017 1371 68586
7408 89 4461
7023 333 16663
6981 88 4424
7017 1753 87663
7046 4 201
7010 1255 62768
6946 8 404
7013 225 11251
7023 1483 74185
7012 731 36557
7001 71 3592
7017 772 38642
7001 997 49857
5925 3 171
7020 495 24788
7003 1297 64891
7021 219 10972
6304 101 5059
7003 1302 65119
6046 52 2604
5386 58 2908
6376 66 3349
6823 8 447
7014 1397 69899
5184 43 2169
7001 71 3571
5985 188 9409
6664 208 10421
7017 1680 84013
7054 105 5290
7017 1693 84686
6642 56 2836
6423 81 4052
7010 1195 59795
5387 37 1883
7020 1888 94401
7014 1176 58829
7012 610 30542
5576 57 2856
7054 1053 52699
7012 813 40653
6493 4 215
7008 337 16872
6786 66 3302
7008 715 35792
5338 15 757
5512 180 9050
6946 60 3044
7020 1298 64905
7054 1330 66531
7020 1399 70000
7021 221 11056
7014 996 49846
6334 50 2524
5013 209 10470
7020 1282 64111
7054 25 1291
7017 1329 66453
7021 352 17636
6332 51 2576
7019 220 11008
7020 386 19326
7017 57 2880
7003 1197 59865
7014 1603 80179
7023 1646 82338
7018 350 17526
6928 41 2052
7055 760 38026
7004 1595 79784
7019 41 2068
7054 1410 70502
7004 258 12903
7020 1091 54594
7020 402 20132
7023 1734 86719
7023 1646 82335
7054 523 26180
7014 1190 59504
7006 359 17974
7004 1595 79754
7020 1943 97151
6799 64 3235
7004 79 3970
5185 66 3323
7054 1659 82954
7018 890 44541
7016 3 152
7017 244 12243
7001 507 25373
7004 1381 69054
6206 19 973
7003 1624 81215
7021 377 18855
7001 104 5237
6642 57 2855
7004 1279 63998
7014 898 44947
7021 293 14673
7010 25 1300
7003 1236 61802
7008 1192 59624
7004 1365 68289
7054 900 45035
6350 81 4070
7020 1137 56863
6779 67 3396
7023 1639 81982
7021 573 28680
7018 707 35380
7018 869 43496
6423 80 4009
6353 69 3463
7017 1693 84684
7055 326 16343
7023 1658 82937
7020 149 7469
6767 5 284
7021 645 32255
5013 208 10437
7012 1254 62739
7008 436 21850
6955 129 6486
6619 3 156
5060 64 3224
5953 6 327
7010 923 46179
5600 56 2805
6978 12 607
7054 488 24422
7055 337 16869
6697 21 1092
7025 539 26951
7049 628 31414
6376 24 1213
7026 470 23548
7001 895 44760
7018 871 43592
5924 17 854
5433 74 3715
7049 542 27127
7022 253 12684
5771 29 1486
7020 837 41891
7017 1512 75624
7054 427 21387
7049 1796 89846
7001 848 42423
7625 111 5588
6832 15 776
7021 245 12257
7054 1490 74548
6989 187 9352
5216 37 1884
7012 731 36557
6444 51 2599
7004 619 30955
7003 1543 77166
7025 148 7446
7054 25 1281
7020 1300 65032
6332 66 3302
7020 766 38302
7023 1012 50620
7021 850 42532
7023 824 41247
7020 1949 97479
6780 151 7560
7020 961 48091
6928 50 2520
7008 1245 62266
7054 1943 97193
6115 19 974
6304 192 9609
7334 3 193
7012 1246 62343
6874 88 4441
7013 225 11291
7022 47 2361
7021 242 12145
7049 1344 67227
7013 150 7519
7012 1435 71791
7008 651 32597
7022 253 12684
7017 271 13577
7049 1925 96263
7012 1399 69952
7025 274 13704
7014 52 2614
7004 934 46709
7017 983 49187
7001 600 30010
7019 573 28654
7010 1662 83126
7014 1236 61838
5774 83 4157
5425 5 280
6906 28 1443
6154 7 390
6936 12 633
5134 36 1825
7018 875 43763
7004 988 49413
7012 1300 65038
7055 780 39001
7014 1653 82689
7023 1012 50620
7049 157 7894
7020 937 46859
7004 1020 51045
5586 6 320
6102 9 477
6118 135 6761
7023 1262 63137
7020 462 23113
7001 688 34444
7004 394 19739
6798 50 2541
7026 331 16585
7001 895 44756
5013 208 10416
6946 2 126
7008 1353 67698
7010 509 25464
6942 28 1437
7020 1781 89088
7025 451 22562
7004 1595 79781
6217 18 925
7017 991 49557
7017 1752 87635
7055 34 1728
7012 1143 57170
7025 34 1739
7049 856 42832
6985 12 618
5237 59 2994
6369 50 2530
6535 3 155
7003 1197 59859
7049 616 30842
7004 569 28461
7010 820 41012
7014 996 49813
7048 77 3880
7054 1001 50093
5226 26 1311
6553 138 6905
5093 148 7420
7014 267 13366
7020 836 41827
7055 504 25230
7020 1696 84803
7054 488 24444
6141 17 891
7014 52 2647
7055 780 39001
5588 159 7987
7010 57 2872
5090 83 4199
5222 4 220
7003 1427 71361
6946 60 3044
7004 1686 84309
7012 308 15402
7012 1361 68072
7023 382 19133
7017 1530 76525
7054 1211 60583
7020 837 41861
6347 51 2559
7048 142 7132
7020 59 2987
7001 447 22393
7014 972 48607
7003 920 46031
5589 88 4443
7016 283 14171
7055 751 37551
6799 64 3235
7017 1068 53443
7012 1590 79544
7014 157 7859
7020 1614 80709
7004 1598 79942
7049 463 23189
6534 48 2419
6382 77 3898
7022 3 175
6420 64 3239
6440 37 1894
6803 114 5747
7014 469 23481
7004 416 20826
7010 720 36030
7010 933 46676
7054 916 45831
7048 28 1441
6361 34 1741
7004 1695 84778
7020 226 11301
7010 773 38699
7021 54 2703
6100 69 3461
7021 271 13565
6507 31 1581
7017 1073 53695
7004 837 41891
6803 131 6572
5177 42 2114
7008 540 27001
7020 495 24788
7020 836 41838
5071 64 3248
7023 689 34472
7026 855 42764
6533 10 503
7020 1298 64901
7001 997 49857
7008 708 35415
7010 1443 72151
7014 292 14624
5090 159 7957
7023 1730 86520
7008 955 47777
6483 105 5278
7014 1467 73376
7023 1262 63123
7055 154 7725
7054 581 29060
6100 78 3919
7012 388 19410
5387 35 1784
7004 1326 66330
7020 1949 97482
6382 52 2629
7008 1334 66735
6382 48 2422
7007 81 4070
6789 28 1414
5214 59 2975
7014 1409 70491
7012 1435 71763
7001 759 37982
5985 100 5022
7010 1257 62881
7020 1888 94401
6942 21 1051
7003 436 21803
7021 271 13581
7020 1282 64124
6023 28 1424
7017 830 41532
7004 1326 66336
6535 3 155
7001 759 37999
6340 67 3383
6979 53 2699
7012 278 13945
7008 651 32597
7020 221 11074
7014 656 32833
7012 893 44693
5337 117 5870
7008 1319 65988
7011 19 959
6551 11 592
7014 483 24181
6468 35 1767
5512 180 9050
7020 1614 80709
7004 258 12916
5433 71 3578
7026 470 23528
7025 305 15276
7018 374 18725
7021 212 10635
7012 63 3195
6285 133 6662
7049 1201 60079
7014 185 9290
7020 1040 52012
7012 1590 79504
7026 470 23548
6076 63 3183
7012 841 42092
5947 100 5049
7023 1012 50620
7457 158 7949
7023 1262 63140
7022 253 12661
6932 232 11642
7022 73 3669
6347 19 955
7055 326 16320
6978 10 544
5777 26 1329
6530 1 65
7004 1326 66330
5437 135 6760
6978 10 544
5985 104 5234
7017 424 21241
7010 200 10007
7010 1443 72192
7001 37 1887
7021 333 16677
7003 358 17924
7012 274 13736
7021 573 28680
7020 1464 73207
7054 1904 95201
7019 7 392
7004 1719 85980
6353 65 3276
6336 154 7738
6990 7 384
7003 1443 72195
5436 51 2594
6749 76 3831
7010 812 40642
6534 49 2464
6783 73 3668
4969 23 1199
7584 23 1181
7006 359 17970
7054 1410 70525
7023 1734 86719
6483 105 5278
6780 152 7608
6835 112 5635
6893 193 9676
6091 202 10145
7700 24 1235
6354 89 4469
7001 507 25373
7010 1443 72151
6564 127 6367
6118 134 6711
7023 1164 58206
5925 127 6371
7018 536 26843
7014 972 48614
7017 1036 51840
6952 6 323
6115 12 609
7004 147 7393
7017 1403 70194
7010 46 2316
7010 1195 59795
7049 1104 55244
7012 487 24399
6915 176 8849
7021 219 10998
6376 64 3239
7010 671 33576
6100 132 6628
7004 349 17473
6507 199 9952
6493 4 245
7023 823 41195
7020 546 27304
7055 438 21904
6369 54 2746
7014 426 21345
7004 1585 79292
7049 1197 59872
5618 18 933
7049 259 12974
6478 63 3173
6534 44 2222
7001 997 49874
7017 1371 68600
7054 1283 64195
6803 11 573
5005 208 10420
7004 569 28462
7012 527 26362
7017 125 6289
5600 149 7452
6798 36 1823
5031 78 3920
5625 205 10281
7055 326 16343
7054 539 26974
6747 7 393
7006 296 14835
7020 1933 96697
7018 851 42554
7012 1264 63209
7019 37 1854
5068 65 3252
7017 662 33122
6336 142 7116
6493 107 5351
7017 1752 87637
6334 62 3124
7003 389 19492
7059 72 3622
7003 143 7192
7020 1949 97482
7018 586 29347
7019 160 8036
7054 390 19541
7054 1292 64615
5528 17 889
7017 1681 84065
7023 6 340
7049 1966 98313
7023 613 30673
7016 185 9271
7047 15 796
5089 42 2104
6296 3 181
7020 1284 64246
7018 746 37339
7026 433 21697
7048 167 8379
7023 1607 80371
7014 1038 51930
7010 820 41012
7001 361 18061
7049 259 12970
6118 135 6761
7054 1709 85456
7001 1186 59317
7020 965 48289
7017 55 2798
6594 113 5685
6653 119 5956
7023 318 15945
7049 1432 71601
7019 541 27081
7008 324 16241
6928 50 2520
7003 1012 50613
7011 118 5941
7025 201 10058
7003 655 32773
7025 451 22562
6752 218 10904
7004 1686 84321
7018 292 14636
7049 1482 74122
7012 1458 72939
7014 215 10767
7049 1201 60079
7018 411 20582
7018 357 17864
7054 1020 51045
7049 1925 96282
7008 540 27027
7011 226 11303
6059 119 5991
7054 515 25783
7055 436 21826
7020 674 33702
7055 154 7746
7020 1490 74513
6183 103 5156
5090 22 1106
7012 731 36581
5511 54 2723
7012 1722 86110
7023 1893 94665
7018 875 43784
7055 760 38026
6376 64 3239
7020 1317 65863
7018 292 14636
5516 48 2450
7020 837 41861
6100 81 4083
7049 463 23189
6956 237 11880
7023 75 3768
7001 155 7783
7017 817 40871
7023 1012 50625
7004 329 16455
5915 87 4360
7049 860 43001
6946 8 404
6535 52 2649
5925 126 6330
7010 204 10218
7049 1925 96284
6837 58 2948
7020 845 42281
7004 601 30088
6980 191 9587
7006 296 14835
7001 104 5240
7017 1371 68567
6826 38 1911
7017 1512 75634
7020 49 2454
7001 564 28215
5516 70 3513
5625 203 10193
7006 475 23786
6835 116 5839
6502 43 2188
7006 56 2826
7020 836 41838
7004 370 18526
7010 57 2870
7054 1301 65075
7010 822 41103
6619 3 156
7026 558 27918
6325 2 101
7004 1279 63976
7049 844 42250
7004 554 27739
7012 1300 65038
7018 945 47283
6798 50 2541
6835 118 5936
7012 557 27893
7020 495 24784
7049 1432 71630
7049 956 47821
7026 745 37253
5985 100 5022
7010 1193 59700
6928 50 2541
5909 24 1220
7020 49 2498
7054 1292 64633
7008 1334 66735
7001 411 20560
7049 628 31437
7012 809 40472
7004 349 17500
7020 917 45888
7010 705 35252
7054 1344 67208
5982 28 1424
7010 1128 56414
7054 1344 67229
7001 738 36911
6999 9 466
5222 4 220
7017 1068 53449
5433 26 1329
7054 1659 82964
7020 1678 83918
6874 1 64
7049 1004 50216
7025 274 13717
6999 9 462
7010 1255 62759
7023 1120 56016
7006 11 587
7014 697 34899
5179 95 4786
7012 487 24353
7020 280 14042
6070 82 4134
7018 875 43784
7006 11 554
6979 49 2457
6023 28 1424
7023 1122 56140
7012 762 38137
7014 874 43711
4999 86 4326
7004 1595 79781
7012 1254 62702
6246 15 766
7001 997 49857
7023 607 30397
7049 1796 89803
7004 1365 68295
7054 1306 65337
7054 1053 52692
7006 475 23766
7001 181 9094
7004 1479 73984
6347 6 315
7023 518 25941
7016 22 1139
7004 1020 51020
5338 14 722
7020 673 33657
6445 3 181
7023 1262 63149
6687 175 8764
7018 536 26811
7018 875 43798
7020 1949 97479
7054 1982 99136
5511 55 2787
7017 1753 87655
7018 851 42600
7026 558 27912
7014 933 46684
7049 722 36125
7014 1603 80200
4952 46 2339
7004 934 46726
6350 84 4209
7010 720 36041
7003 231 11575
7023 1907 95400
5387 35 1784
7020 1464 73210
7018 292 14611
7049 1325 66295
7054 783 39189
7054 1657 82895
7008 995 49787
7003 1590 79542
7012 1162 58123
7008 493 24681
6827 200 10050
5777 33 1656
7020 59 2951
7055 261 13079
5625 108 5433
7012 163 8197
7054 550 27517
6980 191 9587
7020 845 42283
7055 760 38008
7017 57 2872
7014 788 39430
6922 161 8097
7019 541 27091
6180 12 622
7008 540 27021
7017 1693 84686
7026 470 23527
6664 57 2884
7014 253 12683
7001 997 49874
7011 81 4099
7003 920 46025
7012 610 30517
7012 457 22892
7003 286 14347
7003 60 3050
5370 109 5473
7004 554 27711
7006 287 14381
7010 219 10977
7021 785 39295
7017 1156 57809
7010 1499 74964
5625 108 5440
6553 142 7113
5971 118 5902
7018 510 25549
7017 1068 53449
5511 23 1153
6823 7 382
7010 1746 87322
6823 7 371
7017 1312 65641
7026 648 32404
6205 30 1504
7020 1252 62636
7019 251 12554
7010 397 19889
6021 194 9732
5586 6 306
6756 83 4183
7008 460 23037
7017 57 2896
6874 88 4441
7026 331 16551
7026 331 16581
5433 26 1329
6594 107 5392
6553 139 6968
7001 552 27637
7017 1269 63477
7003 441 22062
7014 185 9290
5566 24 1228
7020 59 2997
7004 950 47512
7047 119 5970
7008 460 23028
7017 1124 56238
7021 148 7407
7004 1507 75357
7047 73 3699
7012 1300 65021
7008 1353 67677
6906 32 1643
7004 1142 57128
6915 173 8683
7004 934 46749
5071 61 3088
7016 123 6167
7023 1262 63149
6572 187 9378
6959 184 9234
6829 182 9134
7740 30 1523
6529 58 2909
5511 51 2564
7021 377 18855
6823 7 382
7054 1823 91153
7020 1782 89105
7020 476 23832
7012 1324 66206
5089 42 2104
7003 706 35330
7022 3 153
6374 28 1402
7054 1650 82505
7012 1143 57170
5177 42 2114
7010 136 6843
7054 849 42455
7026 158 7907
6339 180 9025
7026 470 23528
7054 508 25423
7049 1697 84857
7018 817 40885
7012 731 36581
7023 531 26551
4983 1 59
7012 1634 81723
6768 46 2345
7017 1208 60419
7014 1473 73693
7003 56 2825
6606 40 2004
6110 30 1506
7014 1282 64118
6281 98 4923
7010 1375 68775
7003 1711 85558
7054 783 39166
7011 118 5921
7021 674 33704
7023 607 30391
6462 69 3458
6752 167 8374
7004 1142 57128
7020 49 2465
7047 73 3680
7012 1499 74952
7012 27 1370
6806 23 1187
7008 1245 62266
7001 71 3571
7012 521 26075
5075 1 75
6800 47 2370
7003 1012 50613
7017 1160 58032
5177 2 119
6761 41 2052
7014 679 33957
7017 271 13577
7004 882 44141
7004 1479 73975
6506 67 3398
6814 1 89
7021 297 14853
6963 56 2828
7012 102 5145
7004 550 27519
7020 1455 72792
6007 0 46
7008 337 16871
7010 57 2856
7054 398 19944
7003 896 44839
7026 668 33417
7054 111 5577
6579 39 1963
6835 115 5794
7014 1603 80187
5499 179 8968
7012 796 39844
7008 337 16883
7020 549 27475
7054 390 19514
7055 59 2961
7004 1509 75463
5361 108 5444
7054 638 31903
7018 887 44382
7014 361 18095
7020 571 28552
7017 1506 75307
5600 52 2624
7012 339 16991
6004 161 8074
7010 822 41146
7023 1734 86723
6768 46 2345
6160 65 3256
7053 48 2436
7010 1195 59795
5925 9 459
7054 1776 88839
6803 25 1256
7055 59 2961
6778 32 1647
7004 890 44515
6444 141 7083
6218 4 230
7003 920 46022
7012 1254 62702
7021 674 33704
7012 1435 71763
7010 200 10043
6234 22 1115
7025 233 11653
7018 875 43784
7327 180 9031
7021 219 10972
7020 1298 64905
7055 264 13226
5454 225 11289
7017 954 47746
7049 1197 59897
7012 949 47495
7003 171 8567
7014 259 12963
7014 686 34303
6923 40 2022
7003 1543 77157
5207 84 4210
7003 152 7650
6534 44 2205
7012 857 42883
7019 102 5144
6928 41 2052
7012 1314 65727
7054 1211 60568
7023 1646 82335
7022 47 2361
7004 1298 64906
6952 4 231
7054 583 29176
6080 155 7795
7023 936 46829
6160 65 3256
5268 3 168
6376 24 1213
7054 1800 90043
7047 88 4448
7004 1073 53673
7004 416 20823
7021 352 17603
6206 16 848
7021 695 34782
7049 1877 93852
6151 13 679
7017 862 43143
7008 531 26597
7049 692 34632
7017 1506 75320
7001 848 42440
7017 1512 75634
7004 1598 79926
6564 127 6367
7013 186 9329
7047 88 4448
7049 689 34460
7023 689 34472
7017 1753 87655
7017 1373 68697
4978 37 1864
7020 1091 54594
7003 1224 61233
6339 175 8773
7019 253 12691
5940 40 2012
7010 1499 74989
7010 1148 57423
6445 3 181
7049 1004 50216
7010 754 37741
7010 720 36041
5227 35 1771
7019 7 392
5455 10 533
7014 996 49815
7012 709 35468
6139 16 827
5134 36 1837
5982 28 1426
7022 69 3459
6376 10 514
5437 135 6760
7026 525 26277
7054 1707 85368
7022 222 11140
7003 617 30872
6934 146 7310
6440 25 1276
7049 157 7894
7001 999 49978
7008 1334 66728
7054 1800 90043
7049 174 8720
7020 49 2452
6888 32 1627
7010 822 41102
7012 1324 66214
7053 18 928
7054 246 12326
5412 31 1558
7001 507 25396
7644 222 11129
7017 1732 86637
6664 208 10436
6102 9 477
7020 257 12851
6594 111 5593
7012 487 24381
6457 28 1430
7023 824 41244
6664 57 2884
6430 5 278
7020 374 18744
5511 54 2723
7017 1373 68667
7054 25 1299
6589 77 3887
7049 1830 91514
7004 1242 62149
7054 345 17252
7001 895 44756
7017 55 2800
7012 1114 55745
7026 702 35126
7008 884 44225
5929 92 4618
7021 293 14695
7004 447 22360
6800 47 2370
7021 523 26155
7010 812 40619
7004 1190 59550
7012 813 40695
5966 68 3446
6959 181 9097
5136 3 189
6149 69 3487
7001 939 46985
5600 149 7452
5134 32 1641
7001 461 23089
7017 692 34605
7026 331 16581
7001 71 3592
5459 23 1155
7054 1823 91191
7014 632 31610
6936 23 1170
7004 466 23330
5155 62 3115
7012 339 16995
7004 1279 63981
6534 42 2113
6407 18 912
7022 47 2352
7054 218 10948
7017 1287 64392
7020 633 31679
7012 339 16980
5385 190 9529
7018 473 23684
7025 93 4663
7054 25 1299
7004 370 18550
7004 248 12433
6934 177 8866
7049 1126 56327
7020 1231 61576
7016 184 9214
6483 107 5355
7008 261 13061
7026 470 23528
7022 3 175
7003 52 2601
7008 154 7728
7023 1646 82312
7023 1607 80361
7014 679 33952
7001 74 3702
7017 1752 87650
7010 923 46179
7026 331 16568
6637 47 2398
7025 148 7431
6483 103 5194
7001 410 20534
7018 832 41645
7003 639 31955
7004 1598 79942
7001 447 22389
6642 61 3092
7017 164 8215
7020 961 48067
6687 173 8654
6506 73 3686
7004 554 27720
7012 1620 81007
6795 2 114
6004 161 8074
7014 679 33957
7020 49 2454
5516 46 2335
5971 84 4220
6989 187 9352
7020 159 7989
6881 67 3382
7023 676 33816
7003 1475 73762
7012 1266 63347
7054 1823 91199
6667 74 3729
7023 1907 95400
7014 874 43711
7010 509 25498
7478 24 1210
7012 912 45605
6506 74 3742
7012 1246 62328
7020 19 976
7004 950 47545
7014 1190 59538
5938 40 2007
6692 152 7644
6687 178 8918
6953 3 179
7016 123 6184
7466 192 9617
7001 738 36923
6151 17 855
7020 1300 65048
7012 610 30540
7008 154 7728
7625 90 4529
7026 355 17753
7018 790 39528
7013 225 11282
7010 946 47326
7020 384 19224
7049 818 40929
7054 523 26185
7025 305 15283
6990 7 384
7021 297 14862
7049 425 21296
7023 1657 82859
7021 242 12106
7054 815 40772
7017 817 40871
6800 152 7650
7023 1054 52718
6953 5 275
6340 67 3383
7023 1445 72293
7018 670 33517
7017 692 34615
6946 8 404
5924 18 904
7411 105 5270
7003 1417 70882
6829 192 9613
6535 63 3187
6873 11 564
7003 762 38150
7007 31 1561
6347 47 2396
7017 1752 87619
7019 220 11044
7017 796 39808
5084 54 2724
7014 1282 64130
7019 50 2549
7054 515 25778
7018 875 43784
7023 1734 86735
7001 205 10284
6462 66 3326
6973 146 7343
7010 812 40648
7014 1038 51944
6824 66 3346
7017 1171 58565
7055 764 38219
5896 7 385
7690 54 2706
6874 4 204
7014 52 2615
7020 1782 89101
7054 1344 67229
7018 869 43496
7055 779 38981
7012 1162 58134
7049 1966 98322
7020 1338 66932
6780 155 7758
6761 41 2052
5924 19 998
7011 288 14434
7004 1647 82362
5207 74 3721
7026 668 33421
7018 920 46016
5914 99 4967
7014 558 27936
7012 1324 66203
6978 12 629
6312 123 6182
7023 1148 57449
7004 1135 56758
7054 815 40772
7012 1254 62711
6946 41 2094
7012 1162 58118
7017 1036 51802
7054 778 38927
7025 161 8058
6981 88 4424
7010 645 32285
7059 80 4021
7023 1907 95369
7023 937 46880
6752 227 11373
7054 357 17886
7021 826 41332
7018 966 48336
7008 955 47777
7054 523 26185
6928 50 2517
7012 102 5101
7054 1211 60568
7003 1197 59864
7020 961 48077
6880 20 1045
7001 74 3749
7003 358 17924
7021 443 22193
6637 44 2250
7010 509 25462
7010 1244 62227
7017 1681 84057
7020 633 31695
7049 1482 74125
7054 1001 50086
7017 410 20502
7046 103 5159
7004 550 27519
7049 722 36105
7020 257 12866
7026 520 26041
7020 1949 97461
7020 560 28014
7020 1091 54592
7011 288 14405
5031 72 3617
7049 1302 65121
7001 976 48820
7003 1543 77166
7001 552 27625
6855 110 5519
6893 194 9737
6697 21 1092
7008 1245 62266
6347 19 977
6298 191 9588
7003 436 21811
6778 27 1377
7049 1302 65121
7025 148 7432
6922 224 11239
6752 161 8077
7010 200 10043
7055 318 15943
6932 232 11619
5511 55 2790
7054 105 5282
7008 543 27154
7012 813 40653
7012 595 29772
7008 1245 62266
7003 887 44362
7049 692 34622
7017 67 3396
7003 920 46018
4952 47 2392
6989 187 9352
5897 39 1974
7017 1144 57241
7023 75 3799
6642 59 2953
4978 44 2209
5774 83 4157
5433 26 1329
6799 58 2916
5396 8 417
7006 138 6921
7049 1830 91549
7457 206 10342
6423 89 4469
7023 1734 86719
7018 676 33802
7012 1143 57180
7049 1004 50221
7001 759 37963
7023 325 16253
6572 183 9177
7019 253 12668
7017 820 41029
7004 1598 79907
7023 1766 88307
7049 692 34617
7049 1201 60086
7023 691 34587
6149 17 896
7054 105 5282
7004 1063 53176
7026 668 33417
7017 1680 84047
6637 47 2367
6803 4 226
7017 1371 68567
7020 1231 61576
7022 47 2387
7054 1153 57698
6483 107 5355
6653 123 6194
7001 1116 55804
7022 173 8699
7025 148 7446
7014 1730 86516
6888 34 1743
7001 848 42423
7012 154 7710
5099 13 678
7012 731 36581
7054 1904 95236
7012 1244 62213
6975 172 8640
5411 90 4501
7010 1373 68667
7014 50 2544
7049 204 10246
6100 137 6874
5516 44 2218
7023 1122 56136
7054 1001 50093
7054 1588 79449
