6981 70 3534
6787 93 4659
6549 43 2196
6037 5 255
6407 55 2766
6180 39 2000
6859 119 5980
6978 176 8805
6642 4 211
6551 3 196
5935 15 751
6468 106 5328
5854 126 6329
6218 2 143
6680 39 1977
6634 107 5395
6510 49 2461
5233 1 63
6765 94 4718
6553 33 1655
5926 4 229
6148 13 683
6989 109 5479
6544 131 6587
5029 136 6846
6840 71 3576
5211 101 5071
6591 131 6572
5834 113 5697
5191 104 5202
6836 36 1827
6091 120 6041
6934 80 4025
6828 166 8329
6426 120 6049
6827 151 7599
6517 4 220
6639 31 1578
5938 53 2663
6282 7 386
6780 149 7481
6505 11 576
6374 22 1119
6565 162 8101
6752 83 4181
4981 12 617
5824 25 1255
6362 73 3660
6782 23 1155
6558 137 6866
6773 189 9498
5512 105 5296
6867 32 1621
6508 52 2623
5013 114 5728
6666 152 7620
5512 105 5296
6907 27 1380
6784 23 1176
5109 13 663
6023 38 1931
5211 101 5071
6977 0 28
6798 217 10875
6763 123 6191
5532 85 4281
6594 50 2506
6332 14 748
6930 36 1847
6631 86 4329
6388 0 43
5639 139 6965
6968 59 2973
6908 193 9669
5921 108 5447
6680 99 4994
6318 99 4971
6855 86 4345
5519 142 7134
6600 69 3489
6977 70 3522
5002 22 1128
6861 21 1079
5280 140 7006
6671 50 2525
6980 11 600
5411 68 3447
6663 246 12307
6576 17 863
5164 32 1622
5921 108 5447
5605 101 5093
6576 57 2880
6502 99 4966
5512 12 642
6795 26 1339
6213 9 489
5512 105 5296
5720 15 756
6337 4 228
6562 40 2027
6426 33 1672
5101 2 148
6811 73 3683
6959 63 3173
5432 2 134
6410 141 7064
5361 67 3385
6463 68 3402
6971 8 402
5341 57 2865
5399 47 2386
5512 105 5296
6666 92 4624
5459 160 8004
5808 101 5056
6901 230 11528
6981 70 3534
5846 24 1215
6340 20 1027
4969 122 6106
6439 8 419
4967 14 725
6977 25 1284
6813 223 11165
6149 60 3024
6908 160 8013
5513 18 921
5412 71 3558
4971 37 1871
4986 58 2914
6436 3 163
6861 31 1570
5858 12 621
6488 24 1207
6379 91 4587
6467 60 3021
5536 51 2576
6780 74 3748
6572 57 2898
5977 178 8943
5016 35 1751
5002 22 1128
6363 1 78
5374 36 1835
6304 90 4544
6562 103 5162
6936 215 10798
6914 9 495
5041 12 614
6371 27 1399
6780 14 705
5588 107 5365
6663 88 4446
4969 91 4566
6963 102 5103
6121 35 1755
4955 114 5738
5702 11 597
6358 19 986
5025 102 5106
6046 63 3193
6837 154 7719
6339 121 6070
6749 43 2193
5025 64 3235
5395 6 332
5418 40 2014
5977 205 10296
6983 0 12
6608 65 3282
6205 5 261
5985 201 10073
6046 63 3193
5338 9 459
6979 110 5523
6801 178 8930
5830 150 7531
5593 60 3001
6078 22 1135
5593 65 3261
5710 16 823
6320 74 3717
6934 12 612
6975 136 6829
6605 126 6317
6318 144 7219
6880 2 103
6634 157 7883
5333 35 1775
5979 140 7034
6959 9 491
6893 59 2971
6687 132 6622
6298 29 1497
6670 38 1914
6092 92 4634
6805 152 7626
6546 18 910
6325 61 3077
6760 1 59
5364 31 1551
6813 101 5068
5207 45 2276
6176 174 8702
6881 36 1817
5532 85 4281
5061 95 4800
5953 5 269
6765 140 7026
6663 205 10260
6680 51 2580
5705 126 6340
6801 92 4647
5108 125 6253
5021 53 2668
5752 47 2396
5767 76 3848
6553 92 4637
6692 26 1317
6630 79 3972
6663 69 3485
6777 47 2393
6609 67 3372
5822 20 1012
5570 0 33
5201 77 3862
6828 128 6415
6091 12 605
6776 56 2840
6810 66 3327
6148 37 1881
5834 130 6539
6406 106 5328
5337 41 2097
6798 116 5814
5262 65 3293
6461 85 4281
6960 75 3763
6932 128 6446
5436 18 935
6507 131 6578
6565 97 4856
6347 96 4810
6780 74 3748
6157 78 3945
6463 133 6654
6527 26 1306
6697 136 6832
6091 163 8177
6299 2 138
5512 14 720
6412 15 790
5397 123 6197
6748 12 637
6533 113 5687
5526 6 342
5264 5 270
6426 78 3933
6429 154 7739
6192 64 3226
6989 226 11328
6853 101 5068
6355 9 495
5029 165 8252
6546 15 774
5154 91 4581
5034 14 719
6223 18 927
6793 19 993
6213 2 133
6347 169 8459
5164 36 1845
5524 8 448
6500 24 1217
6792 27 1398
5157 48 2449
6956 72 3618
6594 50 2506
6811 189 9474
6527 40 2019
5728 7 360
6280 2 127
5729 63 3154
5614 11 566
5111 29 1460
6376 42 2132
6489 25 1257
6502 81 4081
5455 53 2656
5551 3 172
6679 137 6859
5943 4 243
6981 127 6356
5966 187 9354
5849 15 757
5553 0 28
6752 105 5258
6439 23 1156
5564 131 6582
5959 31 1568
5975 4 239
6756 78 3939
6773 142 7139
5858 0 36
6579 48 2409
6955 188 9424
5361 68 3445
5858 0 41
6369 100 5015
6989 107 5372
6888 50 2538
6954 40 2034
6502 81 4081
5191 51 2556
6697 118 5925
6861 160 8039
6800 134 6728
6861 75 3756
5990 35 1764
5497 47 2390
5519 26 1332
4957 18 945
5229 33 1695
6655 20 1030
6806 8 419
5726 84 4225
6348 43 2153
6689 139 6956
6620 68 3427
6957 167 8393
6917 44 2217
5937 1 58
6119 6 301
6311 66 3331
6425 24 1212
6320 50 2516
5630 35 1777
6692 144 7209
5745 6 301
6698 29 1476
6575 53 2697
6552 43 2184
6783 229 11493
6083 36 1848
6894 39 1999
6303 3 184
6552 56 2815
5404 15 790
6979 53 2679
6901 21 1060
5709 113 5683
6340 20 1027
6489 25 1257
6622 16 836
6028 37 1875
6959 93 4656
5731 12 646
6619 47 2352
5783 48 2430
5558 10 540
6959 231 11598
5994 46 2334
6533 126 6316
6323 38 1935
6591 65 3284
5915 101 5069
5839 38 1910
6327 50 2546
6780 78 3947
6311 0 30
6046 143 7152
6615 127 6362
6576 64 3206
5124 22 1128
6811 54 2705
6506 45 2255
5848 59 2993
6313 44 2211
6998 193 9665
5892 4 210
5458 199 9969
6829 166 8344
6827 35 1764
5824 25 1255
6956 99 4993
5896 19 954
6756 129 6486
6198 113 5672
5377 13 666
6647 97 4860
5706 27 1372
6044 6 304
4967 43 2163
5585 30 1521
5395 6 332
6888 88 4438
6230 71 3596
6115 4 202
5187 103 5181
6773 209 10453
6203 96 4834
6756 70 3507
6861 160 8032
5359 0 21
5164 42 2119
5618 33 1700
6628 4 245
6902 50 2544
6951 19 988
6493 44 2208
6998 167 8393
5519 120 6019
6840 78 3910
6157 89 4459
6658 13 681
6314 130 6522
5996 32 1648
5836 97 4881
6542 21 1086
6827 237 11882
6572 136 6834
6766 78 3903
6369 4 201
6596 74 3736
5705 1 98
6356 123 6188
6888 185 9265
6144 36 1839
6768 37 1862
6591 175 8788
6552 44 2202
6300 190 9516
6800 113 5655
6749 227 11394
5846 27 1366
6501 8 417
5178 10 508
6497 74 3731
6052 77 3866
5729 126 6347
6763 154 7740
5508 5 254
6800 45 2255
5403 7 392
5269 23 1151
6047 7 364
5966 82 4138
6313 44 2211
5850 122 6131
5435 4 223
6748 93 4663
6837 143 7154
5207 137 6880
6542 107 5388
6675 0 37
6336 140 7032
5948 59 2978
6479 58 2944
6780 17 893
6765 175 8774
6572 57 2898
5340 45 2280
5191 10 550
6978 90 4548
5512 107 5385
6502 74 3712
5808 101 5056
6798 41 2097
6780 41 2066
6031 17 868
6991 237 11892
6949 45 2256
6989 123 6170
5727 4 216
6379 112 5640
5959 31 1568
5831 91 4599
6855 53 2681
6917 32 1606
6853 130 6501
6789 128 6428
5341 57 2865
6947 59 2982
6687 76 3809
6658 13 657
6185 18 934
5512 105 5296
6304 77 3852
6850 35 1795
5752 92 4628
5947 176 8813
6211 153 7655
5376 4 243
6100 161 8064
6154 33 1660
5834 156 7823
6829 162 8114
6752 69 3497
5386 188 9440
6921 85 4273
5265 26 1305
6890 71 3568
6828 58 2937
6880 21 1090
6762 15 753
6882 5 278
6123 123 6197
5557 30 1507
5340 48 2427
6768 96 4812
6497 74 3731
6773 229 11469
5761 2 144
5935 15 751
5985 201 10073
4971 163 8178
6980 191 9587
5703 26 1330
5093 132 6645
4974 9 496
6639 23 1171
6544 6 342
5397 52 2638
6549 34 1717
6149 60 3024
5767 64 3204
6800 113 5655
6652 6 343
5223 18 932
5547 114 5725
6854 50 2534
5272 73 3695
6382 17 856
6332 66 3328
5935 15 751
5947 129 6498
4982 38 1918
6749 148 7425
5959 36 1825
6952 95 4795
6098 161 8078
6957 211 10591
6634 149 7495
6647 101 5078
5616 218 10912
5561 41 2092
6360 67 3362
6205 95 4795
6663 73 3658
5853 404 20225
6572 224 11228
6752 86 4313
6377 52 2608
6091 12 605
4962 93 4659
6574 7 358
6563 16 834
5495 22 1132
6608 49 2499
5511 10 516
6407 5 267
6168 127 6379
6879 200 10033
6934 183 9166
6478 6 325
6078 81 4070
5515 180 9003
6908 204 10227
6144 36 1839
6812 71 3600
5836 97 4881
6457 46 2318
5996 5 300
6940 39 1962
6533 146 7310
6683 119 5988
6173 11 587
5142 27 1364
6579 42 2132
6022 178 8921
5277 19 994
6689 139 6956
6131 7 395
6916 86 4347
5146 49 2493
6647 45 2254
6830 178 8946
5497 28 1446
5377 13 666
5437 105 5260
6074 72 3641
6241 11 556
6552 81 4098
5830 81 4089
5374 36 1835
6659 27 1356
6658 61 3084
5686 11 594
5092 125 6294
5752 42 2149
6497 145 7299
6542 177 8897
6583 97 4874
6439 74 3741
5512 105 5296
5386 172 8630
6974 84 4202
5364 82 4146
6625 37 1898
5513 25 1286
6494 32 1613
6980 38 1934
6339 10 502
6766 151 7595
6839 9 485
5051 154 7726
5459 106 5343
6955 186 9308
6599 58 2928
5208 3 195
6300 155 7762
6814 29 1500
6688 10 526
5745 6 301
6785 44 2242
6853 49 2484
5767 63 3161
