9336 266 13350
11494 261 13092
12486 145 7294
11707 161 8094
9239 119 5953
10928 143 7170
10688 225 11292
11886 56 2837
11134 36 1811
8431 17 882
11278 121 6099
10747 141 7061
12015 5 285
8751 33 1658
11524 151 7567
9386 41 2051
12143 13 663
12380 10 550
11589 198 9944
10952 256 12828
11601 4 201
10920 115 5787
9679 135 6767
8529 197 9899
9479 214 10737
11283 63 3152
11529 213 10699
12454 288 14445
8770 107 5369
12021 14 737
13671 186 9307
11969 126 6338
12025 328 16428
8789 87 4387
11728 131 6593
9289 319 15992
11893 51 2597
8455 45 2300
11791 80 4001
8562 91 4590
11264 82 4133
11675 124 6242
11974 114 5739
11524 129 6482
8918 94 4747
11984 176 8803
8915 29 1458
9653 224 11233
9656 160 8042
8538 274 13749
11726 255 12760
11990 28 1410
11604 130 6532
13479 35 1797
8701 217 10884
9494 322 16123
9535 328 16403
11963 106 5312
12504 112 5615
13643 3 152
11929 89 4497
10583 49 2454
10490 130 6543
8908 81 4095
10741 4 247
11169 225 11267
10540 35 1788
11900 54 2748
10520 233 11681
8894 86 4310
8711 6 343
9194 97 4862
8702 107 5355
11644 79 3977
11494 24 1230
8784 119 5984
10478 23 1194
9567 98 4914
9009 203 10200
12418 29 1455
8513 10 518
10822 5 255
12086 9 499
12004 123 6187
9240 57 2895
10993 9 473
13517 5 276
9404 40 2028
8626 85 4277
11150 44 2213
11128 18 923
12086 79 3976
12495 90 4536
11168 108 5415
11644 65 3291
8454 22 1105
13471 12 636
11120 34 1745
9434 48 2415
10923 74 3701
10888 12 640
9515 22 1140
13510 8 407
11283 26 1335
10998 10 517
9494 83 4180
8446 95 4763
13691 131 6555
8547 239 11975
8649 58 2932
11512 28 1420
8762 286 14318
9563 319 16000
11912 76 3828
9712 122 6120
12485 37 1880
11925 18 927
11531 116 5847
9033 312 15647
11738 129 6478
8467 145 7254
10822 24 1215
11508 159 7972
9467 55 2773
10660 209 10475
8714 158 7933
10665 140 7021
11675 124 6242
13563 6 309
13491 11 595
12558 6 333
9617 126 6347
12382 19 960
12418 54 2741
11116 44 2216
10521 21 1091
12485 73 3665
9090 61 3056
10712 72 3631
9656 182 9121
9741 7 388
10540 98 4948
9511 623 31171
12068 52 2619
9683 35 1779
9410 86 4307
11754 6 343
11728 225 11277
12514 69 3463
10567 263 13186
8690 57 2868
9602 633 31654
12025 244 12239
9366 338 16905
11212 25 1259
9425 28 1418
11631 280 14016
10781 86 4348
11756 270 13528
9065 120 6034
9191 301 15099
9499 421 21096
10672 97 4862
11591 3 182
12006 64 3242
11075 1 96
11713 212 10636
12442 98 4938
10884 209 10491
12556 59 2991
11658 1 98
10885 2 104
11027 266 13303
9281 166 8344
8795 33 1699
8739 30 1544
9679 149 7499
11751 46 2313
12482 31 1560
10892 76 3843
9507 118 5904
11831 38 1913
13616 100 5004
9461 45 2275
12083 84 4218
12021 52 2646
12482 66 3350
13580 165 8271
10516 37 1861
12071 33 1665
11973 0 50
10478 22 1149
9494 113 5692
10972 17 900
13453 29 1475
8902 55 2763
12069 167 8368
9470 178 8924
13487 88 4401
11965 75 3768
11619 142 7127
9232 5 255
13661 111 5594
10714 98 4949
11684 46 2347
9470 99 4956
12368 118 5925
11973 0 8
12039 278 13917
10558 105 5300
13546 0 34
11168 100 5048
10841 87 4392
12145 43 2182
9030 132 6613
11095 0 12
10569 115 5779
9331 15 770
13561 53 2664
11550 173 8659
11531 116 5847
10989 37 1889
10355 132 6625
8460 30 1520
12374 5 265
13674 134 6744
11866 94 4746
10700 285 14283
11524 211 10553
8617 83 4154
8680 226 11309
11646 31 1567
8418 64 3230
10538 179 8972
8709 68 3422
9444 342 17111
9340 192 9614
11927 160 8017
11605 278 13935
12127 3 200
8720 47 2389
11539 10 538
10959 79 3955
8905 213 10678
10580 206 10350
11290 153 7687
9289 319 15992
11529 140 7009
8697 162 8111
9567 276 13830
9345 47 2355
8739 44 2212
9030 162 8149
9529 234 11740
12514 139 6997
11619 104 5250
9188 140 7009
11029 35 1790
13680 44 2225
9207 54 2723
13476 56 2812
10952 318 15908
9603 166 8348
9311 129 6465
9562 236 11808
9346 32 1623
12057 37 1863
10569 300 15032
12382 231 11594
8960 12 606
11169 68 3431
11519 44 2243
8697 161 8071
9470 99 4956
8943 53 2697
11606 313 15663
10618 42 2136
11726 304 15204
11833 256 12802
12561 171 8560
9410 17 872
8996 333 16688
10442 159 7959
8708 25 1289
13527 15 783
12143 36 1807
12083 443 22175
9709 58 2915
8690 116 5849
11815 87 4370
10857 148 7403
10994 22 1119
11149 131 6580
8917 317 15860
11820 60 3025
11934 231 11580
11119 297 14877
9500 409 20490
8899 89 4490
12004 293 14661
9249 169 8488
12541 20 1014
9001 89 4458
11776 78 3940
8714 22 1107
10597 60 3030
13467 94 4740
11791 72 3639
11762 163 8167
8548 32 1634
9410 81 4099
9527 37 1900
10940 96 4837
9527 154 7706
11094 167 8364
9324 61 3058
12366 86 4305
9727 80 4008
11119 32 1623
11656 41 2054
10601 22 1122
13580 165 8269
11064 213 10656
10696 201 10096
10905 72 3630
9650 64 3242
10725 123 6197
10592 333 16681
8934 140 7007
9281 163 8182
11025 111 5598
8888 114 5710
12107 79 3980
8445 263 13168
11619 104 5250
12442 12 615
11557 54 2723
9297 187 9359
9326 32 1603
11972 60 3014
9516 510 25548
10574 65 3288
8894 146 7333
8959 230 11531
12075 45 2255
11111 26 1307
11976 234 11723
12026 18 920
11769 127 6384
11282 44 2233
9437 147 7396
12026 16 826
9597 313 15685
11927 127 6372
13475 24 1231
9289 233 11699
11965 260 13011
8934 125 6259
12368 6 349
8996 181 9089
12506 86 4305
10735 258 12910
8907 135 6789
11906 286 14315
11214 3 152
9546 249 12474
13662 122 6128
9586 511 25581
12103 2 130
8751 87 4368
9531 392 19630
9290 135 6786
8513 12 641
8476 28 1444
9437 292 14634
12552 30 1511
11095 118 5919
10307 79 3968
12462 0 14
8666 117 5875
12061 94 4739
8810 65 3296
10719 149 7480
8562 93 4665
10969 148 7417
9653 272 13646
12032 19 986
9226 301 15062
8971 248 12411
11149 57 2875
9563 388 19436
9096 207 10399
10569 119 5973
9356 14 741
11842 122 6115
10508 9 453
10910 27 1387
11589 123 6183
10668 307 15371
11685 117 5864
10688 276 13804
9030 108 5406
10483 112 5604
10905 3 169
13480 50 2542
12039 8 417
11665 80 4035
10563 62 3150
10668 204 10236
10610 69 3500
9226 99 4962
10520 189 9496
13624 11 594
13471 13 676
11740 159 7983
12379 60 3031
9499 485 24277
8687 275 13798
12506 132 6604
13580 53 2667
12091 205 10285
8468 23 1161
8742 223 11169
11793 109 5481
9516 510 25548
11745 81 4089
9445 198 9915
8894 146 7327
11866 94 4718
9477 21 1070
10540 38 1947
8751 86 4349
9289 358 17925
11952 27 1383
11204 17 885
11830 300 15040
10972 9 484
11278 322 16146
12057 20 1026
10567 265 13258
10447 20 1011
12543 206 10337
11029 37 1864
10834 302 15121
8791 3 166
12139 330 16550
12497 165 8264
8908 2 120
12039 176 8808
9340 138 6914
10444 33 1700
11759 229 11496
9706 15 789
11848 19 996
12075 287 14360
11204 22 1117
11108 39 1967
12070 276 13821
12541 10 513
9567 277 13865
11848 268 13439
10788 16 806
13687 73 3673
8720 48 2448
12418 59 2989
12441 227 11380
13547 41 2086
12145 174 8725
10888 10 527
12025 149 7497
13503 172 8626
11619 195 9754
8754 37 1854
12561 171 8597
13660 98 4940
10857 196 9837
11604 105 5282
11494 201 10052
10641 9 492
9499 53 2654
11508 116 5814
9675 51 2569
8680 225 11280
9411 34 1701
10669 86 4328
9656 158 7942
10729 53 2696
9592 134 6715
10484 122 6123
11783 8 420
8650 3 153
10688 13 682
11830 300 15040
12543 260 13003
11914 90 4546
12013 0 32
10696 117 5852
11520 115 5758
8971 243 12151
11171 68 3410
9621 54 2724
9299 226 11340
10741 4 240
8894 69 3454
11846 72 3648
8836 70 3511
12077 11 591
9741 7 388
9439 105 5299
12117 0 31
11495 17 858
11854 59 2977
11971 25 1272
12020 32 1618
11535 83 4163
12083 119 5960
10490 191 9581
9311 131 6565
13638 172 8638
9536 94 4706
9215 99 4963
9620 306 15301
8758 2 125
9710 192 9620
11557 85 4294
11508 144 7243
11644 140 7023
11619 51 2564
9196 162 8109
11724 245 12283
9483 214 10741
8658 2 145
10693 258 12913
9348 201 10071
11611 9 466
11553 61 3083
9511 443 22197
11815 175 8783
10714 106 5348
12557 63 3187
13617 11 600
10952 250 12504
12005 16 807
12495 231 11570
9348 20 1039
10578 231 11554
11168 58 2904
13688 92 4637
10563 8 431
9239 202 10134
13642 17 874
12086 9 499
8448 116 5817
11108 70 3512
8529 29 1477
9576 279 13958
10901 68 3407
11546 21 1088
10641 8 434
9432 14 727
12091 207 10388
9704 265 13285
10520 118 5913
10574 220 11032
11505 14 723
10450 7 360
10913 31 1595
11071 1 58
9603 167 8378
9669 52 2633
12111 100 5037
10704 296 14850
10603 39 1977
11094 175 8793
11494 220 11006
8446 95 4792
9704 75 3789
11177 35 1767
9095 224 11250
9297 188 9437
11952 8 422
10660 211 10571
12039 120 6042
12137 27 1377
11675 175 8775
10727 184 9246
11929 108 5437
9348 85 4280
12146 15 798
8817 13 675
9445 69 3480
13638 172 8638
10735 260 13021
11141 6 303
10906 227 11357
13480 78 3949
9239 118 5936
8937 26 1339
10674 27 1375
12495 63 3186
10901 17 862
10371 3 188
10713 3 162
9492 233 11656
10741 4 247
8806 21 1068
13689 9 458
9572 43 2179
9618 81 4079
9597 512 25642
8996 206 10332
11848 307 15376
12529 92 4645
9030 60 3013
11644 212 10648
8977 3 162
11786 172 8632
13661 227 11396
11759 47 2351
10475 111 5560
9538 447 22382
13472 18 937
13621 62 3120
8975 62 3134
12069 4 202
12514 62 3109
10952 256 12828
13619 111 5579
11636 13 654
10486 55 2762
8802 7 370
10795 144 7214
8747 156 7835
11171 81 4087
12331 2 114
9597 10 515
12025 215 10785
10657 122 6105
8893 57 2878
10735 259 12997
11589 169 8464
10721 152 7629
9494 439 21971
11134 72 3614
10473 46 2332
9440 225 11279
11738 135 6766
11933 32 1619
10743 136 6841
11927 270 13547
11984 176 8845
12054 56 2834
8908 288 14440
9615 196 9817
11745 2 146
10938 188 9422
11559 45 2280
11998 405 20254
10441 322 16107
10644 31 1555
9675 63 3152
12045 83 4156
10800 221 11065
13520 51 2553
11866 62 3148
11996 7 389
8996 182 9103
10713 0 3
9486 169 8460
10733 53 2668
11290 153 7687
8465 275 13789
12075 129 6452
9603 350 17537
9511 261 13095
9079 39 1989
9205 198 9925
11657 42 2139
11915 114 5717
12073 28 1413
11769 112 5605
9601 97 4894
10442 241 12065
9310 67 3383
11802 50 2526
9249 340 17014
13691 142 7114
9545 316 15823
9681 64 3227
10683 62 3141
12508 6 315
11203 32 1640
11780 196 9814
13617 21 1071
10442 239 11953
10974 177 8888
11721 131 6552
10747 144 7245
11546 154 7730
10724 181 9079
8580 36 1849
9001 101 5074
11247 14 731
13453 10 505
11617 50 2519
11074 39 1988
10591 32 1601
9072 8 410
11785 11 555
12505 94 4712
13466 167 8397
9579 361 18095
11745 99 4956
11531 70 3516
11766 269 13480
11203 32 1637
11025 112 5610
9656 183 9184
11291 23 1163
11604 105 5282
8711 6 343
11714 11 576
11776 25 1291
10693 172 8619
9370 75 3778
10654 108 5441
13665 19 988
11915 323 16190
9586 409 20469
9542 149 7470
11727 105 5252
12561 50 2516
8926 14 725
10927 120 6034
13688 150 7515
11680 113 5688
13491 7 363
13568 26 1323
10848 93 4676
10649 137 6859
8455 65 3251
11027 265 13293
12556 45 2258
9521 14 722
11182 24 1203
9067 77 3866
10595 122 6127
12021 22 1127
12052 50 2545
11965 260 13004
10574 43 2187
11150 146 7315
11494 110 5543
9292 22 1106
11540 58 2908
12062 134 6729
8587 6 320
12094 15 788
11090 179 8990
11115 44 2244
8468 23 1161
9689 313 15651
9199 7 385
9225 202 10126
9698 85 4264
10905 70 3531
9656 160 8013
10890 76 3844
12383 44 2228
11644 140 7023
10921 137 6856
13552 18 911
11535 58 2909
9636 103 5152
13549 8 403
8589 193 9676
11296 41 2070
12075 287 14364
8918 51 2597
11691 146 7326
9500 273 13694
11066 22 1127
13580 24 1225
11187 83 4190
11934 120 6015
8994 180 9043
12053 18 906
11095 272 13626
13687 168 8449
10485 7 362
11971 21 1097
12075 45 2269
8782 28 1427
11998 233 11688
11119 293 14675
10687 161 8098
12378 40 2018
9321 51 2554
8996 322 16137
9565 16 817
8514 27 1385
10610 71 3598
8758 2 146
11515 28 1448
11776 14 745
11514 9 492
8650 26 1317
10743 134 6729
12533 9 458
10599 129 6483
13658 42 2148
10921 36 1826
12004 268 13447
11172 58 2935
8762 256 12831
12504 112 5615
9668 108 5406
8666 120 6036
9617 4 222
10800 5 286
11991 69 3459
8709 18 934
13528 25 1278
9689 313 15651
11909 169 8463
12380 108 5434
8922 2 128
10756 87 4360
9603 286 14331
12137 82 4124
9545 56 2842
13661 10 503
13617 111 5588
11998 167 8361
9601 89 4493
11570 30 1523
10450 8 446
11637 158 7903
11815 203 10189
10762 117 5855
9668 117 5872
11094 201 10099
12025 35 1757
13484 89 4468
8927 78 3942
8646 33 1659
11278 38 1921
11675 58 2929
10623 70 3541
11998 142 7127
11929 141 7053
11581 85 4267
11644 81 4074
11971 7 395
9694 163 8190
9542 28 1427
13580 38 1916
10784 73 3660
11846 100 5005
9348 226 11342
10578 151 7563
11867 108 5435
9065 26 1325
12056 208 10415
13583 92 4617
12366 0 22
13517 5 280
12485 51 2586
8742 70 3527
9640 84 4226
13509 79 3990
12004 123 6187
8894 71 3577
11998 142 7131
11729 17 864
10843 95 4792
11539 19 969
13545 24 1248
10760 144 7214
11842 51 2590
10475 22 1131
10882 5 299
13467 28 1441
10713 7 378
8915 74 3727
9482 229 11474
9344 252 12604
11094 186 9347
12380 75 3774
10804 76 3847
11921 273 13683
9340 139 6963
8465 273 13660
10833 159 7954
10520 186 9305
10484 18 915
9554 18 942
11168 101 5056
13479 71 3552
12069 4 223
10308 63 3152
9188 91 4591
10906 228 11431
9065 33 1685
11296 8 435
12072 9 493
11278 322 16146
12382 231 11594
9434 189 9465
12075 287 14360
11546 21 1088
11090 132 6641
8751 35 1788
11720 6 334
9292 23 1179
13629 32 1619
12066 260 13012
10570 5 282
12482 171 8588
10966 39 1985
12052 18 937
13661 43 2164
12442 65 3290
10725 29 1494
13680 35 1789
10757 134 6714
11644 3 166
11914 80 4014
13630 46 2317
9567 96 4811
13583 54 2750
10833 58 2921
8460 260 13031
8971 246 12349
12137 19 975
10645 64 3236
9447 77 3887
10713 7 393
9724 24 1207
13652 24 1242
12446 70 3525
11848 127 6357
9090 219 10955
10863 26 1310
12057 99 4963
12514 50 2534
9668 103 5188
9379 166 8341
10940 32 1610
11091 111 5576
8528 32 1604
9403 17 860
11707 18 943
12137 130 6511
12454 260 13036
11926 127 6384
11740 294 14746
11064 128 6428
11753 57 2892
12505 135 6771
8433 111 5555
11965 75 3766
10660 109 5490
12454 260 13033
11540 84 4206
12056 320 16029
10540 37 1865
11291 97 4856
11559 63 3151
8446 189 9497
10843 77 3869
9348 0 48
13527 3 169
13518 8 415
10480 86 4324
9321 51 2564
9049 16 834
12495 90 4550
9338 181 9055
11665 109 5473
11846 90 4511
11720 6 334
12041 67 3378
11639 53 2700
10846 200 10026
12369 6 334
8936 157 7884
10486 56 2819
10725 303 15178
11979 24 1241
9394 253 12679
8666 48 2444
8445 265 13277
13461 11 587
9297 188 9437
8796 92 4623
10959 79 3955
13465 81 4053
8903 38 1915
13635 1 53
10390 68 3449
10937 45 2260
9217 117 5862
11630 74 3736
12495 229 11479
11593 118 5933
10885 23 1169
10757 135 6769
12556 45 2279
11173 123 6166
10355 307 15394
11081 1 78
11821 103 5184
9668 84 4223
10724 181 9056
10747 59 2965
8458 20 1021
8794 184 9249
13484 91 4556
10447 53 2685
10805 118 5926
12504 178 8925
8690 117 5852
11591 91 4564
8996 185 9256
13487 32 1640
10692 50 2504
12379 75 3799
10578 151 7585
8836 75 3791
9444 184 9208
13621 10 505
9720 131 6554
12025 215 10775
10432 300 15023
12139 210 10518
10712 14 725
13561 53 2664
12039 278 13943
11963 0 22
9281 163 8182
10762 42 2115
9602 643 32175
11291 247 12397
9730 59 2988
11976 145 7272
11853 0 17
11738 16 816
10475 20 1031
13537 10 513
10565 38 1946
9068 310 15533
9717 65 3267
9525 188 9427
10952 170 8528
13569 96 4813
9563 539 26963
13642 42 2125
13661 19 990
12016 119 5961
9669 303 15180
11524 151 7551
12005 56 2839
13505 25 1268
10562 215 10764
10883 120 6002
11166 95 4784
12011 18 919
9556 24 1237
12495 50 2503
11854 38 1932
9668 117 5855
11134 23 1188
11926 58 2925
11172 97 4884
11606 254 12723
8807 172 8630
11820 304 15203
12451 74 3711
11604 105 5293
12365 36 1813
11197 95 4780
12066 121 6096
10931 168 8447
10786 113 5671
13660 255 12789
10884 225 11283
8799 77 3863
13467 61 3082
10688 94 4736
12062 83 4195
10689 64 3217
9215 203 10195
8711 79 3985
10757 125 6251
8562 91 4590
13623 74 3701
10874 37 1884
10580 98 4941
8690 204 10239
9379 142 7137
12061 124 6206
13580 1 59
11285 50 2546
9668 117 5855
10843 24 1213
8810 65 3281
9546 247 12354
11930 123 6180
10523 20 1032
13616 2 126
13540 111 5551
13536 98 4936
11648 167 8382
10386 32 1620
9559 80 4044
11900 54 2748
11601 97 4880
13668 32 1611
10940 32 1610
9717 230 11547
12139 73 3699
11778 57 2877
9336 8 447
9434 45 2294
10800 226 11340
9556 24 1232
12380 75 3772
13491 58 2941
11169 9 471
10663 89 4470
9240 45 2296
13691 142 7124
10574 117 5899
8996 332 16607
13470 59 2973
11868 98 4943
11723 272 13601
8708 103 5177
8711 77 3857
9669 304 15212
9535 305 15285
11604 105 5268
8746 202 10118
11813 159 7998
13621 75 3780
11845 169 8464
13471 0 12
9467 260 13023
11561 59 2986
9313 21 1088
9724 21 1064
12000 108 5421
13520 108 5407
11848 333 16677
12106 28 1444
11644 75 3785
10634 316 15833
12545 132 6644
8813 76 3814
11887 59 2993
11215 72 3624
11617 125 6268
11088 45 2272
9653 147 7376
13647 15 787
12554 71 3588
10489 24 1243
13617 234 11748
10745 293 14666
12365 36 1820
13678 173 8690
11709 128 6446
11283 103 5170
13540 35 1795
10969 147 7380
11081 20 1038
11091 204 10228
8617 10 523
13668 82 4127
13467 177 8889
11865 27 1356
11041 16 825
8927 73 3665
10599 130 6539
8800 92 4638
8701 2 147
10583 53 2685
9201 242 12113
9068 283 14189
10894 104 5222
13461 12 636
10657 217 10889
9527 157 7867
11755 27 1396
9001 5 259
11182 176 8820
10583 49 2454
10688 14 701
9704 65 3262
10590 65 3252
11776 25 1291
9582 10 540
12382 159 7986
13674 134 6743
10529 17 853
11726 283 14171
11557 93 4654
13690 21 1075
10762 42 2115
10634 31 1554
11991 184 9238
9511 443 22197
9210 73 3661
11608 91 4566
8538 9 494
13687 6 330
10921 67 3397
12378 57 2870
9232 7 386
8578 16 849
11094 186 9337
11815 267 13390
8720 85 4252
9049 134 6737
9536 20 1021
13469 81 4075
11977 71 3552
9618 268 13414
9653 335 16773
9727 79 3987
11559 28 1437
9191 131 6597
11927 162 8111
12380 186 9345
11965 112 5642
13674 154 7735
10725 321 16089
8650 5 279
11977 138 6919
11074 62 3139
8504 39 1952
9511 541 27087
8964 109 5476
9615 196 9817
12111 74 3714
11630 148 7428
10906 227 11357
11294 18 950
8666 48 2445
8739 30 1544
12529 92 4606
10952 252 12624
10629 105 5290
13453 13 655
10833 158 7950
10640 26 1328
10857 195 9773
8697 140 7022
12369 9 451
13662 12 610
11614 54 2712
11027 265 13293
11779 189 9475
11091 99 4994
9366 338 16905
10700 283 14198
9519 235 11779
12002 141 7059
9044 27 1372
11544 36 1819
9144 78 3935
11929 108 5437
9567 97 4871
10580 205 10274
8704 0 6
11029 36 1807
12446 33 1653
11943 167 8372
9505 191 9560
11173 9 465
10584 99 4995
11182 47 2374
9512 461 23069
12364 28 1401
12069 183 9155
10634 244 12218
9494 318 15940
9597 314 15737
9226 253 12700
10634 316 15845
11740 294 14746
9385 205 10291
11494 275 13768
11550 237 11893
12446 20 1039
8460 260 13005
9269 64 3205
9629 10 540
8791 3 199
12442 35 1792
10901 17 887
12083 206 10329
11720 179 8985
11041 54 2713
8668 48 2441
11604 202 10125
11971 62 3116
11568 29 1457
8903 37 1877
11963 143 7184
9002 293 14669
9379 44 2216
12052 46 2301
11692 22 1129
9002 289 14455
11961 35 1787
11494 131 6568
13536 17 879
13466 65 3265
9684 62 3150
11728 224 11220
11515 28 1448
11630 181 9078
8690 118 5917
8906 89 4482
11030 61 3054
8937 26 1339
8700 171 8571
11614 176 8810
10688 94 4736
11759 50 2528
10379 32 1638
10729 53 2696
10741 2 145
13536 106 5313
11154 30 1544
12139 253 12678
9470 181 9052
9679 150 7523
11591 3 171
10516 39 1951
10693 143 7164
8787 12 648
10521 22 1148
9602 69 3467
9033 52 2630
12070 199 9979
9249 254 12714
12040 58 2941
11927 270 13547
9207 68 3420
11726 252 12645
10631 30 1542
11896 2 111
9678 232 11623
12565 309 15475
11807 32 1620
13472 5 296
8445 266 13315
10508 9 478
11494 50 2544
12558 73 3673
9470 289 14460
11936 16 812
9741 8 436
11829 106 5325
10719 149 7480
9482 232 11625
8520 50 2517
9536 34 1740
12009 28 1416
8917 319 15977
12001 46 2303
8927 71 3562
12566 0 26
11211 28 1409
11872 57 2868
10512 4 203
11271 15 758
11614 176 8847
10711 62 3113
9542 201 10073
8446 91 4569
10483 113 5690
10765 46 2304
10592 353 17700
12495 103 5163
9684 63 3177
10447 55 2780
10845 36 1849
11658 1 98
11290 233 11692
10929 45 2258
12095 110 5528
9538 361 18097
11519 233 11664
10918 9 486
10371 11 572
9377 159 7994
11761 91 4565
13537 14 716
9069 37 1871
9649 2 133
11524 211 10553
9479 194 9703
11068 56 2846
9307 58 2945
12365 38 1931
8899 89 4459
9030 165 8294
8668 48 2441
11729 17 865
10648 16 824
13687 152 7626
12449 305 15293
11149 131 6580
8782 28 1436
12543 284 14250
8893 60 3035
11512 32 1629
12139 136 6820
11068 22 1111
11742 161 8070
12422 188 9413
9379 191 9595
11094 98 4910
9090 222 11108
9210 121 6091
11931 33 1653
12056 232 11637
9208 203 10161
10821 211 10588
9037 73 3698
10591 78 3925
13479 50 2543
11094 42 2150
9461 45 2262
11554 34 1729
11550 155 7755
13660 112 5606
11065 95 4790
12433 6 333
8431 16 850
9470 146 7330
10696 253 12686
10741 2 117
9370 76 3835
11930 321 16067
10538 216 10841
13583 159 7955
9618 155 7774
9338 26 1343
10355 132 6614
12516 43 2190
12504 135 6791
8748 110 5549
11687 118 5930
11108 70 3512
12442 212 10646
11976 178 8929
9479 214 10737
11867 108 5413
10897 122 6138
10974 139 6989
11112 132 6642
12368 6 328
10858 154 7746
8649 59 2972
8578 17 852
8975 199 9979
11765 249 12488
13662 16 819
10569 46 2320
8757 11 592
10520 216 10812
10724 168 8404
10669 99 4981
9712 123 6194
13491 58 2950
12001 163 8180
9649 110 5545
11512 32 1629
13587 48 2422
11719 21 1085
13630 46 2350
13630 58 2920
10989 34 1733
10432 345 17261
10665 137 6896
11094 42 2150
11149 310 15548
8746 29 1483
11846 107 5354
9564 517 25895
12441 227 11358
9519 167 8353
9425 28 1423
10688 280 14011
9538 53 2674
8937 15 782
13656 11 579
8700 174 8729
11630 181 9069
9535 561 28058
11120 154 7728
9295 24 1231
10772 325 16293
10796 106 5346
11741 104 5207
8954 73 3678
9245 345 17265
9226 81 4070
8431 17 887
9597 344 17250
8436 48 2450
8688 101 5056
10563 185 9285
8445 73 3692
9199 8 425
8513 12 648
9472 256 12838
8800 54 2741
11678 313 15666
9538 11 585
11707 177 8867
10355 57 2894
12071 106 5322
9529 212 10616
11531 139 6980
13661 43 2164
10623 71 3564
12021 22 1137
11557 93 4657
11584 141 7062
10831 101 5086
11066 44 2233
10505 111 5574
9386 322 16150
11290 248 12448
10841 30 1519
13467 126 6320
9030 38 1906
9561 66 3313
9527 36 1827
13674 226 11313
9597 101 5095
13474 5 275
13678 207 10380
10712 17 866
12485 73 3683
9324 66 3317
11644 25 1273
8537 338 16924
11875 11 555
12086 9 470
8927 71 3562
11947 94 4727
8971 132 6612
9324 66 3330
13661 148 7430
12454 260 13036
11539 11 586
11639 53 2684
10307 152 7647
11582 24 1237
11088 41 2094
11559 65 3267
11574 194 9724
12137 34 1729
11591 91 4586
13671 139 6991
11700 5 256
12554 71 3588
12083 427 21397
11886 56 2803
10711 27 1371
12506 40 2037
12054 56 2829
11119 297 14864
12422 232 11616
12441 166 8345
9504 31 1583
12442 142 7145
11885 98 4906
8791 1 56
10857 147 7387
11845 177 8867
9538 447 22382
10905 107 5363
12139 30 1541
12057 60 3030
9730 50 2518
10574 219 10960
10953 12 648
11282 2 102
11844 112 5619
9194 97 4875
9704 197 9871
8538 111 5586
9404 39 1957
11841 31 1566
11565 246 12307
11881 211 10569
9727 78 3939
9704 356 17813
8714 159 7954
11832 181 9085
11885 106 5316
9030 162 8149
9542 212 10650
10689 63 3184
8706 84 4250
11500 7 362
13580 76 3803
8908 255 12784
13648 77 3896
8914 75 3794
9067 7 358
8538 127 6354
10766 4 220
9299 220 11019
10921 50 2540
10735 204 10209
11494 50 2541
10520 345 17266
9582 7 367
9519 299 14980
9704 46 2350
11574 55 2772
11847 24 1233
9702 244 12231
13645 0 5
12077 9 484
11742 289 14467
11769 117 5858
11278 98 4948
9562 171 8592
8841 5 257
10569 224 11212
13629 146 7329
11603 16 831
12045 53 2692
12441 386 19323
13467 88 4448
9297 222 11132
12052 18 937
9297 243 12151
9434 47 2397
11505 8 403
12442 121 6065
11800 56 2815
11913 143 7171
12418 3 159
10913 25 1293
10910 27 1381
11713 119 5994
9079 42 2124
9437 43 2198
9704 200 10041
9470 237 11868
11953 65 3286
11224 3 193
12057 42 2129
9232 4 240
8697 138 6926
10523 10 541
11829 66 3349
11726 262 13114
11230 8 411
13544 27 1371
9717 288 14443
8799 177 8863
11198 164 8239
10828 4 226
9554 18 942
12066 52 2648
11611 9 466
11816 176 8829
11071 195 9784
13661 43 2170
13520 124 6236
13643 173 8678
11197 98 4916
11925 141 7060
12139 136 6820
8879 104 5220
12529 128 6444
11198 290 14547
13561 19 967
13617 111 5564
10747 59 2987
12083 73 3654
10714 106 5348
9425 28 1418
9464 123 6186
9297 334 16716
11247 8 426
10795 143 7180
9266 3 192
11965 75 3773
11904 71 3559
8648 151 7567
10438 130 6509
12069 30 1547
11963 305 15298
11721 74 3703
12045 9 474
10478 117 5889
9395 319 15995
12425 41 2083
9587 573 28651
9075 269 13479
8771 7 386
9079 68 3433
11519 225 11252
12053 5 270
9188 68 3406
12515 72 3623
11724 183 9172
11608 53 2663
10721 264 13219
9704 80 4018
9065 2 137
10803 53 2671
9410 83 4197
9440 224 11218
9472 58 2923
11565 246 12337
8931 131 6584
11201 20 1031
11094 60 3003
8700 231 11585
10610 115 5783
9560 59 2965
10538 215 10776
8920 37 1871
8987 4 205
8709 121 6056
9603 324 16247
10663 89 4470
11984 180 9013
11969 112 5635
10743 89 4468
8626 44 2210
10672 150 7533
12368 54 2743
13467 198 9926
10486 56 2810
9203 44 2213
10590 105 5280
11120 35 1760
12459 136 6845
11793 109 5481
9481 172 8637
11815 221 11095
11110 21 1071
10732 36 1823
9517 180 9030
9563 317 15857
8964 108 5422
10374 15 793
12000 86 4350
13660 77 3866
10438 130 6549
9338 177 8878
11940 16 803
8906 96 4816
12056 232 11637
9249 340 17033
12420 5 295
10892 74 3705
9049 15 789
12451 34 1710
13678 113 5696
9710 193 9651
11064 206 10340
10791 56 2828
12025 35 1757
10654 110 5548
13644 30 1516
9232 6 326
9432 3 180
11080 281 14051
12556 133 6669
13618 94 4722
12071 37 1887
9724 22 1122
13552 49 2485
9617 125 6290
11713 160 8016
10517 37 1871
10921 229 11477
8445 72 3603
13671 88 4420
8701 4 204
13475 69 3453
9689 312 15626
9525 38 1935
8675 51 2563
8418 63 3161
9063 187 9388
11769 96 4844
13520 124 6205
11494 154 7723
9467 268 13410
10567 79 3974
10726 18 911
13638 93 4655
9416 59 2995
10969 21 1057
10974 138 6902
12441 44 2237
12077 39 1967
12068 158 7926
8471 30 1515
11064 168 8425
10952 168 8406
11845 175 8797
9608 62 3110
11604 75 3758
11913 65 3292
12374 126 6306
11139 94 4739
11283 26 1314
13651 181 9098
8994 177 8891
9196 166 8331
11844 289 14483
9500 587 29365
12533 73 3662
12496 62 3150
11545 159 7968
9379 46 2338
12545 12 646
11508 293 14659
11680 113 5672
11998 142 7127
8903 37 1889
10540 98 4908
9410 17 871
8626 85 4259
10669 118 5926
11173 14 732
11095 159 7979
13583 255 12760
12066 204 10233
11991 127 6357
9480 69 3482
10643 2 114
9392 55 2797
11141 5 260
9095 10 531
9689 313 15665
10520 144 7250
12110 207 10357
11990 6 320
13671 77 3867
10521 22 1148
11714 30 1501
10929 45 2288
13635 1 53
11134 39 1959
8975 126 6306
11809 24 1243
10432 306 15317
13645 28 1413
12054 148 7404
9529 583 29180
12041 135 6751
8537 262 13132
13652 4 239
11285 28 1413
13638 268 13427
11537 49 2456
8776 130 6549
9324 61 3095
12485 37 1863
11974 154 7723
9515 307 15370
10680 72 3647
10501 197 9880
10888 269 13452
12533 73 3674
13582 45 2264
9545 108 5444
11128 8 413
10449 220 11013
8693 11 595
12073 17 852
10837 247 12369
8908 20 1035
12066 47 2398
10966 15 776
9297 318 15904
10545 149 7461
10931 323 16151
8750 149 7496
11071 280 14029
10634 313 15680
13552 31 1567
10657 215 10783
9617 282 14147
9096 329 16461
10725 170 8535
8476 4 218
11229 7 396
9290 135 6786
11990 28 1411
10580 75 3792
9479 92 4649
9704 141 7052
10669 118 5926
10716 32 1618
9096 109 5453
11926 276 13840
11926 127 6368
9444 194 9740
13573 7 355
11756 259 12990
9608 62 3110
9440 225 11285
8754 37 1854
12016 38 1931
10563 189 9458
11631 280 14016
10583 53 2685
9710 39 1964
9603 286 14331
8435 69 3486
10521 229 11491
8537 260 13045
12083 356 17813
9096 330 16502
8700 35 1762
10841 82 4111
10381 6 314
12025 321 16054
11848 48 2406
10386 30 1501
11865 21 1086
13587 48 2415
11763 203 10196
10865 16 833
12006 12 605
10624 185 9264
11108 39 1967
10743 134 6721
9681 65 3256
10592 93 4696
10966 51 2585
9684 62 3150
12369 6 334
13617 19 952
12446 70 3539
10644 31 1555
9321 102 5137
10693 231 11557
8886 17 870
13674 49 2467
11931 17 866
12441 384 19206
8711 77 3861
12073 131 6582
9479 191 9576
10675 207 10354
11681 119 5988
12008 13 688
10478 41 2088
11678 79 3973
10562 215 10759
11776 58 2910
9386 261 13058
8747 75 3779
10811 78 3939
8861 57 2877
13619 111 5579
9470 234 11712
10484 90 4501
9030 60 3033
10537 47 2375
10712 240 12037
12454 258 12930
9636 3 160
10611 40 2011
12054 74 3721
9470 283 14182
8700 65 3280
13643 114 5733
9529 220 11017
9470 147 7360
8538 111 5581
9521 27 1394
10761 4 202
11551 9 472
8959 103 5187
9535 69 3467
11111 110 5550
11984 10 523
10648 32 1642
9444 184 9208
12054 200 10031
11069 63 3162
12139 21 1051
11187 131 6599
8700 176 8813
9470 323 16189
12566 152 7609
9601 415 20764
10696 139 6978
13674 68 3424
9610 28 1425
11867 108 5435
9637 282 14129
9576 413 20668
11813 148 7447
10974 139 6971
10824 140 7045
11866 94 4746
11861 7 383
11528 23 1166
8538 9 494
8751 36 1814
12057 97 4897
10791 58 2930
12442 71 3591
11283 63 3173
10478 23 1178
9669 307 15380
9704 355 17771
11665 135 6776
11976 332 16609
12111 5 254
11237 12 609
8994 177 8856
12561 326 16331
11169 19 971
8794 91 4556
10533 107 5374
11965 294 14729
10445 15 769
8894 146 7328
13453 30 1502
10665 54 2735
11936 10 504
12379 60 3031
11726 252 12645
11514 24 1232
12552 48 2443
12108 41 2054
10993 11 585
11907 220 11044
11077 115 5775
8897 153 7678
9063 284 14234
11865 21 1086
10382 123 6194
8928 45 2278
11904 71 3570
11648 110 5544
13476 56 2830
13454 37 1889
11059 50 2541
12034 19 957
10680 72 3635
9374 45 2287
8695 60 3026
10864 8 417
12000 108 5406
11960 30 1544
11291 287 14379
8528 32 1635
12497 165 8263
9765 82 4144
11726 295 14778
9467 53 2681
8855 36 1841
10692 111 5581
11973 29 1459
12368 6 327
10771 194 9737
9470 143 7153
13558 13 665
11589 198 9902
8996 322 16120
10580 201 10084
11769 44 2222
10713 3 152
13630 42 2110
10905 107 5356
9341 229 11456
11829 141 7096
10959 59 2969
10382 30 1540
13593 46 2330
10520 118 5913
11831 41 2100
9562 171 8592
9466 42 2143
10665 95 4761
13475 69 3453
11685 329 16451
11842 51 2590
11492 2 147
11872 199 9998
11926 66 3346
11830 264 13221
13693 33 1690
9310 27 1391
9507 33 1655
9668 117 5883
11709 128 6446
10970 8 408
8769 83 4154
9612 35 1794
13586 11 579
10611 40 2029
9481 303 15167
13633 40 2026
8885 30 1505
12001 70 3548
12533 49 2478
11605 140 7034
9603 321 16096
9546 66 3316
9515 511 25600
10447 20 1024
8668 13 660
11134 16 833
11969 107 5395
9583 148 7439
11508 142 7144
9586 327 16387
11628 146 7344
9345 115 5800
12442 65 3272
8810 65 3281
11846 135 6759
11029 38 1936
9454 112 5601
8538 286 14317
11715 53 2692
8578 212 10623
11953 13 660
11759 39 1985
9628 43 2190
12449 73 3698
9649 1 68
9658 54 2712
10389 33 1671
13691 74 3750
12480 74 3731
10584 99 4995
8738 254 12730
12368 54 2710
8701 218 10922
9533 38 1925
10584 99 5000
9538 361 18063
10781 88 4421
12504 79 3965
10741 247 12383
10665 54 2735
8907 36 1802
11989 77 3871
12438 88 4419
9278 67 3386
10931 89 4471
9281 162 8110
9348 21 1063
8650 3 153
11945 132 6648
10574 220 11019
10441 83 4153
10906 181 9055
9348 100 5019
11086 117 5857
12056 160 8013
9324 66 3317
11604 105 5268
9395 148 7417
13580 96 4836
11742 245 12266
11509 52 2603
9639 238 11916
12514 62 3102
10390 26 1328
12442 36 1814
8467 28 1410
11506 21 1063
12139 34 1724
12441 166 8345
9567 96 4818
8448 113 5693
11913 291 14586
12052 51 2594
10667 50 2545
11545 33 1688
9597 513 25655
9726 354 17716
9366 191 9577
9494 39 1956
8748 112 5617
13479 50 2543
10833 60 3018
9545 109 5497
8977 4 220
10672 96 4801
12002 141 7059
12036 39 1970
12533 73 3662
10924 120 6002
10968 25 1295
13688 44 2250
10610 69 3470
9432 32 1645
11559 63 3169
11793 221 11078
10490 137 6878
11971 45 2251
9636 3 160
11879 323 16191
12466 33 1675
12485 76 3822
10517 34 1737
11095 222 11111
8562 91 4596
9511 623 31184
9618 268 13443
9427 169 8471
10563 63 3190
10520 345 17266
9582 10 529
12066 204 10233
10355 57 2879
12066 25 1293
8455 45 2300
9345 114 5714
9232 5 256
8414 89 4460
10906 181 9070
11766 175 8773
9486 23 1190
12068 9 475
12422 188 9416
8537 152 7619
9726 354 17716
9529 584 29209
11639 53 2697
9579 283 14193
11291 28 1439
13688 44 2250
10924 79 3964
10680 120 6025
11832 133 6663
12042 62 3110
8680 228 11408
9564 516 25808
12526 0 31
9205 199 9958
10570 15 772
13472 4 242
9494 39 1956
10386 32 1620
11763 151 7554
13536 98 4936
8538 5 261
11529 310 15533
10479 17 862
9215 256 12806
11132 2 104
10667 39 1994
10689 42 2125
13467 104 5248
13683 85 4267
9346 4 213
11187 320 16008
11029 38 1942
8465 167 8369
13676 101 5099
13629 194 9711
9669 301 15074
11591 91 4586
10928 141 7086
10478 59 2955
9519 120 6031
11545 106 5349
9470 234 11712
12442 98 4944
9108 10 526
8936 63 3168
9434 45 2294
10760 208 10406
11715 178 8925
9586 324 16214
12429 2 114
10884 27 1386
11086 268 13402
9533 38 1946
12056 251 12582
10953 15 783
12561 226 11313
9348 1 53
9348 100 5019
8680 228 11408
10683 346 17321
8537 338 16910
10685 22 1112
11172 97 4866
11742 23 1178
10583 50 2529
11802 50 2523
8783 29 1473
12057 54 2721
11112 200 10017
12066 194 9709
11963 106 5313
10727 183 9173
13484 62 3116
10745 294 14725
8668 91 4583
11720 55 2759
12073 17 861
11584 108 5402
11495 39 1955
8697 139 6961
9068 239 11995
8708 135 6784
10803 153 7680
8529 217 10895
10489 42 2119
9432 32 1630
9349 162 8126
11660 32 1623
10568 22 1109
13662 155 7796
9603 525 26276
12077 0 50
10434 47 2377
11737 97 4884
8975 200 10008
13629 17 900
9470 289 14460
11787 81 4078
12432 25 1265
10725 28 1428
12145 65 3273
11087 6 301
11203 16 847
11836 16 845
12039 8 409
12534 36 1849
12000 108 5406
10505 112 5620
13660 138 6948
12025 244 12239
10994 21 1093
8787 39 1952
10473 46 2332
9618 266 13307
9348 88 4411
10803 284 14230
11745 275 13758
9717 225 11286
11064 168 8439
12539 73 3676
12002 100 5003
8908 90 4547
11196 205 10300
9444 191 9587
9602 52 2607
9310 111 5585
13503 172 8646
12046 61 3061
12057 22 1128
9065 113 5691
9474 5 286
8964 140 7044
9427 167 8372
12036 72 3604
9706 15 789
11094 175 8770
10516 38 1906
8666 122 6108
12057 54 2735
9392 52 2616
11646 30 1516
10558 24 1206
9001 101 5086
11963 457 22855
10712 14 725
8666 107 5364
10719 67 3352
9709 57 2896
12040 98 4935
9564 409 20473
11494 220 11006
10625 336 16810
12556 101 5053
12454 288 14423
10533 108 5450
10725 105 5263
13647 13 652
11559 45 2252
10952 244 12240
11664 84 4229
13621 77 3900
9074 6 330
13614 132 6637
12032 19 973
10727 183 9193
8841 5 284
9601 415 20764
9037 183 9158
11759 236 11841
13617 40 2014
11644 69 3486
12032 19 986
13691 74 3735
10581 36 1822
9437 295 14781
12020 88 4431
11182 47 2391
13660 81 4056
12083 154 7702
13529 10 519
12039 411 20565
10781 37 1899
10592 93 4696
12045 164 8250
11506 97 4872
13671 186 9321
13629 194 9711
9075 286 14344
10938 149 7497
9395 199 9958
10994 21 1093
9620 306 15322
11219 16 820
8894 145 7297
13467 89 4455
9717 230 11547
9556 25 1261
12551 5 277
9640 127 6397
9060 73 3682
12401 22 1112
10668 150 7516
8697 161 8071
10959 60 3026
8433 232 11609
13678 137 6867
10712 286 14328
11973 30 1521
8894 146 7328
10725 303 15178
12066 225 11300
11108 5 288
10521 210 10550
11953 13 665
10569 32 1631
10520 189 9473
10803 52 2636
11674 66 3314
11090 179 8980
12565 180 9027
11070 219 10992
13517 5 273
9563 541 27058
9563 508 25450
13647 13 697
11907 121 6064
10442 302 15127
12145 165 8266
13503 99 4991
9720 168 8415
10857 148 7435
8714 23 1189
11713 137 6885
8796 141 7075
8770 104 5210
12383 56 2823
12482 8 450
9311 134 6745
9560 188 9417
11494 99 4962
10593 193 9663
9238 2 132
11605 32 1621
10660 163 8189
13614 91 4598
9217 114 5742
9597 347 17385
12095 110 5528
9374 42 2146
10747 191 9600
9507 32 1636
11608 164 8218
12533 76 3820
8549 151 7562
9307 57 2900
12529 90 4540
13638 224 11232
9338 26 1343
11895 211 10590
9515 114 5717
9658 54 2711
11281 11 559
9567 264 13228
9379 48 2409
12000 85 4276
12091 395 19778
8460 24 1232
11045 128 6409
12508 169 8479
8513 10 547
11922 239 11989
10645 238 11935
13503 172 8626
9063 282 14147
11684 3 200
11603 16 831
11546 34 1750
12382 40 2027
12505 94 4742
9560 61 3076
9188 72 3634
12025 144 7227
11698 82 4124
10649 137 6859
11959 67 3370
9346 35 1760
11508 293 14663
10606 16 849
8917 319 15977
11529 195 9799
11071 43 2155
9564 375 18755
8914 74 3750
10640 25 1282
9207 56 2833
10716 323 16172
8650 2 105
10897 67 3366
10766 93 4683
11971 7 387
11083 191 9563
11243 64 3233
10569 115 5779
9395 199 9958
11830 136 6826
8455 65 3291
10595 42 2109
8917 288 14410
10669 16 841
13558 13 662
11927 127 6372
10490 177 8859
10712 124 6219
8894 145 7284
11186 152 7607
11090 179 8968
8650 60 3049
12066 225 11279
13617 11 600
10680 117 5894
11086 268 13436
12016 210 10531
9651 340 17049
9494 567 28393
12482 123 6165
10800 221 11054
9653 341 17065
8475 0 39
9310 19 953
8782 28 1427
11833 131 6586
13454 6 342
11064 206 10340
13587 48 2415
9068 239 11960
11976 330 16544
10362 41 2088
11574 9 484
13638 77 3865
9634 13 654
13465 89 4495
8936 78 3946
9377 139 6960
9297 218 10923
8776 132 6645
13674 49 2467
9390 12 625
12495 78 3914
10583 50 2529
9464 75 3773
11515 28 1406
10800 5 286
9377 159 7965
13638 93 4666
10442 159 7959
9410 18 949
12545 12 618
10578 231 11563
11095 276 13803
8680 226 11316
11186 286 14347
11707 18 901
9658 224 11246
8742 105 5281
11631 66 3325
9717 61 3051
10897 47 2385
8931 132 6613
11973 69 3467
10864 8 417
10910 70 3511
11858 35 1755
9385 205 10289
13637 18 935
10598 8 437
12495 78 3914
10696 138 6914
11780 106 5328
10490 29 1473
11991 184 9213
11609 216 10816
13616 2 126
10623 71 3561
12139 30 1532
9293 11 574
9239 201 10087
13660 27 1384
13645 10 524
10647 254 12736
9546 171 8598
11726 170 8534
9470 207 10396
8468 24 1207
9033 25 1258
8917 319 15951
12016 435 21784
8926 14 702
11543 258 12936
12107 111 5585
13568 26 1323
11742 247 12364
10719 66 3310
9439 108 5406
8936 157 7884
10484 19 992
10786 114 5750
9472 131 6592
8764 64 3205
11909 169 8461
9602 31 1558
12480 122 6107
10921 52 2641
11495 26 1333
11813 159 7998
10537 47 2380
