7054 320 16048
7016 23 1158
7010 48 2425
7018 863 43158
7049 931 46594
7054 1878 93943
7008 1321 66074
6664 119 5989
7017 675 33766
6756 42 2139
7003 1318 65925
7025 203 10189
7008 1051 52580
7003 456 22809
6036 54 2712
7017 994 49723
7014 1623 81152
7013 238 11947
7012 708 35411
4971 117 5874
6572 56 2845
7006 486 24310
5013 20 1003
7026 133 6686
7017 331 16569
7023 654 32749
7021 750 37534
6043 172 8645
7049 1469 73469
7019 230 11543
6992 12 633
7003 80 4041
7010 1545 77260
7025 272 13623
6756 41 2065
6968 7 395
6319 45 2291
6572 171 8587
7003 775 38754
7055 230 11538
6423 75 3771
7008 1110 55530
7012 1290 64550
7054 537 26864
7021 404 20234
7020 1117 55859
6656 40 2005
7025 445 22259
7054 1317 65895
7048 99 4951
7003 1032 51620
6090 39 1971
7513 73 3666
5013 5 299
7017 1119 55951
7004 118 5916
7010 1390 69501
7010 1556 77848
7049 700 35006
7003 1346 67340
7017 1002 50114
6912 228 11419
5151 177 8859
7048 99 4979
7006 486 24341
7001 376 18802
7049 696 34837
7012 1275 63794
7026 140 7026
7023 1068 53436
7003 1318 65902
7633 52 2601
5459 9 488
5229 6 338
7014 1411 70595
7016 165 8294
5515 63 3164
7008 1051 52589
6090 78 3929
7004 1023 51167
7017 1458 72913
7023 487 24381
6930 21 1088
7026 654 32749
5547 70 3549
7049 1161 58068
7049 1967 98364
6912 201 10063
7017 225 11270
7018 776 38814
6882 154 7725
7049 679 33962
6420 42 2117
7417 27 1391
7008 146 7332
6043 173 8662
7003 232 11635
7008 1393 69677
7055 457 22885
7010 166 8341
7010 1447 72392
7020 1762 88125
6992 10 514
5151 177 8855
7010 1421 71090
6527 108 5430
7012 1659 82973
5401 33 1653
7008 1029 51465
7026 728 36435
7003 643 32166
7010 1447 72376
7001 144 7229
7014 1623 81152
6837 7 394
6664 182 9150
7004 1624 81205
7012 781 39100
7001 353 17697
7048 27 1367
7049 46 2317
7010 138 6933
7003 1339 66991
7003 1734 86744
7003 875 43766
7023 1934 96739
7054 1290 64506
7021 18 903
7049 46 2340
7017 1748 87429
7006 486 24310
5169 34 1742
7023 1346 67343
5380 6 308
7001 210 10549
7021 295 14796
7025 88 4424
6483 1 56
6030 9 471
7012 997 49882
7049 732 36622
7003 123 6164
7049 679 33954
7020 1725 86281
7012 1479 73967
7010 1366 68328
6441 61 3070
7049 1934 96724
7003 643 32173
7025 385 19264
7026 176 8812
6211 70 3543
6632 55 2780
7018 147 7365
7008 1110 55547
7004 1340 67007
5977 201 10095
5339 90 4539
7019 445 22251
7018 116 5833
7023 930 46544
7008 924 46204
7003 960 48047
7049 1627 81386
7003 262 13126
7020 1051 52563
7008 103 5191
7001 542 27135
5452 45 2276
5216 22 1134
7001 353 17688
7023 1286 64331
7018 481 24093
7012 1730 86524
7048 81 4091
6689 36 1811
5541 49 2464
6981 128 6410
7019 91 4556
6334 4 204
7006 337 16856
7006 85 4289
5106 181 9082
7001 732 36621
6319 47 2372
6366 17 855
5042 46 2301
7008 1321 66058
6375 120 6006
7010 1549 77462
6078 9 474
7049 822 41126
7014 1260 63012
7020 851 42593
7021 782 39120
7055 690 34536
7001 866 43348
6420 43 2158
7020 331 16567
7049 1627 81391
7025 203 10177
7003 1387 69385
6440 56 2824
7014 1346 67346
5154 124 6247
7054 755 37798
5966 0 7
7047 109 5491
7016 211 10587
7013 185 9268
7013 206 10343
7003 119 5957
7055 230 11502
7003 119 5953
7023 1675 83782
7003 1318 65920
7008 633 31683
7049 807 40396
6050 0 42
7001 1101 55077
7020 43 2162
7017 875 43781
7017 827 41374
7018 631 31563
5564 191 9572
6663 174 8720
7054 1441 72077
7008 890 44515
7003 1449 72500
6031 102 5136
7013 205 10297
7008 1464 73233
7010 1447 72382
7003 480 24030
6683 17 870
5380 2 126
7021 748 37440
7014 326 16314
7019 210 10502
7021 32 1616
7023 1068 53447
7014 429 21498
6683 14 742
7010 1042 52103
7001 264 13210
7003 1449 72474
7014 10 533
7021 471 23556
7026 700 35030
7014 34 1718
5557 24 1211
6696 9 486
7407 7 380
7003 43 2172
7010 220 11024
7008 890 44540
6697 94 4711
7054 223 11176
7017 824 41207
6689 34 1716
7004 514 25730
6882 154 7725
7023 804 40219
6664 121 6064
7003 400 20043
6616 20 1034
7008 583 29180
6354 138 6938
7012 892 44623
7014 150 7527
7021 557 27865
5169 35 1766
6366 79 3954
7017 440 22016
7020 927 46360
5608 5 293
7001 1144 57240
7020 1258 62922
7004 1138 56913
7017 362 18125
7048 27 1383
6968 3 162
6362 84 4204
7055 256 12832
6829 129 6485
7020 927 46400
5783 96 4828
7049 807 40396
6975 57 2860
7025 385 19274
7023 50 2506
7018 147 7379
7010 19 978
7014 144 7211
5229 9 490
7006 85 4296
7054 1273 63689
7012 1006 50337
7023 805 40257
5154 166 8309
6503 60 3044
5077 15 776
7049 988 49447
7049 1366 68311
7017 1232 61603
7014 1260 63024
7018 147 7365
7003 456 22814
7020 1349 67451
7049 1934 96707
6664 125 6277
6882 211 10589
7012 1054 52740
7003 456 22836
6211 206 10331
7003 1318 65928
5077 20 1042
7020 383 19160
6628 41 2085
7017 994 49724
6881 137 6853
5487 51 2599
7055 205 10294
7012 892 44628
7003 1449 72474
7051 67 3365
7004 1605 80272
6090 43 2186
7012 708 35444
7006 308 15419
7020 1762 88133
5536 13 692
7001 1101 55072
7049 971 48556
7014 1400 70034
7001 1134 56744
5340 93 4688
7010 1562 78142
5013 5 299
6446 127 6400
7004 514 25730
7021 18 903
7049 924 46248
7014 1623 81164
7026 654 32735
6420 43 2189
7003 1044 52228
7026 700 35030
7004 253 12654
7372 75 3770
6879 208 10424
7010 1562 78148
7025 385 19267
7012 708 35448
7017 853 42693
7049 822 41122
7049 700 35049
7008 885 44253
5608 11 586
7014 653 32689
7010 166 8330
6340 167 8376
7010 1485 74251
6968 0 39
7047 48 2447
7026 108 5401
7023 654 32749
7017 828 41416
7017 440 22020
5581 38 1924
7016 211 10596
6319 44 2212
6616 23 1186
7001 26 1348
7054 1157 57860
7020 346 17326
7019 157 7896
7023 1378 68943
7017 440 22033
6420 42 2117
5459 6 308
7004 347 17378
7021 234 11740
6021 182 9150
7001 542 27138
7020 207 10367
7006 471 23581
5452 42 2102
7003 1339 66976
7014 1640 82026
7021 761 38062
7049 46 2303
7010 1562 78133
7003 700 35001
7014 1728 86434
7001 480 24037
7012 1061 53059
7054 1888 94448
7017 474 23716
7047 48 2407
7019 219 10959
7017 1163 58165
7010 48 2407
6321 73 3673
7003 1437 71900
7004 1208 60427
7020 1135 56753
7654 9 493
7014 1270 63502
5487 51 2562
6956 191 9556
6955 206 10333
7023 50 2521
7001 228 11435
6666 13 679
7003 924 46209
7021 422 21145
7023 238 11941
7020 950 47514
7049 988 49447
7018 41 2074
5996 27 1369
7026 108 5425
5013 5 299
5448 10 546
7023 300 15001
7001 228 11447
6918 37 1886
7003 1304 65222
7013 205 10270
4957 148 7420
7017 1163 58172
7023 1378 68921
6960 169 8462
7001 1080 54030
7025 385 19283
7054 223 11168
5497 101 5057
7019 466 23317
7010 1343 67155
5459 9 487
7023 1675 83791
7017 939 46961
7023 1378 68943
7026 33 1691
6288 175 8764
7020 851 42568
7019 445 22272
7016 106 5330
7049 1750 87538
7018 178 8939
7020 346 17330
6955 208 10433
7023 1934 96748
7008 226 11342
7054 1480 74019
7018 178 8909
7001 379 18974
7023 1249 62479
6211 206 10349
7003 1375 68755
7010 1421 71088
7055 256 12848
7003 932 46629
7054 1577 78891
7001 1134 56725
7025 88 4407
6615 175 8754
7017 665 33284
7003 400 20043
6140 35 1766
5487 51 2599
7020 1929 96473
6687 196 9824
7006 486 24319
7054 643 32164
7025 609 30477
6030 6 342
6548 0 39
7017 824 41224
7004 1268 63422
7017 775 38786
7017 905 45276
6991 71 3598
7049 1366 68336
5516 25 1279
7054 1177 58861
7010 1421 71056
7017 1163 58168
6378 2 128
5154 118 5950
7003 1318 65911
6751 25 1262
7115 43 2163
6483 9 478
7020 331 16558
7010 1562 78148
5605 57 2880
7003 749 37498
7017 362 18125
6211 127 6384
7019 373 18676
6951 23 1190
7011 302 15103
6615 169 8453
7001 480 24021
7504 20 1031
7003 1304 65245
5516 28 1401
5966 0 47
6664 182 9109
6923 33 1678
6751 26 1348
6697 96 4810
7645 138 6911
7017 1591 79592
7004 654 32701
7010 138 6926
6882 195 9786
7020 903 45158
7049 1744 87213
7017 474 23730
7017 994 49737
7023 300 15043
7022 97 4862
7003 1317 65897
7008 195 9793
7020 903 45174
7021 348 17420
7017 1748 87433
7012 1290 64540
7054 875 43798
5921 19 991
7001 866 43326
7049 46 2303
7003 1449 72458
7054 1944 97245
5036 28 1422
7012 1054 52715
7010 48 2405
7019 479 23972
6589 102 5119
6589 109 5462
7054 1710 85507
6951 29 1479
7021 466 23332
7020 331 16558
7054 1273 63699
7003 1375 68777
7023 1795 89793
6444 38 1916
7020 417 20896
7003 775 38777
5519 147 7352
7054 1944 97215
5331 136 6830
6837 3 188
6098 47 2382
7049 1469 73476
7021 234 11740
6170 37 1883
7006 337 16894
7020 1725 86294
7006 324 16246
7049 270 13524
7055 690 34536
7001 532 26633
7025 295 14757
5036 28 1422
6483 9 485
6829 127 6397
7014 367 18354
7055 354 17732
7004 118 5919
5459 4 215
7008 1110 55542
7049 1927 96379
7008 1393 69651
7004 1121 56069
7003 80 4022
7004 1278 63950
4998 132 6637
7004 1299 64987
7012 246 12320
7003 1044 52242
7003 214 10714
7004 1319 66000
7012 1061 53100
6300 122 6104
7004 1660 83008
6031 101 5081
7001 379 18970
7003 852 42601
7054 1480 74021
6340 175 8780
6030 6 342
7004 1319 65967
7020 1884 94201
7019 31 1573
7049 399 19953
7018 147 7386
7025 295 14777
6923 30 1523
6696 0 31
7003 852 42624
7054 1157 57865
7054 912 45634
7012 1641 82085
6794 18 939
7008 146 7330
7026 448 22418
7003 123 6168
7004 1319 65967
7017 419 20955
7013 238 11937
7010 1455 72779
7008 889 44456
7003 456 22838
6635 1 96
6882 153 7689
7008 1387 69398
6628 42 2104
7001 379 18982
6321 71 3574
7025 435 21762
7025 250 12529
7046 102 5142
7020 199 9963
7012 1290 64524
7010 84 4243
7001 210 10505
7003 1318 65910
7054 1944 97220
7010 1556 77835
7008 72 3627
7001 480 24022
5013 3 164
7010 1545 77262
7008 786 39309
7021 556 27802
7020 312 15601
7014 515 25771
7010 1366 68306
7023 654 32732
7012 288 14405
7004 1624 81232
5401 33 1652
7054 223 11194
7020 504 25223
7020 207 10389
7008 994 49726
7055 406 20304
7017 299 14963
7103 13 662
6078 9 474
6589 106 5314
6779 28 1413
7054 1576 78817
6663 17 861
7008 734 36743
6123 1 76
7026 774 38728
6021 182 9141
7014 150 7527
7021 15 787
7003 119 5978
6664 118 5923
6507 46 2332
5452 44 2216
7054 1269 63492
6548 0 10
7006 337 16881
6918 37 1886
7006 558 27936
7003 1375 68785
7010 1562 78127
6981 128 6404
7055 684 34233
6751 23 1161
7008 1244 62232
7018 178 8920
5547 72 3609
7001 682 34142
7020 1349 67451
7014 990 49521
7054 598 29941
5000 40 2004
6407 97 4891
5515 62 3139
6663 18 901
7049 1161 58086
7003 400 20014
7054 1710 85542
7012 1447 72367
7013 205 10297
7023 1454 72704
7012 892 44619
5036 25 1287
7004 1340 67018
7019 286 14330
7008 786 39309
7018 570 28505
7054 400 20024
6837 5 276
7020 312 15633
7026 634 31741
5977 192 9644
7020 1258 62945
7001 1080 54012
7014 1121 56100
5586 140 7017
6697 104 5201
6975 71 3594
7014 308 15414
6782 0 30
7012 1126 56321
7021 471 23570
6036 54 2730
7010 1366 68304
7049 1744 87226
7055 614 30726
7008 133 6697
7049 931 46559
7008 1110 55512
7008 889 44464
6653 124 6225
7006 324 16235
6362 83 4166
5487 51 2562
5906 122 6145
7017 359 17966
6689 36 1811
7023 362 18120
7003 1743 87167
7014 515 25779
6483 8 415
6632 33 1657
7021 348 17434
5013 5 299
7010 19 978
7012 708 35443
7054 1157 57880
6027 4 248
7054 1250 62543
7012 1275 63792
6420 46 2302
7049 1469 73461
7014 1640 82027
7054 1888 94406
7008 133 6676
7025 609 30485
6031 219 10994
7003 228 11441
7004 1435 71784
7014 1331 66563
7020 312 15618
7014 53 2671
6785 19 951
7001 700 35047
6420 46 2302
6991 73 3697
7055 457 22890
7054 1290 64505
6483 7 388
7048 81 4061
7020 312 15629
6211 207 10390
6382 191 9571
7016 211 10596
7010 1556 77825
7434 139 6985
7017 522 26128
6340 176 8809
6573 29 1460
7014 367 18379
7004 1278 63901
7017 1119 55955
6826 40 2017
7012 1726 86320
7017 474 23716
7054 1888 94450
7018 363 18191
7010 1447 72351
7001 228 11450
5136 61 3053
7003 1413 70663
5331 137 6856
7054 1009 50470
6483 9 459
7049 1744 87240
7282 34 1714
7012 1479 73971
7001 732 36611
7055 490 24526
6751 27 1361
7008 102 5114
7020 1669 83478
7003 1449 72465
7008 510 25515
7018 975 48768
7003 31 1588
6548 61 3079
7001 998 49932
7016 196 9801
7006 486 24334
7004 1605 80290
5204 158 7901
7021 748 37436
7020 1669 83469
7001 819 40978
7021 579 28972
7768 1 73
7026 531 26562
5891 141 7095
7025 385 19254
7020 755 37776
7008 786 39303
7014 34 1718
7003 214 10730
6968 7 371
7054 1157 57891
7022 126 6327
7010 1545 77293
7012 288 14405
5516 28 1401
7004 1340 67018
7012 324 16204
7049 1627 81388
6829 128 6438
7048 125 6267
7054 1290 64523
7020 1903 95171
6030 6 342
7003 456 22838
7023 510 25539
7003 188 9439
5169 34 1746
7021 748 37440
7004 1299 65000
6664 182 9109
6991 69 3458
6021 188 9408
7003 1413 70664
7017 1591 79596
6322 36 1812
5169 36 1834
7004 1299 64987
5339 94 4731
6923 34 1745
7003 400 20043
7008 1110 55530
7021 748 37413
7023 1221 61085
7025 250 12538
7400 140 7010
7006 211 10576
7021 456 22805
7012 1447 72369
7003 80 4041
7014 1400 70050
7001 1080 54027
7020 346 17330
7004 1319 65967
5380 5 269
7017 681 34083
7017 681 34086
7003 1387 69377
6572 59 2971
6420 48 2402
7003 784 39228
7008 102 5105
7049 931 46559
7017 331 16565
7003 749 37479
7018 41 2089
6379 31 1573
7003 1375 68758
7049 270 13538
7010 48 2420
7008 1393 69690
7012 1035 51777
7013 201 10071
7003 262 13126
6338 110 5508
7010 1549 77479
6826 43 2194
6503 62 3140
7020 950 47502
7021 422 21142
7055 690 34520
7049 1934 96741
7006 440 22042
6090 34 1743
7025 295 14757
5891 152 7643
7051 67 3371
7017 362 18134
7008 777 38889
7055 684 34210
7010 1455 72787
7001 1101 55063
7020 755 37786
7055 569 28459
5783 85 4280
7014 429 21498
7023 50 2542
6979 27 1369
6916 123 6178
7013 224 11221
7055 739 36982
7049 1627 81382
7004 1208 60434
7001 480 24035
7019 578 28908
6663 20 1034
6423 75 3771
7013 205 10251
6366 79 3954
7014 867 43377
6211 72 3611
7017 665 33265
6319 46 2328
7003 852 42649
7020 1612 80649
7010 1366 68328
7012 1061 53066
7054 1611 80599
7023 620 31042
6936 157 7861
7051 67 3396
7054 1710 85542
7017 827 41384
7145 8 439
7021 466 23301
6663 41 2097
7003 1437 71860
7054 1177 58883
7565 73 3652
6951 23 1181
7003 1304 65241
7017 1119 55955
7003 1339 66997
7025 609 30476
6426 24 1242
7026 700 35049
7016 211 10596
7021 593 29663
7017 827 41355
6782 0 30
7017 775 38785
6918 64 3214
7020 504 25236
7004 527 26380
7023 1899 94997
7020 43 2168
6090 77 3880
7012 529 26463
6779 27 1359
7004 206 10322
6106 49 2456
5459 5 288
7014 1728 86419
7054 537 26872
7049 988 49449
7021 456 22809
6956 198 9921
6589 100 5013
7023 1346 67322
7054 1273 63658
7055 174 8747
7026 700 35020
7020 1797 89887
7018 602 30128
5216 22 1140
6359 9 460
7020 504 25207
7026 133 6651
7054 1273 63680
7025 435 21762
7023 1675 83769
5339 47 2368
6340 168 8415
7026 654 32735
5586 146 7305
7013 205 10251
7019 373 18692
6981 38 1949
6765 212 10624
7026 52 2607
6960 169 8462
7003 852 42649
7003 43 2171
5013 5 299
7004 654 32738
7012 708 35418
7013 154 7720
7003 700 35008
7010 579 28954
7054 875 43759
7020 1725 86271
7018 41 2060
7001 977 48856
7001 379 18974
7049 1417 70875
7023 852 42615
6483 3 181
7003 1734 86734
7019 479 23957
7006 324 16238
7020 1903 95164
5155 89 4500
7014 429 21455
5497 106 5327
7021 773 38700
7055 690 34507
5155 89 4500
7021 68 3450
7014 662 33111
7012 997 49882
7023 654 32710
7054 875 43756
7054 598 29932
7013 154 7723
7054 2010 100541
7010 1421 71094
7006 471 23592
7013 40 2046
7023 1795 89777
7026 654 32735
7504 16 812
7048 81 4056
7022 126 6345
7004 1622 81107
7054 1480 74041
7003 1734 86736
7008 777 38885
7017 877 43891
7026 52 2606
7026 448 22440
7020 851 42574
7023 556 27807
6663 24 1211
7004 1435 71784
7025 385 19274
7003 1050 52543
7017 675 33762
5169 35 1766
6324 93 4661
7008 1321 66054
7054 1888 94409
7012 302 15111
6837 5 289
7054 1646 82334
7017 47 2355
7001 144 7229
7020 43 2161
7054 1728 86436
5013 5 299
7021 761 38090
7023 343 17166
7008 833 41661
7003 232 11647
7006 471 23581
7020 1797 89868
7001 511 25593
7003 1734 86734
6656 42 2102
7006 558 27927
7055 256 12848
7017 419 20990
5093 161 8091
7021 563 28161
7013 187 9386
7017 1119 55973
7017 955 47773
7023 745 37294
7736 15 790
7055 174 8739
6689 29 1465
7001 264 13220
7004 253 12681
7021 404 20202
7026 774 38728
6078 9 474
7014 1728 86442
6366 76 3832
5013 9 478
7004 1340 67013
6795 7 363
7017 225 11285
7001 144 7229
7017 994 49708
7012 1126 56306
7021 761 38062
7017 448 22447
7369 20 1039
7054 2010 100541
7001 511 25592
7054 1009 50479
5564 191 9572
7049 1161 58055
7023 1549 77466
7049 679 33995
7020 207 10369
7008 1027 51377
7054 944 47223
7010 48 2407
6882 194 9706
6107 21 1097
7014 763 38168
7004 901 45065
7014 1640 82026
7014 5 294
7049 2015 100784
7021 295 14757
6955 205 10261
7021 404 20234
7020 1884 94221
7014 515 25779
7012 1479 73967
7012 302 15129
6503 60 3044
7026 448 22415
7048 38 1941
7016 165 8253
7003 1050 52532
7025 435 21798
7003 1032 51646
7054 1888 94415
7017 79 3984
6211 68 3405
7135 71 3555
7017 1536 76820
7020 383 19162
6826 47 2355
7054 1009 50466
7008 890 44533
6359 8 429
7054 1273 63689
7018 41 2094
7001 1134 56743
7014 1623 81180
7003 551 27578
5519 142 7102
7012 708 35444
7049 1303 65169
5154 118 5933
5036 27 1364
7003 932 46608
7023 1454 72704
7025 435 21780
7026 634 31712
7003 1304 65202
7004 184 9226
7010 166 8318
6362 102 5109
7010 84 4250
7001 228 11407
6837 1 95
7014 326 16344
6952 96 4821
6756 153 7675
7008 144 7201
7004 654 32706
5977 199 9957
7055 230 11528
7012 1479 73995
6975 64 3245
6881 105 5280
7021 348 17434
7049 1161 58069
7021 750 37514
6407 91 4571
7018 570 28522
7003 1032 51610
6616 24 1203
7018 776 38827
7046 18 948
7055 739 36968
7023 1068 53409
6663 175 8791
7003 875 43770
7017 824 41224
6081 4 225
6960 166 8348
5441 3 192
7018 863 43158
6664 118 5923
7564 8 445
7017 827 41372
7013 238 11940
7054 1944 97230
7017 1591 79592
7003 1339 66993
7017 1002 50135
7018 116 5835
7054 912 45618
7023 1378 68907
7008 146 7330
7048 125 6280
7026 176 8817
7018 519 25974
7019 578 28924
7001 26 1327
7025 609 30487
7020 574 28739
7055 629 31492
7012 1730 86504
7004 347 17372
7014 749 37484
7004 1622 81110
7006 440 22031
7017 1004 50212
6923 36 1830
7014 216 10850
7010 610 30540
7020 1762 88103
7019 437 21884
6952 92 4613
7761 34 1710
7004 1340 67019
7008 103 5154
6098 47 2382
6812 8 444
7055 717 35899
6952 158 7940
7023 620 31003
7054 1778 88905
7003 336 16815
6548 0 37
7012 713 35666
7054 1159 57992
7023 804 40230
7008 102 5104
7017 824 41210
5452 41 2093
6334 3 152
7021 579 28985
7049 1750 87532
7026 108 5401
7017 47 2399
7049 1469 73455
5077 20 1042
7023 1548 77424
7018 776 38814
7014 990 49542
7010 166 8345
5380 2 126
7054 1441 72077
7003 119 6000
7017 1232 61623
7004 1208 60434
7012 997 49896
7055 717 35868
7021 456 22819
7049 1967 98375
7020 1349 67496
7010 651 32556
5106 180 9013
7025 295 14777
6080 98 4945
5019 113 5651
7013 187 9385
7054 875 43772
6951 22 1103
7023 1671 83572
6324 93 4680
7023 1671 83572
7025 435 21762
7001 1025 51298
7014 429 21458
7013 40 2009
6036 28 1443
7054 87 4376
7513 76 3829
7017 1119 55955
6334 3 166
7048 27 1374
7012 1054 52727
7004 667 33357
7003 1413 70653
7013 40 2009
7010 1421 71088
7023 510 25524
7049 1417 70885
7018 602 30113
7055 354 17742
7003 932 46605
7020 312 15629
7020 346 17318
7008 280 14027
7003 1339 66999
7012 1447 72369
7008 924 46227
7001 1101 55083
7019 578 28936
6859 142 7140
7023 1068 53436
7014 990 49509
7003 1318 65928
7010 1545 77262
7003 749 37498
6359 6 321
7004 1299 64974
5154 118 5950
7049 399 20000
7008 786 39309
7054 1273 63673
6078 9 474
7008 746 37322
6444 35 1791
7017 1458 72909
7006 486 24342
5042 48 2435
7001 153 7685
7020 417 20865
7010 1447 72391
7003 123 6184
7018 570 28510
7003 924 46248
7020 1156 57833
7054 223 11194
6106 49 2491
6690 150 7518
7012 1006 50321
7012 1061 53066
7023 362 18126
7017 14 706
7055 175 8769
7055 684 34205
7014 1003 50193
7004 1299 64973
7008 144 7229
6615 175 8771
7023 1548 77436
7054 1480 74050
7054 1157 57860
7013 205 10271
6162 216 10822
7008 1027 51381
7008 833 41671
6616 26 1325
7010 84 4212
7055 230 11517
7004 1605 80291
5586 84 4207
5445 8 446
6954 6 338
7008 885 44284
6696 0 31
7019 210 10523
7016 211 10556
7054 1728 86436
7020 1117 55868
7014 990 49540
6100 13 673
7020 1321 66100
7054 537 26857
7055 490 24523
7025 445 22273
6483 8 415
7008 145 7294
7025 609 30471
7026 381 19065
7004 901 45081
7017 331 16576
6503 58 2913
7008 146 7349
6548 0 6
5380 0 50
7008 1078 53933
7017 1332 66643
7010 166 8336
7049 1750 87532
6785 14 731
7021 579 28972
7023 1934 96739
7023 1454 72701
7019 31 1554
7049 596 29829
7010 369 18464
5042 48 2435
6199 75 3799
7023 50 2512
7026 52 2607
7008 146 7313
7003 232 11616
7055 174 8738
7003 119 5988
6140 27 1370
7049 385 19263
7013 187 9361
6956 194 9730
7055 256 12809
7023 654 32718
5036 28 1422
7017 522 26118
7049 807 40368
7048 81 4071
7026 381 19081
6756 42 2138
6827 108 5440
6140 31 1594
5497 107 5364
7017 994 49731
7021 18 911
7049 1469 73482
7054 1871 93551
7023 1881 94051
6749 44 2234
7003 123 6183
6288 174 8703
7049 1927 96370
7055 354 17707
7054 1290 64532
7012 529 26465
5093 170 8516
7001 700 35008
7055 457 22890
7055 256 12841
7021 348 17404
7008 72 3609
7021 692 34618
7008 133 6674
7008 1078 53924
6683 17 855
5154 68 3402
6979 24 1234
7026 108 5434
7026 518 25909
7049 988 49416
6527 113 5679
7012 442 22119
7006 324 16244
7003 1032 51616
6407 95 4799
7049 696 34822
7017 299 14991
5155 30 1517
7008 1244 62213
6614 157 7876
7012 1479 73995
7010 19 985
7004 527 26400
6340 168 8415
7026 89 4498
5154 178 8949
7003 1339 66952
7021 593 29652
6923 33 1678
6829 123 6158
7004 1525 76263
7021 773 38660
7014 1346 67344
7010 369 18468
7010 651 32600
7021 466 23332
7014 1270 63516
7046 41 2053
7014 1214 60724
6918 37 1859
7055 174 8723
7001 542 27111
6956 197 9861
5608 2 147
5458 159 7969
7018 776 38827
7049 700 35044
6859 110 5512
7054 320 16048
7047 110 5519
5458 153 7698
6991 69 3458
7046 111 5578
5216 52 2603
7023 1881 94099
7010 513 25691
7054 791 39595
6959 125 6257
7003 1339 66992
5586 146 7305
7025 445 22262
7049 1672 83604
5581 33 1691
6936 159 7964
7023 1579 78994
6968 2 120
7008 1387 69373
7001 1025 51289
6173 34 1749
7012 1186 59332
7012 1730 86524
7003 336 16827
7054 1009 50470
7014 212 10618
7014 216 10834
7004 1624 81205
5557 20 1003
7010 441 22063
7054 1269 63476
7003 643 32186
7004 654 32738
7014 429 21458
7017 675 33759
7017 1002 50135
7004 206 10322
6573 27 1365
5515 63 3164
7010 1343 67189
6080 89 4498
7400 140 7010
6749 44 2230
7006 337 16856
7003 1050 52520
7003 875 43797
7049 732 36629
7018 481 24088
7023 1795 89793
5608 11 556
7014 212 10626
7019 445 22259
7049 614 30718
5154 65 3278
7025 88 4441
7007 22 1136
7054 166 8340
5340 92 4634
7006 471 23566
7055 406 20317
6483 9 466
7049 177 8879
6527 112 5624
7010 19 973
7055 256 12832
7018 863 43187
6483 7 373
7003 1375 68754
7003 1449 72498
7026 52 2607
7021 234 11716
5624 21 1055
6992 12 624
5947 158 7909
7010 1556 77805
7047 109 5486
7016 152 7639
7054 1944 97205
7017 665 33256
7004 1208 60434
7014 34 1714
7504 15 775
7026 140 7035
7014 1062 53140
6379 33 1665
6979 23 1165
7017 1133 56670
6031 216 10813
6031 101 5054
5185 78 3938
7020 1135 56751
7020 1135 56755
7023 556 27847
7025 445 22257
6366 76 3832
7049 1222 61104
6359 3 199
7054 791 39593
7021 750 37517
7016 211 10551
7046 35 1792
6614 109 5479
7023 1881 94051
7001 511 25598
6785 14 731
7051 67 3352
7048 125 6280
7001 210 10505
6589 106 5323
6923 32 1605
7023 77 3876
7008 675 33795
7018 178 8917
7001 866 43325
6751 29 1481
5557 92 4634
7014 429 21459
7018 975 48768
7006 324 16220
7016 196 9841
7049 1672 83604
7010 1270 63520
7049 1417 70893
7049 649 32478
7707 7 385
5169 37 1869
7014 1214 60728
7017 955 47782
7010 1270 63516
7049 2015 100789
5370 53 2682
7016 165 8282
7019 437 21884
7055 739 36994
7054 239 11963
7003 214 10722
7008 746 37322
5459 175 8770
6696 0 31
7003 43 2199
7004 1268 63416
7012 19 982
6507 47 2370
7026 700 35044
7003 1437 71854
7049 2025 101261
7025 72 3635
7048 35 1792
5370 52 2622
7017 1723 86178
5977 199 9978
7023 654 32718
7020 574 28716
7010 1270 63516
6078 9 474
7004 1660 83008
7055 43 2200
7008 885 44253
7001 418 20922
7054 537 26892
7003 43 2192
7010 19 973
7054 1646 82319
7023 1221 61068
7020 1852 92603
5547 71 3552
7017 1591 79565
7014 662 33104
7049 2025 101273
6779 28 1413
6366 18 948
6666 13 679
7017 827 41387
7018 743 37187
7442 0 15
5433 158 7944
7014 1400 70009
6779 28 1413
7054 1177 58897
7016 106 5344
7010 1343 67158
7012 324 16203
5783 97 4883
7010 1562 78141
7020 903 45156
7003 1413 70664
7003 1734 86728
6968 9 481
