7018 875 43784
7018 707 35354
7023 937 46852
7003 171 8584
7020 560 28014
6946 8 404
7014 1038 51944
7020 386 19335
7055 326 16343
7017 1752 87637
7010 923 46179
6769 163 8192
7008 651 32597
6795 50 2504
7054 111 5577
7014 1467 73382
7020 1620 81007
6141 17 891
6752 163 8187
7017 817 40873
7021 153 7670
7006 138 6929
7004 1326 66336
7048 142 7121
5068 65 3252
6756 89 4494
7004 79 3970
7004 416 20823
7012 689 34466
7023 213 10692
7014 1176 58829
7055 764 38242
7021 674 33704
7012 1264 63209
4952 48 2425
6100 81 4066
7008 1192 59624
5075 1 75
7004 466 23330
7017 1515 75773
6533 6 330
5971 84 4220
5454 225 11289
7054 1306 65337
7018 871 43583
7054 1776 88821
7020 1089 54457
7126 1 86
6837 205 10298
6100 18 950
5516 46 2335
7023 1734 86719
7014 1603 80179
6946 60 3044
7017 1068 53449
6123 154 7701
7004 1365 68289
6901 16 839
7047 111 5599
6874 1 64
7017 329 16482
7001 650 32540
7023 607 30397
7017 796 39808
7010 57 2872
7054 1306 65316
6589 72 3647
7017 1519 76000
6697 21 1092
7023 1617 80855
6161 19 991
7020 1012 50602
7334 1 96
7012 731 36557
7054 25 1291
4952 48 2425
7017 1681 84057
7012 1202 60123
7008 779 38999
6780 155 7758
7478 24 1210
7001 71 3571
6928 49 2463
6873 11 564
7004 1298 64909
7012 457 22892
7004 819 40973
7020 1282 64124
7017 1068 53414
7017 1584 79203
7014 886 44308
5603 11 580
5518 23 1168
7023 1646 82335
7055 34 1728
7008 815 40786
6334 50 2524
6591 76 3825
6769 61 3088
7020 649 32473
7001 461 23089
7004 1595 79754
6376 24 1213
7003 1022 51132
6234 22 1115
5925 126 6330
7048 167 8379
6304 192 9609
7012 1191 59589
7018 473 23684
5177 42 2114
6959 181 9057
7020 836 41838
6780 155 7758
7054 488 24422
7051 86 4303
6637 44 2250
7014 933 46687
6218 101 5079
7008 436 21850
6959 184 9234
7048 37 1870
7020 495 24788
7018 832 41645
7019 371 18572
7004 619 30969
7018 502 25118
7010 822 41146
7020 357 17861
7004 349 17456
6478 62 3110
6361 32 1643
7021 523 26155
7017 1371 68600
7055 760 38003
7001 71 3556
7012 34 1738
7049 938 46908
6936 14 741
7004 258 12923
5455 13 653
7012 339 16977
6683 118 5946
7020 1782 89105
7020 1933 96699
6430 5 278
7008 934 46729
7026 702 35126
7004 349 17473
7020 221 11074
7023 531 26600
6823 0 17
7021 817 40899
7017 817 40894
7026 470 23527
5093 171 8558
7012 809 40492
7012 1114 55745
6752 131 6574
7010 1698 84918
7019 37 1854
7021 293 14673
7054 1595 79763
5938 40 2007
5769 38 1919
7017 95 4763
6824 28 1433
7012 278 13945
7014 1038 51903
7010 212 10627
6814 1 89
7020 961 48067
7012 1623 81170
7049 1004 50216
6572 177 8891
7017 1124 56207
5527 70 3532
7055 830 41512
7018 746 37342
7017 1124 56207
7012 1114 55736
7026 433 21682
7026 702 35126
5227 35 1771
6829 190 9521
6575 64 3248
7010 1698 84924
7059 80 4021
7017 1171 58567
7022 152 7605
7054 218 10948
6952 4 231
7020 49 2498
6826 34 1742
7021 594 29710
6382 77 3898
6080 147 7379
6444 51 2599
5511 55 2790
7001 1116 55804
7023 1012 50633
7001 71 3571
5929 93 4658
7019 253 12668
6981 88 4424
7049 1200 60025
7010 1036 51809
5011 29 1488
6549 122 6125
7054 105 5282
6923 26 1312
7010 25 1300
6544 343 17191
5512 180 9050
7003 1302 65119
6102 9 477
7003 52 2601
7004 394 19739
7055 264 13231
7014 1282 64118
7023 1607 80369
7054 1190 59528
7584 23 1181
7010 671 33582
7012 841 42092
7011 226 11344
7001 1186 59341
6803 131 6586
5090 88 4411
6653 119 5956
7055 154 7746
7017 1403 70196
7026 470 23528
7017 125 6289
7010 754 37741
7013 103 5162
7017 1373 68697
7054 390 19513
7012 536 26831
7001 447 22393
7018 832 41645
6826 34 1742
7007 84 4201
7020 1620 81007
7017 954 47746
7049 1104 55244
5586 9 474
7014 215 10767
7004 950 47541
7017 1312 65641
7012 82 4106
7011 81 4099
7049 1104 55228
6347 58 2907
7017 692 34615
5337 79 3965
7026 785 39256
7003 887 44362
7001 564 28215
7055 438 21904
7001 71 3592
7334 1 96
6812 97 4860
5177 42 2114
7019 371 18572
7025 158 7937
7020 961 48077
6594 107 5392
6149 147 7366
7126 0 48
7016 185 9271
6871 75 3757
6827 200 10050
6579 18 927
6832 15 776
7017 1036 51827
7004 1509 75463
7023 1730 86520
7010 1219 60984
6828 223 11199
7049 1302 65141
6483 102 5126
7020 1888 94401
5600 57 2883
7327 180 9031
4952 46 2339
7055 154 7725
7012 27 1354
6218 5 268
7049 1687 84374
7021 219 10972
6564 127 6367
5338 15 757
7023 1766 88346
7020 1678 83918
7023 75 3799
7017 410 20502
6080 155 7795
7010 773 38699
7003 389 19466
5774 3 182
7018 875 43784
7001 552 27637
6325 2 101
5005 208 10420
7004 1513 75686
7020 1933 96699
7020 427 21360
7049 1197 59872
6367 34 1712
7023 1646 82312
7047 73 3680
7018 875 43763
6369 50 2508
7014 1139 56974
6339 180 9048
7054 523 26185
5435 6 342
5518 23 1169
7023 1262 63115
6151 13 679
7003 1022 51123
7025 451 22587
7022 2 141
7001 895 44756
7014 292 14645
6533 8 425
6332 66 3302
7014 656 32833
7012 1266 63321
7054 1292 64615
5982 28 1426
7023 1585 79284
6534 48 2419
7049 1749 87456
7018 411 20585
7001 1035 51773
7020 1089 54470
7020 360 18021
7023 1907 95354
6767 5 285
7014 52 2647
6180 12 622
7054 1904 95201
7003 152 7650
7004 1142 57112
7047 73 3665
6507 31 1581
5959 32 1632
7014 1565 78283
7014 1038 51930
5516 48 2429
7020 766 38318
7054 539 26974
7001 205 10253
7498 202 10102
6823 0 17
7054 397 19872
7004 370 18550
5207 74 3721
7014 544 27248
6361 31 1555
7019 261 13071
7008 708 35415
7012 339 16995
5600 149 7452
7011 226 11302
7008 663 33192
7007 90 4537
7020 1464 73210
5961 36 1818
7023 1893 94684
7020 1317 65863
7004 1507 75357
7017 991 49589
6806 23 1186
7020 386 19326
7054 1588 79411
6122 44 2202
7054 783 39189
7003 1022 51132
6956 85 4251
7008 324 16241
7020 1024 51224
7049 1126 56317
7026 745 37253
7020 698 34921
7014 1190 59538
7012 1620 81040
5586 6 320
6059 121 6078
6483 105 5276
7001 411 20560
7023 75 3768
7004 1595 79754
5924 18 910
7023 1149 57477
6382 101 5095
7671 70 3512
7020 1300 65033
7023 1646 82312
6978 13 669
6462 66 3326
7014 632 31618
6468 35 1767
7017 230 11541
7017 273 13675
7003 1030 51530
7001 999 49978
7054 1709 85456
7690 54 2706
5411 194 9741
6855 66 3306
7010 739 36963
5497 26 1343
7017 1329 66465
5516 47 2371
7001 965 48264
7019 381 19059
7001 738 36911
7012 1590 79538
7021 271 13589
7004 934 46726
7023 1148 57449
7003 1590 79548
7049 1508 75438
7054 508 25416
6619 3 156
7020 961 48091
7010 820 41012
7049 722 36105
7006 296 14835
7020 1252 62605
7020 360 18021
7008 1033 51665
6313 15 799
7001 205 10264
6149 147 7366
7008 962 48107
7054 1776 88839
5215 43 2178
7011 118 5921
7010 1662 83144
7006 18 910
6118 135 6761
7020 1781 89088
7013 8 440
7054 639 31990
7004 1326 66330
7014 64 3238
7021 604 30202
6769 61 3088
7021 785 39295
7017 830 41532
7020 1782 89101
7025 365 18276
7018 454 22746
6205 30 1504
7023 607 30385
7017 1160 58032
7013 225 11291
6874 4 211
7020 257 12857
7010 140 7031
6952 4 231
6382 160 8009
7019 37 1851
7001 939 47000
6046 38 1923
7008 1391 69577
6296 3 160
7004 601 30088
7004 950 47512
7004 1499 74978
7017 57 2872
7012 1244 62234
6533 9 473
6664 66 3337
6963 57 2865
6798 162 8139
7014 1467 73376
6873 11 564
7020 1298 64905
7004 1142 57128
4998 44 2230
7021 261 13065
6979 53 2699
7004 79 3970
5387 34 1734
7014 898 44943
7003 970 48513
6798 36 1823
7049 856 42832
7001 997 49857
7017 1036 51802
6375 14 708
7001 674 33739
7012 1246 62328
7022 47 2352
7008 715 35792
7016 184 9214
7049 1749 87484
7004 550 27527
7004 1661 83089
6854 31 1588
7011 264 13229
7017 1506 75327
7003 428 21448
6835 115 5794
6502 44 2207
7023 834 41730
7017 1753 87655
7049 692 34632
7049 1326 66317
7017 970 48504
5566 24 1228
7010 219 10977
7004 950 47541
7017 931 46594
7010 200 10032
6934 177 8866
6231 46 2331
7012 388 19404
7021 261 13065
7017 1753 87663
7021 817 40899
7054 978 48911
7049 1789 89484
7004 1365 68295
7008 540 27027
7012 1722 86110
7012 521 26090
7047 111 5600
5971 118 5902
7019 220 11034
5896 1 96
7023 1054 52747
7025 584 29231
6206 19 973
7020 1933 96697
7018 265 13277
7007 33 1672
7049 689 34460
7059 72 3622
7023 1646 82338
7017 1403 70194
5090 87 4397
7010 1499 74964
6180 12 622
7017 55 2800
7020 1933 96676
7020 956 47805
7008 995 49778
7049 1966 98322
6873 11 564
6353 65 3276
7023 1054 52718
6366 87 4370
6768 46 2345
7018 350 17526
5600 149 7452
7017 1617 80860
7025 261 13088
6149 153 7675
7001 303 15190
7055 760 38003
7049 1980 99015
7019 484 24243
6407 49 2482
6871 73 3667
6893 193 9676
5387 37 1883
7018 871 43598
7017 1269 63477
6457 28 1430
7020 1284 64246
7014 106 5346
7003 1197 59864
7020 1760 88012
6151 32 1645
7025 148 7446
7003 762 38119
5013 208 10416
6382 52 2629
6806 22 1137
4982 86 4312
5013 202 10140
7022 47 2361
7021 594 29710
6752 167 8374
5177 2 119
7003 920 46022
7026 745 37267
7054 1083 54159
7017 1134 56713
7003 1427 71381
6829 192 9646
5454 78 3904
7049 143 7169
7017 1373 68697
7012 87 4352
5511 54 2723
7048 28 1441
5385 193 9679
7017 1693 84655
7020 641 32070
7012 893 44691
7016 283 14171
7054 778 38927
7018 454 22746
7014 253 12683
7026 158 7924
7054 1912 95633
7003 1 54
5084 54 2724
7023 1607 80369
6928 41 2052
5511 55 2787
6340 63 3182
6823 7 371
7004 550 27527
6923 40 2021
5435 6 342
7010 671 33582
5915 87 4360
7008 337 16871
7049 1344 67227
7054 235 11759
7049 1197 59900
5013 208 10416
7023 1012 50620
7017 1068 53449
5959 32 1616
7047 88 4448
5177 40 2023
7013 103 5162
7010 1571 78570
5585 54 2702
7026 109 5470
6761 40 2035
7020 280 14046
7022 223 11178
7014 686 34303
7054 255 12769
7020 1091 54594
7012 489 24451
7006 610 30526
7012 1162 58108
7004 1719 85980
7017 1753 87655
7012 1435 71791
7003 60 3050
7020 650 32524
7004 1073 53676
7017 1753 87655
7055 391 19582
7010 1195 59773
5089 42 2104
7017 1753 87655
7014 979 48960
6653 123 6194
6366 85 4269
7012 1246 62328
7011 274 13723
5459 23 1155
7004 1135 56758
7014 291 14586
7012 82 4122
5433 26 1329
7021 352 17603
7010 1571 78567
7006 210 10503
6981 92 4602
7049 956 47821
5625 203 10193
7012 240 12032
7054 1776 88821
6827 191 9578
7049 542 27127
7011 154 7708
6347 0 29
6483 107 5355
6619 3 156
6978 12 629
7020 1338 66932
7017 1515 75773
7012 527 26360
7014 979 48960
7008 1303 65199
7049 938 46941
5093 148 7420
7018 871 43584
7010 1036 51849
7049 1392 69634
6803 9 454
7023 1895 94788
6551 155 7781
7004 950 47512
7020 637 31853
6425 24 1233
5618 18 933
7055 167 8351
7054 1001 50086
6445 3 181
7021 293 14682
7012 63 3175
7004 1509 75486
7054 1588 79449
6154 11 584
7054 1306 65337
7014 1653 82689
7014 1517 75893
7018 875 43784
6752 161 8077
7018 265 13271
7004 619 30955
7004 1479 73984
7014 1176 58823
7017 57 2886
7010 1193 59700
7020 649 32454
7012 1143 57170
5511 22 1144
6376 64 3239
6564 125 6274
7055 830 41524
6778 27 1377
7003 286 14347
7020 1614 80709
7014 1473 73678
7054 711 35579
7003 1269 63486
6747 5 282
7008 337 16872
7008 934 46743
7023 1483 74185
7018 851 42584
7020 476 23832
7004 466 23330
7018 292 14636
7004 930 46502
7049 1632 81636
7008 829 41460
6023 28 1424
7004 1326 66330
7017 1036 51836
7023 1071 53578
7563 21 1059
7054 25 1299
7020 766 38318
5433 71 3578
7055 460 23012
7012 557 27893
7001 997 49868
6823 7 371
7012 893 44693
7004 79 3979
6493 107 5361
5528 17 889
7017 1506 75327
6956 239 11962
6339 174 8749
7049 236 11801
6153 38 1908
7003 1297 64891
7054 298 14938
7004 554 27720
6780 155 7776
5455 13 653
7023 1734 86735
7054 1912 95614
7049 1687 84374
7023 123 6164
7004 248 12415
7019 345 17271
6379 68 3441
7008 1245 62266
7023 1646 82335
7006 296 14835
7001 848 42423
7017 1329 66489
7011 81 4099
6363 7 360
5268 10 549
7008 337 16872
7014 185 9257
7026 331 16568
6812 97 4860
6206 16 848
6915 173 8683
6606 40 2004
6369 54 2746
7021 172 8635
7054 508 25423
7012 1324 66232
6855 110 5519
7017 1395 69752
6806 23 1187
7023 14 736
7018 682 34146
6218 4 244
7054 111 5577
7023 1585 79256
7004 1135 56782
7008 337 16872
6506 67 3398
7026 668 33417
7004 569 28461
6778 30 1509
7049 901 45073
7026 578 28923
7017 55 2798
7007 31 1561
6835 112 5635
7023 824 41247
7017 160 8020
7054 1083 54199
6980 191 9587
7006 138 6904
5337 117 5870
7049 692 34632
7014 291 14589
6975 179 8965
7008 884 44225
7008 1391 69588
7012 339 16991
7026 668 33417
6369 54 2746
6246 18 926
6611 47 2374
7026 355 17787
6092 63 3159
7020 1490 74513
6530 6 340
7003 231 11580
7003 1197 59865
6149 153 7675
6936 14 741
6795 0 35
7021 221 11051
7054 523 26180
7020 961 48091
7008 1245 62266
7023 1122 56140
6154 10 535
7003 1224 61233
7017 23 1183
7020 1949 97482
6544 344 17217
7012 388 19404
5941 2 149
7017 376 18826
7020 1464 73207
7049 174 8720
7004 1279 63998
7020 49 2454
5412 31 1558
7020 1284 64237
7004 619 30955
7001 37 1855
7017 1171 58562
6339 175 8773
7054 1327 66396
7023 239 11980
7023 1262 63137
7018 719 35969
7049 174 8712
7020 49 2465
7054 2018 100929
7010 1244 62227
7023 213 10692
6487 160 8005
6115 15 778
7019 7 392
7020 1252 62636
7023 531 26600
7023 1729 86486
6871 64 3221
6835 116 5839
7021 377 18889
7018 332 16611
5387 34 1734
7004 349 17489
6824 66 3346
6780 152 7608
7010 1193 59668
7010 1443 72191
6423 80 4009
7049 818 40916
7026 238 11928
7054 345 17252
7018 15 757
7048 142 7134
7020 1137 56876
7020 221 11051
7008 1391 69577
7013 150 7537
6375 14 708
6605 95 4783
7054 1503 75174
7049 628 31437
7054 1001 50093
7021 645 32271
5986 29 1476
7008 324 16241
7020 386 19335
5896 34 1711
7334 3 193
7018 682 34116
6893 198 9907
7054 1800 90043
7014 1603 80187
7049 1925 96282
6551 152 7627
7003 152 7602
6332 66 3302
6942 22 1141
7025 148 7431
7012 87 4361
7049 956 47839
7022 222 11140
7012 1244 62213
5617 62 3113
7022 47 2391
7003 171 8567
7004 930 46527
6304 104 5215
7049 1820 91019
6664 208 10421
7014 1176 58812
7055 756 37827
7023 1646 82312
7054 1501 75057
7001 411 20560
7019 541 27081
5925 3 171
7003 267 13394
7014 922 46149
7019 251 12583
6230 98 4931
7017 57 2863
7026 470 23527
7020 1383 69198
5031 72 3617
6814 1 89
7025 201 10058
7021 171 8576
7004 1479 73975
7023 1071 53554
7012 762 38137
6100 69 3461
6354 89 4469
7017 1753 87655
7004 871 43578
7010 1746 87326
7492 20 1026
7055 760 38008
7014 679 33952
6572 183 9177
6139 11 552
7004 882 44141
7004 882 44103
7054 1501 75083
7012 1143 57180
6553 139 6968
7018 357 17864
7012 731 36581
7020 1678 83918
7010 198 9918
7049 1432 71621
6098 52 2620
7023 1730 86517
7021 297 14862
7021 377 18855
7010 1219 60984
7018 292 14636
7023 479 23952
7046 4 201
7055 504 25230
7054 1823 91192
6953 143 7183
7010 136 6843
6347 51 2559
7008 472 23627
7054 1015 50776
5099 18 912
7014 1190 59502
7054 25 1281
7014 361 18097
6154 7 390
6969 198 9925
7008 1245 62286
7010 946 47326
7003 1269 63492
7004 258 12903
7008 337 16883
7022 3 175
5914 99 4967
7054 1503 75186
7012 343 17184
7008 829 41458
7049 542 27124
7049 1326 66342
7018 586 29347
7049 1104 55228
7017 1068 53443
7010 136 6843
7018 920 46002
6506 70 3532
7014 1603 80200
5924 10 538
7054 1053 52682
7001 688 34449
7001 155 7783
7017 1312 65641
7054 1301 65051
7013 110 5503
7021 674 33704
7020 1282 64111
6553 142 7113
7017 271 13577
7054 1292 64613
7012 154 7710
7055 764 38219
6671 24 1245
6928 50 2517
7014 1282 64104
7001 997 49874
7004 349 17481
7017 983 49192
6600 9 486
7017 1519 75997
6118 134 6711
6893 194 9706
7014 686 34328
6483 105 5278
7013 103 5161
7022 47 2361
6756 89 4494
7001 688 34450
7023 607 30391
6806 29 1480
7014 106 5337
5396 8 417
7016 0 24
7003 60 3050
7012 1300 65035
7010 705 35252
6752 167 8374
7054 1770 88513
6180 1 85
7016 123 6184
7022 3 153
7003 231 11575
6599 108 5450
7020 59 2951
6778 27 1377
7018 357 17864
6829 192 9613
7049 174 8749
7055 756 37807
7017 271 13565
7020 957 47889
7023 1907 95369
7054 1823 91199
6642 59 2953
7055 660 33036
7004 554 27711
7017 509 25484
5961 36 1849
7012 330 16529
7012 597 29858
7020 546 27304
7020 961 48067
6928 41 2052
7014 1397 69889
7055 779 38981
7012 1143 57180
7020 1455 72792
6217 18 925
7049 1980 99015
7022 47 2361
7020 1455 72792
6956 233 11691
7014 185 9279
7008 540 27001
7003 1110 55516
6110 30 1506
7010 1145 57299
7012 515 25782
6533 10 503
5412 31 1558
7023 1445 72293
7047 119 5970
7049 463 23189
5090 22 1106
7049 1753 87670
7053 48 2436
7049 203 10172
7012 1458 72939
7018 980 49011
7003 436 21842
7017 1287 64364
7012 597 29889
7004 258 12936
6952 44 2229
7003 639 31955
7004 1242 62149
5386 58 2908
7014 898 44910
6366 87 4370
7008 1353 67698
6874 88 4441
6376 33 1681
7049 1925 96265
6874 9 472
7020 766 38302
7019 253 12668
7020 1949 97461
7054 515 25778
7017 55 2800
7054 1707 85368
7021 737 36898
5588 165 8299
7014 996 49815
7054 105 5290
7003 1269 63496
6579 18 927
5013 208 10437
6356 127 6389
7022 253 12684
7014 874 43711
7026 855 42752
7023 1012 50620
7010 773 38654
7021 785 39281
7019 563 28158
7004 329 16478
7014 874 43705
5584 19 982
7023 676 33803
7020 280 14042
6423 89 4469
7003 896 44839
5909 25 1255
7014 996 49815
7021 504 25205
7010 923 46179
6115 19 974
7004 988 49401
4992 89 4458
7020 917 45888
5436 51 2594
7004 1595 79781
7055 830 41529
5433 26 1329
5518 23 1169
7020 159 7989
6100 78 3919
7026 331 16588
7006 296 14846
7004 258 12923
7003 1417 70882
7054 581 29060
7055 438 21904
7018 790 39501
6789 32 1609
6803 19 988
7054 105 5290
7020 1158 57916
7055 318 15943
7012 1499 74952
7016 22 1150
6366 85 4269
7003 152 7606
7054 1912 95614
7025 274 13704
7003 1417 70896
7003 322 16123
7023 1734 86701
7014 1603 80187
7055 826 41343
6642 61 3092
7049 1416 70835
7021 171 8586
7046 103 5159
6874 88 4441
6946 63 3156
7004 988 49401
6517 34 1715
7003 472 23604
7026 109 5480
7026 558 27902
7054 1588 79435
6767 5 284
7012 731 36557
6101 41 2076
7004 554 27720
7021 269 13480
5437 135 6760
6115 39 1979
5452 11 570
6544 345 17280
6353 69 3463
7013 133 6699
7004 303 15167
7049 1498 74915
7017 1156 57809
6829 188 9442
6620 52 2645
6080 147 7379
7054 515 25783
7020 965 48289
7008 261 13061
7003 1417 70882
6285 133 6662
7008 543 27169
7023 1730 86517
7012 1244 62205
6369 54 2746
6548 42 2118
7049 824 41202
7001 181 9094
7020 1091 54592
6211 180 9020
7020 1943 97151
7021 242 12145
5953 6 327
6376 13 687
6420 68 3436
6388 1 87
4978 37 1864
7003 436 21803
7014 1397 69899
7001 74 3702
7003 774 38740
5909 25 1255
7017 862 43146
7010 1662 83144
7054 550 27517
7018 980 49011
6880 20 1045
5226 26 1311
5511 56 2848
6835 116 5839
7017 991 49557
7008 779 38981
7054 778 38943
7016 85 4274
7047 15 796
7017 1693 84673
7010 812 40608
7017 1323 66156
6928 50 2541
7054 105 5282
7021 191 9566
7020 1429 71492
7004 370 18526
7010 812 40619
5588 169 8477
7047 111 5588
7001 827 41362
7054 1650 82505
5215 45 2259
7023 689 34472
7014 558 27936
7054 2013 100664
6564 125 6274
6296 3 181
7014 115 5795
7025 311 15551
7004 1365 68282
7003 472 23619
7006 7 392
6564 127 6367
7018 670 33525
7021 191 9568
7055 167 8353
6946 6 328
7006 610 30526
7054 25 1299
7020 1298 64905
5516 48 2450
7003 1224 61237
6974 18 914
7008 667 33361
6776 1 54
7026 433 21697
7012 1264 63209
7021 674 33704
7017 1463 73180
6551 12 639
6100 78 3919
7049 856 42832
7016 184 9249
7021 573 28680
7011 118 5942
7020 476 23802
7001 37 1863
6928 50 2517
7054 1292 64633
7001 74 3749
7012 34 1706
4952 46 2339
5600 54 2722
7020 257 12866
7020 965 48296
7004 349 17473
7023 613 30658
6420 65 3299
7016 3 198
6502 43 2188
6026 52 2603
7001 456 22828
7008 298 14911
7012 796 39818
5436 57 2865
7017 1269 63469
5108 23 1187
7623 11 551
7025 584 29243
7026 520 26041
5164 74 3709
7018 875 43773
6149 147 7366
7019 251 12554
6493 4 215
7022 222 11107
6058 168 8428
5588 162 8119
7001 461 23089
7023 1607 80361
7014 898 44911
7001 361 18054
5002 13 692
7049 1302 65146
7017 1693 84686
7049 476 23808
6697 21 1092
7012 842 42108
7011 118 5941
7017 424 21207
7016 3 175
7020 1040 52012
7007 17 872
6100 137 6874
7049 174 8712
7008 94 4749
7019 251 12593
6334 62 3124
7055 779 38981
7020 325 16253
7004 1647 82362
7004 1720 86048
7001 507 25379
5089 42 2104
7012 731 36581
7018 887 44382
7054 647 32393
7055 660 33016
6379 69 3463
7012 813 40695
7014 1730 86543
7011 74 3727
7001 74 3718
7006 359 17974
7008 1334 66728
7010 1443 72151
5177 40 2023
7049 463 23189
7014 426 21345
7006 11 587
7014 996 49813
7021 352 17603
7055 59 2961
5337 138 6921
7019 328 16450
7012 1458 72939
7021 271 13581
7004 447 22391
6768 46 2345
6874 88 4441
7017 376 18834
7008 1245 62266
6118 135 6761
6874 1 66
7004 447 22355
7017 1530 76526
7049 2005 100281
6642 56 2836
7018 875 43784
7021 261 13065
5497 24 1217
6483 103 5194
7010 1499 74966
7049 1326 66349
7018 875 43784
6917 116 5809
7001 848 42440
6901 16 839
5985 188 9409
7001 939 46985
7049 1789 89484
6642 55 2790
7006 296 14846
7008 531 26579
7014 874 43711
7001 303 15171
7017 1371 68564
7023 1585 79298
7003 1110 55504
7054 1211 60568
7054 397 19872
7001 997 49874
7018 920 46002
7049 1197 59897
6835 117 5864
7054 427 21381
6564 127 6358
7023 1164 58206
7019 98 4909
6989 187 9352
5226 31 1565
6407 180 9041
7020 817 40877
5589 88 4443
7008 1356 67817
7018 586 29324
6955 64 3218
7010 1148 57423
7049 1697 84857
7010 812 40642
7054 1800 90043
6382 48 2422
7008 884 44225
7055 264 13226
7001 411 20574
7004 1071 53585
7003 231 11556
7021 212 10635
7004 248 12433
5584 13 659
7003 267 13380
7014 50 2544
7020 1298 64924
7001 552 27637
7001 895 44798
7026 386 19305
7012 1590 79525
5474 47 2367
5177 42 2109
7004 349 17456
7017 1601 80089
7017 57 2862
6829 197 9881
6572 187 9378
7008 667 33355
6304 99 4993
7014 979 48960
7049 1830 91549
7004 1142 57128
6304 101 5059
6955 129 6486
7049 616 30842
5982 28 1424
7054 488 24444
7026 331 16581
6928 47 2361
7020 257 12866
5516 46 2335
7018 454 22746
7017 1752 87650
6493 37 1887
7020 280 14046
7054 1053 52700
7010 1550 77527
6980 191 9587
6423 81 4052
7018 890 44541
6457 128 6421
6296 2 139
7049 1482 74125
6637 44 2250
7003 414 20731
7014 544 27248
5585 53 2699
5600 52 2624
5370 108 5417
5268 10 519
6795 2 114
7021 454 22719
7054 390 19541
6425 28 1446
6507 199 9952
6928 50 2541
5127 33 1668
7054 1020 51027
6154 12 629
5452 18 919
7020 1541 77080
6354 83 4180
7022 3 175
7049 143 7169
7017 282 14134
5915 90 4509
6642 57 2855
7020 817 40859
5437 135 6760
7008 820 41044
7522 19 953
7017 1269 63469
7003 1427 71399
7012 274 13709
6534 44 2205
7004 79 3970
6376 66 3349
7026 594 29716
7004 1585 79292
5338 14 722
7004 1598 79907
7012 1361 68065
7054 515 25792
6340 59 2975
7020 1470 73515
7012 1324 66203
7017 1287 64385
6591 80 4050
7003 436 21842
7055 391 19564
7017 125 6278
6425 25 1292
7020 384 19224
7008 120 6001
7003 1197 59882
7008 337 16872
6026 49 2497
7004 1695 84778
7020 476 23830
6826 35 1798
7004 934 46709
7054 515 25761
7020 1455 72792
7023 848 42405
7010 812 40648
5179 100 5018
7010 1635 81783
7026 355 17753
7054 1709 85469
7019 7 392
6478 63 3173
7012 731 36585
7020 546 27304
7008 955 47791
7023 345 17297
7007 81 4095
7004 1686 84309
7023 1262 63140
6985 33 1698
7017 67 3396
6149 147 7366
6837 58 2948
7010 397 19889
7023 823 41173
7049 1925 96289
7012 1653 82699
7008 493 24681
7023 937 46893
6553 138 6905
7017 1617 80894
7014 996 49846
6423 81 4081
6923 40 2022
5600 54 2722
7049 901 45091
6752 226 11301
6141 17 891
7021 352 17636
7004 890 44507
5925 9 459
7055 436 21833
7010 57 2870
7012 487 24399
7010 397 19862
5474 47 2368
7022 47 2387
6021 194 9732
7025 148 7446
5576 54 2725
5089 42 2104
7054 1330 66531
7049 956 47839
7014 1236 61812
6100 78 3919
7001 848 42423
6835 117 5864
7055 760 38032
7022 13 669
7003 1475 73762
6664 207 10396
6789 28 1421
7054 1327 66396
7049 844 42250
7012 597 29889
7004 1598 79942
7001 759 37999
7017 1681 84065
5896 7 385
7017 1506 75340
6591 77 3861
7012 1499 74956
6070 108 5425
6942 28 1437
7049 1416 70835
7017 817 40871
7019 251 12593
7012 63 3195
7019 573 28654
7018 416 20813
7049 844 42208
6850 47 2374
6946 60 3044
5164 74 3709
6832 15 776
7049 628 31432
6312 123 6182
6990 11 595
7008 91 4592
7055 326 16320
7026 470 23528
5985 188 9409
7017 1512 75616
7010 397 19889
7012 63 3175
6975 172 8640
6803 4 226
7023 1607 80380
6964 43 2193
7026 470 23528
7004 1647 82379
6619 3 156
5013 209 10470
7004 1598 79907
6826 32 1610
7049 1796 89835
6445 3 181
6529 58 2909
6946 8 404
7014 1517 75875
7004 1242 62143
6832 13 657
7014 898 44947
7010 812 40608
5387 37 1883
7010 1378 68926
7047 30 1506
6579 39 1963
6151 17 855
7021 93 4658
7017 1752 87619
6148 50 2520
7004 1479 73961
7055 660 33037
7021 604 30204
6946 34 1723
7022 13 678
7054 1770 88516
6533 9 473
7021 219 10972
7023 1639 81982
5184 43 2169
6959 36 1832
6311 18 913
7020 674 33702
7018 670 33517
7020 495 24788
7004 1507 75357
6564 127 6358
7051 20 1010
7020 673 33657
7026 520 26041
7012 949 47495
6947 45 2294
7054 1904 95237
5370 108 5417
7017 271 13565
6606 43 2166
7012 274 13736
7055 268 13401
6304 100 5039
7012 1653 82699
7012 669 33496
7023 1646 82338
7690 48 2450
6098 137 6900
7010 822 41103
6544 341 17098
7014 739 36980
7054 390 19513
5924 10 539
7018 875 43798
7054 1306 65322
7004 248 12433
7054 1211 60587
6664 208 10436
7023 1730 86545
7018 875 43784
7012 1162 58118
6955 64 3218
7020 674 33706
7003 1236 61802
6489 108 5442
7023 1328 66446
7020 1620 81019
6298 191 9588
7010 1662 83126
6823 9 463
6752 147 7396
7003 231 11575
7016 22 1150
7095 16 805
7004 930 46539
7003 617 30893
6946 60 3044
7020 937 46855
7010 671 33576
7017 1530 76525
5002 20 1050
7004 1598 79926
7001 997 49857
7023 676 33803
6778 32 1647
7055 164 8204
5600 149 7452
7022 47 2363
5985 104 5234
7054 398 19929
5909 24 1220
7054 345 17263
6594 110 5518
7026 433 21678
6369 50 2508
7006 241 12072
7003 706 35330
7008 715 35766
7017 1519 75966
7011 81 4099
7010 204 10218
7018 586 29334
7017 1682 84145
7003 358 17924
7020 1949 97478
6930 30 1548
6946 2 126
7018 966 48336
7020 1172 58629
6928 50 2517
7023 1120 56016
7003 1417 70881
5214 59 2975
7020 1943 97151
7014 1282 64130
7020 1429 71457
7625 111 5588
5478 50 2546
6115 12 609
7006 210 10503
7003 1590 79532
6483 105 5276
7003 1475 73789
7026 355 17753
7054 1746 87323
7020 360 18036
6932 231 11563
7625 111 5588
7020 495 24792
7001 759 37982
5326 133 6680
7003 152 7602
7020 1006 50330
7016 283 14171
7003 143 7175
7054 398 19950
7023 1328 66440
6803 131 6586
7017 1519 75985
7017 1693 84684
7019 160 8014
7020 402 20132
7019 102 5118
7018 332 16611
7017 55 2798
7018 890 44528
6534 47 2366
7054 1659 82954
6826 38 1911
5625 205 10281
7004 516 25807
7006 368 18436
6837 53 2655
7004 447 22360
7018 887 44382
7004 248 12415
7011 288 14434
7023 1893 94664
7059 72 3622
7055 59 2970
5508 21 1054
7020 633 31679
7020 476 23816
7055 780 39001
6382 103 5152
7014 511 25575
6296 5 268
6572 185 9269
6594 110 5537
7026 855 42797
6423 89 4469
7134 15 758
7023 1716 85830
6990 7 384
6506 67 3398
7014 679 33957
7012 813 40653
6356 127 6389
7112 29 1500
7013 150 7519
7003 1022 51126
7001 155 7797
7016 185 9269
6423 81 4052
7023 14 731
6826 35 1767
7020 1016 50819
6118 133 6688
7003 706 35330
7012 1191 59574
7054 1327 66357
7055 760 38026
7003 1297 64859
6873 10 520
7014 1282 64118
7049 157 7894
7004 1585 79292
7054 1943 97156
6946 6 328
6823 8 447
7017 125 6275
6281 98 4923
7025 201 10058
7003 1 55
6789 28 1414
7014 1282 64130
5136 18 945
7020 1137 56863
6076 30 1516
7021 233 11664
5953 3 157
7049 173 8697
7049 1200 60025
7049 1278 63922
7008 567 28377
7012 595 29772
7054 523 26180
7020 961 48091
7049 1325 66274
7010 722 36116
7010 1662 83144
7003 1110 55511
7004 349 17500
6928 41 2052
7017 1208 60403
7010 1148 57425
5433 83 4172
6800 47 2370
7740 30 1523
7054 1776 88839
7054 815 40772
7006 11 554
6783 68 3446
7017 772 38601
6873 10 520
6773 31 1582
6296 0 45
7010 219 10958
6145 17 864
7012 1376 68818
7006 296 14846
6334 62 3124
6695 42 2118
7025 584 29225
7017 1371 68567
7012 669 33496
5774 83 4157
7008 1334 66728
6765 27 1393
7019 160 8036
7049 1104 55239
7055 337 16869
6506 74 3742
7004 1695 84789
7023 213 10692
7023 213 10692
7019 412 20605
6978 16 846
7017 1512 75624
7054 111 5577
7047 30 1501
7055 826 41332
7001 146 7306
7054 112 5626
6989 187 9352
5385 113 5660
6298 53 2681
7008 779 38999
7021 55 2795
6304 100 5002
7010 212 10643
7003 389 19492
7026 558 27902
7018 871 43592
7018 871 43590
6205 25 1262
7054 105 5282
6530 3 183
6837 101 5088
7014 1730 86516
7017 954 47739
7574 110 5547
7049 259 12974
7017 1512 75634
7023 333 16663
7054 1211 60568
6110 30 1506
7017 862 43143
7004 903 45174
6906 32 1643
6647 114 5737
7017 1753 87663
7016 123 6167
7012 1162 58112
7014 697 34863
5777 33 1656
6549 120 6026
7003 267 13353
6837 52 2644
7026 158 7907
5511 51 2564
7049 157 7863
7017 1512 75634
7017 1134 56713
6021 123 6159
6534 44 2222
7012 731 36581
7023 6 310
7004 79 3970
6023 28 1424
7023 518 25933
7055 326 16326
7004 1598 79942
5090 82 4144
6347 51 2559
7026 558 27918
7004 258 12916
5896 8 419
7012 308 15402
7017 1635 81754
5237 59 2994
7049 1344 67208
5268 0 32
7003 143 7184
7001 205 10284
5031 78 3920
7018 746 37339
7139 51 2575
7004 147 7393
4952 47 2392
7010 509 25498
6942 21 1051
7004 466 23333
6975 172 8640
7008 1353 67677
6350 81 4070
7012 1314 65727
7020 1249 62456
7014 296 14818
7003 1443 72171
6154 11 559
5909 24 1220
6761 40 2035
7014 996 49820
6493 38 1948
6004 161 8074
6837 50 2516
7001 37 1863
7026 558 27912
7059 71 3581
7012 731 36585
5060 64 3224
7010 1443 72151
6928 41 2052
7023 1122 56140
7434 83 4195
6350 78 3930
7012 1590 79504
5071 61 3088
7023 1734 86723
7010 1195 59795
7020 1024 51227
7017 817 40864
6969 198 9917
7017 662 33122
7054 1982 99136
6835 118 5936
7023 1646 82335
7085 65 3252
6493 4 215
7017 1512 75634
6145 17 864
7007 17 871
7020 847 42380
7017 1512 75616
7001 650 32542
6304 193 9659
7003 389 19466
7490 9 480
6953 142 7123
5268 5 289
7006 475 23766
6468 39 1979
7003 1197 59865
7003 1691 84584
7563 21 1059
7001 1183 59158
6783 72 3645
7001 507 25362
5183 24 1206
7023 1658 82915
6803 111 5593
7010 200 10032
6440 37 1894
7010 773 38654
7004 1661 83072
7017 164 8215
7049 143 7162
7020 1399 70000
5564 5 269
7017 1036 51836
7003 358 17923
7023 1734 86720
7003 1711 85558
6922 223 11179
7014 933 46662
6347 19 977
7017 1506 75307
7004 104 5241
7020 476 23816
7054 1020 51045
7020 1338 66919
7023 518 25941
7019 251 12554
7008 651 32597
7017 1682 84145
7054 539 26973
7023 1907 95366
7001 507 25373
7055 751 37551
7012 278 13945
5207 84 4210
5411 156 7817
7010 946 47326
7004 1142 57128
7020 1225 61256
7010 720 36041
5136 3 157
5183 24 1206
7012 274 13709
7054 1912 95633
6493 4 245
6101 40 2009
6752 147 7383
6687 178 8918
6783 104 5250
7001 211 10588
6092 118 5950
7017 683 34153
7003 174 8703
7408 20 1015
5214 55 2786
7003 920 46018
7012 87 4383
7001 997 49857
7021 148 7450
7055 59 2993
7013 225 11268
6100 81 4083
6564 127 6358
5176 5 271
7054 1823 91199
7008 835 41775
7020 1006 50330
7006 475 23766
6901 2 141
7020 3 183
7001 71 3592
7008 337 16887
6353 67 3396
6826 35 1781
7012 610 30517
6606 22 1119
5769 46 2301
7054 433 21654
7022 50 2509
7017 1036 51827
7001 104 5237
6423 8 415
7055 760 38032
7023 1607 80361
7003 639 31960
6806 23 1187
7001 155 7779
6605 53 2677
7003 428 21404
7014 318 15923
6076 156 7820
6874 85 4254
7054 1306 65316
5061 77 3895
6220 44 2236
7049 1302 65121
7001 999 49978
7003 762 38135
7017 954 47711
7003 358 17924
7014 1176 58812
7010 1195 59795
7055 154 7725
7018 265 13268
7049 1830 91514
7012 1324 66203
7018 869 43456
7049 1104 55239
7012 1143 57170
7014 739 36970
7001 115 5761
5982 28 1426
7004 57 2853
5511 54 2723
7001 507 25396
7020 74 3703
6507 199 9952
6798 162 8139
6457 128 6421
6160 65 3256
7017 1068 53449
7010 773 38699
7017 1156 57822
6761 41 2080
6100 170 8514
7003 617 30863
5071 57 2898
7020 1913 95675
7026 470 23548
7021 454 22719
6382 102 5121
5929 92 4618
7026 648 32404
6829 192 9646
7012 594 29740
7010 722 36109
6423 81 4081
6350 81 4054
7008 567 28361
6572 185 9271
7014 1176 58823
7012 330 16536
7017 1371 68600
5511 55 2787
7017 1530 76525
7008 884 44225
6934 176 8817
6534 42 2113
7054 1588 79409
7003 1543 77151
7026 32 1640
6973 146 7343
7003 56 2825
7054 1982 99142
7014 115 5784
7020 374 18744
7059 41 2096
7004 1585 79288
7018 920 46016
7054 515 25778
7004 882 44103
7055 391 19582
7049 973 48651
7019 7 374
7054 578 28927
7018 698 34940
6761 44 2220
7014 259 12963
7012 1143 57170
7054 111 5567
7022 47 2352
5435 5 256
7055 261 13079
7023 1658 82937
7054 390 19513
5897 38 1920
7054 539 26990
5268 0 32
7020 766 38302
7019 381 19100
7049 689 34496
7001 946 47317
6969 198 9917
7644 222 11129
7021 333 16677
7001 447 22358
6752 121 6074
6118 137 6891
6462 69 3458
5459 59 2954
7054 398 19929
7017 1040 52016
7012 1162 58134
5576 56 2815
7008 779 38999
6806 37 1886
6803 114 5747
7049 1482 74122
6826 38 1911
7004 1720 86005
7023 1262 63149
6176 154 7741
6115 19 974
6989 117 5892
6407 164 8247
7558 20 1002
6985 34 1703
7023 691 34590
5896 36 1843
7017 164 8215
7018 265 13277
7018 875 43773
7054 578 28927
7008 779 38981
6981 87 4400
6070 82 4134
7004 558 27912
7012 489 24477
7054 488 24431
7055 751 37581
6374 28 1402
7017 1395 69752
7012 274 13709
5588 157 7898
7004 1595 79781
7018 817 40885
6953 143 7183
7018 875 43773
7017 1693 84684
7019 7 374
6336 142 7116
7017 970 48504
7014 1517 75881
7023 607 30391
7054 550 27517
7010 204 10235
7004 1020 51020
7026 238 11903
7020 1282 64136
7388 33 1670
7001 738 36923
7003 1443 72195
7023 1734 86719
7055 167 8387
6946 40 2042
6296 3 181
7020 1300 65048
6462 66 3326
7012 312 15610
7049 1697 84884
5516 75 3778
5774 83 4157
7025 305 15276
7025 305 15273
7012 1143 57170
7019 98 4909
7574 110 5547
7023 382 19133
7049 1302 65121
5566 27 1363
7054 900 45009
7008 884 44225
7012 912 45605
7004 378 18946
7017 57 2880
5090 22 1106
7055 780 39007
7019 98 4902
7014 933 46684
7014 52 2615
7023 1646 82338
7020 386 19345
7004 349 17489
7004 890 44520
7016 3 152
7018 682 34127
7054 278 13949
7012 1620 81007
7054 916 45849
7012 1254 62711
7012 1266 63347
7049 1432 71608
5134 36 1825
7025 34 1739
7134 18 902
7020 1137 56863
7010 1698 84918
7008 708 35413
7049 476 23823
6319 149 7456
5268 5 289
7054 1650 82505
7017 1073 53695
7004 1279 63976
5909 24 1220
7049 157 7894
6229 20 1025
7014 1106 55319
7049 1104 55235
7018 135 6789
7004 554 27739
7023 1893 94665
7054 539 26974
7055 438 21930
6611 51 2588
6229 26 1350
5774 87 4397
7004 1073 53673
7008 1125 56293
7023 1148 57449
6803 17 889
7054 550 27517
7023 824 41247
7008 531 26584
6534 48 2420
6906 28 1443
6375 99 4964
6664 57 2884
7020 650 32525
7025 451 22562
7010 754 37741
7021 245 12257
7020 257 12866
7457 206 10342
7020 1325 66299
6100 137 6874
7055 261 13053
7049 692 34622
5497 28 1449
5093 178 8908
7023 1766 88307
7008 955 47777
6752 161 8077
7016 330 16549
6462 72 3639
7008 540 27021
7054 25 1291
6589 72 3609
7021 645 32270
6827 192 9621
5185 1 80
7014 979 48960
7054 1410 70525
7008 955 47777
6946 35 1790
7018 135 6798
7014 1397 69853
7010 57 2878
7014 292 14645
7023 936 46829
6973 146 7343
7004 1326 66319
7049 425 21264
7008 94 4706
7049 1966 98313
5947 100 5049
6880 20 1046
5436 56 2850
6160 65 3256
7020 149 7469
7020 674 33706
