7014 988 49419
7049 504 25242
7014 1319 65984
7025 131 6584
7055 356 17847
7010 620 31003
7021 26 1346
7054 914 45713
7023 237 11866
7008 313 15700
7054 544 27234
6593 4 240
7008 281 14080
6219 107 5373
7018 956 47832
7003 818 40923
7400 27 1372
6562 42 2130
7026 450 22509
7021 186 9308
6490 123 6178
7004 128 6424
6916 71 3594
7017 703 35171
7001 62 3111
7055 210 10533
5353 13 662
7049 611 30565
5005 161 8093
7012 968 48401
7017 170 8513
7025 115 5791
7004 167 8367
5782 134 6745
7054 182 9120
7054 571 28568
7003 512 25636
7026 488 24425
7055 706 35317
7003 1609 80480
6921 9 475
6286 4 240
7565 4 234
6916 125 6280
4999 84 4240
7010 286 14324
7001 979 48976
7010 1028 51431
7014 973 48660
7004 1243 62166
6230 36 1823
7018 81 4077
7049 759 37986
7012 433 21682
7054 1444 72229
7049 1720 86021
7023 965 48299
7006 231 11584
7012 158 7931
7012 1567 78398
7003 226 11348
6286 4 203
7021 457 22885
7054 1097 54894
6600 131 6564
6905 5 264
7010 1285 64283
7014 264 13249
6993 22 1113
7026 869 43466
5911 45 2272
5384 97 4862
7001 147 7396
7008 1288 64445
7016 129 6476
7006 52 2610
7008 309 15461
7003 1272 63625
7021 190 9536
5535 18 926
7008 1342 67135
7055 76 3814
6327 42 2117
7025 481 24076
7049 773 38677
6503 7 371
6797 14 726
7025 523 26181
7014 1368 68424
7023 1134 56716
6529 10 538
6453 53 2669
7049 1695 84752
7023 681 34097
7026 844 42228
6483 20 1022
7054 1243 62165
7008 941 47090
7016 143 7186
7016 102 5126
7006 52 2627
7023 571 28576
6161 20 1042
7020 8 403
6698 95 4779
6147 21 1080
6359 17 856
6410 91 4566
7017 1069 53457
7003 1509 75465
6957 27 1367
7020 731 36566
7012 150 7540
7012 1668 83449
7020 1778 88948
7004 433 21684
7001 61 3066
5440 27 1376
5388 16 841
5169 55 2761
7023 785 39298
7010 1654 82733
6686 43 2175
7055 48 2422
5000 86 4350
7023 754 37716
7006 108 5436
7055 188 9428
7008 313 15657
7020 687 34374
6980 27 1354
7055 411 20579
7012 1651 82557
6336 33 1686
7001 275 13791
7003 792 39602
6999 33 1660
7016 383 19194
7017 130 6527
7048 204 10231
7014 902 45118
7026 523 26197
7107 12 635
7018 619 30972
7054 256 12844
7001 135 6790
5179 141 7077
7012 291 14595
6906 9 461
6406 121 6053
7023 589 29491
7017 1295 64787
6261 27 1379
6563 124 6226
7054 1907 95377
6835 17 875
7020 554 27715
7006 52 2611
7047 76 3846
7054 761 38079
5440 31 1560
7019 387 19377
7012 1445 72290
5920 9 454
7023 596 29833
7003 1287 64359
7055 338 16930
7020 93 4661
7016 176 8812
7022 262 13145
7049 1588 79437
7010 1185 59260
7023 1787 89393
7014 1116 55810
7001 540 27020
6565 134 6723
7012 1181 59064
6609 80 4010
6907 49 2478
6696 42 2117
7054 1341 67082
6192 171 8600
7014 189 9494
7017 357 17884
5386 16 824
7014 74 3722
7008 780 39038
6220 10 549
7023 1601 80053
7017 168 8438
5441 16 849
7049 1821 91055
7020 598 29948
6450 8 418
7026 677 33862
7012 263 13199
7054 408 20411
7010 1166 58327
5093 10 530
7086 8 414
7051 57 2864
6787 8 426
7012 663 33182
6965 9 466
6907 63 3200
6633 17 892
7007 119 5973
7026 500 25039
7008 1413 70698
7001 1083 54188
5412 41 2058
7021 509 25496
7014 962 48107
7014 1344 67208
7014 1280 64048
7049 1399 69960
6425 171 8567
7010 447 22379
5925 140 7049
7023 96 4842
7010 1683 84151
7017 180 9008
7023 680 34012
7001 929 46482
7010 974 48723
7017 1616 80807
7004 1294 64733
7023 473 23675
7023 681 34082
6589 159 7974
7004 585 29266
6284 74 3727
7016 198 9902
7007 7 357
6631 100 5032
7023 1678 83945
7017 829 41493
7001 556 27826
7023 98 4914
7020 153 7691
7023 588 29425
7010 1237 61891
7010 888 44450
6921 8 414
7021 374 18718
7054 485 24270
7021 628 31401
7132 5 262
6076 124 6213
5783 19 957
6937 39 1968
6919 7 394
7017 746 37326
7023 903 45186
5528 7 383
7026 715 35754
7013 100 5044
5418 40 2039
6664 158 7925
6594 70 3540
6647 142 7112
7018 254 12743
5430 20 1008
7004 1708 85438
7008 35 1795
6563 127 6352
6405 12 609
7019 36 1831
7055 332 16627
7003 1452 72613
7004 23 1172
6906 11 572
7054 1618 80936
7001 776 38804
5912 12 608
7017 640 32024
7012 1249 62495
5449 91 4575
6377 11 551
6387 79 3997
6467 48 2439
6881 101 5077
6162 31 1577
5501 22 1122
4957 103 5161
6917 234 11723
7017 15 784
5418 35 1784
7001 131 6567
7018 598 29908
7008 605 30291
7019 276 13819
5187 74 3714
6879 25 1281
7012 874 43717
7006 40 2007
7012 1278 63923
7093 10 544
7008 1273 63671
7016 143 7154
7003 1120 56019
7006 206 10324
6881 101 5077
7014 1022 51126
7049 1308 65443
7003 64 3218
7001 994 49713
7011 191 9597
7018 118 5926
7004 1547 77358
7010 620 31023
7007 78 3946
7010 1502 75113
7004 793 39685
7004 46 2309
7004 218 10938
7011 126 6314
6520 16 815
6689 128 6437
7004 414 20750
5535 17 863
7004 616 30815
6934 212 10614
7008 741 37068
7023 1942 97126
7023 576 28819
7010 943 47179
6957 55 2772
7017 292 14634
7010 1431 71587
7049 1998 99931
7004 1037 51855
7055 445 22269
7008 1468 73407
7054 761 38082
7008 313 15674
7006 387 19396
7017 936 46818
7023 1195 59786
5946 64 3228
7017 528 26449
7020 953 47691
6642 88 4403
7020 51 2577
7018 844 42221
6980 30 1518
7049 875 43767
7054 1160 58005
6687 22 1144
7021 26 1322
7023 54 2728
7644 178 8934
7014 168 8443
7012 840 42032
5894 11 571
6993 18 908
7054 395 19786
7049 1651 82557
7014 786 39319
6656 11 589
7014 541 27051
7046 0 33
7008 844 42216
4999 26 1316
7001 787 39357
7014 841 42057
7006 293 14671
6565 140 7043
6769 135 6789
7003 657 32864
7003 1500 75048
5616 23 1190
6462 13 683
5911 53 2671
7004 346 17305
6078 66 3348
7023 1681 84074
6589 170 8546
7012 761 38076
7020 582 29104
7021 600 30035
7008 941 47083
5179 31 1600
7008 1102 55146
5386 132 6637
7054 741 37056
7019 285 14295
7023 887 44384
7012 992 49605
7017 1612 80613
7006 310 15531
7026 535 26782
7018 868 43417
7023 1379 68978
6563 127 6364
7001 437 21885
7001 713 35657
6478 45 2289
7016 150 7545
6934 50 2522
6885 49 2479
6182 93 4674
7017 650 32550
7048 146 7346
6404 155 7785
7049 1159 57958
7049 1485 74273
7001 660 33024
7049 53 2666
7018 888 44426
6871 141 7091
7019 527 26388
7019 460 23038
7010 1654 82707
7003 385 19255
7049 1651 82557
7012 53 2674
7054 1226 61344
7014 217 10896
7003 8 437
7010 15 797
7026 755 37760
7001 993 49683
7054 1241 62060
4999 73 3669
5437 72 3626
6883 23 1174
7020 1896 94842
7048 74 3725
7023 1678 83921
6028 22 1142
7016 101 5051
6139 37 1871
5449 97 4860
5038 40 2036
7007 86 4340
7017 321 16100
7625 105 5271
6090 103 5182
7023 187 9391
7016 176 8805
7017 1447 72381
6888 74 3731
7054 1221 61074
7049 575 28795
7008 1415 70797
7012 45 2269
5513 10 538
7010 1158 57908
7010 1053 52688
7001 147 7365
7023 174 8731
7020 1667 83353
7012 319 15977
5038 36 1834
7010 410 20541
6980 119 5991
7049 1422 71111
7012 561 28080
7026 535 26758
6912 66 3306
7049 966 48326
7353 33 1694
7010 447 22386
7054 1618 80936
7001 972 48637
7014 610 30514
6148 11 563
7055 204 10202
7055 394 19702
7023 1332 66648
7012 1515 75781
7055 132 6623
7008 1468 73407
6939 54 2712
7006 43 2190
7049 171 8564
7054 411 20578
7003 254 12712
7054 1945 97278
7017 1755 87754
7025 219 10964
7001 394 19701
7004 1731 86578
7014 475 23766
7025 263 13169
7048 204 10211
7017 16 801
6766 121 6057
7141 45 2292
7003 744 37218
7017 717 35863
6776 59 2971
7013 72 3625
7049 359 17985
7017 145 7296
7008 1415 70793
6959 204 10225
7023 1844 92245
7017 1556 77828
7016 58 2906
7004 856 42803
7001 1151 57599
7055 338 16909
7020 790 39545
5462 7 369
5144 13 690
7004 65 3290
7054 1907 95387
7017 203 10175
7054 1139 56998
7014 1280 64018
6917 58 2912
7012 1000 50037
7049 53 2664
7046 84 4238
6639 28 1422
7054 946 47330
7004 856 42836
7055 357 17868
7049 246 12341
6664 99 4966
6631 35 1791
6327 42 2117
7014 371 18600
6853 66 3327
7023 1457 72884
7049 1315 65782
7012 1172 58620
7049 847 42356
7046 98 4907
7017 380 19042
7017 1295 64787
6974 112 5626
7014 54 2736
7018 18 936
7021 814 40750
7023 444 22242
7008 1211 60556
6871 96 4825
5179 183 9169
7014 808 40421
7054 1137 56894
7004 640 32025
5605 95 4776
7004 1526 76307
7054 1563 78166
7055 48 2416
7008 716 35826
7054 1873 93681
7055 55 2768
6684 4 224
7003 1613 80660
7053 41 2076
7017 1557 77877
7014 1576 78821
7054 1220 61042
7018 319 15989
7012 291 14589
7012 366 18333
6967 55 2777
6369 118 5905
7014 1577 78883
6905 90 4518
7019 526 26314
6835 92 4617
7017 1136 56816
7023 1797 89884
7006 8 444
6423 205 10287
7006 615 30766
7054 96 4803
7012 566 28334
7054 1980 99012
7008 1351 67573
7003 792 39629
7004 338 16949
7019 527 26384
7025 549 27456
7046 0 48
7054 485 24299
6159 32 1619
7048 53 2669
7006 597 29860
7003 1010 50520
7010 1117 55898
7020 865 43271
7012 224 11218
7003 48 2435
7054 1744 87215
7023 120 6013
7003 1629 81474
6786 71 3552
6947 34 1712
7006 190 9501
7049 1859 92981
7010 1237 61891
7008 445 22300
7023 561 28058
7010 552 27612
7019 221 11072
6827 61 3072
6379 172 8637
7012 263 13193
6811 47 2357
7016 198 9913
7048 185 9284
7019 59 2967
7010 670 33522
7006 335 16770
7012 765 38287
7012 579 28986
7023 572 28628
7023 668 33405
5182 13 655
6769 109 5464
7049 1776 88827
5092 168 8441
6629 14 713
7023 711 35586
6235 4 220
7008 497 24864
7018 627 31365
7020 276 13836
7086 28 1413
7055 514 25746
6529 10 533
6043 141 7059
7048 9 478
7019 434 21715
7017 130 6509
7008 1342 67110
7021 14 727
7018 868 43425
7021 580 29012
7054 1591 79565
7054 1731 86585
7023 1601 80063
7001 651 32584
6195 33 1674
7012 1363 68200
7020 996 49828
6871 97 4889
6098 161 8054
7018 4 216
7016 58 2901
7054 1737 86875
7017 1210 60529
7008 1440 72042
7014 1159 57999
6206 127 6378
7020 1209 60476
7018 331 16560
6952 57 2891
7017 1037 51870
7004 556 27817
6594 102 5144
7020 594 29740
7014 324 16234
6453 50 2535
7020 1495 74754
7010 519 25957
5382 24 1235
7003 1509 75492
7018 264 13223
7012 737 36893
7023 588 29424
7047 72 3646
5361 29 1455
6494 81 4058
6683 155 7757
7012 1567 78381
7054 292 14616
7003 992 49640
7017 1401 70065
7012 765 38258
7026 442 22150
7049 974 48701
7742 236 11813
7012 840 42026
7020 731 36566
7054 971 48586
7006 334 16744
7049 1518 75924
7016 35 1793
7010 943 47151
7004 498 24906
7012 930 46505
7055 302 15137
7014 1136 56803
7012 835 41764
7055 394 19746
7017 734 36749
6110 119 5973
7054 1591 79588
7004 1611 80598
7049 1478 73944
7023 98 4939
6761 32 1623
7003 38 1919
7055 600 30005
7008 43 2180
7049 409 20459
7016 392 19650
7006 43 2190
7021 355 17756
6501 1 58
7049 159 7974
7054 477 23874
7013 88 4408
7018 651 32574
7054 411 20565
7054 312 15625
7049 2020 101003
7001 163 8155
7014 1421 71083
7049 431 21573
7017 508 25422
7054 383 19173
5106 48 2402
5001 21 1086
7003 1486 74319
7049 1308 65425
7004 1006 50334
7004 1374 68704
7055 720 36034
6980 88 4424
7054 1241 62060
7292 11 576
6425 70 3516
7049 719 35983
7017 298 14916
7010 1352 67629
7528 226 11336
7016 218 10947
7017 480 24023
6761 31 1557
7055 248 12401
6776 28 1416
7017 519 25959
7049 921 46067
7054 1226 61304
6907 59 2989
6176 169 8485
6687 13 673
7012 1408 70415
7006 435 21752
7014 1421 71069
7054 1021 51093
6605 169 8500
7012 1249 62472
7019 144 7225
7010 486 24311
7018 312 15611
6427 14 725
7049 246 12321
7004 64 3221
7049 1117 55882
5363 10 502
7020 1593 79663
7023 1048 52443
7049 53 2681
7017 154 7745
7004 1287 64390
7004 793 39655
7020 186 9347
7023 1919 95995
7008 465 23256
6562 41 2055
7054 1122 56133
7008 993 49670
7049 444 22219
6192 167 8396
5106 78 3942
7003 1010 50520
5441 18 909
7049 413 20674
7054 1139 56988
7012 1642 82126
7008 974 48718
7019 208 10420
7049 1580 79019
7011 44 2245
7023 887 44387
7003 804 40232
6322 4 206
7018 26 1326
7011 236 11837
5515 10 516
7017 170 8504
7003 234 11706
5419 78 3922
7003 13 664
7023 1020 51024
7010 1677 83862
7008 35 1785
6991 140 7048
5354 15 765
7020 70 3547
7017 16 827
7018 118 5926
7054 579 28953
6999 10 512
7008 1013 50651
6183 29 1466
7026 227 11367
7055 204 10232
6299 69 3467
7008 282 14137
7049 676 33802
7003 254 12715
6594 24 1211
6885 65 3299
7008 245 12289
5005 64 3220
6600 15 756
7007 78 3933
6493 27 1385
7010 292 14639
7017 617 30853
7025 217 10857
7023 909 45492
6362 5 294
6625 9 467
7055 783 39157
6426 125 6295
7054 1444 72229
7008 281 14071
7011 317 15857
7023 984 49202
7021 499 24981
7004 266 13329
7026 233 11680
7017 529 26482
7019 85 4292
7014 138 6903
7014 751 37578
5104 13 661
6942 8 447
7003 185 9259
7026 397 19857
7023 1184 59212
7049 883 44166
7017 1639 81977
7014 1043 52181
7010 1467 73380
5068 17 894
6506 165 8256
7010 1510 75550
7017 426 21329
6052 21 1080
7018 264 13218
7012 1309 65479
7022 67 3373
5515 116 5846
6787 68 3405
7012 1684 84246
7006 512 25631
7004 176 8808
7017 321 16063
7010 417 20875
6530 45 2288
6712 21 1094
7093 18 908
7014 1724 86238
6235 0 19
7023 754 37740
7019 254 12701
7010 236 11820
7001 455 22762
7012 643 32156
7010 307 15381
7010 121 6078
7003 185 9289
5985 189 9476
7001 491 24597
7010 1158 57918
7008 112 5640
7008 1358 67921
7008 1211 60589
7372 80 4047
7054 1334 66727
6426 56 2822
7001 865 43258
7004 1114 55732
7001 884 44246
7023 1195 59789
5136 52 2610
6840 73 3669
7016 310 15532
5364 131 6572
6631 98 4923
7018 903 45191
7019 431 21598
6572 164 8221
7023 756 37821
7055 600 30013
7008 1436 71842
7018 49 2497
7135 14 703
7023 1222 61103
7669 131 6586
7025 481 24068
6600 67 3385
7026 492 24616
7004 1006 50350
6893 110 5537
7010 121 6093
6581 20 1042
7001 479 23986
7021 81 4077
7020 904 45208
7047 76 3840
7054 653 32671
7142 40 2014
7020 1937 96858
7496 16 821
7018 593 29682
7017 899 44954
6840 86 4308
7054 185 9296
7003 1357 67871
6620 85 4288
7020 537 26859
7011 317 15899
7010 614 30701
6605 165 8288
7049 447 22370
7004 365 18261
7022 25 1295
7026 650 32530
7049 186 9325
7004 340 17022
6653 112 5622
7004 266 13316
7054 851 42594
7049 1791 89563
6670 41 2085
7054 673 33692
7014 1265 63275
7003 1509 75470
7020 1802 90133
7025 217 10860
7054 1561 78098
7014 984 49235
7004 1740 87029
7049 1791 89592
7001 929 46486
6021 32 1613
7010 832 41604
7020 160 8003
6974 107 5377
7020 554 27740
7023 120 6007
7004 590 29544
7010 1476 73816
7020 669 33480
7048 185 9293
5159 1 98
7049 2020 101005
7054 929 46461
7008 586 29337
7014 638 31939
7012 1570 78517
7013 88 4422
7003 755 37798
6342 28 1447
6173 200 10025
7012 1000 50033
7049 1993 99698
7010 901 45066
7023 818 40943
7016 310 15506
7055 338 16930
7004 656 32843
7394 1 63
7008 681 34094
7023 1601 80054
7016 35 1781
7055 600 30003
7003 254 12715
7054 97 4875
6888 58 2912
7017 287 14395
7003 426 21349
6689 43 2189
7017 1566 78326
7014 1760 88019
7014 1760 88014
7017 168 8406
7018 664 33231
7049 1195 59777
6785 162 8128
7054 526 26336
7008 697 34860
6625 5 288
7012 1567 78369
5328 81 4077
6812 15 759
7014 1360 68006
7001 864 43241
7054 971 48558
5565 29 1459
6991 2 138
7022 110 5540
7049 308 15430
7004 266 13347
6907 201 10058
7023 1652 82620
7021 282 14144
7004 498 24936
7004 452 22644
7054 200 10014
7004 1243 62173
7004 1287 64396
7013 88 4432
7054 97 4880
6993 21 1079
7017 655 32756
7049 884 44223
5419 79 3960
7026 213 10660
5124 50 2549
7014 740 37043
5201 143 7197
7010 233 11659
7012 1567 78389
6663 88 4426
7018 18 913
7012 469 23460
7718 24 1239
6319 53 2666
6374 14 734
6076 71 3595
7003 385 19293
7025 350 17510
7018 143 7158
7017 203 10175
7054 763 38190
6748 171 8556
7014 240 12011
4998 174 8719
7023 99 4983
7008 206 10319
6535 190 9515
6366 26 1329
7020 1721 86100
7051 95 4794
7026 647 32382
7023 1416 70847
6783 152 7636
7020 799 39957
5982 52 2641
7010 6 306
4969 100 5010
7021 69 3479
7588 48 2446
7054 1478 73918
7006 593 29692
7004 990 49509
7020 503 25157
7016 40 2028
7055 27 1380
7055 665 33268
5512 221 11088
7049 919 45993
7049 1758 87939
6663 62 3123
7010 1094 54735
5340 9 481
7054 526 26312
6792 12 603
7014 1244 62244
7054 75 3794
7004 1059 52951
7001 1140 57047
7018 784 39206
5905 38 1929
6922 151 7597
7001 497 24880
7001 786 39311
7378 101 5066
7003 1009 50458
7054 395 19783
7023 573 28700
6426 189 9461
7017 528 26416
6797 14 726
7017 165 8295
6939 59 2990
5104 13 661
7054 1876 93817
7006 53 2670
6341 81 4052
7008 1012 50626
7054 819 40960
7008 1415 70783
5151 71 3589
7049 417 20855
6958 41 2077
6327 1 76
7001 1083 54152
7004 1241 62074
7017 756 37848
7014 324 16234
7054 411 20554
6769 137 6863
7017 529 26480
7055 204 10224
7025 210 10531
7014 1360 68036
7022 12 631
7049 1175 58767
5233 133 6670
5894 30 1549
6360 92 4643
7026 213 10662
6748 175 8791
7012 1046 52302
7022 155 7770
7018 118 5940
7048 189 9465
5598 48 2445
6692 95 4779
7014 484 24248
7008 1013 50683
6593 3 195
6084 7 380
7004 1265 63275
5019 67 3368
6348 94 4746
7008 780 39009
5586 155 7755
7017 426 21338
5065 18 902
7021 367 18360
5894 76 3834
7020 687 34379
7054 1016 50841
7049 1130 56506
7049 1723 86156
7021 186 9342
7001 394 19707
7054 1139 56978
7054 1972 98601
6529 10 538
6631 34 1745
7008 908 45450
7049 847 42393
7054 94 4749
7003 1294 64735
6752 63 3155
5966 61 3077
5459 167 8386
4992 79 3990
7018 669 33469
7004 310 15523
7010 974 48724
7016 198 9902
6423 202 10143
7023 858 42941
7003 1556 77820
7017 996 49850
7007 58 2934
6893 40 2001
5353 12 612
7004 1429 71470
7019 254 12740
7025 160 8022
7017 16 843
7003 858 42922
7018 394 19701
5466 3 185
7055 590 29532
7012 369 18489
7021 290 14506
6783 16 822
7010 460 23001
6993 11 551
7054 673 33692
7078 17 890
7001 1042 52137
7017 806 40307
6689 17 858
5382 199 9952
7016 150 7505
7017 1639 81984
6884 19 958
7054 1651 82573
5089 30 1532
5512 175 8769
7023 1919 95954
7023 920 46002
7054 1341 67064
6768 121 6054
7018 303 15197
7010 901 45100
6812 11 563
7008 1058 52944
7054 1580 79008
6664 162 8119
6369 121 6071
7003 571 28564
6308 0 37
7003 1486 74319
6871 144 7204
7013 49 2487
6998 64 3206
7020 566 28336
7012 1170 58533
6362 5 294
7014 1319 65956
7055 10 501
7020 609 30495
7010 1358 67915
7010 307 15395
7023 668 33432
7004 708 35450
7006 177 8873
6593 6 301
5397 1 100
7054 1519 75962
6606 92 4614
7014 1510 75508
7014 841 42093
7012 3 191
5384 45 2278
7004 843 42185
7501 57 2854
7022 150 7542
7026 694 34737
7003 1355 67800
7012 545 27252
7008 605 30269
6562 110 5530
7023 806 40311
6633 8 419
5466 2 115
7017 676 33839
7001 772 38610
7014 138 6903
7049 1208 60430
7020 153 7670
7010 149 7475
7006 98 4909
7001 497 24887
6883 20 1039
7054 1016 50833
7055 347 17389
7011 317 15881
5412 45 2258
7001 394 19741
7049 875 43800
6312 43 2176
6907 64 3239
7018 866 43326
6840 85 4268
7003 54 2717
7017 130 6509
7020 952 47632
7004 1374 68728
7018 935 46790
7013 10 544
6022 72 3628
7003 1291 64581
5462 1 90
7023 1184 59226
7014 1116 55810
7017 179 8977
7023 1589 79481
6956 80 4009
7020 1850 92517
6591 149 7462
7020 1543 77184
7018 647 32355
5038 40 2015
7014 127 6400
6346 58 2906
7021 57 2887
7001 148 7444
7023 273 13674
7048 184 9201
7012 384 19225
7004 402 20103
7006 310 15540
7023 444 22232
7054 1517 75882
6974 111 5567
6871 147 7366
5904 36 1808
6993 19 986
7008 1072 53631
7003 319 15967
7053 49 2478
5038 56 2825
6907 206 10313
7023 547 27381
7012 855 42790
7047 76 3823
7020 197 9882
6461 58 2931
6792 20 1050
7021 141 7093
7054 1517 75899
7003 532 26638
7669 131 6586
7010 1713 85699
5151 99 4955
6850 88 4418
7012 98 4903
5029 161 8064
6230 36 1823
7004 1589 79472
6310 55 2795
7054 257 12877
5462 8 413
7007 75 3752
6825 12 643
7023 525 26265
7049 1159 57958
6173 84 4222
6649 97 4855
7025 242 12120
7023 965 48289
6664 158 7925
7008 1462 73134
6664 104 5230
7010 33 1692
7049 1447 72383
7017 425 21280
7012 663 33169
7049 919 45989
5521 1 81
6785 98 4907
7012 1445 72264
7019 285 14279
7018 31 1555
6338 77 3857
7017 455 22766
6431 21 1075
5084 7 352
7008 352 17618
7004 190 9516
6507 136 6811
6787 9 470
7001 1008 50420
5419 71 3584
7021 102 5132
7022 166 8345
7026 252 12603
7049 922 46138
7020 186 9334
7006 52 2613
7020 1717 85862
6478 32 1627
7502 81 4077
7018 264 13248
7055 491 24559
7054 650 32524
7010 1683 84167
7008 247 12398
7003 48 2437
7017 16 816
7026 38 1931
7012 1684 84229
7014 384 19213
7003 854 42746
6952 49 2458
7049 279 13999
7054 54 2748
7049 447 22374
7010 589 29497
7054 576 28812
7542 33 1691
6566 33 1685
5437 78 3940
7016 176 8844
5151 84 4215
7006 83 4199
7049 1073 53672
6659 63 3180
7020 835 41753
7019 276 13801
7012 737 36854
7023 909 45451
7023 120 6026
7017 1045 52278
7019 276 13843
7001 16 847
7021 368 18401
7017 1476 73810
7724 44 2222
7008 471 23583
7004 1429 71497
7019 245 12264
7020 1625 81255
7025 242 12117
7008 595 29780
7025 303 15151
7054 1500 75021
6805 99 4967
7004 1434 71711
7021 576 28835
7025 350 17515
6800 213 10656
7014 1167 58394
7014 1613 80683
7020 655 32759
7054 1907 95399
6787 234 11712
7025 605 30255
7023 495 24754
7054 634 31736
7012 651 32598
6853 149 7479
7008 1255 62752
7012 1753 87677
7012 761 38070
7016 317 15874
7131 74 3744
7003 1278 63918
7008 117 5881
7010 1185 59273
7010 563 28165
7049 662 33115
7049 2020 101028
7023 931 46564
7017 203 10163
7023 1184 59231
7001 1189 59462
7001 669 33473
7021 69 3496
6444 88 4434
5154 74 3744
5013 178 8910
7003 319 15956
7014 384 19226
7023 909 45492
6786 76 3823
5966 59 2967
6028 22 1142
7012 1651 82557
7049 418 20948
7018 603 30189
6916 203 10185
7023 785 39297
7049 1859 92961
6027 116 5849
7025 21 1058
7025 390 19504
6676 21 1074
7025 457 22852
7020 1442 72105
6811 149 7457
7020 1443 72168
7049 1105 55264
7054 185 9268
7048 76 3827
7022 71 3575
6886 19 983
7026 535 26782
6917 62 3103
7004 1728 86420
7008 1275 63752
7010 1538 76918
7016 71 3578
7006 174 8735
7021 14 704
7014 477 23873
7054 1838 91907
7054 1975 98793
6378 44 2217
7012 328 16416
7001 93 4652
7023 119 5982
7008 188 9417
7014 180 9023
7023 596 29833
7049 319 15965
4979 13 676
7020 12 605
7049 2004 100231
7004 92 4648
7016 40 2034
7010 488 24448
6605 165 8288
5611 46 2332
6600 132 6613
6751 34 1704
7023 1787 89386
7023 605 30257
7023 1444 72209
6748 176 8830
7018 254 12741
7012 149 7451
7008 269 13454
7054 4 221
7014 634 31739
7008 1462 73109
7013 129 6459
6226 81 4093
6064 6 322
7022 67 3358
6426 142 7125
7048 112 5612
7003 298 14940
7049 788 39411
7012 862 43148
7013 129 6488
7021 237 11896
7055 783 39183
7001 865 43260
7023 1525 76295
5774 61 3069
7017 68 3418
7014 1474 73725
7013 194 9725
7004 1434 71731
6506 186 9308
7003 1086 54320
6999 41 2097
7006 378 18941
7018 337 16881
7054 1847 92383
6324 94 4740
7049 879 43997
5390 56 2845
6091 3 159
7049 884 44245
7054 1311 65569
7017 40 2005
7011 261 13053
5979 34 1702
5512 206 10305
7021 26 1311
6230 33 1678
7054 1466 73315
5364 49 2486
7054 1449 72457
7004 1374 68723
7001 972 48608
7012 143 7197
7020 1712 85635
7020 235 11786
7023 858 42911
6140 43 2200
7003 1580 79027
6853 140 7049
6494 81 4079
6623 1 81
7008 1275 63785
7021 576 28818
7008 897 44856
6787 234 11734
7014 1724 86238
7095 65 3265
7012 902 45132
7019 208 10408
7010 236 11813
7049 2020 101025
7051 97 4854
7055 188 9428
7054 1587 79361
7025 594 29732
7013 147 7361
7004 346 17313
6749 223 11196
7016 150 7545
7046 98 4916
6596 32 1638
7054 98 4911
7026 694 34708
7054 332 16648
7049 482 24139
7003 729 36453
6639 28 1422
7004 1611 80600
6478 32 1627
7008 309 15478
6589 124 6212
7054 929 46461
7049 1748 87425
7003 1508 75401
7013 2 109
7054 1146 57313
6030 85 4256
7021 560 28048
7004 140 7048
6980 232 11649
6092 100 5006
7021 328 16424
7012 746 37344
7023 1678 83903
7054 306 15316
7023 605 30256
6304 125 6270
6942 3 158
7017 1657 82899
6380 80 4045
7012 158 7907
7017 203 10174
7017 1557 77851
7055 48 2402
7049 531 26600
6803 38 1907
7023 1570 78542
7055 347 17370
6370 3 158
7001 556 27812
6787 68 3405
7019 221 11054
7051 12 650
7003 1287 64364
7049 883 44189
5451 10 524
7021 227 11365
7010 306 15304
7020 1355 67791
6084 5 281
6907 58 2907
7008 904 45211
7049 406 20322
7008 1299 64970
7008 702 35136
7049 864 43208
5949 19 999
7003 59 2967
7004 176 8810
7008 1012 50612
7010 1217 60868
6065 76 3819
6219 2 121
7012 1523 76167
7004 1640 82005
6656 11 599
7049 1272 63608
7055 223 11192
7054 1426 71316
7054 762 38142
7003 532 26608
7054 671 33593
7006 174 8722
6028 17 865
7018 297 14856
7008 559 27960
7012 771 38588
7020 757 37857
7016 7 351
7023 588 29424
6916 98 4926
7019 434 21723
7012 149 7484
6916 161 8080
6562 46 2304
7004 848 42448
7025 119 5953
7023 958 47917
6301 0 8
7054 1654 82702
7004 1429 71497
5179 38 1917
6689 40 2040
7003 1120 56032
7023 605 30267
7001 994 49723
7021 158 7918
7014 178 8945
7014 137 6899
7012 369 18489
5340 2 137
7025 115 5781
7014 803 40166
7001 725 36274
6605 169 8500
6999 54 2713
6489 3 181
7026 268 13430
7004 496 24817
7003 844 42211
7020 160 8011
6028 20 1047
7018 246 12338
7003 234 11745
7049 1484 74235
7014 322 16119
4999 114 5740
6840 78 3909
7049 751 37553
7008 1421 71061
6667 15 766
5600 153 7690
6162 198 9921
4979 13 695
6195 33 1674
7048 184 9209
7146 47 2369
7049 1340 67030
7006 445 22277
6919 44 2229
7004 521 26066
7017 1440 72006
7006 422 21103
7012 980 49009
7001 148 7411
6981 3 176
7017 5 264
6630 103 5157
6993 6 342
6656 11 589
7008 445 22274
7006 512 25631
7010 1117 55855
7001 387 19375
7007 119 5995
7001 381 19078
7003 1556 77836
6788 8 424
7020 904 45222
7020 839 41998
7049 1396 69824
6915 121 6056
7012 1579 78993
7023 1762 88126
7049 491 24554
7003 1418 70946
7055 357 17886
7054 96 4820
5979 37 1870
6952 53 2700
6205 2 125
7014 1249 62467
7012 507 25352
7059 23 1174
7003 1272 63613
7049 84 4205
6840 86 4308
7012 980 49029
7004 563 28186
7022 110 5503
6768 83 4174
7020 267 13351
7014 634 31704
7008 287 14364
7023 868 43411
7020 160 8008
7012 1183 59167
7008 1351 67558
7054 899 44988
7008 1342 67111
7025 598 29905
7054 1901 95070
7018 323 16169
6382 150 7532
7003 755 37762
7001 919 45986
7020 212 10621
7006 520 26038
7020 1823 91197
5452 2 147
7020 669 33465
7014 387 19382
7013 2 146
5151 13 660
6564 165 8254
7006 520 26038
7019 254 12702
6380 54 2703
5093 10 518
7049 431 21573
7049 1154 57716
5457 23 1154
7014 1 97
7625 105 5271
7008 206 10316
6969 88 4450
5155 100 5029
6123 129 6476
7006 98 4907
6305 23 1181
7054 576 28803
7055 27 1360
6783 16 809
7017 145 7274
6223 25 1285
7054 312 15611
7054 526 26312
6489 36 1848
7004 1470 73536
6454 14 727
6478 126 6312
7004 521 26074
7025 463 23192
7020 1823 91197
7054 1628 81434
7049 759 37952
7017 535 26753
7020 344 17231
5382 193 9688
7010 455 22754
5412 41 2058
7017 1012 50631
6634 31 1600
7086 17 881
7018 303 15185
6934 46 2315
7010 1688 84401
7017 287 14394
7049 1996 99808
7049 919 45975
7025 508 25438
7023 576 28803
7017 203 10180
7049 847 42387
6611 155 7771
7011 191 9584
7001 990 49545
6230 28 1432
7003 1231 61581
7739 5 299
7010 443 22153
7003 1291 64581
7026 500 25042
7018 97 4889
7011 207 10380
7010 1118 55914
7739 7 354
7054 1495 74783
7004 157 7852
7010 1264 63225
6176 141 7072
6589 146 7329
6980 26 1332
7017 1491 74581
5344 51 2568
7021 123 6180
6689 81 4098
7014 1601 80097
6669 117 5865
7014 1499 74994
6768 87 4374
7021 268 13412
6462 19 953
7016 282 14101
7014 226 11341
6540 37 1872
7054 761 38080
7021 262 13111
7049 1540 77046
7004 681 34065
7574 15 784
7020 818 40927
6942 87 4377
7012 1165 58265
6064 52 2604
5925 69 3489
7003 1329 66471
5074 23 1191
7026 869 43452
7017 136 6838
7010 1493 74683
6107 3 158
7141 37 1867
6145 49 2459
7023 98 4914
7012 277 13867
7014 1431 71565
7021 141 7083
6934 215 10763
6981 17 856
7054 1515 75799
5005 167 8386
5333 15 764
7008 1250 62523
7023 1787 89353
7013 10 542
7049 433 21673
7020 863 43188
7018 627 31365
6785 63 3177
5891 9 461
7008 497 24864
7008 1462 73101
5929 62 3120
7021 53 2687
7017 1406 70349
6343 144 7244
7001 929 46468
7049 1626 81325
7049 1352 67649
6769 105 5293
7020 366 18314
6105 89 4478
5527 36 1823
7049 1874 93725
7025 598 29905
7055 600 30028
7046 0 24
6917 240 12029
7010 901 45051
7131 74 3744
7018 701 35097
7013 112 5605
7017 274 13714
7023 586 29308
7055 514 25707
7003 1076 53824
6118 11 583
7012 755 37794
7010 1681 84075
7014 475 23774
7054 985 49281
7001 556 27811
7049 1175 58778
6367 75 3785
7054 1651 82596
7004 218 10938
7049 845 42293
7017 1210 60535
7018 227 11359
5979 35 1767
4957 106 5348
7001 928 46424
7004 708 35432
6420 56 2827
7022 110 5541
7023 66 3326
7054 1097 54882
7020 1521 76066
7026 475 23768
7025 554 27708
6830 218 10942
7017 1389 69455
7054 1737 86880
7026 412 20650
7012 755 37757
7001 690 34519
7515 2 102
5565 27 1382
7018 888 44428
7004 814 40711
7014 519 25996
7018 319 15994
7012 1363 68180
6176 25 1289
5386 175 8771
7012 415 20784
7022 85 4278
7004 448 22420
7003 1029 51493
5933 109 5496
7055 48 2401
7023 1446 72343
7055 491 24554
7001 451 22586
7020 235 11778
6162 198 9921
7004 402 20124
7014 1178 58926
7017 402 20145
7049 737 36878
7020 1543 77176
7055 491 24554
7003 1620 81035
7006 512 25613
6874 26 1332
7017 1401 70090
7020 1153 57662
7006 125 6291
7008 415 20790
7001 877 43870
7010 1683 84153
7014 499 24952
7004 1565 78271
5925 11 593
6917 236 11848
7025 408 20437
7055 196 9804
7010 33 1652
7007 58 2908
7054 1651 82571
7017 1012 50628
7020 952 47639
7018 669 33470
6919 1 96
7017 1210 60523
7004 1059 52989
7018 37 1895
7004 23 1199
7021 368 18401
7010 1493 74686
6589 124 6212
7006 0 44
7001 651 32573
5411 109 5499
7001 731 36557
7013 66 3343
7054 556 27849
7025 403 20168
7010 456 22833
7054 673 33680
6859 36 1827
6957 48 2405
5412 45 2258
6676 23 1178
7049 1798 89932
7020 342 17117
6216 112 5610
7010 519 25960
7020 503 25197
7023 588 29425
6562 41 2065
7012 1693 84652
6786 71 3581
6121 24 1208
7022 283 14182
5213 13 683
5361 21 1096
5155 100 5023
7054 942 47127
7020 612 30605
7049 171 8594
7012 566 28316
7006 207 10381
7010 417 20888
7010 1101 55098
7054 579 28954
7491 12 631
6478 25 1276
7012 192 9637
7012 1537 76877
7008 206 10316
6768 138 6924
7004 1080 54017
7001 483 24162
7054 233 11674
5611 45 2300
6182 91 4562
7013 7 388
7023 1626 81316
7010 225 11284
6217 159 7975
7014 138 6922
7018 426 21315
7026 98 4914
7021 814 40715
7049 847 42361
6879 32 1627
7049 724 36214
7010 630 31525
7014 1576 78846
7011 150 7526
7010 405 20257
7054 1651 82571
6811 149 7479
7004 1311 65592
7003 854 42711
7019 245 12269
7020 1775 88763
7026 806 40349
7017 528 26412
7008 1221 61065
7016 282 14133
7019 59 2968
7055 132 6618
7017 1432 71636
7026 40 2009
6649 98 4917
7047 94 4704
6540 35 1754
7008 844 42222
6382 173 8678
6952 58 2903
7001 772 38610
7025 242 12125
7016 7 365
6310 57 2864
7003 1254 62714
7054 1744 87245
7023 892 44606
7001 1074 53748
7023 572 28606
7049 676 33824
6830 218 10950
7054 526 26317
7001 252 12640
6369 142 7111
5541 71 3552
7049 416 20820
5977 164 8239
6683 158 7916
7004 365 18266
7018 254 12735
5598 89 4451
7012 433 21658
7049 611 30560
7023 495 24754
6725 0 6
6336 46 2329
7019 254 12713
7018 619 30997
7055 332 16614
7049 1993 99651
7049 919 45984
5512 221 11052
7022 155 7770
6906 15 797
7004 681 34062
7012 855 42787
7010 630 31543
7017 193 9674
5017 51 2551
7012 1742 87105
6344 26 1313
7006 108 5416
6853 68 3407
7014 524 26214
7010 1520 76048
5038 40 2015
7020 852 42642
6620 81 4099
7010 1158 57918
6827 61 3055
7019 276 13845
7010 121 6067
5353 13 662
7010 1094 54735
7020 663 33198
7055 204 10202
7001 1140 57001
7008 595 29781
7010 1733 86697
7014 484 24233
7049 888 44405
7459 38 1922
7055 404 20218
5912 13 665
7001 776 38815
6905 82 4104
7017 84 4238
7012 204 10204
7049 620 31037
7054 991 49583
7017 1301 65070
7012 970 48513
7048 185 9295
6323 104 5208
6305 44 2223
6998 64 3206
7021 554 27725
6091 3 159
7055 356 17821
7018 114 5709
6906 13 693
7021 262 13131
7016 175 8751
6647 147 7356
7023 1797 89870
7008 897 44894
7049 1821 91098
7014 1669 83476
6453 41 2051
7020 1543 77196
6942 87 4357
7014 168 8420
7012 225 11296
6684 10 527
7003 1609 80480
7054 477 23854
7010 1721 86070
7010 417 20888
7054 408 20443
7008 397 19895
7018 888 44413
7008 1198 59939
5124 35 1778
6074 74 3746
7049 915 45799
5179 133 6672
5051 169 8451
6327 2 148
6007 139 6972
7023 1283 64186
5133 7 357
5179 31 1595
7022 61 3070
5979 66 3341
7047 76 3813
7021 268 13413
5441 16 849
6111 1 97
7006 126 6302
7004 843 42169
6140 39 1998
7021 290 14506
7018 607 30396
7019 343 17187
7010 1701 85069
7023 444 22225
7014 74 3705
6769 135 6789
7014 1276 63802
7017 802 40111
7023 1283 64186
7054 991 49583
7017 640 32012
6698 95 4779
6687 14 718
7017 1735 86796
7025 137 6868
7018 394 19733
7020 1876 93805
5104 14 720
7093 4 223
5226 52 2617
7055 89 4460
7014 524 26245
6874 21 1086
6176 10 547
7054 1147 57396
7011 167 8360
7017 829 41473
7018 426 21312
7008 1100 55027
5211 63 3162
7008 287 14364
6324 94 4740
7020 655 32759
7023 795 39784
7008 1443 72170
6600 131 6564
7003 317 15859
7017 130 6506
7010 1118 55950
7025 95 4800
7008 1213 60680
7049 491 24586
7010 460 23046
7025 340 17006
7047 94 4726
7006 399 19984
7020 901 45051
5521 7 395
6688 15 762
7003 1657 82862
7049 1518 75935
7003 1294 64728
7001 28 1432
7006 512 25634
6367 58 2911
7014 1083 54159
5979 139 6980
6146 7 356
6616 50 2522
7054 1056 52807
5419 25 1293
7051 14 711
6783 15 791
7054 1121 56060
6916 161 8055
7014 1510 75523
7023 571 28555
7014 1364 68225
7020 500 25039
6923 59 2988
5104 13 678
7014 128 6421
5604 16 838
7023 302 15141
7007 57 2872
7001 1042 52107
7049 1836 91841
7055 590 29519
7014 541 27051
6690 63 3195
6761 31 1553
7017 1641 82087
7026 65 3292
7004 567 28372
6092 191 9559
7018 288 14424
7054 18 925
6942 75 3775
7020 412 20640
6631 34 1745
7529 109 5472
7004 1006 50319
7004 1731 86560
6871 128 6443
7014 980 49021
7001 1008 50437
6993 22 1112
7023 795 39757
7055 13 678
7008 1297 64858
7001 1017 50880
7008 881 44088
6453 56 2832
7001 731 36585
6663 96 4846
7017 746 37347
7016 8 421
6305 47 2356
7017 1491 74563
4999 131 6554
7020 1120 56037
7023 754 37710
6074 74 3746
7004 176 8812
6404 7 400
7014 1669 83465
6336 46 2329
5104 12 621
7020 1163 58175
7054 1515 75793
7010 1094 54745
7021 116 5804
7006 240 12023
7020 470 23514
7004 1732 86618
5187 134 6747
7006 502 25138
7010 1188 59401
7020 1285 64277
6879 193 9672
7049 563 28192
7012 507 25386
7001 772 38618
7001 277 13885
6583 142 7118
7025 508 25402
6942 80 4017
7049 919 45979
6748 174 8725
7008 1443 72170
7020 611 30598
7018 114 5708
6835 92 4617
7049 1943 97196
7020 160 8050
6173 84 4222
7017 1612 80613
7014 740 37050
7020 1775 88796
7023 1451 72551
7018 888 44432
7049 1175 58766
7020 835 41753
6690 140 7020
7010 1520 76027
6856 13 689
7049 246 12350
5940 19 990
7004 496 24817
6012 4 208
7054 1651 82565
6360 93 4695
7054 1737 86875
7574 87 4386
6642 78 3945
6663 74 3749
7016 218 10936
7049 932 46634
7022 262 13126
7006 512 25616
7049 575 28799
7020 1382 69101
6689 128 6441
6589 145 7271
7004 1294 64733
7019 168 8430
7013 88 4436
7018 37 1853
6417 172 8634
7049 1626 81325
7008 1275 63792
7003 1609 80477
7054 1566 78309
7003 1254 62717
7049 915 45776
7049 1895 94797
7023 521 26058
7008 399 19975
7012 635 31771
7017 1632 81625
7001 416 20844
7014 499 24976
7054 264 13220
7054 1311 65569
6224 24 1234
6007 15 784
7017 325 16251
6664 99 4974
5979 39 1978
7017 1436 71826
7049 1352 67616
7049 168 8420
7017 746 37302
7008 551 27587
7010 1438 71933
7049 433 21689
7012 835 41790
6528 116 5812
7010 1431 71578
6788 30 1545
7054 801 40066
7025 343 17186
7012 566 28348
7008 247 12384
7054 673 33661
7018 86 4350
5386 128 6448
6777 191 9587
6934 26 1312
6773 60 3013
7141 47 2379
7017 1376 68805
7049 842 42114
6478 31 1564
7017 41 2061
7049 884 44245
5501 0 39
7026 227 11381
7025 210 10501
7020 111 5596
5508 96 4835
7013 88 4442
7020 12 605
5233 103 5153
7003 1629 81458
7020 160 8003
6563 115 5760
5949 21 1082
7055 372 18609
7008 415 20773
7004 1578 78924
7008 611 30584
7001 903 45188
7055 324 16234
7054 1226 61312
7049 344 17245
7003 324 16210
7055 10 522
7010 1090 54532
7017 1492 74604
6560 35 1753
7054 1628 81408
7014 499 24958
7021 367 18360
6873 3 161
7003 134 6718
7051 75 3758
7023 728 36446
7018 844 42237
7054 185 9266
5541 53 2695
7017 899 44963
6377 8 430
7008 586 29343
7049 433 21694
6919 5 277
7026 7 385
6076 160 8017
7007 38 1904
7442 215 10791
7017 717 35863
7046 84 4205
7014 394 19711
7014 1211 60578
6446 86 4329
6921 3 170
5038 36 1834
7014 869 43473
7001 1189 59464
5419 73 3670
7018 555 27752
7018 297 14895
7004 1353 67677
7017 298 14916
7006 92 4640
7023 360 18028
5581 27 1352
7023 1844 92232
7014 1325 66269
7055 223 11155
7020 51 2560
6083 8 449
7003 922 46147
7054 176 8811
7019 498 24929
7054 713 35655
7013 64 3229
7014 1597 79873
7008 592 29602
7018 169 8454
7021 382 19138
7023 1457 72884
7003 1167 58381
7026 867 43367
7055 489 24490
7004 673 33651
6786 75 3761
7014 1601 80068
7010 33 1666
7049 418 20901
7003 65 3266
7018 69 3484
6406 64 3209
7010 1064 53220
7004 1152 57624
7014 1602 80103
5779 13 672
7025 340 17003
7023 1085 54270
6162 77 3879
7023 99 4990
7049 879 43981
5491 15 777
7008 942 47112
7562 73 3673
6620 75 3793
7023 473 23661
7004 80 4030
7020 186 9334
5602 32 1608
7055 247 12379
7054 463 23157
7014 894 44748
7023 681 34078
7007 142 7137
5099 43 2198
7017 528 26422
7020 301 15072
7018 888 44448
6341 55 2767
7049 159 7988
6377 11 551
7012 192 9637
7006 190 9502
6824 97 4891
7017 1639 81977
7018 254 12721
7023 503 25172
7049 1993 99671
7012 994 49705
7023 251 12557
7003 1009 50490
7020 799 39988
7021 123 6197
7014 740 37011
6788 34 1728
7046 0 34
7017 330 16524
6529 19 951
7023 1797 89884
7054 94 4718
5182 19 993
7020 860 43020
5616 163 8181
6769 142 7113
7020 1712 85645
7023 782 39148
7017 1210 60535
7020 687 34379
5326 37 1884
7003 1613 80662
7021 310 15511
6853 66 3321
7017 1492 74637
7004 1287 64381
7054 1241 62071
7049 1669 83462
7011 207 10384
7010 1028 51435
6874 150 7530
7017 1037 51897
5205 6 323
7019 526 26322
7017 1401 70090
7049 719 35967
7023 1626 81328
7013 49 2468
7020 952 47641
7349 99 4962
7008 1401 70099
5056 17 858
7018 37 1899
7017 1351 67595
7012 263 13199
7004 1132 56639
7001 1062 53137
6110 119 5973
6663 96 4846
7003 1355 67798
7010 287 14398
7025 524 26240
7025 457 22892
7008 716 35801
7023 1736 86829
7008 1269 63495
6520 12 634
7021 22 1116
6942 87 4377
7010 296 14839
7054 227 11400
7546 121 6083
7018 664 33241
6305 22 1101
7006 52 2622
7011 261 13060
7003 46 2320
6748 171 8556
7004 8 404
7010 1185 59260
6830 212 10648
7017 330 16538
7051 85 4284
7023 965 48279
5363 10 503
7014 954 47722
7023 174 8710
7049 1208 60414
7026 444 22218
7020 301 15053
7010 455 22794
7003 890 44546
5946 14 726
7001 979 48992
7046 51 2571
7023 120 6026
7054 1086 54346
7295 104 5228
7001 541 27070
6285 104 5206
6799 75 3778
6405 18 946
6382 14 750
7054 1793 89687
5364 65 3278
6934 154 7723
6649 98 4917
7054 1243 62196
7001 387 19393
7025 580 29015
7004 1737 86854
7012 328 16412
7019 36 1818
7021 163 8166
7006 52 2622
7004 1578 78940
5457 22 1150
7055 742 37118
7017 919 45956
7010 33 1664
7049 319 15967
6827 61 3055
7025 303 15175
6427 15 800
6952 53 2700
7012 158 7907
7023 1377 68851
7055 360 18017
6687 21 1067
7018 303 15159
5933 172 8620
7020 1709 85471
7023 521 26096
7018 31 1557
7004 1708 85418
7025 523 26181
7017 650 32512
6478 45 2289
7021 227 11389
7018 323 16193
6980 85 4279
7049 360 18024
7012 1630 81526
7017 384 19203
7021 282 14133
6787 227 11356
7049 1996 99808
7021 571 28581
5216 74 3721
6974 26 1347
7025 403 20168
5397 1 100
7012 204 10220
7017 936 46816
7004 469 23461
7007 130 6522
7021 374 18712
6687 136 6819
7016 143 7169
7023 652 32639
7021 241 12080
7004 1037 51865
5361 26 1325
7003 244 12236
7049 1580 79034
7013 147 7392
7003 324 16234
7012 879 43985
7021 310 15511
7017 4 219
7001 903 45188
7019 526 26314
6145 51 2556
7023 785 39298
7001 669 33498
7141 50 2546
7010 498 24935
7017 676 33834
7021 485 24287
7017 84 4227
7003 898 44913
7049 919 45984
6980 112 5643
7054 1380 69036
7017 1476 73810
7020 1276 63816
7001 479 23993
7017 330 16518
7003 771 38588
7054 1147 57357
7017 887 44387
6969 139 6959
7025 66 3302
5155 100 5029
7018 229 11456
6946 70 3523
7049 966 48335
7004 556 27821
7006 424 21212
5013 178 8910
7008 1013 50690
7023 291 14567
7001 54 2714
7013 64 3218
5906 24 1249
7006 49 2495
7049 875 43772
7018 303 15153
7054 1466 73321
7021 123 6180
7004 567 28398
7018 669 33470
7411 99 4993
7008 313 15697
7025 66 3318
7012 33 1664
7008 1072 53614
7010 1217 60869
6888 59 2967
7054 1036 51832
7021 570 28513
7054 694 34738
7004 678 33925
7026 844 42229
6406 132 6612
7004 1364 68230
7001 416 20808
7023 1871 93581
7019 285 14260
7049 1651 82589
6563 127 6364
7006 476 23840
7008 1250 62537
7004 905 45293
7004 402 20113
7012 449 22474
7022 85 4279
7008 825 41256
7054 1046 52340
6952 49 2458
6906 15 797
7010 121 6065
7008 21 1063
7054 373 18680
7003 1029 51490
7020 1127 56352
7011 290 14529
7049 611 30551
7018 509 25455
7025 524 26210
7004 1006 50326
5501 8 430
7008 447 22365
6687 22 1144
7022 155 7796
7049 610 30502
6387 72 3601
4979 13 696
6147 34 1740
7018 414 20715
7013 63 3178
7001 1140 57013
7004 46 2310
7003 442 22126
7023 756 37825
6980 229 11493
7055 210 10533
7020 1382 69115
7012 1718 85902
6769 92 4618
7004 1708 85418
7319 12 635
7436 176 8804
7001 663 33180
6879 182 9112
7008 206 10343
6348 32 1628
6978 176 8830
7004 681 34076
5179 36 1814
7051 76 3823
7023 291 14567
7049 159 7988
7026 752 37625
7053 6 342
7634 133 6695
6501 6 326
6629 14 713
7017 1639 81979
7023 699 35000
7049 809 40479
7012 431 21567
7054 458 22941
7049 724 36229
7003 744 37205
7010 1240 62006
7011 126 6302
7023 756 37821
7012 1189 59463
6917 227 11385
7017 1317 65880
7054 1580 79046
7004 1445 72268
7003 443 22178
7017 1492 74607
7012 1576 78811
7010 515 25777
5611 50 2549
7046 0 7
6955 22 1134
7049 1993 99698
7012 319 15991
7003 210 10526
7020 996 49812
6840 87 4353
7014 394 19719
7023 1490 74539
5436 16 827
5001 21 1086
5966 61 3087
7049 847 42387
7020 153 7692
7010 901 45067
5151 135 6785
7018 509 25471
7535 18 935
7012 1523 76198
5216 74 3721
7022 25 1261
7021 500 25044
6356 74 3723
7020 1896 94842
6840 71 3588
7023 1571 78571
7055 324 16229
6866 99 4958
7001 1151 57582
7019 214 10745
7051 95 4794
7008 247 12384
7669 137 6851
7047 84 4248
7023 875 43759
7047 84 4248
7023 127 6357
7020 669 33463
7020 997 49896
7014 138 6922
7049 2004 100222
7018 424 21246
7008 43 2197
5151 24 1201
7012 1563 78192
7004 434 21730
6936 202 10119
5501 6 308
7004 681 34091
7293 31 1574
7006 429 21476
7025 598 29905
7023 1377 68894
7018 956 47821
7004 1152 57640
7013 235 11771
7013 0 36
7003 818 40915
7010 1028 51431
7010 1090 54544
6564 171 8594
7008 313 15697
7023 547 27352
7004 773 38665
7014 240 12039
7020 907 45372
7054 185 9266
7341 34 1706
7001 713 35698
6462 11 592
6955 149 7493
7010 1713 85656
7017 1492 74624
6573 64 3214
6840 73 3690
7025 135 6763
7017 1042 52131
7003 226 11343
7026 492 24605
7023 561 28073
7003 1291 64594
7054 673 33680
7049 1752 87635
6102 104 5210
6600 131 6579
5971 23 1174
4957 102 5135
6529 18 917
7017 4 238
7054 671 33571
7025 137 6899
7012 372 18629
7001 1140 57009
7012 771 38589
7017 92 4638
7020 865 43267
7003 172 8626
6859 126 6317
7018 72 3633
7014 1536 76839
7049 922 46141
6478 127 6396
6343 143 7153
7012 316 15849
7006 249 12457
6787 60 3050
7017 1360 68039
7003 1231 61581
7008 397 19866
7017 626 31324
7018 264 13232
6462 18 922
7054 493 24668
7012 635 31785
7049 1352 67616
7026 397 19878
7054 94 4725
7017 610 30548
5151 117 5898
7053 45 2299
7051 85 4262
7017 529 26462
7442 22 1150
6894 11 590
7020 12 645
5920 2 138
7049 431 21564
7026 563 28167
7004 791 39570
7003 1287 64387
7001 557 27890
7049 1377 68896
7025 508 25402
7017 553 27671
6853 144 7223
7010 648 32441
6835 56 2848
7008 275 13797
7010 539 26990
7049 864 43208
7012 201 10074
6861 244 12221
7018 935 46790
7010 1166 58309
7008 999 49953
7046 98 4950
7051 76 3823
7054 1876 93817
7018 710 35530
7049 1518 75939
7004 593 29689
7054 617 30863
7008 985 49294
7054 700 35028
6629 15 794
7051 12 641
7023 1855 92764
7051 4 219
7001 713 35698
7006 424 21205
7010 1579 78995
7023 1015 50790
7001 681 34057
5386 73 3651
7055 245 12265
7001 1113 55670
7565 121 6070
5774 66 3309
7023 903 45186
7014 1724 86245
7017 1719 85989
7001 491 24597
6406 134 6706
7023 388 19427
7020 8 418
6506 167 8355
5419 74 3738
7001 1017 50893
5602 49 2467
7008 322 16136
7003 844 42243
7054 75 3756
7003 1607 80380
6696 45 2296
7010 3 168
7003 721 36090
6748 174 8725
6748 168 8406
7054 1628 81438
5382 77 3895
5508 99 4974
7025 172 8625
7026 175 8792
7023 1575 78755
7026 641 32052
7003 1027 51394
7014 1167 58394
7013 123 6155
7049 598 29949
7014 1543 77158
7049 360 18007
6162 122 6119
6007 139 6972
7049 417 20861
7006 206 10309
6406 130 6528
7017 732 36613
7012 1363 68198
6220 10 549
7008 34 1705
5598 93 4661
7023 217 10883
7021 425 21270
7004 578 28937
6936 40 2002
5925 132 6638
7017 1735 86761
7146 36 1822
6908 208 10409
7023 473 23672
7014 226 11341
7014 477 23865
6380 101 5070
7019 386 19306
7007 58 2905
7010 1521 76064
7020 947 47352
7049 366 18307
7012 1693 84677
7003 226 11311
7025 408 20418
7026 541 27075
7025 520 26036
7012 746 37322
7023 1323 66167
7004 346 17313
5179 36 1814
7025 481 24088
6285 103 5166
6645 5 285
7023 699 34995
7003 725 36259
4982 137 6861
7018 555 27787
6803 36 1825
7023 120 6013
7023 1107 55351
6688 11 566
7017 703 35171
7014 1543 77161
7001 858 42927
7026 499 24984
7013 147 7352
7006 249 12499
7018 134 6706
5326 37 1884
7046 0 20
7049 366 18339
7003 721 36083
6779 70 3545
7495 13 683
7023 1601 80063
7004 1469 73477
7018 26 1326
7010 1638 81949
7047 72 3607
6687 125 6277
7017 650 32501
6663 90 4534
6912 66 3306
7004 340 17045
6959 149 7477
5419 71 3584
6917 1 89
7054 1907 95384
7020 1778 88933
7003 1629 81497
7004 681 34091
7026 806 40333
7020 1595 79767
7008 247 12378
6919 39 1959
7003 897 44876
7054 576 28844
7004 1328 66407
7003 1629 81480
7022 110 5505
7012 1183 59194
7017 508 25406
7017 686 34326
7049 168 8424
7020 1928 96407
7004 1103 55192
5940 23 1159
6698 47 2359
7011 303 15158
7048 89 4473
7023 1544 77212
7012 1291 64591
7012 1181 59055
7049 620 31050
7055 241 12062
7017 1664 83222
7020 777 38853
7004 360 18014
6173 87 4358
7049 1130 56549
7004 936 46841
7014 1597 79879
7018 72 3640
6879 182 9110
5201 22 1137
7008 492 24613
7006 380 19002
7522 2 114
7004 427 21361
7019 326 16314
7010 1551 77560
7004 1547 77361
7025 548 27440
7018 862 43120
7021 598 29945
7023 1158 57929
6936 204 10237
7004 629 31456
6825 12 643
7054 1980 99020
6280 131 6561
6199 4 222
7013 226 11348
7053 45 2299
7001 1105 55277
7010 1657 82866
7012 433 21682
7025 172 8645
7020 1732 86635
6776 77 3895
7026 174 8705
6906 2 120
7026 147 7373
7023 1020 51024
7049 1447 72380
6959 204 10214
7012 994 49705
5436 10 502
6620 84 4218
7004 427 21377
7055 10 522
6596 53 2683
7008 34 1704
7054 1150 57549
7054 97 4880
6942 3 152
7023 422 21133
7017 829 41481
7020 1501 75094
6664 224 11238
7021 186 9342
7049 1580 79048
6369 140 7023
7054 1065 53299
7003 1009 50470
6593 5 300
6883 26 1306
7003 1500 75048
7003 922 46135
5519 16 846
6908 218 10906
6176 141 7072
7020 1850 92526
7026 650 32517
7008 352 17612
7010 417 20880
7020 809 40492
7004 167 8398
7055 273 13682
7026 207 10378
7026 715 35788
6827 64 3237
7023 941 47062
7012 856 42830
7049 809 40492
7016 18 950
7026 715 35773
7054 899 44957
7004 563 28161
7049 1315 65793
7004 1492 74612
5201 97 4875
7014 187 9383
7020 1842 92110
7022 105 5282
7010 1317 65879
7010 614 30728
7014 322 16116
7054 556 27806
6378 43 2163
7012 643 32168
5089 37 1866
7049 227 11379
6298 7 394
7049 1963 98186
6007 145 7293
7008 1072 53631
7026 112 5648
6698 46 2349
7012 227 11397
7004 8 435
6022 108 5429
5457 22 1133
6045 14 740
6301 4 246
7023 1664 83208
7017 1376 68815
6030 21 1059
6052 21 1080
6093 5 253
6428 12 609
7049 482 24129
7394 8 446
7012 140 7047
7026 677 33887
7008 445 22274
7006 582 29136
6769 181 9089
7018 303 15176
7010 619 30955
7023 858 42920
7021 418 20906
7006 489 24483
7017 1012 50618
7014 134 6710
7049 1377 68899
7004 266 13347
7026 475 23768
7018 868 43409
5133 3 187
5151 117 5890
7048 96 4813
7010 460 23033
7018 337 16890
5547 23 1161
7023 1321 66089
7012 449 22482
6058 200 10038
6965 8 404
6280 100 5016
7010 6 314
6787 59 2966
7004 346 17344
7008 117 5853
7004 1287 64356
6429 139 6984
6689 81 4098
7055 196 9816
7023 140 7026
7020 1848 92450
7023 1820 91021
7049 360 18033
7021 193 9657
7016 133 6654
7049 676 33805
7019 221 11060
5089 37 1866
5353 14 704
7025 242 12125
7017 703 35159
7054 1977 98895
7014 61 3070
7054 58 2902
7021 170 8526
7014 75 3783
7049 1117 55890
7048 98 4925
6606 81 4069
7004 1132 56639
7012 1084 54214
5106 122 6129
7010 1118 55940
6874 26 1302
6752 77 3876
7054 185 9266
6917 239 11973
6211 36 1805
7021 475 23773
7055 539 26959
7054 648 32412
7017 708 35443
7487 26 1334
7019 64 3214
7026 227 11382
7049 1352 67641
7014 127 6400
7020 655 32760
7004 65 3300
5501 0 39
6606 88 4424
5029 159 7975
7017 996 49814
7004 1098 54923
6318 35 1771
6084 7 366
6853 147 7395
5933 128 6449
7018 866 43329
6780 107 5361
7055 188 9420
7054 617 30890
7008 247 12353
6835 18 912
7054 1563 78181
7020 839 41957
7010 121 6078
7004 310 15523
7001 1185 59271
7372 26 1324
6934 215 10771
7054 1980 99044
7020 160 8025
7020 592 29649
7025 523 26195
6021 168 8421
6751 33 1663
6942 88 4429
7004 1364 68229
7006 548 27405
7014 1211 60570
6528 65 3274
7055 248 12435
5616 207 10364
7049 227 11379
7507 151 7553
7008 1050 52537
5966 55 2773
5418 40 2039
7049 1195 59777
7020 906 45344
6748 169 8485
6406 130 6528
7003 721 36066
7016 395 19771
7003 657 32879
7049 187 9357
7049 1776 88843
6284 21 1063
7004 986 49314
6840 73 3660
7020 669 33459
7021 715 35790
7018 26 1329
7016 317 15863
7054 819 40986
7020 1443 72160
7021 374 18729
7054 1925 96263
7010 307 15391
7017 40 2005
5774 72 3605
7006 512 25605
6031 150 7519
6674 27 1369
7014 634 31716
7023 1705 85251
6608 60 3001
7025 242 12110
6600 70 3517
7026 397 19878
7020 1543 77171
7023 1626 81316
6369 146 7342
7012 874 43720
7001 684 34238
6589 137 6857
7003 1418 70911
6594 26 1327
6162 219 10961
7049 109 5454
7048 5 278
7020 1153 57697
6007 23 1171
7096 24 1227
7021 368 18404
7018 174 8727
7026 499 25000
7021 418 20906
5099 81 4094
7020 412 20640
7054 1607 80376
7010 201 10095
7014 1614 80749
7012 900 45049
7699 115 5764
6362 5 264
6162 220 11044
7055 491 24595
7008 282 14109
7022 269 13463
7049 611 30566
7007 64 3226
7003 721 36077
7011 303 15163
7012 771 38558
6322 4 206
7012 738 36926
7520 28 1442
7010 176 8832
5519 16 846
7014 1136 56835
6382 13 653
5933 130 6508
7049 1447 72399
