18701 279 13964
14993 94 4726
16588 39 1998
18619 133 6692
15966 20 1017
13709 56 2810
17046 70 3509
14790 6 340
14074 23 1169
14901 319 15973
17655 95 4794
13791 101 5054
17678 22 1104
14987 18 928
18701 280 14018
15416 57 2859
17633 69 3497
17088 5 268
14068 264 13231
16426 44 2205
17484 132 6606
17849 51 2551
14445 96 4824
18933 104 5238
16801 85 4277
16090 89 4453
15504 51 2562
13803 200 10041
14379 204 10249
16426 28 1429
15383 38 1929
14764 59 2977
15140 45 2261
18740 42 2133
14124 57 2888
14186 154 7735
17847 407 20380
14245 63 3191
13809 153 7684
15254 130 6509
18731 40 2029
17471 16 835
15447 209 10496
18516 76 3821
14464 169 8454
14431 83 4163
14557 163 8156
14729 203 10191
17566 221 11053
17129 28 1426
14313 158 7945
15969 373 18690
17830 41 2055
16117 81 4074
16875 4 216
17075 117 5867
17448 208 10420
15275 1 57
15867 99 4993
15383 283 14158
14007 77 3895
15017 179 8997
15511 62 3129
16494 20 1018
18283 95 4771
14290 180 9009
17849 14 720
17206 410 20502
15497 36 1832
15128 193 9681
14634 104 5233
16499 348 17403
16583 280 14031
18497 316 15840
15987 248 12438
18685 330 16518
15960 522 26123
17371 188 9429
16013 31 1568
17048 12 620
16891 226 11347
17692 14 711
14881 96 4833
18603 166 8342
15383 175 8756
14721 174 8716
16950 61 3089
15954 36 1839
16036 168 8445
17309 14 730
16214 116 5829
16584 88 4421
18740 4 212
18470 16 847
16416 2 143
16006 268 13418
14324 32 1624
16095 417 20852
16878 141 7062
14431 115 5761
13791 112 5619
18218 48 2402
15117 154 7728
14219 88 4403
16227 135 6773
14626 172 8620
17847 249 12457
18701 279 13964
17401 41 2099
15251 5 255
13721 125 6292
15961 204 10204
15140 213 10661
18644 142 7131
15987 497 24869
17448 92 4608
15989 172 8632
14066 55 2772
14185 28 1440
17847 317 15883
17373 153 7658
14021 195 9769
18574 191 9566
18245 171 8557
18226 102 5124
15391 272 13602
17413 359 17962
14641 127 6359
17535 103 5180
17327 5 289
17213 65 3283
17856 67 3385
14363 120 6008
14626 64 3212
17482 63 3173
18044 275 13762
14938 228 11435
16676 51 2595
14259 114 5702
17700 53 2677
16105 30 1530
14302 19 963
14785 56 2827
15335 222 11134
14686 16 833
17100 12 610
15677 78 3949
14729 197 9858
17630 29 1468
18253 177 8893
17524 82 4130
17557 13 655
15592 31 1562
17684 27 1398
14543 10 546
18215 16 806
17990 411 20553
13742 81 4090
14093 106 5336
17331 11 584
14625 26 1339
14098 69 3486
16544 122 6104
14369 160 8018
14313 158 7918
14987 22 1107
15402 112 5633
14026 102 5115
18643 49 2470
14431 16 818
15915 482 24108
17695 82 4106
18644 264 13222
15473 150 7540
13979 69 3455
13736 64 3233
15469 133 6681
15965 124 6207
16446 259 12967
14548 120 6036
13802 14 746
18059 169 8455
16289 2 140
15916 172 8647
16331 33 1682
16439 30 1528
17132 383 19168
14020 183 9159
14152 139 6951
18676 431 21571
14134 241 12067
17865 318 15919
16588 199 9986
18248 81 4099
17210 39 1983
14524 9 458
16935 80 4016
13862 135 6761
17002 65 3294
18911 55 2756
17655 50 2527
15279 26 1305
18911 109 5485
14274 187 9354
14626 223 11179
17057 82 4131
17128 132 6622
14897 7 398
18603 85 4257
14148 9 453
15965 235 11791
18574 91 4600
14148 133 6686
15491 100 5012
15590 142 7120
15916 239 11972
16818 49 2488
14877 177 8867
18929 200 10039
14807 18 912
14551 24 1206
18615 118 5938
14293 6 312
15147 36 1805
17239 292 14624
13728 137 6861
17389 100 5005
18768 5 296
16951 141 7083
15294 105 5287
14185 27 1375
14245 89 4467
18054 185 9270
14878 72 3640
16228 277 13856
16147 385 19289
14885 11 579
16158 367 18371
15422 50 2505
15140 231 11552
17028 15 781
15863 57 2885
14785 27 1393
16352 435 21794
15328 159 7984
15416 102 5135
18615 118 5938
16446 265 13256
14729 86 4321
14901 171 8595
17693 354 17713
15491 0 40
17566 118 5936
14056 7 362
15465 60 3004
18044 535 26780
18257 32 1602
15160 82 4127
17100 129 6483
14342 68 3448
14302 19 997
18754 27 1393
15592 245 12286
15328 227 11351
13979 69 3455
15933 113 5658
15909 195 9789
15859 354 17747
15497 197 9887
16878 76 3802
17339 330 16524
14148 5 290
17753 160 8028
14274 184 9239
15160 159 7975
17686 338 16927
15913 53 2679
15053 3 194
14955 26 1335
15715 105 5273
14147 30 1518
18907 4 214
15777 65 3282
14257 220 11004
13712 15 785
18699 267 13380
17990 390 19510
15913 11 555
17139 132 6610
17847 314 15723
15362 84 4239
18577 232 11647
17972 148 7429
15965 463 23161
13709 122 6134
18489 100 5008
15002 44 2246
14555 183 9177
15969 83 4175
17303 85 4269
17582 54 2735
14020 4 216
17620 15 757
17488 113 5669
18228 166 8309
14470 34 1723
14763 38 1950
14790 197 9879
18921 2 125
16439 30 1528
14721 82 4145
17847 317 15890
17239 137 6867
16022 95 4789
14891 134 6733
15692 42 2148
17557 168 8410
17144 183 9196
17048 9 474
15946 9 473
14272 51 2586
15279 57 2874
17220 42 2134
14361 5 285
16094 281 14094
14039 84 4227
15946 9 473
15469 75 3770
15335 222 11146
17541 36 1825
16258 8 448
18636 453 22699
15689 291 14574
14694 7 389
15345 193 9657
14020 196 9803
14459 92 4641
15785 18 902
15489 146 7302
14725 7 358
17871 163 8165
17719 79 3990
14623 240 12029
14644 265 13276
17975 226 11333
14756 99 4954
17028 23 1180
15528 99 4971
15913 3 184
17240 455 22795
14147 4 216
14030 52 2632
15383 283 14164
15785 175 8774
14553 78 3948
16807 76 3840
17101 48 2417
18032 298 14910
14940 15 764
17343 55 2781
15161 201 10060
14129 30 1515
13861 192 9616
18283 78 3913
14148 40 2018
14694 7 367
14470 4 216
14409 278 13950
16420 100 5008
17865 292 14644
14878 28 1402
17206 329 16484
18226 203 10156
18215 16 806
17371 233 11693
18497 291 14568
17987 93 4678
15778 10 516
14409 278 13907
18733 52 2615
18692 21 1071
14772 276 13825
14831 33 1699
14270 283 14158
17974 261 13091
14774 304 15227
17459 213 10683
16199 372 18601
14336 13 694
18229 19 986
15692 22 1104
13950 165 8265
17128 17 890
17312 190 9546
17459 213 10671
14721 88 4429
18920 5 274
17694 31 1587
17172 68 3405
17055 445 22256
15785 231 11571
14306 24 1204
14948 92 4643
15965 235 11781
14707 37 1861
15676 207 10382
14068 236 11824
18226 240 12004
18272 55 2796
14068 233 11675
16466 100 5016
15147 78 3935
16117 81 4056
18747 1 64
13928 35 1799
15151 312 15626
14764 73 3661
18244 149 7478
14774 279 13976
14938 287 14377
14617 76 3837
14021 251 12553
15500 164 8250
17692 14 711
15334 49 2479
17582 18 930
17670 47 2354
15130 0 46
17669 26 1303
15482 149 7485
13736 196 9820
14551 160 8034
17561 194 9717
16935 297 14893
18005 24 1223
17847 249 12466
16060 6 314
14617 76 3834
16542 63 3181
15901 356 17806
14290 2 118
16161 84 4206
17575 51 2576
14885 4 207
14885 4 220
18699 203 10187
15603 202 10125
16275 161 8051
17108 10 540
17744 73 3695
14124 212 10639
18665 466 23335
17644 36 1837
14450 294 14720
15279 26 1305
15834 195 9754
14148 213 10675
14891 134 6742
14074 17 873
15785 167 8391
16555 81 4057
16828 44 2213
14938 36 1811
17070 255 12778
18619 41 2054
13799 24 1227
18623 81 4092
16147 164 8238
15676 126 6307
17469 116 5803
14088 29 1492
17696 103 5159
18489 100 5008
17132 448 22402
17457 11 552
14470 31 1573
15463 141 7087
15124 60 3041
17955 246 12344
16067 146 7326
18032 445 22254
18685 178 8907
17131 72 3625
18257 31 1568
17488 73 3682
16172 41 2088
18574 91 4590
17095 127 6392
14172 43 2157
17871 244 12230
15909 195 9761
16964 263 13182
14626 47 2377
14555 230 11507
17056 158 7913
17503 124 6220
17413 359 17962
17985 391 19555
14790 118 5916
14121 221 11070
14774 44 2242
14125 90 4538
17100 7 385
15128 140 7049
13714 158 7929
15147 88 4429
17457 118 5946
14127 220 11014
14121 221 11063
14095 189 9500
14020 98 4944
14938 277 13873
15965 202 10120
15861 79 3985
16158 506 25328
15445 6 321
16147 164 8217
15466 272 13607
14990 170 8517
18054 185 9282
16312 272 13630
14542 81 4098
14148 40 2021
17961 39 1972
17125 102 5110
17652 32 1626
17686 24 1248
14088 15 778
14020 196 9818
14615 62 3146
15328 139 6996
15923 302 15133
15588 32 1640
14609 10 537
17313 251 12587
15966 28 1418
15425 142 7106
14788 29 1488
17985 241 12097
14626 223 11165
17138 57 2889
15264 71 3563
16267 14 708
16094 156 7803
15383 38 1929
15494 21 1068
17621 186 9309
17865 292 14633
14084 40 2049
15634 93 4674
13707 55 2770
17028 275 13762
16299 44 2224
14475 27 1380
14431 16 818
18228 85 4286
14697 71 3596
14626 235 11787
13762 59 2979
18951 309 15459
13789 47 2376
15140 8 433
15147 69 3484
14301 89 4460
14270 283 14174
18215 16 805
16209 179 8960
15913 11 572
14007 102 5120
15328 166 8316
15343 6 329
17871 303 15174
14626 26 1321
15308 98 4902
16013 49 2477
17413 359 17989
17488 253 12661
14148 16 802
14870 245 12252
17871 244 12242
17022 10 536
14592 60 3035
15751 36 1830
14053 90 4513
17079 27 1395
16818 30 1550
14774 102 5103
14098 134 6703
14664 207 10367
16889 255 12790
17301 22 1108
17429 15 769
18922 426 21302
15499 76 3848
15392 73 3662
15416 6 346
18690 73 3698
18283 52 2628
17067 51 2552
15590 322 16111
15923 302 15113
18228 85 4286
16378 195 9757
14367 192 9642
17783 55 2799
16258 8 405
18699 203 10178
17556 139 6977
14105 21 1091
17415 107 5378
14569 50 2526
17162 174 8747
17065 183 9160
14108 207 10386
14436 287 14376
17633 28 1434
14782 99 4991
14774 127 6379
18226 57 2878
15785 99 4971
16588 39 1992
14592 15 761
13809 179 8957
14885 11 579
15504 80 4017
14697 71 3564
15834 25 1298
17494 78 3930
17849 184 9227
14467 252 12605
16352 454 22744
15391 272 13606
16813 31 1594
17847 314 15723
13911 85 4293
18574 91 4590
15383 175 8756
17972 140 7027
17009 10 529
18634 115 5752
14453 88 4410
17484 92 4618
15701 258 12944
16746 130 6514
15061 62 3139
17380 46 2301
14885 24 1218
14186 154 7706
17535 11 597
16067 97 4887
14053 58 2948
17985 383 19162
17005 257 12864
15909 168 8438
16298 82 4135
15411 133 6661
17238 14 738
15225 54 2731
14468 116 5831
15792 175 8790
16158 97 4854
17172 68 3438
14066 55 2785
16243 161 8085
16845 438 21934
15330 54 2732
14790 197 9865
16466 11 592
16214 96 4823
15445 6 321
14469 67 3367
17132 493 24664
14959 47 2361
13742 22 1102
18225 90 4542
15923 343 17189
18634 148 7424
14938 177 8883
14743 97 4864
14367 157 7858
17371 513 25663
15236 87 4376
15901 146 7345
18701 135 6761
14367 201 10052
17146 67 3371
16095 309 15485
16207 51 2600
15236 87 4373
18699 203 10187
14912 202 10133
17239 101 5058
17303 50 2543
17067 54 2741
18665 139 6972
17100 129 6483
16544 36 1817
18497 316 15840
15316 240 12041
17022 2 148
15713 80 4018
15946 156 7846
15222 155 7775
16446 188 9407
15877 266 13345
18644 94 4740
18953 306 15320
14470 22 1115
14938 277 13873
13776 26 1308
16526 51 2571
13745 128 6431
15948 17 856
15960 522 26120
14948 113 5684
14369 51 2575
15249 136 6841
16744 27 1370
15116 12 603
18228 58 2938
18233 128 6412
14888 186 9347
16571 46 2331
15152 46 2345
15152 21 1057
14014 5 291
15966 5 295
14763 26 1347
14259 114 5724
14229 72 3625
14790 118 5947
14986 193 9695
17132 383 19165
16092 7 368
13902 56 2820
15634 33 1667
14799 89 4463
17678 61 3066
16875 4 224
17313 2 129
16403 1 58
13731 18 906
13799 12 623
17557 155 7774
16196 163 8188
14707 55 2770
14114 197 9865
18492 331 16562
16841 93 4675
18515 124 6222
17240 438 21915
15966 343 17162
14428 153 7697
17119 51 2588
14105 128 6429
14924 290 14549
16818 115 5786
14543 284 14246
17361 321 16082
17237 79 3978
18062 123 6164
13776 26 1309
14112 27 1366
18933 171 8565
17070 266 13318
16095 96 4846
17448 208 10420
15477 20 1042
18922 191 9588
14621 73 3673
14644 285 14257
13923 28 1408
17213 15 761
14060 32 1628
14047 33 1695
17871 292 14609
17722 28 1431
14124 229 11471
15222 162 8102
14058 104 5240
17210 130 6540
15397 240 12022
16118 91 4594
14553 295 14783
14368 161 8057
18929 14 729
15683 70 3534
17652 58 2903
15677 78 3949
13861 25 1283
16845 247 12363
13732 47 2356
14621 96 4819
15416 102 5135
18032 343 17153
18743 112 5636
17665 7 375
15486 357 17853
17413 362 18148
17849 251 12588
15970 444 22201
13807 213 10690
14368 135 6756
14455 96 4813
14436 287 14376
14453 88 4407
17592 167 8370
14300 103 5183
15966 83 4192
17865 375 18777
16285 58 2939
14617 82 4127
14007 77 3895
16826 19 957
17692 20 1018
14272 78 3931
16310 278 13916
16584 67 3398
17210 191 9551
17100 152 7643
15115 147 7359
17407 174 8702
14524 6 321
13935 202 10132
18619 55 2756
17459 213 10683
18526 72 3602
17229 8 434
16225 41 2055
15918 6 343
14147 4 216
18911 130 6515
17457 48 2414
13705 214 10726
17678 61 3055
17100 152 7626
15969 373 18661
14300 15 784
14109 4 235
15053 33 1665
14301 188 9418
17182 16 825
17312 190 9504
15402 41 2069
17206 48 2447
18492 320 16011
14610 27 1372
17128 31 1600
15106 190 9547
14453 40 2021
17972 196 9848
14068 217 10865
18039 51 2574
16845 247 12363
14283 4 205
17371 513 25653
15960 188 9423
16158 406 20318
16096 16 832
15634 35 1769
14774 304 15227
15330 54 2732
16741 162 8107
17963 67 3400
18495 185 9294
18920 2 133
15783 308 15406
14224 73 3656
17655 95 4770
15106 190 9525
15469 240 12049
15291 17 893
16289 35 1783
14771 244 12247
18059 69 3486
14707 48 2413
17678 22 1107
17744 75 3771
14369 20 1030
18032 403 20167
18781 94 4705
15497 46 2324
14782 143 7180
14782 20 1001
14300 26 1349
17169 231 11585
14721 174 8707
14789 138 6913
13940 28 1439
14101 54 2715
14938 39 1964
16489 164 8239
16147 48 2402
18516 76 3821
15785 216 10824
16096 16 847
15915 465 23293
17157 59 2985
14343 99 4971
17566 118 5941
14079 113 5674
14469 121 6067
18261 24 1217
16090 89 4453
14558 30 1545
14053 84 4236
17872 62 3132
14801 291 14580
15402 41 2058
18781 116 5837
14259 114 5724
16506 191 9592
18903 303 15167
17100 129 6469
15464 247 12369
17459 213 10656
14020 183 9170
14782 16 812
17846 59 2961
17237 79 3962
14746 181 9088
15416 102 5145
16152 43 2161
15416 32 1640
16331 33 1686
17352 152 7650
14592 44 2218
14147 30 1549
17111 62 3133
16092 109 5494
18233 332 16609
16243 167 8394
14047 134 6718
18574 292 14620
18235 214 10742
15859 253 12652
13799 12 623
16161 9 460
17352 152 7608
17210 191 9551
17410 4 243
16493 6 333
17009 0 47
14408 5 255
14300 60 3021
15676 201 10059
18953 405 20281
17489 103 5155
15318 36 1829
15930 367 18355
15099 114 5717
17700 32 1641
16381 36 1816
16281 0 15
15391 292 14631
13774 45 2295
14468 76 3848
13789 155 7762
16468 174 8722
18948 39 1972
15989 490 24524
16022 15 752
14572 25 1292
17119 41 2059
17206 197 9896
14617 78 3945
17566 195 9752
16092 17 887
14740 48 2413
15425 12 604
17865 402 20147
13954 7 388
17961 39 1993
15965 202 10120
16021 95 4786
18286 136 6830
13923 28 1416
14047 30 1542
15499 64 3239
14129 31 1555
15900 174 8741
17631 9 485
15702 50 2547
14076 47 2356
15464 167 8368
13982 17 888
17022 2 114
14926 46 2344
16090 202 10144
17990 390 19527
14764 34 1723
17637 27 1359
17125 126 6312
13712 31 1558
15116 114 5722
18779 261 13074
16310 303 15187
14375 90 4504
14772 260 13002
16052 424 21216
14741 134 6710
15965 375 18786
18492 552 27613
16499 5 261
16006 64 3246
15116 100 5045
16403 67 3355
15948 92 4606
15166 338 16950
17128 45 2264
17302 105 5274
14990 173 8696
17389 86 4339
16006 234 11741
17087 185 9277
15364 64 3249
15777 65 3282
14259 22 1131
16040 28 1427
13950 235 11799
15160 82 4147
17028 280 14024
15017 96 4841
18492 552 27623
15106 14 717
18699 203 10178
15987 453 22677
15287 52 2638
16894 32 1601
17992 69 3489
17197 8 421
17157 4 238
13707 16 810
18286 136 6835
14924 23 1190
17204 147 7397
16225 41 2060
17847 314 15742
14569 175 8763
15065 3 180
17410 18 930
17324 100 5003
17065 170 8525
16186 329 16453
15901 287 14351
16921 196 9810
15933 229 11494
14302 11 556
14058 151 7575
14548 187 9356
16337 56 2804
18779 261 13074
15987 497 24851
13807 120 6036
14367 187 9365
14410 40 2036
18482 27 1393
18953 356 17822
16532 13 682
17380 53 2682
17111 34 1746
15057 106 5322
17240 273 13662
17670 47 2354
13776 26 1308
17406 53 2692
17552 25 1252
14754 0 41
16439 47 2391
18907 34 1745
14367 3 187
17579 42 2133
17830 41 2095
15160 73 3682
16357 8 410
15935 148 7415
14452 7 364
13721 26 1309
16389 51 2554
18923 377 18874
14049 116 5824
17095 2 126
17048 14 733
17132 493 24663
15422 105 5266
17401 19 972
17524 170 8533
13998 4 220
15901 287 14351
14095 52 2631
16006 64 3246
15065 42 2135
14634 168 8447
14592 37 1869
18921 2 125
14697 71 3557
14431 93 4698
17522 13 657
17429 25 1251
17669 32 1648
14445 125 6261
17349 96 4844
14569 105 5295
14408 34 1702
18748 86 4325
15456 33 1663
17057 104 5245
15291 178 8909
13940 49 2483
18031 162 8108
17220 53 2691
17157 31 1570
13763 105 5263
18257 28 1425
15115 170 8520
14890 30 1504
18054 452 22633
15473 150 7545
14088 15 772
14047 30 1542
16013 136 6817
16286 31 1590
15633 4 201
15115 25 1294
17140 5 261
16172 347 17393
14555 240 12023
17100 135 6753
14764 2 131
14607 175 8764
15491 0 36
14900 44 2247
18035 145 7280
13945 111 5593
18005 34 1732
14336 46 2323
16051 100 5017
18245 67 3396
14087 90 4544
18794 105 5286
15222 155 7788
17847 317 15862
17312 191 9566
15590 298 14948
18574 275 13781
18253 177 8893
15590 1 77
15291 111 5592
13799 51 2595
15140 193 9652
13950 207 10371
14290 9 484
15396 20 1035
14721 116 5805
17700 32 1638
17371 110 5508
18492 563 28152
15391 272 13602
15264 71 3563
17119 59 2986
17356 91 4590
17125 126 6312
17398 155 7755
14543 211 10560
13728 137 6861
15383 283 14158
17391 49 2477
15147 1 63
17065 183 9160
13701 29 1496
17858 198 9944
16858 80 4029
18740 260 13029
17727 0 24
15254 150 7536
15392 73 3659
14768 24 1227
17132 432 21635
17132 152 7639
14107 41 2068
15407 338 16935
18717 150 7534
14410 78 3907
18665 466 23306
14697 71 3596
14452 44 2230
17663 60 3008
14372 147 7395
17990 469 23472
14677 62 3142
15930 302 15120
15930 519 25979
15061 219 10988
14101 15 757
16850 250 12522
16979 64 3238
15923 378 18901
18907 201 10069
14785 27 1393
18954 138 6927
14177 50 2505
14290 49 2477
17978 23 1179
18782 59 2998
14432 77 3881
16942 220 11039
14455 108 5403
18574 191 9553
17661 58 2922
17771 26 1329
14617 76 3821
18468 267 13374
15464 273 13676
14002 57 2862
14216 90 4546
17398 197 9864
18781 116 5829
18957 538 26949
14425 230 11509
15318 183 9184
16052 113 5659
14891 221 11085
14924 14 744
18701 236 11837
14012 4 224
15328 85 4273
17631 87 4398
18732 541 27062
13780 150 7501
18032 436 21811
15138 10 546
15479 263 13180
15324 3 186
16063 155 7771
14408 31 1551
18676 155 7800
18574 191 9552
17566 46 2344
16021 46 2307
13745 128 6411
16584 48 2449
15115 147 7351
17871 312 15612
16807 108 5445
17582 18 930
17956 224 11227
13701 215 10785
16850 79 3959
13764 250 12539
14716 61 3051
17655 219 10955
13793 295 14790
14107 48 2428
17282 77 3899
14093 231 11570
14020 14 724
17065 170 8525
17065 83 4183
17067 51 2563
14245 145 7267
14725 80 4023
17128 3 152
14172 24 1246
17566 33 1683
18497 291 14594
14367 310 15530
15935 148 7415
14736 128 6424
16331 33 1686
15502 142 7131
15301 4 211
14058 104 5236
14782 116 5806
17398 8 420
17370 50 2505
15339 188 9443
15397 128 6409
15801 120 6005
14551 155 7797
17849 14 720
18272 55 2796
15801 120 6022
18754 220 11018
17407 0 37
16095 96 4816
16219 316 15812
17111 19 981
14408 5 292
13737 40 2013
15477 20 1042
17566 110 5508
17144 183 9185
17955 305 15290
16389 37 1864
16247 121 6063
14697 45 2285
14524 6 347
16141 248 12443
18024 583 29154
17065 132 6637
18752 474 23712
14367 187 9356
15222 19 966
14664 215 10788
14538 29 1478
14274 184 9214
15249 136 6841
17028 256 12809
17972 105 5292
15713 80 4018
15900 174 8739
18754 27 1389
14427 207 10377
13945 235 11763
17410 19 968
15261 5 294
17849 251 12559
15987 392 19615
15422 147 7351
14020 22 1113
15935 145 7256
15316 93 4681
14257 0 49
14410 78 3925
18005 34 1732
17383 127 6351
14377 27 1399
17686 338 16927
14009 87 4373
15073 164 8240
13940 106 5335
17457 165 8290
18492 153 7663
17287 160 8040
14367 145 7273
16744 27 1390
17070 286 14325
18678 125 6258
17667 180 9041
17383 347 17380
