7761,5,290,3961.03515625,0.9696615326367792
7755,25,1256,1762.1248779296875,0.6530442050021714
7738,59,2972,1338.57421875,0.6890327091267121
7668,229,11484,1606.8460693359375,0.6863219840730999
7644,230,11544,1612.8253173828125,0.710466422821574
7564,21,1086,1219.3802490234375,0.2574513625622661
7562,170,8516,3427.2099609375,0.7146504584615727
7535,3,178,1618.2078857421875,0.8360065511284229
7529,57,2893,1414.4736328125,0.7683046912775893
7461,118,5911,1083.4903564453125,0.8532553504115867
7458,30,1519,895.2513427734375,1.0
7444,3,173,2990.258544921875,1.0410707258497949
7434,25,1281,1053.8260498046875,1.0
7415,139,6956,1262.514404296875,0.7006564570574405
7408,171,8576,1596.397216796875,0.2727803127610142
7384,30,1507,1500.8118896484375,1.0
7146,23,1161,1354.4107666015625,1.0388403791405596
7139,18,935,1689.6636962890625,0.18108306516834527
7136,10,522,1028.74072265625,1.0
7131,70,3549,839.7369995117188,0.7878341903513582
7128,39,1958,663.1806030273438,1.0
7085,75,3757,1423.455322265625,1.0
7058,38,1948,1036.745849609375,0.6593995317537024
7057,39,1951,1324.5264892578125,1.0
7057,3,168,962.8104858398438,0.6595085196814519
7055,800,40027,1451.6463623046875,0.5379728464153057
7055,743,37155,5292.49072265625,1.1512880337177231
7055,687,34393,1437.7119140625,0.79617460224042
7055,675,33774,946.2567138671875,1.0
7055,650,32530,787.9017333984375,1.0
7055,641,32054,3006.64453125,1.1707396274756583
7055,625,31298,1202.479248046875,1.3726302583499868
7055,592,29631,1773.6258544921875,0.8247298918372304
7055,464,23205,1808.299072265625,0.8803602082291307
7055,455,22789,1931.88037109375,0.11778988034388505
7055,446,22304,708.0298461914062,1.1258960017614554
7055,422,21119,1584.0203857421875,0.542100196714707
7055,403,20197,2096.789306640625,1.0
7055,383,19172,1365.36279296875,1.0
7055,307,15389,1143.76416015625,1.0
7055,277,13877,661.5321044921875,1.0
7055,275,13780,947.231689453125,0.9816322461324205
7055,259,12959,1785.1416015625,0.3478365054904107
7055,257,12888,3075.128173828125,1.0
7055,222,11149,2041.6429443359375,1.0
7055,189,9499,452.4706115722656,1.0
7055,168,8416,839.5565795898438,0.8179777600070399
7055,166,8326,1614.8485107421875,0.7820398807990949
7055,137,6890,900.6502685546875,1.0252317428218547
7055,84,4242,1127.6810302734375,0.4317910891688297
7055,77,3883,2036.3251953125,0.98953209857776
7055,49,2481,4741.7880859375,0.6798707127071293
7054,2014,100729,732.1477661132812,1.172524952346711
7054,2006,100346,472.0795593261719,1.2535098474474786
7054,1985,99268,1034.197509765625,0.4610154719240287
7054,1974,98704,2438.501953125,0.6765443261703228
7054,1934,96744,801.191650390625,0.8557357132512258
7054,1915,95755,1339.3807373046875,0.5430909357477659
7054,1884,94211,1338.41455078125,0.6950658150525983
7054,1882,94106,1226.0380859375,0.4435568713464557
7054,1877,93861,1735.607421875,1.0
7054,1832,91630,3773.992431640625,1.0
7054,1809,90469,1370.88818359375,1.0
7054,1751,87569,1174.6112060546875,1.0
7054,1715,85796,409.38421630859375,1.0
7054,1698,84910,3946.7841796875,0.9454004913530898
7054,1666,83338,3499.03564453125,0.5877841835720801
7054,1648,82417,1372.398681640625,0.6739183173833279
7054,1640,82022,1100.17626953125,0.7524854163633403
7054,1634,81706,1157.412109375,0.7426927641222216
7054,1631,81558,1971.7808837890625,0.7934042486051591
7054,1589,79494,541.6232299804688,1.0
7054,1559,78000,657.657958984375,1.2042806466293094
7054,1558,77923,1526.812255859375,0.8471666539209588
7054,1549,77462,1656.7333984375,1.0
7054,1533,76695,1453.8212890625,1.1814168690560116
7054,1526,76311,799.5562133789062,0.9158927787365774
7054,1486,74330,836.2640991210938,1.0
7054,1451,72594,1576.8671875,1.0
7054,1440,72046,898.353515625,1.0786753295072837
7054,1406,70316,1207.4610595703125,0.7595196583023023
7054,1402,70120,1153.93310546875,1.0
7054,1385,69275,702.8695068359375,1.0
7054,1247,62391,1748.5103759765625,1.0
7054,1224,61205,1174.206787109375,0.9713885227986442
7054,1195,59761,5160.19482421875,0.9870681093930035
7054,992,49606,975.6424560546875,1.0400389937058905
7054,876,43830,2704.813232421875,0.8617780889196569
7054,862,43134,762.4620971679688,1.0
7054,839,41967,1695.859375,0.8662525271124686
7054,816,40826,1522.087646484375,1.0
7054,742,37137,1269.9832763671875,0.745540563492129
7054,739,36997,2038.3057861328125,0.8965183995298127
7054,726,36330,833.4990234375,0.7573029765479452
7054,710,35547,1457.9674072265625,1.2381815988731009
7054,575,28786,1296.36767578125,0.8273355262897826
7054,541,27051,1104.002197265625,1.1426520361936894
7054,517,25881,2016.91552734375,1.0
7054,436,21843,1243.8509521484375,1.0
7054,290,14519,728.1532592773438,0.7837717904235448
7054,281,14079,1657.8953857421875,0.27137020538125944
7054,270,13524,1125.9432373046875,1.0
7054,253,12662,1539.4000244140625,0.7071921328449366
7054,190,9542,800.3191528320312,1.0
7054,154,7708,1271.2691650390625,1.3417466003849714
7054,121,6069,1242.4434814453125,1.0098977967511755
7054,110,5532,2339.10888671875,0.6256921494564266
7054,71,3584,1663.255126953125,1.4895989112552346
7054,51,2575,509.8316650390625,1.2430731670646087
7054,35,1765,1659.219970703125,1.0
7054,31,1563,1288.089599609375,0.6828342296611003
7054,6,316,821.0739135742188,1.0
7053,42,2127,1498.5848388671875,1.0
7051,90,4549,926.501953125,0.7667169390843573
7051,53,2664,1478.099365234375,0.17497139229323233
7051,44,2238,1079.0833740234375,1.2974320477752717
7051,24,1225,1200.500244140625,0.678908189725336
7049,2024,101238,881.20703125,0.7751125845995068
7049,1969,98460,1435.7977294921875,1.3261150159585138
7049,1888,94429,457.994873046875,1.0
7049,1882,94150,1769.3275146484375,1.0541236353351793
7049,1880,94002,1188.0689697265625,1.0
7049,1867,93372,883.7175903320312,1.2370443282290842
7049,1824,91236,6336.755859375,0.15288460782818936
7049,1786,89311,1255.0819091796875,0.6746961214161016
7049,1767,88360,1550.2342529296875,1.4340199977299273
7049,1746,87322,531.2796630859375,0.9708529826318613
7049,1705,85262,1539.3336181640625,0.3895459891980477
7049,1676,83807,532.6160278320312,1.0726974333382522
7049,1578,78919,816.6114501953125,0.745617575417046
7049,1560,78025,938.2603149414062,1.0
7049,1551,77553,840.5991821289062,1.17030279300582
7049,1543,77164,3470.627197265625,0.17439983595137476
7049,1531,76576,1462.978271484375,0.14226777487171005
7049,1492,74603,728.7786254882812,1.0
7049,1443,72193,756.3275756835938,0.9532854663032166
7049,1391,69593,1646.7237548828125,1.113038336051812
7049,1382,69115,1269.83056640625,1.0
7049,1363,68192,1137.8785400390625,0.7125185758502162
7049,1332,66622,703.7677001953125,0.8508055315301967
7049,1220,61024,1475.5445556640625,1.0
7049,1213,60670,1603.2274169921875,0.8119798331866921
7049,1211,60555,952.037109375,0.8868348086009034
7049,1205,60262,1191.0963134765625,1.0
7049,1204,60246,1876.4317626953125,1.3081324084496218
7049,1183,59181,1230.43701171875,0.944795088308491
7049,1145,57283,3354.49169921875,0.6864251896317897
7049,1134,56744,1254.46435546875,0.8236369071840735
7049,1071,53566,1510.2984619140625,1.0
7049,1044,52247,1450.995361328125,1.2901224121217656
7049,1000,50005,1468.6605224609375,1.0
7049,993,49664,2327.458740234375,0.6892732087833717
7049,991,49582,1239.0819091796875,0.6752091124157029
7049,969,48457,2284.96435546875,1.1680846788969308
7049,950,47516,1458.2764892578125,0.7798197934037221
7049,870,43547,1561.579345703125,0.8519147970119265
7049,837,41889,734.5130615234375,1.144145099296522
7049,769,38482,1079.927490234375,0.736616592892968
7049,764,38230,1523.402587890625,1.0
7049,762,38128,1475.9864501953125,1.4516411508830374
7049,739,36985,1617.985107421875,1.0
7049,589,29451,1263.5003662109375,0.6350410870121561
7049,569,28488,2876.441650390625,1.0
7049,535,26798,1330.82470703125,1.0
7049,535,26764,1259.876220703125,0.9678521602595769
7049,475,23788,1475.9703369140625,1.0053539795464292
7049,470,23502,1719.0128173828125,1.0
7049,453,22684,5308.33251953125,1.0
7049,439,21952,1672.1785888671875,1.2674043625811056
7049,424,21224,1470.672119140625,0.7562947378949825
7049,403,20179,1684.91357421875,1.3338696487158563
7049,390,19518,5590.6669921875,9.19840991018356
7049,378,18909,1615.9638671875,1.0
7049,369,18465,1537.744873046875,0.8627153079572639
7049,349,17461,1195.6500244140625,1.1506003458051657
7049,333,16653,778.5044555664062,1.047956656084102
7049,244,12239,3057.76416015625,0.7941166313676766
7049,207,10389,5088.75048828125,1.1702500574101533
7049,133,6687,1274.6397705078125,1.0
7049,119,5971,1154.453369140625,1.0
7049,95,4752,4703.857421875,1.1962636748576996
7049,73,3666,1439.8621826171875,0.8222057634467514
7049,24,1214,629.9691772460938,0.8575458737102961
7049,22,1107,1089.0404052734375,0.8771839369713841
7049,4,220,4591.59716796875,1.0
7048,188,9417,864.0345458984375,1.0
7048,174,8708,4369.73583984375,0.7007382771143364
7048,132,6601,1420.4813232421875,0.8040284462761702
7047,60,3007,1427.2119140625,0.3379496870096128
7047,21,1098,1513.1077880859375,0.8852916813923365
7046,82,4131,1054.375,0.7176927832273237
7046,62,3141,772.5530395507812,0.9889960633751335
7046,62,3107,1176.82861328125,0.7399417216068576
7046,49,2487,1278.5545654296875,1.126613756856115
7046,31,1588,849.4605712890625,0.894275974840343
7026,872,43645,734.9086303710938,1.2736452297678245
7026,862,43108,1130.32666015625,0.6386117075859717
7026,831,41586,4175.71630859375,0.9731201624649524
7026,809,40468,965.65625,1.2365916538710227
7026,804,40206,2814.24560546875,0.6844162058595349
7026,778,38906,1214.47412109375,1.4610568548527685
7026,710,35546,663.8887939453125,1.0
7026,608,30415,733.3135375976562,1.0
7026,580,29034,2680.010009765625,1.6398132048063465
7026,576,28811,1538.2105712890625,1.0
7026,504,25240,1714.3922119140625,1.0
7026,482,24145,1227.8062744140625,1.0
7026,479,23980,935.876220703125,1.2007373028216803
7026,472,23639,1478.41650390625,1.3252831957804316
7026,454,22737,673.5448608398438,1.0
7026,410,20528,1691.2889404296875,0.9340910424661624
7026,410,20506,3914.60107421875,1.0
7026,379,18967,1777.303466796875,1.0
7026,360,18037,759.1062622070312,0.8539848565342513
7026,357,17877,4558.91650390625,1.2947469598418175
7026,357,17864,737.4188232421875,1.0
7026,337,16875,817.6273803710938,1.367858096425927
7026,320,16045,1553.930419921875,0.36724520447174114
7026,315,15751,1194.212890625,1.0
7026,296,14815,1849.9039306640625,0.8434223242858213
7026,277,13888,1325.5902099609375,1.0
7026,277,13858,606.7538452148438,1.0
7026,266,13350,1558.3990478515625,0.8663849427530703
7026,241,12098,1424.461669921875,0.6297019959924215
7026,241,12064,1192.09912109375,0.7633341870201475
7026,189,9487,1576.5010986328125,1.1094862047840555
7026,180,9009,1176.68408203125,1.0
7026,160,8042,883.8804931640625,1.02268451752591
7026,157,7861,1415.3585205078125,1.2906769845595194
7026,93,4697,1041.14794921875,1.0
7026,92,4610,1511.017333984375,0.7875504036088274
7026,72,3609,1485.7490234375,0.7453021185623874
7026,71,3575,1804.824951171875,0.5973637301106645
7026,35,1776,1574.8074951171875,0.8513921640434503
7026,34,1745,1642.7442626953125,1.0919878441406319
7025,626,31301,1919.517578125,1.684469253122203
7025,535,26799,1257.4168701171875,0.8814635302118212
7025,526,26328,1784.1292724609375,1.524587540399167
7025,499,24954,375.9958190917969,1.0
7025,484,24209,1516.013916015625,0.7988685921093949
7025,472,23617,2677.235595703125,1.0
7025,471,23586,2008.9376220703125,1.0
7025,441,22062,675.5333251953125,1.0
7025,440,22001,1107.8289794921875,1.0
7025,426,21311,2611.594970703125,0.9236285787883944
7025,361,18086,966.7296142578125,0.7295554710941818
7025,358,17938,1337.06298828125,0.40240280644837223
7025,344,17235,1685.6593017578125,0.6347758561631637
7025,338,16921,759.91796875,0.8483633066721701
7025,319,15975,904.5015869140625,0.9715717356001193
7025,253,12673,420.3275451660156,1.0
7025,236,11845,1093.96630859375,1.0
7025,225,11293,1839.405029296875,0.4145056734807464
7025,206,10310,1525.350341796875,0.7868571713037403
7025,194,9710,987.2347412109375,1.0
7025,176,8820,4279.70751953125,2.834552042521876
7025,147,7392,899.8238525390625,1.0
7025,129,6455,838.9901123046875,0.8302999406193312
7025,116,5829,1429.1016845703125,0.7831784657256822
7025,113,5674,822.6526489257812,1.0
7025,91,4591,1801.01416015625,1.3263798416354775
7025,75,3752,1054.5474853515625,1.4646015286903031
7025,57,2851,996.828857421875,1.0
7025,43,2188,4421.3388671875,0.7079161674578915
7023,1917,95894,595.9552612304688,0.8794152353309073
7023,1880,94007,1243.82861328125,0.4036121839476732
7023,1849,92491,852.0004272460938,0.7254651438596287
7023,1807,90387,1257.64501953125,1.0
7023,1774,88717,1431.9044189453125,0.7143933474827426
7023,1738,86919,2009.695068359375,0.7014681871978465
7023,1674,83704,823.1670532226562,1.0
7023,1673,83665,3755.755859375,0.7222893120919063
7023,1648,82418,680.3880615234375,1.0
7023,1641,82068,1247.36962890625,1.0
7023,1560,78004,2180.36376953125,0.8169011559910839
7023,1550,77519,1026.99267578125,0.7309968767169177
7023,1469,73459,1907.37109375,1.123258009897696
7023,1351,67580,1187.940185546875,1.0
7023,1318,65942,1196.8614501953125,1.0
7023,1296,64850,1120.6639404296875,1.0316265151684445
7023,1255,62764,1061.3135986328125,0.7186425503043905
7023,1146,57327,603.9959106445312,1.2677293508137053
7023,1145,57260,1845.6556396484375,0.733541733523513
7023,1129,56463,2416.049072265625,0.8241253115794535
7023,1086,54328,817.0789794921875,1.0
7023,1076,53801,1265.7913818359375,0.6593568584954793
7023,1036,51809,1263.5787353515625,1.0
7023,975,48779,1514.3294677734375,1.148052908110265
7023,942,47122,957.8953857421875,0.6004984264120072
7023,885,44281,668.799072265625,1.0
7023,797,39857,2024.465576171875,0.6946641037448913
7023,761,38074,1375.2596435546875,1.161469059254535
7023,736,36823,1688.2235107421875,1.0
7023,719,35957,1052.48828125,1.0
7023,702,35107,1743.7606201171875,0.2739230051308974
7023,687,34351,1449.1448974609375,1.0
7023,685,34283,1111.353271484375,0.48952243311012356
7023,659,32968,2644.329833984375,0.48153138052641986
7023,611,30556,4454.71923828125,0.32769080580101817
7023,500,25003,1513.9892578125,1.0
7023,416,20815,1038.9803466796875,1.480510717255711
7023,355,17798,789.0632934570312,1.0
7023,339,16990,5495.28466796875,1.0
7023,334,16733,1120.84423828125,1.0
7023,328,16440,1212.8094482421875,0.3175114036242872
7023,255,12785,1450.4337158203125,0.6496462644933895
7023,253,12686,5125.03271484375,0.7155842874368432
7023,224,11202,1841.552490234375,0.8842654261208371
7023,146,7349,790.35205078125,1.0983512564191198
7023,128,6405,1921.6944580078125,0.686359911228682
7023,115,5766,910.1473388671875,0.9383630476692036
7023,112,5638,1374.8551025390625,0.6801181090242021
7023,112,5623,770.2722778320312,1.0303863438392238
7022,215,10770,3815.029296875,0.8769163579284613
7022,211,10595,1671.2777099609375,0.7837005532114245
7022,202,10130,893.9512329101562,1.0
7022,170,8537,953.8263549804688,0.8756829292918251
7022,168,8437,4737.8076171875,3.4371135513076343
7022,162,8111,1130.5162353515625,1.0172414615157621
7022,159,7979,1639.641845703125,0.6848621982969532
7022,148,7439,1439.1904296875,0.9738664878652736
7022,93,4681,1791.0623779296875,0.6784824239785958
7022,88,4442,1627.4425048828125,0.5552256688061237
7022,68,3408,1400.8043212890625,0.709754304653125
7022,45,2272,1432.34814453125,1.0
7022,34,1749,1185.1904296875,0.6287843283211778
7022,28,1413,1244.5167236328125,0.6788065989515706
7022,17,883,1766.3463134765625,0.8712608690691155
7021,735,36761,601.68408203125,1.2187823024533992
7021,696,34807,775.102783203125,0.9394533678066905
7021,663,33166,1001.9346313476562,1.0
7021,659,32998,1092.6734619140625,1.0
7021,658,32948,1250.1668701171875,0.6841691448759522
7021,637,31851,673.3799438476562,0.8852015090423692
7021,619,31000,2077.814208984375,1.2878672761141132
7021,584,29234,685.8479614257812,1.0
7021,584,29214,621.5289306640625,1.0
7021,574,28734,300.1895446777344,1.0
7021,566,28311,651.6823120117188,1.5829306913470824
7021,510,25513,968.3336181640625,1.0691131960420415
7021,444,22234,981.2461547851562,1.0
7021,432,21616,935.0018310546875,1.2020839255348057
7021,424,21238,588.8843383789062,1.0
7021,409,20461,976.107666015625,1.0
7021,364,18235,1105.7078857421875,0.768518155349571
7021,338,16918,2355.058837890625,0.8353421139961142
7021,276,13821,1202.642578125,0.177164819856366
7021,235,11770,2229.36083984375,1.0
7021,152,7645,1265.9583740234375,0.1706690612625359
7021,121,6091,525.9180297851562,1.1499166942810837
7021,119,5955,1400.879150390625,1.007358663657071
7021,73,3673,862.756103515625,0.9471729539278726
7021,41,2063,1308.442626953125,0.7088495657802232
7021,2,113,2112.594970703125,0.6888324563227319
7020,1923,96198,1681.3824462890625,0.9620691349287593
7020,1907,95387,1197.8773193359375,1.0
7020,1847,92354,1448.3697509765625,0.5366174958032937
7020,1845,92299,1830.7900390625,1.405171118210064
7020,1839,91985,689.88134765625,0.9792982259129096
7020,1808,90425,547.5755615234375,1.0
7020,1790,89527,5012.255859375,1.4114202278800831
7020,1788,89429,557.6461181640625,1.3552576712704105
7020,1741,87070,917.5736694335938,1.1156568285419926
7020,1703,85172,1125.725341796875,1.0
7020,1655,82797,535.4278564453125,1.0
7020,1597,79882,575.20361328125,1.0
7020,1513,75656,628.697021484375,1.0
7020,1465,73267,1161.4495849609375,1.2920044842855665
7020,1425,71258,610.9175415039062,1.0156960514220181
7020,1379,68966,1199.8609619140625,0.8950811171830229
7020,1309,65484,406.6595764160156,1.0
7020,1283,64171,1521.0537109375,0.7664912292724186
7020,1234,61728,1405.9676513671875,0.9700061992981521
7020,1218,60918,1394.3802490234375,0.6743200016235829
7020,1171,58590,1464.3975830078125,0.3992721068101641
7020,1167,58353,1438.2589111328125,1.153455555171984
7020,1119,55981,1165.7005615234375,1.0
7020,1080,54002,1227.6383056640625,0.8292439327580208
7020,1036,51811,1599.4327392578125,1.0
7020,1001,50077,1766.488037109375,1.0
7020,993,49672,2261.533447265625,1.0
7020,975,48757,1694.138671875,0.7950324927642495
7020,939,46995,1713.799560546875,0.699202404923039
7020,932,46650,2599.903076171875,1.0
7020,930,46511,605.2614135742188,1.1639763819390394
7020,909,45476,1788.887939453125,0.6846633686000863
7020,875,43766,1782.6502685546875,1.0
7020,820,41003,1313.8914794921875,1.3331458045684683
7020,791,39551,1115.7791748046875,1.0
7020,753,37651,1728.96923828125,0.6773298987859224
7020,717,35879,905.2671508789062,1.2568657539921724
7020,665,33270,4798.81201171875,0.8671303156380475
7020,659,32997,1593.0985107421875,0.9783524055291237
7020,656,32831,1321.247802734375,1.0
7020,524,26225,1049.369873046875,1.0
7020,516,25820,1411.369873046875,0.6743697036476093
7020,510,25522,4486.99169921875,1.4462431595115233
7020,448,22403,1368.3099365234375,0.7225657744893721
7020,435,21778,672.485107421875,0.7323314314864556
7020,392,19628,1109.2393798828125,0.6536656085971886
7020,380,19018,1767.635009765625,1.2320704765335317
7020,286,14319,788.5255126953125,1.0
7020,241,12072,1050.490234375,0.9060583689567566
7020,203,10154,1396.1541748046875,0.8675315943878085
7020,165,8297,1573.0953369140625,1.0444866259281325
7020,154,7708,2381.56494140625,1.0
7020,151,7593,2415.628173828125,1.1304070735676173
7020,134,6718,800.3967895507812,1.0
7020,121,6067,937.5064086914062,1.1762759771648066
7020,24,1210,1416.4193115234375,0.20192801467177146
7020,6,322,2273.55126953125,0.7517503027112273
7019,548,27438,4990.95703125,0.7370215705932501
7019,518,25942,1771.9053955078125,0.9563581075396661
7019,496,24831,1294.7069091796875,1.0453291423488695
7019,422,21103,1795.51220703125,1.0
7019,398,19940,1396.369873046875,1.3249907932486547
7019,372,18621,1306.43505859375,0.9275728309612752
7019,338,16919,3786.86572265625,1.0
7019,334,16744,1732.4981689453125,0.23011247035622628
7019,318,15932,1622.421630859375,0.9757254835182758
7019,267,13385,1629.1707763671875,0.7730908256343845
7019,258,12907,1404.11279296875,0.11837450825010332
7019,173,8678,2084.92138671875,0.2125400716317467
7019,100,5047,2156.60302734375,1.1892265742102848
7019,62,3122,754.2609252929688,1.0
7018,884,44235,1041.2379150390625,0.9218763089495383
7018,846,42304,1486.9000244140625,0.8060555357171073
7018,843,42197,913.5689697265625,1.0
7018,760,38041,1288.0030517578125,1.0
7018,708,35436,721.6632080078125,0.8475941175878949
7018,590,29509,1525.0653076171875,1.0
7018,576,28823,1714.6163330078125,0.807082840292066
7018,571,28551,945.3416137695312,0.6777731204499508
7018,556,27841,1790.3310546875,0.1867596024445921
7018,523,26192,713.3975219726562,0.8414346701496116
7018,491,24562,1314.2799072265625,1.0
7018,460,23009,945.8880615234375,0.8297571860003401
7018,443,22158,1813.0850830078125,0.8372206888811558
7018,418,20925,1462.776123046875,0.6862108178918769
7018,352,17645,1547.8697509765625,1.052241078936454
7018,318,15922,1063.8529052734375,0.8640913198772329
7018,313,15694,1131.756103515625,1.0
7018,241,12058,1685.143310546875,0.2303784184495099
7018,226,11331,1216.590087890625,0.9903803398591
7018,197,9868,1032.60888671875,0.7413601009118032
7018,48,2418,2344.87646484375,1.4427893147921065
7018,22,1128,2266.30859375,0.9577924942825248
7017,1721,86072,1532.83251953125,0.8041315057835539
7017,1714,85704,3122.1162109375,1.0083844611205235
7017,1694,84714,1824.3121337890625,1.0
7017,1692,84605,1263.086669921875,0.7643537228510682
7017,1668,83432,4618.4638671875,1.6014395578147786
7017,1662,83148,2962.810791015625,0.41788124544988947
7017,1660,83036,1084.9273681640625,1.0
7017,1618,80903,1583.8248291015625,0.6765001404619075
7017,1504,75244,1156.08056640625,1.221268408039601
7017,1479,73962,938.4230346679688,1.0
7017,1465,73263,466.3465881347656,1.0
7017,1464,73212,2339.272216796875,1.475061847288798
7017,1457,72882,3999.830810546875,5.756979965972283
7017,1457,72856,1319.7587890625,0.8263719496286174
7017,1443,72154,4184.99951171875,2.6620550459275885
7017,1422,71137,1018.6478881835938,0.6916456512560396
7017,1368,68431,3949.891357421875,0.6741481761078678
7017,1354,67708,1234.707763671875,0.40824520331640657
7017,1322,66119,657.6638793945312,1.1242656135033473
7017,1167,58381,881.4072875976562,0.8135050962013155
7017,1141,57088,827.040283203125,1.3495141217849074
7017,1137,56873,1536.705078125,1.1358075803097347
7017,1130,56550,1423.60986328125,1.0
7017,1127,56355,1654.2950439453125,0.603279243093757
7017,968,48416,1296.666015625,1.0
7017,947,47367,893.58642578125,1.0
7017,881,44083,570.9647827148438,1.0
7017,872,43627,916.6163330078125,1.0
7017,840,42041,1262.644775390625,0.9209928192789822
7017,797,39856,2438.280029296875,0.28773876945476995
7017,791,39599,1403.21875,1.0034049109016288
7017,723,36169,906.026611328125,1.0162629542382278
7017,719,35992,2257.529296875,1.0892635287374417
7017,689,34479,379.25567626953125,1.0
7017,682,34128,1500.0279541015625,0.8185519692263166
7017,570,28547,1982.958251953125,0.7603477521132265
7017,520,26048,3814.971435546875,0.7792970416965534
7017,491,24600,2166.742919921875,0.6828407904853071
7017,444,22213,1676.6387939453125,0.7677938765385324
7017,439,21980,1515.83154296875,0.11767179495615321
7017,405,20283,913.6505126953125,1.0
7017,395,19767,1658.2718505859375,1.0
7017,372,18602,2145.513671875,1.0
7017,295,14795,1493.74853515625,0.21978866762323723
7017,269,13454,3486.520263671875,1.11872132959301
7017,161,8067,1800.693115234375,1.0
7017,132,6601,1186.8560791015625,0.9758353824737185
7017,122,6126,1038.280029296875,1.0
7016,375,18762,3319.73291015625,1.0236408238965837
7016,337,16854,1830.7410888671875,1.0
7016,329,16484,6108.68505859375,1.831228177344632
7016,312,15602,950.362060546875,0.7344513366257444
7016,304,15222,1511.1295166015625,0.4789944812802336
7016,268,13436,1249.6727294921875,1.0
7016,249,12484,793.1769409179688,0.7624995845052827
7016,234,11734,3767.70556640625,0.6744825083956789
7016,171,8562,794.68603515625,1.0
7016,160,8049,812.6983642578125,1.0075103016181566
7016,153,7694,939.9203491210938,0.8683959229445881
7016,145,7281,1242.0867919921875,0.6885440206737425
7016,118,5905,1309.3916015625,0.3455174825207221
7016,115,5783,1119.877197265625,1.2780556063186332
7016,113,5683,1212.0013427734375,1.0
7016,82,4136,1697.81396484375,0.88776121245817
7016,46,2322,1545.214599609375,1.0
7016,30,1509,742.6441650390625,1.0
7016,29,1486,985.6749877929688,1.0
7016,1,78,1395.2205810546875,1.0
7014,1738,86917,1687.2939453125,0.6780565932751321
7014,1735,86796,892.2603759765625,1.0
7014,1720,86027,938.5093383789062,0.9793611717195736
7014,1638,81916,1599.0023193359375,1.2510246499601936
7014,1606,80325,1268.2020263671875,0.6947696947308664
7014,1595,79756,816.8604125976562,1.0
7014,1571,78561,1579.9818115234375,0.7143853582905002
7014,1571,78554,1647.92919921875,0.6998738517799288
7014,1560,78028,1345.9171142578125,1.0
7014,1514,75702,1258.2296142578125,1.0
7014,1442,72103,4557.41845703125,1.0698207558012227
7014,1430,71535,1495.5626220703125,0.7160086765689309
7014,1412,70624,4428.056640625,1.0
7014,1333,66665,1069.514892578125,1.0
7014,1310,65522,672.2447509765625,0.8196845358274077
7014,1286,64305,1154.8890380859375,0.21125044242160596
7014,1261,63088,773.9137573242188,1.0
7014,1181,59087,2114.20361328125,0.8251147477406524
7014,1174,58716,2079.477783203125,1.217073817555153
7014,1141,57076,1625.7197265625,0.716376212482581
7014,1103,55168,2024.27294921875,1.0
7014,1042,52131,1188.5640869140625,0.873676391587126
7014,983,49175,1345.550048828125,1.171821617572222
7014,943,47160,5152.556640625,1.1255768916725566
7014,784,39232,471.7810363769531,1.2373379061358185
7014,764,38213,2933.766845703125,0.6978567583358082
7014,710,35517,1269.4324951171875,1.2072085731842948
7014,692,34643,3488.280029296875,0.9099030186802444
7014,676,33826,1203.370361328125,0.9279947729225635
7014,663,33169,1305.25390625,0.6766610212404167
7014,625,31263,1938.2210693359375,2.0864764200331596
7014,607,30362,1862.2703857421875,0.807538180755129
7014,572,28606,1744.0328369140625,0.7476514980029273
7014,496,24828,1389.63671875,0.7524103711274543
7014,449,22472,2314.303466796875,2.4795967492167135
7014,425,21259,3696.809814453125,1.4220077633667825
7014,420,21041,1718.1585693359375,0.7250289130736558
7014,392,19605,932.8505249023438,1.3984206695016852
7014,375,18788,2605.019287109375,1.0
7014,354,17734,1376.067626953125,0.830791519982683
7014,301,15085,1608.53173828125,0.19841036450277438
7014,284,14225,1156.5606689453125,0.7627475662406238
7014,279,13965,1256.2647705078125,0.6903587800881292
7014,258,12906,2104.2783203125,0.4137640224977679
7014,247,12358,413.34967041015625,1.0
7014,242,12108,1716.5882568359375,0.7017006343506795
7014,203,10186,855.7537231445312,0.975881066034211
7014,174,8721,1172.4796142578125,0.7865969695076451
7014,140,7041,582.7633056640625,1.0
7014,55,2766,1171.8179931640625,0.8523586094882416
7013,192,9617,814.4060668945312,1.0
7013,159,7961,1594.6201171875,0.3007643370467823
7013,119,5959,1160.8525390625,0.9403396876703846
7013,95,4777,903.384033203125,1.2892030340116758
7013,60,3017,1395.749755859375,0.5709887604159448
7013,42,2145,1139.6036376953125,1.0
7013,33,1668,1296.3953857421875,0.7364179408495526
7012,1675,83798,950.9232788085938,1.0
7012,1644,82233,684.91748046875,1.210352994113981
7012,1611,80600,996.218505859375,0.8954772675020665
7012,1578,78922,1687.454833984375,0.6738785104213554
7012,1553,77665,1578.6861572265625,0.6780889969503856
7012,1465,73276,950.8101196289062,1.1662310814501617
7012,1378,68942,5476.40234375,1.0
7012,1335,66795,606.0769653320312,1.1221166790795838
7012,1279,63968,1705.505126953125,0.8069324880865609
7012,1269,63490,4394.67529296875,1.0
7012,1251,62569,5941.91748046875,10.360108122815614
7012,1251,62554,1340.316650390625,0.8343448592532955
7012,1250,62523,1598.4447021484375,0.7054204829380482
7012,1207,60378,3583.761962890625,1.0
7012,1173,58688,579.6904907226562,1.0
7012,1087,54351,1725.0654296875,0.7430427802922239
7012,1039,51961,2475.943603515625,1.0
7012,974,48726,1036.012939453125,0.788053085939425
7012,965,48278,1354.484130859375,0.7706109030254911
7012,910,45501,2311.7353515625,0.7520599918618351
7012,886,44306,1579.297119140625,1.0
7012,846,42333,1126.05029296875,1.0966302691142875
7012,787,39393,1197.097412109375,0.7460677986820665
7012,694,34742,750.18359375,0.7934100424765959
7012,694,34725,1025.4876708984375,0.7044275035233063
7012,680,34033,1882.429931640625,1.0
7012,625,31263,2328.540283203125,0.33230823107846774
7012,604,30203,3145.5146484375,0.6775795083612408
7012,558,27948,1919.049560546875,1.0341600340829777
7012,542,27106,1142.375,1.2534186685174047
7012,539,26953,1175.7706298828125,1.0
7012,520,26019,1793.093017578125,0.3022540640171816
7012,514,25719,671.34814453125,1.0
7012,389,19466,1404.95361328125,1.0830200162752452
7012,375,18777,941.8397827148438,1.0
7012,332,16617,1191.0052490234375,1.0651841478720203
7012,258,12934,1147.2813720703125,0.8248994211532831
7012,175,8766,2645.61474609375,0.7711573543838036
7012,170,8526,962.3392944335938,1.0
7012,165,8262,1186.7513427734375,0.7447278190388238
7012,126,6327,1064.6083984375,1.0
7012,107,5396,621.7811279296875,1.0
7012,77,3860,2096.116455078125,0.14783962247493343
7012,72,3633,308.66790771484375,1.0
7011,293,14700,1437.995849609375,0.8947702742164688
7011,266,13348,1722.3646240234375,1.0
7011,202,10130,1447.8956298828125,1.0
7011,192,9607,584.7227783203125,1.0
7011,173,8653,1077.8599853515625,1.0
7011,69,3460,976.5048217773438,0.7364295760680131
7011,56,2826,917.9047241210938,0.6973927906903767
7011,50,2528,828.7882690429688,0.8495056756797937
7011,50,2520,1171.3909912109375,1.0054693035449493
7011,21,1089,2970.91748046875,0.8039912187513656
7011,11,570,1587.050048828125,0.8837033166436734
7010,1747,87354,1702.8035888671875,1.236506660942688
7010,1663,83179,3160.044921875,0.9800270297737435
7010,1591,79565,1153.3563232421875,0.8523594580761871
7010,1575,78753,1075.7213134765625,1.30425575398143
7010,1522,76130,1901.165283203125,1.0
7010,1465,73284,328.5550842285156,1.0
7010,1441,72053,905.63037109375,0.9269269969412124
7010,1433,71667,3307.599609375,5.93663873942471
7010,1413,70662,1630.93212890625,0.7884440174345259
7010,1410,70522,1697.59765625,1.0
7010,1409,70466,1418.0408935546875,0.9447901529955393
7010,1383,69196,1732.060791015625,1.0090719994414417
7010,1339,66958,1136.0789794921875,0.856210599050734
7010,1327,66373,3099.236572265625,1.029757126358722
7010,1282,64111,1026.9339599609375,1.0
7010,1256,62835,3031.19482421875,1.0
7010,1252,62613,1550.3389892578125,1.075249580616782
7010,1234,61703,569.3660278320312,1.0143106356642009
7010,1228,61438,1392.25732421875,1.0
7010,1225,61265,999.4650268554688,1.2709978045945571
7010,1214,60712,1197.6798095703125,1.3925752977770216
7010,1120,56012,2856.741455078125,0.6742741337594973
7010,1102,55127,694.806396484375,1.0
7010,1083,54167,1373.8568115234375,1.1993280592017015
7010,1075,53800,1124.656005859375,0.7317848032859031
7010,1014,50736,4436.2724609375,3.806700942871201
7010,1000,50029,1030.94677734375,1.0
7010,993,49662,2668.2724609375,1.5158926842466016
7010,932,46648,2141.216064453125,0.7327183325746973
7010,908,45433,1261.3734130859375,0.38969638664101813
7010,907,45389,830.6642456054688,0.9868437695674922
7010,878,43927,1460.8172607421875,1.0
7010,839,41957,3463.4697265625,1.5199351635956435
7010,792,39641,950.509033203125,1.3102681242125715
7010,784,39229,3841.91845703125,9.914199497659284
7010,740,37018,1222.525146484375,0.7222811962054669
7010,737,36890,830.1920776367188,0.6456485034904341
7010,694,34709,1736.7408447265625,0.7142983562545326
7010,694,34706,490.6246337890625,1.0
7010,690,34542,964.015625,1.3537571917518312
7010,575,28763,795.102783203125,1.0
7010,507,25392,3025.0146484375,0.1314043447594515
7010,505,25273,756.9595336914062,1.0
7010,493,24694,756.2282104492188,1.0
7010,247,12381,1121.234619140625,0.6766973585502809
7010,224,11228,3251.286865234375,0.6227466221029421
7010,144,7243,1186.7181396484375,1.0
7010,106,5345,1098.5838623046875,0.8001966848204894
7010,56,2805,1423.3905029296875,0.6945599085356069
7010,51,2574,1351.3192138671875,0.9927675869993668
7010,45,2282,1158.9974365234375,1.012035042231178
7010,32,1633,3052.487548828125,0.8773938469079439
7010,24,1234,3675.965087890625,1.0
7008,1463,73187,1582.2513427734375,0.6752715180804969
7008,1410,70509,1637.63134765625,0.7372845410389182
7008,1408,70404,1351.4771728515625,1.0
7008,1407,70353,1340.16748046875,1.3846259966412964
7008,1400,70016,522.4760131835938,1.0
7008,1350,67510,1213.9876708984375,0.9893560448087327
7008,1327,66385,1896.7705078125,1.0270967577374688
7008,1325,66294,2833.954833984375,0.7774669056420109
7008,1317,65894,1913.5450439453125,0.2867446286148958
7008,1295,64788,1768.2596435546875,0.9590101936297522
7008,1285,64260,865.9850463867188,1.0381276886444601
7008,1229,61463,878.1974487304688,1.6755852556446642
7008,1200,60006,4204.521484375,0.18662757764925897
7008,1134,56718,944.0491333007812,0.46203135399093764
7008,1115,55790,3263.76611328125,1.0967711039151242
7008,1066,53339,2042.30859375,0.884733839210347
7008,1059,52956,1802.8153076171875,0.38471813883454264
7008,1036,51847,620.3798828125,1.0
7008,973,48694,631.9689331054688,1.0
7008,968,48404,1447.306884765625,1.0107906126111117
7008,960,48006,818.1683349609375,1.0
7008,959,47952,722.6157836914062,1.0
7008,947,47391,1925.087646484375,1.0
7008,933,46685,1007.0719604492188,1.0
7008,927,46391,1209.827880859375,1.0
7008,860,43004,1377.0064697265625,1.3531703999766034
7008,773,38676,1175.86669921875,0.6991481859441078
7008,731,36579,1493.348388671875,1.415067248181503
7008,683,34188,1255.9024658203125,1.0
7008,673,33681,2011.7630615234375,1.0
7008,631,31577,1130.771484375,0.8906426175556226
7008,623,31168,1111.19189453125,0.5894733670308044
7008,577,28860,3030.605712890625,1.495036968071548
7008,535,26793,1837.5042724609375,1.2046270888394266
7008,514,25727,1067.1448974609375,0.9591980899899861
7008,503,25199,1266.18017578125,0.6966643200986711
7008,386,19348,960.7864379882812,1.0
7008,358,17945,2005.114501953125,0.6743284628304358
7008,320,16004,987.8767700195312,0.662105183530165
7008,318,15905,949.1948852539062,0.7596681469101771
7008,300,15010,1458.9722900390625,1.3103979648064592
7008,300,15003,1056.1116943359375,0.9583837728914488
7008,274,13748,1605.251708984375,1.0
7008,273,13683,794.7721557617188,0.7591291636688313
7008,231,11582,3878.123291015625,1.0
7008,227,11359,1339.292724609375,1.0
7008,142,7109,3786.235107421875,0.9719397883595018
7008,122,6130,1617.5697021484375,0.9375643286240605
7008,13,672,1418.4630126953125,0.8972232860525321
7007,135,6778,3262.7548828125,0.7192321804988635
7007,50,2544,1676.513916015625,1.5114230875121526
7007,26,1345,1952.32666015625,0.8893816953810816
7007,2,145,3166.837890625,1.0
7007,2,135,1298.5166015625,0.8070923259521305
7006,606,30342,1468.816650390625,1.0
7006,576,28824,1389.790283203125,0.6684794947101419
7006,556,27827,2001.7874755859375,0.6194945912071879
7006,501,25095,778.8419799804688,1.1542170660220792
7006,493,24656,835.5684814453125,0.8113882806631417
7006,491,24551,1283.3338623046875,1.0
7006,431,21562,3748.41943359375,0.8433653247514974
7006,402,20113,687.021728515625,1.0
7006,331,16569,1218.2620849609375,0.8664668341109656
7006,260,13012,1587.2222900390625,1.1972004945929369
7006,239,12000,905.120849609375,1.3162267316169216
7006,195,9799,1602.7757568359375,0.8692340348008039
7006,141,7064,2318.423095703125,1.0
7006,64,3223,5037.82861328125,1.1070966807174345
7006,36,1832,617.0435180664062,1.0
7006,28,1434,1297.36767578125,0.9787956265950613
7006,22,1135,1675.06787109375,1.0
7006,21,1073,1556.947265625,0.6801384520005738
7004,1706,85312,972.734130859375,1.0
7004,1566,78331,612.6808471679688,1.0
7004,1517,75899,867.6472778320312,1.3502249918926101
7004,1464,73205,1339.423095703125,0.7378092606307394
7004,1458,72917,1067.227783203125,0.9220871182315364
7004,1377,68853,1204.9954833984375,1.0
7004,1371,68565,1756.7576904296875,0.7312223121346797
7004,1312,65639,1351.1151123046875,0.6115938889194692
7004,1212,60628,1433.8912353515625,1.333726564828432
7004,1144,57241,4983.80859375,1.0
7004,1130,56536,1324.431396484375,1.0
7004,1056,52850,723.237060546875,1.0
7004,1052,52646,1065.9735107421875,0.7561562622854463
7004,1000,50032,5807.10595703125,1.0
7004,966,48348,1056.132568359375,1.0
7004,942,47119,4932.13037109375,0.6875609174977522
7004,939,46988,1483.558837890625,0.6445247804109977
7004,931,46576,1442.7049560546875,0.6487867079709669
7004,922,46137,1485.8365478515625,1.0
7004,896,44838,1422.2972412109375,0.8350508248744555
7004,845,42294,938.40966796875,0.6887023439310489
7004,845,42261,4645.73583984375,3.305862368383959
7004,802,40112,873.29931640625,1.1969009250787872
7004,691,34589,1764.5010986328125,1.0
7004,684,34203,1009.2288208007812,1.1279918737186834
7004,645,32252,4037.4501953125,0.7866842078486644
7004,620,31023,1239.147216796875,0.6481986307496571
7004,617,30872,1861.3740234375,1.2211045970871623
7004,533,26656,867.0103149414062,1.0
7004,500,25005,1762.9420166015625,1.0
7004,475,23784,507.21551513671875,1.2000297056919806
7004,461,23069,1299.580322265625,1.4908075718471931
7004,435,21751,2499.991455078125,1.3146146114837547
7004,381,19059,1387.265625,0.925761541265253
7004,362,18133,1105.31640625,1.4414778965163246
7004,354,17705,1946.851318359375,0.6741253522067496
7004,334,16706,710.7744140625,1.0
7004,320,16030,1900.440185546875,1.0
7004,256,12842,1254.7005615234375,1.0
7004,255,12783,2372.236328125,1.0170366809297486
7004,231,11551,476.4335632324219,1.0
7004,220,11038,420.18170166015625,1.0
7004,152,7625,1159.403076171875,1.3590050525880593
7004,139,6985,891.0452880859375,0.5758794997551133
7004,76,3822,1149.676025390625,1.0
7004,9,474,1122.09619140625,0.83477356687707
7003,1709,85459,1679.3599853515625,1.0185291036027864
7003,1649,82461,922.3240966796875,1.0311172364507235
7003,1649,82456,1246.027099609375,1.0
7003,1612,80648,1384.01416015625,1.118491422366349
7003,1584,79219,764.466064453125,1.0
7003,1584,79209,549.7227783203125,1.0
7003,1579,78986,757.8409423828125,0.6411455396212845
7003,1570,78518,776.5402221679688,1.5733364824676368
7003,1553,77651,1177.6162109375,1.0
7003,1517,75871,1594.2410888671875,0.6857971497118596
7003,1502,75111,892.4247436523438,0.8799272890633493
7003,1458,72903,4571.03271484375,3.8313344805584917
7003,1454,72732,741.04541015625,0.7729383158669896
7003,1446,72322,832.1099853515625,1.1299036258578334
7003,1435,71781,839.2706298828125,1.044806323935635
7003,1401,70099,974.3662109375,1.2738966785042214
7003,1397,69869,1933.0335693359375,1.2992017203381803
7003,1380,69026,1329.290283203125,1.048823327683996
7003,1274,63747,1304.9151611328125,0.6819145305053127
7003,1265,63287,2221.5478515625,0.7943788764496698
7003,1234,61742,748.9053955078125,1.0
7003,1206,60306,710.2007446289062,1.0
7003,1178,58902,2247.71484375,0.6744371644323519
7003,1133,56665,1537.648193359375,0.7275384663710025
7003,1071,53572,2545.999267578125,0.1403150019244166
7003,972,48645,5144.61669921875,1.104294641026013
7003,962,48138,803.7018432617188,1.0
7003,911,45593,1358.1927490234375,0.6793921648706152
7003,880,44046,804.2113647460938,0.8501107778408756
7003,785,39299,1372.94384765625,1.0544176914107184
7003,732,36622,1234.6492919921875,0.8994274641996047
7003,719,35990,1170.688720703125,1.2199599499628335
7003,712,35627,440.62451171875,1.0
7003,705,35281,750.0204467773438,0.9251357958622161
7003,685,34272,1057.8428955078125,1.0
7003,675,33773,1538.9605712890625,0.5210304790616634
7003,674,33745,1077.7308349609375,1.2748098966606505
7003,669,33496,1462.284912109375,1.3931835911662553
7003,623,31162,1638.1771240234375,0.806505999411974
7003,576,28808,1452.7503662109375,1.0
7003,418,20924,1011.85205078125,1.2025292429659902
7003,401,20099,2903.061767578125,1.0
7003,349,17494,1583.3043212890625,0.8210647509243709
7003,307,15365,1427.306640625,1.3672179489944618
7003,282,14108,4074.946044921875,0.6791283626621727
7003,246,12336,214.1661834716797,1.0
7003,243,12175,1319.945556640625,0.49723221386564087
7003,236,11846,1735.1761474609375,0.8914876059651913
7003,187,9390,1171.4127197265625,0.8079477483621385
7003,187,9363,2304.5859375,1.0
7003,105,5292,1416.058837890625,0.9607551112479198
7003,97,4879,1090.70751953125,0.9809601043829003
7003,90,4506,1696.8109130859375,0.5034674531270766
7003,49,2459,535.3114624023438,1.1165432248168943
7003,32,1649,848.3719482421875,1.0
7001,1097,54864,2233.262451171875,0.12360366665071032
7001,1072,53610,1073.415771484375,0.692029170437436
7001,1070,53521,1068.42822265625,1.0
7001,1039,51985,876.6997680664062,1.0
7001,1030,51502,627.5615844726562,1.0
7001,896,44825,797.0758056640625,1.2983292759409288
7001,896,44824,3377.0791015625,0.9480471740731771
7001,890,44548,1405.7567138671875,1.0
7001,889,44487,1335.2078857421875,1.5175429109127667
7001,868,43441,1149.614990234375,1.1578460705843456
7001,857,42881,1521.6968994140625,0.14507683839741015
7001,853,42655,1341.21337890625,0.699086230967827
7001,817,40876,1426.6470947265625,1.0
7001,771,38561,1050.0914306640625,1.0
7001,770,38525,1713.84521484375,0.6800485310184352
7001,769,38493,760.8854370117188,1.0
7001,751,37596,983.2750854492188,1.0
7001,733,36680,1847.173095703125,1.195230815613762
7001,668,33423,1206.928466796875,0.37077286663893494
7001,632,31602,1131.5762939453125,0.853513770624561
7001,581,29061,650.5142211914062,1.0
7001,517,25897,1123.00439453125,1.215121792701626
7001,502,25104,1951.3433837890625,1.0
7001,496,24836,1191.8348388671875,0.7093942778032192
7001,436,21847,1630.1744384765625,1.2212215737892176
7001,432,21644,1005.1478271484375,0.6737854006214961
7001,390,19536,1401.1236572265625,1.0565025536483197
7001,367,18380,3485.677001953125,0.1985460384640214
7001,346,17312,1624.718505859375,0.8485906704088906
7001,313,15692,1309.08203125,1.505383192260217
7001,241,12094,1426.1810302734375,0.2918363379578548
7001,166,8321,1310.2166748046875,1.0
7001,162,8109,2980.064697265625,0.9959805911206598
7001,134,6746,2069.03857421875,1.3383300668787363
7001,107,5369,2457.052490234375,1.2804333644621777
7001,72,3626,1017.8680419921875,0.7251849620583717
7001,66,3324,2371.482421875,1.0422338212949502
7001,14,706,1521.0338134765625,1.0
7001,7,391,1664.17724609375,1.0
6999,23,1185,880.7733764648438,1.0164683008954916
6998,178,8948,812.7637329101562,0.9610564346502438
6997,50,2520,2021.1451416015625,1.0
6997,34,1740,971.0137939453125,1.0
6991,234,11738,1408.3048095703125,1.1251922792543587
6989,71,3566,4682.205078125,1.0
6989,59,2958,1651.407470703125,1.0
6989,31,1577,4047.641845703125,1.1423783497613085
6986,23,1187,1448.7706298828125,0.9375672330972797
6980,129,6500,2764.801513671875,0.9635502437104646
6978,116,5829,1488.42626953125,0.905416103997628
6978,88,4427,2093.749267578125,0.9460323495925327
6978,45,2291,1024.2545166015625,0.8632614245098406
6975,22,1103,1684.4307861328125,1.4180654701389332
6973,227,11380,1001.7936401367188,1.0
6973,177,8851,4189.2958984375,0.68165592643191
6972,28,1436,5933.9462890625,1.472156188121746
6970,42,2104,1316.6435546875,0.847791941046873
6958,122,6119,1434.602783203125,1.0
6958,106,5328,519.1635131835938,1.0
6950,19,991,4860.62060546875,1.0658198352539956
6950,0,31,2116.192138671875,1.0
6949,107,5355,1083.011962890625,0.7288746755779083
6945,58,2944,1536.735595703125,1.0703152289020312
6944,7,355,894.3301391601562,1.0
6939,76,3840,1069.309814453125,0.5721702150542092
6936,161,8060,1030.661865234375,1.0
6936,143,7188,3682.91455078125,0.8895374408334064
6934,159,7995,1002.3878784179688,1.0
6934,31,1561,1073.1041259765625,1.0
6932,73,3683,1124.5799560546875,0.23351009328702843
6930,83,4175,1516.2703857421875,0.7201318138104507
6925,7,367,2214.072509765625,1.2160210569409597
6922,73,3687,1302.98828125,0.6870073442041884
6922,63,3182,1922.873291015625,0.7903130605669312
6919,176,8802,944.09619140625,1.1375350900826242
6916,42,2148,1385.6734619140625,0.6764681790564422
6916,16,846,701.302734375,1.1596597067173608
6907,154,7728,795.5050659179688,0.7192527668340972
6905,121,6089,797.4949951171875,1.0950336352227144
6901,160,8038,1264.6611328125,0.6847688714680604
6901,160,8014,996.2843017578125,1.0
6901,84,4249,1637.9935302734375,0.7360844856709974
6901,39,1978,1123.9937744140625,0.6750382469652176
6896,48,2432,709.308349609375,1.2787465254861103
6888,47,2396,709.4526977539062,1.2459448698061948
6888,37,1884,4124.78125,0.41325355025575705
6887,18,904,4483.56005859375,0.8779309850645747
6884,22,1108,1409.90234375,0.852182729675268
6879,134,6733,1722.99853515625,0.6872116163558541
6879,119,5995,1447.7115478515625,1.0390813415835973
6874,133,6666,977.7227172851562,0.7691656594054979
6870,7,382,2762.713623046875,0.7585588907165455
6867,7,374,715.314453125,0.9298135386793576
6866,166,8340,1692.5277099609375,1.0
6865,79,3987,1953.345703125,0.26302350656692
6861,210,10509,628.0233154296875,0.6274073381868676
6861,203,10159,1338.393310546875,1.0537503172565577
6859,241,12054,1399.630615234375,1.2873389037950245
6859,194,9702,826.3469848632812,1.0
6859,184,9228,1810.5750732421875,0.5744140167524506
6859,161,8058,792.6253051757812,0.9426570264678248
6859,82,4101,1130.85888671875,0.8156150595146309
6855,19,973,1050.70703125,0.8147094459806004
6854,10,548,4231.73388671875,1.0
6853,170,8529,1469.113525390625,0.6836227882320081
6853,79,3955,630.3353881835938,1.0
6837,16,850,1585.816162109375,0.35554076710218774
6830,224,11215,1621.985107421875,1.0
6830,84,4247,4222.8701171875,3.744555029580126
6828,173,8658,4269.859375,1.0
6827,185,9266,1144.688232421875,1.0
6827,52,2623,703.94775390625,1.0
6822,111,5585,1900.7958984375,1.4166835190284446
6814,28,1445,1370.7576904296875,1.0
6814,23,1166,674.0731201171875,1.0
6812,56,2816,1161.9385986328125,1.1654703183349484
6806,40,2036,1492.82958984375,1.0
6805,34,1731,1482.3250732421875,1.353258867802581
6805,12,632,1753.1253662109375,1.0079119282527043
6804,18,934,1854.0858154296875,1.0
6801,58,2922,1248.7305908203125,1.2929648246726633
6798,225,11279,756.51953125,1.0
6798,197,9879,957.3388061523438,1.1069407080792164
6792,53,2677,872.2332763671875,1.0
6789,120,6036,1627.64892578125,1.8757181197497588
6789,54,2728,552.0704956054688,1.1314053252825853
6789,24,1248,442.80145263671875,0.9357219591029798
6788,46,2342,1752.2855224609375,0.718553172304752
6787,169,8460,2102.1865234375,0.7339134454478844
6787,75,3774,1506.486083984375,0.6920527142287312
6786,165,8295,949.3900756835938,0.29976610878531207
6785,215,10798,640.2628173828125,1.07979989372983
6784,15,789,1645.422607421875,0.6192958135337518
6783,43,2199,1025.8575439453125,1.0
6782,32,1630,697.644775390625,1.0
6780,228,11402,2043.71142578125,0.38881673441598186
6777,52,2622,836.1718139648438,0.8518711083376391
6776,142,7138,998.9356079101562,0.5077894381758061
6773,8,402,1694.46923828125,0.9314637890157955
6772,19,976,553.670166015625,0.9181283513187515
6772,15,778,2038.4073486328125,1.3588846125714982
6769,216,10837,1903.8878173828125,0.6832592725870996
6766,101,5097,1875.933349609375,0.5200824666207641
6756,79,3961,529.8218383789062,1.0
6756,34,1733,3031.791748046875,1.0
6756,7,376,816.4228515625,1.0
6749,194,9721,1326.9854736328125,0.6741559198926053
6749,119,5955,2261.512451171875,1.0
6749,58,2912,688.7316284179688,1.1892910994596797
6748,183,9167,1486.00390625,1.1236193363547393
6748,109,5461,1024.5943603515625,0.7086108749897054
6717,5,294,1766.5050048828125,0.570262874548118
6698,78,3912,1922.8675537109375,0.36805495859340676
6698,2,119,2822.386474609375,0.15123207891621226
6690,157,7889,1217.693115234375,0.8809757219159515
6687,225,11299,803.7269287109375,0.7665574882825337
6687,216,10824,1550.1070556640625,1.3767051662917758
6687,0,26,1928.9163818359375,0.1367296516082006
6686,72,3621,3338.096435546875,0.563206269940341
6686,6,338,745.0838623046875,1.0
6683,49,2488,1305.2774658203125,1.1765901058944312
6671,83,4193,1037.09814453125,0.731710053790507
6670,24,1204,1327.2403564453125,1.1598931179787941
6669,92,4626,2774.310791015625,0.7574833322047778
6669,85,4259,1584.3734130859375,1.384569988974815
6667,33,1694,1188.30859375,0.14576661428676396
6664,216,10813,809.07568359375,0.8040305552769809
6659,11,584,1886.7432861328125,1.0286733940582724
6653,47,2369,738.44287109375,1.0
6649,43,2174,1289.3406982421875,1.0
6649,12,609,959.3327026367188,1.2297073423028142
6647,96,4811,1141.933837890625,0.5387867406643978
6647,61,3098,3455.365234375,9.78527026024465
6647,26,1336,862.9186401367188,1.0
6642,65,3260,924.020263671875,1.0
6641,44,2209,1559.6158447265625,0.6790914574789433
6634,55,2799,2248.875732421875,0.7993069868548883
6632,67,3359,891.76025390625,1.0
6630,88,4408,1260.6021728515625,1.0
6623,40,2042,1322.2354736328125,0.9329906013262518
6622,44,2215,5761.13232421875,1.0
6621,9,470,1574.65966796875,0.27715109799269944
6621,6,321,881.282470703125,0.9993802299226221
6620,125,6260,1130.3272705078125,0.7854331152450499
6616,58,2934,3865.17724609375,0.6860393071564266
6614,114,5733,930.9591674804688,0.9590282851124721
6614,100,5049,1361.6258544921875,1.087907896563109
6611,126,6324,1605.923828125,1.3974442383495955
6611,109,5451,1564.6416015625,1.0
6611,108,5449,1411.1695556640625,0.7989665868604838
6611,28,1416,3874.959716796875,0.8403657257062889
6611,14,725,1428.0399169921875,1.049110675814889
6609,29,1491,1338.556396484375,0.6305265683475239
6603,1,63,1250.5986328125,1.1024318555950077
6600,147,7361,1736.922119140625,0.7701611615758548
6594,81,4067,1660.8551025390625,0.6759159011251823
6592,63,3163,1570.0133056640625,0.41284838813613156
6591,99,4963,1657.4427490234375,1.2905003591979038
6589,44,2239,1391.6165771484375,1.002179106297202
6588,42,2102,1346.52294921875,1.0
6577,107,5357,984.1268920898438,1.0
6577,106,5302,851.8355712890625,0.8252689015851381
6572,124,6228,745.63232421875,1.2008637701052574
6572,86,4327,2204.28515625,1.4813336751646065
6571,195,9799,1884.73486328125,1.0
6571,120,6042,1231.7523193359375,1.0
6571,51,2555,2511.81201171875,1.0
6568,18,911,1061.45703125,0.8336200300887171
6568,17,859,1296.052490234375,1.2246692045593
6562,27,1352,1681.5499267578125,0.8049294171110442
6560,66,3340,988.7655029296875,1.0
6559,60,3035,3572.042236328125,0.16673066834312733
6559,39,1997,3071.16845703125,0.8358622164004401
6552,18,922,1271.654052734375,0.7287070135364128
6551,92,4618,921.0661010742188,1.0
6551,28,1401,712.2784423828125,0.8557293249560427
6548,32,1625,1246.4102783203125,1.3468870154569361
6548,10,519,840.7227172851562,0.9838147742324692
6546,11,580,1525.4498291015625,0.9666567233899659
6544,196,9819,1293.9075927734375,0.3320952367547916
6544,195,9762,2534.46630859375,2.8418103078577577
6544,107,5388,4114.9716796875,1.9745478554505242
6533,155,7752,1054.3714599609375,0.12591370223270593
6528,79,3967,693.3761596679688,1.196515828360277
6525,4,212,1073.2755126953125,1.0
6521,135,6759,1279.094970703125,0.5758254430720217
6521,82,4125,861.6342163085938,1.0
6497,103,5187,3081.358154296875,0.6793327003967553
6497,29,1467,1675.4716796875,1.0933516535470225
6489,96,4820,2060.45263671875,0.345076231871319
6487,93,4689,864.5457763671875,1.0
6483,96,4812,1445.6796875,0.9777976193745882
6478,89,4491,1702.6287841796875,0.7365339068325925
6468,92,4606,902.0083618164062,0.7304911438510413
6468,90,4545,4191.9638671875,0.9606650940478793
6462,3,175,1969.1939697265625,1.5098830417208207
6461,6,333,826.8634643554688,0.7921347553032205
6457,2,116,1368.9163818359375,1.0
6453,92,4619,1210.09375,1.1218833891695092
6453,18,917,1026.471435546875,0.6998298666889504
6446,162,8122,1081.6357421875,0.3364732113598683
6446,68,3411,1154.577880859375,1.0
6440,48,2439,834.7741088867188,0.7912583481277436
6433,3,151,680.7118530273438,0.8667850045671145
6423,190,9547,3503.826904296875,1.3078431257408543
6417,159,7993,3312.59375,1.0
6417,30,1519,980.3607177734375,1.0
6412,108,5402,1115.2481689453125,1.0
6405,11,597,796.36181640625,1.233917307663748
6401,88,4412,1734.2698974609375,0.6758510368894031
6387,206,10309,1667.663330078125,0.6941732707494757
6380,151,7570,2953.398193359375,0.9103928934252339
6379,137,6859,1618.8909912109375,0.7109976380325342
6379,136,6809,1617.888671875,1.0
6375,25,1274,996.1232299804688,1.0
6370,78,3942,902.4744873046875,0.7432942237521236
6370,40,2037,1489.833984375,1.1186588351822184
6369,8,406,1263.2799072265625,1.2371461439976044
6366,65,3261,3826.6181640625,1.0
6361,18,911,1203.7535400390625,0.5351105658575632
6356,19,967,1236.7196044921875,0.21937497670207096
6353,49,2459,841.1154174804688,1.0
6348,181,9054,741.816162109375,1.3786823533244534
6347,101,5075,3938.63720703125,0.17451014418404243
6339,89,4499,1369.014404296875,0.8352897512609662
6337,13,663,3122.27685546875,7.014727239398607
6336,144,7243,2318.112548828125,1.370528536875146
6333,14,747,2522.7138671875,0.7568246658612983
6332,1,80,2483.95654296875,2.747772112564392
6322,53,2688,1530.85302734375,1.0
6318,106,5325,778.9559936523438,1.0
6315,48,2409,936.4243774414062,1.0
6314,123,6195,5386.46044921875,1.0
6314,84,4237,4031.991455078125,1.429097792025331
6310,4,216,1572.641357421875,1.0
6301,122,6136,1881.9649658203125,0.8573935874287051
6301,16,850,2082.8857421875,0.33632856529282606
6297,16,806,1525.928955078125,1.0618808480526736
6285,140,7006,1800.578857421875,1.0
6280,30,1515,3491.2373046875,1.0
6278,39,1999,889.2080078125,1.0
6261,0,14,1108.4876708984375,1.0
6235,81,4096,3179.46240234375,1.0
6227,19,951,669.313720703125,1.1136982658201924
6221,57,2872,863.5191040039062,1.021089667907526
6217,71,3557,2389.248046875,1.0
6217,25,1254,586.4157104492188,1.0
6206,49,2499,1290.5294189453125,0.7824390933022529
6201,23,1197,2012.197021484375,1.0
6195,80,4027,1383.6468505859375,0.2576248736235247
6180,50,2503,1207.128662109375,1.0
6180,48,2408,3467.565673828125,1.0325599057885086
6180,24,1247,1252.6971435546875,0.6918321987465859
6176,37,1899,1755.0885009765625,0.5552301671200731
6176,2,118,1351.6199951171875,0.675491399698793
6176,0,50,1784.7825927734375,1.0
6170,43,2187,2107.05224609375,0.6392039676997283
6163,13,684,1393.764892578125,1.1832095164805008
6153,59,2993,1695.71630859375,1.0547826064043397
6153,30,1533,1342.3841552734375,0.7294514811846093
6151,57,2861,1338.863525390625,1.1123873693494342
6144,4,242,1127.44677734375,1.0
6118,88,4414,1815.5615234375,0.7000923566334445
6110,1,69,1250.999755859375,1.0
6107,1,57,809.6732788085938,1.0
6102,69,3479,792.096923828125,1.2047449927424148
6100,219,10984,2036.883056640625,1.024411432110506
6078,63,3178,3732.797119140625,1.0
6065,49,2457,987.1531372070312,0.8808367428772943
6063,38,1950,1430.2335205078125,0.6871503253428877
6059,67,3366,802.0899658203125,0.9149742673346806
6027,85,4253,981.8780517578125,1.0
6022,21,1055,2120.84228515625,0.7721674923469217
6011,20,1033,1123.7806396484375,1.0853828127095166
6007,99,4993,959.3849487304688,0.5102900009659048
5996,46,2334,1266.94482421875,1.0
5977,166,8332,1244.2032470703125,1.0
5976,30,1523,2236.211669921875,1.3357002569354823
5949,43,2199,1603.67333984375,0.691201392051773
5933,188,9434,960.9718017578125,0.8642992800148288
5930,84,4242,3678.92724609375,0.2688408949343237
5929,25,1282,935.3504028320312,1.0
5920,27,1365,618.1759643554688,1.0
5915,67,3382,745.0101318359375,1.3556070744247082
5912,106,5323,1085.7923583984375,1.0
5906,201,10066,1238.475341796875,0.18027415209977415
5906,136,6838,1380.845947265625,0.732543851839552
5905,56,2845,647.51025390625,1.0
5897,8,425,2309.328857421875,0.6949105064112386
5894,110,5502,1250.2877197265625,1.0
5891,18,901,545.6685791015625,1.0
5616,96,4831,429.8374328613281,1.0
5616,66,3341,1459.9378662109375,0.9165970791058824
5605,114,5737,758.0171508789062,1.0
5605,26,1330,1319.2691650390625,1.1387581152086346
5604,29,1490,3289.51220703125,0.8219828528248811
5602,77,3874,1838.1536865234375,0.11824183331622251
5597,49,2455,2778.1181640625,1.3544308818831028
5589,60,3006,1151.1444091796875,0.837504326362322
5584,39,1961,645.5222778320312,0.9854260359690937
5582,7,360,885.55029296875,1.0
5581,46,2313,4285.42333984375,1.0
5578,50,2502,969.0302734375,1.0714126107507482
5578,24,1203,1818.425537109375,0.6970823400378596
5574,31,1558,1211.263671875,1.0696467400225103
5573,40,2014,3124.204833984375,0.7958080603324629
5567,24,1222,1706.7548828125,1.2290298763194507
5564,144,7215,811.4678955078125,1.040531246860574
5564,27,1370,1859.3338623046875,0.8382614335562801
5547,133,6699,1026.9849853515625,1.27307803802067
5540,30,1523,1233.6744384765625,1.0
5535,24,1247,992.4048461914062,1.0
5533,12,637,1118.853271484375,0.6986511178006012
5533,1,96,3262.009033203125,2.634086141274196
5532,14,709,1808.44287109375,1.3324084153631681
5519,114,5742,1753.3887939453125,1.0
5516,101,5078,1568.6544189453125,1.0
5508,86,4330,2953.0830078125,0.7156778264131309
5504,15,751,481.1786193847656,1.18974084555818
5470,77,3858,1389.9930419921875,0.9936625243285124
5441,79,3999,1079.947509765625,0.7504357610339243
5436,151,7556,1697.5054931640625,0.8737388903097804
5427,1,91,993.2177124023438,0.42416722417436037
5399,22,1121,3089.522705078125,1.0631679383172583
5393,42,2103,1164.4725341796875,1.1348386275925044
5382,127,6365,1286.965087890625,1.0
5364,15,780,502.9058532714844,1.0
5351,25,1258,428.9096984863281,1.0
5337,103,5179,1287.677490234375,0.6895535538613142
5334,42,2139,3935.955078125,1.0436162790941876
5332,179,8956,944.8892822265625,1.240729750929527
5331,38,1944,998.4168090820312,1.0
5226,46,2333,1217.6871337890625,1.0
5195,14,734,1024.5699462890625,0.6123544802324155
5191,61,3079,979.9918212890625,0.76681218943412
5187,117,5888,3036.791259765625,1.0
5187,38,1920,1943.7872314453125,0.7009023211129781
5179,219,10999,1346.1800537109375,1.0526221036623173
5169,58,2949,1737.0831298828125,1.4827620283248497
5168,28,1431,4183.81787109375,0.3430546258171632
5151,28,1412,1535.5277099609375,1.0
5146,46,2331,1579.133544921875,0.8814130260256127
5130,27,1356,730.925048828125,1.0
5122,6,315,1309.200439453125,0.9505943188762038
5106,67,3386,1485.3494873046875,1.028348941797364
5071,1,74,1236.6202392578125,1.0
5046,34,1732,1285.5849609375,1.0315488630644445
5029,90,4550,1158.195556640625,0.8212115965051917
5025,12,623,1538.0303955078125,0.8779470554197212
4991,53,2658,4613.08154296875,4.132064675909756
