13691,148,7439,1257.4930419921875,0.7016378020913645
13689,77,3885,1668.77001953125,1.0
13689,56,2831,1981.2269287109375,1.297160253001162
13688,156,7829,1702.620361328125,1.3519787902273022
13688,90,4516,1424.2847900390625,1.1399446748460595
13680,71,3565,1767.2840576171875,1.540703705599224
13680,48,2404,1596.7354736328125,0.7158239445853989
13678,128,6431,953.8562622070312,1.0
13678,36,1808,1305.9063720703125,0.5353425874742599
13675,258,12932,1760.6983642578125,0.6995069057297771
13675,151,7593,2255.378173828125,0.864832664928734
13675,151,7590,1258.77734375,0.8757044219596652
13674,8,433,1484.8353271484375,1.0
13674,0,29,1485.187255859375,1.0
13661,91,4577,5436.1689453125,1.0
13661,55,2777,1046.1976318359375,0.8021119574669193
13655,18,948,2562.00341796875,0.8393178906801536
13652,66,3307,1572.8492431640625,0.8063156218322883
13649,2,119,1410.3740234375,1.0
13645,1,71,1356.1708984375,0.7595768102488718
13641,11,558,1351.725341796875,0.6815805354058548
13639,17,860,2939.081787109375,2.1418200061961974
13639,3,181,945.5933837890625,0.8179080942951411
13633,5,255,1686.2281494140625,0.877320907842152
13629,117,5896,2278.2568359375,1.1577769598377639
13625,14,725,1644.152099609375,0.6936139900660485
13624,25,1289,782.6009521484375,1.076092348891154
13616,331,16588,4821.77490234375,7.013478639551902
13616,91,4554,1480.8970947265625,1.0
13614,94,4746,5517.455078125,3.9214371374586436
13614,76,3820,806.40771484375,0.8250063954186555
13593,70,3532,981.755126953125,0.8190794534861581
13583,93,4663,1270.0052490234375,1.0170645516988683
13569,94,4733,1324.3011474609375,0.7023541371842275
13568,5,299,6037.681640625,1.0
13565,33,1698,1448.935546875,1.0
13547,86,4320,4024.02587890625,0.6797971122354494
13542,204,10233,2174.80712890625,0.1529418308610564
13536,67,3382,1008.3300170898438,0.7846572588677289
13520,210,10517,1725.0008544921875,0.8287192854072349
13520,206,10326,1257.694580078125,1.0
13520,205,10288,465.4782409667969,1.0
13520,25,1274,645.297607421875,0.8291514836444678
13510,56,2812,1601.5068359375,0.8903960614484353
13507,17,851,2791.824951171875,0.7171446077721535
13480,26,1346,3333.230224609375,2.6615265516948092
13479,8,413,1681.7734375,1.4177575762743053
13477,183,9190,1443.4378662109375,0.9811245476350576
13474,56,2836,743.6131591796875,1.080856710660877
13467,183,9153,1551.1783447265625,0.6863428383173917
13467,33,1662,583.6312255859375,1.1914046633030506
12566,204,10229,1481.34033203125,0.8527406861036334
12566,63,3194,1326.953125,0.7298798838715823
12566,56,2825,3231.88916015625,1.321306165490918
12554,21,1073,1219.3118896484375,1.0279903237659989
12550,101,5077,590.41650390625,1.0
12539,124,6222,1531.5751953125,0.6760955636582786
12539,33,1698,1544.76708984375,0.23733957161058528
12537,0,39,2397.4091796875,0.3774879477907278
12527,18,922,1408.049072265625,0.6750546519081049
12515,88,4439,1274.7315673828125,0.2530533420728436
12515,88,4427,991.2783813476562,0.860215719350595
12508,108,5422,1597.6346435546875,0.7924127865188278
12508,54,2728,4031.725830078125,0.8300881017260827
12503,10,506,1059.59326171875,0.701695540499973
12486,9,499,1422.1871337890625,1.0
12482,118,5923,1136.060302734375,0.9774077405822934
12460,4,227,1375.2572021484375,0.8133919107866292
12454,166,8308,1315.228759765625,1.0
12454,114,5743,1681.1966552734375,1.5618364732961156
12454,31,1597,1497.8026123046875,0.784254795012783
12454,11,598,1275.4010009765625,0.6924784662425536
12449,192,9613,1819.312744140625,1.0
12449,139,6968,1404.515869140625,1.0
12442,165,8265,870.6234130859375,1.0
12441,94,4749,1105.24072265625,0.8265264559045102
12431,303,15159,591.6530151367188,0.9902223028741315
12431,95,4762,605.8717651367188,1.0
12404,61,3066,1327.6097412109375,0.8912885961118807
12382,35,1775,1198.65087890625,1.0
12369,52,2613,1503.3507080078125,1.0
12331,7,375,1193.3162841796875,1.0
12146,83,4179,789.5138549804688,0.7946573916055473
12142,109,5499,1998.80517578125,0.9783853489133258
12139,357,17876,1144.632080078125,1.2352748838143
12139,278,13946,943.6244506835938,0.7051869688887742
12137,56,2823,1072.186279296875,1.0
12117,22,1121,1065.2725830078125,0.5439011270509823
12090,55,2787,1085.3199462890625,0.8198380486516751
12089,17,855,2392.137939453125,1.0
12084,74,3745,970.7463989257812,0.706250316490862
12083,372,18616,4161.650390625,1.5698772254647604
12079,99,4963,1063.007568359375,0.68418736740431
12077,90,4550,1330.6497802734375,1.5495342314970018
12075,50,2540,1476.014404296875,0.6820017854744109
12071,199,9969,1349.5472412109375,0.980286208542134
12071,171,8585,1487.55810546875,0.7107508617161828
12070,296,14819,711.47265625,1.0
12069,96,4811,1208.7686767578125,0.21213160773458895
12068,65,3256,1361.3336181640625,1.0
12066,268,13446,911.8985595703125,0.7206464149089118
12062,146,7326,5002.2568359375,0.8563245310263292
12056,412,20618,3296.305419921875,0.22937878254869193
12056,375,18777,1875.10302734375,0.6880154216908814
12054,211,10579,1747.564208984375,1.1858186730205902
12054,195,9780,1042.571044921875,1.0
12043,1,52,1933.0931396484375,0.709935612078528
12040,20,1008,582.0869750976562,1.0
12039,357,17881,1528.2613525390625,1.0
12039,142,7115,1517.5111083984375,0.3182415882846974
12039,96,4846,5035.13037109375,5.75267656790685
12039,56,2843,566.20361328125,1.0
12025,350,17516,1570.788818359375,0.7321825771265069
12025,4,246,1048.7010498046875,0.7715628054126746
12017,13,661,2216.905517578125,1.0
12016,396,19827,1672.859375,1.0
12016,241,12095,931.5760498046875,0.8225264481320868
12002,118,5915,2590.9521484375,0.2440672370707182
12001,37,1875,1380.414306640625,1.0
11998,272,13638,675.0485229492188,1.1396975089095671
11991,136,6820,1824.2984619140625,0.6790579221030264
11990,13,670,1992.468505859375,0.6834181127801211
11989,130,6508,629.3839111328125,0.9292791556040805
11976,275,13760,3326.6650390625,1.0
11976,213,10686,1707.46240234375,1.0
11973,23,1185,1184.7108154296875,0.6484770846200616
11972,44,2234,1600.200439453125,1.7258561755866337
11965,55,2764,908.6795654296875,0.7398635391834847
11963,430,21521,1462.5439453125,1.2282020667116902
11953,79,3990,1317.1751708984375,1.0
11946,23,1184,1469.760009765625,0.8476412694983126
11935,271,13581,1654.5999755859375,0.6905876653675025
11934,243,12164,1307.304931640625,0.7832999238276945
11933,159,8000,623.9276123046875,1.0
11927,38,1945,1354.067138671875,0.7895830787403543
11925,126,6304,1300.5926513671875,1.0
11924,20,1045,1293.2379150390625,0.1338862750955594
11915,61,3090,1520.566162109375,0.9808977996624637
11907,162,8104,602.123291015625,1.0
11906,231,11551,963.8925170898438,0.9833825081086982
11905,45,2267,756.24609375,1.0
11901,11,553,1742.31298828125,0.6772255306037642
11893,65,3257,501.6539001464844,1.0
11886,32,1630,2747.98828125,0.8688736410807703
11885,67,3385,1747.42236328125,1.0
11884,132,6638,3583.896484375,1.9910502195288011
11881,41,2098,763.1360473632812,1.0
11879,326,16318,6197.48974609375,1.0
11878,178,8944,1183.8701171875,0.7402615021747236
11872,225,11286,795.5148315429688,1.0312385755625568
11872,157,7870,1415.1668701171875,1.0
11870,212,10619,1426.5540771484375,0.7041792883346363
11869,66,3335,1140.3953857421875,0.9615676865082654
11868,90,4546,937.9127197265625,0.9193273451432982
11865,18,911,1322.784423828125,0.20143519664075238
11854,86,4345,3816.343994140625,1.082513973243089
11851,80,4005,1337.530517578125,0.9877859725182676
11845,180,9031,686.1693725585938,1.0
11833,314,15723,1341.6796875,0.6845574039000784
11832,129,6495,4155.41455078125,1.0
11831,74,3738,1370.294189453125,1.4113973597654441
11830,209,10467,1945.220947265625,0.9833469117200633
11830,1,100,1166.965087890625,0.9097900089835333
11829,127,6369,1177.1788330078125,0.6761883009543175
11820,125,6287,669.2294921875,1.0
11816,49,2482,792.2427978515625,1.0
11815,182,9119,871.3700561523438,0.8215059860386453
11813,131,6555,552.2387084960938,1.2572834715692256
11811,195,9756,967.572998046875,1.0
11811,127,6390,947.3021240234375,0.7159807335071326
11804,309,15478,1547.46337890625,0.7517898469007951
11796,78,3909,926.05322265625,0.7582342039702825
11793,85,4259,1007.4864501953125,0.3666554332394687
11787,116,5821,2899.5693359375,0.616448029458181
11786,113,5687,1054.788818359375,1.0
11786,19,994,1059.906005859375,1.0
11784,44,2236,1592.178466796875,1.0
11782,54,2727,1324.18359375,1.257791625631715
11765,93,4674,943.3092041015625,1.0
11761,257,12896,1884.3553466796875,1.0
11756,228,11440,1280.2196044921875,1.0
11751,75,3792,902.0101928710938,1.0
11751,52,2606,1394.620849609375,1.0
11751,8,442,1103.4080810546875,0.9983362933074151
11746,9,498,1222.6448974609375,1.28375448757456
11740,329,16492,1301.0848388671875,0.732529582808018
11738,177,8870,1195.0435791015625,1.0
11737,191,9587,1014.4436645507812,0.7528666964176441
11733,23,1168,1888.5198974609375,1.0
11715,45,2266,1172.3489990234375,0.8590572686846886
11709,66,3324,1694.719482421875,0.1287526845644742
11695,8,435,1500.2725830078125,0.891139079278864
11693,5,252,523.255126953125,1.0
11678,123,6166,2061.323486328125,0.6738358899692316
11678,16,844,1281.4345703125,0.5744876717902452
11664,17,875,589.369384765625,1.1843598298158655
11648,4,216,1506.8433837890625,1.1444841140794297
11631,58,2918,1332.0499267578125,1.0
11628,89,4457,1483.984130859375,1.0
11619,99,4984,1235.032470703125,1.1928547380844206
11618,86,4348,742.2536010742188,0.8412936564543565
11617,52,2625,986.2686767578125,0.8044230423019765
11614,50,2525,739.5503540039062,0.937802181146193
11614,24,1235,2803.953857421875,1.0
11614,7,389,484.82916259765625,1.0
11614,1,91,2333.253662109375,1.0
11613,18,937,1089.6553955078125,1.0802454723282273
11608,113,5659,1569.7374267578125,0.9404559615715455
11606,17,852,1299.1534423828125,1.0
11605,144,7214,946.5421142578125,1.1973854316954458
11593,18,915,855.064697265625,1.0
11589,143,7172,1645.511962890625,1.0223083449313148
11584,155,7769,1222.5823974609375,1.2679338413416703
11578,59,2961,509.0692138671875,1.3666660309372456
11576,2,124,795.8865966796875,1.0
11575,51,2595,1033.65234375,0.9253252115699637
11574,17,851,778.9266967773438,1.0
11558,18,934,1459.0540771484375,0.6737943903746337
11557,95,4774,1156.788818359375,0.7000417558422265
11554,65,3292,1574.220947265625,0.7567677989425186
11554,65,3280,716.4063110351562,1.0
11553,206,10309,1759.6568603515625,0.736281669990116
11553,175,8799,1356.962158203125,0.7457962202674151
11545,84,4203,1144.62890625,0.6744598478247881
11531,199,9983,1338.0570068359375,1.0
11529,319,15984,1620.215576171875,1.0421082073924555
11529,220,11047,2179.624755859375,0.48571198015487216
11527,129,6467,1530.052978515625,0.6767996963670881
11527,125,6269,4823.25439453125,0.7647706506560137
11520,129,6452,1144.1429443359375,1.0
11508,140,7041,910.2098999023438,0.7385649697127761
11508,132,6641,1571.0416259765625,0.8215790136909582
11286,65,3277,2273.32080078125,0.1331203857238823
11274,62,3147,1749.85498046875,0.57547224546489
11270,78,3950,1567.8157958984375,1.0
11238,49,2497,3134.53955078125,0.1547223011504275
11219,46,2310,1045.51513671875,1.0717245667077504
11205,19,983,1976.5517578125,1.1372240341403888
11198,179,8959,1468.94482421875,0.68801065611085
11197,23,1183,1737.09912109375,0.814339500752387
11194,73,3665,1659.5762939453125,1.1110860570014964
11187,81,4089,1871.69189453125,0.37139162597150177
11187,44,2213,1130.443603515625,0.8048235176899421
11182,151,7575,1505.7198486328125,0.7297253276540754
11173,95,4783,935.8761596679688,0.7491719235635117
11149,78,3938,1413.5411376953125,1.0
11133,69,3456,1566.6044921875,0.6887805769840967
11120,27,1362,1403.5084228515625,0.7151191072766547
11108,50,2524,1340.3299560546875,0.8845753752498764
11096,89,4466,1938.9676513671875,1.5059186540785363
11094,218,10938,513.3984985351562,1.3257522623201234
11074,85,4298,1861.26953125,0.5416550732491545
11072,38,1949,1071.0306396484375,0.7275748127380834
11068,61,3075,1318.206787109375,0.9367417168422489
11066,233,11659,1294.643310546875,0.5854500096487006
11059,55,2774,1374.5274658203125,1.0
11045,56,2843,931.3890380859375,0.8225825566416404
10975,8,414,1232.6441650390625,1.0
10952,211,10587,915.294921875,0.9024226651855725
10952,85,4288,1525.7308349609375,0.6999402596834379
10939,5,299,1010.6537475585938,0.6179422815044844
10938,133,6656,1021.11376953125,0.47445257949538333
10931,229,11484,1724.7962646484375,1.690342152201832
10931,112,5626,1403.6627197265625,1.0
10928,39,1962,1217.888671875,0.6828708990029526
10923,45,2255,3429.26904296875,3.2496878355779284
10921,339,16961,1105.8070068359375,1.0
10908,109,5478,759.7389526367188,1.00549361632418
10894,34,1718,1797.6307373046875,0.8748255276781006
10886,67,3379,1863.4810791015625,0.9569442997115396
10883,19,951,1544.6390380859375,1.0
10874,16,821,1347.150146484375,0.696133799084184
10856,89,4489,852.44287109375,0.692512057997642
10850,161,8081,2212.988525390625,0.6956340287335512
10850,116,5803,1115.8739013671875,1.2259515863051187
10847,95,4800,852.0108642578125,1.0001537472924247
10847,95,4775,2315.57763671875,0.6761922259394717
10840,89,4471,1105.26416015625,1.0
10836,25,1299,1505.25390625,1.0980979902815857
10832,17,853,4043.7978515625,1.0
10827,15,769,893.3240966796875,0.7997633110973719
10813,43,2196,1393.29541015625,1.0
10803,72,3625,3067.3671875,1.4288093310590062
10790,136,6843,945.5576782226562,0.860399309965054
10788,34,1721,1726.676513671875,0.7932840871539831
10766,128,6450,4820.91943359375,1.0
10755,203,10199,1226.645751953125,0.8222037985192964
10755,188,9441,5413.3125,0.13874541565643184
10755,119,5976,1737.4327392578125,0.8154495452962729
10748,42,2125,1075.1466064453125,0.8964916184147784
10748,32,1642,2640.235595703125,1.4813330605881692
10748,13,686,980.5909423828125,1.0
10747,49,2492,4013.991455078125,0.48853394095213987
10745,185,9259,840.367431640625,1.0
10745,57,2870,1576.9747314453125,1.0
10745,50,2522,1432.916259765625,0.7668202477532968
10741,253,12654,1261.7822265625,1.0
10741,118,5925,1459.8248291015625,0.7811280848584521
10741,76,3801,1639.559814453125,0.17418984105744562
10737,66,3349,979.6318969726562,1.0
10736,26,1337,746.7546997070312,1.1505824048012858
10735,186,9301,1490.28515625,0.7347166564031902
10735,107,5382,1079.0826416015625,0.2952591007355261
10732,26,1348,601.5052490234375,1.0
10727,63,3191,5189.0673828125,1.2134668751021949
10726,28,1401,1648.9755859375,0.943544673938906
10725,115,5795,706.5780029296875,1.588146680392171
10724,337,16852,1437.864501953125,1.0
10721,188,9425,1405.50927734375,0.7524496062096129
10720,6,320,899.8096923828125,1.1661131488556964
10716,191,9577,1617.78076171875,0.681988022463085
10716,160,8005,3137.369384765625,0.17791406963307166
10716,159,7964,1573.0172119140625,0.14729380336465536
10716,113,5677,1031.709716796875,0.8935279111931018
10716,19,989,1080.5252685546875,1.0767589018044426
10713,24,1225,1081.2496337890625,0.8042698130397082
10712,203,10184,410.2451477050781,1.0
10711,51,2573,1260.081298828125,1.0
10710,57,2862,1193.0810546875,1.0
10710,25,1252,1351.3070068359375,0.5575243851543954
10708,80,4041,1540.6900634765625,1.054264762858822
10705,114,5722,1276.9033203125,0.7011469573114952
10704,269,13492,3931.057373046875,1.0
10704,209,10482,797.0729370117188,0.710326779604189
10704,179,8986,1793.973388671875,0.6880329867404054
10704,173,8683,1329.73876953125,0.971107632317793
10698,24,1216,552.4193115234375,1.0
10698,8,405,1014.5086059570312,0.7423682416212285
10697,67,3375,1279.424560546875,0.6783486084296289
10696,151,7575,1690.3642578125,1.0819020892520739
10696,146,7308,820.10205078125,0.8197171211572856
10694,177,8856,948.2108154296875,1.0969341411884561
10694,137,6882,2103.335205078125,1.2924813513702091
10694,96,4828,1316.7547607421875,0.8302963349858978
10694,72,3634,1766.497802734375,1.0
10693,104,5204,4919.548828125,0.7108700759387718
10690,176,8826,963.0400390625,1.0
10690,116,5827,625.3604125976562,1.2754590888267412
10689,21,1051,3781.224609375,1.0
10688,145,7268,4022.282958984375,4.552941162854632
10688,122,6145,924.5675659179688,1.0
10685,109,5453,2351.4619140625,0.6785200102006883
10685,68,3406,957.5289916992188,0.7791855670559718
10683,294,14723,1785.33642578125,0.812760809539594
10683,205,10271,1028.060546875,0.965548028415919
10683,196,9818,1266.1553955078125,0.8472350391683992
10683,36,1808,3056.75927734375,1.0
10680,18,902,1255.693115234375,0.5716802374909506
10675,335,16777,931.2037963867188,1.0
10675,271,13563,1715.7508544921875,0.7760916669013451
10675,233,11653,2575.97119140625,1.0
10675,231,11584,642.3828735351562,1.0
10675,96,4833,920.8721313476562,1.0
10669,81,4071,4169.27197265625,1.3172103602212268
10669,73,3697,1513.3841552734375,1.0
10668,231,11581,1144.2080078125,0.8839885287256648
10667,87,4394,913.421142578125,1.2107563922020939
10660,42,2127,5991.572265625,1.0
10654,200,10012,623.8868408203125,1.0
10649,126,6309,2867.244873046875,1.093476332317938
10649,21,1100,1495.9556884765625,0.25189011369441583
10648,43,2184,2663.082763671875,1.072428435515204
10647,160,8014,744.8714599609375,0.915333717912977
10645,222,11125,1169.776123046875,0.117721583062802
10645,219,10967,1658.146728515625,1.0944111094100797
10635,266,13314,1646.634033203125,1.3852433379689506
10635,27,1386,738.0906372070312,1.0
10635,0,16,581.735595703125,1.0
10634,235,11798,1367.798095703125,0.6951119231089642
10634,133,6694,530.2205810546875,1.0
10630,2,110,846.3319091796875,0.7872463968136417
10629,161,8100,5165.560546875,1.0
10629,23,1196,2528.292724609375,1.0813809132719567
10627,7,379,4438.923828125,0.4879046245646457
10625,147,7368,4074.558837890625,1.7640676626025418
10622,83,4192,1130.0888671875,0.7447785346235387
10613,131,6595,1291.155029296875,1.0
10612,82,4122,1031.030517578125,1.0
10611,209,10499,1902.8665771484375,1.0
10611,22,1127,1073.5162353515625,1.0
10610,227,11399,1068.214111328125,0.9247772961372214
10609,4,247,1429.3448486328125,0.13553270297302955
10608,92,4640,1057.0045166015625,1.0
10608,64,3239,773.9141235351562,1.0
10602,182,9128,1006.1741943359375,0.623882636359025
10600,5,265,1617.3681640625,0.7109540192975345
10599,48,2450,888.0993041992188,1.3366338137466647
10595,66,3341,1271.4351806640625,0.8595823552192992
10595,25,1258,992.0978393554688,1.0
10593,270,13546,901.7691040039062,0.4782045319190671
10592,244,12248,1075.2823486328125,1.0
10591,311,15594,2153.227294921875,1.0
10591,160,8039,1091.30517578125,0.8432876955643002
10590,39,1972,1636.8270263671875,1.2784897787000422
10584,154,7750,1227.8720703125,0.695252167300829
10584,18,947,1427.810791015625,0.6763488947318346
10580,264,13229,1456.5472412109375,0.4179871662455694
10579,30,1546,2163.407958984375,1.0199925671446963
10578,226,11310,1802.7879638671875,0.13253790229640927
10578,26,1313,1926.7547607421875,0.9405107527851653
10574,223,11152,1612.370361328125,1.029205342132063
10574,11,565,1591.9139404296875,1.0
10574,10,546,1061.079833984375,1.0
10569,82,4136,1773.103515625,0.7085098437094419
10569,64,3227,1250.5484619140625,0.6784789726977964
10567,1,63,1556.6279296875,0.758839211974093
10563,229,11490,1502.476318359375,1.0
10563,202,10116,1330.1845703125,1.2678764472984922
10563,172,8643,1419.99755859375,0.2626027241757136
10562,170,8518,802.16162109375,1.0
10562,67,3369,1528.218994140625,1.2214905334974433
10562,28,1436,632.3506469726562,0.8054234460033045
10560,27,1394,1625.874267578125,1.0
10558,100,5005,843.0037231445312,0.8496801410439827
10551,260,13024,1637.552001953125,0.7245037315699661
10551,248,12417,1151.3328857421875,0.8376941822129107
10551,183,9162,1472.169677734375,0.7139853519233565
10547,138,6932,1319.8311767578125,1.0
10545,158,7931,5245.306640625,3.2403581058235122
10545,93,4662,762.91943359375,1.1040863197647344
10540,125,6259,1274.243896484375,0.8164803957387213
10540,117,5868,641.882080078125,1.0
10540,63,3191,1313.6885986328125,1.0
10540,19,992,1485.99560546875,0.3975678445072377
10534,262,13115,1669.10546875,0.7590411993527935
10534,213,10662,1523.13818359375,0.8979396732794935
10534,202,10117,5423.4033203125,0.8841787276901749
10534,190,9516,1149.8258056640625,1.0
10534,98,4944,853.4488525390625,1.0450059870217494
10533,95,4792,1247.8681640625,0.8941702932781229
10530,207,10362,1367.069091796875,0.8909063743268595
10529,181,9073,1340.1668701171875,1.0208593343309036
10529,160,8015,1862.32958984375,0.9046721123924033
10529,153,7687,2007.640380859375,1.0
10529,100,5050,998.3478393554688,0.7458996850261941
10525,20,1031,5105.244140625,1.9858945317797023
10523,303,15172,4598.39501953125,1.1914758306351592
10520,237,11884,2165.535888671875,1.4403068474723661
10517,166,8318,3039.566162109375,4.138122647695162
10517,112,5631,998.6239624023438,1.0
10517,66,3325,1348.0316162109375,1.0
10517,58,2917,652.2885131835938,0.7296074254978278
10516,53,2659,1905.7650146484375,1.0
10516,49,2467,1226.10400390625,0.4022311467267874
10505,6,343,572.2105712890625,1.0
10504,243,12159,1502.3095703125,1.0
10504,226,11337,874.4082641601562,0.7291054080512973
10504,198,9904,670.614501953125,0.8817048830846607
10502,254,12722,1547.99169921875,0.12008601699306443
10502,87,4387,1604.3798828125,0.984723379899406
10502,10,528,839.7864990234375,0.8227256496711062
10501,283,14158,1511.697509765625,1.0
10501,229,11476,1159.5780029296875,1.0
10501,189,9485,999.0314331054688,0.9725246835701444
10493,122,6140,1931.783935546875,0.6791312882495613
10491,73,3652,1258.226806640625,0.6751204319147652
10491,52,2624,713.9112548828125,0.7864322921974989
10491,37,1891,1688.724853515625,0.8377994742718134
10490,250,12513,3587.5673828125,2.286827336663359
10484,95,4777,4851.4052734375,1.488704293287323
10484,14,702,634.6361694335938,1.0
10483,109,5468,3118.7431640625,1.081089720784059
10483,105,5295,693.9539794921875,0.9602098864366341
10483,45,2277,1872.978271484375,0.9297720261205018
10483,10,534,736.0165405273438,0.9077928169785787
10482,22,1132,1447.7789306640625,0.6737947345417745
10481,106,5325,1381.283447265625,0.11902622990896905
10480,14,742,1471.791748046875,0.3922172745705439
10478,173,8700,1303.5987548828125,0.9104482192460738
10478,112,5642,817.6873168945312,1.1982765018515356
10473,325,16284,4984.8525390625,0.6748202862486816
10473,234,11741,1187.8228759765625,1.3852134932943727
10473,183,9160,1220.049072265625,0.9461425859408216
10473,181,9096,1832.5523681640625,1.3899175495938032
10471,123,6185,788.3409423828125,1.0
10471,57,2900,1264.099365234375,0.7823945820746541
10471,40,2025,1226.296875,0.7538596717850978
10471,15,782,1493.88623046875,1.0
10449,297,14853,2211.404052734375,0.6506988002826438
10448,253,12661,1232.1982421875,1.022807005558691
10448,185,9276,3554.068603515625,10.43480188535453
10448,154,7741,377.7981262207031,1.0
10448,81,4073,1039.8294677734375,1.0
10445,177,8895,1235.5380859375,0.8798022072997448
10445,116,5816,941.1972045898438,1.0
10445,25,1280,1776.5467529296875,0.40554966453448404
10442,303,15195,755.2724609375,1.2237011891436227
10442,197,9866,3245.42333984375,0.1815948482494345
10442,54,2749,1212.83349609375,0.15217591137943476
10442,24,1213,2997.733642578125,0.8464463961653552
10441,143,7199,1404.2476806640625,1.0
10441,99,4980,1181.5679931640625,1.0112874752949566
10439,22,1108,1430.0570068359375,0.3661127595694038
10438,80,4044,667.8119506835938,0.9739013590488874
10437,131,6568,1287.782470703125,1.0
10434,145,7263,1828.0736083984375,0.7699369313087712
10434,116,5820,1206.2635498046875,1.0
10434,30,1535,1265.63427734375,0.6761992391708285
10433,41,2066,1602.6553955078125,0.6980713505873244
10432,331,16566,838.8110961914062,0.7572522864034792
10432,329,16498,830.5341186523438,1.1198859569022592
10432,328,16440,1173.2706298828125,0.7400192780946557
10432,40,2039,1608.3145751953125,0.7817615920289185
10389,10,526,1232.72607421875,0.9220111979283644
10386,130,6506,1057.2364501953125,1.0
10383,40,2006,1725.9501953125,1.3508084855852813
10382,61,3078,957.4009399414062,1.0599850552186743
10382,60,3048,1834.2435302734375,0.6772964214681474
10371,33,1693,1550.9344482421875,1.0339495285301388
10366,4,228,906.5526733398438,1.0
10363,2,105,1482.9879150390625,1.0
10362,66,3335,1221.8067626953125,0.8051925733311296
10355,252,12640,3814.39404296875,0.3518215727389118
10355,171,8594,979.8192749023438,0.7972538085864989
10308,4,228,3034.699951171875,1.0
10307,101,5066,911.0966186523438,1.003519732448884
10307,46,2341,1447.22607421875,0.9437654007570676
9757,46,2317,1129.4163818359375,1.0
9751,116,5821,731.611328125,0.6259033076860285
9751,104,5227,861.8104248046875,1.1295753313482086
9727,270,13547,1111.40478515625,1.0
9726,183,9155,728.0938110351562,1.0
9726,168,8444,1615.2542724609375,1.0
9725,30,1543,1039.770263671875,1.0
9725,3,183,1097.624755859375,1.0
9718,0,43,871.5797729492188,1.0490371241428949
9717,178,8930,5037.67822265625,1.2704854442038722
9712,71,3579,1369.22314453125,0.7391485852488415
9710,171,8572,1003.0372314453125,0.9568687401886711
9710,59,2981,4455.23876953125,2.3068727594338663
9710,3,188,1440.4818115234375,0.42112779781236664
9706,137,6897,1659.5384521484375,1.1912970436861057
9706,48,2427,1468.520751953125,1.2941295748090507
9704,131,6596,2726.4052734375,0.9932963990033535
9704,21,1092,965.195068359375,0.7604241824953573
9702,306,15324,1656.6007080078125,0.18263155584016189
9702,165,8251,310.01177978515625,1.0
9702,39,1989,889.4202270507812,0.8324353924014223
9702,8,438,1364.9417724609375,1.0
9699,57,2882,1565.33349609375,1.0
9699,47,2399,1589.217529296875,0.6756965437147389
9695,45,2252,1204.989013671875,0.8646864341618947
9690,1,73,1638.04833984375,0.7529338982571359
9689,236,11801,904.3394165039062,0.9466370001418882
9689,140,7019,1444.448974609375,1.437740165832559
9684,51,2582,1186.3260498046875,1.0
9684,40,2029,1006.5382690429688,0.7245884646768819
9684,20,1029,2822.965576171875,0.9116144586036607
9683,36,1814,1745.214111328125,1.0967951121353499
9682,250,12540,928.8455200195312,0.6789250581747
9682,82,4102,1440.0545654296875,0.11778409731510808
9682,61,3095,4577.9521484375,0.8205568516712201
9679,121,6086,782.8092041015625,1.1040266996256225
9679,107,5370,1345.5682373046875,0.6913341532337562
9679,71,3554,974.6510009765625,1.0
9678,173,8686,1206.17041015625,0.9881184219833437
9678,12,639,1829.288818359375,1.15383008239177
9677,128,6415,1854.1119384765625,1.0
9677,10,526,2278.80322265625,0.6958581984843999
9675,27,1376,958.9955444335938,1.0
9670,19,963,1020.2504272460938,0.9528549225826177
9669,110,5506,1097.1484375,1.0
9668,220,11019,1699.0045166015625,0.9233633753566487
9668,14,738,677.4295654296875,1.0
9662,3,162,2009.796142578125,1.0792377979831724
9660,47,2371,1843.0528564453125,1.0
9656,298,14919,1586.73486328125,0.9031652887860708
9656,152,7604,1745.8533935546875,1.6156013814275207
9656,135,6760,1541.0128173828125,0.7659185785680289
9653,324,16244,1420.171142578125,0.7831307727728263
9653,261,13098,1219.209228515625,1.0
9651,225,11259,1143.9298095703125,0.8000299558846148
9651,215,10752,1593.8104248046875,0.701852833778277
9651,192,9633,1945.5697021484375,1.2913365339749827
9651,111,5592,2227.27587890625,0.503956490471635
9651,81,4054,857.0336303710938,0.8983515615541091
9650,99,4999,1432.3785400390625,0.31335895348783116
9649,124,6201,1766.451416015625,1.0
9649,68,3427,1399.8818359375,0.7372017849526258
9640,64,3242,1412.610595703125,1.6379532713715286
9639,196,9809,1262.502197265625,1.0
9639,105,5293,974.62109375,1.0
9637,60,3041,3469.1240234375,0.16763861257967183
9636,143,7162,4175.24755859375,1.0
9636,38,1915,1974.5819091796875,0.12899886922254056
9636,8,415,1588.4500732421875,0.9567042022720674
9634,5,259,717.1034545898438,1.0
9631,44,2226,1846.6025390625,0.12210703385859079
9630,1,98,1238.8096923828125,1.0594596348617729
9628,84,4201,1035.2210693359375,0.9518402129858474
9628,69,3496,711.0596923828125,0.8460485368797932
9627,49,2472,887.2294311523438,1.0845411830903124
9620,263,13192,1019.2679443359375,1.1661453166654365
9620,234,11705,722.2844848632812,0.892446377656603
9619,270,13505,884.3111572265625,0.7095825487947933
9619,266,13310,2016.3304443359375,1.0
9619,236,11809,1366.8045654296875,0.7008789614382527
9619,152,7607,1985.7169189453125,2.0522308908084472
9619,86,4323,999.134033203125,1.2313719207847882
9618,362,18108,1995.172607421875,0.5128766316007669
9618,199,9999,1944.1016845703125,1.0
9617,233,11681,941.6785888671875,0.6861376230789958
9615,298,14949,1186.583251953125,0.6849772800394129
9615,3,189,4666.4111328125,1.6967454592472977
9614,66,3310,3053.90576171875,1.2145647157291146
9613,41,2086,947.7561645507812,1.0
9609,40,2030,347.8955383300781,1.0
9608,170,8509,831.2366943359375,1.1852247670032787
9608,79,3958,1498.9287109375,0.7499585952292231
9605,174,8749,985.2276000976562,0.587584109501357
9604,74,3739,1386.4295654296875,0.9564726447591239
9603,598,29926,1203.48681640625,0.8715862762652928
9603,515,25799,1377.423583984375,0.7434781943170927
9603,450,22534,1507.1209716796875,1.0
9603,108,5418,1565.7239990234375,1.0
9602,506,25327,779.9661865234375,1.0
9602,369,18463,754.77880859375,1.0
9602,349,17475,1000.583984375,0.5389477841358756
9602,322,16147,1737.6898193359375,0.7090771444020583
9601,345,17258,1578.004638671875,0.7440675841282947
9601,309,15464,1475.9544677734375,1.0
9601,196,9844,1692.9000244140625,0.6518543149837076
9597,222,11122,501.1414794921875,1.1624550135941099
9595,15,778,1640.702880859375,0.7006046139905742
9591,51,2562,2104.50244140625,0.870508796479126
9590,534,26714,1370.405029296875,1.0
9590,328,16428,1069.706787109375,0.7956325075718075
9590,106,5302,2731.46044921875,0.9513408290296803
9587,387,19352,1614.560791015625,0.7304311996517072
9587,191,9573,1558.5517578125,1.0
9587,10,540,1717.2044677734375,1.0
9586,527,26375,1343.69580078125,1.0340430203101278
9586,370,18527,4879.2080078125,1.0
9584,2,109,1252.7041015625,0.577218103905602
9583,356,17802,1046.2801513671875,0.3157724210411519
9583,331,16559,2334.61865234375,1.0
9582,28,1416,1392.378662109375,1.3645930542603026
9581,27,1397,685.4407958984375,0.835399942405709
9581,25,1300,1715.95458984375,0.1492081629689852
9578,158,7901,2750.678955078125,0.9455130043390882
9578,144,7207,765.6683349609375,0.7292649309895858
9576,568,28411,4238.33642578125,8.899944229157374
9576,488,24416,1142.2347412109375,0.6740359255900434
9576,274,13732,965.5337524414062,1.0
9576,253,12653,1317.4532470703125,1.0
9576,95,4776,4596.822265625,1.2497720647695676
9572,88,4428,1819.918212890625,1.5310230264379345
9571,29,1482,1823.6434326171875,1.0
9570,38,1915,551.9769897460938,1.0
9569,13,664,3000.916748046875,0.7866892185286969
9567,242,12122,1720.19482421875,1.0350826529213324
9567,112,5605,1950.212646484375,1.0
9562,157,7887,668.0309448242188,0.9442286598602567
9562,152,7606,1182.13232421875,0.6768110754247632
9560,29,1471,1799.1383056640625,1.3461602119476683
9559,213,10697,1122.1474609375,1.0
9554,63,3181,1013.1290893554688,0.681047463427785
9554,63,3170,2023.20263671875,1.6575097394949545
9551,17,852,1401.125732421875,0.6746310168483638
9546,3,164,2063.081787109375,0.30575305404136177
9545,77,3866,1394.8238525390625,0.6812377963390717
9545,15,770,276.9699401855469,1.0
9543,188,9443,790.5975341796875,1.0
9538,177,8883,914.0478515625,1.0
9538,32,1641,1305.9473876953125,0.7832141159919805
9536,72,3634,338.23626708984375,1.0
9535,429,21471,1089.9591064453125,1.0
9535,374,18708,1128.7247314453125,0.7710221736713543
9533,43,2171,634.1685791015625,1.0012438630382605
9531,456,22808,1430.3072509765625,0.7484128813967896
9531,416,20845,2084.051513671875,0.9607173867563209
9527,414,20730,1265.8673095703125,0.7840030084236853
9527,357,17892,1390.1092529296875,1.0719182011043924
9527,29,1452,1426.29931640625,1.353151125593662
9526,136,6845,917.109130859375,1.0
9523,604,30223,1069.992919921875,1.0
9523,207,10371,1052.809326171875,0.8750810009279357
9523,115,5797,1228.9625244140625,0.884290658928486
9518,234,11729,653.994384765625,1.0
9518,225,11287,1742.2166748046875,1.170562394538288
9518,224,11227,956.1568603515625,0.8852537972181577
9518,68,3412,1494.26611328125,0.6756169124734643
9515,298,14945,1704.1920166015625,1.0377302624906228
9511,8,440,2418.399658203125,0.9220068064578941
9501,52,2645,1198.83251953125,0.8227298727302395
9499,604,30240,1013.9277954101562,1.195266856197648
9494,571,28570,2090.357421875,1.4792902204329552
9494,533,26677,1268.3809814453125,1.3091435498904442
9488,144,7216,1528.0167236328125,0.9784705998366516
9485,105,5297,1503.52734375,1.0
9482,199,9953,1994.549072265625,0.23606351098924594
9482,187,9400,1684.513427734375,0.6767921792230627
9481,312,15621,1236.9515380859375,0.7135716532297312
9481,280,14009,1276.916015625,0.7204869951894282
9481,255,12786,1340.3572998046875,1.180283651113385
9481,204,10242,5463.9267578125,1.0
9481,83,4194,1581.9708251953125,0.7463890336920529
9480,61,3058,1031.8785400390625,0.26238447279585153
9477,126,6349,793.05078125,0.875067488677591
9473,57,2896,3538.75439453125,0.9980631824896525
9472,230,11550,1041.7694091796875,1.0179055471098284
9472,199,9993,1419.18603515625,1.0
9472,113,5698,1161.4608154296875,1.0642392866374593
9472,79,3989,1476.282958984375,1.0723912832242775
9470,278,13902,4855.33447265625,0.15174489473021602
9470,240,12018,886.1707153320312,1.016307927850431
9470,169,8500,919.3268432617188,0.9978814371063742
9470,153,7680,1247.22900390625,1.0
9468,172,8630,1343.65087890625,0.8724653172885892
9467,254,12732,1330.3543701171875,1.0
9467,217,10856,1342.6651611328125,1.0
9467,161,8061,2010.53662109375,0.25091163737477307
9467,74,3707,870.8726196289062,0.8617701651459975
9460,54,2719,1370.9959716796875,1.1306378792838043
9458,221,11079,1442.4278564453125,1.0
9458,209,10451,901.0198974609375,0.8165207919854597
9458,194,9715,1787.6121826171875,1.0
9449,35,1770,506.0567932128906,1.159784216857011
9448,38,1922,4271.68017578125,0.956047762154201
9446,51,2564,911.3855590820312,0.8796490251222133
9445,7,385,3790.326171875,1.0
9445,4,231,1234.5474853515625,0.9983625169747457
9444,335,16799,790.7332763671875,0.8892646697740014
9444,309,15484,965.294189453125,1.0
9444,270,13542,1633.948486328125,0.6951969902736768
9444,28,1438,1312.711181640625,1.0
9442,239,11978,1899.4798583984375,0.775960853833012
9442,219,11000,921.1435546875,1.0
9442,144,7218,1412.3055419921875,0.6162135560629369
9440,111,5586,919.4998168945312,1.0
9440,79,3973,1382.728759765625,0.8610051966070318
9438,67,3392,1653.197265625,0.7131375824164048
9437,213,10653,1634.2493896484375,0.7086180965291125
9434,360,18031,677.6980590820312,1.0
9434,305,15295,945.3298950195312,0.7596191410808253
9434,229,11453,949.0328369140625,0.24873224468132804
9427,176,8824,1954.7083740234375,0.5477293865672128
9421,12,614,2100.82275390625,0.7402900736439109
9416,69,3491,1494.004150390625,1.0143069563135023
9412,109,5451,2674.34716796875,1.0
9407,278,13923,2760.283203125,1.0897944301987503
9407,232,11631,1228.0819091796875,0.9799679337616394
9407,216,10839,1500.322265625,1.0393471106983558
9395,44,2244,686.7230834960938,1.0242880749470435
9394,248,12421,1448.56396484375,0.8610976259481318
9394,79,3970,1843.508056640625,0.4287530215021733
9385,111,5554,1721.751708984375,1.2818040709211258
9379,245,12271,845.658203125,0.8506240131192833
9375,13,685,1153.85546875,0.4147850579833341
9375,0,24,4024.23046875,0.11790629538580966
9372,158,7919,1402.2252197265625,0.8556203821157824
9370,252,12612,1660.5555419921875,1.0
9369,141,7085,1294.885009765625,1.0
9369,99,4965,1208.4681396484375,0.7732077280957452
9369,6,308,1218.4718017578125,1.0249651010467369
9366,246,12348,873.8009643554688,1.0856684871964104
9366,238,11929,1201.0,1.0
9366,156,7845,757.733642578125,1.047484144758438
9366,109,5491,1121.6505126953125,0.6775330441071583
9366,67,3379,3003.5380859375,0.8005244998342276
9366,38,1919,1645.8375244140625,1.0556864722947026
9358,87,4376,3887.973388671875,1.0
9356,162,8114,1383.2314453125,1.0
9350,19,988,2990.166015625,1.0
9349,219,10966,736.0645751953125,1.0
9345,329,16457,578.8502807617188,1.0
9345,186,9313,1173.27099609375,1.0
9344,139,6964,2825.62548828125,4.316297923643658
9341,269,13467,1174.792236328125,0.7023568778642648
9341,139,6961,1384.9251708984375,0.4000000728218751
9341,41,2077,4693.34326171875,1.2282385693007378
9338,226,11338,1392.0516357421875,0.714737890211488
9338,164,8212,1588.804443359375,0.689428481673666
9338,65,3280,1754.35205078125,1.0
9336,125,6295,1297.8819580078125,0.5509551770622411
9336,16,821,1398.4263916015625,0.8060225420060199
9333,3,164,1229.32177734375,0.12398417423193187
9326,26,1347,885.1753540039062,1.2688052807917045
9325,11,594,1450.2235107421875,1.2747821336089393
9324,6,313,1331.9864501953125,0.9029227449479104
9321,147,7382,879.9511108398438,0.47002054401262416
9321,87,4370,777.5157470703125,1.0
9321,30,1531,1844.0130615234375,0.12489934780610623
9313,106,5305,1628.7662353515625,0.21267428024482182
9310,36,1837,1293.77490234375,0.629208984160104
9310,12,650,1379.646240234375,0.9366009983362286
9308,21,1098,1931.325439453125,0.1811614454729904
9307,62,3109,1468.3702392578125,1.0072973533892373
9301,98,4946,369.1413879394531,1.0
9299,248,12447,941.4879760742188,1.0
9299,241,12075,1032.350341796875,0.2712698445929542
9297,317,15872,1244.428466796875,1.3455563618152742
9297,311,15597,1162.3492431640625,0.6491053746616622
9297,130,6545,720.4415283203125,1.0
9292,34,1701,1529.4725341796875,1.0
9292,11,577,980.8711547851562,1.0
9290,82,4137,3355.08935546875,1.0
9289,243,12175,1281.727294921875,0.8225776235933093
9288,119,5985,1636.139404296875,1.0
9287,106,5329,1842.931884765625,0.9585818323970232
9282,49,2479,1186.6265869140625,1.0
9281,241,12092,1531.080078125,0.34306381057157
9281,58,2922,917.1881713867188,0.9597702829375163
9281,46,2343,1777.7708740234375,1.0
9277,126,6337,1859.257080078125,0.8468432647381321
9277,96,4837,1142.75927734375,1.1160683865957475
9277,33,1669,1433.3160400390625,0.34354041208083363
9277,21,1059,1555.2327880859375,1.0
9273,336,16842,891.34228515625,1.0
9273,226,11332,2096.872314453125,1.0103865090348887
9273,76,3841,1177.4957275390625,0.7623686917210263
9265,11,593,1525.838134765625,0.8640845903634684
9252,19,982,1148.124267578125,0.7644775655307419
9249,343,17181,1470.538330078125,1.0
9249,208,10447,1491.1490478515625,0.6763453148079341
9249,107,5392,1020.822265625,0.8938346105684059
9247,28,1405,1974.55224609375,1.2946608295363802
9245,186,9304,1107.7762451171875,0.9611370121435907
9242,90,4543,1249.8641357421875,0.7581994752509909
9242,48,2428,1950.7259521484375,0.9143610517977636
9242,28,1433,2445.12841796875,0.8993967936656635
9241,124,6203,1059.6519775390625,0.9087399148052596
9239,69,3469,1726.1053466796875,1.0
9232,64,3210,794.5070190429688,1.0891598507731537
9226,65,3271,1556.547607421875,0.5259172809854984
9226,6,301,1614.4271240234375,1.0
9225,122,6138,704.8701171875,1.1835863998174527
9223,33,1686,1195.00146484375,0.9219467700897774
9216,146,7343,4243.9931640625,1.0
9216,82,4126,1030.813720703125,0.6997049757019467
9215,136,6814,1070.1734619140625,1.2597923579326182
9215,84,4221,1267.9273681640625,0.3043731654489863
9214,122,6115,1268.702392578125,0.5418271448207993
9208,106,5306,1054.5914306640625,0.7647565082028527
9208,64,3236,524.2305908203125,1.0
9207,114,5744,1757.8173828125,1.0
9207,21,1054,918.9281005859375,0.6944890085214752
9206,59,2974,1529.0728759765625,1.1940645981466065
9202,43,2168,1418.0455322265625,0.8535561688248321
9201,38,1922,1076.030029296875,1.0
9196,111,5560,1829.8233642578125,1.276365212212251
9195,212,10623,3361.032470703125,0.12902206729762833
9195,34,1748,1076.202880859375,0.9345661047085154
9195,20,1043,1357.390380859375,0.7936945217595616
9194,68,3445,619.9668579101562,1.0
9191,137,6853,1136.43994140625,1.0
9188,172,8640,955.6314697265625,0.9051743186007162
9188,125,6268,731.225830078125,1.2824025852309373
9188,98,4915,561.3086547851562,1.0
9188,83,4152,1174.3123779296875,1.0851614005552919
9188,23,1178,1264.7425537109375,1.1775453005154468
9186,38,1934,1342.8636474609375,1.269572973732781
9169,11,570,1292.6124267578125,1.0448792009925998
9146,20,1024,1109.0994873046875,0.4036974981797077
9144,99,4968,1102.423583984375,0.703213581252695
9144,65,3258,1185.8221435546875,0.4830258709212756
9144,32,1619,2756.919921875,1.0
9134,8,403,1578.272705078125,0.6174188432594199
9109,11,590,1380.385986328125,1.112143614170478
9108,9,488,1788.6729736328125,1.0
9108,9,467,1418.064697265625,0.6788026984042268
9096,49,2467,898.808837890625,0.948989290719457
9095,3,183,677.1376953125,1.0
9094,36,1820,1540.909423828125,1.0872711027867394
9090,54,2726,639.5504760742188,1.3284506907437255
9089,76,3817,1778.40771484375,1.0
9089,58,2947,1089.42919921875,0.8483757131295024
9088,77,3864,1513.6300048828125,0.957562257531263
9085,173,8660,3660.710205078125,0.8131324368107495
9081,141,7098,1185.4642333984375,1.0
9081,2,148,1172.648193359375,1.0
9080,164,8241,1371.4498291015625,1.0
9080,48,2427,828.3043823242188,1.0
9075,249,12471,2052.6982421875,1.2525419418827815
9075,139,6966,2796.701416015625,1.1080452055607095
9068,332,16604,1522.4952392578125,1.0583277653581276
9068,298,14910,1407.5819091796875,0.9691358107324014
9067,103,5174,1304.121337890625,0.5740167395854002
9064,286,14321,1428.779541015625,0.4634588239272024
9064,177,8895,1049.47216796875,0.6918599073358698
9063,308,15432,515.4718627929688,1.0358323432948522
9063,272,13608,1512.374755859375,1.0
9063,239,11964,995.6260375976562,1.0518812135481526
9063,60,3023,1083.6259765625,0.7167375215515597
9061,175,8760,2124.645263671875,1.0
9061,168,8434,3597.728271484375,0.7805550391160725
9057,57,2886,2019.185546875,0.6758719140474709
9052,125,6264,1578.2747802734375,0.759230152341325
9052,91,4580,621.8385009765625,1.3738788528122021
9052,81,4060,1208.0592041015625,1.0
9040,235,11768,1949.1326904296875,0.8237599741246726
9040,191,9589,1457.0693359375,1.0923393462874411
9039,58,2918,1043.6412353515625,1.55709438391657
9037,31,1576,1657.1839599609375,0.7916063871240115
9035,134,6708,1582.1802978515625,0.7115538196780216
9033,144,7225,2066.874755859375,0.5822683145199801
9033,43,2165,3416.3427734375,1.0
9024,53,2661,1138.369384765625,0.8840104569505128
9023,109,5485,1618.637939453125,1.4312580836663558
9002,141,7067,1156.7860107421875,0.14206141837694797
8996,247,12378,1173.0185546875,1.0279990341748286
8996,246,12302,1658.4749755859375,0.6745326771037075
8995,240,12033,1143.193115234375,1.0
8995,185,9264,695.7454833984375,1.0350476414317211
8995,59,2974,858.2711181640625,1.0
8990,158,7902,648.7804565429688,1.0
8990,64,3246,1639.551025390625,0.8888458332800899
8977,202,10142,807.3141479492188,1.0
8977,146,7314,1636.41064453125,1.272750823846864
8975,189,9492,968.967041015625,1.237464813706248
8974,62,3143,2309.3056640625,1.119273654640325
8972,86,4324,1474.5885009765625,0.8047871289791562
8968,69,3481,585.8958129882812,0.9037000763850059
8966,0,22,879.4456787109375,1.0
8964,148,7449,1674.1163330078125,0.6738632690041979
8960,89,4496,1205.1636962890625,0.727381595727117
8959,220,11028,1457.253662109375,1.1328993661756783
8958,54,2741,1792.8436279296875,1.0156490070346489
8958,40,2004,1304.152099609375,0.6908964383779275
8957,25,1299,1599.853515625,0.42065108971959253
8955,100,5012,703.4517822265625,1.0
8943,25,1276,4255.1015625,8.00978883124254
8941,89,4453,891.2595825195312,1.0
8941,24,1212,2008.0538330078125,1.4372592470305097
8936,125,6252,1617.730224609375,1.2351126257726528
8936,2,134,687.7122192382812,1.2164444234472573
8923,89,4466,1384.0025634765625,1.0
8919,121,6053,984.1451416015625,0.8630014654214752
8919,89,4475,655.09228515625,0.8101000763783731
8918,337,16898,1573.3414306640625,0.8884476749719938
8918,61,3084,672.0677490234375,0.9114245017986646
8917,92,4634,1392.1710205078125,0.9186846317165172
8915,84,4246,1341.501953125,1.0
8915,12,644,1563.10693359375,0.7888930068717958
8912,16,801,832.861572265625,1.0
8909,32,1631,1408.9757080078125,1.3159165306754714
8908,169,8480,5617.20458984375,1.0
8908,48,2442,1615.933837890625,0.35465010692604704
8907,185,9284,4124.041015625,2.9100282227681786
8906,92,4605,1742.4945068359375,0.8184300206256709
8905,252,12647,1323.856689453125,0.7007242462920933
8905,99,4993,1503.861572265625,0.7571238240570741
8905,70,3549,1928.684326171875,1.0
8903,77,3877,1408.3707275390625,1.3704746988588288
8899,226,11332,1118.635986328125,1.0
8894,209,10479,4737.7265625,0.865758766092372
8890,8,435,1578.9073486328125,0.6738229328304479
8886,205,10258,1674.3450927734375,0.7132023678932782
8885,155,7785,755.9437255859375,0.9657333939528194
8885,43,2169,1769.12890625,0.6737845020807085
8885,19,976,1866.4385986328125,0.9334920037914889
8883,2,142,1982.068359375,0.4680712486504224
8878,68,3401,1210.92138671875,0.7001963179963189
8862,303,15170,1780.4327392578125,1.013141418306829
8862,281,14095,1346.785400390625,1.0
8862,1,70,3364.275390625,1.0
8861,61,3053,1576.092041015625,0.6885390352882328
8861,26,1321,1702.3526611328125,0.32374192440642235
8859,97,4876,1277.79931640625,0.8020826916863878
8859,88,4402,1079.8258056640625,1.444448826402225
8856,1,74,654.7116088867188,1.0
8853,248,12417,1450.2652587890625,1.2139403401713478
8853,171,8566,848.8572387695312,1.0
8852,85,4251,1373.4390869140625,0.6762589890720526
8817,36,1843,604.0014038085938,0.9189553967479317
8817,25,1270,987.9354858398438,1.0389940825902377
8810,10,503,1709.5859375,0.9151696852604758
8807,150,7522,1106.5250244140625,1.0015335036125492
8807,79,3959,1138.30322265625,0.7718102481083899
8804,64,3244,1305.5650634765625,1.2474357086100687
8804,64,3227,1119.6402587890625,0.736123262944165
8804,27,1382,1316.2130126953125,1.0
8796,160,8030,666.6466064453125,1.112841658984285
8796,25,1277,964.9854736328125,0.27325503956829644
8794,319,15982,1080.5335693359375,0.9012337820342283
8794,268,13432,1014.6567993164062,1.0
8789,70,3501,3852.62890625,0.7111179288192768
8777,37,1878,647.7935180664062,1.2660453943076644
8776,63,3154,1504.9344482421875,0.7339111076520117
8776,60,3029,4097.63916015625,1.0
8776,3,192,1546.646728515625,0.9016321134540517
8771,207,10377,1668.7215576171875,1.0
8770,270,13545,1070.6802978515625,0.9416911535445857
8770,241,12087,1316.02783203125,0.3439233102173065
8770,214,10738,842.2317504882812,1.4816326271825473
8770,176,8826,1937.04296875,0.2862980241960946
8769,8,438,1385.9085693359375,0.1187535599204852
8767,17,860,767.7066650390625,1.0
8767,16,808,1488.1248779296875,0.9346212255510147
8762,312,15631,908.3605346679688,1.0
8762,172,8637,1478.7742919921875,0.6014536565855542
8754,153,7662,1426.6422119140625,0.4897224500461077
8750,121,6077,1608.258544921875,1.0
8750,53,2688,1444.887939453125,1.0063305680161807
8746,63,3170,4485.759765625,0.8094329465364691
8742,241,12073,642.0802612304688,0.9548458497136165
8740,93,4681,1520.0421142578125,0.7984150790706084
8721,99,4999,1738.2283935546875,0.803889383329264
8721,33,1651,3618.097900390625,0.7043054338376835
8719,226,11325,1201.3526611328125,1.0
8719,226,11320,3796.90478515625,0.7781798721660926
8718,56,2810,870.4588623046875,0.8175897656210026
8716,39,1955,1447.21875,1.0
8714,47,2398,1762.4429931640625,0.3938429417738023
8707,10,529,1456.247314453125,1.0
8702,139,6980,962.885498046875,0.6224527709203931
8702,46,2327,1506.6202392578125,0.8771444369209667
8697,300,15009,2624.885009765625,1.0
8691,96,4826,1849.5885009765625,0.9466681237196248
8688,96,4824,1075.0587158203125,0.5624070683220389
8688,67,3364,1129.727294921875,1.0
8688,54,2715,5031.666015625,0.9613806293235748
8687,195,9794,1368.259033203125,0.7704041298038533
8686,16,823,1453.355224609375,1.0
8686,5,285,1005.1922607421875,0.7399677935991733
8683,85,4277,863.5908813476562,1.0
8683,65,3282,1836.26123046875,1.0
8682,52,2648,4737.17724609375,1.1891018698542881
8675,94,4729,2929.648681640625,0.7820614171565285
8672,36,1806,1488.5609130859375,0.2006247018888987
8672,25,1294,892.4049072265625,0.4640863895746907
8670,47,2379,1191.1737060546875,0.7426727862844518
8668,113,5652,1291.1844482421875,1.0
8666,165,8255,563.9676513671875,0.7578121295052265
8666,131,6573,1681.826171875,0.23785027518137425
8664,121,6065,1780.2083740234375,0.6821562471600149
8661,30,1537,1544.7674560546875,0.6795289909834323
8656,57,2864,1699.8310546875,0.7594095781099097
8652,17,870,1904.1259765625,0.6739917089657104
8648,211,10581,1536.394775390625,0.7008997340425993
8648,197,9863,1494.764404296875,0.7244238368777194
8646,87,4387,750.6491088867188,1.0
8646,27,1370,1672.401123046875,1.0
8638,30,1541,2639.644775390625,2.228501657033042
8620,101,5098,772.5011596679688,0.742938721758087
8618,38,1907,668.7442016601562,1.0
8618,0,9,1078.5048828125,1.0
8617,109,5486,1427.845458984375,1.0
8601,42,2125,1556.17919921875,0.8166567091631663
8590,177,8875,942.6055908203125,1.1159776448106973
8590,111,5591,3867.22509765625,1.0
8590,7,398,1201.3924560546875,1.0
8585,14,712,850.7905883789062,1.0
8585,2,134,4347.208984375,0.1567470448639836
8584,11,598,1599.405517578125,0.38077914283720404
8581,14,720,1045.0264892578125,0.7014281436101883
8579,211,10590,636.0484619140625,0.8539403676903219
8579,64,3237,1052.085205078125,1.0
8578,178,8922,1445.7056884765625,0.6865202558416066
8578,154,7734,1477.56982421875,1.0316200471129113
8554,40,2023,1953.75634765625,1.2333168324248593
8554,10,502,698.8960571289062,1.0
8553,11,562,1164.6005859375,1.0
8549,139,6981,864.0860595703125,1.0189708702005194
8549,70,3525,1103.8634033203125,1.0
8549,50,2518,4589.6337890625,1.0
8547,213,10684,1970.7294921875,1.0740196830485662
8546,8,440,554.46826171875,0.9454019028924325
8538,309,15484,1102.927490234375,0.7435359424235808
8538,207,10354,4656.11181640625,0.7556677482041192
8538,185,9260,733.060302734375,1.0
8538,180,9010,1273.6209716796875,1.0
8538,68,3443,3536.51171875,4.070948365926646
8537,0,8,1521.7303466796875,0.8070889068427396
8534,4,223,2097.70703125,0.8121086851413665
8529,101,5077,1362.7000732421875,0.9691141517370967
8529,77,3900,4060.801025390625,3.4500259504622166
8518,15,775,2004.8487548828125,0.14359741025989403
8518,1,84,1519.31787109375,1.0
8514,20,1029,1313.763916015625,0.7600661990296367
8510,59,2968,3581.71875,1.0
8510,21,1094,1254.338623046875,0.8638795208768599
8504,4,220,1043.4168701171875,1.0647535822320018
8495,26,1342,606.12109375,0.5602060160803018
8492,51,2554,917.925537109375,1.0614548581709733
8489,2,133,5139.41796875,3.20550404770648
8471,161,8076,3568.1103515625,1.0550748057681305
8468,73,3692,697.4088745117188,0.8912478564066926
8468,13,663,1696.4091796875,1.0
8467,105,5270,1297.3065185546875,0.7387367162659708
8467,48,2442,910.2600708007812,0.9615592983210404
8465,342,17102,1087.032470703125,0.9538848069278564
8460,220,11019,1656.80859375,1.0
8460,216,10823,3214.1201171875,1.0
8458,1,81,817.1834716796875,0.48727142272097
8455,36,1821,1435.9381103515625,0.9791499172921796
8454,39,1974,2843.557373046875,0.4733962242172872
8448,62,3136,1627.6778564453125,1.0
8445,223,11196,1112.53515625,1.0921578367776938
8445,165,8251,1506.35302734375,0.6781290337613624
8440,72,3641,1427.850830078125,0.7393082316145734
8440,28,1423,2257.826171875,0.8222608471485326
8436,70,3516,1568.777099609375,1.0
8436,44,2216,1548.446044921875,0.8313109385978007
8436,32,1648,3124.900634765625,2.285122839595978
8435,29,1454,1423.59033203125,1.0065453130232047
8434,100,5006,1344.5396728515625,0.6914937147815259
8434,67,3385,1363.0626220703125,0.7778633843519054
8427,36,1807,1514.7823486328125,0.3740805227291062
8414,107,5388,1399.207275390625,1.47070976481925
8414,9,451,1278.5479736328125,0.7271847162248104
8413,129,6497,3270.4970703125,1.0
8413,108,5442,1363.1319580078125,0.7564223177983549
8413,94,4734,920.6458129882812,0.8272590678156868
8413,86,4333,3382.179931640625,0.9679653222367957
8413,70,3517,597.0602416992188,1.5499362087777324
8411,98,4903,1670.4080810546875,1.0
8411,44,2242,1155.0274658203125,0.675796429843023
8411,33,1678,897.2127685546875,1.0
8411,26,1325,1670.1875,0.1908373747671337
8410,229,11466,1923.3123779296875,1.0
8410,226,11341,1614.659912109375,1.11963982223676
8409,51,2553,4326.36083984375,1.0
8406,82,4146,1618.5306396484375,0.16016816389272415
8406,26,1326,2470.427001953125,1.5806829048745679
